"codeinsee";"codebcsi";"typedoc";"codeepci";"dateapprobation";"datelancement";"codeetat1";"codedepartement";"coderegion";"anneeenquete";"pluis";"plui";"codecollectivite";"typelastproc";"codeavertissement";"datelastproc";"datedump";"idproc";"idlastproc"
"01001";"3199";"PLU";"COM";"2010-02-08 23:00:00+00:00";"1999-11-07 23:00:00+00:00";"39";"01";"84";"2021";"NON";"NON";"01001";"";"";"";"2021-10-06";"50495";""
"01002";"1199";"CC";"COM";"2007-12-06 23:00:00+00:00";"2002-11-17 23:00:00+00:00";"19";"01";"84";"2021";"NON";"NON";"01002";"";"";"";"2021-10-06";"21571";""
"01004";"3199";"PLU";"COM";"2020-02-27 23:00:00+00:00";"2012-06-24 22:00:00+00:00";"39";"01";"84";"2021";"NON";"NON";"01004";"";"";"";"2021-10-06";"119334";""
"01005";"3199";"PLU";"COM";"2014-02-19 23:00:00+00:00";"2008-09-10 22:00:00+00:00";"39";"01";"84";"2021";"NON";"NON";"01005";"";"";"";"2021-10-06";"61092";""
"01007";"3199";"PLU";"COM";"2013-06-28 22:00:00+00:00";"2008-05-25 22:00:00+00:00";"39";"01";"84";"2021";"NON";"NON";"01007";"";"";"";"2021-10-06";"111588";""
"01008";"3199";"PLU";"COM";"2003-06-26 22:00:00+00:00";"1998-01-22 23:00:00+00:00";"39";"01";"84";"2021";"NON";"NON";"01008";"";"";"";"2021-10-06";"111599";""
"01009";"3199";"PLU";"COM";"2017-06-11 22:00:00+00:00";"2010-05-05 22:00:00+00:00";"39";"01";"84";"2021";"NON";"NON";"01009";"";"";"";"2021-10-06";"102750";""
"01010";"3399";"PLUi/PLUiS";"CC";"2020-02-24 23:00:00+00:00";"2015-11-09 23:00:00+00:00";"39";"01";"84";"2021";"OUI";"NON";"200070852";"";"";"";"2021-10-06";"143205";""
"01011";"3399";"PLUi/PLUiS";"CA";"2019-12-18 23:00:00+00:00";"2015-12-16 23:00:00+00:00";"39";"01";"84";"2021";"OUI";"NON";"200042935";"";"";"";"2021-10-06";"144537";""
"01014";"3399";"PLUi/PLUiS";"CA";"2019-12-18 23:00:00+00:00";"2015-12-16 23:00:00+00:00";"39";"01";"84";"2021";"OUI";"NON";"200042935";"";"";"";"2021-10-06";"144537";""
"01015";"3199";"PLU";"COM";"2020-01-09 23:00:00+00:00";"2016-04-13 22:00:00+00:00";"39";"01";"84";"2021";"NON";"NON";"01015";"";"";"";"2021-10-06";"149454";""
"01017";"3199";"PLU";"COM";"2012-07-03 22:00:00+00:00";"2006-06-25 22:00:00+00:00";"39";"01";"84";"2021";"NON";"NON";"01017";"";"";"";"2021-10-06";"61095";""
"01021";"3131";"PLU";"COM";"2003-09-08 22:00:00+00:00";"2001-12-09 23:00:00+00:00";"33";"01";"84";"2021";"NON";"NON";"01021";"";"";"";"2021-10-06";"57498";""
"01022";"3131";"PLU";"COM";"2016-09-11 22:00:00+00:00";"2012-09-09 22:00:00+00:00";"33";"01";"84";"2021";"NON";"NON";"01022";"";"";"";"2021-10-06";"122746";""
"01024";"3199";"PLU";"COM";"2006-05-04 22:00:00+00:00";"2002-01-03 23:00:00+00:00";"39";"01";"84";"2021";"NON";"NON";"01024";"";"";"";"2021-10-06";"50487";""
"01025";"3432";"PLU";"CC";"2005-03-02 23:00:00+00:00";"2002-05-01 22:00:00+00:00";"33";"01";"84";"2021";"NON";"NON";"200071371";"";"";"";"2021-10-06";"50488";""
"01026";"3432";"PLU";"CC";"2008-01-24 23:00:00+00:00";"2002-03-28 23:00:00+00:00";"33";"01";"84";"2021";"NON";"NON";"200071371";"";"";"";"2021-10-06";"50497";""
"01027";"3199";"PLU";"COM";"2005-06-26 22:00:00+00:00";"1999-11-19 23:00:00+00:00";"39";"01";"84";"2021";"NON";"NON";"01027";"";"";"";"2021-10-06";"50489";""
"01028";"3131";"PLU";"COM";"2004-10-17 22:00:00+00:00";"1999-09-12 22:00:00+00:00";"33";"01";"84";"2021";"NON";"NON";"01028";"";"";"";"2021-10-06";"57421";""
"01029";"3199";"PLU";"COM";"2020-02-12 23:00:00+00:00";"2015-01-21 23:00:00+00:00";"39";"01";"84";"2021";"NON";"NON";"01029";"";"";"";"2021-10-06";"136868";""
"01030";"3199";"PLU";"COM";"2019-03-27 23:00:00+00:00";"2008-10-15 22:00:00+00:00";"39";"01";"84";"2021";"NON";"NON";"01030";"";"";"";"2021-10-06";"64771";""
"01031";"3399";"PLUi/PLUiS";"CA";"2019-12-18 23:00:00+00:00";"2015-12-16 23:00:00+00:00";"39";"01";"84";"2021";"OUI";"NON";"200042935";"";"";"";"2021-10-06";"144537";""
"01032";"3131";"PLU";"COM";"2005-03-06 23:00:00+00:00";"2002-12-08 23:00:00+00:00";"33";"01";"84";"2021";"NON";"NON";"01032";"";"";"";"2021-10-06";"50491";""
"01033";"3432";"PLU";"CC";"2016-12-14 23:00:00+00:00";"2013-10-13 22:00:00+00:00";"33";"01";"84";"2021";"NON";"NON";"240100891";"";"";"";"2021-10-06";"127193";""
"01034";"3199";"PLU";"COM";"2012-07-22 22:00:00+00:00";"2009-05-21 22:00:00+00:00";"39";"01";"84";"2021";"NON";"NON";"01034";"";"";"";"2021-10-06";"61089";""
"01035";"3399";"PLUi/PLUiS";"CA";"2019-12-18 23:00:00+00:00";"2015-12-16 23:00:00+00:00";"39";"01";"84";"2021";"OUI";"NON";"200042935";"";"";"";"2021-10-06";"144537";""
"01036";"1131";"CC";"COM";"2006-08-15 22:00:00+00:00";"2004-01-15 23:00:00+00:00";"13";"01";"84";"2021";"NON";"NON";"01036";"";"";"";"2021-10-06";"11180";""
"01038";"3199";"PLU";"COM";"2013-05-12 22:00:00+00:00";"2008-09-21 22:00:00+00:00";"39";"01";"84";"2021";"NON";"NON";"01038";"";"";"";"2021-10-06";"64772";""
"01039";"3199";"PLU";"COM";"2018-12-05 23:00:00+00:00";"2015-07-09 22:00:00+00:00";"39";"01";"84";"2021";"NON";"NON";"01039";"";"";"";"2021-10-06";"138305";""
"01040";"1199";"CC";"COM";"2005-12-13 23:00:00+00:00";"2002-06-26 22:00:00+00:00";"19";"01";"84";"2021";"NON";"NON";"01040";"";"";"";"2021-10-06";"68722";""
"01041";"3199";"PLU";"COM";"2017-07-18 22:00:00+00:00";"2009-10-01 22:00:00+00:00";"39";"01";"84";"2021";"NON";"NON";"01041";"";"";"";"2021-10-06";"64773";""
"01042";"3432";"PLU";"CC";"2007-01-14 23:00:00+00:00";"2002-07-03 22:00:00+00:00";"33";"01";"84";"2021";"NON";"NON";"200070555";"";"";"";"2021-10-06";"111961";""
"01043";"3199";"PLU";"COM";"2019-12-15 23:00:00+00:00";"2017-04-04 22:00:00+00:00";"39";"01";"84";"2021";"NON";"NON";"01043";"";"";"";"2021-10-06";"155760";""
"01044";"3432";"PLU";"CC";"2010-02-16 23:00:00+00:00";"2003-09-30 22:00:00+00:00";"33";"01";"84";"2021";"NON";"NON";"240100891";"";"";"";"2021-10-06";"57420";""
"01045";"1199";"CC";"COM";"2005-03-23 23:00:00+00:00";"2003-04-30 22:00:00+00:00";"19";"01";"84";"2021";"NON";"NON";"01045";"";"";"";"2021-10-06";"68723";""
"01047";"3131";"PLU";"COM";"2008-02-05 23:00:00+00:00";"2003-03-12 23:00:00+00:00";"33";"01";"84";"2021";"NON";"NON";"01047";"";"";"";"2021-10-06";"111980";""
"01049";"3199";"PLU";"COM";"2014-06-29 22:00:00+00:00";"2008-09-29 22:00:00+00:00";"39";"01";"84";"2021";"NON";"NON";"01049";"";"";"";"2021-10-06";"114371";""
"01050";"1432";"CC";"CC";"2005-09-28 22:00:00+00:00";"2002-11-20 23:00:00+00:00";"13";"01";"84";"2021";"NON";"NON";"200071371";"";"";"";"2021-10-06";"68727";""
"01051";"3399";"PLUi/PLUiS";"CA";"2019-12-18 23:00:00+00:00";"2015-12-16 23:00:00+00:00";"39";"01";"84";"2021";"OUI";"NON";"200042935";"";"";"";"2021-10-06";"144537";""
"01053";"3199";"PLU";"COM";"2013-11-17 23:00:00+00:00";"2009-03-29 22:00:00+00:00";"39";"01";"84";"2021";"NON";"NON";"01053";"";"";"";"2021-10-06";"61086";""
"01054";"3199";"PLU";"COM";"2013-10-24 22:00:00+00:00";"2009-07-02 22:00:00+00:00";"39";"01";"84";"2021";"NON";"NON";"01054";"";"";"";"2021-10-06";"64775";""
"01057";"3432";"PLU";"CC";"2013-12-18 23:00:00+00:00";"2010-06-14 22:00:00+00:00";"33";"01";"84";"2021";"NON";"NON";"200071371";"";"";"";"2021-10-06";"64776";""
"01060";"3399";"PLUi/PLUiS";"CA";"2019-12-18 23:00:00+00:00";"2015-12-16 23:00:00+00:00";"39";"01";"84";"2021";"OUI";"NON";"200042935";"";"";"";"2021-10-06";"144537";""
"01061";"3131";"PLU";"COM";"2003-03-02 23:00:00+00:00";"2001-07-22 22:00:00+00:00";"33";"01";"84";"2021";"NON";"NON";"01061";"";"";"";"2021-10-06";"56572";""
"01062";"3199";"PLU";"COM";"2014-03-12 23:00:00+00:00";"2009-03-29 22:00:00+00:00";"39";"01";"84";"2021";"NON";"NON";"01062";"";"";"";"2021-10-06";"61091";""
"01063";"3399";"PLUi/PLUiS";"CA";"2019-12-18 23:00:00+00:00";"2015-12-16 23:00:00+00:00";"39";"01";"84";"2021";"OUI";"NON";"200042935";"";"";"";"2021-10-06";"144537";""
"01064";"3131";"PLU";"COM";"2007-11-08 23:00:00+00:00";"2001-10-04 22:00:00+00:00";"33";"01";"84";"2021";"NON";"NON";"01064";"";"";"";"2021-10-06";"50494";""
"01065";"3199";"PLU";"COM";"2017-12-03 23:00:00+00:00";"2014-01-19 23:00:00+00:00";"39";"01";"84";"2021";"NON";"NON";"01065";"";"";"";"2021-10-06";"129495";""
"01067";"3399";"PLUi/PLUiS";"CA";"2019-12-18 23:00:00+00:00";"2015-12-16 23:00:00+00:00";"39";"01";"84";"2021";"OUI";"NON";"200042935";"";"";"";"2021-10-06";"144537";""
"01068";"3199";"PLU";"COM";"2013-06-27 22:00:00+00:00";"2005-10-17 22:00:00+00:00";"39";"01";"84";"2021";"NON";"NON";"01068";"";"";"";"2021-10-06";"61101";""
"01069";"3131";"PLU";"COM";"2010-07-11 22:00:00+00:00";"2005-01-04 23:00:00+00:00";"33";"01";"84";"2021";"NON";"NON";"01069";"";"";"";"2021-10-06";"50498";""
"01071";"3299";"PLUi/PLUiS";"CA";"2020-02-26 23:00:00+00:00";"2016-01-27 23:00:00+00:00";"39";"01";"84";"2021";"NON";"OUI";"240100750";"";"";"";"2021-10-06";"146677";""
"01072";"3199";"PLU";"COM";"2019-12-18 23:00:00+00:00";"2017-11-22 23:00:00+00:00";"39";"01";"84";"2021";"NON";"NON";"01072";"";"";"";"2021-10-06";"159272";""
"01073";"3131";"PLU";"COM";"2005-12-01 23:00:00+00:00";"2001-09-06 22:00:00+00:00";"33";"01";"84";"2021";"NON";"NON";"01073";"";"";"";"2021-10-06";"50500";""
"01074";"3199";"PLU";"COM";"2017-03-05 23:00:00+00:00";"2010-07-11 22:00:00+00:00";"39";"01";"84";"2021";"NON";"NON";"01074";"";"";"";"2021-10-06";"61102";""
"01075";"3199";"PLU";"COM";"2010-02-08 23:00:00+00:00";"2004-09-19 22:00:00+00:00";"39";"01";"84";"2021";"NON";"NON";"01075";"";"";"";"2021-10-06";"50501";""
"01078";"3299";"PLUi/PLUiS";"CA";"2020-02-26 23:00:00+00:00";"2016-01-27 23:00:00+00:00";"39";"01";"84";"2021";"NON";"OUI";"240100750";"";"";"";"2021-10-06";"146677";""
"01079";"1111";"CC";"COM";"2005-12-01 23:00:00+00:00";"2003-02-23 23:00:00+00:00";"11";"01";"84";"2021";"NON";"NON";"01079";"";"";"";"2021-10-06";"68730";""
"01080";"3499";"PLU";"CA";"2020-02-26 23:00:00+00:00";"2016-02-17 23:00:00+00:00";"39";"01";"84";"2021";"NON";"NON";"01080";"";"";"";"2021-10-06";"147235";""
"01081";"3432";"PLU";"CC";"2008-02-07 23:00:00+00:00";"2003-07-03 22:00:00+00:00";"33";"01";"84";"2021";"NON";"NON";"240100891";"";"";"";"2021-10-06";"50510";""
"01082";"3432";"PLU";"CC";"2017-09-27 22:00:00+00:00";"2009-07-01 22:00:00+00:00";"33";"01";"84";"2021";"NON";"NON";"240100891";"";"";"";"2021-10-06";"61103";""
"01083";"3199";"PLU";"COM";"2007-09-20 22:00:00+00:00";"2004-02-26 23:00:00+00:00";"39";"01";"84";"2021";"NON";"NON";"01083";"";"";"";"2021-10-06";"50503";""
"01084";"3432";"PLU";"CC";"2016-08-31 22:00:00+00:00";"2010-11-03 23:00:00+00:00";"33";"01";"84";"2021";"NON";"NON";"200070555";"";"";"";"2021-10-06";"65036";""
"01085";"1111";"CC";"COM";"2005-01-17 23:00:00+00:00";"2004-07-28 22:00:00+00:00";"11";"01";"84";"2021";"NON";"NON";"01085";"";"";"";"2021-10-06";"102835";""
"01087";"3399";"PLUi/PLUiS";"CA";"2019-12-18 23:00:00+00:00";"2015-12-16 23:00:00+00:00";"39";"01";"84";"2021";"OUI";"NON";"200042935";"";"";"";"2021-10-06";"144537";""
"01089";"3199";"PLU";"COM";"2011-02-13 23:00:00+00:00";"2002-01-20 23:00:00+00:00";"39";"01";"84";"2021";"NON";"NON";"01089";"";"";"";"2021-10-06";"99247";""
"01090";"3199";"PLU";"COM";"2007-07-03 22:00:00+00:00";"2001-08-12 22:00:00+00:00";"39";"01";"84";"2021";"NON";"NON";"01090";"";"";"";"2021-10-06";"50504";""
"01092";"3199";"PLU";"COM";"2018-10-14 22:00:00+00:00";"2010-10-21 22:00:00+00:00";"39";"01";"84";"2021";"NON";"NON";"01092";"";"";"";"2021-10-06";"61097";""
"01093";"3199";"PLU";"COM";"2012-03-19 23:00:00+00:00";"2009-09-13 22:00:00+00:00";"39";"01";"84";"2021";"NON";"NON";"01093";"";"";"";"2021-10-06";"99068";""
"01094";"1432";"CC";"CC";"2012-06-03 22:00:00+00:00";"2009-02-26 23:00:00+00:00";"13";"01";"84";"2021";"NON";"NON";"200071371";"";"";"";"2021-10-06";"102769";""
"01095";"3199";"PLU";"COM";"2015-04-19 22:00:00+00:00";"2009-07-22 22:00:00+00:00";"39";"01";"84";"2021";"NON";"NON";"01095";"";"";"";"2021-10-06";"61106";""
"01096";"3432";"PLU";"CC";"2005-03-30 22:00:00+00:00";"2000-11-06 23:00:00+00:00";"33";"01";"84";"2021";"NON";"NON";"200070555";"";"";"";"2021-10-06";"50511";""
"01098";"3199";"PLU";"COM";"2020-02-23 23:00:00+00:00";"2018-01-28 23:00:00+00:00";"39";"01";"84";"2021";"NON";"NON";"01098";"";"";"";"2021-10-06";"161396";""
"01099";"3131";"PLU";"COM";"2007-12-12 23:00:00+00:00";"2006-02-08 23:00:00+00:00";"33";"01";"84";"2021";"NON";"NON";"01099";"";"";"";"2021-10-06";"113178";""
"01101";"3399";"PLUi/PLUiS";"CA";"2019-12-18 23:00:00+00:00";"2015-12-16 23:00:00+00:00";"39";"01";"84";"2021";"OUI";"NON";"200042935";"";"";"";"2021-10-06";"144537";""
"01102";"1432";"CC";"CC";"2006-12-05 23:00:00+00:00";"2004-03-29 22:00:00+00:00";"13";"01";"84";"2021";"NON";"NON";"200071371";"";"";"";"2021-10-06";"10989";""
"01103";"3299";"PLUi/PLUiS";"CA";"2020-02-26 23:00:00+00:00";"2016-01-27 23:00:00+00:00";"39";"01";"84";"2021";"NON";"OUI";"240100750";"";"";"";"2021-10-06";"146677";""
"01104";"3299";"PLUi/PLUiS";"CA";"2020-02-26 23:00:00+00:00";"2016-01-27 23:00:00+00:00";"39";"01";"84";"2021";"NON";"OUI";"240100750";"";"";"";"2021-10-06";"146677";""
"01105";"3199";"PLU";"COM";"2015-03-03 23:00:00+00:00";"2012-02-11 23:00:00+00:00";"39";"01";"84";"2021";"NON";"NON";"01105";"";"";"";"2021-10-06";"113223";""
"01106";"3199";"PLU";"COM";"2017-11-15 23:00:00+00:00";"2014-09-07 22:00:00+00:00";"39";"01";"84";"2021";"NON";"NON";"01106";"";"";"";"2021-10-06";"132017";""
"01107";"1199";"CC";"COM";"2011-07-28 22:00:00+00:00";"2005-03-21 23:00:00+00:00";"19";"01";"84";"2021";"NON";"NON";"01107";"";"";"";"2021-10-06";"67273";""
"01108";"3131";"PLU";"COM";"2007-04-22 22:00:00+00:00";"2002-12-08 23:00:00+00:00";"33";"01";"84";"2021";"NON";"NON";"01108";"";"";"";"2021-10-06";"61099";""
"01109";"3299";"PLUi/PLUiS";"CA";"2020-02-26 23:00:00+00:00";"2016-01-27 23:00:00+00:00";"39";"01";"84";"2021";"NON";"OUI";"240100750";"";"";"";"2021-10-06";"146677";""
"01112";"3399";"PLUi/PLUiS";"CA";"2019-12-18 23:00:00+00:00";"2015-12-16 23:00:00+00:00";"39";"01";"84";"2021";"OUI";"NON";"200042935";"";"";"";"2021-10-06";"144537";""
"01113";"3199";"PLU";"COM";"2014-01-20 23:00:00+00:00";"2008-12-15 23:00:00+00:00";"39";"01";"84";"2021";"NON";"NON";"01113";"";"";"";"2021-10-06";"63695";""
"01114";"3432";"PLU";"CC";"2015-07-07 22:00:00+00:00";"2010-07-20 22:00:00+00:00";"33";"01";"84";"2021";"NON";"NON";"240100891";"";"";"";"2021-10-06";"61100";""
"01115";"3199";"PLU";"COM";"2005-05-19 22:00:00+00:00";"2000-01-13 23:00:00+00:00";"39";"01";"84";"2021";"NON";"NON";"01115";"";"";"";"2021-10-06";"50506";""
"01116";"3199";"PLU";"COM";"2019-02-24 23:00:00+00:00";"2009-07-29 22:00:00+00:00";"39";"01";"84";"2021";"NON";"NON";"01116";"";"";"";"2021-10-06";"63696";""
"01118";"3399";"PLUi/PLUiS";"CC";"2020-02-24 23:00:00+00:00";"2015-11-09 23:00:00+00:00";"39";"01";"84";"2021";"OUI";"NON";"200070852";"";"";"";"2021-10-06";"143205";""
"01124";"1111";"CC";"COM";"2005-09-07 22:00:00+00:00";"2001-09-06 22:00:00+00:00";"11";"01";"84";"2021";"NON";"NON";"01124";"";"";"";"2021-10-06";"68736";""
"01125";"3199";"PLU";"COM";"2014-03-02 23:00:00+00:00";"2010-01-07 23:00:00+00:00";"39";"01";"84";"2021";"NON";"NON";"01125";"";"";"";"2021-10-06";"63698";""
"01127";"3199";"PLU";"COM";"2014-03-06 23:00:00+00:00";"2003-01-30 23:00:00+00:00";"39";"01";"84";"2021";"NON";"NON";"01127";"";"";"";"2021-10-06";"49989";""
"01128";"1199";"CC";"COM";"2006-09-07 22:00:00+00:00";"2003-10-16 22:00:00+00:00";"19";"01";"84";"2021";"NON";"NON";"01128";"";"";"";"2021-10-06";"10990";""
"01129";"3199";"PLU";"COM";"2007-12-13 23:00:00+00:00";"2004-10-21 22:00:00+00:00";"39";"01";"84";"2021";"NON";"NON";"01129";"";"";"";"2021-10-06";"50531";""
"01130";"3199";"PLU";"COM";"2012-12-18 23:00:00+00:00";"2009-05-26 22:00:00+00:00";"39";"01";"84";"2021";"NON";"NON";"01130";"";"";"";"2021-10-06";"63699";""
"01133";"3199";"PLU";"COM";"2020-02-23 23:00:00+00:00";"2015-05-31 22:00:00+00:00";"39";"01";"84";"2021";"NON";"NON";"01133";"";"";"";"2021-10-06";"139980";""
"01134";"3432";"PLU";"CC";"2006-09-28 22:00:00+00:00";"2000-02-03 23:00:00+00:00";"33";"01";"84";"2021";"NON";"NON";"200070555";"";"";"";"2021-10-06";"50509";""
"01135";"3299";"PLUi/PLUiS";"CA";"2020-02-26 23:00:00+00:00";"2016-01-27 23:00:00+00:00";"39";"01";"84";"2021";"NON";"OUI";"240100750";"";"";"";"2021-10-06";"146677";""
"01136";"3432";"PLU";"CC";"2012-02-29 23:00:00+00:00";"2005-04-10 22:00:00+00:00";"33";"01";"84";"2021";"NON";"NON";"200070555";"";"";"";"2021-10-06";"63753";""
"01138";"3131";"PLU";"COM";"2007-03-29 22:00:00+00:00";"2001-11-27 23:00:00+00:00";"33";"01";"84";"2021";"NON";"NON";"01138";"";"";"";"2021-10-06";"50513";""
"01139";"1111";"CC";"COM";"2002-08-19 22:00:00+00:00";"2001-04-01 22:00:00+00:00";"11";"01";"84";"2021";"NON";"NON";"01139";"";"";"";"2021-10-06";"65329";""
"01140";"3199";"PLU";"COM";"2005-11-29 23:00:00+00:00";"2002-05-01 22:00:00+00:00";"39";"01";"84";"2021";"NON";"NON";"01140";"";"";"";"2021-10-06";"50514";""
"01141";"1199";"CC";"COM";"2006-01-09 23:00:00+00:00";"2001-09-26 22:00:00+00:00";"19";"01";"84";"2021";"NON";"NON";"01141";"";"";"";"2021-10-06";"68739";""
"01142";"3199";"PLU";"COM";"2014-01-09 23:00:00+00:00";"2008-11-20 23:00:00+00:00";"39";"01";"84";"2021";"NON";"NON";"01142";"";"";"";"2021-10-06";"61114";""
"01143";"3299";"PLUi/PLUiS";"CA";"2020-02-26 23:00:00+00:00";"2016-01-27 23:00:00+00:00";"39";"01";"84";"2021";"NON";"OUI";"240100750";"";"";"";"2021-10-06";"146677";""
"01145";"3199";"PLU";"COM";"2011-06-26 22:00:00+00:00";"2007-01-18 23:00:00+00:00";"39";"01";"84";"2021";"NON";"NON";"01145";"";"";"";"2021-10-06";"99233";""
"01146";"3199";"PLU";"COM";"2019-02-03 23:00:00+00:00";"2015-11-01 23:00:00+00:00";"39";"01";"84";"2021";"NON";"NON";"01146";"";"";"";"2021-10-06";"144444";""
"01147";"1199";"CC";"COM";"2013-04-23 22:00:00+00:00";"2010-11-17 23:00:00+00:00";"19";"01";"84";"2021";"NON";"NON";"01147";"";"";"";"2021-10-06";"102804";""
"01148";"3399";"PLUi/PLUiS";"CA";"2019-12-18 23:00:00+00:00";"2015-12-16 23:00:00+00:00";"39";"01";"84";"2021";"OUI";"NON";"200042935";"";"";"";"2021-10-06";"144537";""
"01149";"3131";"PLU";"COM";"2009-01-11 23:00:00+00:00";"2004-11-07 23:00:00+00:00";"33";"01";"84";"2021";"NON";"NON";"01149";"";"";"";"2021-10-06";"50517";""
"01150";"1199";"CC";"COM";"2020-01-06 23:00:00+00:00";"2017-02-19 23:00:00+00:00";"19";"01";"84";"2021";"NON";"NON";"01150";"";"";"";"2021-10-06";"155245";""
"01151";"3199";"PLU";"COM";"2014-03-16 23:00:00+00:00";"2005-05-22 22:00:00+00:00";"39";"01";"84";"2021";"NON";"NON";"01151";"";"";"";"2021-10-06";"113693";""
"01152";"3399";"PLUi/PLUiS";"CA";"2019-12-18 23:00:00+00:00";"2015-12-16 23:00:00+00:00";"39";"01";"84";"2021";"OUI";"NON";"200042935";"";"";"";"2021-10-06";"144537";""
"01153";"3299";"PLUi/PLUiS";"CA";"2020-02-26 23:00:00+00:00";"2016-01-27 23:00:00+00:00";"39";"01";"84";"2021";"NON";"OUI";"240100750";"";"";"";"2021-10-06";"146677";""
"01156";"3199";"PLU";"COM";"2005-03-23 23:00:00+00:00";"2001-01-10 23:00:00+00:00";"39";"01";"84";"2021";"NON";"NON";"01156";"";"";"";"2021-10-06";"50519";""
"01157";"3199";"PLU";"COM";"2016-05-23 22:00:00+00:00";"2011-02-23 23:00:00+00:00";"39";"01";"84";"2021";"NON";"NON";"01157";"";"";"";"2021-10-06";"98671";""
"01158";"3299";"PLUi/PLUiS";"CA";"2020-02-26 23:00:00+00:00";"2016-01-27 23:00:00+00:00";"39";"01";"84";"2021";"NON";"OUI";"240100750";"";"";"";"2021-10-06";"146677";""
"01160";"3299";"PLUi/PLUiS";"CA";"2020-02-26 23:00:00+00:00";"2016-01-27 23:00:00+00:00";"39";"01";"84";"2021";"NON";"OUI";"240100750";"";"";"";"2021-10-06";"146677";""
"01162";"1199";"CC";"COM";"2005-09-28 22:00:00+00:00";"2001-10-14 22:00:00+00:00";"19";"01";"84";"2021";"NON";"NON";"01162";"";"";"";"2021-10-06";"68740";""
"01163";"3131";"PLU";"COM";"2012-03-21 23:00:00+00:00";"2009-05-13 22:00:00+00:00";"33";"01";"84";"2021";"NON";"NON";"01163";"";"";"";"2021-10-06";"113781";""
"01165";"3199";"PLU";"COM";"2010-05-30 22:00:00+00:00";"2007-01-31 23:00:00+00:00";"39";"01";"84";"2021";"NON";"NON";"01165";"";"";"";"2021-10-06";"50520";""
"01166";"3131";"PLU";"COM";"2008-06-26 22:00:00+00:00";"2003-02-27 23:00:00+00:00";"33";"01";"84";"2021";"NON";"NON";"01166";"";"";"";"2021-10-06";"50521";""
"01167";"3199";"PLU";"COM";"2012-06-28 22:00:00+00:00";"2003-09-04 22:00:00+00:00";"39";"01";"84";"2021";"NON";"NON";"01167";"";"";"";"2021-10-06";"63755";""
"01169";"3199";"PLU";"COM";"2014-03-04 23:00:00+00:00";"2011-05-10 22:00:00+00:00";"39";"01";"84";"2021";"NON";"NON";"01169";"";"";"";"2021-10-06";"98573";""
"01170";"3399";"PLUi/PLUiS";"CA";"2019-12-18 23:00:00+00:00";"2015-12-16 23:00:00+00:00";"39";"01";"84";"2021";"OUI";"NON";"200042935";"";"";"";"2021-10-06";"144537";""
"01171";"3399";"PLUi/PLUiS";"CA";"2019-12-18 23:00:00+00:00";"2015-12-16 23:00:00+00:00";"39";"01";"84";"2021";"OUI";"NON";"200042935";"";"";"";"2021-10-06";"144537";""
"01173";"3299";"PLUi/PLUiS";"CA";"2020-02-26 23:00:00+00:00";"2016-01-27 23:00:00+00:00";"39";"01";"84";"2021";"NON";"OUI";"240100750";"";"";"";"2021-10-06";"146677";""
"01175";"1432";"CC";"CC";"2003-09-03 22:00:00+00:00";"2002-01-21 23:00:00+00:00";"13";"01";"84";"2021";"NON";"NON";"200071371";"";"";"";"2021-10-06";"65331";""
"01177";"1199";"CC";"COM";"2012-07-12 22:00:00+00:00";"2009-06-24 22:00:00+00:00";"19";"01";"84";"2021";"NON";"NON";"01177";"";"";"";"2021-10-06";"114012";""
"01180";"3299";"PLUi/PLUiS";"CA";"2020-02-26 23:00:00+00:00";"2016-01-27 23:00:00+00:00";"39";"01";"84";"2021";"NON";"OUI";"240100750";"";"";"";"2021-10-06";"146677";""
"01181";"3399";"PLUi/PLUiS";"CA";"2019-12-18 23:00:00+00:00";"2015-12-16 23:00:00+00:00";"39";"01";"84";"2021";"OUI";"NON";"200042935";"";"";"";"2021-10-06";"144537";""
"01183";"3199";"PLU";"COM";"2014-01-22 23:00:00+00:00";"2009-12-13 23:00:00+00:00";"39";"01";"84";"2021";"NON";"NON";"01183";"";"";"";"2021-10-06";"63757";""
"01184";"3199";"PLU";"COM";"2013-11-27 23:00:00+00:00";"1996-10-03 22:00:00+00:00";"39";"01";"84";"2021";"NON";"NON";"01184";"";"";"";"2021-10-06";"114062";""
"01185";"3414";"PLU";"CA";"2007-04-10 22:00:00+00:00";"2001-12-19 23:00:00+00:00";"31";"01";"84";"2021";"NON";"NON";"01185";"";"";"";"2021-10-06";"50524";""
"01187";"3199";"PLU";"COM";"2019-12-15 23:00:00+00:00";"2016-01-17 23:00:00+00:00";"39";"01";"84";"2021";"NON";"NON";"01187";"";"";"";"2021-10-06";"147240";""
"01188";"3131";"PLU";"COM";"2011-10-11 22:00:00+00:00";"2007-06-28 22:00:00+00:00";"33";"01";"84";"2021";"NON";"NON";"01188";"";"";"";"2021-10-06";"102820";""
"01189";"3432";"PLU";"CC";"2007-10-14 22:00:00+00:00";"2003-02-18 23:00:00+00:00";"33";"01";"84";"2021";"NON";"NON";"240100891";"";"";"";"2021-10-06";"50525";""
"01191";"3399";"PLUi/PLUiS";"CA";"2019-12-18 23:00:00+00:00";"2015-12-16 23:00:00+00:00";"39";"01";"84";"2021";"OUI";"NON";"200042935";"";"";"";"2021-10-06";"144537";""
"01192";"3399";"PLUi/PLUiS";"CA";"2019-12-18 23:00:00+00:00";"2015-12-16 23:00:00+00:00";"39";"01";"84";"2021";"OUI";"NON";"200042935";"";"";"";"2021-10-06";"144537";""
"01193";"1199";"CC";"COM";"2006-09-11 22:00:00+00:00";"2001-09-09 22:00:00+00:00";"19";"01";"84";"2021";"NON";"NON";"01193";"";"";"";"2021-10-06";"68744";""
"01194";"3432";"PLU";"CA";"2012-01-17 23:00:00+00:00";"2007-05-01 22:00:00+00:00";"33";"01";"84";"2021";"NON";"NON";"200040590";"";"";"";"2021-10-06";"63758";""
"01195";"3199";"PLU";"COM";"2007-09-04 22:00:00+00:00";"1996-03-12 23:00:00+00:00";"39";"01";"84";"2021";"NON";"NON";"01195";"";"";"";"2021-10-06";"50527";""
"01196";"3231";"PLUi/PLUiS";"SI";"2013-05-05 22:00:00+00:00";"2007-10-29 23:00:00+00:00";"33";"01";"84";"2021";"NON";"OUI";"01196";"";"";"";"2021-10-06";"124584";""
"01197";"3199";"PLU";"COM";"2005-12-26 23:00:00+00:00";"2003-01-31 23:00:00+00:00";"39";"01";"84";"2021";"NON";"NON";"01197";"";"";"";"2021-10-06";"50528";""
"01198";"1199";"CC";"COM";"2003-06-11 22:00:00+00:00";"2001-12-20 23:00:00+00:00";"19";"01";"84";"2021";"NON";"NON";"01198";"";"";"";"2021-10-06";"68745";""
"01199";"3199";"PLU";"COM";"2013-06-11 22:00:00+00:00";"2007-11-14 23:00:00+00:00";"39";"01";"84";"2021";"NON";"NON";"01199";"";"";"";"2021-10-06";"61113";""
"01200";"1111";"CC";"COM";"2004-05-09 22:00:00+00:00";"2001-11-22 23:00:00+00:00";"11";"01";"84";"2021";"NON";"NON";"01200";"";"";"";"2021-10-06";"65332";""
"01202";"3131";"PLU";"COM";"2007-01-21 23:00:00+00:00";"2004-04-15 22:00:00+00:00";"33";"01";"84";"2021";"NON";"NON";"01202";"";"";"";"2021-10-06";"50529";""
"01204";"3399";"PLUi/PLUiS";"CA";"2019-12-18 23:00:00+00:00";"2015-12-16 23:00:00+00:00";"39";"01";"84";"2021";"OUI";"NON";"200042935";"";"";"";"2021-10-06";"144537";""
"01206";"3399";"PLUi/PLUiS";"CA";"2019-12-18 23:00:00+00:00";"2015-12-16 23:00:00+00:00";"39";"01";"84";"2021";"OUI";"NON";"200042935";"";"";"";"2021-10-06";"144537";""
"01207";"1199";"CC";"COM";"2005-07-18 22:00:00+00:00";"2003-06-09 22:00:00+00:00";"19";"01";"84";"2021";"NON";"NON";"01207";"";"";"";"2021-10-06";"68746";""
"01209";"3299";"PLUi/PLUiS";"CA";"2020-02-26 23:00:00+00:00";"2016-01-27 23:00:00+00:00";"39";"01";"84";"2021";"NON";"OUI";"240100750";"";"";"";"2021-10-06";"146677";""
"01210";"3299";"PLUi/PLUiS";"CA";"2020-02-26 23:00:00+00:00";"2016-01-27 23:00:00+00:00";"39";"01";"84";"2021";"NON";"OUI";"01210";"";"";"";"2021-10-06";"146677";""
"01211";"3199";"PLU";"COM";"2008-05-28 22:00:00+00:00";"2004-01-21 23:00:00+00:00";"39";"01";"84";"2021";"NON";"NON";"01211";"";"";"";"2021-10-06";"50536";""
"01212";"1131";"CC";"COM";"2005-01-27 23:00:00+00:00";"2002-11-07 23:00:00+00:00";"13";"01";"84";"2021";"NON";"NON";"01212";"";"";"";"2021-10-06";"68747";""
"01213";"3199";"PLU";"COM";"2007-11-25 23:00:00+00:00";"2001-09-02 22:00:00+00:00";"39";"01";"84";"2021";"NON";"NON";"01213";"";"";"";"2021-10-06";"50532";""
"01214";"3399";"PLUi/PLUiS";"CA";"2019-12-18 23:00:00+00:00";"2015-12-16 23:00:00+00:00";"39";"01";"84";"2021";"OUI";"NON";"200042935";"";"";"";"2021-10-06";"144537";""
"01215";"1432";"CC";"CC";"2005-11-17 23:00:00+00:00";"2002-04-21 22:00:00+00:00";"13";"01";"84";"2021";"NON";"NON";"240100891";"";"";"";"2021-10-06";"68748";""
"01216";"3199";"PLU";"COM";"2020-03-03 23:00:00+00:00";"2011-10-20 22:00:00+00:00";"39";"01";"84";"2021";"NON";"NON";"01216";"";"";"";"2021-10-06";"98066";""
"01219";"1199";"CC";"COM";"2011-12-15 23:00:00+00:00";"2009-11-05 23:00:00+00:00";"19";"01";"84";"2021";"NON";"NON";"01219";"";"";"";"2021-10-06";"67278";""
"01224";"3199";"PLU";"COM";"2015-09-16 22:00:00+00:00";"2008-06-08 22:00:00+00:00";"39";"01";"84";"2021";"NON";"NON";"01224";"";"";"";"2021-10-06";"61118";""
"01225";"3199";"PLU";"COM";"2009-02-24 23:00:00+00:00";"2004-11-30 23:00:00+00:00";"39";"01";"84";"2021";"NON";"NON";"01225";"";"";"";"2021-10-06";"50533";""
"01228";"3399";"PLUi/PLUiS";"CA";"2019-12-18 23:00:00+00:00";"2015-12-16 23:00:00+00:00";"39";"01";"84";"2021";"OUI";"NON";"200042935";"";"";"";"2021-10-06";"144537";""
"01229";"3299";"PLUi/PLUiS";"SI";"2013-05-05 22:00:00+00:00";"2007-10-29 23:00:00+00:00";"39";"01";"84";"2021";"NON";"OUI";"01229";"";"";"";"2021-10-06";"124584";""
"01230";"1199";"CC";"COM";"2016-12-15 23:00:00+00:00";"2007-11-15 23:00:00+00:00";"19";"01";"84";"2021";"NON";"NON";"01230";"";"";"";"2021-10-06";"67279";""
"01232";"3199";"PLU";"COM";"2014-03-02 23:00:00+00:00";"2004-07-25 22:00:00+00:00";"39";"01";"84";"2021";"NON";"NON";"01232";"";"";"";"2021-10-06";"61126";""
"01234";"1199";"CC";"COM";"2019-11-20 23:00:00+00:00";"2016-11-21 23:00:00+00:00";"19";"01";"84";"2021";"NON";"NON";"01234";"";"";"";"2021-10-06";"150325";""
"01235";"3199";"PLU";"COM";"2018-03-25 22:00:00+00:00";"2012-01-22 23:00:00+00:00";"39";"01";"84";"2021";"NON";"NON";"01235";"";"";"";"2021-10-06";"114681";""
"01236";"1111";"CC";"COM";"2005-10-20 22:00:00+00:00";"2002-12-18 23:00:00+00:00";"11";"01";"84";"2021";"NON";"NON";"01236";"";"";"";"2021-10-06";"68751";""
"01237";"3399";"PLUi/PLUiS";"CA";"2019-12-18 23:00:00+00:00";"2015-12-16 23:00:00+00:00";"39";"01";"84";"2021";"OUI";"NON";"200042935";"";"";"";"2021-10-06";"144537";""
"01238";"3199";"PLU";"COM";"2014-04-15 22:00:00+00:00";"2010-07-28 22:00:00+00:00";"39";"01";"84";"2021";"NON";"NON";"01238";"";"";"";"2021-10-06";"63760";""
"01239";"1131";"CC";"COM";"2003-10-01 22:00:00+00:00";"2001-09-13 22:00:00+00:00";"13";"01";"84";"2021";"NON";"NON";"01239";"";"";"";"2021-10-06";"70187";""
"01240";"3399";"PLUi/PLUiS";"CA";"2019-12-18 23:00:00+00:00";"2015-12-16 23:00:00+00:00";"39";"01";"84";"2021";"OUI";"NON";"200042935";"";"";"";"2021-10-06";"144537";""
"01241";"3131";"PLU";"COM";"2012-07-26 22:00:00+00:00";"2005-10-27 22:00:00+00:00";"33";"01";"84";"2021";"NON";"NON";"01241";"";"";"";"2021-10-06";"114759";""
"01243";"3199";"PLU";"COM";"2020-03-05 23:00:00+00:00";"2014-10-23 22:00:00+00:00";"39";"01";"84";"2021";"NON";"NON";"01243";"";"";"";"2021-10-06";"127192";""
"01244";"3199";"PLU";"COM";"2013-09-22 22:00:00+00:00";"2008-10-26 23:00:00+00:00";"39";"01";"84";"2021";"NON";"NON";"01244";"";"";"";"2021-10-06";"63762";""
"01245";"3199";"PLU";"COM";"2019-11-04 23:00:00+00:00";"2011-04-25 22:00:00+00:00";"39";"01";"84";"2021";"NON";"NON";"01245";"";"";"";"2021-10-06";"98624";""
"01246";"3432";"PLU";"CC";"2014-02-16 23:00:00+00:00";"2008-11-02 23:00:00+00:00";"33";"01";"84";"2021";"NON";"NON";"200070555";"";"";"";"2021-10-06";"114959";""
"01247";"3299";"PLUi/PLUiS";"CA";"2020-02-26 23:00:00+00:00";"2016-01-27 23:00:00+00:00";"39";"01";"84";"2021";"NON";"OUI";"01247";"";"";"";"2021-10-06";"146677";""
"01248";"3199";"PLU";"COM";"2011-07-21 22:00:00+00:00";"2008-03-18 23:00:00+00:00";"39";"01";"84";"2021";"NON";"NON";"01248";"";"";"";"2021-10-06";"99155";""
"01249";"3131";"PLU";"COM";"2007-07-02 22:00:00+00:00";"2003-11-13 23:00:00+00:00";"33";"01";"84";"2021";"NON";"NON";"01249";"";"";"";"2021-10-06";"115006";""
"01250";"3199";"PLU";"COM";"2016-02-09 23:00:00+00:00";"2010-09-28 22:00:00+00:00";"39";"01";"84";"2021";"NON";"NON";"01250";"";"";"";"2021-10-06";"114780";""
"01252";"3199";"PLU";"COM";"2016-04-13 22:00:00+00:00";"2009-09-09 22:00:00+00:00";"39";"01";"84";"2021";"NON";"NON";"01252";"";"";"";"2021-10-06";"63765";""
"01254";"3199";"PLU";"COM";"2005-08-25 22:00:00+00:00";"2001-06-25 22:00:00+00:00";"39";"01";"84";"2021";"NON";"NON";"01254";"";"";"";"2021-10-06";"115057";""
"01257";"1432";"CC";"CC";"2015-09-13 22:00:00+00:00";"2011-10-09 22:00:00+00:00";"13";"01";"84";"2021";"NON";"NON";"240100891";"";"";"";"2021-10-06";"98142";""
"01258";"3199";"PLU";"COM";"2020-12-16 23:00:00+00:00";"2017-10-24 22:00:00+00:00";"39";"01";"84";"2021";"NON";"NON";"01258";"";"";"";"2021-10-06";"158977";""
"01259";"3199";"PLU";"COM";"2011-11-01 23:00:00+00:00";"2008-09-17 22:00:00+00:00";"39";"01";"84";"2021";"NON";"NON";"01259";"";"";"";"2021-10-06";"99031";""
"01260";"1199";"CC";"COM";"2005-04-17 22:00:00+00:00";"2002-01-24 23:00:00+00:00";"19";"01";"84";"2021";"NON";"NON";"01260";"";"";"";"2021-10-06";"70189";""
"01261";"3199";"PLU";"COM";"2008-03-03 23:00:00+00:00";"2005-01-17 23:00:00+00:00";"39";"01";"84";"2021";"NON";"NON";"01261";"";"";"";"2021-10-06";"50544";""
"01262";"3199";"PLU";"COM";"2020-01-29 23:00:00+00:00";"2017-05-29 22:00:00+00:00";"39";"01";"84";"2021";"NON";"NON";"01262";"";"";"";"2021-10-06";"156582";""
"01263";"3199";"PLU";"COM";"2019-07-01 22:00:00+00:00";"2015-10-11 22:00:00+00:00";"39";"01";"84";"2021";"NON";"NON";"01263";"";"";"";"2021-10-06";"115387";""
"01264";"3199";"PLU";"COM";"2012-09-10 22:00:00+00:00";"2008-10-12 22:00:00+00:00";"39";"01";"84";"2021";"NON";"NON";"01264";"";"";"";"2021-10-06";"63770";""
"01265";"3399";"PLUi/PLUiS";"CA";"2019-12-18 23:00:00+00:00";"2015-12-16 23:00:00+00:00";"39";"01";"84";"2021";"OUI";"NON";"200042935";"";"";"";"2021-10-06";"144537";""
"01266";"3299";"PLUi/PLUiS";"SI";"2013-05-05 22:00:00+00:00";"2007-10-29 23:00:00+00:00";"39";"01";"84";"2021";"NON";"OUI";"01266";"";"";"";"2021-10-06";"124584";""
"01267";"3399";"PLUi/PLUiS";"CA";"2019-12-18 23:00:00+00:00";"2015-12-16 23:00:00+00:00";"39";"01";"84";"2021";"OUI";"NON";"200042935";"";"";"";"2021-10-06";"144537";""
"01268";"1131";"CC";"COM";"2006-02-09 23:00:00+00:00";"2002-11-28 23:00:00+00:00";"13";"01";"84";"2021";"NON";"NON";"01268";"";"";"";"2021-10-06";"70190";""
"01269";"3399";"PLUi/PLUiS";"CA";"2019-12-18 23:00:00+00:00";"2015-12-16 23:00:00+00:00";"39";"01";"84";"2021";"OUI";"NON";"200042935";"";"";"";"2021-10-06";"144537";""
"01272";"3199";"PLU";"COM";"2015-01-09 23:00:00+00:00";"2008-12-09 23:00:00+00:00";"39";"01";"84";"2021";"NON";"NON";"01272";"";"";"";"2021-10-06";"115553";""
"01273";"3199";"PLU";"COM";"2006-09-19 22:00:00+00:00";"2001-09-19 22:00:00+00:00";"39";"01";"84";"2021";"NON";"NON";"01273";"";"";"";"2021-10-06";"115560";""
"01274";"3399";"PLUi/PLUiS";"CA";"2019-12-18 23:00:00+00:00";"2015-12-16 23:00:00+00:00";"39";"01";"84";"2021";"OUI";"NON";"200042935";"";"";"";"2021-10-06";"144537";""
"01275";"3199";"PLU";"COM";"2019-05-06 22:00:00+00:00";"2008-09-10 22:00:00+00:00";"39";"01";"84";"2021";"NON";"NON";"01275";"";"";"";"2021-10-06";"115589";""
"01281";"3299";"PLUi/PLUiS";"CA";"2020-02-26 23:00:00+00:00";"2016-01-27 23:00:00+00:00";"39";"01";"84";"2021";"NON";"OUI";"240100750";"";"";"";"2021-10-06";"146677";""
"01282";"3399";"PLUi/PLUiS";"CA";"2019-12-18 23:00:00+00:00";"2015-12-16 23:00:00+00:00";"39";"01";"84";"2021";"OUI";"NON";"200042935";"";"";"";"2021-10-06";"144537";""
"01283";"3399";"PLUi/PLUiS";"CA";"2019-12-18 23:00:00+00:00";"2015-12-16 23:00:00+00:00";"39";"01";"84";"2021";"OUI";"NON";"200042935";"";"";"";"2021-10-06";"144537";""
"01284";"3432";"PLU";"CC";"2012-12-13 23:00:00+00:00";"2009-01-15 23:00:00+00:00";"33";"01";"84";"2021";"NON";"NON";"200071371";"";"";"";"2021-10-06";"115664";""
"01285";"3199";"PLU";"COM";"2013-04-14 22:00:00+00:00";"2009-12-20 23:00:00+00:00";"39";"01";"84";"2021";"NON";"NON";"01285";"";"";"";"2021-10-06";"63776";""
"01286";"3199";"PLU";"COM";"2019-11-24 23:00:00+00:00";"2016-04-05 22:00:00+00:00";"39";"01";"84";"2021";"NON";"NON";"01286";"";"";"";"2021-10-06";"148236";""
"01288";"3299";"PLUi/PLUiS";"CA";"2020-02-26 23:00:00+00:00";"2016-01-27 23:00:00+00:00";"39";"01";"84";"2021";"NON";"OUI";"240100750";"";"";"";"2021-10-06";"146677";""
"01289";"3199";"PLU";"COM";"2007-03-19 23:00:00+00:00";"2003-06-22 22:00:00+00:00";"39";"01";"84";"2021";"NON";"NON";"01289";"";"";"";"2021-10-06";"115764";""
"01290";"3199";"PLU";"COM";"2013-06-23 22:00:00+00:00";"2011-05-30 22:00:00+00:00";"39";"01";"84";"2021";"NON";"NON";"01290";"";"";"";"2021-10-06";"98407";""
"01291";"3432";"PLU";"CC";"2012-05-23 22:00:00+00:00";"2002-11-13 23:00:00+00:00";"33";"01";"84";"2021";"NON";"NON";"200070555";"";"";"";"2021-10-06";"63778";""
"01293";"3399";"PLUi/PLUiS";"CA";"2019-12-18 23:00:00+00:00";"2015-12-16 23:00:00+00:00";"39";"01";"84";"2021";"OUI";"NON";"200042935";"";"";"";"2021-10-06";"144537";""
"01294";"1131";"CC";"COM";"2007-11-15 23:00:00+00:00";"2002-09-05 22:00:00+00:00";"13";"01";"84";"2021";"NON";"NON";"01294";"";"";"";"2021-10-06";"11048";""
"01295";"1111";"CC";"COM";"2005-04-17 22:00:00+00:00";"2002-10-30 23:00:00+00:00";"11";"01";"84";"2021";"NON";"NON";"01295";"";"";"";"2021-10-06";"68753";""
"01297";"3131";"PLU";"COM";"2012-09-03 22:00:00+00:00";"2006-10-25 22:00:00+00:00";"33";"01";"84";"2021";"NON";"NON";"01297";"";"";"";"2021-10-06";"115815";""
"01298";"1432";"CC";"CC";"2018-08-01 22:00:00+00:00";"2017-07-05 22:00:00+00:00";"13";"01";"84";"2021";"NON";"NON";"240100891";"";"";"";"2021-10-06";"157713";""
"01301";"3131";"PLU";"COM";"2008-02-20 23:00:00+00:00";"2005-02-09 23:00:00+00:00";"33";"01";"84";"2021";"NON";"NON";"01301";"";"";"";"2021-10-06";"50550";""
"01302";"1199";"CC";"COM";"2003-10-02 22:00:00+00:00";"2001-10-08 22:00:00+00:00";"19";"01";"84";"2021";"NON";"NON";"01302";"";"";"";"2021-10-06";"68754";""
"01303";"3199";"PLU";"COM";"2013-06-24 22:00:00+00:00";"2008-07-27 22:00:00+00:00";"39";"01";"84";"2021";"NON";"NON";"01303";"";"";"";"2021-10-06";"116082";""
"01304";"3199";"PLU";"COM";"2011-07-18 22:00:00+00:00";"2010-08-30 22:00:00+00:00";"39";"01";"84";"2021";"NON";"NON";"01304";"";"";"";"2021-10-06";"99200";""
"01306";"3432";"PLU";"CC";"2005-08-08 22:00:00+00:00";"2002-02-18 23:00:00+00:00";"33";"01";"84";"2021";"NON";"NON";"200070555";"";"";"";"2021-10-06";"116359";""
"01307";"3399";"PLUi/PLUiS";"CA";"2019-12-18 23:00:00+00:00";"2015-12-16 23:00:00+00:00";"39";"01";"84";"2021";"OUI";"NON";"200042935";"";"";"";"2021-10-06";"144537";""
"01308";"3299";"PLUi/PLUiS";"CA";"2020-02-26 23:00:00+00:00";"2016-01-27 23:00:00+00:00";"39";"01";"84";"2021";"NON";"OUI";"240100750";"";"";"";"2021-10-06";"146677";""
"01310";"1199";"CC";"COM";"2008-09-08 22:00:00+00:00";"2005-05-18 22:00:00+00:00";"19";"01";"84";"2021";"NON";"NON";"01310";"";"";"";"2021-10-06";"68755";""
"01313";"3299";"PLUi/PLUiS";"CA";"2020-02-26 23:00:00+00:00";"2016-01-27 23:00:00+00:00";"39";"01";"84";"2021";"NON";"OUI";"240100750";"";"";"";"2021-10-06";"146677";""
"01314";"3131";"PLU";"COM";"2007-09-30 22:00:00+00:00";"2003-03-27 23:00:00+00:00";"33";"01";"84";"2021";"NON";"NON";"01314";"";"";"";"2021-10-06";"116507";""
"01317";"1199";"CC";"COM";"2019-11-25 23:00:00+00:00";"2014-09-25 22:00:00+00:00";"19";"01";"84";"2021";"NON";"NON";"01317";"";"";"";"2021-10-06";"131069";""
"01318";"3199";"PLU";"COM";"2019-05-08 22:00:00+00:00";"2013-06-05 22:00:00+00:00";"39";"01";"84";"2021";"NON";"NON";"01318";"";"";"";"2021-10-06";"124188";""
"01319";"3199";"PLU";"COM";"2015-01-25 23:00:00+00:00";"2010-12-05 23:00:00+00:00";"39";"01";"84";"2021";"NON";"NON";"01319";"";"";"";"2021-10-06";"116519";""
"01320";"3432";"PLU";"CC";"2007-02-04 23:00:00+00:00";"1997-07-17 22:00:00+00:00";"33";"01";"84";"2021";"NON";"NON";"200071371";"";"";"";"2021-10-06";"116525";""
"01321";"3199";"PLU";"COM";"2005-03-03 23:00:00+00:00";"2001-08-30 22:00:00+00:00";"39";"01";"84";"2021";"NON";"NON";"01321";"";"";"";"2021-10-06";"116535";""
"01322";"3199";"PLU";"COM";"2019-10-20 22:00:00+00:00";"2011-09-25 22:00:00+00:00";"39";"01";"84";"2021";"NON";"NON";"01322";"";"";"";"2021-10-06";"98175";""
"01325";"3199";"PLU";"COM";"2012-08-27 22:00:00+00:00";"2008-10-06 22:00:00+00:00";"39";"01";"84";"2021";"NON";"NON";"01325";"";"";"";"2021-10-06";"116637";""
"01328";"1199";"CC";"COM";"2013-08-27 22:00:00+00:00";"2009-11-29 23:00:00+00:00";"19";"01";"84";"2021";"NON";"NON";"01328";"";"";"";"2021-10-06";"102933";""
"01331";"1199";"CC";"COM";"2001-12-27 23:00:00+00:00";"2001-04-01 22:00:00+00:00";"19";"01";"84";"2021";"NON";"NON";"01331";"";"";"";"2021-10-06";"68757";""
"01332";"3432";"PLU";"CC";"2006-06-21 22:00:00+00:00";"2002-02-07 23:00:00+00:00";"33";"01";"84";"2021";"NON";"NON";"200071371";"";"";"";"2021-10-06";"116660";""
"01333";"3199";"PLU";"COM";"2014-03-09 23:00:00+00:00";"2010-01-10 23:00:00+00:00";"39";"01";"84";"2021";"NON";"NON";"01333";"";"";"";"2021-10-06";"61128";""
"01334";"1432";"CC";"CC";"2011-02-27 23:00:00+00:00";"2008-11-12 23:00:00+00:00";"13";"01";"84";"2021";"NON";"NON";"200070555";"";"";"";"2021-10-06";"98813";""
"01335";"1199";"CC";"COM";"2006-03-02 23:00:00+00:00";"2003-12-07 23:00:00+00:00";"19";"01";"84";"2021";"NON";"NON";"01335";"";"";"";"2021-10-06";"11101";""
"01336";"3199";"PLU";"COM";"2005-04-04 22:00:00+00:00";"2001-09-09 22:00:00+00:00";"39";"01";"84";"2021";"NON";"NON";"01336";"";"";"";"2021-10-06";"116912";""
"01337";"3432";"PLU";"CC";"2004-01-29 23:00:00+00:00";"2001-09-13 22:00:00+00:00";"33";"01";"84";"2021";"NON";"NON";"200071371";"";"";"";"2021-10-06";"56573";""
"01338";"3131";"PLU";"COM";"2008-09-29 22:00:00+00:00";"2002-02-25 23:00:00+00:00";"33";"01";"84";"2021";"NON";"NON";"01338";"";"";"";"2021-10-06";"56710";""
"01339";"3199";"PLU";"COM";"2010-09-06 22:00:00+00:00";"2004-11-03 23:00:00+00:00";"39";"01";"84";"2021";"NON";"NON";"01339";"";"";"";"2021-10-06";"56714";""
"01343";"3432";"PLU";"CC";"2007-05-02 22:00:00+00:00";"2002-05-01 22:00:00+00:00";"33";"01";"84";"2021";"NON";"NON";"200070555";"";"";"";"2021-10-06";"56715";""
"01344";"3199";"PLU";"COM";"2008-10-02 22:00:00+00:00";"2005-01-27 23:00:00+00:00";"39";"01";"84";"2021";"NON";"NON";"01344";"";"";"";"2021-10-06";"56716";""
"01345";"3131";"PLU";"COM";"2010-06-27 22:00:00+00:00";"2006-07-05 22:00:00+00:00";"33";"01";"84";"2021";"NON";"NON";"01345";"";"";"";"2021-10-06";"50559";""
"01346";"3131";"PLU";"COM";"2008-09-03 22:00:00+00:00";"2004-06-27 22:00:00+00:00";"33";"01";"84";"2021";"NON";"NON";"01346";"";"";"";"2021-10-06";"50560";""
"01347";"3199";"PLU";"COM";"2017-03-13 23:00:00+00:00";"2015-05-25 22:00:00+00:00";"39";"01";"84";"2021";"NON";"NON";"01347";"";"";"";"2021-10-06";"139163";""
"01348";"3199";"PLU";"COM";"2015-06-11 22:00:00+00:00";"2008-09-11 22:00:00+00:00";"39";"01";"84";"2021";"NON";"NON";"01348";"";"";"";"2021-10-06";"61133";""
"01349";"3199";"PLU";"COM";"2007-02-01 23:00:00+00:00";"2002-04-25 22:00:00+00:00";"39";"01";"84";"2021";"NON";"NON";"01349";"";"";"";"2021-10-06";"50561";""
"01350";"3199";"PLU";"COM";"2016-03-13 23:00:00+00:00";"2008-07-16 22:00:00+00:00";"39";"01";"84";"2021";"NON";"NON";"01350";"";"";"";"2021-10-06";"61136";""
"01351";"3199";"PLU";"COM";"2016-05-03 22:00:00+00:00";"2010-07-08 22:00:00+00:00";"39";"01";"84";"2021";"NON";"NON";"01351";"";"";"";"2021-10-06";"61134";""
"01352";"1432";"CC";"CC";"2006-01-23 23:00:00+00:00";"2004-01-18 23:00:00+00:00";"13";"01";"84";"2021";"NON";"NON";"200071371";"";"";"";"2021-10-06";"11102";""
"01353";"3199";"PLU";"COM";"2004-10-27 22:00:00+00:00";"2000-11-29 23:00:00+00:00";"39";"01";"84";"2021";"NON";"NON";"01353";"";"";"";"2021-10-06";"50562";""
"01354";"3299";"PLUi/PLUiS";"CA";"2020-02-26 23:00:00+00:00";"2016-01-27 23:00:00+00:00";"39";"01";"84";"2021";"NON";"OUI";"240100750";"";"";"";"2021-10-06";"146677";""
"01355";"3432";"PLU";"CC";"2007-07-08 22:00:00+00:00";"2001-10-08 22:00:00+00:00";"33";"01";"84";"2021";"NON";"NON";"200070555";"";"";"";"2021-10-06";"50582";""
"01356";"3199";"PLU";"COM";"2020-03-08 23:00:00+00:00";"2015-10-04 22:00:00+00:00";"39";"01";"84";"2021";"NON";"NON";"01356";"";"";"";"2021-10-06";"146044";""
"01357";"1432";"CC";"CC";"2006-09-07 22:00:00+00:00";"2001-09-09 22:00:00+00:00";"13";"01";"84";"2021";"NON";"NON";"240100891";"";"";"";"2021-10-06";"11115";""
"01358";"3199";"PLU";"COM";"2020-03-04 23:00:00+00:00";"2017-09-03 22:00:00+00:00";"39";"01";"84";"2021";"NON";"NON";"01358";"";"";"";"2021-10-06";"157984";""
"01359";"1199";"CC";"COM";"2005-06-09 22:00:00+00:00";"2003-02-10 23:00:00+00:00";"19";"01";"84";"2021";"NON";"NON";"01359";"";"";"";"2021-10-06";"70192";""
"01360";"3299";"PLUi/PLUiS";"CA";"2020-02-26 23:00:00+00:00";"2016-01-27 23:00:00+00:00";"39";"01";"84";"2021";"NON";"OUI";"240100750";"";"";"";"2021-10-06";"146677";""
"01361";"3199";"PLU";"COM";"2012-10-24 22:00:00+00:00";"2010-05-19 22:00:00+00:00";"39";"01";"84";"2021";"NON";"NON";"01361";"";"";"";"2021-10-06";"61158";""
"01362";"3199";"PLU";"COM";"2020-03-08 23:00:00+00:00";"2014-09-22 22:00:00+00:00";"39";"01";"84";"2021";"NON";"NON";"01362";"";"";"";"2021-10-06";"132549";""
"01363";"3199";"PLU";"COM";"2019-02-05 23:00:00+00:00";"2013-10-02 22:00:00+00:00";"39";"01";"84";"2021";"NON";"NON";"01363";"";"";"";"2021-10-06";"125059";""
"01364";"3199";"PLU";"COM";"2019-04-17 22:00:00+00:00";"2010-07-05 22:00:00+00:00";"39";"01";"84";"2021";"NON";"NON";"01364";"";"";"";"2021-10-06";"11116";""
"01365";"3432";"PLU";"CC";"2005-03-02 23:00:00+00:00";"2000-08-24 22:00:00+00:00";"33";"01";"84";"2021";"NON";"NON";"200070555";"";"";"";"2021-10-06";"50565";""
"01366";"3131";"PLU";"COM";"2008-01-29 23:00:00+00:00";"2001-10-28 23:00:00+00:00";"33";"01";"84";"2021";"NON";"NON";"01366";"";"";"";"2021-10-06";"50566";""
"01367";"3199";"PLU";"COM";"2011-09-07 22:00:00+00:00";"2007-03-07 23:00:00+00:00";"39";"01";"84";"2021";"NON";"NON";"01367";"";"";"";"2021-10-06";"49964";""
"01369";"3199";"PLU";"COM";"2013-12-05 23:00:00+00:00";"2009-07-28 22:00:00+00:00";"39";"01";"84";"2021";"NON";"NON";"01369";"";"";"";"2021-10-06";"63702";""
"01370";"3199";"PLU";"COM";"2003-06-12 22:00:00+00:00";"2001-01-21 23:00:00+00:00";"39";"01";"84";"2021";"NON";"NON";"01370";"";"";"";"2021-10-06";"50567";""
"01371";"3199";"PLU";"COM";"2006-07-03 22:00:00+00:00";"2003-01-27 23:00:00+00:00";"39";"01";"84";"2021";"NON";"NON";"01371";"";"";"";"2021-10-06";"50568";""
"01373";"3399";"PLUi/PLUiS";"CA";"2019-12-18 23:00:00+00:00";"2015-12-16 23:00:00+00:00";"39";"01";"84";"2021";"OUI";"NON";"200042935";"";"";"";"2021-10-06";"144537";""
"01374";"3199";"PLU";"COM";"2020-03-08 23:00:00+00:00";"2012-10-07 22:00:00+00:00";"39";"01";"84";"2021";"NON";"NON";"01374";"";"";"";"2021-10-06";"117540";""
"01375";"3199";"PLU";"COM";"2005-07-03 22:00:00+00:00";"2002-11-03 23:00:00+00:00";"39";"01";"84";"2021";"NON";"NON";"01375";"";"";"";"2021-10-06";"50570";""
"01376";"3131";"PLU";"COM";"2014-03-13 23:00:00+00:00";"2011-06-29 22:00:00+00:00";"33";"01";"84";"2021";"NON";"NON";"01376";"";"";"";"2021-10-06";"98348";""
"01378";"3199";"PLU";"COM";"2013-04-23 22:00:00+00:00";"2008-10-29 23:00:00+00:00";"39";"01";"84";"2021";"NON";"NON";"01378";"";"";"";"2021-10-06";"63704";""
"01379";"3199";"PLU";"COM";"2019-08-28 22:00:00+00:00";"2015-12-08 23:00:00+00:00";"39";"01";"84";"2021";"NON";"NON";"01379";"";"";"";"2021-10-06";"144536";""
"01380";"3199";"PLU";"COM";"2018-01-24 23:00:00+00:00";"2013-05-22 22:00:00+00:00";"39";"01";"84";"2021";"NON";"NON";"01380";"";"";"";"2021-10-06";"125147";""
"01381";"3199";"PLU";"COM";"2014-02-23 23:00:00+00:00";"2005-02-06 23:00:00+00:00";"39";"01";"84";"2021";"NON";"NON";"01381";"";"";"";"2021-10-06";"63736";""
"01382";"3199";"PLU";"COM";"2015-06-24 22:00:00+00:00";"2008-10-22 22:00:00+00:00";"39";"01";"84";"2021";"NON";"NON";"01382";"";"";"";"2021-10-06";"61143";""
"01383";"3199";"PLU";"COM";"2014-03-19 23:00:00+00:00";"2008-09-25 22:00:00+00:00";"39";"01";"84";"2021";"NON";"NON";"01383";"";"";"";"2021-10-06";"61144";""
"01384";"3199";"PLU";"COM";"2020-02-17 23:00:00+00:00";"2017-04-11 22:00:00+00:00";"39";"01";"84";"2021";"NON";"NON";"01384";"";"";"";"2021-10-06";"124855";""
"01385";"3199";"PLU";"COM";"2013-04-24 22:00:00+00:00";"2009-02-04 23:00:00+00:00";"39";"01";"84";"2021";"NON";"NON";"01385";"";"";"";"2021-10-06";"63737";""
"01386";"3199";"PLU";"COM";"2010-05-09 22:00:00+00:00";"2002-06-26 22:00:00+00:00";"39";"01";"84";"2021";"NON";"NON";"01386";"";"";"";"2021-10-06";"50601";""
"01387";"3199";"PLU";"COM";"2012-09-05 22:00:00+00:00";"2010-02-24 23:00:00+00:00";"39";"01";"84";"2021";"NON";"NON";"01387";"";"";"";"2021-10-06";"103010";""
"01388";"3199";"PLU";"COM";"2007-03-20 23:00:00+00:00";"2004-04-15 22:00:00+00:00";"39";"01";"84";"2021";"NON";"NON";"01388";"";"";"";"2021-10-06";"118039";""
"01389";"3199";"PLU";"COM";"2016-11-23 23:00:00+00:00";"2010-10-13 22:00:00+00:00";"39";"01";"84";"2021";"NON";"NON";"01389";"";"";"";"2021-10-06";"61151";""
"01390";"3131";"PLU";"COM";"2008-05-29 22:00:00+00:00";"2002-05-15 22:00:00+00:00";"33";"01";"84";"2021";"NON";"NON";"01390";"";"";"";"2021-10-06";"118173";""
"01391";"1111";"CC";"COM";"2008-08-04 22:00:00+00:00";"2004-12-13 23:00:00+00:00";"11";"01";"84";"2021";"NON";"NON";"01391";"";"";"";"2021-10-06";"11140";""
"01392";"3399";"PLUi/PLUiS";"CA";"2019-12-18 23:00:00+00:00";"2015-12-16 23:00:00+00:00";"39";"01";"84";"2021";"OUI";"NON";"200042935";"";"";"";"2021-10-06";"144537";""
"01393";"3199";"PLU";"COM";"2018-03-12 23:00:00+00:00";"2012-02-26 23:00:00+00:00";"39";"01";"84";"2021";"NON";"NON";"01393";"";"";"";"2021-10-06";"118316";""
"01397";"3299";"PLUi/PLUiS";"CA";"2020-02-26 23:00:00+00:00";"2016-01-27 23:00:00+00:00";"39";"01";"84";"2021";"NON";"OUI";"240100750";"";"";"";"2021-10-06";"146677";""
"01398";"3199";"PLU";"COM";"2016-11-09 23:00:00+00:00";"2010-07-07 22:00:00+00:00";"39";"01";"84";"2021";"NON";"NON";"01398";"";"";"";"2021-10-06";"118329";""
"01399";"3299";"PLUi/PLUiS";"CA";"2020-02-26 23:00:00+00:00";"2016-01-27 23:00:00+00:00";"39";"01";"84";"2021";"NON";"OUI";"240100750";"";"";"";"2021-10-06";"146677";""
"01401";"3299";"PLUi/PLUiS";"CA";"2020-02-26 23:00:00+00:00";"2016-01-27 23:00:00+00:00";"39";"01";"84";"2021";"NON";"OUI";"240100750";"";"";"";"2021-10-06";"146677";""
"01402";"3432";"PLU";"CC";"2015-06-22 22:00:00+00:00";"2011-04-13 22:00:00+00:00";"33";"01";"84";"2021";"NON";"NON";"200071371";"";"";"";"2021-10-06";"97976";""
"01403";"3199";"PLU";"COM";"2017-10-05 22:00:00+00:00";"2010-11-04 23:00:00+00:00";"39";"01";"84";"2021";"NON";"NON";"01403";"";"";"";"2021-10-06";"61154";""
"01405";"3131";"PLU";"COM";"2013-12-11 23:00:00+00:00";"2007-07-05 22:00:00+00:00";"33";"01";"84";"2021";"NON";"NON";"01405";"";"";"";"2021-10-06";"61155";""
"01406";"1199";"CC";"COM";"2008-10-21 22:00:00+00:00";"2004-01-15 23:00:00+00:00";"19";"01";"84";"2021";"NON";"NON";"01406";"";"";"";"2021-10-06";"11152";""
"01407";"3399";"PLUi/PLUiS";"CC";"2020-02-24 23:00:00+00:00";"2015-11-09 23:00:00+00:00";"39";"01";"84";"2021";"OUI";"NON";"200070852";"";"";"";"2021-10-06";"143205";""
"01408";"3199";"PLU";"COM";"2011-09-28 22:00:00+00:00";"2002-01-30 23:00:00+00:00";"39";"01";"84";"2021";"NON";"NON";"01408";"";"";"";"2021-10-06";"49971";""
"01410";"3399";"PLUi/PLUiS";"CA";"2019-12-18 23:00:00+00:00";"2015-12-16 23:00:00+00:00";"39";"01";"84";"2021";"OUI";"NON";"200042935";"";"";"";"2021-10-06";"144537";""
"01412";"3199";"PLU";"COM";"2013-11-04 23:00:00+00:00";"2008-12-08 23:00:00+00:00";"39";"01";"84";"2021";"NON";"NON";"01412";"";"";"";"2021-10-06";"61157";""
"01415";"3199";"PLU";"COM";"2020-02-11 23:00:00+00:00";"2016-11-02 23:00:00+00:00";"39";"01";"84";"2021";"NON";"NON";"01415";"";"";"";"2021-10-06";"152002";""
"01416";"3199";"PLU";"COM";"2014-09-02 22:00:00+00:00";"2004-06-29 22:00:00+00:00";"39";"01";"84";"2021";"NON";"NON";"01416";"";"";"";"2021-10-06";"63705";""
"01418";"3199";"PLU";"COM";"2015-11-12 23:00:00+00:00";"2010-03-10 23:00:00+00:00";"39";"01";"84";"2021";"NON";"NON";"01418";"";"";"";"2021-10-06";"61149";""
"01419";"3299";"PLUi/PLUiS";"CA";"2020-02-26 23:00:00+00:00";"2016-01-27 23:00:00+00:00";"39";"01";"84";"2021";"NON";"OUI";"240100750";"";"";"";"2021-10-06";"146677";""
"01420";"3199";"PLU";"COM";"2009-05-17 22:00:00+00:00";"1997-06-24 22:00:00+00:00";"39";"01";"84";"2021";"NON";"NON";"01420";"";"";"";"2021-10-06";"50606";""
"01421";"3199";"PLU";"COM";"2011-11-27 23:00:00+00:00";"2004-02-09 23:00:00+00:00";"39";"01";"84";"2021";"NON";"NON";"01421";"";"";"";"2021-10-06";"63706";""
"01422";"3131";"PLU";"COM";"2008-09-03 22:00:00+00:00";"2003-05-05 22:00:00+00:00";"33";"01";"84";"2021";"NON";"NON";"01422";"";"";"";"2021-10-06";"50607";""
"01423";"3131";"PLU";"COM";"2010-09-15 22:00:00+00:00";"2005-07-25 22:00:00+00:00";"33";"01";"84";"2021";"NON";"NON";"01423";"";"";"";"2021-10-06";"99396";""
"01424";"3199";"PLU";"COM";"2014-02-23 23:00:00+00:00";"2009-01-25 23:00:00+00:00";"39";"01";"84";"2021";"NON";"NON";"01424";"";"";"";"2021-10-06";"63707";""
"01425";"3199";"PLU";"COM";"2013-01-30 23:00:00+00:00";"2008-07-07 22:00:00+00:00";"39";"01";"84";"2021";"NON";"NON";"01425";"";"";"";"2021-10-06";"114373";""
"01426";"1131";"CC";"COM";"2013-11-05 23:00:00+00:00";"2010-05-24 22:00:00+00:00";"13";"01";"84";"2021";"NON";"NON";"01426";"";"";"";"2021-10-06";"102926";""
"01427";"3199";"PLU";"COM";"2019-02-12 23:00:00+00:00";"2016-02-09 23:00:00+00:00";"39";"01";"84";"2021";"NON";"NON";"01427";"";"";"";"2021-10-06";"147442";""
"01428";"1199";"CC";"COM";"2008-01-07 23:00:00+00:00";"2005-02-09 23:00:00+00:00";"19";"01";"84";"2021";"NON";"NON";"01428";"";"";"";"2021-10-06";"68780";""
"01429";"3199";"PLU";"COM";"2012-08-22 22:00:00+00:00";"2009-04-29 22:00:00+00:00";"39";"01";"84";"2021";"NON";"NON";"01429";"";"";"";"2021-10-06";"63708";""
"01430";"3199";"PLU";"COM";"2008-05-22 22:00:00+00:00";"2004-03-03 23:00:00+00:00";"39";"01";"84";"2021";"NON";"NON";"01430";"";"";"";"2021-10-06";"50611";""
"01431";"3199";"PLU";"COM";"2014-03-12 23:00:00+00:00";"2011-03-22 23:00:00+00:00";"39";"01";"84";"2021";"NON";"NON";"01431";"";"";"";"2021-10-06";"98700";""
"01432";"1199";"CC";"COM";"2015-01-27 23:00:00+00:00";"2010-04-12 22:00:00+00:00";"19";"01";"84";"2021";"NON";"NON";"01432";"";"";"";"2021-10-06";"118862";""
"01433";"1199";"CC";"COM";"2005-03-08 23:00:00+00:00";"2002-10-30 23:00:00+00:00";"19";"01";"84";"2021";"NON";"NON";"01433";"";"";"";"2021-10-06";"68790";""
"01435";"3299";"PLUi/PLUiS";"CA";"2020-02-26 23:00:00+00:00";"2016-01-27 23:00:00+00:00";"39";"01";"84";"2021";"NON";"OUI";"240100750";"";"";"";"2021-10-06";"146677";""
"01436";"3299";"PLUi/PLUiS";"CA";"2020-02-26 23:00:00+00:00";"2016-01-27 23:00:00+00:00";"39";"01";"84";"2021";"NON";"OUI";"240100750";"";"";"";"2021-10-06";"146677";""
"01437";"1199";"CC";"COM";"2006-07-06 22:00:00+00:00";"2003-12-11 23:00:00+00:00";"19";"01";"84";"2021";"NON";"NON";"01437";"";"";"";"2021-10-06";"11195";""
"01441";"3399";"PLUi/PLUiS";"CA";"2019-12-18 23:00:00+00:00";"2015-12-16 23:00:00+00:00";"39";"01";"84";"2021";"OUI";"NON";"200042935";"";"";"";"2021-10-06";"144537";""
"01443";"3199";"PLU";"COM";"2017-11-06 23:00:00+00:00";"2014-12-08 23:00:00+00:00";"39";"01";"84";"2021";"NON";"NON";"01443";"";"";"";"2021-10-06";"134721";""
"01445";"1199";"CC";"COM";"2004-08-11 22:00:00+00:00";"2003-02-10 23:00:00+00:00";"19";"01";"84";"2021";"NON";"NON";"01445";"";"";"";"2021-10-06";"68792";""
"01446";"3199";"PLU";"COM";"2019-02-18 23:00:00+00:00";"2008-12-04 23:00:00+00:00";"39";"01";"84";"2021";"NON";"NON";"01446";"";"";"";"2021-10-06";"61163";""
"01447";"3199";"PLU";"COM";"2008-02-17 23:00:00+00:00";"2001-09-30 22:00:00+00:00";"39";"01";"84";"2021";"NON";"NON";"01447";"";"";"";"2021-10-06";"56574";""
"01448";"1432";"CC";"CC";"2011-04-05 22:00:00+00:00";"2010-01-31 23:00:00+00:00";"13";"01";"84";"2021";"NON";"NON";"240100891";"";"";"";"2021-10-06";"98772";""
"01449";"3199";"PLU";"COM";"2017-03-19 23:00:00+00:00";"2010-10-03 22:00:00+00:00";"39";"01";"84";"2021";"NON";"NON";"01449";"";"";"";"2021-10-06";"63710";""
"01450";"3131";"PLU";"COM";"2004-03-25 23:00:00+00:00";"2001-07-09 22:00:00+00:00";"33";"01";"84";"2021";"NON";"NON";"01450";"";"";"";"2021-10-06";"50614";""
"01451";"3199";"PLU";"COM";"2007-12-16 23:00:00+00:00";"2004-04-26 22:00:00+00:00";"39";"01";"84";"2021";"NON";"NON";"01451";"";"";"";"2021-10-06";"50615";""
"01452";"3131";"PLU";"COM";"2012-06-13 22:00:00+00:00";"2005-11-14 23:00:00+00:00";"33";"01";"84";"2021";"NON";"NON";"01452";"";"";"";"2021-10-06";"63738";""
"01453";"1111";"CC";"COM";"2010-02-01 23:00:00+00:00";"2005-06-22 22:00:00+00:00";"11";"01";"84";"2021";"NON";"NON";"01453";"";"";"";"2021-10-06";"70371";""
"01454";"3131";"PLU";"COM";"2006-04-26 22:00:00+00:00";"2001-10-10 22:00:00+00:00";"33";"01";"84";"2021";"NON";"NON";"01454";"";"";"";"2021-10-06";"50618";""
"01456";"1199";"CC";"COM";"2006-06-01 22:00:00+00:00";"2004-03-07 23:00:00+00:00";"19";"01";"84";"2021";"NON";"NON";"01456";"";"";"";"2021-10-06";"11197";""
"01457";"3432";"PLU";"CC";"2013-12-01 23:00:00+00:00";"2008-09-07 22:00:00+00:00";"33";"01";"84";"2021";"NON";"NON";"200070555";"";"";"";"2021-10-06";"61159";""
"02003";"3199";"PLU";"COM";"2017-05-21 22:00:00+00:00";"2015-04-06 22:00:00+00:00";"39";"02";"32";"2021";"NON";"NON";"02003";"";"";"";"2021-10-06";"137212";""
"02005";"1199";"CC";"COM";"2012-06-04 22:00:00+00:00";"2010-08-31 22:00:00+00:00";"19";"02";"32";"2021";"NON";"NON";"02005";"";"";"";"2021-10-06";"65603";""
"02009";"3199";"PLU";"COM";"2009-03-22 23:00:00+00:00";"2005-10-05 22:00:00+00:00";"39";"02";"32";"2021";"NON";"NON";"02009";"";"";"";"2021-10-06";"21548";""
"02010";"3199";"PLU";"COM";"2013-10-01 22:00:00+00:00";"2009-06-23 22:00:00+00:00";"39";"02";"32";"2021";"NON";"NON";"02010";"";"";"";"2021-10-06";"49100";""
"02011";"3299";"PLUi/PLUiS";"CC";"2020-02-20 23:00:00+00:00";"2015-12-03 23:00:00+00:00";"39";"02";"32";"2021";"NON";"OUI";"02011";"";"";"";"2021-10-06";"145096";""
"02015";"3299";"PLUi/PLUiS";"CC";"2020-02-20 23:00:00+00:00";"2015-12-03 23:00:00+00:00";"39";"02";"32";"2021";"NON";"OUI";"02015";"";"";"";"2021-10-06";"145096";""
"02018";"3131";"PLU";"COM";"2013-06-19 22:00:00+00:00";"2010-10-18 22:00:00+00:00";"33";"02";"32";"2021";"NON";"NON";"02018";"";"";"";"2021-10-06";"87878";""
"02021";"3299";"PLUi/PLUiS";"CC";"2016-11-01 23:00:00+00:00";"2011-03-16 23:00:00+00:00";"39";"02";"32";"2021";"NON";"OUI";"02021";"";"";"";"2021-10-06";"76536";""
"02025";"3432";"PLU";"CA";"2018-06-18 22:00:00+00:00";"2015-03-18 23:00:00+00:00";"33";"02";"32";"2021";"NON";"NON";"02025";"";"";"";"2021-10-06";"140150";""
"02028";"3199";"PLU";"COM";"2013-10-13 22:00:00+00:00";"2010-05-30 22:00:00+00:00";"39";"02";"32";"2021";"NON";"NON";"02028";"";"";"";"2021-10-06";"61160";""
"02029";"1432";"CC";"CC";"2007-01-29 23:00:00+00:00";"2005-05-11 22:00:00+00:00";"13";"02";"32";"2021";"NON";"NON";"240200493";"";"";"";"2021-10-06";"67517";""
"02030";"1432";"CC";"CC";"2014-09-25 22:00:00+00:00";"2013-02-20 23:00:00+00:00";"13";"02";"32";"2021";"NON";"NON";"240200493";"";"";"";"2021-10-06";"120947";""
"02031";"3432";"PLU";"CC";"2011-01-07 23:00:00+00:00";"2005-07-25 22:00:00+00:00";"33";"02";"32";"2021";"NON";"NON";"02031";"";"";"";"2021-10-06";"49099";""
"02034";"3299";"PLUi/PLUiS";"CC";"2020-02-20 23:00:00+00:00";"2015-12-03 23:00:00+00:00";"39";"02";"32";"2021";"NON";"OUI";"02034";"";"";"";"2021-10-06";"145096";""
"02035";"1499";"CC";"CC";"2008-11-02 23:00:00+00:00";"2005-10-10 22:00:00+00:00";"19";"02";"32";"2021";"NON";"NON";"02035";"";"";"";"2021-10-06";"41256";""
"02037";"3199";"PLU";"COM";"2010-01-28 23:00:00+00:00";"2004-10-05 22:00:00+00:00";"39";"02";"32";"2021";"NON";"NON";"02037";"";"";"";"2021-10-06";"50619";""
"02038";"3299";"PLUi/PLUiS";"CC";"2016-11-01 23:00:00+00:00";"2011-03-16 23:00:00+00:00";"39";"02";"32";"2021";"NON";"OUI";"02038";"";"";"";"2021-10-06";"76536";""
"02041";"3199";"PLU";"COM";"2008-09-14 22:00:00+00:00";"2001-12-11 23:00:00+00:00";"39";"02";"32";"2021";"NON";"NON";"02041";"";"";"";"2021-10-06";"50620";""
"02042";"3499";"PLU";"CA";"2015-06-21 22:00:00+00:00";"2010-05-09 22:00:00+00:00";"39";"02";"32";"2021";"NON";"NON";"02042";"";"";"";"2021-10-06";"61161";""
"02046";"3432";"PLU";"CC";"2004-11-18 23:00:00+00:00";"2000-10-19 22:00:00+00:00";"33";"02";"32";"2021";"NON";"NON";"240200469";"";"";"";"2021-10-06";"50621";""
"02049";"3199";"PLU";"COM";"2008-02-26 23:00:00+00:00";"2004-12-21 23:00:00+00:00";"39";"02";"32";"2021";"NON";"NON";"02049";"";"";"";"2021-10-06";"50622";""
"02053";"1499";"CC";"CA";"2011-01-31 23:00:00+00:00";"2008-07-14 22:00:00+00:00";"19";"02";"32";"2021";"NON";"NON";"02053";"";"";"";"2021-10-06";"68796";""
"02054";"3199";"PLU";"COM";"2020-03-08 23:00:00+00:00";"2018-04-08 22:00:00+00:00";"39";"02";"32";"2021";"NON";"NON";"02054";"";"";"";"2021-10-06";"168290";""
"02056";"1199";"CC";"COM";"2010-06-03 22:00:00+00:00";"2006-02-23 23:00:00+00:00";"19";"02";"32";"2021";"NON";"NON";"02056";"";"";"";"2021-10-06";"68797";""
"02057";"3432";"PLU";"CC";"2014-01-30 23:00:00+00:00";"2010-05-20 22:00:00+00:00";"33";"02";"32";"2021";"NON";"NON";"240200493";"";"";"";"2021-10-06";"65039";""
"02058";"3199";"PLU";"COM";"2012-03-15 23:00:00+00:00";"2008-09-26 22:00:00+00:00";"39";"02";"32";"2021";"NON";"NON";"02058";"";"";"";"2021-10-06";"49101";""
"02059";"3199";"PLU";"COM";"2008-03-06 23:00:00+00:00";"2002-01-24 23:00:00+00:00";"39";"02";"32";"2021";"NON";"NON";"02059";"";"";"";"2021-10-06";"50624";""
"02061";"1432";"CC";"CC";"2014-11-02 23:00:00+00:00";"2012-09-25 22:00:00+00:00";"13";"02";"32";"2021";"NON";"NON";"240200493";"";"";"";"2021-10-06";"113692";""
"02062";"3499";"PLU";"CA";"2019-11-17 23:00:00+00:00";"2015-11-12 23:00:00+00:00";"39";"02";"32";"2021";"NON";"NON";"02062";"";"";"";"2021-10-06";"146700";""
"02064";"3199";"PLU";"COM";"2015-02-08 23:00:00+00:00";"2009-02-18 23:00:00+00:00";"39";"02";"32";"2021";"NON";"NON";"02064";"";"";"";"2021-10-06";"61162";""
"02065";"1432";"CC";"CC";"2014-08-26 22:00:00+00:00";"2012-10-01 22:00:00+00:00";"13";"02";"32";"2021";"NON";"NON";"240200493";"";"";"";"2021-10-06";"113946";""
"02067";"1199";"CC";"COM";"2012-06-04 22:00:00+00:00";"2009-08-31 22:00:00+00:00";"19";"02";"32";"2021";"NON";"NON";"02067";"";"";"";"2021-10-06";"66583";""
"02069";"3299";"PLUi/PLUiS";"CC";"2016-11-01 23:00:00+00:00";"2011-03-16 23:00:00+00:00";"39";"02";"32";"2021";"NON";"OUI";"02069";"";"";"";"2021-10-06";"76536";""
"02071";"3299";"PLUi/PLUiS";"CC";"2020-02-20 23:00:00+00:00";"2015-12-03 23:00:00+00:00";"39";"02";"32";"2021";"NON";"OUI";"02071";"";"";"";"2021-10-06";"145096";""
"02073";"3199";"PLU";"COM";"2020-03-04 23:00:00+00:00";"2016-12-08 23:00:00+00:00";"39";"02";"32";"2021";"NON";"NON";"02073";"";"";"";"2021-10-06";"156437";""
"02077";"3199";"PLU";"COM";"2011-07-04 22:00:00+00:00";"2007-09-13 22:00:00+00:00";"39";"02";"32";"2021";"NON";"NON";"02077";"";"";"";"2021-10-06";"49104";""
"02081";"1199";"CC";"COM";"2009-08-23 22:00:00+00:00";"2005-11-17 23:00:00+00:00";"19";"02";"32";"2021";"NON";"NON";"02081";"";"";"";"2021-10-06";"29181";""
"02083";"3499";"PLU";"CA";"2013-05-26 22:00:00+00:00";"2010-03-30 22:00:00+00:00";"39";"02";"32";"2021";"NON";"NON";"02083";"";"";"";"2021-10-06";"49113";""
"02084";"3199";"PLU";"COM";"2012-03-08 23:00:00+00:00";"2009-09-10 22:00:00+00:00";"39";"02";"32";"2021";"NON";"NON";"02084";"";"";"";"2021-10-06";"61164";""
"02085";"3499";"PLU";"CA";"2010-07-08 22:00:00+00:00";"2008-04-23 22:00:00+00:00";"39";"02";"32";"2021";"NON";"NON";"02085";"";"";"";"2021-10-06";"42289";""
"02086";"3199";"PLU";"COM";"2012-10-15 22:00:00+00:00";"2008-11-20 23:00:00+00:00";"39";"02";"32";"2021";"NON";"NON";"02086";"";"";"";"2021-10-06";"49105";""
"02087";"3299";"PLUi/PLUiS";"CC";"2020-02-20 23:00:00+00:00";"2015-12-03 23:00:00+00:00";"39";"02";"32";"2021";"NON";"OUI";"02087";"";"";"";"2021-10-06";"145096";""
"02089";"3131";"PLU";"COM";"2004-03-16 23:00:00+00:00";"2002-02-18 23:00:00+00:00";"33";"02";"32";"2021";"NON";"NON";"02089";"";"";"";"2021-10-06";"50629";""
"02094";"3499";"PLU";"CA";"2014-02-19 23:00:00+00:00";"2011-04-19 22:00:00+00:00";"39";"02";"32";"2021";"NON";"NON";"02094";"";"";"";"2021-10-06";"76297";""
"02095";"3432";"PLU";"CC";"2007-11-28 23:00:00+00:00";"2001-12-05 23:00:00+00:00";"33";"02";"32";"2021";"NON";"NON";"240200493";"";"";"";"2021-10-06";"50631";""
"02099";"1499";"CC";"CA";"2009-04-05 22:00:00+00:00";"2005-12-05 23:00:00+00:00";"19";"02";"32";"2021";"NON";"NON";"02099";"";"";"";"2021-10-06";"68798";""
"02100";"1432";"CC";"CC";"2012-07-22 22:00:00+00:00";"2009-01-30 23:00:00+00:00";"13";"02";"32";"2021";"NON";"NON";"240200493";"";"";"";"2021-10-06";"66652";""
"02103";"3199";"PLU";"COM";"2013-12-15 23:00:00+00:00";"2009-01-11 23:00:00+00:00";"39";"02";"32";"2021";"NON";"NON";"02103";"";"";"";"2021-10-06";"61165";""
"02110";"3199";"PLU";"COM";"2017-07-18 22:00:00+00:00";"2014-10-16 22:00:00+00:00";"39";"02";"32";"2021";"NON";"NON";"02110";"";"";"";"2021-10-06";"61166";""
"02112";"1432";"CC";"CC";"2014-12-04 23:00:00+00:00";"2010-10-28 22:00:00+00:00";"13";"02";"32";"2021";"NON";"NON";"240200493";"";"";"";"2021-10-06";"66653";""
"02114";"3499";"PLU";"CA";"2009-03-22 23:00:00+00:00";"2005-06-22 22:00:00+00:00";"39";"02";"32";"2021";"NON";"NON";"02114";"";"";"";"2021-10-06";"50627";""
"02118";"3199";"PLU";"COM";"2017-07-06 22:00:00+00:00";"2015-10-12 22:00:00+00:00";"39";"02";"32";"2021";"NON";"NON";"02118";"";"";"";"2021-10-06";"142139";""
"02126";"3299";"PLUi/PLUiS";"CC";"2016-11-01 23:00:00+00:00";"2011-03-16 23:00:00+00:00";"39";"02";"32";"2021";"NON";"OUI";"02126";"";"";"";"2021-10-06";"76536";""
"02128";"3199";"PLU";"COM";"2016-06-27 22:00:00+00:00";"2013-11-04 23:00:00+00:00";"39";"02";"32";"2021";"NON";"NON";"02128";"";"";"";"2021-10-06";"129098";""
"02131";"3199";"PLU";"COM";"2011-02-27 23:00:00+00:00";"2008-06-22 22:00:00+00:00";"39";"02";"32";"2021";"NON";"NON";"02131";"";"";"";"2021-10-06";"61167";""
"02134";"3432";"PLU";"CC";"2006-12-13 23:00:00+00:00";"2003-12-09 23:00:00+00:00";"33";"02";"32";"2021";"NON";"NON";"02134";"";"";"";"2021-10-06";"50628";""
"02135";"3199";"PLU";"COM";"2009-10-15 22:00:00+00:00";"2007-01-18 23:00:00+00:00";"39";"02";"32";"2021";"NON";"NON";"02135";"";"";"";"2021-10-06";"50635";""
"02139";"1199";"CC";"COM";"2010-10-05 22:00:00+00:00";"2005-11-03 23:00:00+00:00";"19";"02";"32";"2021";"NON";"NON";"02139";"";"";"";"2021-10-06";"68799";""
"02140";"1199";"CC";"COM";"2012-10-03 22:00:00+00:00";"2008-06-05 22:00:00+00:00";"19";"02";"32";"2021";"NON";"NON";"02140";"";"";"";"2021-10-06";"65783";""
"02141";"3199";"PLU";"COM";"2009-11-01 23:00:00+00:00";"2002-05-20 22:00:00+00:00";"39";"02";"32";"2021";"NON";"NON";"02141";"";"";"";"2021-10-06";"50632";""
"02142";"3332";"PLUi/PLUiS";"CA";"2014-02-16 23:00:00+00:00";"2011-04-10 22:00:00+00:00";"33";"02";"32";"2021";"OUI";"NON";"02142";"";"";"";"2021-10-06";"76626";""
"02145";"3199";"PLU";"COM";"2019-04-17 22:00:00+00:00";"2012-06-16 22:00:00+00:00";"39";"02";"32";"2021";"NON";"NON";"02145";"";"";"";"2021-10-06";"108883";""
"02148";"3131";"PLU";"COM";"2004-10-07 22:00:00+00:00";"2000-09-07 22:00:00+00:00";"33";"02";"32";"2021";"NON";"NON";"02148";"";"";"";"2021-10-06";"50640";""
"02149";"1199";"CC";"COM";"2012-02-06 23:00:00+00:00";"2008-12-07 23:00:00+00:00";"19";"02";"32";"2021";"NON";"NON";"02149";"";"";"";"2021-10-06";"66584";""
"02150";"1199";"CC";"COM";"2008-08-12 22:00:00+00:00";"2006-02-09 23:00:00+00:00";"19";"02";"32";"2021";"NON";"NON";"02150";"";"";"";"2021-10-06";"29182";""
"02157";"3199";"PLU";"COM";"2020-12-07 23:00:00+00:00";"2017-12-11 23:00:00+00:00";"39";"02";"32";"2021";"NON";"NON";"02157";"";"";"";"2021-10-06";"161039";""
"02158";"3199";"PLU";"COM";"2020-12-21 23:00:00+00:00";"2017-06-14 22:00:00+00:00";"39";"02";"32";"2021";"NON";"NON";"02158";"";"";"";"2021-10-06";"156906";""
"02160";"3299";"PLUi/PLUiS";"CC";"2016-11-01 23:00:00+00:00";"2011-03-16 23:00:00+00:00";"39";"02";"32";"2021";"NON";"OUI";"02160";"";"";"";"2021-10-06";"76536";""
"02162";"3199";"PLU";"COM";"2017-06-27 22:00:00+00:00";"2015-02-10 23:00:00+00:00";"39";"02";"32";"2021";"NON";"NON";"02162";"";"";"";"2021-10-06";"137240";""
"02163";"3199";"PLU";"COM";"2019-06-10 22:00:00+00:00";"2016-07-12 22:00:00+00:00";"39";"02";"32";"2021";"NON";"NON";"02163";"";"";"";"2021-10-06";"150916";""
"02165";"3199";"PLU";"COM";"2013-06-12 22:00:00+00:00";"2006-05-10 22:00:00+00:00";"39";"02";"32";"2021";"NON";"NON";"02165";"";"";"";"2021-10-06";"61168";""
"02166";"3499";"PLU";"CA";"2015-02-17 23:00:00+00:00";"2009-09-25 22:00:00+00:00";"39";"02";"32";"2021";"NON";"NON";"02166";"";"";"";"2021-10-06";"49112";""
"02168";"3499";"PLU";"CA";"2013-03-12 23:00:00+00:00";"2008-11-23 23:00:00+00:00";"39";"02";"32";"2021";"NON";"NON";"02168";"";"";"";"2021-10-06";"61169";""
"02170";"1199";"CC";"COM";"2008-05-25 22:00:00+00:00";"2005-07-05 22:00:00+00:00";"19";"02";"32";"2021";"NON";"NON";"02170";"";"";"";"2021-10-06";"68800";""
"02173";"3199";"PLU";"COM";"2015-12-16 23:00:00+00:00";"2010-06-23 22:00:00+00:00";"39";"02";"32";"2021";"NON";"NON";"02173";"";"";"";"2021-10-06";"61170";""
"02174";"3131";"PLU";"COM";"2004-07-08 22:00:00+00:00";"1997-11-20 23:00:00+00:00";"33";"02";"32";"2021";"NON";"NON";"02174";"";"";"";"2021-10-06";"50645";""
"02176";"3199";"PLU";"COM";"2015-02-02 23:00:00+00:00";"2010-04-26 22:00:00+00:00";"39";"02";"32";"2021";"NON";"NON";"02176";"";"";"";"2021-10-06";"49114";""
"02180";"3432";"PLU";"CC";"2013-10-13 22:00:00+00:00";"2009-11-08 23:00:00+00:00";"33";"02";"32";"2021";"NON";"NON";"240200469";"";"";"";"2021-10-06";"49950";""
"02181";"3299";"PLUi/PLUiS";"CC";"2016-11-01 23:00:00+00:00";"2011-03-16 23:00:00+00:00";"39";"02";"32";"2021";"NON";"OUI";"02181";"";"";"";"2021-10-06";"76536";""
"02185";"3499";"PLU";"CA";"2013-06-25 22:00:00+00:00";"2010-06-29 22:00:00+00:00";"39";"02";"32";"2021";"NON";"NON";"02185";"";"";"";"2021-10-06";"61171";""
"02186";"3199";"PLU";"COM";"2016-01-28 23:00:00+00:00";"2013-02-07 23:00:00+00:00";"39";"02";"32";"2021";"NON";"NON";"02186";"";"";"";"2021-10-06";"120137";""
"02187";"3499";"PLU";"CA";"2018-04-02 22:00:00+00:00";"2014-02-16 23:00:00+00:00";"39";"02";"32";"2021";"NON";"NON";"02187";"";"";"";"2021-10-06";"129968";""
"02190";"3131";"PLU";"COM";"2005-11-23 23:00:00+00:00";"2001-06-10 22:00:00+00:00";"33";"02";"32";"2021";"NON";"NON";"02190";"";"";"";"2021-10-06";"50650";""
"02191";"3199";"PLU";"COM";"2010-11-28 23:00:00+00:00";"2007-03-18 23:00:00+00:00";"39";"02";"32";"2021";"NON";"NON";"02191";"";"";"";"2021-10-06";"50647";""
"02192";"3299";"PLUi/PLUiS";"CC";"2020-02-20 23:00:00+00:00";"2015-12-03 23:00:00+00:00";"39";"02";"32";"2021";"NON";"OUI";"02192";"";"";"";"2021-10-06";"145096";""
"02195";"3199";"PLU";"COM";"2009-02-18 23:00:00+00:00";"2004-08-19 22:00:00+00:00";"39";"02";"32";"2021";"NON";"NON";"02195";"";"";"";"2021-10-06";"50652";""
"02196";"3199";"PLU";"COM";"2016-10-19 22:00:00+00:00";"2011-11-02 23:00:00+00:00";"39";"02";"32";"2021";"NON";"NON";"02196";"";"";"";"2021-10-06";"96189";""
"02197";"1199";"CC";"COM";"2008-06-11 22:00:00+00:00";"2006-01-29 23:00:00+00:00";"19";"02";"32";"2021";"NON";"NON";"02197";"";"";"";"2021-10-06";"67518";""
"02199";"3432";"PLU";"CA";"2010-09-08 22:00:00+00:00";"2006-11-13 23:00:00+00:00";"33";"02";"32";"2021";"NON";"NON";"02199";"";"";"";"2021-10-06";"50657";""
"02200";"3299";"PLUi/PLUiS";"CC";"2016-11-01 23:00:00+00:00";"2011-03-16 23:00:00+00:00";"39";"02";"32";"2021";"NON";"OUI";"02200";"";"";"";"2021-10-06";"76536";""
"02201";"3299";"PLUi/PLUiS";"CC";"2020-02-20 23:00:00+00:00";"2015-12-03 23:00:00+00:00";"39";"02";"32";"2021";"NON";"OUI";"02201";"";"";"";"2021-10-06";"145096";""
"02203";"1499";"CC";"CA";"2007-02-03 23:00:00+00:00";"2003-06-22 22:00:00+00:00";"19";"02";"32";"2021";"NON";"NON";"02203";"";"";"";"2021-10-06";"67519";""
"02207";"1199";"CC";"COM";"2009-10-26 23:00:00+00:00";"2002-09-11 22:00:00+00:00";"19";"02";"32";"2021";"NON";"NON";"02207";"";"";"";"2021-10-06";"14073";""
"02208";"1131";"CC";"COM";"2007-08-09 22:00:00+00:00";"2005-10-03 22:00:00+00:00";"13";"02";"32";"2021";"NON";"NON";"02208";"";"";"";"2021-10-06";"29180";""
"02209";"3499";"PLU";"CA";"2008-02-19 23:00:00+00:00";"2005-05-03 22:00:00+00:00";"39";"02";"32";"2021";"NON";"NON";"02209";"";"";"";"2021-10-06";"50653";""
"02210";"3199";"PLU";"COM";"2017-01-16 23:00:00+00:00";"2014-11-11 23:00:00+00:00";"39";"02";"32";"2021";"NON";"NON";"02210";"";"";"";"2021-10-06";"133576";""
"02211";"3199";"PLU";"COM";"2006-11-09 23:00:00+00:00";"2002-06-16 22:00:00+00:00";"39";"02";"32";"2021";"NON";"NON";"02211";"";"";"";"2021-10-06";"50655";""
"02212";"3199";"PLU";"COM";"2016-12-19 23:00:00+00:00";"2012-11-27 23:00:00+00:00";"39";"02";"32";"2021";"NON";"NON";"02212";"";"";"";"2021-10-06";"122357";""
"02214";"3332";"PLUi/PLUiS";"CA";"2014-02-16 23:00:00+00:00";"2011-04-10 22:00:00+00:00";"33";"02";"32";"2021";"OUI";"NON";"02214";"";"";"";"2021-10-06";"76626";""
"02215";"1199";"CC";"COM";"2010-06-03 22:00:00+00:00";"2006-01-20 23:00:00+00:00";"19";"02";"32";"2021";"NON";"NON";"02215";"";"";"";"2021-10-06";"68803";""
"02216";"3299";"PLUi/PLUiS";"CC";"2020-02-20 23:00:00+00:00";"2015-12-03 23:00:00+00:00";"39";"02";"32";"2021";"NON";"OUI";"02216";"";"";"";"2021-10-06";"145096";""
"02217";"3199";"PLU";"COM";"2011-12-08 23:00:00+00:00";"2005-04-14 22:00:00+00:00";"39";"02";"32";"2021";"NON";"NON";"02217";"";"";"";"2021-10-06";"61172";""
"02218";"3199";"PLU";"COM";"2020-02-20 23:00:00+00:00";"2016-05-19 22:00:00+00:00";"39";"02";"32";"2021";"NON";"NON";"02218";"";"";"";"2021-10-06";"149002";""
"02219";"1199";"CC";"COM";"2013-08-19 22:00:00+00:00";"2011-06-05 22:00:00+00:00";"19";"02";"32";"2021";"NON";"NON";"02219";"";"";"";"2021-10-06";"78173";""
"02220";"3499";"PLU";"CA";"2013-05-26 22:00:00+00:00";"2010-03-30 22:00:00+00:00";"39";"02";"32";"2021";"NON";"NON";"02220";"";"";"";"2021-10-06";"49974";""
"02221";"3199";"PLU";"COM";"2020-02-24 23:00:00+00:00";"2015-02-18 23:00:00+00:00";"39";"02";"32";"2021";"NON";"NON";"02221";"";"";"";"2021-10-06";"139069";""
"02222";"3199";"PLU";"COM";"2019-09-16 22:00:00+00:00";"2014-02-03 23:00:00+00:00";"39";"02";"32";"2021";"NON";"NON";"02222";"";"";"";"2021-10-06";"129099";""
"02223";"1499";"CC";"CA";"2005-04-11 22:00:00+00:00";"2002-07-18 22:00:00+00:00";"19";"02";"32";"2021";"NON";"NON";"02223";"";"";"";"2021-10-06";"67521";""
"02226";"3131";"PLU";"COM";"2009-04-29 22:00:00+00:00";"2006-02-06 23:00:00+00:00";"33";"02";"32";"2021";"NON";"NON";"02226";"";"";"";"2021-10-06";"50648";""
"02228";"1434";"CC";"CA";"2009-08-19 22:00:00+00:00";"2007-11-11 23:00:00+00:00";"13";"02";"32";"2021";"NON";"NON";"02228";"";"";"";"2021-10-06";"68805";""
"02230";"3199";"PLU";"COM";"2017-07-10 22:00:00+00:00";"2014-07-14 22:00:00+00:00";"39";"02";"32";"2021";"NON";"NON";"02230";"";"";"";"2021-10-06";"134717";""
"02231";"3432";"PLU";"CC";"2016-12-11 23:00:00+00:00";"2014-06-11 22:00:00+00:00";"33";"02";"32";"2021";"NON";"NON";"240200469";"";"";"";"2021-10-06";"130457";""
"02232";"3299";"PLUi/PLUiS";"CC";"2020-02-20 23:00:00+00:00";"2015-12-03 23:00:00+00:00";"39";"02";"32";"2021";"NON";"OUI";"02232";"";"";"";"2021-10-06";"145096";""
"02236";"3199";"PLU";"COM";"2013-05-15 22:00:00+00:00";"2009-04-01 22:00:00+00:00";"39";"02";"32";"2021";"NON";"NON";"02236";"";"";"";"2021-10-06";"49117";""
"02237";"3432";"PLU";"CC";"2012-10-28 23:00:00+00:00";"2009-09-03 22:00:00+00:00";"33";"02";"32";"2021";"NON";"NON";"240200469";"";"";"";"2021-10-06";"61173";""
"02238";"3199";"PLU";"COM";"2014-01-22 23:00:00+00:00";"2006-06-28 22:00:00+00:00";"39";"02";"32";"2021";"NON";"NON";"02238";"";"";"";"2021-10-06";"61174";""
"02239";"3499";"PLU";"CA";"2004-12-16 23:00:00+00:00";"2002-03-07 23:00:00+00:00";"39";"02";"32";"2021";"NON";"NON";"02239";"";"";"";"2021-10-06";"50662";""
"02240";"1432";"CC";"CC";"2017-11-01 23:00:00+00:00";"2012-09-19 22:00:00+00:00";"13";"02";"32";"2021";"NON";"NON";"240200493";"";"";"";"2021-10-06";"113694";""
"02243";"3199";"PLU";"COM";"2005-10-12 22:00:00+00:00";"1996-08-29 22:00:00+00:00";"39";"02";"32";"2021";"NON";"NON";"02243";"";"";"";"2021-10-06";"50665";""
"02246";"1432";"CC";"CA";"2009-03-17 23:00:00+00:00";"2004-02-12 23:00:00+00:00";"13";"02";"32";"2021";"NON";"NON";"02246";"";"";"";"2021-10-06";"68802";""
"02251";"3299";"PLUi/PLUiS";"CC";"2016-11-01 23:00:00+00:00";"2011-03-16 23:00:00+00:00";"39";"02";"32";"2021";"NON";"OUI";"02251";"";"";"";"2021-10-06";"76536";""
"02254";"3299";"PLUi/PLUiS";"CC";"2020-02-20 23:00:00+00:00";"2015-12-03 23:00:00+00:00";"39";"02";"32";"2021";"NON";"OUI";"02254";"";"";"";"2021-10-06";"145096";""
"02256";"3299";"PLUi/PLUiS";"CC";"2016-11-01 23:00:00+00:00";"2011-03-16 23:00:00+00:00";"39";"02";"32";"2021";"NON";"OUI";"02256";"";"";"";"2021-10-06";"76536";""
"02257";"1432";"CC";"CA";"2007-08-06 22:00:00+00:00";"2004-12-21 23:00:00+00:00";"13";"02";"32";"2021";"NON";"NON";"02257";"";"";"";"2021-10-06";"67522";""
"02258";"3299";"PLUi/PLUiS";"CC";"2020-02-20 23:00:00+00:00";"2015-12-03 23:00:00+00:00";"39";"02";"32";"2021";"NON";"OUI";"02258";"";"";"";"2021-10-06";"145096";""
"02259";"3299";"PLUi/PLUiS";"CC";"2020-02-20 23:00:00+00:00";"2015-12-03 23:00:00+00:00";"39";"02";"32";"2021";"NON";"OUI";"02259";"";"";"";"2021-10-06";"145096";""
"02260";"3199";"PLU";"COM";"2018-02-21 23:00:00+00:00";"2014-12-10 23:00:00+00:00";"39";"02";"32";"2021";"NON";"NON";"02260";"";"";"";"2021-10-06";"139549";""
"02264";"3299";"PLUi/PLUiS";"CC";"2016-11-01 23:00:00+00:00";"2011-03-16 23:00:00+00:00";"39";"02";"32";"2021";"NON";"OUI";"02264";"";"";"";"2021-10-06";"76536";""
"02265";"3299";"PLUi/PLUiS";"CC";"2016-11-01 23:00:00+00:00";"2011-03-16 23:00:00+00:00";"39";"02";"32";"2021";"NON";"OUI";"02265";"";"";"";"2021-10-06";"76536";""
"02266";"3299";"PLUi/PLUiS";"CC";"2016-11-01 23:00:00+00:00";"2011-03-16 23:00:00+00:00";"39";"02";"32";"2021";"NON";"OUI";"02266";"";"";"";"2021-10-06";"76536";""
"02267";"3299";"PLUi/PLUiS";"CC";"2020-02-20 23:00:00+00:00";"2015-12-03 23:00:00+00:00";"39";"02";"32";"2021";"NON";"OUI";"02267";"";"";"";"2021-10-06";"145096";""
"02268";"3199";"PLU";"COM";"2013-10-10 22:00:00+00:00";"2009-11-19 23:00:00+00:00";"39";"02";"32";"2021";"NON";"NON";"02268";"";"";"";"2021-10-06";"61175";""
"02277";"3299";"PLUi/PLUiS";"CC";"2020-02-20 23:00:00+00:00";"2015-12-03 23:00:00+00:00";"39";"02";"32";"2021";"NON";"OUI";"02277";"";"";"";"2021-10-06";"145096";""
"02279";"3499";"PLU";"CA";"2004-06-27 22:00:00+00:00";"2001-09-06 22:00:00+00:00";"39";"02";"32";"2021";"NON";"NON";"02279";"";"";"";"2021-10-06";"50667";""
"02281";"3199";"PLU";"COM";"2018-09-13 22:00:00+00:00";"2015-06-25 22:00:00+00:00";"39";"02";"32";"2021";"NON";"NON";"02281";"";"";"";"2021-10-06";"140061";""
"02282";"3199";"PLU";"COM";"2019-09-25 22:00:00+00:00";"2015-02-18 23:00:00+00:00";"39";"02";"32";"2021";"NON";"NON";"02282";"";"";"";"2021-10-06";"139110";""
"02287";"3199";"PLU";"COM";"2006-04-04 22:00:00+00:00";"2001-10-08 22:00:00+00:00";"39";"02";"32";"2021";"NON";"NON";"02287";"";"";"";"2021-10-06";"50672";""
"02288";"3332";"PLUi/PLUiS";"CA";"2014-02-16 23:00:00+00:00";"2011-04-10 22:00:00+00:00";"33";"02";"32";"2021";"OUI";"NON";"02288";"";"";"";"2021-10-06";"76626";""
"02289";"3199";"PLU";"COM";"2020-11-11 23:00:00+00:00";"2015-06-17 22:00:00+00:00";"39";"02";"32";"2021";"NON";"NON";"02289";"";"";"";"2021-10-06";"139550";""
"02290";"3499";"PLU";"CA";"2014-05-26 22:00:00+00:00";"2011-03-28 22:00:00+00:00";"39";"02";"32";"2021";"NON";"NON";"02290";"";"";"";"2021-10-06";"76299";""
"02292";"3499";"PLU";"CA";"2018-07-08 22:00:00+00:00";"2015-02-04 23:00:00+00:00";"39";"02";"32";"2021";"NON";"NON";"02292";"";"";"";"2021-10-06";"134743";""
"02293";"1432";"CC";"CC";"2016-04-03 22:00:00+00:00";"2012-10-08 22:00:00+00:00";"13";"02";"32";"2021";"NON";"NON";"240200493";"";"";"";"2021-10-06";"113696";""
"02295";"3199";"PLU";"COM";"2017-02-21 23:00:00+00:00";"2009-02-03 23:00:00+00:00";"39";"02";"32";"2021";"NON";"NON";"02295";"";"";"";"2021-10-06";"49921";""
"02297";"1414";"CC";"CA";"2008-07-27 22:00:00+00:00";"2002-11-24 23:00:00+00:00";"11";"02";"32";"2021";"NON";"NON";"02297";"";"";"";"2021-10-06";"67523";""
"02298";"3399";"PLUi/PLUiS";"CC";"2014-09-08 22:00:00+00:00";"2008-09-15 22:00:00+00:00";"39";"02";"32";"2021";"OUI";"NON";"02298";"";"";"";"2021-10-06";"134976";""
"02302";"3299";"PLUi/PLUiS";"CC";"2020-02-20 23:00:00+00:00";"2015-12-03 23:00:00+00:00";"39";"02";"32";"2021";"NON";"OUI";"02302";"";"";"";"2021-10-06";"145096";""
"02303";"3332";"PLUi/PLUiS";"CA";"2014-02-16 23:00:00+00:00";"2011-04-10 22:00:00+00:00";"33";"02";"32";"2021";"OUI";"NON";"02303";"";"";"";"2021-10-06";"76626";""
"02304";"3199";"PLU";"COM";"2019-12-11 23:00:00+00:00";"2015-02-11 23:00:00+00:00";"39";"02";"32";"2021";"NON";"NON";"02304";"";"";"";"2021-10-06";"139123";""
"02305";"3499";"PLU";"CA";"2007-12-12 23:00:00+00:00";"2001-10-16 22:00:00+00:00";"39";"02";"32";"2021";"NON";"NON";"02305";"";"";"";"2021-10-06";"50678";""
"02307";"3299";"PLUi/PLUiS";"CC";"2020-02-20 23:00:00+00:00";"2015-12-03 23:00:00+00:00";"39";"02";"32";"2021";"NON";"OUI";"02307";"";"";"";"2021-10-06";"145096";""
"02310";"3332";"PLUi/PLUiS";"CA";"2014-02-16 23:00:00+00:00";"2011-04-10 22:00:00+00:00";"33";"02";"32";"2021";"OUI";"NON";"02310";"";"";"";"2021-10-06";"76626";""
"02311";"3199";"PLU";"COM";"2013-03-26 23:00:00+00:00";"2008-09-03 22:00:00+00:00";"39";"02";"32";"2021";"NON";"NON";"02311";"";"";"";"2021-10-06";"49121";""
"02312";"3199";"PLU";"COM";"2004-09-20 22:00:00+00:00";"2002-10-09 22:00:00+00:00";"39";"02";"32";"2021";"NON";"NON";"02312";"";"";"";"2021-10-06";"50681";""
"02315";"3432";"PLU";"CA";"2013-09-23 22:00:00+00:00";"2007-02-07 23:00:00+00:00";"33";"02";"32";"2021";"NON";"NON";"02315";"";"";"";"2021-10-06";"61177";""
"02316";"3299";"PLUi/PLUiS";"CC";"2020-02-20 23:00:00+00:00";"2015-12-03 23:00:00+00:00";"39";"02";"32";"2021";"NON";"OUI";"02316";"";"";"";"2021-10-06";"145096";""
"02318";"3199";"PLU";"COM";"2013-07-11 22:00:00+00:00";"2008-12-22 23:00:00+00:00";"39";"02";"32";"2021";"NON";"NON";"02318";"";"";"";"2021-10-06";"49125";""
"02319";"3332";"PLUi/PLUiS";"CA";"2014-02-16 23:00:00+00:00";"2011-04-10 22:00:00+00:00";"33";"02";"32";"2021";"OUI";"NON";"02319";"";"";"";"2021-10-06";"76626";""
"02321";"3199";"PLU";"COM";"2017-05-08 22:00:00+00:00";"2008-12-10 23:00:00+00:00";"39";"02";"32";"2021";"NON";"NON";"02321";"";"";"";"2021-10-06";"61178";""
"02322";"3332";"PLUi/PLUiS";"CA";"2014-02-16 23:00:00+00:00";"2011-04-10 22:00:00+00:00";"33";"02";"32";"2021";"OUI";"NON";"02322";"";"";"";"2021-10-06";"76626";""
"02326";"3299";"PLUi/PLUiS";"CC";"2020-02-20 23:00:00+00:00";"2015-12-03 23:00:00+00:00";"39";"02";"32";"2021";"NON";"OUI";"02326";"";"";"";"2021-10-06";"145096";""
"02328";"3499";"PLU";"CA";"2019-11-17 23:00:00+00:00";"2016-02-22 23:00:00+00:00";"39";"02";"32";"2021";"NON";"NON";"02328";"";"";"";"2021-10-06";"149284";""
"02334";"3432";"PLU";"CC";"2010-09-09 22:00:00+00:00";"2006-02-02 23:00:00+00:00";"33";"02";"32";"2021";"NON";"NON";"240200493";"";"";"";"2021-10-06";"50684";""
"02336";"1199";"CC";"COM";"2004-12-28 23:00:00+00:00";"2001-10-04 22:00:00+00:00";"19";"02";"32";"2021";"NON";"NON";"02336";"";"";"";"2021-10-06";"29186";""
"02340";"3332";"PLUi/PLUiS";"CA";"2014-02-16 23:00:00+00:00";"2011-04-10 22:00:00+00:00";"33";"02";"32";"2021";"OUI";"NON";"02340";"";"";"";"2021-10-06";"76626";""
"02346";"1199";"CC";"COM";"2012-09-20 22:00:00+00:00";"2010-11-03 23:00:00+00:00";"19";"02";"32";"2021";"NON";"NON";"02346";"";"";"";"2021-10-06";"65604";""
"02352";"3432";"PLU";"CC";"2017-06-14 22:00:00+00:00";"2008-09-18 22:00:00+00:00";"33";"02";"32";"2021";"NON";"NON";"240200493";"";"";"";"2021-10-06";"49120";""
"02354";"3299";"PLUi/PLUiS";"CC";"2016-11-01 23:00:00+00:00";"2011-03-16 23:00:00+00:00";"39";"02";"32";"2021";"NON";"OUI";"02354";"";"";"";"2021-10-06";"76536";""
"02355";"3432";"PLU";"CC";"2007-03-25 22:00:00+00:00";"2005-03-24 23:00:00+00:00";"33";"02";"32";"2021";"NON";"NON";"240200493";"";"";"";"2021-10-06";"50687";""
"02356";"1499";"CC";"CA";"2008-08-27 22:00:00+00:00";"2006-03-29 22:00:00+00:00";"19";"02";"32";"2021";"NON";"NON";"02356";"";"";"";"2021-10-06";"67526";""
"02358";"3399";"PLUi/PLUiS";"CC";"2014-09-08 22:00:00+00:00";"2008-09-15 22:00:00+00:00";"39";"02";"32";"2021";"OUI";"NON";"02358";"";"";"";"2021-10-06";"134976";""
"02359";"3332";"PLUi/PLUiS";"CA";"2014-02-16 23:00:00+00:00";"2011-04-10 22:00:00+00:00";"33";"02";"32";"2021";"OUI";"NON";"02359";"";"";"";"2021-10-06";"76626";""
"02360";"3199";"PLU";"COM";"2015-12-15 23:00:00+00:00";"2009-12-01 23:00:00+00:00";"39";"02";"32";"2021";"NON";"NON";"02360";"";"";"";"2021-10-06";"61179";""
"02361";"3499";"PLU";"CC";"2008-02-24 23:00:00+00:00";"2003-03-30 22:00:00+00:00";"39";"02";"32";"2021";"NON";"NON";"02361";"";"";"";"2021-10-06";"50689";""
"02362";"1199";"CC";"COM";"2009-06-28 22:00:00+00:00";"2006-01-26 23:00:00+00:00";"19";"02";"32";"2021";"NON";"NON";"02362";"";"";"";"2021-10-06";"68806";""
"02363";"3199";"PLU";"COM";"2018-11-13 23:00:00+00:00";"2011-02-02 23:00:00+00:00";"39";"02";"32";"2021";"NON";"NON";"02363";"";"";"";"2021-10-06";"65040";""
"02364";"1199";"CC";"COM";"2009-10-07 22:00:00+00:00";"2007-01-22 23:00:00+00:00";"19";"02";"32";"2021";"NON";"NON";"02364";"";"";"";"2021-10-06";"68807";""
"02366";"3399";"PLUi/PLUiS";"CC";"2014-09-08 22:00:00+00:00";"2008-09-15 22:00:00+00:00";"39";"02";"32";"2021";"OUI";"NON";"02366";"";"";"";"2021-10-06";"134976";""
"02368";"3299";"PLUi/PLUiS";"CC";"2020-02-20 23:00:00+00:00";"2015-12-03 23:00:00+00:00";"39";"02";"32";"2021";"NON";"OUI";"02368";"";"";"";"2021-10-06";"145096";""
"02370";"3432";"PLU";"CC";"2011-06-09 22:00:00+00:00";"2006-06-08 22:00:00+00:00";"33";"02";"32";"2021";"NON";"NON";"240200493";"";"";"";"2021-10-06";"49123";""
"02371";"3332";"PLUi/PLUiS";"CA";"2014-02-16 23:00:00+00:00";"2011-04-10 22:00:00+00:00";"33";"02";"32";"2021";"OUI";"NON";"02371";"";"";"";"2021-10-06";"76626";""
"02372";"1414";"CC";"CC";"2012-05-10 22:00:00+00:00";"2009-04-15 22:00:00+00:00";"11";"02";"32";"2021";"NON";"NON";"240200519";"";"";"";"2021-10-06";"66585";""
"02374";"3432";"PLU";"CC";"2010-03-02 23:00:00+00:00";"2007-06-03 22:00:00+00:00";"33";"02";"32";"2021";"NON";"NON";"240200493";"";"";"";"2021-10-06";"29150";""
"02381";"3432";"PLU";"CC";"2010-12-15 23:00:00+00:00";"2004-03-28 22:00:00+00:00";"33";"02";"32";"2021";"NON";"NON";"240200600";"";"";"";"2021-10-06";"44";""
"02383";"3332";"PLUi/PLUiS";"CA";"2014-02-16 23:00:00+00:00";"2011-04-10 22:00:00+00:00";"33";"02";"32";"2021";"OUI";"NON";"02383";"";"";"";"2021-10-06";"76626";""
"02387";"3199";"PLU";"COM";"2008-11-20 23:00:00+00:00";"2005-02-03 23:00:00+00:00";"39";"02";"32";"2021";"NON";"NON";"02387";"";"";"";"2021-10-06";"50692";""
"02388";"1432";"CC";"CC";"2011-02-02 23:00:00+00:00";"2006-06-29 22:00:00+00:00";"13";"02";"32";"2021";"NON";"NON";"02388";"";"";"";"2021-10-06";"48031";""
"02389";"3499";"PLU";"CA";"2017-09-24 22:00:00+00:00";"2014-11-16 23:00:00+00:00";"39";"02";"32";"2021";"NON";"NON";"02389";"";"";"";"2021-10-06";"133501";""
"02397";"3432";"PLU";"CA";"2010-12-06 23:00:00+00:00";"2006-11-26 23:00:00+00:00";"33";"02";"32";"2021";"NON";"NON";"02397";"";"";"";"2021-10-06";"50693";""
"02398";"1199";"CC";"COM";"2007-02-21 23:00:00+00:00";"2001-12-13 23:00:00+00:00";"19";"02";"32";"2021";"NON";"NON";"02398";"";"";"";"2021-10-06";"67527";""
"02399";"1199";"CC";"COM";"2012-10-28 23:00:00+00:00";"2009-06-28 22:00:00+00:00";"19";"02";"32";"2021";"NON";"NON";"02399";"";"";"";"2021-10-06";"14080";""
"02400";"3199";"PLU";"COM";"2016-06-19 22:00:00+00:00";"2011-07-04 22:00:00+00:00";"39";"02";"32";"2021";"NON";"NON";"02400";"";"";"";"2021-10-06";"78175";""
"02407";"1199";"CC";"COM";"2013-01-06 23:00:00+00:00";"2005-09-08 22:00:00+00:00";"19";"02";"32";"2021";"NON";"NON";"02407";"";"";"";"2021-10-06";"107096";""
"02408";"3199";"PLU";"COM";"2018-12-09 23:00:00+00:00";"2015-06-21 22:00:00+00:00";"39";"02";"32";"2021";"NON";"NON";"02408";"";"";"";"2021-10-06";"140148";""
"02410";"3299";"PLUi/PLUiS";"CC";"2020-02-20 23:00:00+00:00";"2015-12-03 23:00:00+00:00";"39";"02";"32";"2021";"NON";"OUI";"02410";"";"";"";"2021-10-06";"145096";""
"02413";"1199";"CC";"COM";"2012-10-08 22:00:00+00:00";"2008-10-02 22:00:00+00:00";"19";"02";"32";"2021";"NON";"NON";"02413";"";"";"";"2021-10-06";"65788";""
"02415";"3299";"PLUi/PLUiS";"CC";"2020-02-20 23:00:00+00:00";"2015-12-03 23:00:00+00:00";"39";"02";"32";"2021";"NON";"OUI";"02415";"";"";"";"2021-10-06";"145096";""
"02417";"1432";"CC";"CC";"2014-07-08 22:00:00+00:00";"2012-09-25 22:00:00+00:00";"13";"02";"32";"2021";"NON";"NON";"240200493";"";"";"";"2021-10-06";"113695";""
"02420";"3332";"PLUi/PLUiS";"CA";"2014-02-16 23:00:00+00:00";"2011-04-10 22:00:00+00:00";"33";"02";"32";"2021";"OUI";"NON";"02420";"";"";"";"2021-10-06";"76626";""
"02424";"1199";"CC";"COM";"2008-11-26 23:00:00+00:00";"2006-01-30 23:00:00+00:00";"19";"02";"32";"2021";"NON";"NON";"02424";"";"";"";"2021-10-06";"67528";""
"02426";"3432";"PLU";"CC";"2015-03-29 22:00:00+00:00";"2008-06-05 22:00:00+00:00";"33";"02";"32";"2021";"NON";"NON";"240200493";"";"";"";"2021-10-06";"49129";""
"02430";"3199";"PLU";"COM";"2017-03-28 22:00:00+00:00";"2010-10-18 22:00:00+00:00";"39";"02";"32";"2021";"NON";"NON";"02430";"";"";"";"2021-10-06";"61183";""
"02431";"3199";"PLU";"COM";"2014-07-07 22:00:00+00:00";"2010-09-01 22:00:00+00:00";"39";"02";"32";"2021";"NON";"NON";"02431";"";"";"";"2021-10-06";"61186";""
"02433";"3299";"PLUi/PLUiS";"CC";"2016-11-01 23:00:00+00:00";"2011-03-16 23:00:00+00:00";"39";"02";"32";"2021";"NON";"OUI";"02433";"";"";"";"2021-10-06";"76536";""
"02438";"3299";"PLUi/PLUiS";"CC";"2020-02-20 23:00:00+00:00";"2015-12-03 23:00:00+00:00";"39";"02";"32";"2021";"NON";"OUI";"02438";"";"";"";"2021-10-06";"145096";""
"02439";"3199";"PLU";"COM";"2013-03-25 23:00:00+00:00";"2009-05-12 22:00:00+00:00";"39";"02";"32";"2021";"NON";"NON";"02439";"";"";"";"2021-10-06";"49952";""
"02441";"3299";"PLUi/PLUiS";"CC";"2020-02-20 23:00:00+00:00";"2015-12-03 23:00:00+00:00";"39";"02";"32";"2021";"NON";"OUI";"02441";"";"";"";"2021-10-06";"145096";""
"02443";"3199";"PLU";"COM";"2015-05-21 22:00:00+00:00";"2012-09-20 22:00:00+00:00";"39";"02";"32";"2021";"NON";"NON";"02443";"";"";"";"2021-10-06";"113051";""
"02449";"3299";"PLUi/PLUiS";"CC";"2020-02-20 23:00:00+00:00";"2015-12-03 23:00:00+00:00";"39";"02";"32";"2021";"NON";"OUI";"02449";"";"";"";"2021-10-06";"145096";""
"02453";"3199";"PLU";"COM";"2020-06-11 22:00:00+00:00";"2018-04-12 22:00:00+00:00";"39";"02";"32";"2021";"NON";"NON";"02453";"";"";"";"2021-10-06";"162984";""
"02454";"1199";"CC";"COM";"2011-01-27 23:00:00+00:00";"2009-01-08 23:00:00+00:00";"19";"02";"32";"2021";"NON";"NON";"02454";"";"";"";"2021-10-06";"66658";""
"02456";"1199";"CC";"COM";"2010-02-18 23:00:00+00:00";"2007-04-05 22:00:00+00:00";"19";"02";"32";"2021";"NON";"NON";"02456";"";"";"";"2021-10-06";"68809";""
"02458";"1499";"CC";"CA";"2015-01-15 23:00:00+00:00";"2009-11-19 23:00:00+00:00";"19";"02";"32";"2021";"NON";"NON";"02458";"";"";"";"2021-10-06";"66656";""
"02459";"3332";"PLUi/PLUiS";"CA";"2014-02-16 23:00:00+00:00";"2011-04-10 22:00:00+00:00";"33";"02";"32";"2021";"OUI";"NON";"02459";"";"";"";"2021-10-06";"76626";""
"02461";"1199";"CC";"COM";"2008-06-23 22:00:00+00:00";"2002-12-03 23:00:00+00:00";"19";"02";"32";"2021";"NON";"NON";"02461";"";"";"";"2021-10-06";"68810";""
"02462";"1499";"CC";"CA";"2009-11-17 23:00:00+00:00";"2004-03-28 22:00:00+00:00";"19";"02";"32";"2021";"NON";"NON";"02462";"";"";"";"2021-10-06";"14082";""
"02464";"3199";"PLU";"COM";"2008-02-03 23:00:00+00:00";"2005-03-13 23:00:00+00:00";"39";"02";"32";"2021";"NON";"NON";"02464";"";"";"";"2021-10-06";"50699";""
"02465";"3199";"PLU";"COM";"2018-09-20 22:00:00+00:00";"2017-04-05 22:00:00+00:00";"39";"02";"32";"2021";"NON";"NON";"02465";"";"";"";"2021-10-06";"156436";""
"02466";"3299";"PLUi/PLUiS";"CC";"2020-02-20 23:00:00+00:00";"2015-12-03 23:00:00+00:00";"39";"02";"32";"2021";"NON";"OUI";"02466";"";"";"";"2021-10-06";"145096";""
"02467";"3299";"PLUi/PLUiS";"CC";"2020-02-20 23:00:00+00:00";"2015-12-03 23:00:00+00:00";"39";"02";"32";"2021";"NON";"OUI";"02467";"";"";"";"2021-10-06";"145096";""
"02468";"3432";"PLU";"CC";"2016-12-12 23:00:00+00:00";"2009-09-17 22:00:00+00:00";"33";"02";"32";"2021";"NON";"NON";"240200469";"";"";"";"2021-10-06";"61187";""
"02471";"1199";"CC";"COM";"2008-03-27 23:00:00+00:00";"2005-06-05 22:00:00+00:00";"19";"02";"32";"2021";"NON";"NON";"02471";"";"";"";"2021-10-06";"67529";""
"02473";"1199";"CC";"COM";"2009-02-15 23:00:00+00:00";"2007-01-28 23:00:00+00:00";"19";"02";"32";"2021";"NON";"NON";"02473";"";"";"";"2021-10-06";"68812";""
"02474";"1199";"CC";"COM";"2009-10-04 22:00:00+00:00";"2003-03-23 23:00:00+00:00";"19";"02";"32";"2021";"NON";"NON";"02474";"";"";"";"2021-10-06";"68813";""
"02476";"3399";"PLUi/PLUiS";"CC";"2014-09-08 22:00:00+00:00";"2008-09-15 22:00:00+00:00";"39";"02";"32";"2021";"OUI";"NON";"02476";"";"";"";"2021-10-06";"134976";""
"02477";"3131";"PLU";"COM";"2006-09-11 22:00:00+00:00";"2004-06-27 22:00:00+00:00";"33";"02";"32";"2021";"NON";"NON";"02477";"";"";"";"2021-10-06";"50702";""
"02478";"1199";"CC";"COM";"2014-03-14 23:00:00+00:00";"2011-12-18 23:00:00+00:00";"19";"02";"32";"2021";"NON";"NON";"02478";"";"";"";"2021-10-06";"96194";""
"02481";"3332";"PLUi/PLUiS";"CA";"2014-02-16 23:00:00+00:00";"2011-04-10 22:00:00+00:00";"33";"02";"32";"2021";"OUI";"NON";"02481";"";"";"";"2021-10-06";"76626";""
"02484";"3499";"PLU";"CA";"2018-04-02 22:00:00+00:00";"2014-11-20 23:00:00+00:00";"39";"02";"32";"2021";"NON";"NON";"02484";"";"";"";"2021-10-06";"134719";""
"02487";"3199";"PLU";"COM";"2017-06-11 22:00:00+00:00";"2015-09-06 22:00:00+00:00";"39";"02";"32";"2021";"NON";"NON";"02487";"";"";"";"2021-10-06";"140152";""
"02488";"3399";"PLUi/PLUiS";"CC";"2014-09-08 22:00:00+00:00";"2008-09-15 22:00:00+00:00";"39";"02";"32";"2021";"OUI";"NON";"02488";"";"";"";"2021-10-06";"134976";""
"02489";"1199";"CC";"COM";"2010-08-19 22:00:00+00:00";"2006-02-09 23:00:00+00:00";"19";"02";"32";"2021";"NON";"NON";"02489";"";"";"";"2021-10-06";"43029";""
"02496";"3299";"PLUi/PLUiS";"CC";"2020-02-20 23:00:00+00:00";"2015-12-03 23:00:00+00:00";"39";"02";"32";"2021";"NON";"OUI";"02496";"";"";"";"2021-10-06";"145096";""
"02497";"3199";"PLU";"COM";"2012-10-29 23:00:00+00:00";"2009-10-04 22:00:00+00:00";"39";"02";"32";"2021";"NON";"NON";"02497";"";"";"";"2021-10-06";"61188";""
"02500";"1432";"CC";"CC";"2008-08-20 22:00:00+00:00";"2005-05-08 22:00:00+00:00";"13";"02";"32";"2021";"NON";"NON";"240200493";"";"";"";"2021-10-06";"67530";""
"02502";"3299";"PLUi/PLUiS";"CC";"2016-11-01 23:00:00+00:00";"2011-03-16 23:00:00+00:00";"39";"02";"32";"2021";"NON";"OUI";"02502";"";"";"";"2021-10-06";"76536";""
"02503";"3199";"PLU";"COM";"2013-05-06 22:00:00+00:00";"2007-06-25 22:00:00+00:00";"39";"02";"32";"2021";"NON";"NON";"02503";"";"";"";"2021-10-06";"49093";""
"02504";"3432";"PLU";"CA";"2016-09-29 22:00:00+00:00";"2014-06-19 22:00:00+00:00";"33";"02";"32";"2021";"NON";"NON";"02504";"";"";"";"2021-10-06";"130715";""
"02505";"3199";"PLU";"COM";"2018-07-02 22:00:00+00:00";"2015-06-15 22:00:00+00:00";"39";"02";"32";"2021";"NON";"NON";"02505";"";"";"";"2021-10-06";"142804";""
"02506";"3299";"PLUi/PLUiS";"CC";"2020-02-20 23:00:00+00:00";"2015-12-03 23:00:00+00:00";"39";"02";"32";"2021";"NON";"OUI";"02506";"";"";"";"2021-10-06";"145096";""
"02508";"3199";"PLU";"COM";"2013-06-19 22:00:00+00:00";"2006-05-14 22:00:00+00:00";"39";"02";"32";"2021";"NON";"NON";"02508";"";"";"";"2021-10-06";"49094";""
"02510";"1499";"CC";"CA";"2008-03-16 23:00:00+00:00";"2006-09-05 22:00:00+00:00";"19";"02";"32";"2021";"NON";"NON";"02510";"";"";"";"2021-10-06";"67514";""
"02514";"3299";"PLUi/PLUiS";"CC";"2020-02-20 23:00:00+00:00";"2015-12-03 23:00:00+00:00";"39";"02";"32";"2021";"NON";"OUI";"02514";"";"";"";"2021-10-06";"145096";""
"02519";"3299";"PLUi/PLUiS";"CC";"2016-11-01 23:00:00+00:00";"2011-03-16 23:00:00+00:00";"39";"02";"32";"2021";"NON";"OUI";"02519";"";"";"";"2021-10-06";"76536";""
"02521";"3131";"PLU";"COM";"2006-02-26 23:00:00+00:00";"2002-10-08 22:00:00+00:00";"33";"02";"32";"2021";"NON";"NON";"02521";"";"";"";"2021-10-06";"50578";""
"02525";"3332";"PLUi/PLUiS";"CA";"2014-02-16 23:00:00+00:00";"2011-04-10 22:00:00+00:00";"33";"02";"32";"2021";"OUI";"NON";"02525";"";"";"";"2021-10-06";"76626";""
"02526";"3299";"PLUi/PLUiS";"CC";"2016-11-01 23:00:00+00:00";"2011-03-16 23:00:00+00:00";"39";"02";"32";"2021";"NON";"OUI";"02526";"";"";"";"2021-10-06";"76536";""
"02527";"3299";"PLUi/PLUiS";"CC";"2020-02-20 23:00:00+00:00";"2015-12-03 23:00:00+00:00";"39";"02";"32";"2021";"NON";"OUI";"02527";"";"";"";"2021-10-06";"145096";""
"02528";"3299";"PLUi/PLUiS";"CC";"2020-02-20 23:00:00+00:00";"2015-12-03 23:00:00+00:00";"39";"02";"32";"2021";"NON";"OUI";"02528";"";"";"";"2021-10-06";"145096";""
"02531";"1199";"CC";"COM";"2006-10-23 22:00:00+00:00";"2004-02-12 23:00:00+00:00";"19";"02";"32";"2021";"NON";"NON";"02531";"";"";"";"2021-10-06";"67515";""
"02532";"3199";"PLU";"COM";"2010-04-29 22:00:00+00:00";"2005-11-03 23:00:00+00:00";"39";"02";"32";"2021";"NON";"NON";"02532";"";"";"";"2021-10-06";"41544";""
"02540";"3499";"PLU";"CA";"2018-05-28 22:00:00+00:00";"2015-05-20 22:00:00+00:00";"39";"02";"32";"2021";"NON";"NON";"02540";"";"";"";"2021-10-06";"139457";""
"02542";"1199";"CC";"COM";"2008-07-01 22:00:00+00:00";"2005-12-15 23:00:00+00:00";"19";"02";"32";"2021";"NON";"NON";"02542";"";"";"";"2021-10-06";"68771";""
"02543";"3499";"PLU";"CA";"2013-06-25 22:00:00+00:00";"2008-10-14 22:00:00+00:00";"39";"02";"32";"2021";"NON";"NON";"02543";"";"";"";"2021-10-06";"61140";""
"02546";"1199";"CC";"COM";"2008-02-06 23:00:00+00:00";"2002-10-23 22:00:00+00:00";"19";"02";"32";"2021";"NON";"NON";"02546";"";"";"";"2021-10-06";"67516";""
"02548";"1131";"CC";"COM";"2010-05-11 22:00:00+00:00";"2007-04-02 22:00:00+00:00";"13";"02";"32";"2021";"NON";"NON";"02548";"";"";"";"2021-10-06";"41893";""
"02549";"3332";"PLUi/PLUiS";"CA";"2014-02-16 23:00:00+00:00";"2011-04-10 22:00:00+00:00";"33";"02";"32";"2021";"OUI";"NON";"02549";"";"";"";"2021-10-06";"76626";""
"02550";"3199";"PLU";"COM";"2004-09-06 22:00:00+00:00";"2003-01-17 23:00:00+00:00";"39";"02";"32";"2021";"NON";"NON";"02550";"";"";"";"2021-10-06";"50586";""
"02552";"3199";"PLU";"COM";"2013-03-14 23:00:00+00:00";"2008-10-28 23:00:00+00:00";"39";"02";"32";"2021";"NON";"NON";"02552";"";"";"";"2021-10-06";"49967";""
"02554";"3499";"PLU";"CA";"2012-12-26 23:00:00+00:00";"2010-09-21 22:00:00+00:00";"39";"02";"32";"2021";"NON";"NON";"02554";"";"";"";"2021-10-06";"61139";""
"02555";"3199";"PLU";"COM";"2017-12-17 23:00:00+00:00";"2014-09-04 22:00:00+00:00";"39";"02";"32";"2021";"NON";"NON";"02555";"";"";"";"2021-10-06";"132649";""
"02556";"3299";"PLUi/PLUiS";"CC";"2016-11-01 23:00:00+00:00";"2011-03-16 23:00:00+00:00";"39";"02";"32";"2021";"NON";"OUI";"02556";"";"";"";"2021-10-06";"76536";""
"02557";"3299";"PLUi/PLUiS";"CC";"2020-02-20 23:00:00+00:00";"2015-12-03 23:00:00+00:00";"39";"02";"32";"2021";"NON";"OUI";"02557";"";"";"";"2021-10-06";"145096";""
"02558";"3199";"PLU";"COM";"2007-04-18 22:00:00+00:00";"2005-05-11 22:00:00+00:00";"39";"02";"32";"2021";"NON";"NON";"02558";"";"";"";"2021-10-06";"50589";""
"02562";"3299";"PLUi/PLUiS";"CC";"2020-02-20 23:00:00+00:00";"2015-12-03 23:00:00+00:00";"39";"02";"32";"2021";"NON";"OUI";"02562";"";"";"";"2021-10-06";"145096";""
"02566";"3199";"PLU";"COM";"2012-06-25 22:00:00+00:00";"2010-01-27 23:00:00+00:00";"39";"02";"32";"2021";"NON";"NON";"02566";"";"";"";"2021-10-06";"61141";""
"02568";"3299";"PLUi/PLUiS";"CC";"2020-02-20 23:00:00+00:00";"2015-12-03 23:00:00+00:00";"39";"02";"32";"2021";"NON";"OUI";"02568";"";"";"";"2021-10-06";"145096";""
"02569";"3399";"PLUi/PLUiS";"CC";"2014-09-08 22:00:00+00:00";"2008-09-15 22:00:00+00:00";"39";"02";"32";"2021";"OUI";"NON";"02569";"";"";"";"2021-10-06";"134976";""
"02571";"3332";"PLUi/PLUiS";"CA";"2014-02-16 23:00:00+00:00";"2011-04-10 22:00:00+00:00";"33";"02";"32";"2021";"OUI";"NON";"02571";"";"";"";"2021-10-06";"76626";""
"02572";"3199";"PLU";"COM";"2006-06-15 22:00:00+00:00";"2000-06-15 22:00:00+00:00";"39";"02";"32";"2021";"NON";"NON";"02572";"";"";"";"2021-10-06";"50590";""
"02574";"3432";"PLU";"CC";"2011-07-10 22:00:00+00:00";"2006-04-03 22:00:00+00:00";"33";"02";"32";"2021";"NON";"NON";"02574";"";"";"";"2021-10-06";"49095";""
"02575";"3199";"PLU";"COM";"2018-02-12 23:00:00+00:00";"2015-06-18 22:00:00+00:00";"39";"02";"32";"2021";"NON";"NON";"02575";"";"";"";"2021-10-06";"142140";""
"02576";"1199";"CC";"COM";"2012-07-30 22:00:00+00:00";"2008-09-18 22:00:00+00:00";"19";"02";"32";"2021";"NON";"NON";"02576";"";"";"";"2021-10-06";"65780";""
"02580";"3499";"PLU";"CC";"2011-08-29 22:00:00+00:00";"2007-11-18 23:00:00+00:00";"39";"02";"32";"2021";"NON";"NON";"240200519";"";"";"";"2021-10-06";"49096";""
"02586";"3299";"PLUi/PLUiS";"CC";"2016-11-01 23:00:00+00:00";"2011-03-16 23:00:00+00:00";"39";"02";"32";"2021";"NON";"OUI";"02586";"";"";"";"2021-10-06";"76536";""
"02593";"3199";"PLU";"COM";"2014-02-05 23:00:00+00:00";"2011-04-10 22:00:00+00:00";"39";"02";"32";"2021";"NON";"NON";"02593";"";"";"";"2021-10-06";"78303";""
"02594";"3299";"PLUi/PLUiS";"CC";"2020-02-20 23:00:00+00:00";"2015-12-03 23:00:00+00:00";"39";"02";"32";"2021";"NON";"OUI";"02594";"";"";"";"2021-10-06";"145096";""
"02596";"3199";"PLU";"COM";"2019-01-24 23:00:00+00:00";"2015-03-26 23:00:00+00:00";"39";"02";"32";"2021";"NON";"NON";"02596";"";"";"";"2021-10-06";"134742";""
"02598";"3299";"PLUi/PLUiS";"CC";"2020-02-20 23:00:00+00:00";"2015-12-03 23:00:00+00:00";"39";"02";"32";"2021";"NON";"OUI";"02598";"";"";"";"2021-10-06";"145096";""
"02601";"3199";"PLU";"COM";"2014-11-26 23:00:00+00:00";"2009-11-11 23:00:00+00:00";"39";"02";"32";"2021";"NON";"NON";"02601";"";"";"";"2021-10-06";"49970";""
"02602";"3199";"PLU";"COM";"2017-05-29 22:00:00+00:00";"2014-06-12 22:00:00+00:00";"39";"02";"32";"2021";"NON";"NON";"02602";"";"";"";"2021-10-06";"130592";""
"02607";"3199";"PLU";"COM";"2004-01-21 23:00:00+00:00";"2001-08-28 22:00:00+00:00";"39";"02";"32";"2021";"NON";"NON";"02607";"";"";"";"2021-10-06";"50598";""
"02608";"3199";"PLU";"COM";"2006-07-04 22:00:00+00:00";"2004-09-21 22:00:00+00:00";"39";"02";"32";"2021";"NON";"NON";"02608";"";"";"";"2021-10-06";"50599";""
"02610";"3199";"PLU";"COM";"2017-04-06 22:00:00+00:00";"2014-09-25 22:00:00+00:00";"39";"02";"32";"2021";"NON";"NON";"02610";"";"";"";"2021-10-06";"132830";""
"02613";"3199";"PLU";"COM";"2016-03-29 22:00:00+00:00";"2014-06-19 22:00:00+00:00";"39";"02";"32";"2021";"NON";"NON";"02613";"";"";"";"2021-10-06";"136076";""
"02620";"1199";"CC";"COM";"2003-05-26 22:00:00+00:00";"2001-12-30 23:00:00+00:00";"19";"02";"32";"2021";"NON";"NON";"02620";"";"";"";"2021-10-06";"67531";""
"02621";"3199";"PLU";"COM";"2012-05-20 22:00:00+00:00";"2009-11-09 23:00:00+00:00";"39";"02";"32";"2021";"NON";"NON";"02621";"";"";"";"2021-10-06";"65284";""
"02626";"1199";"CC";"COM";"2007-06-18 22:00:00+00:00";"2004-06-13 22:00:00+00:00";"19";"02";"32";"2021";"NON";"NON";"02626";"";"";"";"2021-10-06";"67532";""
"02627";"1199";"CC";"COM";"2009-09-22 22:00:00+00:00";"2007-11-25 23:00:00+00:00";"19";"02";"32";"2021";"NON";"NON";"02627";"";"";"";"2021-10-06";"68814";""
"02628";"3299";"PLUi/PLUiS";"CC";"2020-02-20 23:00:00+00:00";"2015-12-03 23:00:00+00:00";"39";"02";"32";"2021";"NON";"OUI";"02628";"";"";"";"2021-10-06";"145096";""
"02631";"1199";"CC";"COM";"2010-08-12 22:00:00+00:00";"2007-11-05 23:00:00+00:00";"19";"02";"32";"2021";"NON";"NON";"02631";"";"";"";"2021-10-06";"43022";""
"02634";"3299";"PLUi/PLUiS";"CC";"2016-11-01 23:00:00+00:00";"2011-03-16 23:00:00+00:00";"39";"02";"32";"2021";"NON";"OUI";"02634";"";"";"";"2021-10-06";"76536";""
"02637";"3332";"PLUi/PLUiS";"CA";"2014-02-16 23:00:00+00:00";"2011-04-10 22:00:00+00:00";"33";"02";"32";"2021";"OUI";"NON";"02637";"";"";"";"2021-10-06";"76626";""
"02641";"3299";"PLUi/PLUiS";"CC";"2016-11-01 23:00:00+00:00";"2011-03-16 23:00:00+00:00";"39";"02";"32";"2021";"NON";"OUI";"02641";"";"";"";"2021-10-06";"76536";""
"02642";"3299";"PLUi/PLUiS";"CC";"2016-11-01 23:00:00+00:00";"2011-03-16 23:00:00+00:00";"39";"02";"32";"2021";"NON";"OUI";"02642";"";"";"";"2021-10-06";"76536";""
"02643";"3299";"PLUi/PLUiS";"CC";"2020-02-20 23:00:00+00:00";"2015-12-03 23:00:00+00:00";"39";"02";"32";"2021";"NON";"OUI";"02643";"";"";"";"2021-10-06";"145096";""
"02644";"3299";"PLUi/PLUiS";"CC";"2020-02-20 23:00:00+00:00";"2015-12-03 23:00:00+00:00";"39";"02";"32";"2021";"NON";"OUI";"02644";"";"";"";"2021-10-06";"145096";""
"02647";"3399";"PLUi/PLUiS";"CC";"2014-09-08 22:00:00+00:00";"2008-09-15 22:00:00+00:00";"39";"02";"32";"2021";"OUI";"NON";"02647";"";"";"";"2021-10-06";"134976";""
"02648";"3199";"PLU";"COM";"2018-09-24 22:00:00+00:00";"2014-09-14 22:00:00+00:00";"39";"02";"32";"2021";"NON";"NON";"02648";"";"";"";"2021-10-06";"132831";""
"02650";"1199";"CC";"COM";"2008-03-03 23:00:00+00:00";"2005-12-08 23:00:00+00:00";"19";"02";"32";"2021";"NON";"NON";"02650";"";"";"";"2021-10-06";"67534";""
"02653";"3199";"PLU";"COM";"2014-10-23 22:00:00+00:00";"2011-10-12 22:00:00+00:00";"39";"02";"32";"2021";"NON";"NON";"02653";"";"";"";"2021-10-06";"96193";""
"02656";"3199";"PLU";"COM";"2010-10-10 22:00:00+00:00";"2004-12-06 23:00:00+00:00";"39";"02";"32";"2021";"NON";"NON";"02656";"";"";"";"2021-10-06";"50709";""
"02659";"3332";"PLUi/PLUiS";"CA";"2014-02-16 23:00:00+00:00";"2011-04-10 22:00:00+00:00";"33";"02";"32";"2021";"OUI";"NON";"02659";"";"";"";"2021-10-06";"76626";""
"02660";"3299";"PLUi/PLUiS";"CC";"2016-11-01 23:00:00+00:00";"2011-03-16 23:00:00+00:00";"39";"02";"32";"2021";"NON";"OUI";"02660";"";"";"";"2021-10-06";"76536";""
"02661";"1199";"CC";"COM";"2014-11-25 23:00:00+00:00";"2005-10-13 22:00:00+00:00";"19";"02";"32";"2021";"NON";"NON";"02661";"";"";"";"2021-10-06";"116173";""
"02664";"3499";"PLU";"CA";"2018-05-28 22:00:00+00:00";"2015-07-02 22:00:00+00:00";"39";"02";"32";"2021";"NON";"NON";"02664";"";"";"";"2021-10-06";"140149";""
"02666";"3299";"PLUi/PLUiS";"CC";"2016-11-01 23:00:00+00:00";"2011-03-16 23:00:00+00:00";"39";"02";"32";"2021";"NON";"OUI";"02666";"";"";"";"2021-10-06";"76536";""
"02667";"3299";"PLUi/PLUiS";"CC";"2020-02-20 23:00:00+00:00";"2015-12-03 23:00:00+00:00";"39";"02";"32";"2021";"NON";"OUI";"02667";"";"";"";"2021-10-06";"145096";""
"02671";"3199";"PLU";"COM";"2013-06-03 22:00:00+00:00";"2010-10-27 22:00:00+00:00";"39";"02";"32";"2021";"NON";"NON";"02671";"";"";"";"2021-10-06";"49144";""
"02672";"3299";"PLUi/PLUiS";"CC";"2020-02-20 23:00:00+00:00";"2015-12-03 23:00:00+00:00";"39";"02";"32";"2021";"NON";"OUI";"02672";"";"";"";"2021-10-06";"145096";""
"02673";"3299";"PLUi/PLUiS";"CC";"2020-02-20 23:00:00+00:00";"2015-12-03 23:00:00+00:00";"39";"02";"32";"2021";"NON";"OUI";"02673";"";"";"";"2021-10-06";"145096";""
"02676";"3199";"PLU";"COM";"2009-02-03 23:00:00+00:00";"2005-12-08 23:00:00+00:00";"39";"02";"32";"2021";"NON";"NON";"02676";"";"";"";"2021-10-06";"50717";""
"02677";"3499";"PLU";"CA";"2017-09-24 22:00:00+00:00";"2014-09-23 22:00:00+00:00";"39";"02";"32";"2021";"NON";"NON";"02677";"";"";"";"2021-10-06";"132833";""
"02678";"3299";"PLUi/PLUiS";"CC";"2016-11-01 23:00:00+00:00";"2011-03-16 23:00:00+00:00";"39";"02";"32";"2021";"NON";"OUI";"02678";"";"";"";"2021-10-06";"76536";""
"02680";"3199";"PLU";"COM";"2018-02-18 23:00:00+00:00";"2015-02-11 23:00:00+00:00";"39";"02";"32";"2021";"NON";"NON";"02680";"";"";"";"2021-10-06";"137335";""
"02683";"3399";"PLUi/PLUiS";"CC";"2014-09-08 22:00:00+00:00";"2008-09-15 22:00:00+00:00";"39";"02";"32";"2021";"OUI";"NON";"02683";"";"";"";"2021-10-06";"134976";""
"02686";"3199";"PLU";"COM";"2013-05-20 22:00:00+00:00";"2010-06-17 22:00:00+00:00";"39";"02";"32";"2021";"NON";"NON";"02686";"";"";"";"2021-10-06";"41809";""
"02687";"3299";"PLUi/PLUiS";"CC";"2020-02-20 23:00:00+00:00";"2015-12-03 23:00:00+00:00";"39";"02";"32";"2021";"NON";"OUI";"02687";"";"";"";"2021-10-06";"145096";""
"02691";"3332";"PLUi/PLUiS";"CA";"2014-02-16 23:00:00+00:00";"2011-04-10 22:00:00+00:00";"33";"02";"32";"2021";"OUI";"NON";"02691";"";"";"";"2021-10-06";"76626";""
"02694";"3432";"PLU";"CA";"2011-09-01 22:00:00+00:00";"2010-02-11 23:00:00+00:00";"33";"02";"32";"2021";"NON";"NON";"02694";"";"";"";"2021-10-06";"61193";""
"02703";"3432";"PLU";"CC";"2009-09-22 22:00:00+00:00";"2006-10-10 22:00:00+00:00";"33";"02";"32";"2021";"NON";"NON";"240200493";"";"";"";"2021-10-06";"50721";""
"02704";"1199";"CC";"COM";"2009-06-29 22:00:00+00:00";"2002-02-28 23:00:00+00:00";"19";"02";"32";"2021";"NON";"NON";"02704";"";"";"";"2021-10-06";"68815";""
"02706";"3199";"PLU";"COM";"2013-02-10 23:00:00+00:00";"2009-05-10 22:00:00+00:00";"39";"02";"32";"2021";"NON";"NON";"02706";"";"";"";"2021-10-06";"61191";""
"02708";"3432";"PLU";"CC";"2016-03-02 23:00:00+00:00";"2013-07-09 22:00:00+00:00";"33";"02";"32";"2021";"NON";"NON";"240200493";"";"";"";"2021-10-06";"125941";""
"02711";"1199";"CC";"COM";"2007-05-20 22:00:00+00:00";"2004-09-05 22:00:00+00:00";"19";"02";"32";"2021";"NON";"NON";"02711";"";"";"";"2021-10-06";"67538";""
"02714";"3199";"PLU";"COM";"2007-05-09 22:00:00+00:00";"2004-04-21 22:00:00+00:00";"39";"02";"32";"2021";"NON";"NON";"02714";"";"";"";"2021-10-06";"50722";""
"02716";"1199";"CC";"COM";"2007-07-25 22:00:00+00:00";"2005-05-29 22:00:00+00:00";"19";"02";"32";"2021";"NON";"NON";"02716";"";"";"";"2021-10-06";"67539";""
"02718";"3299";"PLUi/PLUiS";"CC";"2020-02-20 23:00:00+00:00";"2015-12-03 23:00:00+00:00";"39";"02";"32";"2021";"NON";"OUI";"02718";"";"";"";"2021-10-06";"145096";""
"02719";"3199";"PLU";"COM";"2014-12-15 23:00:00+00:00";"2007-06-03 22:00:00+00:00";"39";"02";"32";"2021";"NON";"NON";"02719";"";"";"";"2021-10-06";"61195";""
"02720";"3199";"PLU";"COM";"2010-04-19 22:00:00+00:00";"2004-06-23 22:00:00+00:00";"39";"02";"32";"2021";"NON";"NON";"02720";"";"";"";"2021-10-06";"50716";""
"02722";"3131";"PLU";"COM";"2012-09-27 22:00:00+00:00";"2007-04-12 22:00:00+00:00";"33";"02";"32";"2021";"NON";"NON";"02722";"";"";"";"2021-10-06";"61194";""
"02723";"3299";"PLUi/PLUiS";"CC";"2016-11-01 23:00:00+00:00";"2011-03-16 23:00:00+00:00";"39";"02";"32";"2021";"NON";"OUI";"02723";"";"";"";"2021-10-06";"76536";""
"02726";"3432";"PLU";"CA";"2015-05-15 22:00:00+00:00";"2012-09-13 22:00:00+00:00";"33";"02";"32";"2021";"NON";"NON";"02726";"";"";"";"2021-10-06";"113697";""
"02728";"3199";"PLU";"COM";"2016-05-12 22:00:00+00:00";"2009-01-21 23:00:00+00:00";"39";"02";"32";"2021";"NON";"NON";"02728";"";"";"";"2021-10-06";"50140";""
"02729";"3299";"PLUi/PLUiS";"CC";"2020-02-20 23:00:00+00:00";"2015-12-03 23:00:00+00:00";"39";"02";"32";"2021";"NON";"OUI";"02729";"";"";"";"2021-10-06";"145096";""
"02730";"3199";"PLU";"COM";"2011-08-29 22:00:00+00:00";"2008-09-15 22:00:00+00:00";"39";"02";"32";"2021";"NON";"NON";"02730";"";"";"";"2021-10-06";"49147";""
"02732";"1199";"CC";"COM";"2013-10-16 22:00:00+00:00";"2011-02-02 23:00:00+00:00";"19";"02";"32";"2021";"NON";"NON";"02732";"";"";"";"2021-10-06";"66661";""
"02734";"3299";"PLUi/PLUiS";"CC";"2020-02-20 23:00:00+00:00";"2015-12-03 23:00:00+00:00";"39";"02";"32";"2021";"NON";"OUI";"02734";"";"";"";"2021-10-06";"145096";""
"02736";"3299";"PLUi/PLUiS";"CC";"2020-02-20 23:00:00+00:00";"2015-12-03 23:00:00+00:00";"39";"02";"32";"2021";"NON";"OUI";"02736";"";"";"";"2021-10-06";"145096";""
"02738";"3199";"PLU";"COM";"2009-06-17 22:00:00+00:00";"2004-06-20 22:00:00+00:00";"39";"02";"32";"2021";"NON";"NON";"02738";"";"";"";"2021-10-06";"33";""
"02739";"3199";"PLU";"COM";"2020-12-17 23:00:00+00:00";"2014-07-01 22:00:00+00:00";"39";"02";"32";"2021";"NON";"NON";"02739";"";"";"";"2021-10-06";"131473";""
"02741";"3199";"PLU";"COM";"2010-07-09 22:00:00+00:00";"2006-01-17 23:00:00+00:00";"39";"02";"32";"2021";"NON";"NON";"02741";"";"";"";"2021-10-06";"50731";""
"02743";"3299";"PLUi/PLUiS";"CC";"2016-11-01 23:00:00+00:00";"2011-03-16 23:00:00+00:00";"39";"02";"32";"2021";"NON";"OUI";"02743";"";"";"";"2021-10-06";"76536";""
"02744";"1499";"CC";"CA";"2013-09-18 22:00:00+00:00";"2010-06-29 22:00:00+00:00";"19";"02";"32";"2021";"NON";"NON";"02744";"";"";"";"2021-10-06";"66662";""
"02746";"3199";"PLU";"COM";"2013-06-27 22:00:00+00:00";"2010-05-19 22:00:00+00:00";"39";"02";"32";"2021";"NON";"NON";"02746";"";"";"";"2021-10-06";"41617";""
"02749";"3299";"PLUi/PLUiS";"CC";"2020-02-20 23:00:00+00:00";"2015-12-03 23:00:00+00:00";"39";"02";"32";"2021";"NON";"OUI";"02749";"";"";"";"2021-10-06";"145096";""
"02750";"3199";"PLU";"COM";"2013-01-14 23:00:00+00:00";"2008-06-04 22:00:00+00:00";"39";"02";"32";"2021";"NON";"NON";"02750";"";"";"";"2021-10-06";"49148";""
"02751";"1199";"CC";"COM";"2007-07-22 22:00:00+00:00";"2005-06-29 22:00:00+00:00";"19";"02";"32";"2021";"NON";"NON";"02751";"";"";"";"2021-10-06";"67540";""
"02754";"1199";"CC";"COM";"2009-10-11 22:00:00+00:00";"2005-03-07 23:00:00+00:00";"19";"02";"32";"2021";"NON";"NON";"02754";"";"";"";"2021-10-06";"68817";""
"02755";"3199";"PLU";"COM";"2015-10-11 22:00:00+00:00";"2011-05-03 22:00:00+00:00";"39";"02";"32";"2021";"NON";"NON";"02755";"";"";"";"2021-10-06";"87881";""
"02756";"3199";"PLU";"COM";"2006-06-01 22:00:00+00:00";"2002-01-17 23:00:00+00:00";"39";"02";"32";"2021";"NON";"NON";"02756";"";"";"";"2021-10-06";"50729";""
"02758";"3131";"PLU";"COM";"2008-10-16 22:00:00+00:00";"2004-10-07 22:00:00+00:00";"33";"02";"32";"2021";"NON";"NON";"02758";"";"";"";"2021-10-06";"50730";""
"02760";"3399";"PLUi/PLUiS";"CC";"2014-09-08 22:00:00+00:00";"2008-09-15 22:00:00+00:00";"39";"02";"32";"2021";"OUI";"NON";"02760";"";"";"";"2021-10-06";"134976";""
"02762";"3299";"PLUi/PLUiS";"CC";"2020-02-20 23:00:00+00:00";"2015-12-03 23:00:00+00:00";"39";"02";"32";"2021";"NON";"OUI";"02762";"";"";"";"2021-10-06";"145096";""
"02763";"3199";"PLU";"COM";"2020-02-10 23:00:00+00:00";"2016-12-05 23:00:00+00:00";"39";"02";"32";"2021";"NON";"NON";"02763";"";"";"";"2021-10-06";"158170";""
"02769";"3399";"PLUi/PLUiS";"CC";"2014-09-08 22:00:00+00:00";"2008-09-15 22:00:00+00:00";"39";"02";"32";"2021";"OUI";"NON";"02769";"";"";"";"2021-10-06";"134976";""
"02779";"3399";"PLUi/PLUiS";"CC";"2014-09-08 22:00:00+00:00";"2008-09-15 22:00:00+00:00";"39";"02";"32";"2021";"OUI";"NON";"02779";"";"";"";"2021-10-06";"134976";""
"02780";"3199";"PLU";"COM";"2005-03-08 23:00:00+00:00";"2003-05-11 22:00:00+00:00";"39";"02";"32";"2021";"NON";"NON";"02780";"";"";"";"2021-10-06";"50734";""
"02781";"1499";"CC";"CA";"2006-08-24 22:00:00+00:00";"2003-02-13 23:00:00+00:00";"19";"02";"32";"2021";"NON";"NON";"02781";"";"";"";"2021-10-06";"67541";""
"02786";"1199";"CC";"COM";"2013-07-30 22:00:00+00:00";"2010-09-09 22:00:00+00:00";"19";"02";"32";"2021";"NON";"NON";"02786";"";"";"";"2021-10-06";"96187";""
"02787";"1432";"CC";"CC";"2004-09-03 22:00:00+00:00";"2001-12-12 23:00:00+00:00";"13";"02";"32";"2021";"NON";"NON";"240200469";"";"";"";"2021-10-06";"67542";""
"02788";"3199";"PLU";"COM";"2014-10-02 22:00:00+00:00";"2012-02-16 23:00:00+00:00";"39";"02";"32";"2021";"NON";"NON";"02788";"";"";"";"2021-10-06";"104440";""
"02789";"3199";"PLU";"COM";"2006-03-26 22:00:00+00:00";"2001-07-01 22:00:00+00:00";"39";"02";"32";"2021";"NON";"NON";"02789";"";"";"";"2021-10-06";"50725";""
"02791";"1199";"CC";"COM";"2008-03-10 23:00:00+00:00";"2005-03-06 23:00:00+00:00";"19";"02";"32";"2021";"NON";"NON";"02791";"";"";"";"2021-10-06";"67543";""
"02792";"3199";"PLU";"COM";"2018-11-29 23:00:00+00:00";"2015-03-30 22:00:00+00:00";"39";"02";"32";"2021";"NON";"NON";"02792";"";"";"";"2021-10-06";"139067";""
"02793";"3299";"PLUi/PLUiS";"CC";"2020-02-20 23:00:00+00:00";"2015-12-03 23:00:00+00:00";"39";"02";"32";"2021";"NON";"OUI";"02793";"";"";"";"2021-10-06";"145096";""
"02794";"3499";"PLU";"CA";"2009-02-18 23:00:00+00:00";"2005-06-20 22:00:00+00:00";"39";"02";"32";"2021";"NON";"NON";"02794";"";"";"";"2021-10-06";"50737";""
"02795";"3299";"PLUi/PLUiS";"CC";"2020-02-20 23:00:00+00:00";"2015-12-03 23:00:00+00:00";"39";"02";"32";"2021";"NON";"OUI";"02795";"";"";"";"2021-10-06";"145096";""
"02796";"1499";"CC";"CA";"2009-04-06 22:00:00+00:00";"2006-02-22 23:00:00+00:00";"19";"02";"32";"2021";"NON";"NON";"02796";"";"";"";"2021-10-06";"68818";""
"02800";"1499";"CC";"CA";"2008-03-06 23:00:00+00:00";"2006-10-02 22:00:00+00:00";"19";"02";"32";"2021";"NON";"NON";"02800";"";"";"";"2021-10-06";"67544";""
"02801";"3299";"PLUi/PLUiS";"CC";"2016-11-01 23:00:00+00:00";"2011-03-16 23:00:00+00:00";"39";"02";"32";"2021";"NON";"OUI";"02801";"";"";"";"2021-10-06";"76536";""
"02802";"3299";"PLUi/PLUiS";"CC";"2016-11-01 23:00:00+00:00";"2011-03-16 23:00:00+00:00";"39";"02";"32";"2021";"NON";"OUI";"02802";"";"";"";"2021-10-06";"76536";""
"02803";"1199";"CC";"COM";"2008-03-12 23:00:00+00:00";"2003-11-19 23:00:00+00:00";"19";"02";"32";"2021";"NON";"NON";"02803";"";"";"";"2021-10-06";"67545";""
"02805";"3131";"PLU";"COM";"2012-07-15 22:00:00+00:00";"2004-05-02 22:00:00+00:00";"33";"02";"32";"2021";"NON";"NON";"02805";"";"";"";"2021-10-06";"61196";""
"02807";"1199";"CC";"COM";"2010-11-30 23:00:00+00:00";"2006-02-07 23:00:00+00:00";"19";"02";"32";"2021";"NON";"NON";"02807";"";"";"";"2021-10-06";"76288";""
"02810";"3299";"PLUi/PLUiS";"CC";"2020-02-20 23:00:00+00:00";"2015-12-03 23:00:00+00:00";"39";"02";"32";"2021";"NON";"OUI";"02810";"";"";"";"2021-10-06";"145096";""
"02812";"3299";"PLUi/PLUiS";"CC";"2020-02-20 23:00:00+00:00";"2015-12-03 23:00:00+00:00";"39";"02";"32";"2021";"NON";"OUI";"02812";"";"";"";"2021-10-06";"145096";""
"02818";"3199";"PLU";"COM";"2017-11-08 23:00:00+00:00";"2015-01-28 23:00:00+00:00";"39";"02";"32";"2021";"NON";"NON";"02818";"";"";"";"2021-10-06";"137210";""
"02819";"3299";"PLUi/PLUiS";"CC";"2016-11-01 23:00:00+00:00";"2011-03-16 23:00:00+00:00";"39";"02";"32";"2021";"NON";"OUI";"02819";"";"";"";"2021-10-06";"76536";""
"02820";"3199";"PLU";"COM";"2013-06-19 22:00:00+00:00";"2008-12-11 23:00:00+00:00";"39";"02";"32";"2021";"NON";"NON";"02820";"";"";"";"2021-10-06";"61197";""
"02821";"3199";"PLU";"COM";"2014-02-16 23:00:00+00:00";"2009-09-13 22:00:00+00:00";"39";"02";"32";"2021";"NON";"NON";"02821";"";"";"";"2021-10-06";"49953";""
"02822";"3299";"PLUi/PLUiS";"CC";"2020-02-20 23:00:00+00:00";"2015-12-03 23:00:00+00:00";"39";"02";"32";"2021";"NON";"OUI";"02822";"";"";"";"2021-10-06";"145096";""
"02824";"3199";"PLU";"COM";"2014-11-05 23:00:00+00:00";"2011-07-20 22:00:00+00:00";"39";"02";"32";"2021";"NON";"NON";"02824";"";"";"";"2021-10-06";"78177";""
"02829";"1199";"CC";"COM";"2021-04-12 22:00:00+00:00";"2017-06-23 22:00:00+00:00";"19";"02";"32";"2021";"NON";"NON";"02829";"";"";"";"2021-10-06";"159080";""
"02830";"3399";"PLUi/PLUiS";"CC";"2014-09-08 22:00:00+00:00";"2008-09-15 22:00:00+00:00";"39";"02";"32";"2021";"OUI";"NON";"02830";"";"";"";"2021-10-06";"134976";""
"03001";"3499";"PLU";"CA";"2017-11-15 23:00:00+00:00";"2010-03-29 22:00:00+00:00";"39";"03";"84";"2021";"NON";"NON";"03001";"";"";"";"2021-10-06";"61198";""
"03004";"3299";"PLUi/PLUiS";"CC";"2009-06-17 22:00:00+00:00";"2005-09-21 22:00:00+00:00";"39";"03";"84";"2021";"NON";"OUI";"240300491";"";"";"";"2021-10-06";"50751";""
"03011";"1111";"CC";"COM";"2009-07-06 22:00:00+00:00";"2008-01-31 23:00:00+00:00";"11";"03";"84";"2021";"NON";"NON";"03011";"";"";"";"2021-10-06";"68820";""
"03013";"3131";"PLU";"COM";"2007-05-14 22:00:00+00:00";"2002-10-23 22:00:00+00:00";"33";"03";"84";"2021";"NON";"NON";"03013";"";"";"";"2021-10-06";"50742";""
"03016";"1199";"CC";"COM";"2019-01-13 23:00:00+00:00";"2017-02-09 23:00:00+00:00";"19";"03";"84";"2021";"NON";"NON";"03016";"";"";"";"2021-10-06";"157808";""
"03017";"3299";"PLUi/PLUiS";"CC";"2009-06-17 22:00:00+00:00";"2005-09-21 22:00:00+00:00";"39";"03";"84";"2021";"NON";"OUI";"240300491";"";"";"";"2021-10-06";"50751";""
"03018";"3199";"PLU";"COM";"2016-02-04 23:00:00+00:00";"2011-02-10 23:00:00+00:00";"39";"03";"84";"2021";"NON";"NON";"03018";"";"";"";"2021-10-06";"78651";""
"03019";"3432";"PLU";"CC";"2015-05-18 22:00:00+00:00";"2009-12-10 23:00:00+00:00";"33";"03";"84";"2021";"NON";"NON";"03019";"";"";"";"2021-10-06";"50144";""
"03021";"1199";"CC";"COM";"2020-01-28 23:00:00+00:00";"2017-09-14 22:00:00+00:00";"19";"03";"84";"2021";"NON";"NON";"03021";"";"";"";"2021-10-06";"159363";""
"03022";"3199";"PLU";"COM";"2006-05-15 22:00:00+00:00";"2003-04-23 22:00:00+00:00";"39";"03";"84";"2021";"NON";"NON";"03022";"";"";"";"2021-10-06";"50744";""
"03023";"3499";"PLU";"CA";"2018-09-19 22:00:00+00:00";"2015-03-18 23:00:00+00:00";"39";"03";"84";"2021";"NON";"NON";"03023";"";"";"";"2021-10-06";"134993";""
"03024";"3299";"PLUi/PLUiS";"CC";"2009-06-17 22:00:00+00:00";"2005-09-21 22:00:00+00:00";"39";"03";"84";"2021";"NON";"OUI";"240300491";"";"";"";"2021-10-06";"50751";""
"03025";"3199";"PLU";"COM";"2011-03-27 22:00:00+00:00";"2006-07-09 22:00:00+00:00";"39";"03";"84";"2021";"NON";"NON";"03025";"";"";"";"2021-10-06";"61199";""
"03026";"3131";"PLU";"COM";"2012-02-05 23:00:00+00:00";"2004-07-11 22:00:00+00:00";"33";"03";"84";"2021";"NON";"NON";"03026";"";"";"";"2021-10-06";"61200";""
"03028";"3299";"PLUi/PLUiS";"CC";"2009-06-17 22:00:00+00:00";"2005-09-21 22:00:00+00:00";"39";"03";"84";"2021";"NON";"OUI";"240300491";"";"";"";"2021-10-06";"50751";""
"03029";"3499";"PLU";"CA";"2019-09-25 22:00:00+00:00";"2014-09-07 22:00:00+00:00";"39";"03";"84";"2021";"NON";"NON";"03029";"";"";"";"2021-10-06";"134999";""
"03030";"1199";"CC";"COM";"2007-05-26 22:00:00+00:00";"2007-02-25 23:00:00+00:00";"19";"03";"84";"2021";"NON";"NON";"03030";"";"";"";"2021-10-06";"68821";""
"03031";"3432";"PLU";"CC";"2006-03-29 22:00:00+00:00";"1999-04-29 22:00:00+00:00";"33";"03";"84";"2021";"NON";"NON";"03031";"";"";"";"2021-10-06";"50747";""
"03033";"3499";"PLU";"CA";"2013-07-17 22:00:00+00:00";"2008-05-04 22:00:00+00:00";"39";"03";"84";"2021";"NON";"NON";"03033";"";"";"";"2021-10-06";"49134";""
"03035";"1432";"CC";"CC";"2019-10-27 23:00:00+00:00";"2017-04-03 22:00:00+00:00";"13";"03";"84";"2021";"NON";"NON";"03035";"";"";"";"2021-10-06";"166495";""
"03036";"3199";"PLU";"COM";"2010-11-03 23:00:00+00:00";"2004-02-18 23:00:00+00:00";"39";"03";"84";"2021";"NON";"NON";"03036";"";"";"";"2021-10-06";"50748";""
"03040";"3131";"PLU";"COM";"2012-02-08 23:00:00+00:00";"2008-04-27 22:00:00+00:00";"33";"03";"84";"2021";"NON";"NON";"03040";"";"";"";"2021-10-06";"61201";""
"03042";"3299";"PLUi/PLUiS";"CC";"2009-06-17 22:00:00+00:00";"2005-09-21 22:00:00+00:00";"39";"03";"84";"2021";"NON";"OUI";"240300491";"";"";"";"2021-10-06";"50751";""
"03043";"3199";"PLU";"COM";"2014-11-24 23:00:00+00:00";"2009-06-23 22:00:00+00:00";"39";"03";"84";"2021";"NON";"NON";"03043";"";"";"";"2021-10-06";"61202";""
"03044";"3499";"PLU";"CA";"2021-07-07 22:00:00+00:00";"2015-12-06 23:00:00+00:00";"39";"03";"84";"2021";"NON";"NON";"03044";"";"";"";"2021-10-06";"154061";""
"03045";"1499";"CC";"CA";"2016-06-29 22:00:00+00:00";"2013-01-18 23:00:00+00:00";"19";"03";"84";"2021";"NON";"NON";"03045";"";"";"";"2021-10-06";"126174";""
"03046";"3199";"PLU";"COM";"2012-02-09 23:00:00+00:00";"2008-07-28 22:00:00+00:00";"39";"03";"84";"2021";"NON";"NON";"03046";"";"";"";"2021-10-06";"61206";""
"03049";"1199";"CC";"COM";"2017-10-11 22:00:00+00:00";"2014-11-02 23:00:00+00:00";"19";"03";"84";"2021";"NON";"NON";"03049";"";"";"";"2021-10-06";"143970";""
"03052";"3432";"PLU";"CC";"2014-09-03 22:00:00+00:00";"2010-09-23 22:00:00+00:00";"33";"03";"84";"2021";"NON";"NON";"03052";"";"";"";"2021-10-06";"61207";""
"03053";"1199";"CC";"COM";"2016-12-18 23:00:00+00:00";"2013-11-26 23:00:00+00:00";"19";"03";"84";"2021";"NON";"NON";"03053";"";"";"";"2021-10-06";"154078";""
"03055";"3199";"PLU";"COM";"2011-07-26 22:00:00+00:00";"2006-09-06 22:00:00+00:00";"39";"03";"84";"2021";"NON";"NON";"03055";"";"";"";"2021-10-06";"61208";""
"03059";"1199";"CC";"COM";"2017-10-16 22:00:00+00:00";"2015-03-02 23:00:00+00:00";"19";"03";"84";"2021";"NON";"NON";"03059";"";"";"";"2021-10-06";"143971";""
"03060";"3499";"PLU";"CA";"2018-06-13 22:00:00+00:00";"2012-06-19 22:00:00+00:00";"39";"03";"84";"2021";"NON";"NON";"03060";"";"";"";"2021-10-06";"115181";""
"03062";"3199";"PLU";"COM";"2009-03-30 22:00:00+00:00";"2007-05-24 22:00:00+00:00";"39";"03";"84";"2021";"NON";"NON";"03062";"";"";"";"2021-10-06";"50761";""
"03063";"1432";"CC";"CC";"2010-05-30 22:00:00+00:00";"2009-03-18 23:00:00+00:00";"13";"03";"84";"2021";"NON";"NON";"200071884";"";"";"";"2021-10-06";"68823";""
"03065";"3199";"PLU";"COM";"2017-09-14 22:00:00+00:00";"2015-01-28 23:00:00+00:00";"39";"03";"84";"2021";"NON";"NON";"03065";"";"";"";"2021-10-06";"143807";""
"03069";"1199";"CC";"COM";"2017-08-07 22:00:00+00:00";"2015-10-29 23:00:00+00:00";"19";"03";"84";"2021";"NON";"NON";"03069";"";"";"";"2021-10-06";"142165";""
"03073";"3199";"PLU";"COM";"2013-11-12 23:00:00+00:00";"2009-03-25 23:00:00+00:00";"39";"03";"84";"2021";"NON";"NON";"03073";"";"";"";"2021-10-06";"65044";""
"03075";"1199";"CC";"COM";"2021-08-29 22:00:00+00:00";"2017-07-03 22:00:00+00:00";"19";"03";"84";"2021";"NON";"NON";"03075";"";"";"";"2021-10-06";"159439";""
"03080";"3499";"PLU";"CA";"2018-09-19 22:00:00+00:00";"2015-09-24 22:00:00+00:00";"39";"03";"84";"2021";"NON";"NON";"03080";"";"";"";"2021-10-06";"154063";""
"03081";"1432";"CC";"CC";"2005-06-15 22:00:00+00:00";"2004-01-01 23:00:00+00:00";"13";"03";"84";"2021";"NON";"NON";"03081";"";"";"";"2021-10-06";"68825";""
"03082";"3432";"PLU";"CC";"2006-09-26 22:00:00+00:00";"2003-02-25 23:00:00+00:00";"33";"03";"84";"2021";"NON";"NON";"03082";"";"";"";"2021-10-06";"50757";""
"03083";"3199";"PLU";"COM";"2016-07-10 22:00:00+00:00";"2010-06-09 22:00:00+00:00";"39";"03";"84";"2021";"NON";"NON";"03083";"";"";"";"2021-10-06";"49158";""
"03084";"3432";"PLU";"CC";"2007-07-24 22:00:00+00:00";"2002-10-03 22:00:00+00:00";"33";"03";"84";"2021";"NON";"NON";"03084";"";"";"";"2021-10-06";"50758";""
"03085";"3199";"PLU";"COM";"2010-12-20 23:00:00+00:00";"2008-06-26 22:00:00+00:00";"39";"03";"84";"2021";"NON";"NON";"03085";"";"";"";"2021-10-06";"50759";""
"03089";"1111";"CC";"COM";"2019-11-21 23:00:00+00:00";"2018-10-18 22:00:00+00:00";"11";"03";"84";"2021";"NON";"NON";"03089";"";"";"";"2021-10-06";"166498";""
"03091";"1432";"CC";"CC";"2011-06-06 22:00:00+00:00";"2009-02-02 23:00:00+00:00";"13";"03";"84";"2021";"NON";"NON";"03091";"";"";"";"2021-10-06";"65606";""
"03092";"1199";"CC";"COM";"2010-09-27 22:00:00+00:00";"2008-05-19 22:00:00+00:00";"19";"03";"84";"2021";"NON";"NON";"03092";"";"";"";"2021-10-06";"68826";""
"03093";"3499";"PLU";"CA";"2013-01-17 23:00:00+00:00";"2007-05-03 22:00:00+00:00";"39";"03";"84";"2021";"NON";"NON";"03093";"";"";"";"2021-10-06";"61204";""
"03094";"3499";"PLU";"CA";"2016-04-25 22:00:00+00:00";"2009-10-18 22:00:00+00:00";"39";"03";"84";"2021";"NON";"NON";"03094";"";"";"";"2021-10-06";"61205";""
"03095";"3499";"PLU";"CA";"2019-09-25 22:00:00+00:00";"2015-07-08 22:00:00+00:00";"39";"03";"84";"2021";"NON";"NON";"03095";"";"";"";"2021-10-06";"143809";""
"03098";"3432";"PLU";"CA";"2006-03-28 22:00:00+00:00";"2003-03-18 23:00:00+00:00";"33";"03";"84";"2021";"NON";"NON";"03098";"";"";"";"2021-10-06";"50760";""
"03101";"3432";"PLU";"CA";"2007-09-17 22:00:00+00:00";"2005-11-14 23:00:00+00:00";"33";"03";"84";"2021";"NON";"NON";"03101";"";"";"";"2021-10-06";"50764";""
"03102";"3432";"PLU";"CC";"2016-12-22 23:00:00+00:00";"2011-06-08 22:00:00+00:00";"33";"03";"84";"2021";"NON";"NON";"03102";"";"";"";"2021-10-06";"78646";""
"03103";"3432";"PLU";"CC";"2006-06-21 22:00:00+00:00";"2001-06-26 22:00:00+00:00";"33";"03";"84";"2021";"NON";"NON";"03103";"";"";"";"2021-10-06";"50766";""
"03104";"3432";"PLU";"CC";"2007-03-14 23:00:00+00:00";"2003-05-15 22:00:00+00:00";"33";"03";"84";"2021";"NON";"NON";"03104";"";"";"";"2021-10-06";"50774";""
"03105";"3299";"PLUi/PLUiS";"CC";"2009-06-17 22:00:00+00:00";"2005-09-21 22:00:00+00:00";"39";"03";"84";"2021";"NON";"OUI";"240300491";"";"";"";"2021-10-06";"50751";""
"03106";"3432";"PLU";"CC";"2011-08-03 22:00:00+00:00";"2008-01-22 23:00:00+00:00";"33";"03";"84";"2021";"NON";"NON";"03106";"";"";"";"2021-10-06";"61209";""
"03107";"3199";"PLU";"COM";"2018-06-10 22:00:00+00:00";"2013-06-03 22:00:00+00:00";"39";"03";"84";"2021";"NON";"NON";"03107";"";"";"";"2021-10-06";"126098";""
"03108";"1199";"CC";"COM";"2021-01-10 23:00:00+00:00";"2017-01-15 23:00:00+00:00";"19";"03";"84";"2021";"NON";"NON";"03108";"";"";"";"2021-10-06";"157807";""
"03109";"1131";"CC";"COM";"2009-12-06 23:00:00+00:00";"2007-10-30 23:00:00+00:00";"13";"03";"84";"2021";"NON";"NON";"03109";"";"";"";"2021-10-06";"68827";""
"03110";"3499";"PLU";"CA";"2018-12-12 23:00:00+00:00";"2015-09-17 22:00:00+00:00";"39";"03";"84";"2021";"NON";"NON";"03110";"";"";"";"2021-10-06";"141490";""
"03111";"3199";"PLU";"COM";"2010-09-08 22:00:00+00:00";"2004-04-29 22:00:00+00:00";"39";"03";"84";"2021";"NON";"NON";"03111";"";"";"";"2021-10-06";"50769";""
"03114";"1199";"CC";"COM";"2013-05-23 22:00:00+00:00";"2011-03-27 22:00:00+00:00";"19";"03";"84";"2021";"NON";"NON";"03114";"";"";"";"2021-10-06";"115470";""
"03115";"1199";"CC";"COM";"2011-06-23 22:00:00+00:00";"2008-11-16 23:00:00+00:00";"19";"03";"84";"2021";"NON";"NON";"03115";"";"";"";"2021-10-06";"67293";""
"03118";"3131";"PLU";"COM";"2006-01-26 23:00:00+00:00";"1998-01-20 23:00:00+00:00";"33";"03";"84";"2021";"NON";"NON";"03118";"";"";"";"2021-10-06";"50770";""
"03120";"3199";"PLU";"COM";"2020-03-04 23:00:00+00:00";"2015-02-10 23:00:00+00:00";"39";"03";"84";"2021";"NON";"NON";"03120";"";"";"";"2021-10-06";"143815";""
"03126";"3499";"PLU";"CA";"2016-01-14 23:00:00+00:00";"2011-09-15 22:00:00+00:00";"39";"03";"84";"2021";"NON";"NON";"03126";"";"";"";"2021-10-06";"78645";""
"03127";"3199";"PLU";"COM";"2008-05-22 22:00:00+00:00";"2000-11-19 23:00:00+00:00";"39";"03";"84";"2021";"NON";"NON";"03127";"";"";"";"2021-10-06";"56575";""
"03128";"3131";"PLU";"COM";"2004-09-06 22:00:00+00:00";"1999-12-20 23:00:00+00:00";"33";"03";"84";"2021";"NON";"NON";"03128";"";"";"";"2021-10-06";"50772";""
"03130";"3199";"PLU";"COM";"2017-12-19 23:00:00+00:00";"2010-06-20 22:00:00+00:00";"39";"03";"84";"2021";"NON";"NON";"03130";"";"";"";"2021-10-06";"63711";""
"03131";"3299";"PLUi/PLUiS";"CC";"2009-06-17 22:00:00+00:00";"2005-09-21 22:00:00+00:00";"39";"03";"84";"2021";"NON";"OUI";"240300491";"";"";"";"2021-10-06";"50751";""
"03132";"3432";"PLU";"CC";"2015-02-23 23:00:00+00:00";"2011-02-24 23:00:00+00:00";"33";"03";"84";"2021";"NON";"NON";"03132";"";"";"";"2021-10-06";"78648";""
"03133";"3199";"PLU";"COM";"2016-03-24 23:00:00+00:00";"2009-07-01 22:00:00+00:00";"39";"03";"84";"2021";"NON";"NON";"03133";"";"";"";"2021-10-06";"49993";""
"03135";"1199";"CC";"COM";"2007-01-17 23:00:00+00:00";"2006-01-16 23:00:00+00:00";"19";"03";"84";"2021";"NON";"NON";"03135";"";"";"";"2021-10-06";"68829";""
"03137";"1432";"CC";"CC";"2019-01-31 23:00:00+00:00";"2016-10-21 22:00:00+00:00";"13";"03";"84";"2021";"NON";"NON";"03137";"";"";"";"2021-10-06";"151842";""
"03138";"3299";"PLUi/PLUiS";"CC";"2009-06-17 22:00:00+00:00";"2005-09-21 22:00:00+00:00";"39";"03";"84";"2021";"NON";"OUI";"240300491";"";"";"";"2021-10-06";"50751";""
"03140";"3432";"PLU";"CA";"2012-03-27 22:00:00+00:00";"2004-06-06 22:00:00+00:00";"33";"03";"84";"2021";"NON";"NON";"03140";"";"";"";"2021-10-06";"63782";""
"03145";"3432";"PLU";"CA";"2005-10-20 22:00:00+00:00";"2000-12-19 23:00:00+00:00";"33";"03";"84";"2021";"NON";"NON";"03145";"";"";"";"2021-10-06";"50740";""
"03148";"1199";"CC";"COM";"2011-06-23 22:00:00+00:00";"2009-06-04 22:00:00+00:00";"19";"03";"84";"2021";"NON";"NON";"03148";"";"";"";"2021-10-06";"65773";""
"03149";"3199";"PLU";"COM";"2010-08-29 22:00:00+00:00";"2006-08-27 22:00:00+00:00";"39";"03";"84";"2021";"NON";"NON";"03149";"";"";"";"2021-10-06";"50773";""
"03156";"3199";"PLU";"COM";"2014-03-05 23:00:00+00:00";"2008-06-16 22:00:00+00:00";"39";"03";"84";"2021";"NON";"NON";"03156";"";"";"";"2021-10-06";"61203";""
"03157";"3499";"PLU";"CA";"2018-12-12 23:00:00+00:00";"2015-05-28 22:00:00+00:00";"39";"03";"84";"2021";"NON";"NON";"03157";"";"";"";"2021-10-06";"141340";""
"03158";"3199";"PLU";"COM";"2012-03-15 23:00:00+00:00";"2009-07-19 22:00:00+00:00";"39";"03";"84";"2021";"NON";"NON";"03158";"";"";"";"2021-10-06";"61211";""
"03160";"1199";"CC";"COM";"2008-09-28 22:00:00+00:00";"2006-11-09 23:00:00+00:00";"19";"03";"84";"2021";"NON";"NON";"03160";"";"";"";"2021-10-06";"68831";""
"03162";"3199";"PLU";"COM";"2013-03-20 23:00:00+00:00";"2008-11-27 23:00:00+00:00";"39";"03";"84";"2021";"NON";"NON";"03162";"";"";"";"2021-10-06";"49160";""
"03163";"3499";"PLU";"CA";"2020-02-12 23:00:00+00:00";"2015-12-07 23:00:00+00:00";"39";"03";"84";"2021";"NON";"NON";"03163";"";"";"";"2021-10-06";"154068";""
"03165";"3433";"PLU";"CA";"2011-09-18 22:00:00+00:00";"2005-07-28 22:00:00+00:00";"33";"03";"84";"2021";"NON";"NON";"03165";"";"";"";"2021-10-06";"61212";""
"03166";"1199";"CC";"COM";"2015-06-30 22:00:00+00:00";"2011-06-22 22:00:00+00:00";"19";"03";"84";"2021";"NON";"NON";"03166";"";"";"";"2021-10-06";"78682";""
"03168";"3199";"PLU";"COM";"2009-10-06 22:00:00+00:00";"2001-01-18 23:00:00+00:00";"39";"03";"84";"2021";"NON";"NON";"03168";"";"";"";"2021-10-06";"50781";""
"03169";"1199";"CC";"COM";"2005-06-19 22:00:00+00:00";"2004-06-19 22:00:00+00:00";"19";"03";"84";"2021";"NON";"NON";"03169";"";"";"";"2021-10-06";"68832";""
"03173";"3432";"PLU";"CC";"2006-01-25 23:00:00+00:00";"2002-03-27 23:00:00+00:00";"33";"03";"84";"2021";"NON";"NON";"200071884";"";"";"";"2021-10-06";"50778";""
"03174";"1433";"CC";"CA";"2011-05-05 22:00:00+00:00";"2009-03-08 23:00:00+00:00";"13";"03";"84";"2021";"NON";"NON";"03174";"";"";"";"2021-10-06";"67294";""
"03176";"3199";"PLU";"COM";"2012-12-03 23:00:00+00:00";"2008-12-11 23:00:00+00:00";"39";"03";"84";"2021";"NON";"NON";"03176";"";"";"";"2021-10-06";"49161";""
"03180";"1131";"CC";"COM";"2011-07-03 22:00:00+00:00";"2009-12-31 23:00:00+00:00";"13";"03";"84";"2021";"NON";"NON";"03180";"";"";"";"2021-10-06";"78654";""
"03181";"3432";"PLU";"CC";"2020-12-06 23:00:00+00:00";"2014-11-21 23:00:00+00:00";"33";"03";"84";"2021";"NON";"NON";"03181";"";"";"";"2021-10-06";"143823";""
"03182";"1199";"CC";"COM";"2020-06-17 22:00:00+00:00";"2016-02-24 23:00:00+00:00";"19";"03";"84";"2021";"NON";"NON";"03182";"";"";"";"2021-10-06";"147015";""
"03185";"3432";"PLU";"CA";"2007-01-17 23:00:00+00:00";"2004-01-21 23:00:00+00:00";"33";"03";"84";"2021";"NON";"NON";"03185";"";"";"";"2021-10-06";"1813";""
"03186";"3432";"PLU";"CC";"2009-06-08 22:00:00+00:00";"2005-11-29 23:00:00+00:00";"33";"03";"84";"2021";"NON";"NON";"03186";"";"";"";"2021-10-06";"50779";""
"03190";"3199";"PLU";"COM";"2017-06-28 22:00:00+00:00";"2012-03-29 22:00:00+00:00";"39";"03";"84";"2021";"NON";"NON";"03190";"";"";"";"2021-10-06";"115182";""
"03193";"1199";"CC";"COM";"2008-12-18 23:00:00+00:00";"2004-02-29 23:00:00+00:00";"19";"03";"84";"2021";"NON";"NON";"03193";"";"";"";"2021-10-06";"68834";""
"03194";"3199";"PLU";"COM";"2017-12-10 23:00:00+00:00";"2014-10-19 22:00:00+00:00";"39";"03";"84";"2021";"NON";"NON";"03194";"";"";"";"2021-10-06";"134981";""
"03195";"3432";"PLU";"CC";"2011-10-05 22:00:00+00:00";"2008-11-17 23:00:00+00:00";"33";"03";"84";"2021";"NON";"NON";"03195";"";"";"";"2021-10-06";"61210";""
"03197";"3199";"PLU";"COM";"2013-11-21 23:00:00+00:00";"2009-06-25 22:00:00+00:00";"39";"03";"84";"2021";"NON";"NON";"03197";"";"";"";"2021-10-06";"49162";""
"03200";"3199";"PLU";"COM";"2015-01-25 23:00:00+00:00";"2010-12-12 23:00:00+00:00";"39";"03";"84";"2021";"NON";"NON";"03200";"";"";"";"2021-10-06";"115183";""
"03204";"3199";"PLU";"COM";"2018-01-25 23:00:00+00:00";"2015-02-19 23:00:00+00:00";"39";"03";"84";"2021";"NON";"NON";"03204";"";"";"";"2021-10-06";"143827";""
"03205";"3299";"PLUi/PLUiS";"CC";"2009-06-17 22:00:00+00:00";"2005-09-21 22:00:00+00:00";"39";"03";"84";"2021";"NON";"OUI";"240300491";"";"";"";"2021-10-06";"50751";""
"03211";"3432";"PLU";"CA";"2009-12-15 23:00:00+00:00";"2004-10-19 22:00:00+00:00";"33";"03";"84";"2021";"NON";"NON";"03211";"";"";"";"2021-10-06";"50783";""
"03212";"3432";"PLU";"CA";"2006-09-07 22:00:00+00:00";"1997-06-05 22:00:00+00:00";"33";"03";"84";"2021";"NON";"NON";"03212";"";"";"";"2021-10-06";"50792";""
"03213";"3199";"PLU";"COM";"2007-09-27 22:00:00+00:00";"1999-02-25 23:00:00+00:00";"39";"03";"84";"2021";"NON";"NON";"03213";"";"";"";"2021-10-06";"50784";""
"03214";"1199";"CC";"COM";"2020-01-22 23:00:00+00:00";"2016-11-02 23:00:00+00:00";"19";"03";"84";"2021";"NON";"NON";"03214";"";"";"";"2021-10-06";"154080";""
"03217";"3432";"PLU";"CC";"2008-01-24 23:00:00+00:00";"2003-01-30 23:00:00+00:00";"33";"03";"84";"2021";"NON";"NON";"03217";"";"";"";"2021-10-06";"50793";""
"03220";"1199";"CC";"COM";"2010-07-15 22:00:00+00:00";"2009-12-15 23:00:00+00:00";"19";"03";"84";"2021";"NON";"NON";"03220";"";"";"";"2021-10-06";"68835";""
"03221";"3199";"PLU";"COM";"2010-04-06 22:00:00+00:00";"2005-08-17 22:00:00+00:00";"39";"03";"84";"2021";"NON";"NON";"03221";"";"";"";"2021-10-06";"50785";""
"03223";"3299";"PLUi/PLUiS";"CC";"2009-06-17 22:00:00+00:00";"2005-09-21 22:00:00+00:00";"39";"03";"84";"2021";"NON";"OUI";"240300491";"";"";"";"2021-10-06";"50751";""
"03227";"1199";"CC";"COM";"2019-03-13 23:00:00+00:00";"2016-09-29 22:00:00+00:00";"19";"03";"84";"2021";"NON";"NON";"03227";"";"";"";"2021-10-06";"159483";""
"03229";"1199";"CC";"COM";"2016-10-03 22:00:00+00:00";"2013-03-18 23:00:00+00:00";"19";"03";"84";"2021";"NON";"NON";"03229";"";"";"";"2021-10-06";"126183";""
"03230";"3299";"PLUi/PLUiS";"CC";"2009-06-17 22:00:00+00:00";"2005-09-21 22:00:00+00:00";"39";"03";"84";"2021";"NON";"OUI";"240300491";"";"";"";"2021-10-06";"50751";""
"03233";"3432";"PLU";"CA";"2007-06-13 22:00:00+00:00";"2004-12-08 23:00:00+00:00";"33";"03";"84";"2021";"NON";"NON";"03233";"";"";"";"2021-10-06";"50786";""
"03234";"1432";"CC";"CC";"2017-07-06 22:00:00+00:00";"2015-02-27 23:00:00+00:00";"13";"03";"84";"2021";"NON";"NON";"03234";"";"";"";"2021-10-06";"143980";""
"03235";"3432";"PLU";"CC";"2011-08-23 22:00:00+00:00";"2008-11-04 23:00:00+00:00";"33";"03";"84";"2021";"NON";"NON";"03235";"";"";"";"2021-10-06";"61216";""
"03236";"3499";"PLU";"CA";"2018-09-19 22:00:00+00:00";"2015-09-14 22:00:00+00:00";"39";"03";"84";"2021";"NON";"NON";"03236";"";"";"";"2021-10-06";"141238";""
"03237";"1199";"CC";"COM";"2017-04-24 22:00:00+00:00";"2013-09-12 22:00:00+00:00";"19";"03";"84";"2021";"NON";"NON";"03237";"";"";"";"2021-10-06";"135281";""
"03242";"3199";"PLU";"COM";"2009-03-30 22:00:00+00:00";"2002-10-13 22:00:00+00:00";"39";"03";"84";"2021";"NON";"NON";"03242";"";"";"";"2021-10-06";"50788";""
"03245";"1199";"CC";"COM";"2019-09-24 22:00:00+00:00";"2016-06-06 22:00:00+00:00";"19";"03";"84";"2021";"NON";"NON";"03245";"";"";"";"2021-10-06";"151525";""
"03246";"3199";"PLU";"COM";"2015-01-21 23:00:00+00:00";"2009-09-06 22:00:00+00:00";"39";"03";"84";"2021";"NON";"NON";"03246";"";"";"";"2021-10-06";"61215";""
"03247";"3199";"PLU";"COM";"2011-05-10 22:00:00+00:00";"2005-12-20 23:00:00+00:00";"39";"03";"84";"2021";"NON";"NON";"03247";"";"";"";"2021-10-06";"49994";""
"03250";"3299";"PLUi/PLUiS";"CC";"2009-06-17 22:00:00+00:00";"2005-09-21 22:00:00+00:00";"39";"03";"84";"2021";"NON";"OUI";"240300491";"";"";"";"2021-10-06";"50751";""
"03252";"1499";"CC";"CA";"2006-04-03 22:00:00+00:00";"2003-12-14 23:00:00+00:00";"19";"03";"84";"2021";"NON";"NON";"200071363";"";"";"";"2021-10-06";"15916";""
"03254";"3131";"PLU";"COM";"2004-09-15 22:00:00+00:00";"2001-10-25 22:00:00+00:00";"33";"03";"84";"2021";"NON";"NON";"03254";"";"";"";"2021-10-06";"50789";""
"03255";"1199";"CC";"COM";"2011-09-04 22:00:00+00:00";"2005-05-04 22:00:00+00:00";"19";"03";"84";"2021";"NON";"NON";"03255";"";"";"";"2021-10-06";"67297";""
"03257";"3299";"PLUi/PLUiS";"CC";"2009-06-17 22:00:00+00:00";"2005-09-21 22:00:00+00:00";"39";"03";"84";"2021";"NON";"OUI";"240300491";"";"";"";"2021-10-06";"50751";""
"03258";"3434";"PLU";"CA";"2007-10-02 22:00:00+00:00";"2005-09-26 22:00:00+00:00";"33";"03";"84";"2021";"NON";"NON";"03258";"";"";"";"2021-10-06";"50790";""
"03262";"3432";"PLU";"CA";"2006-01-19 23:00:00+00:00";"2002-08-29 22:00:00+00:00";"33";"03";"84";"2021";"NON";"NON";"03262";"";"";"";"2021-10-06";"50791";""
"03264";"3499";"PLU";"CA";"2017-09-27 22:00:00+00:00";"2011-12-15 23:00:00+00:00";"39";"03";"84";"2021";"NON";"NON";"03264";"";"";"";"2021-10-06";"115184";""
"03266";"1432";"CC";"CC";"2007-07-29 22:00:00+00:00";"2006-12-19 23:00:00+00:00";"13";"03";"84";"2021";"NON";"NON";"03266";"";"";"";"2021-10-06";"68838";""
"03267";"3199";"PLU";"COM";"2009-02-10 23:00:00+00:00";"2006-03-22 23:00:00+00:00";"39";"03";"84";"2021";"NON";"NON";"03267";"";"";"";"2021-10-06";"50796";""
"03268";"3199";"PLU";"COM";"2017-04-06 22:00:00+00:00";"2014-02-06 23:00:00+00:00";"39";"03";"84";"2021";"NON";"NON";"03268";"";"";"";"2021-10-06";"135011";""
"03271";"3499";"PLU";"CA";"2018-12-12 23:00:00+00:00";"2015-09-22 22:00:00+00:00";"39";"03";"84";"2021";"NON";"NON";"03271";"";"";"";"2021-10-06";"141493";""
"03272";"3299";"PLUi/PLUiS";"CC";"2009-06-17 22:00:00+00:00";"2005-09-21 22:00:00+00:00";"39";"03";"84";"2021";"NON";"OUI";"240300491";"";"";"";"2021-10-06";"50751";""
"03273";"1499";"CC";"CA";"2011-09-28 22:00:00+00:00";"2009-04-19 22:00:00+00:00";"19";"03";"84";"2021";"NON";"NON";"03273";"";"";"";"2021-10-06";"65607";""
"03275";"3199";"PLU";"COM";"2014-12-14 23:00:00+00:00";"2010-01-27 23:00:00+00:00";"39";"03";"84";"2021";"NON";"NON";"03275";"";"";"";"2021-10-06";"61218";""
"03279";"3432";"PLU";"CA";"2007-07-11 22:00:00+00:00";"2003-06-09 22:00:00+00:00";"33";"03";"84";"2021";"NON";"NON";"03279";"";"";"";"2021-10-06";"50806";""
"03281";"1199";"CC";"COM";"2019-02-11 23:00:00+00:00";"2015-12-17 23:00:00+00:00";"19";"03";"84";"2021";"NON";"NON";"03281";"";"";"";"2021-10-06";"154081";""
"03286";"3131";"PLU";"COM";"2008-02-06 23:00:00+00:00";"2004-10-13 22:00:00+00:00";"33";"03";"84";"2021";"NON";"NON";"03286";"";"";"";"2021-10-06";"50798";""
"03290";"3131";"PLU";"COM";"2006-09-17 22:00:00+00:00";"2002-05-26 22:00:00+00:00";"33";"03";"84";"2021";"NON";"NON";"03290";"";"";"";"2021-10-06";"50799";""
"03292";"1199";"CC";"COM";"2008-04-27 22:00:00+00:00";"2007-05-22 22:00:00+00:00";"19";"03";"84";"2021";"NON";"NON";"03292";"";"";"";"2021-10-06";"105714";""
"03294";"1199";"CC";"COM";"2017-12-04 23:00:00+00:00";"2015-02-19 23:00:00+00:00";"19";"03";"84";"2021";"NON";"NON";"03294";"";"";"";"2021-10-06";"143981";""
"03297";"3199";"PLU";"COM";"2006-07-06 22:00:00+00:00";"2002-10-17 22:00:00+00:00";"39";"03";"84";"2021";"NON";"NON";"03297";"";"";"";"2021-10-06";"50800";""
"03298";"3432";"PLU";"CC";"2012-12-10 23:00:00+00:00";"2005-09-21 22:00:00+00:00";"33";"03";"84";"2021";"NON";"NON";"03298";"";"";"";"2021-10-06";"61219";""
"03299";"1432";"CC";"CC";"2016-03-06 23:00:00+00:00";"2011-03-10 23:00:00+00:00";"13";"03";"84";"2021";"NON";"NON";"03299";"";"";"";"2021-10-06";"78678";""
"03301";"3131";"PLU";"COM";"2003-10-14 22:00:00+00:00";"2002-12-29 23:00:00+00:00";"33";"03";"84";"2021";"NON";"NON";"03301";"";"";"";"2021-10-06";"50801";""
"03304";"3499";"PLU";"CA";"2013-01-31 23:00:00+00:00";"2008-11-09 23:00:00+00:00";"39";"03";"84";"2021";"NON";"NON";"03304";"";"";"";"2021-10-06";"61217";""
"03305";"3432";"PLU";"CC";"2010-03-04 23:00:00+00:00";"2006-06-22 22:00:00+00:00";"33";"03";"84";"2021";"NON";"NON";"03305";"";"";"";"2021-10-06";"50802";""
"03306";"3499";"PLU";"CA";"2017-09-27 22:00:00+00:00";"2014-11-11 23:00:00+00:00";"39";"03";"84";"2021";"NON";"NON";"03306";"";"";"";"2021-10-06";"135007";""
"03307";"3199";"PLU";"COM";"2007-06-10 22:00:00+00:00";"2003-10-05 22:00:00+00:00";"39";"03";"84";"2021";"NON";"NON";"03307";"";"";"";"2021-10-06";"50803";""
"03309";"1199";"CC";"COM";"2009-05-14 22:00:00+00:00";"2008-06-14 22:00:00+00:00";"19";"03";"84";"2021";"NON";"NON";"03309";"";"";"";"2021-10-06";"68840";""
"03310";"3499";"PLU";"CA";"2017-09-27 22:00:00+00:00";"2014-10-02 22:00:00+00:00";"39";"03";"84";"2021";"NON";"NON";"03310";"";"";"";"2021-10-06";"135012";""
"03314";"3432";"PLU";"CA";"2008-04-02 22:00:00+00:00";"2002-10-13 22:00:00+00:00";"33";"03";"84";"2021";"NON";"NON";"03314";"";"";"";"2021-10-06";"50807";""
"03315";"3432";"PLU";"CC";"2008-02-29 23:00:00+00:00";"2002-04-28 22:00:00+00:00";"33";"03";"84";"2021";"NON";"NON";"03315";"";"";"";"2021-10-06";"50804";""
"03316";"3199";"PLU";"COM";"2020-07-09 22:00:00+00:00";"2015-09-22 22:00:00+00:00";"39";"03";"84";"2021";"NON";"NON";"03316";"";"";"";"2021-10-06";"135013";""
"03321";"3199";"PLU";"COM";"2013-02-14 23:00:00+00:00";"2008-06-26 22:00:00+00:00";"39";"03";"84";"2021";"NON";"NON";"03321";"";"";"";"2021-10-06";"61220";""
"04001";"3199";"PLU";"COM";"2001-11-22 23:00:00+00:00";"2000-10-30 23:00:00+00:00";"39";"04";"93";"2021";"NON";"NON";"04001";"";"";"";"2021-10-06";"55844";""
"04006";"3434";"PLU";"CC";"2005-01-16 23:00:00+00:00";"1998-09-27 22:00:00+00:00";"33";"04";"93";"2021";"NON";"NON";"04006";"";"";"";"2021-10-06";"55843";""
"04007";"1433";"CC";"CC";"2021-05-09 22:00:00+00:00";"2010-04-04 22:00:00+00:00";"13";"04";"93";"2021";"NON";"NON";"04007";"";"";"";"2021-10-06";"41709";""
"04008";"3499";"PLU";"CC";"2020-02-16 23:00:00+00:00";"2014-09-24 22:00:00+00:00";"39";"04";"93";"2021";"NON";"NON";"04008";"";"";"";"2021-10-06";"77214";""
"04012";"1131";"CC";"COM";"2008-11-12 23:00:00+00:00";"2004-05-07 22:00:00+00:00";"13";"04";"93";"2021";"NON";"NON";"04012";"";"";"";"2021-10-06";"11290";""
"04013";"3199";"PLU";"COM";"2016-06-15 22:00:00+00:00";"2008-05-01 22:00:00+00:00";"39";"04";"93";"2021";"NON";"NON";"04013";"";"";"";"2021-10-06";"39987";""
"04017";"1199";"CC";"COM";"2019-10-27 23:00:00+00:00";"2018-02-26 23:00:00+00:00";"19";"04";"93";"2021";"NON";"NON";"04017";"";"";"";"2021-10-06";"162717";""
"04019";"3199";"PLU";"COM";"2019-12-16 23:00:00+00:00";"2015-01-21 23:00:00+00:00";"39";"04";"93";"2021";"NON";"NON";"04019";"";"";"";"2021-10-06";"137322";""
"04021";"3199";"PLU";"COM";"2018-10-03 22:00:00+00:00";"2013-10-15 22:00:00+00:00";"39";"04";"93";"2021";"NON";"NON";"04021";"";"";"";"2021-10-06";"125196";""
"04022";"3433";"PLU";"CC";"2007-07-12 22:00:00+00:00";"2003-07-09 22:00:00+00:00";"33";"04";"93";"2021";"NON";"NON";"04022";"";"";"";"2021-10-06";"50811";""
"04025";"3499";"PLU";"CC";"2008-02-14 23:00:00+00:00";"2004-03-25 23:00:00+00:00";"39";"04";"93";"2021";"NON";"NON";"04025";"";"";"";"2021-10-06";"47738";""
"04026";"3199";"PLU";"COM";"2014-03-19 23:00:00+00:00";"2010-06-24 22:00:00+00:00";"39";"04";"93";"2021";"NON";"NON";"04026";"";"";"";"2021-10-06";"47803";""
"04027";"1199";"CC";"COM";"2003-12-25 23:00:00+00:00";"2002-03-20 23:00:00+00:00";"19";"04";"93";"2021";"NON";"NON";"04027";"";"";"";"2021-10-06";"19667";""
"04033";"3199";"PLU";"COM";"2018-10-14 22:00:00+00:00";"2014-09-08 22:00:00+00:00";"39";"04";"93";"2021";"NON";"NON";"04033";"";"";"";"2021-10-06";"132870";""
"04036";"3199";"PLU";"COM";"2008-12-14 23:00:00+00:00";"2003-01-29 23:00:00+00:00";"39";"04";"93";"2021";"NON";"NON";"04036";"";"";"";"2021-10-06";"47749";""
"04039";"3433";"PLU";"CC";"2008-02-27 23:00:00+00:00";"1996-06-19 22:00:00+00:00";"33";"04";"93";"2021";"NON";"NON";"04039";"";"";"";"2021-10-06";"47739";""
"04043";"1434";"CC";"CC";"2008-01-12 23:00:00+00:00";"2003-11-28 23:00:00+00:00";"13";"04";"93";"2021";"NON";"NON";"04043";"";"";"";"2021-10-06";"11317";""
"04045";"3199";"PLU";"COM";"2010-08-27 22:00:00+00:00";"2004-11-26 23:00:00+00:00";"39";"04";"93";"2021";"NON";"NON";"04045";"";"";"";"2021-10-06";"40081";""
"04047";"3199";"PLU";"COM";"2013-12-17 23:00:00+00:00";"2009-05-18 22:00:00+00:00";"39";"04";"93";"2021";"NON";"NON";"04047";"";"";"";"2021-10-06";"39323";""
"04049";"3199";"PLU";"COM";"2018-07-11 22:00:00+00:00";"2012-05-20 22:00:00+00:00";"39";"04";"93";"2021";"NON";"NON";"04049";"";"";"";"2021-10-06";"40084";""
"04053";"3199";"PLU";"COM";"2018-04-04 22:00:00+00:00";"2015-12-16 23:00:00+00:00";"39";"04";"93";"2021";"NON";"NON";"04053";"";"";"";"2021-10-06";"144273";""
"04062";"3199";"PLU";"COM";"2005-04-27 22:00:00+00:00";"1991-03-20 23:00:00+00:00";"39";"04";"93";"2021";"NON";"NON";"04062";"";"";"";"2021-10-06";"50809";""
"04063";"3131";"PLU";"COM";"2008-03-02 23:00:00+00:00";"2004-09-23 22:00:00+00:00";"33";"04";"93";"2021";"NON";"NON";"04063";"";"";"";"2021-10-06";"47770";""
"04065";"3199";"PLU";"COM";"2007-12-26 23:00:00+00:00";"2002-07-02 22:00:00+00:00";"39";"04";"93";"2021";"NON";"NON";"04065";"";"";"";"2021-10-06";"50812";""
"04066";"3131";"PLU";"COM";"2008-12-21 23:00:00+00:00";"2008-01-04 23:00:00+00:00";"33";"04";"93";"2021";"NON";"NON";"04066";"";"";"";"2021-10-06";"39181";""
"04067";"3199";"PLU";"COM";"2006-09-22 22:00:00+00:00";"2003-06-02 22:00:00+00:00";"39";"04";"93";"2021";"NON";"NON";"04067";"";"";"";"2021-10-06";"50815";""
"04068";"3199";"PLU";"COM";"2019-12-15 23:00:00+00:00";"2015-11-22 23:00:00+00:00";"39";"04";"93";"2021";"NON";"NON";"04068";"";"";"";"2021-10-06";"77225";""
"04070";"3199";"PLU";"COM";"2009-03-25 23:00:00+00:00";"2003-10-08 22:00:00+00:00";"39";"04";"93";"2021";"NON";"NON";"04070";"";"";"";"2021-10-06";"39133";""
"04073";"3199";"PLU";"COM";"2018-09-16 22:00:00+00:00";"2001-07-12 22:00:00+00:00";"39";"04";"93";"2021";"NON";"NON";"04073";"";"";"";"2021-10-06";"77230";""
"04074";"1199";"CC";"COM";"2006-03-05 23:00:00+00:00";"2004-09-24 22:00:00+00:00";"19";"04";"93";"2021";"NON";"NON";"04074";"";"";"";"2021-10-06";"11318";""
"04075";"3199";"PLU";"COM";"2013-05-16 22:00:00+00:00";"2009-10-05 22:00:00+00:00";"39";"04";"93";"2021";"NON";"NON";"04075";"";"";"";"2021-10-06";"77238";""
"04079";"3199";"PLU";"COM";"2017-03-22 23:00:00+00:00";"2009-05-27 22:00:00+00:00";"39";"04";"93";"2021";"NON";"NON";"04079";"";"";"";"2021-10-06";"39986";""
"04086";"1199";"CC";"COM";"2012-01-11 23:00:00+00:00";"2010-04-11 22:00:00+00:00";"19";"04";"93";"2021";"NON";"NON";"04086";"";"";"";"2021-10-06";"41710";""
"04087";"1199";"CC";"COM";"2012-06-20 22:00:00+00:00";"2009-10-07 22:00:00+00:00";"19";"04";"93";"2021";"NON";"NON";"04087";"";"";"";"2021-10-06";"39979";""
"04088";"3199";"PLU";"COM";"2019-07-10 22:00:00+00:00";"2016-02-24 23:00:00+00:00";"39";"04";"93";"2021";"NON";"NON";"04088";"";"";"";"2021-10-06";"147053";""
"04090";"1499";"CC";"CC";"2007-06-13 22:00:00+00:00";"2004-06-24 22:00:00+00:00";"19";"04";"93";"2021";"NON";"NON";"04090";"";"";"";"2021-10-06";"11319";""
"04092";"1433";"CC";"CC";"2008-10-12 22:00:00+00:00";"2003-03-28 23:00:00+00:00";"13";"04";"93";"2021";"NON";"NON";"04092";"";"";"";"2021-10-06";"11332";""
"04094";"3199";"PLU";"COM";"2019-07-30 22:00:00+00:00";"2016-03-20 23:00:00+00:00";"39";"04";"93";"2021";"NON";"NON";"04094";"";"";"";"2021-10-06";"148138";""
"04095";"1199";"CC";"COM";"2009-08-05 22:00:00+00:00";"2007-09-06 22:00:00+00:00";"19";"04";"93";"2021";"NON";"NON";"04095";"";"";"";"2021-10-06";"22469";""
"04096";"3199";"PLU";"COM";"2008-12-07 23:00:00+00:00";"2004-09-30 22:00:00+00:00";"39";"04";"93";"2021";"NON";"NON";"04096";"";"";"";"2021-10-06";"47740";""
"04097";"3199";"PLU";"COM";"2008-10-07 22:00:00+00:00";"2002-03-17 23:00:00+00:00";"39";"04";"93";"2021";"NON";"NON";"04097";"";"";"";"2021-10-06";"47751";""
"04099";"1433";"CC";"CC";"2007-12-23 23:00:00+00:00";"2005-07-14 22:00:00+00:00";"13";"04";"93";"2021";"NON";"NON";"04099";"";"";"";"2021-10-06";"19577";""
"04101";"3199";"PLU";"COM";"2012-02-02 23:00:00+00:00";"2008-12-05 23:00:00+00:00";"39";"04";"93";"2021";"NON";"NON";"04101";"";"";"";"2021-10-06";"40369";""
"04102";"3199";"PLU";"COM";"2013-06-18 22:00:00+00:00";"2008-10-30 23:00:00+00:00";"39";"04";"93";"2021";"NON";"NON";"04102";"";"";"";"2021-10-06";"39175";""
"04104";"3199";"PLU";"COM";"2008-05-29 22:00:00+00:00";"2003-05-19 22:00:00+00:00";"39";"04";"93";"2021";"NON";"NON";"04104";"";"";"";"2021-10-06";"47771";""
"04106";"3199";"PLU";"COM";"2011-04-25 22:00:00+00:00";"2003-03-03 23:00:00+00:00";"39";"04";"93";"2021";"NON";"NON";"04106";"";"";"";"2021-10-06";"40370";""
"04108";"3199";"PLU";"COM";"2005-11-13 23:00:00+00:00";"2001-09-11 22:00:00+00:00";"39";"04";"93";"2021";"NON";"NON";"04108";"";"";"";"2021-10-06";"50816";""
"04109";"3199";"PLU";"COM";"2006-03-03 23:00:00+00:00";"1996-10-15 22:00:00+00:00";"39";"04";"93";"2021";"NON";"NON";"04109";"";"";"";"2021-10-06";"50817";""
"04111";"3199";"PLU";"COM";"2019-09-01 22:00:00+00:00";"2015-12-01 23:00:00+00:00";"39";"04";"93";"2021";"NON";"NON";"04111";"";"";"";"2021-10-06";"142905";""
"04112";"3131";"PLU";"COM";"2005-07-18 22:00:00+00:00";"2001-11-21 23:00:00+00:00";"33";"04";"93";"2021";"NON";"NON";"04112";"";"";"";"2021-10-06";"40206";""
"04113";"1199";"CC";"COM";"2007-02-07 23:00:00+00:00";"2003-06-04 22:00:00+00:00";"19";"04";"93";"2021";"NON";"NON";"04113";"";"";"";"2021-10-06";"11334";""
"04115";"1499";"CC";"CC";"2007-04-26 22:00:00+00:00";"2002-02-28 23:00:00+00:00";"19";"04";"93";"2021";"NON";"NON";"04115";"";"";"";"2021-10-06";"11361";""
"04116";"3131";"PLU";"COM";"2004-11-04 23:00:00+00:00";"2002-02-18 23:00:00+00:00";"33";"04";"93";"2021";"NON";"NON";"04116";"";"";"";"2021-10-06";"50818";""
"04118";"1199";"CC";"COM";"2011-02-07 23:00:00+00:00";"2008-11-02 23:00:00+00:00";"19";"04";"93";"2021";"NON";"NON";"04118";"";"";"";"2021-10-06";"19585";""
"04120";"1199";"CC";"COM";"2008-01-13 23:00:00+00:00";"2004-07-30 22:00:00+00:00";"19";"04";"93";"2021";"NON";"NON";"04120";"";"";"";"2021-10-06";"19578";""
"04122";"3199";"PLU";"COM";"2019-09-04 22:00:00+00:00";"2014-07-28 22:00:00+00:00";"39";"04";"93";"2021";"NON";"NON";"04122";"";"";"";"2021-10-06";"132003";""
"04123";"3199";"PLU";"COM";"2017-09-11 22:00:00+00:00";"2011-07-10 22:00:00+00:00";"39";"04";"93";"2021";"NON";"NON";"04123";"";"";"";"2021-10-06";"104216";""
"04126";"3199";"PLU";"COM";"2019-11-03 23:00:00+00:00";"2014-07-30 22:00:00+00:00";"39";"04";"93";"2021";"NON";"NON";"04126";"";"";"";"2021-10-06";"131652";""
"04127";"3199";"PLU";"COM";"2012-10-11 22:00:00+00:00";"2006-06-06 22:00:00+00:00";"39";"04";"93";"2021";"NON";"NON";"04127";"";"";"";"2021-10-06";"27944";""
"04128";"3199";"PLU";"COM";"2017-12-20 23:00:00+00:00";"2009-07-15 22:00:00+00:00";"39";"04";"93";"2021";"NON";"NON";"04128";"";"";"";"2021-10-06";"39320";""
"04129";"3199";"PLU";"COM";"2020-06-21 22:00:00+00:00";"2015-12-11 23:00:00+00:00";"39";"04";"93";"2021";"NON";"NON";"04129";"";"";"";"2021-10-06";"144137";""
"04130";"1199";"CC";"COM";"2005-12-12 23:00:00+00:00";"2003-07-22 22:00:00+00:00";"19";"04";"93";"2021";"NON";"NON";"04130";"";"";"";"2021-10-06";"39153";""
"04135";"3199";"PLU";"COM";"2018-04-29 22:00:00+00:00";"2010-02-04 23:00:00+00:00";"39";"04";"93";"2021";"NON";"NON";"04135";"";"";"";"2021-10-06";"40072";""
"04136";"3433";"PLU";"CC";"2012-07-05 22:00:00+00:00";"2001-06-08 22:00:00+00:00";"33";"04";"93";"2021";"NON";"NON";"04136";"";"";"";"2021-10-06";"40211";""
"04138";"3199";"PLU";"COM";"2012-04-25 22:00:00+00:00";"2009-02-05 23:00:00+00:00";"39";"04";"93";"2021";"NON";"NON";"04138";"";"";"";"2021-10-06";"39303";""
"04139";"1199";"CC";"COM";"2006-05-23 22:00:00+00:00";"2002-01-24 23:00:00+00:00";"19";"04";"93";"2021";"NON";"NON";"04139";"";"";"";"2021-10-06";"11375";""
"04140";"1199";"CC";"COM";"2016-12-22 23:00:00+00:00";"2012-03-29 22:00:00+00:00";"19";"04";"93";"2021";"NON";"NON";"04140";"";"";"";"2021-10-06";"112871";""
"04141";"3199";"PLU";"COM";"2020-02-11 23:00:00+00:00";"2015-12-03 23:00:00+00:00";"39";"04";"93";"2021";"NON";"NON";"04141";"";"";"";"2021-10-06";"143200";""
"04143";"3199";"PLU";"COM";"2017-03-15 23:00:00+00:00";"2006-03-29 22:00:00+00:00";"39";"04";"93";"2021";"NON";"NON";"04143";"";"";"";"2021-10-06";"40073";""
"04145";"3131";"PLU";"COM";"2003-04-01 22:00:00+00:00";"2003-04-01 22:00:00+00:00";"33";"04";"93";"2021";"NON";"NON";"04145";"";"";"";"2021-10-06";"57641";""
"04148";"3499";"PLU";"CC";"2019-03-17 23:00:00+00:00";"2014-12-05 23:00:00+00:00";"39";"04";"93";"2021";"NON";"NON";"04148";"";"";"";"2021-10-06";"134919";""
"04149";"3199";"PLU";"COM";"2010-10-18 22:00:00+00:00";"2005-05-08 22:00:00+00:00";"39";"04";"93";"2021";"NON";"NON";"04149";"";"";"";"2021-10-06";"40375";""
"04151";"3199";"PLU";"COM";"2012-09-16 22:00:00+00:00";"2006-10-26 22:00:00+00:00";"39";"04";"93";"2021";"NON";"NON";"04151";"";"";"";"2021-10-06";"40213";""
"04152";"3199";"PLU";"COM";"2017-03-12 23:00:00+00:00";"2009-05-19 22:00:00+00:00";"39";"04";"93";"2021";"NON";"NON";"04152";"";"";"";"2021-10-06";"39985";""
"04154";"1199";"CC";"COM";"2009-05-03 22:00:00+00:00";"2004-02-27 23:00:00+00:00";"19";"04";"93";"2021";"NON";"NON";"04154";"";"";"";"2021-10-06";"11400";""
"04156";"3199";"PLU";"COM";"2013-06-30 22:00:00+00:00";"2007-09-20 22:00:00+00:00";"39";"04";"93";"2021";"NON";"NON";"04156";"";"";"";"2021-10-06";"39178";""
"04158";"3199";"PLU";"COM";"2019-06-03 22:00:00+00:00";"2014-05-27 22:00:00+00:00";"39";"04";"93";"2021";"NON";"NON";"04158";"";"";"";"2021-10-06";"130537";""
"04160";"3131";"PLU";"COM";"2012-02-29 23:00:00+00:00";"2001-09-04 22:00:00+00:00";"33";"04";"93";"2021";"NON";"NON";"04160";"";"";"";"2021-10-06";"40214";""
"04161";"3199";"PLU";"COM";"2008-10-07 22:00:00+00:00";"2002-02-27 23:00:00+00:00";"39";"04";"93";"2021";"NON";"NON";"04161";"";"";"";"2021-10-06";"47741";""
"04163";"3199";"PLU";"COM";"2007-02-26 23:00:00+00:00";"2006-02-16 23:00:00+00:00";"39";"04";"93";"2021";"NON";"NON";"04163";"";"";"";"2021-10-06";"50823";""
"04171";"3433";"PLU";"CC";"2020-02-16 23:00:00+00:00";"2011-10-24 22:00:00+00:00";"33";"04";"93";"2021";"NON";"NON";"04171";"";"";"";"2021-10-06";"40216";""
"04172";"3199";"PLU";"COM";"2006-04-26 22:00:00+00:00";"1998-03-11 23:00:00+00:00";"39";"04";"93";"2021";"NON";"NON";"04172";"";"";"";"2021-10-06";"50824";""
"04176";"3199";"PLU";"COM";"2017-03-08 23:00:00+00:00";"2011-11-13 23:00:00+00:00";"39";"04";"93";"2021";"NON";"NON";"04176";"";"";"";"2021-10-06";"61228";""
"04178";"3199";"PLU";"COM";"2013-01-16 23:00:00+00:00";"2008-06-26 22:00:00+00:00";"39";"04";"93";"2021";"NON";"NON";"04178";"";"";"";"2021-10-06";"97715";""
"04179";"1199";"CC";"COM";"2012-08-28 22:00:00+00:00";"2008-11-12 23:00:00+00:00";"19";"04";"93";"2021";"NON";"NON";"04179";"";"";"";"2021-10-06";"39909";""
"04182";"1199";"CC";"COM";"2006-11-09 23:00:00+00:00";"2002-11-14 23:00:00+00:00";"19";"04";"93";"2021";"NON";"NON";"04182";"";"";"";"2021-10-06";"11416";""
"04184";"3199";"PLU";"COM";"2020-12-13 23:00:00+00:00";"2016-12-07 23:00:00+00:00";"39";"04";"93";"2021";"NON";"NON";"04184";"";"";"";"2021-10-06";"153373";""
"04186";"3199";"PLU";"COM";"2019-12-08 23:00:00+00:00";"2014-09-19 22:00:00+00:00";"39";"04";"93";"2021";"NON";"NON";"04186";"";"";"";"2021-10-06";"133686";""
"04189";"3131";"PLU";"COM";"2007-03-29 22:00:00+00:00";"2002-02-21 23:00:00+00:00";"33";"04";"93";"2021";"NON";"NON";"04189";"";"";"";"2021-10-06";"50825";""
"04193";"3199";"PLU";"COM";"2017-07-27 22:00:00+00:00";"2009-04-19 22:00:00+00:00";"39";"04";"93";"2021";"NON";"NON";"04193";"";"";"";"2021-10-06";"39982";""
"04195";"3199";"PLU";"COM";"2012-03-01 23:00:00+00:00";"2003-05-08 22:00:00+00:00";"39";"04";"93";"2021";"NON";"NON";"04195";"";"";"";"2021-10-06";"40225";""
"04197";"3131";"PLU";"COM";"2013-12-17 23:00:00+00:00";"2005-10-17 22:00:00+00:00";"33";"04";"93";"2021";"NON";"NON";"04197";"";"";"";"2021-10-06";"39339";""
"04200";"3199";"PLU";"COM";"2011-10-25 22:00:00+00:00";"2008-11-16 23:00:00+00:00";"39";"04";"93";"2021";"NON";"NON";"04200";"";"";"";"2021-10-06";"40250";""
"04201";"1199";"CC";"COM";"2017-12-28 23:00:00+00:00";"2013-12-04 23:00:00+00:00";"19";"04";"93";"2021";"NON";"NON";"04201";"";"";"";"2021-10-06";"128653";""
"04203";"3199";"PLU";"COM";"2013-06-19 22:00:00+00:00";"2002-04-25 22:00:00+00:00";"39";"04";"93";"2021";"NON";"NON";"04203";"";"";"";"2021-10-06";"47742";""
"04205";"3199";"PLU";"COM";"2014-12-17 23:00:00+00:00";"2005-01-19 23:00:00+00:00";"39";"04";"93";"2021";"NON";"NON";"04205";"";"";"";"2021-10-06";"40380";""
"04206";"3199";"PLU";"COM";"2019-10-13 22:00:00+00:00";"2015-06-28 22:00:00+00:00";"39";"04";"93";"2021";"NON";"NON";"04206";"";"";"";"2021-10-06";"140759";""
"04207";"1199";"CC";"COM";"2010-02-17 23:00:00+00:00";"2004-09-27 22:00:00+00:00";"19";"04";"93";"2021";"NON";"NON";"04207";"";"";"";"2021-10-06";"11443";""
"04208";"1199";"CC";"COM";"2013-12-28 23:00:00+00:00";"2009-10-15 22:00:00+00:00";"19";"04";"93";"2021";"NON";"NON";"04208";"";"";"";"2021-10-06";"77767";""
"04209";"3199";"PLU";"COM";"2017-10-15 22:00:00+00:00";"2008-11-06 23:00:00+00:00";"39";"04";"93";"2021";"NON";"NON";"04209";"";"";"";"2021-10-06";"39172";""
"04211";"3199";"PLU";"COM";"2014-03-18 23:00:00+00:00";"2010-02-09 23:00:00+00:00";"39";"04";"93";"2021";"NON";"NON";"04211";"";"";"";"2021-10-06";"41217";""
"04216";"3199";"PLU";"COM";"2013-12-18 23:00:00+00:00";"2009-12-15 23:00:00+00:00";"39";"04";"93";"2021";"NON";"NON";"04216";"";"";"";"2021-10-06";"41758";""
"04217";"3131";"PLU";"COM";"2008-02-07 23:00:00+00:00";"2001-05-29 22:00:00+00:00";"33";"04";"93";"2021";"NON";"NON";"04217";"";"";"";"2021-10-06";"47753";""
"04219";"3434";"PLU";"CC";"2008-12-17 23:00:00+00:00";"2004-05-12 22:00:00+00:00";"33";"04";"93";"2021";"NON";"NON";"04219";"";"";"";"2021-10-06";"47743";""
"04220";"1199";"CC";"COM";"2008-07-09 22:00:00+00:00";"2007-10-09 22:00:00+00:00";"19";"04";"93";"2021";"NON";"NON";"04220";"";"";"";"2021-10-06";"39152";""
"04226";"3199";"PLU";"COM";"2013-07-21 22:00:00+00:00";"2005-09-11 22:00:00+00:00";"39";"04";"93";"2021";"NON";"NON";"04226";"";"";"";"2021-10-06";"39384";""
"04230";"3199";"PLU";"COM";"2018-10-22 22:00:00+00:00";"2014-11-02 23:00:00+00:00";"39";"04";"93";"2021";"NON";"NON";"04230";"";"";"";"2021-10-06";"40353";""
"04231";"3199";"PLU";"COM";"2013-01-16 23:00:00+00:00";"2009-11-12 23:00:00+00:00";"39";"04";"93";"2021";"NON";"NON";"04231";"";"";"";"2021-10-06";"39980";""
"04233";"1199";"CC";"COM";"2014-01-14 23:00:00+00:00";"2011-04-05 22:00:00+00:00";"19";"04";"93";"2021";"NON";"NON";"04233";"";"";"";"2021-10-06";"124156";""
"04237";"1199";"CC";"COM";"2007-10-15 22:00:00+00:00";"2005-06-24 22:00:00+00:00";"19";"04";"93";"2021";"NON";"NON";"04237";"";"";"";"2021-10-06";"39156";""
"04240";"3499";"PLU";"CC";"2018-09-23 22:00:00+00:00";"2009-03-05 23:00:00+00:00";"39";"04";"93";"2021";"NON";"NON";"04240";"";"";"";"2021-10-06";"39332";""
"04241";"3199";"PLU";"COM";"2020-11-05 23:00:00+00:00";"2006-11-30 23:00:00+00:00";"39";"04";"93";"2021";"NON";"NON";"04241";"";"";"";"2021-10-06";"40383";""
"04242";"3131";"PLU";"COM";"2006-11-12 23:00:00+00:00";"2002-09-26 22:00:00+00:00";"33";"04";"93";"2021";"NON";"NON";"04242";"";"";"";"2021-10-06";"50829";""
"04244";"3131";"PLU";"COM";"2013-06-19 22:00:00+00:00";"2004-02-05 23:00:00+00:00";"33";"04";"93";"2021";"NON";"NON";"04244";"";"";"";"2021-10-06";"40385";""
"04245";"3199";"PLU";"COM";"2019-05-26 22:00:00+00:00";"2014-10-09 22:00:00+00:00";"39";"04";"93";"2021";"NON";"NON";"04245";"";"";"";"2021-10-06";"133045";""
"05001";"3131";"PLU";"COM";"2014-03-14 23:00:00+00:00";"2003-11-13 23:00:00+00:00";"33";"05";"93";"2021";"NON";"NON";"05001";"";"";"";"2021-10-06";"9330";""
"05003";"3199";"PLU";"COM";"2014-03-11 23:00:00+00:00";"2005-06-14 22:00:00+00:00";"39";"05";"93";"2021";"NON";"NON";"05003";"";"";"";"2021-10-06";"1458";""
"05004";"3199";"PLU";"COM";"2014-06-23 22:00:00+00:00";"2004-12-01 23:00:00+00:00";"39";"05";"93";"2021";"NON";"NON";"05004";"";"";"";"2021-10-06";"9255";""
"05006";"3199";"PLU";"COM";"2018-04-11 22:00:00+00:00";"2008-12-18 23:00:00+00:00";"39";"05";"93";"2021";"NON";"NON";"05006";"";"";"";"2021-10-06";"37614";""
"05007";"3199";"PLU";"COM";"2014-03-09 23:00:00+00:00";"2012-02-26 23:00:00+00:00";"39";"05";"93";"2021";"NON";"NON";"05007";"";"";"";"2021-10-06";"112494";""
"05008";"3199";"PLU";"COM";"2019-03-06 23:00:00+00:00";"2014-07-30 22:00:00+00:00";"39";"05";"93";"2021";"NON";"NON";"05008";"";"";"";"2021-10-06";"131460";""
"05009";"1199";"CC";"COM";"2020-03-22 23:00:00+00:00";"2015-10-05 22:00:00+00:00";"19";"05";"93";"2021";"NON";"NON";"05009";"";"";"";"2021-10-06";"141452";""
"05010";"3199";"PLU";"COM";"2018-09-06 22:00:00+00:00";"2015-10-28 23:00:00+00:00";"39";"05";"93";"2021";"NON";"NON";"05010";"";"";"";"2021-10-06";"142245";""
"05011";"1111";"CC";"COM";"2002-06-10 22:00:00+00:00";"2001-10-21 22:00:00+00:00";"11";"05";"93";"2021";"NON";"NON";"05011";"";"";"";"2021-10-06";"22965";""
"05012";"3199";"PLU";"COM";"2020-01-15 23:00:00+00:00";"2015-09-27 22:00:00+00:00";"39";"05";"93";"2021";"NON";"NON";"05012";"";"";"";"2021-10-06";"142045";""
"05013";"3199";"PLU";"COM";"2021-07-08 22:00:00+00:00";"2015-06-18 22:00:00+00:00";"39";"05";"93";"2021";"NON";"NON";"05013";"";"";"";"2021-10-06";"140126";""
"05014";"1199";"CC";"COM";"2003-02-13 23:00:00+00:00";"2003-01-23 23:00:00+00:00";"19";"05";"93";"2021";"NON";"NON";"05014";"";"";"";"2021-10-06";"22967";""
"05016";"3199";"PLU";"COM";"2014-05-15 22:00:00+00:00";"2004-12-12 23:00:00+00:00";"39";"05";"93";"2021";"NON";"NON";"05016";"";"";"";"2021-10-06";"1342";""
"05017";"3131";"PLU";"COM";"2013-11-05 23:00:00+00:00";"2009-10-22 22:00:00+00:00";"33";"05";"93";"2021";"NON";"NON";"05017";"";"";"";"2021-10-06";"120800";""
"05018";"3131";"PLU";"COM";"2006-06-08 22:00:00+00:00";"2004-02-15 23:00:00+00:00";"33";"05";"93";"2021";"NON";"NON";"05018";"";"";"";"2021-10-06";"19516";""
"05019";"3199";"PLU";"COM";"2019-10-08 22:00:00+00:00";"2015-02-05 23:00:00+00:00";"39";"05";"93";"2021";"NON";"NON";"05019";"";"";"";"2021-10-06";"141002";""
"05022";"1199";"CC";"COM";"2019-11-19 23:00:00+00:00";"2014-05-01 22:00:00+00:00";"19";"05";"93";"2021";"NON";"NON";"05022";"";"";"";"2021-10-06";"14354";""
"05023";"3131";"PLU";"COM";"2007-04-13 22:00:00+00:00";"1998-10-15 22:00:00+00:00";"33";"05";"93";"2021";"NON";"NON";"05023";"";"";"";"2021-10-06";"55";""
"05025";"1199";"CC";"COM";"2019-06-18 22:00:00+00:00";"2015-10-01 22:00:00+00:00";"19";"05";"93";"2021";"NON";"NON";"05025";"";"";"";"2021-10-06";"141705";""
"05026";"3131";"PLU";"COM";"2008-05-28 22:00:00+00:00";"1996-10-17 22:00:00+00:00";"33";"05";"93";"2021";"NON";"NON";"05026";"";"";"";"2021-10-06";"24198";""
"05028";"1199";"CC";"COM";"2008-01-03 23:00:00+00:00";"2006-03-06 23:00:00+00:00";"19";"05";"93";"2021";"NON";"NON";"05028";"";"";"";"2021-10-06";"12136";""
"05029";"3199";"PLU";"COM";"2019-04-10 22:00:00+00:00";"2014-11-23 23:00:00+00:00";"39";"05";"93";"2021";"NON";"NON";"05029";"";"";"";"2021-10-06";"138343";""
"05031";"3199";"PLU";"COM";"2019-10-14 22:00:00+00:00";"2018-07-04 22:00:00+00:00";"39";"05";"93";"2021";"NON";"NON";"05031";"";"";"";"2021-10-06";"157782";""
"05036";"3199";"PLU";"COM";"2019-01-09 23:00:00+00:00";"2015-12-10 23:00:00+00:00";"39";"05";"93";"2021";"NON";"NON";"05036";"";"";"";"2021-10-06";"144155";""
"05037";"3131";"PLU";"COM";"2012-11-27 23:00:00+00:00";"2008-05-15 22:00:00+00:00";"33";"05";"93";"2021";"NON";"NON";"05037";"";"";"";"2021-10-06";"34935";""
"05038";"3199";"PLU";"COM";"2013-12-18 23:00:00+00:00";"2006-03-05 23:00:00+00:00";"39";"05";"93";"2021";"NON";"NON";"05038";"";"";"";"2021-10-06";"14730";""
"05039";"3199";"PLU";"COM";"2020-03-03 23:00:00+00:00";"2018-07-03 22:00:00+00:00";"39";"05";"93";"2021";"NON";"NON";"05039";"";"";"";"2021-10-06";"163763";""
"05040";"3131";"PLU";"COM";"2011-07-06 22:00:00+00:00";"1998-11-23 23:00:00+00:00";"33";"05";"93";"2021";"NON";"NON";"05040";"";"";"";"2021-10-06";"63783";""
"05044";"3199";"PLU";"COM";"2008-12-09 23:00:00+00:00";"2002-12-02 23:00:00+00:00";"39";"05";"93";"2021";"NON";"NON";"05044";"";"";"";"2021-10-06";"9258";""
"05045";"3199";"PLU";"COM";"2011-07-17 22:00:00+00:00";"2004-02-26 23:00:00+00:00";"39";"05";"93";"2021";"NON";"NON";"05045";"";"";"";"2021-10-06";"24287";""
"05046";"3131";"PLU";"COM";"2006-06-27 22:00:00+00:00";"2003-04-21 22:00:00+00:00";"33";"05";"93";"2021";"NON";"NON";"05046";"";"";"";"2021-10-06";"24090";""
"05047";"3199";"PLU";"COM";"2018-01-10 23:00:00+00:00";"2013-10-30 23:00:00+00:00";"39";"05";"93";"2021";"NON";"NON";"05047";"";"";"";"2021-10-06";"135025";""
"05048";"1199";"CC";"COM";"2017-06-11 22:00:00+00:00";"2014-11-06 23:00:00+00:00";"19";"05";"93";"2021";"NON";"NON";"05048";"";"";"";"2021-10-06";"134915";""
"05050";"3199";"PLU";"COM";"2020-10-07 22:00:00+00:00";"2008-10-22 22:00:00+00:00";"39";"05";"93";"2021";"NON";"NON";"05050";"";"";"";"2021-10-06";"37212";""
"05052";"3199";"PLU";"COM";"2019-03-26 23:00:00+00:00";"2015-08-12 22:00:00+00:00";"39";"05";"93";"2021";"NON";"NON";"05052";"";"";"";"2021-10-06";"140737";""
"05053";"3131";"PLU";"COM";"2014-04-17 22:00:00+00:00";"2010-01-31 23:00:00+00:00";"33";"05";"93";"2021";"NON";"NON";"05053";"";"";"";"2021-10-06";"47843";""
"05054";"3199";"PLU";"COM";"2019-04-02 22:00:00+00:00";"2006-11-29 23:00:00+00:00";"39";"05";"93";"2021";"NON";"NON";"05054";"";"";"";"2021-10-06";"14240";""
"05055";"3131";"PLU";"COM";"2007-07-11 22:00:00+00:00";"2002-10-04 22:00:00+00:00";"33";"05";"93";"2021";"NON";"NON";"05055";"";"";"";"2021-10-06";"9260";""
"05056";"3199";"PLU";"COM";"2009-04-26 22:00:00+00:00";"2003-11-19 23:00:00+00:00";"39";"05";"93";"2021";"NON";"NON";"05056";"";"";"";"2021-10-06";"9262";""
"05057";"3199";"PLU";"COM";"2018-02-25 23:00:00+00:00";"2014-12-10 23:00:00+00:00";"39";"05";"93";"2021";"NON";"NON";"05057";"";"";"";"2021-10-06";"135042";""
"05058";"3131";"PLU";"COM";"2011-02-10 23:00:00+00:00";"2003-03-27 23:00:00+00:00";"33";"05";"93";"2021";"NON";"NON";"05058";"";"";"";"2021-10-06";"22842";""
"05059";"3199";"PLU";"COM";"2006-08-27 22:00:00+00:00";"2001-10-25 22:00:00+00:00";"39";"05";"93";"2021";"NON";"NON";"05059";"";"";"";"2021-10-06";"7262";""
"05061";"3199";"PLU";"COM";"2018-02-01 23:00:00+00:00";"2008-10-30 23:00:00+00:00";"39";"05";"93";"2021";"NON";"NON";"05061";"";"";"";"2021-10-06";"36361";""
"05063";"3131";"PLU";"COM";"2015-09-07 22:00:00+00:00";"2011-02-01 23:00:00+00:00";"33";"05";"93";"2021";"NON";"NON";"05063";"";"";"";"2021-10-06";"47820";""
"05065";"3199";"PLU";"COM";"2020-01-21 23:00:00+00:00";"2014-12-10 23:00:00+00:00";"39";"05";"93";"2021";"NON";"NON";"05065";"";"";"";"2021-10-06";"137277";""
"05068";"3199";"PLU";"COM";"2019-12-17 23:00:00+00:00";"2015-11-30 23:00:00+00:00";"39";"05";"93";"2021";"NON";"NON";"05068";"";"";"";"2021-10-06";"143982";""
"05070";"3199";"PLU";"COM";"2019-10-15 22:00:00+00:00";"2016-09-13 22:00:00+00:00";"39";"05";"93";"2021";"NON";"NON";"05070";"";"";"";"2021-10-06";"142262";""
"05071";"3199";"PLU";"COM";"2017-12-12 23:00:00+00:00";"2014-07-30 22:00:00+00:00";"39";"05";"93";"2021";"NON";"NON";"05071";"";"";"";"2021-10-06";"137624";""
"05072";"3199";"PLU";"COM";"2018-03-21 23:00:00+00:00";"2014-09-29 22:00:00+00:00";"39";"05";"93";"2021";"NON";"NON";"05072";"";"";"";"2021-10-06";"134426";""
"05073";"3199";"PLU";"COM";"2010-10-05 22:00:00+00:00";"2008-03-30 22:00:00+00:00";"39";"05";"93";"2021";"NON";"NON";"05073";"";"";"";"2021-10-06";"36199";""
"05074";"3199";"PLU";"COM";"2012-06-30 22:00:00+00:00";"2009-09-21 22:00:00+00:00";"39";"05";"93";"2021";"NON";"NON";"05074";"";"";"";"2021-10-06";"40786";""
"05075";"3199";"PLU";"COM";"2019-09-22 22:00:00+00:00";"2014-07-23 22:00:00+00:00";"39";"05";"93";"2021";"NON";"NON";"05075";"";"";"";"2021-10-06";"131273";""
"05077";"3199";"PLU";"COM";"2020-10-14 22:00:00+00:00";"2016-07-10 22:00:00+00:00";"39";"05";"93";"2021";"NON";"NON";"05077";"";"";"";"2021-10-06";"157997";""
"05078";"1199";"CC";"COM";"2009-10-20 22:00:00+00:00";"2007-08-09 22:00:00+00:00";"19";"05";"93";"2021";"NON";"NON";"05078";"";"";"";"2021-10-06";"31159";""
"05079";"3199";"PLU";"COM";"2020-02-12 23:00:00+00:00";"2015-06-16 22:00:00+00:00";"39";"05";"93";"2021";"NON";"NON";"05079";"";"";"";"2021-10-06";"139510";""
"05084";"3199";"PLU";"COM";"2017-10-10 22:00:00+00:00";"2015-04-06 22:00:00+00:00";"39";"05";"93";"2021";"NON";"NON";"05084";"";"";"";"2021-10-06";"139504";""
"05085";"3131";"PLU";"COM";"2012-05-10 22:00:00+00:00";"2010-01-21 23:00:00+00:00";"33";"05";"93";"2021";"NON";"NON";"05085";"";"";"";"2021-10-06";"42446";""
"05087";"3199";"PLU";"COM";"2016-11-20 23:00:00+00:00";"2015-02-25 23:00:00+00:00";"39";"05";"93";"2021";"NON";"NON";"05087";"";"";"";"2021-10-06";"137588";""
"05092";"3199";"PLU";"COM";"2019-03-17 23:00:00+00:00";"2014-12-07 23:00:00+00:00";"39";"05";"93";"2021";"NON";"NON";"05092";"";"";"";"2021-10-06";"135083";""
"05093";"3199";"PLU";"COM";"2020-07-19 22:00:00+00:00";"2015-11-22 23:00:00+00:00";"39";"05";"93";"2021";"NON";"NON";"05093";"";"";"";"2021-10-06";"142584";""
"05096";"3131";"PLU";"COM";"2008-05-25 22:00:00+00:00";"2005-02-28 23:00:00+00:00";"33";"05";"93";"2021";"NON";"NON";"05096";"";"";"";"2021-10-06";"9252";""
"05098";"3199";"PLU";"COM";"2014-01-22 23:00:00+00:00";"2010-02-16 23:00:00+00:00";"39";"05";"93";"2021";"NON";"NON";"05098";"";"";"";"2021-10-06";"42447";""
"05100";"3199";"PLU";"COM";"2016-04-20 22:00:00+00:00";"2009-07-02 22:00:00+00:00";"39";"05";"93";"2021";"NON";"NON";"05100";"";"";"";"2021-10-06";"40265";""
"05101";"3199";"PLU";"COM";"2017-02-20 23:00:00+00:00";"2011-11-01 23:00:00+00:00";"39";"05";"93";"2021";"NON";"NON";"05101";"";"";"";"2021-10-06";"95205";""
"05103";"3199";"PLU";"COM";"2010-02-14 23:00:00+00:00";"2004-12-02 23:00:00+00:00";"39";"05";"93";"2021";"NON";"NON";"05103";"";"";"";"2021-10-06";"1471";""
"05104";"3199";"PLU";"COM";"2010-12-27 23:00:00+00:00";"2007-12-04 23:00:00+00:00";"39";"05";"93";"2021";"NON";"NON";"05104";"";"";"";"2021-10-06";"14961";""
"05106";"3199";"PLU";"COM";"2006-04-05 22:00:00+00:00";"2003-02-20 23:00:00+00:00";"39";"05";"93";"2021";"NON";"NON";"05106";"";"";"";"2021-10-06";"9266";""
"05107";"3199";"PLU";"COM";"2017-12-20 23:00:00+00:00";"2015-09-04 22:00:00+00:00";"39";"05";"93";"2021";"NON";"NON";"05107";"";"";"";"2021-10-06";"139142";""
"05108";"3199";"PLU";"COM";"2012-10-16 22:00:00+00:00";"2006-10-23 22:00:00+00:00";"39";"05";"93";"2021";"NON";"NON";"05108";"";"";"";"2021-10-06";"24957";""
"05110";"3199";"PLU";"COM";"2018-03-28 22:00:00+00:00";"2005-04-24 22:00:00+00:00";"39";"05";"93";"2021";"NON";"NON";"05110";"";"";"";"2021-10-06";"1474";""
"05111";"3199";"PLU";"COM";"2018-06-25 22:00:00+00:00";"2015-05-11 22:00:00+00:00";"39";"05";"93";"2021";"NON";"NON";"05111";"";"";"";"2021-10-06";"140526";""
"05112";"3199";"PLU";"COM";"2014-02-12 23:00:00+00:00";"2009-03-09 23:00:00+00:00";"39";"05";"93";"2021";"NON";"NON";"05112";"";"";"";"2021-10-06";"39312";""
"05113";"3199";"PLU";"COM";"2020-01-26 23:00:00+00:00";"2017-10-18 22:00:00+00:00";"39";"05";"93";"2021";"NON";"NON";"05113";"";"";"";"2021-10-06";"158950";""
"05114";"3199";"PLU";"COM";"2009-03-30 22:00:00+00:00";"2003-03-28 23:00:00+00:00";"39";"05";"93";"2021";"NON";"NON";"05114";"";"";"";"2021-10-06";"10679";""
"05115";"3131";"PLU";"COM";"2006-12-15 23:00:00+00:00";"2001-05-11 22:00:00+00:00";"33";"05";"93";"2021";"NON";"NON";"05115";"";"";"";"2021-10-06";"13498";""
"05116";"1199";"CC";"COM";"2006-12-13 23:00:00+00:00";"2002-08-29 22:00:00+00:00";"19";"05";"93";"2021";"NON";"NON";"05116";"";"";"";"2021-10-06";"10657";""
"05118";"3131";"PLU";"COM";"2013-09-08 22:00:00+00:00";"2010-10-13 22:00:00+00:00";"33";"05";"93";"2021";"NON";"NON";"05118";"";"";"";"2021-10-06";"34988";""
"05119";"3131";"PLU";"COM";"2013-08-28 22:00:00+00:00";"2009-09-22 22:00:00+00:00";"33";"05";"93";"2021";"NON";"NON";"05119";"";"";"";"2021-10-06";"42459";""
"05122";"3131";"PLU";"COM";"2011-08-02 22:00:00+00:00";"2005-03-03 23:00:00+00:00";"33";"05";"93";"2021";"NON";"NON";"05122";"";"";"";"2021-10-06";"1476";""
"05123";"3131";"PLU";"COM";"2007-10-07 22:00:00+00:00";"2002-02-17 23:00:00+00:00";"33";"05";"93";"2021";"NON";"NON";"05123";"";"";"";"2021-10-06";"9267";""
"05124";"3199";"PLU";"COM";"2018-07-22 22:00:00+00:00";"2012-04-04 22:00:00+00:00";"39";"05";"93";"2021";"NON";"NON";"05124";"";"";"";"2021-10-06";"114744";""
"05126";"3199";"PLU";"COM";"2007-11-26 23:00:00+00:00";"2003-06-19 22:00:00+00:00";"39";"05";"93";"2021";"NON";"NON";"05126";"";"";"";"2021-10-06";"23980";""
"05127";"3199";"PLU";"COM";"2014-03-16 23:00:00+00:00";"2009-10-06 22:00:00+00:00";"39";"05";"93";"2021";"NON";"NON";"05127";"";"";"";"2021-10-06";"39839";""
"05128";"3199";"PLU";"COM";"2017-05-15 22:00:00+00:00";"2015-03-19 23:00:00+00:00";"39";"05";"93";"2021";"NON";"NON";"05128";"";"";"";"2021-10-06";"139277";""
"05130";"3131";"PLU";"COM";"2014-01-05 23:00:00+00:00";"2009-04-09 22:00:00+00:00";"33";"05";"93";"2021";"NON";"NON";"05130";"";"";"";"2021-10-06";"39315";""
"05132";"3199";"PLU";"COM";"2020-02-18 23:00:00+00:00";"2014-04-23 22:00:00+00:00";"39";"05";"93";"2021";"NON";"NON";"05132";"";"";"";"2021-10-06";"130183";""
"05133";"3131";"PLU";"COM";"2010-10-17 22:00:00+00:00";"2006-03-21 23:00:00+00:00";"33";"05";"93";"2021";"NON";"NON";"05133";"";"";"";"2021-10-06";"14731";""
"05134";"3199";"PLU";"COM";"2020-11-12 23:00:00+00:00";"2015-09-24 22:00:00+00:00";"39";"05";"93";"2021";"NON";"NON";"05134";"";"";"";"2021-10-06";"141314";""
"05136";"3199";"PLU";"COM";"2019-06-27 22:00:00+00:00";"2014-09-04 22:00:00+00:00";"39";"05";"93";"2021";"NON";"NON";"05136";"";"";"";"2021-10-06";"132271";""
"05139";"3199";"PLU";"COM";"2017-03-13 23:00:00+00:00";"2013-02-12 23:00:00+00:00";"39";"05";"93";"2021";"NON";"NON";"05139";"";"";"";"2021-10-06";"130354";""
"05140";"3199";"PLU";"COM";"2012-10-25 22:00:00+00:00";"2009-03-09 23:00:00+00:00";"39";"05";"93";"2021";"NON";"NON";"05140";"";"";"";"2021-10-06";"39446";""
"05142";"3199";"PLU";"COM";"2018-07-15 22:00:00+00:00";"2005-07-03 22:00:00+00:00";"39";"05";"93";"2021";"NON";"NON";"05142";"";"";"";"2021-10-06";"2374";""
"05145";"3199";"PLU";"COM";"2020-07-20 22:00:00+00:00";"2016-08-29 22:00:00+00:00";"39";"05";"93";"2021";"NON";"NON";"05145";"";"";"";"2021-10-06";"150494";""
"05146";"3199";"PLU";"COM";"2011-11-08 23:00:00+00:00";"2000-10-25 22:00:00+00:00";"39";"05";"93";"2021";"NON";"NON";"05146";"";"";"";"2021-10-06";"9269";""
"05147";"3199";"PLU";"COM";"2013-09-04 22:00:00+00:00";"2008-12-01 23:00:00+00:00";"39";"05";"93";"2021";"NON";"NON";"05147";"";"";"";"2021-10-06";"37267";""
"05148";"3199";"PLU";"COM";"2018-07-18 22:00:00+00:00";"2006-06-14 22:00:00+00:00";"39";"05";"93";"2021";"NON";"NON";"05148";"";"";"";"2021-10-06";"18505";""
"05149";"3199";"PLU";"COM";"2017-03-22 23:00:00+00:00";"2012-06-19 22:00:00+00:00";"39";"05";"93";"2021";"NON";"NON";"05149";"";"";"";"2021-10-06";"112499";""
"05151";"3131";"PLU";"COM";"2011-10-24 22:00:00+00:00";"2002-05-30 22:00:00+00:00";"33";"05";"93";"2021";"NON";"NON";"05151";"";"";"";"2021-10-06";"33532";""
"05153";"3199";"PLU";"COM";"2008-06-26 22:00:00+00:00";"2005-05-03 22:00:00+00:00";"39";"05";"93";"2021";"NON";"NON";"05153";"";"";"";"2021-10-06";"10680";""
"05154";"3199";"PLU";"COM";"2014-01-26 23:00:00+00:00";"2012-10-14 22:00:00+00:00";"39";"05";"93";"2021";"NON";"NON";"05154";"";"";"";"2021-10-06";"114056";""
"05155";"1199";"CC";"COM";"2007-07-04 22:00:00+00:00";"2002-10-04 22:00:00+00:00";"19";"05";"93";"2021";"NON";"NON";"05155";"";"";"";"2021-10-06";"14966";""
"05156";"3199";"PLU";"COM";"2019-09-15 22:00:00+00:00";"2017-10-08 22:00:00+00:00";"39";"05";"93";"2021";"NON";"NON";"05156";"";"";"";"2021-10-06";"158619";""
"05157";"3199";"PLU";"COM";"2008-01-27 23:00:00+00:00";"1997-11-26 23:00:00+00:00";"39";"05";"93";"2021";"NON";"NON";"05157";"";"";"";"2021-10-06";"7263";""
"05159";"3199";"PLU";"COM";"2018-06-17 22:00:00+00:00";"2008-08-21 22:00:00+00:00";"39";"05";"93";"2021";"NON";"NON";"05159";"";"";"";"2021-10-06";"35927";""
"05160";"1199";"CC";"COM";"2003-01-14 23:00:00+00:00";"2002-11-22 23:00:00+00:00";"19";"05";"93";"2021";"NON";"NON";"05160";"";"";"";"2021-10-06";"22969";""
"05161";"3131";"PLU";"COM";"2010-12-11 23:00:00+00:00";"2007-03-07 23:00:00+00:00";"33";"05";"93";"2021";"NON";"NON";"05161";"";"";"";"2021-10-06";"28794";""
"05162";"3199";"PLU";"COM";"2003-09-01 22:00:00+00:00";"1993-01-13 23:00:00+00:00";"39";"05";"93";"2021";"NON";"NON";"05162";"";"";"";"2021-10-06";"4842";""
"05163";"3199";"PLU";"COM";"2015-11-12 23:00:00+00:00";"2011-10-13 22:00:00+00:00";"39";"05";"93";"2021";"NON";"NON";"05163";"";"";"";"2021-10-06";"137487";""
"05164";"3131";"PLU";"COM";"2011-12-11 23:00:00+00:00";"2002-07-04 22:00:00+00:00";"33";"05";"93";"2021";"NON";"NON";"05164";"";"";"";"2021-10-06";"33587";""
"05166";"3199";"PLU";"COM";"2018-11-28 23:00:00+00:00";"2016-06-28 22:00:00+00:00";"39";"05";"93";"2021";"NON";"NON";"05166";"";"";"";"2021-10-06";"149965";""
"05168";"3131";"PLU";"COM";"2008-01-14 23:00:00+00:00";"2005-07-08 22:00:00+00:00";"33";"05";"93";"2021";"NON";"NON";"05168";"";"";"";"2021-10-06";"10552";""
"05170";"3131";"PLU";"COM";"2005-01-16 23:00:00+00:00";"1998-03-26 23:00:00+00:00";"33";"05";"93";"2021";"NON";"NON";"05170";"";"";"";"2021-10-06";"22948";""
"05171";"3199";"PLU";"COM";"2014-10-08 22:00:00+00:00";"2011-02-02 23:00:00+00:00";"39";"05";"93";"2021";"NON";"NON";"05171";"";"";"";"2021-10-06";"47681";""
"05172";"3199";"PLU";"COM";"2015-09-16 22:00:00+00:00";"2009-12-20 23:00:00+00:00";"39";"05";"93";"2021";"NON";"NON";"05172";"";"";"";"2021-10-06";"47855";""
"05173";"3199";"PLU";"COM";"2019-10-16 22:00:00+00:00";"2015-03-18 23:00:00+00:00";"39";"05";"93";"2021";"NON";"NON";"05173";"";"";"";"2021-10-06";"139478";""
"05174";"3199";"PLU";"COM";"2018-02-26 23:00:00+00:00";"2014-09-24 22:00:00+00:00";"39";"05";"93";"2021";"NON";"NON";"05174";"";"";"";"2021-10-06";"132270";""
"05176";"3199";"PLU";"COM";"2020-12-16 23:00:00+00:00";"2016-11-02 23:00:00+00:00";"39";"05";"93";"2021";"NON";"NON";"05176";"";"";"";"2021-10-06";"151677";""
"05177";"3131";"PLU";"COM";"2008-07-14 22:00:00+00:00";"2002-05-23 22:00:00+00:00";"33";"05";"93";"2021";"NON";"NON";"05177";"";"";"";"2021-10-06";"9271";""
"05178";"3199";"PLU";"COM";"2020-02-16 23:00:00+00:00";"2015-06-20 22:00:00+00:00";"39";"05";"93";"2021";"NON";"NON";"05178";"";"";"";"2021-10-06";"140217";""
"05179";"3199";"PLU";"COM";"2017-12-13 23:00:00+00:00";"2014-05-19 22:00:00+00:00";"39";"05";"93";"2021";"NON";"NON";"05179";"";"";"";"2021-10-06";"135307";""
"05180";"3199";"PLU";"COM";"2019-03-10 23:00:00+00:00";"2015-04-12 22:00:00+00:00";"39";"05";"93";"2021";"NON";"NON";"05180";"";"";"";"2021-10-06";"140935";""
"05183";"3131";"PLU";"COM";"2016-03-02 23:00:00+00:00";"2008-06-26 22:00:00+00:00";"33";"05";"93";"2021";"NON";"NON";"05183";"";"";"";"2021-10-06";"35564";""
"06001";"1199";"CC";"COM";"2013-06-12 22:00:00+00:00";"2007-06-15 22:00:00+00:00";"19";"06";"93";"2021";"NON";"NON";"06001";"";"";"";"2021-10-06";"66664";""
"06003";"3199";"PLU";"COM";"2014-01-24 23:00:00+00:00";"2003-02-09 23:00:00+00:00";"39";"06";"93";"2021";"NON";"NON";"06003";"";"";"";"2021-10-06";"75310";""
"06004";"3199";"PLU";"COM";"2019-03-28 23:00:00+00:00";"2012-07-11 22:00:00+00:00";"39";"06";"93";"2021";"NON";"NON";"06004";"";"";"";"2021-10-06";"111199";""
"06005";"1111";"CC";"COM";"2003-08-17 22:00:00+00:00";"2001-07-28 22:00:00+00:00";"11";"06";"93";"2021";"NON";"NON";"06005";"";"";"";"2021-10-06";"41188";""
"06006";"3299";"PLUi/PLUiS";"MET";"2019-10-24 22:00:00+00:00";"2014-12-14 23:00:00+00:00";"39";"06";"93";"2021";"NON";"OUI";"200030195";"";"";"";"2021-10-06";"135148";""
"06009";"3299";"PLUi/PLUiS";"MET";"2019-10-24 22:00:00+00:00";"2014-12-14 23:00:00+00:00";"39";"06";"93";"2021";"NON";"OUI";"06009";"";"";"";"2021-10-06";"135148";""
"06010";"3199";"PLU";"COM";"2019-09-25 22:00:00+00:00";"2010-09-26 22:00:00+00:00";"39";"06";"93";"2021";"NON";"NON";"06010";"";"";"";"2021-10-06";"61232";""
"06011";"3299";"PLUi/PLUiS";"MET";"2019-10-24 22:00:00+00:00";"2014-12-14 23:00:00+00:00";"39";"06";"93";"2021";"NON";"OUI";"200030195";"";"";"";"2021-10-06";"135148";""
"06012";"3131";"PLU";"COM";"2008-01-29 23:00:00+00:00";"2002-12-11 23:00:00+00:00";"33";"06";"93";"2021";"NON";"NON";"06012";"";"";"";"2021-10-06";"50836";""
"06013";"3299";"PLUi/PLUiS";"MET";"2019-10-24 22:00:00+00:00";"2014-12-14 23:00:00+00:00";"39";"06";"93";"2021";"NON";"OUI";"200030195";"";"";"";"2021-10-06";"135148";""
"06014";"1199";"CC";"COM";"2018-11-19 23:00:00+00:00";"2015-03-16 23:00:00+00:00";"19";"06";"93";"2021";"NON";"NON";"06014";"";"";"";"2021-10-06";"141142";""
"06015";"3199";"PLU";"COM";"2017-11-29 23:00:00+00:00";"2015-01-25 23:00:00+00:00";"39";"06";"93";"2021";"NON";"NON";"06015";"";"";"";"2021-10-06";"139877";""
"06017";"1199";"CC";"COM";"2006-02-20 23:00:00+00:00";"2001-12-14 23:00:00+00:00";"19";"06";"93";"2021";"NON";"NON";"06017";"";"";"";"2021-10-06";"65292";""
"06018";"3131";"PLU";"COM";"2010-05-05 22:00:00+00:00";"2002-02-18 23:00:00+00:00";"33";"06";"93";"2021";"NON";"NON";"06018";"";"";"";"2021-10-06";"50841";""
"06019";"3199";"PLU";"COM";"2013-03-26 23:00:00+00:00";"2009-08-20 22:00:00+00:00";"39";"06";"93";"2021";"NON";"NON";"06019";"";"";"";"2021-10-06";"61234";""
"06020";"3299";"PLUi/PLUiS";"MET";"2019-10-24 22:00:00+00:00";"2014-12-14 23:00:00+00:00";"39";"06";"93";"2021";"NON";"OUI";"06020";"";"";"";"2021-10-06";"135148";""
"06021";"3299";"PLUi/PLUiS";"MET";"2019-10-24 22:00:00+00:00";"2014-12-14 23:00:00+00:00";"39";"06";"93";"2021";"NON";"OUI";"200030195";"";"";"";"2021-10-06";"135148";""
"06022";"1111";"CC";"COM";"2008-09-11 22:00:00+00:00";"2006-06-02 22:00:00+00:00";"11";"06";"93";"2021";"NON";"NON";"06022";"";"";"";"2021-10-06";"77788";""
"06024";"1199";"CC";"COM";"2018-09-24 22:00:00+00:00";"2007-07-26 22:00:00+00:00";"19";"06";"93";"2021";"NON";"NON";"06024";"";"";"";"2021-10-06";"66666";""
"06025";"3299";"PLUi/PLUiS";"MET";"2019-10-24 22:00:00+00:00";"2014-12-14 23:00:00+00:00";"39";"06";"93";"2021";"NON";"OUI";"200030195";"";"";"";"2021-10-06";"135148";""
"06026";"3199";"PLU";"COM";"2013-04-02 22:00:00+00:00";"2004-01-27 23:00:00+00:00";"39";"06";"93";"2021";"NON";"NON";"06026";"";"";"";"2021-10-06";"61235";""
"06027";"3299";"PLUi/PLUiS";"MET";"2019-10-24 22:00:00+00:00";"2014-12-14 23:00:00+00:00";"39";"06";"93";"2021";"NON";"OUI";"200030195";"";"";"";"2021-10-06";"135148";""
"06028";"3199";"PLU";"COM";"2013-06-06 22:00:00+00:00";"2004-03-11 23:00:00+00:00";"39";"06";"93";"2021";"NON";"NON";"06028";"";"";"";"2021-10-06";"61237";""
"06029";"3199";"PLU";"COM";"2019-11-17 23:00:00+00:00";"2014-04-27 22:00:00+00:00";"39";"06";"93";"2021";"NON";"NON";"06029";"";"";"";"2021-10-06";"129904";""
"06031";"3199";"PLU";"COM";"2020-02-12 23:00:00+00:00";"2013-04-09 22:00:00+00:00";"39";"06";"93";"2021";"NON";"NON";"06031";"";"";"";"2021-10-06";"121415";""
"06032";"3299";"PLUi/PLUiS";"MET";"2019-10-24 22:00:00+00:00";"2014-12-14 23:00:00+00:00";"39";"06";"93";"2021";"NON";"OUI";"200030195";"";"";"";"2021-10-06";"135148";""
"06033";"3299";"PLUi/PLUiS";"MET";"2019-10-24 22:00:00+00:00";"2014-12-14 23:00:00+00:00";"39";"06";"93";"2021";"NON";"OUI";"200030195";"";"";"";"2021-10-06";"135148";""
"06034";"3299";"PLUi/PLUiS";"MET";"2019-10-24 22:00:00+00:00";"2014-12-14 23:00:00+00:00";"39";"06";"93";"2021";"NON";"OUI";"200030195";"";"";"";"2021-10-06";"135148";""
"06035";"3199";"PLU";"COM";"2018-02-01 23:00:00+00:00";"2013-04-11 22:00:00+00:00";"39";"06";"93";"2021";"NON";"NON";"06035";"";"";"";"2021-10-06";"151943";""
"06036";"3199";"PLU";"COM";"2013-12-18 23:00:00+00:00";"2003-03-26 23:00:00+00:00";"39";"06";"93";"2021";"NON";"NON";"06036";"";"";"";"2021-10-06";"61240";""
"06037";"1111";"CC";"COM";"2005-03-28 22:00:00+00:00";"2002-07-01 22:00:00+00:00";"11";"06";"93";"2021";"NON";"NON";"06037";"";"";"";"2021-10-06";"67547";""
"06038";"3131";"PLU";"COM";"2019-09-18 22:00:00+00:00";"2016-03-30 22:00:00+00:00";"33";"06";"93";"2021";"NON";"NON";"06038";"";"";"";"2021-10-06";"147886";""
"06039";"3199";"PLU";"COM";"2013-03-06 23:00:00+00:00";"2002-07-24 22:00:00+00:00";"39";"06";"93";"2021";"NON";"NON";"06039";"";"";"";"2021-10-06";"61242";""
"06041";"1111";"CC";"COM";"2003-06-25 22:00:00+00:00";"2001-07-16 22:00:00+00:00";"11";"06";"93";"2021";"NON";"NON";"06041";"";"";"";"2021-10-06";"67548";""
"06042";"3299";"PLUi/PLUiS";"MET";"2019-10-24 22:00:00+00:00";"2014-12-14 23:00:00+00:00";"39";"06";"93";"2021";"NON";"OUI";"06042";"";"";"";"2021-10-06";"135148";""
"06044";"3199";"PLU";"COM";"2017-07-05 22:00:00+00:00";"2014-04-29 22:00:00+00:00";"39";"06";"93";"2021";"NON";"NON";"06044";"";"";"";"2021-10-06";"130299";""
"06046";"3299";"PLUi/PLUiS";"MET";"2019-10-24 22:00:00+00:00";"2014-12-14 23:00:00+00:00";"39";"06";"93";"2021";"NON";"OUI";"200030195";"";"";"";"2021-10-06";"135148";""
"06048";"3199";"PLU";"COM";"2019-01-23 23:00:00+00:00";"2014-09-03 22:00:00+00:00";"39";"06";"93";"2021";"NON";"NON";"06048";"";"";"";"2021-10-06";"133690";""
"06050";"1131";"CC";"COM";"2002-02-19 23:00:00+00:00";"2001-07-26 22:00:00+00:00";"13";"06";"93";"2021";"NON";"NON";"06050";"";"";"";"2021-10-06";"67549";""
"06052";"1111";"CC";"COM";"2005-01-25 23:00:00+00:00";"2003-02-22 23:00:00+00:00";"11";"06";"93";"2021";"NON";"NON";"06052";"";"";"";"2021-10-06";"67550";""
"06053";"1199";"CC";"COM";"2011-04-21 22:00:00+00:00";"2009-01-23 23:00:00+00:00";"19";"06";"93";"2021";"NON";"NON";"06053";"";"";"";"2021-10-06";"66667";""
"06054";"3131";"PLU";"COM";"2012-11-28 23:00:00+00:00";"2002-05-26 22:00:00+00:00";"33";"06";"93";"2021";"NON";"NON";"06054";"";"";"";"2021-10-06";"61243";""
"06055";"3299";"PLUi/PLUiS";"MET";"2019-10-24 22:00:00+00:00";"2014-12-14 23:00:00+00:00";"39";"06";"93";"2021";"NON";"OUI";"200030195";"";"";"";"2021-10-06";"135148";""
"06056";"1199";"CC";"COM";"2004-05-06 22:00:00+00:00";"2003-12-31 23:00:00+00:00";"19";"06";"93";"2021";"NON";"NON";"06056";"";"";"";"2021-10-06";"67552";""
"06058";"3199";"PLU";"COM";"2018-12-20 23:00:00+00:00";"2010-12-16 23:00:00+00:00";"39";"06";"93";"2021";"NON";"NON";"06058";"";"";"";"2021-10-06";"61245";""
"06059";"3299";"PLUi/PLUiS";"MET";"2019-10-24 22:00:00+00:00";"2014-12-14 23:00:00+00:00";"39";"06";"93";"2021";"NON";"OUI";"200030195";"";"";"";"2021-10-06";"135148";""
"06060";"3299";"PLUi/PLUiS";"MET";"2019-10-24 22:00:00+00:00";"2014-12-14 23:00:00+00:00";"39";"06";"93";"2021";"NON";"OUI";"200030195";"";"";"";"2021-10-06";"135148";""
"06061";"1199";"CC";"COM";"2010-07-28 22:00:00+00:00";"2007-02-02 23:00:00+00:00";"19";"06";"93";"2021";"NON";"NON";"06061";"";"";"";"2021-10-06";"68843";""
"06064";"3299";"PLUi/PLUiS";"MET";"2019-10-24 22:00:00+00:00";"2014-12-14 23:00:00+00:00";"39";"06";"93";"2021";"NON";"OUI";"200030195";"";"";"";"2021-10-06";"135148";""
"06065";"3299";"PLUi/PLUiS";"MET";"2019-10-24 22:00:00+00:00";"2014-12-14 23:00:00+00:00";"39";"06";"93";"2021";"NON";"OUI";"200030195";"";"";"";"2021-10-06";"135148";""
"06066";"3299";"PLUi/PLUiS";"MET";"2019-10-24 22:00:00+00:00";"2014-12-14 23:00:00+00:00";"39";"06";"93";"2021";"NON";"OUI";"200030195";"";"";"";"2021-10-06";"135148";""
"06067";"3131";"PLU";"COM";"2010-11-11 23:00:00+00:00";"2005-02-27 23:00:00+00:00";"33";"06";"93";"2021";"NON";"NON";"06067";"";"";"";"2021-10-06";"61251";""
"06069";"3199";"PLU";"COM";"2018-11-05 23:00:00+00:00";"2013-07-03 22:00:00+00:00";"39";"06";"93";"2021";"NON";"NON";"06069";"";"";"";"2021-10-06";"123469";""
"06070";"3199";"PLU";"COM";"2021-03-03 23:00:00+00:00";"2012-06-04 22:00:00+00:00";"39";"06";"93";"2021";"NON";"NON";"06070";"";"";"";"2021-10-06";"109611";""
"06071";"3199";"PLU";"COM";"2019-09-12 22:00:00+00:00";"2017-02-17 23:00:00+00:00";"39";"06";"93";"2021";"NON";"NON";"06071";"";"";"";"2021-10-06";"155398";""
"06072";"3299";"PLUi/PLUiS";"MET";"2019-10-24 22:00:00+00:00";"2014-12-14 23:00:00+00:00";"39";"06";"93";"2021";"NON";"OUI";"06072";"";"";"";"2021-10-06";"135148";""
"06073";"3299";"PLUi/PLUiS";"MET";"2019-10-24 22:00:00+00:00";"2014-12-14 23:00:00+00:00";"39";"06";"93";"2021";"NON";"OUI";"06073";"";"";"";"2021-10-06";"135148";""
"06074";"3299";"PLUi/PLUiS";"MET";"2019-10-24 22:00:00+00:00";"2014-12-14 23:00:00+00:00";"39";"06";"93";"2021";"NON";"OUI";"06074";"";"";"";"2021-10-06";"135148";""
"06075";"3299";"PLUi/PLUiS";"MET";"2019-10-24 22:00:00+00:00";"2014-12-14 23:00:00+00:00";"39";"06";"93";"2021";"NON";"OUI";"200030195";"";"";"";"2021-10-06";"135148";""
"06079";"3199";"PLU";"COM";"2018-12-16 23:00:00+00:00";"2013-09-22 22:00:00+00:00";"39";"06";"93";"2021";"NON";"NON";"06079";"";"";"";"2021-10-06";"125894";""
"06080";"3299";"PLUi/PLUiS";"MET";"2019-10-24 22:00:00+00:00";"2014-12-14 23:00:00+00:00";"39";"06";"93";"2021";"NON";"OUI";"06080";"";"";"";"2021-10-06";"135148";""
"06081";"1199";"CC";"COM";"2010-11-15 23:00:00+00:00";"2008-05-23 22:00:00+00:00";"19";"06";"93";"2021";"NON";"NON";"06081";"";"";"";"2021-10-06";"68844";""
"06083";"3131";"PLU";"COM";"2018-03-04 23:00:00+00:00";"2013-02-21 23:00:00+00:00";"33";"06";"93";"2021";"NON";"NON";"06083";"";"";"";"2021-10-06";"61252";""
"06084";"3131";"PLU";"COM";"2012-10-02 22:00:00+00:00";"2005-03-02 23:00:00+00:00";"33";"06";"93";"2021";"NON";"NON";"06084";"";"";"";"2021-10-06";"63712";""
"06085";"3131";"PLU";"COM";"2010-10-27 22:00:00+00:00";"2002-02-24 23:00:00+00:00";"33";"06";"93";"2021";"NON";"NON";"06085";"";"";"";"2021-10-06";"83689";""
"06086";"3199";"PLU";"COM";"2013-04-19 22:00:00+00:00";"2008-09-19 22:00:00+00:00";"39";"06";"93";"2021";"NON";"NON";"06086";"";"";"";"2021-10-06";"75893";""
"06088";"3299";"PLUi/PLUiS";"MET";"2019-10-24 22:00:00+00:00";"2014-12-14 23:00:00+00:00";"39";"06";"93";"2021";"NON";"OUI";"200030195";"";"";"";"2021-10-06";"135148";""
"06089";"3199";"PLU";"COM";"2012-09-17 22:00:00+00:00";"2008-06-26 22:00:00+00:00";"39";"06";"93";"2021";"NON";"NON";"06089";"";"";"";"2021-10-06";"87562";""
"06090";"3199";"PLU";"COM";"2019-03-10 23:00:00+00:00";"2014-11-24 23:00:00+00:00";"39";"06";"93";"2021";"NON";"NON";"06090";"";"";"";"2021-10-06";"61254";""
"06092";"3199";"PLU";"COM";"2018-05-21 22:00:00+00:00";"2011-06-22 22:00:00+00:00";"39";"06";"93";"2021";"NON";"NON";"06092";"";"";"";"2021-10-06";"92936";""
"06094";"3131";"PLU";"COM";"2017-10-19 22:00:00+00:00";"2013-06-06 22:00:00+00:00";"33";"06";"93";"2021";"NON";"NON";"06094";"";"";"";"2021-10-06";"49168";""
"06095";"3199";"PLU";"COM";"2017-12-13 23:00:00+00:00";"2008-12-08 23:00:00+00:00";"39";"06";"93";"2021";"NON";"NON";"06095";"";"";"";"2021-10-06";"116151";""
"06097";"1199";"CC";"COM";"2016-01-14 23:00:00+00:00";"2014-01-14 23:00:00+00:00";"19";"06";"93";"2021";"NON";"NON";"06097";"";"";"";"2021-10-06";"133893";""
"06098";"1199";"CC";"COM";"2004-11-29 23:00:00+00:00";"2003-12-31 23:00:00+00:00";"19";"06";"93";"2021";"NON";"NON";"06098";"";"";"";"2021-10-06";"67555";""
"06100";"1199";"CC";"COM";"2006-02-23 23:00:00+00:00";"2003-03-26 23:00:00+00:00";"19";"06";"93";"2021";"NON";"NON";"06100";"";"";"";"2021-10-06";"67556";""
"06102";"3299";"PLUi/PLUiS";"MET";"2019-10-24 22:00:00+00:00";"2014-12-14 23:00:00+00:00";"39";"06";"93";"2021";"NON";"OUI";"06102";"";"";"";"2021-10-06";"135148";""
"06103";"3299";"PLUi/PLUiS";"MET";"2019-10-24 22:00:00+00:00";"2014-12-14 23:00:00+00:00";"39";"06";"93";"2021";"NON";"OUI";"06103";"";"";"";"2021-10-06";"135148";""
"06104";"3131";"PLU";"COM";"2017-02-14 23:00:00+00:00";"2015-01-28 23:00:00+00:00";"33";"06";"93";"2021";"NON";"NON";"06104";"";"";"";"2021-10-06";"134600";""
"06105";"3199";"PLU";"COM";"2017-02-27 23:00:00+00:00";"2009-03-25 23:00:00+00:00";"39";"06";"93";"2021";"NON";"NON";"06105";"";"";"";"2021-10-06";"61257";""
"06106";"3199";"PLU";"COM";"2020-01-23 23:00:00+00:00";"2014-06-03 22:00:00+00:00";"39";"06";"93";"2021";"NON";"NON";"06106";"";"";"";"2021-10-06";"50849";""
"06107";"1199";"CC";"COM";"2011-07-07 22:00:00+00:00";"2008-12-12 23:00:00+00:00";"19";"06";"93";"2021";"NON";"NON";"06107";"";"";"";"2021-10-06";"66669";""
"06108";"3199";"PLU";"COM";"2017-07-26 22:00:00+00:00";"2014-05-21 22:00:00+00:00";"39";"06";"93";"2021";"NON";"NON";"06108";"";"";"";"2021-10-06";"64351";""
"06109";"3299";"PLUi/PLUiS";"MET";"2019-10-24 22:00:00+00:00";"2014-12-14 23:00:00+00:00";"39";"06";"93";"2021";"NON";"OUI";"200030195";"";"";"";"2021-10-06";"135148";""
"06110";"3299";"PLUi/PLUiS";"MET";"2019-10-24 22:00:00+00:00";"2014-12-14 23:00:00+00:00";"39";"06";"93";"2021";"NON";"OUI";"200030195";"";"";"";"2021-10-06";"135148";""
"06111";"3299";"PLUi/PLUiS";"MET";"2019-10-24 22:00:00+00:00";"2014-12-14 23:00:00+00:00";"39";"06";"93";"2021";"NON";"OUI";"06111";"";"";"";"2021-10-06";"135148";""
"06112";"3199";"PLU";"COM";"2019-12-18 23:00:00+00:00";"2013-07-24 22:00:00+00:00";"39";"06";"93";"2021";"NON";"NON";"06112";"";"";"";"2021-10-06";"92102";""
"06113";"3199";"PLU";"COM";"2011-04-26 22:00:00+00:00";"2005-01-20 23:00:00+00:00";"39";"06";"93";"2021";"NON";"NON";"06113";"";"";"";"2021-10-06";"64353";""
"06114";"3299";"PLUi/PLUiS";"MET";"2019-10-24 22:00:00+00:00";"2014-12-14 23:00:00+00:00";"39";"06";"93";"2021";"NON";"OUI";"200030195";"";"";"";"2021-10-06";"135148";""
"06115";"1199";"CC";"COM";"2008-11-25 23:00:00+00:00";"2005-01-21 23:00:00+00:00";"19";"06";"93";"2021";"NON";"NON";"06115";"";"";"";"2021-10-06";"70378";""
"06117";"3299";"PLUi/PLUiS";"MET";"2019-10-24 22:00:00+00:00";"2014-12-14 23:00:00+00:00";"39";"06";"93";"2021";"NON";"OUI";"200030195";"";"";"";"2021-10-06";"135148";""
"06118";"3199";"PLU";"COM";"2017-06-26 22:00:00+00:00";"2011-05-25 22:00:00+00:00";"39";"06";"93";"2021";"NON";"NON";"06118";"";"";"";"2021-10-06";"62491";""
"06119";"3299";"PLUi/PLUiS";"MET";"2019-10-24 22:00:00+00:00";"2014-12-14 23:00:00+00:00";"39";"06";"93";"2021";"NON";"OUI";"06119";"";"";"";"2021-10-06";"135148";""
"06120";"3299";"PLUi/PLUiS";"MET";"2019-10-24 22:00:00+00:00";"2014-12-14 23:00:00+00:00";"39";"06";"93";"2021";"NON";"OUI";"06120";"";"";"";"2021-10-06";"135148";""
"06121";"3299";"PLUi/PLUiS";"MET";"2019-10-24 22:00:00+00:00";"2014-12-14 23:00:00+00:00";"39";"06";"93";"2021";"NON";"OUI";"200030195";"";"";"";"2021-10-06";"135148";""
"06122";"3299";"PLUi/PLUiS";"MET";"2019-10-24 22:00:00+00:00";"2014-12-14 23:00:00+00:00";"39";"06";"93";"2021";"NON";"OUI";"200030195";"";"";"";"2021-10-06";"135148";""
"06123";"3299";"PLUi/PLUiS";"MET";"2019-10-24 22:00:00+00:00";"2014-12-14 23:00:00+00:00";"39";"06";"93";"2021";"NON";"OUI";"200030195";"";"";"";"2021-10-06";"135148";""
"06124";"1199";"CC";"COM";"2005-11-20 23:00:00+00:00";"2001-07-14 22:00:00+00:00";"19";"06";"93";"2021";"NON";"NON";"06124";"";"";"";"2021-10-06";"67558";""
"06125";"1111";"CC";"COM";"2005-07-20 22:00:00+00:00";"2004-03-26 23:00:00+00:00";"11";"06";"93";"2021";"NON";"NON";"06125";"";"";"";"2021-10-06";"67559";""
"06126";"3299";"PLUi/PLUiS";"MET";"2019-10-24 22:00:00+00:00";"2014-12-14 23:00:00+00:00";"39";"06";"93";"2021";"NON";"OUI";"200030195";"";"";"";"2021-10-06";"135148";""
"06127";"3299";"PLUi/PLUiS";"MET";"2019-10-24 22:00:00+00:00";"2014-12-14 23:00:00+00:00";"39";"06";"93";"2021";"NON";"OUI";"06127";"";"";"";"2021-10-06";"135148";""
"06128";"3199";"PLU";"COM";"2020-02-23 23:00:00+00:00";"2017-06-11 22:00:00+00:00";"39";"06";"93";"2021";"NON";"NON";"06128";"";"";"";"2021-10-06";"165012";""
"06129";"3299";"PLUi/PLUiS";"MET";"2019-10-24 22:00:00+00:00";"2014-12-14 23:00:00+00:00";"39";"06";"93";"2021";"NON";"OUI";"200030195";"";"";"";"2021-10-06";"135148";""
"06130";"3131";"PLU";"COM";"2013-02-27 23:00:00+00:00";"2008-09-28 22:00:00+00:00";"33";"06";"93";"2021";"NON";"NON";"06130";"";"";"";"2021-10-06";"83948";""
"06134";"3199";"PLU";"COM";"2011-03-24 23:00:00+00:00";"2003-10-16 22:00:00+00:00";"39";"06";"93";"2021";"NON";"NON";"06134";"";"";"";"2021-10-06";"49169";""
"06135";"1199";"CC";"COM";"2004-07-06 22:00:00+00:00";"2003-03-28 23:00:00+00:00";"19";"06";"93";"2021";"NON";"NON";"06135";"";"";"";"2021-10-06";"67560";""
"06136";"3199";"PLU";"COM";"2019-11-13 23:00:00+00:00";"2011-10-05 22:00:00+00:00";"39";"06";"93";"2021";"NON";"NON";"06136";"";"";"";"2021-10-06";"57300";""
"06137";"3199";"PLU";"COM";"2019-03-19 23:00:00+00:00";"2014-12-04 23:00:00+00:00";"39";"06";"93";"2021";"NON";"NON";"06137";"";"";"";"2021-10-06";"132899";""
"06140";"3131";"PLU";"COM";"2007-01-25 23:00:00+00:00";"2002-07-25 22:00:00+00:00";"33";"06";"93";"2021";"NON";"NON";"06140";"";"";"";"2021-10-06";"50853";""
"06142";"1199";"CC";"COM";"2018-03-25 22:00:00+00:00";"2014-11-19 23:00:00+00:00";"19";"06";"93";"2021";"NON";"NON";"06142";"";"";"";"2021-10-06";"133796";""
"06143";"3199";"PLU";"COM";"2021-08-26 22:00:00+00:00";"2019-03-21 23:00:00+00:00";"39";"06";"93";"2021";"NON";"NON";"06143";"";"";"";"2021-10-06";"169048";""
"06144";"3299";"PLUi/PLUiS";"MET";"2019-10-24 22:00:00+00:00";"2014-12-14 23:00:00+00:00";"39";"06";"93";"2021";"NON";"OUI";"200030195";"";"";"";"2021-10-06";"135148";""
"06145";"1111";"CC";"COM";"2006-07-16 22:00:00+00:00";"2005-12-31 23:00:00+00:00";"11";"06";"93";"2021";"NON";"NON";"06145";"";"";"";"2021-10-06";"65342";""
"06146";"3299";"PLUi/PLUiS";"MET";"2019-10-24 22:00:00+00:00";"2014-12-14 23:00:00+00:00";"39";"06";"93";"2021";"NON";"OUI";"06146";"";"";"";"2021-10-06";"135148";""
"06147";"3299";"PLUi/PLUiS";"MET";"2019-10-24 22:00:00+00:00";"2014-12-14 23:00:00+00:00";"39";"06";"93";"2021";"NON";"OUI";"200030195";"";"";"";"2021-10-06";"135148";""
"06149";"3299";"PLUi/PLUiS";"MET";"2019-10-24 22:00:00+00:00";"2014-12-14 23:00:00+00:00";"39";"06";"93";"2021";"NON";"OUI";"200030195";"";"";"";"2021-10-06";"135148";""
"06150";"3131";"PLU";"COM";"2006-07-11 22:00:00+00:00";"2002-03-15 23:00:00+00:00";"33";"06";"93";"2021";"NON";"NON";"06150";"";"";"";"2021-10-06";"50854";""
"06151";"3299";"PLUi/PLUiS";"MET";"2019-10-24 22:00:00+00:00";"2014-12-14 23:00:00+00:00";"39";"06";"93";"2021";"NON";"OUI";"06151";"";"";"";"2021-10-06";"135148";""
"06152";"3131";"PLU";"COM";"2006-12-11 23:00:00+00:00";"2002-05-05 22:00:00+00:00";"33";"06";"93";"2021";"NON";"NON";"06152";"";"";"";"2021-10-06";"57698";""
"06153";"3299";"PLUi/PLUiS";"MET";"2019-10-24 22:00:00+00:00";"2014-12-14 23:00:00+00:00";"39";"06";"93";"2021";"NON";"OUI";"06153";"";"";"";"2021-10-06";"135148";""
"06154";"3199";"PLU";"COM";"2019-11-07 23:00:00+00:00";"2016-12-04 23:00:00+00:00";"39";"06";"93";"2021";"NON";"NON";"06154";"";"";"";"2021-10-06";"156910";""
"06155";"3199";"PLU";"COM";"2006-12-19 23:00:00+00:00";"2002-10-10 22:00:00+00:00";"39";"06";"93";"2021";"NON";"NON";"06155";"";"";"";"2021-10-06";"56576";""
"06156";"3299";"PLUi/PLUiS";"MET";"2019-10-24 22:00:00+00:00";"2014-12-14 23:00:00+00:00";"39";"06";"93";"2021";"NON";"OUI";"200030195";"";"";"";"2021-10-06";"135148";""
"06157";"3299";"PLUi/PLUiS";"MET";"2019-10-24 22:00:00+00:00";"2014-12-14 23:00:00+00:00";"39";"06";"93";"2021";"NON";"OUI";"200030195";"";"";"";"2021-10-06";"135148";""
"06158";"1199";"CC";"COM";"2004-12-23 23:00:00+00:00";"2004-08-31 22:00:00+00:00";"19";"06";"93";"2021";"NON";"NON";"06158";"";"";"";"2021-10-06";"67561";""
"06159";"3299";"PLUi/PLUiS";"MET";"2019-10-24 22:00:00+00:00";"2014-12-14 23:00:00+00:00";"39";"06";"93";"2021";"NON";"OUI";"200030195";"";"";"";"2021-10-06";"135148";""
"06160";"1199";"CC";"COM";"2011-07-31 22:00:00+00:00";"2009-12-25 23:00:00+00:00";"19";"06";"93";"2021";"NON";"NON";"06160";"";"";"";"2021-10-06";"67562";""
"06161";"3199";"PLU";"COM";"2013-09-25 22:00:00+00:00";"2009-04-15 22:00:00+00:00";"39";"06";"93";"2021";"NON";"NON";"06161";"";"";"";"2021-10-06";"92387";""
"06162";"3199";"PLU";"COM";"2018-04-06 22:00:00+00:00";"2012-02-09 23:00:00+00:00";"39";"06";"93";"2021";"NON";"NON";"06162";"";"";"";"2021-10-06";"103694";""
"07003";"1432";"CC";"CC";"2008-05-26 22:00:00+00:00";"2004-09-26 22:00:00+00:00";"13";"07";"84";"2021";"NON";"NON";"07003";"";"";"";"2021-10-06";"15189";""
"07004";"1199";"CC";"COM";"2013-07-25 22:00:00+00:00";"2008-10-22 22:00:00+00:00";"19";"07";"84";"2021";"NON";"NON";"07004";"";"";"";"2021-10-06";"37848";""
"07005";"3131";"PLU";"COM";"2010-05-30 22:00:00+00:00";"2000-04-11 22:00:00+00:00";"33";"07";"84";"2021";"NON";"NON";"07005";"";"";"";"2021-10-06";"13244";""
"07007";"3432";"PLU";"CC";"2020-03-04 23:00:00+00:00";"2015-06-17 22:00:00+00:00";"33";"07";"84";"2021";"NON";"NON";"200041366";"";"";"";"2021-10-06";"171772";""
"07008";"3131";"PLU";"COM";"2004-02-04 23:00:00+00:00";"2001-09-25 22:00:00+00:00";"33";"07";"84";"2021";"NON";"NON";"07008";"";"";"";"2021-10-06";"13695";""
"07009";"3131";"PLU";"COM";"2010-11-15 23:00:00+00:00";"2000-07-24 22:00:00+00:00";"33";"07";"84";"2021";"NON";"NON";"07009";"";"";"";"2021-10-06";"21255";""
"07010";"3432";"PLU";"CA";"2019-06-12 22:00:00+00:00";"2014-11-09 23:00:00+00:00";"33";"07";"84";"2021";"NON";"NON";"07010";"";"";"";"2021-10-06";"136321";""
"07011";"3432";"PLU";"CC";"2018-04-10 22:00:00+00:00";"2012-06-24 22:00:00+00:00";"33";"07";"84";"2021";"NON";"NON";"07011";"";"";"";"2021-10-06";"110607";""
"07014";"1199";"CC";"COM";"2005-07-05 22:00:00+00:00";"2000-02-02 23:00:00+00:00";"19";"07";"84";"2021";"NON";"NON";"07014";"";"";"";"2021-10-06";"21289";""
"07015";"1199";"CC";"COM";"2006-06-01 22:00:00+00:00";"2002-12-06 23:00:00+00:00";"19";"07";"84";"2021";"NON";"NON";"07015";"";"";"";"2021-10-06";"15190";""
"07019";"3432";"PLU";"CC";"2012-01-21 23:00:00+00:00";"2008-06-26 22:00:00+00:00";"33";"07";"84";"2021";"NON";"NON";"07019";"";"";"";"2021-10-06";"35435";""
"07020";"1199";"CC";"COM";"2005-10-18 22:00:00+00:00";"2001-09-06 22:00:00+00:00";"19";"07";"84";"2021";"NON";"NON";"07020";"";"";"";"2021-10-06";"21294";""
"07027";"3199";"PLU";"COM";"2020-02-26 23:00:00+00:00";"2014-09-17 22:00:00+00:00";"39";"07";"84";"2021";"NON";"NON";"07027";"";"";"";"2021-10-06";"133905";""
"07029";"3299";"PLUi/PLUiS";"CC";"2019-12-18 23:00:00+00:00";"2015-12-16 23:00:00+00:00";"39";"07";"84";"2021";"NON";"OUI";"07029";"";"";"";"2021-10-06";"144339";""
"07030";"1199";"CC";"COM";"2005-03-07 23:00:00+00:00";"2005-01-07 23:00:00+00:00";"19";"07";"84";"2021";"NON";"NON";"07030";"";"";"";"2021-10-06";"21315";""
"07031";"3199";"PLU";"COM";"2018-11-13 23:00:00+00:00";"2008-08-31 22:00:00+00:00";"39";"07";"84";"2021";"NON";"NON";"07031";"";"";"";"2021-10-06";"37965";""
"07035";"3432";"PLU";"CC";"2005-06-26 22:00:00+00:00";"2001-06-27 22:00:00+00:00";"33";"07";"84";"2021";"NON";"NON";"200041366";"";"";"";"2021-10-06";"21345";""
"07036";"1432";"CC";"CA";"2006-02-05 23:00:00+00:00";"2004-09-14 22:00:00+00:00";"13";"07";"84";"2021";"NON";"NON";"07036";"";"";"";"2021-10-06";"21347";""
"07039";"1199";"CC";"COM";"2012-09-26 22:00:00+00:00";"2010-10-20 22:00:00+00:00";"19";"07";"84";"2021";"NON";"NON";"07039";"";"";"";"2021-10-06";"43473";""
"07041";"3432";"PLU";"CA";"2012-08-28 22:00:00+00:00";"2009-10-28 23:00:00+00:00";"33";"07";"84";"2021";"NON";"NON";"07041";"";"";"";"2021-10-06";"40248";""
"07042";"3432";"PLU";"CC";"2008-07-15 22:00:00+00:00";"2003-05-13 22:00:00+00:00";"33";"07";"84";"2021";"NON";"NON";"07042";"";"";"";"2021-10-06";"21337";""
"07044";"1432";"CC";"CA";"2007-07-11 22:00:00+00:00";"2006-01-19 23:00:00+00:00";"13";"07";"84";"2021";"NON";"NON";"07044";"";"";"";"2021-10-06";"21373";""
"07045";"1432";"CC";"CC";"2011-05-05 22:00:00+00:00";"2010-06-16 22:00:00+00:00";"13";"07";"84";"2021";"NON";"NON";"200039824";"";"";"";"2021-10-06";"42315";""
"07048";"3199";"PLU";"COM";"2008-07-27 22:00:00+00:00";"2001-09-20 22:00:00+00:00";"39";"07";"84";"2021";"NON";"NON";"07048";"";"";"";"2021-10-06";"21377";""
"07050";"3131";"PLU";"COM";"2007-08-09 22:00:00+00:00";"1992-11-19 23:00:00+00:00";"33";"07";"84";"2021";"NON";"NON";"07050";"";"";"";"2021-10-06";"21380";""
"07051";"3199";"PLU";"COM";"2019-11-26 23:00:00+00:00";"2012-06-17 22:00:00+00:00";"39";"07";"84";"2021";"NON";"NON";"07051";"";"";"";"2021-10-06";"126995";""
"07052";"3432";"PLU";"CC";"2013-03-28 23:00:00+00:00";"2009-06-25 22:00:00+00:00";"33";"07";"84";"2021";"NON";"NON";"200041366";"";"";"";"2021-10-06";"39472";""
"07053";"3299";"PLUi/PLUiS";"CC";"2019-12-18 23:00:00+00:00";"2015-12-16 23:00:00+00:00";"39";"07";"84";"2021";"NON";"OUI";"07053";"";"";"";"2021-10-06";"144339";""
"07055";"3432";"PLU";"CC";"2011-11-20 23:00:00+00:00";"2010-12-20 23:00:00+00:00";"33";"07";"84";"2021";"NON";"NON";"200041366";"";"";"";"2021-10-06";"47854";""
"07056";"3432";"PLU";"CA";"2014-01-20 23:00:00+00:00";"2010-03-31 22:00:00+00:00";"33";"07";"84";"2021";"NON";"NON";"07056";"";"";"";"2021-10-06";"25070";""
"07058";"3499";"PLU";"CC";"2013-12-10 23:00:00+00:00";"2009-05-13 22:00:00+00:00";"39";"07";"84";"2021";"NON";"NON";"07058";"";"";"";"2021-10-06";"39166";""
"07059";"3432";"PLU";"CC";"2017-03-21 23:00:00+00:00";"2010-08-31 22:00:00+00:00";"33";"07";"84";"2021";"NON";"NON";"200041366";"";"";"";"2021-10-06";"42472";""
"07060";"1199";"CC";"COM";"2006-06-20 22:00:00+00:00";"2004-02-04 23:00:00+00:00";"19";"07";"84";"2021";"NON";"NON";"07060";"";"";"";"2021-10-06";"22700";""
"07061";"3432";"PLU";"CC";"2020-09-14 22:00:00+00:00";"2014-12-15 23:00:00+00:00";"33";"07";"84";"2021";"NON";"NON";"200039808";"";"";"";"2021-10-06";"134874";""
"07063";"1131";"CC";"COM";"2013-04-28 22:00:00+00:00";"2011-12-04 23:00:00+00:00";"13";"07";"84";"2021";"NON";"NON";"07063";"";"";"";"2021-10-06";"75903";""
"07064";"3199";"PLU";"COM";"2019-09-29 22:00:00+00:00";"2010-06-28 22:00:00+00:00";"39";"07";"84";"2021";"NON";"NON";"07064";"";"";"";"2021-10-06";"126997";""
"07065";"3432";"PLU";"CC";"2014-10-08 22:00:00+00:00";"2009-10-19 22:00:00+00:00";"33";"07";"84";"2021";"NON";"NON";"200039824";"";"";"";"2021-10-06";"40637";""
"07066";"3199";"PLU";"COM";"2019-03-17 23:00:00+00:00";"2015-06-14 22:00:00+00:00";"39";"07";"84";"2021";"NON";"NON";"07066";"";"";"";"2021-10-06";"139608";""
"07067";"1432";"CC";"CA";"2006-01-29 23:00:00+00:00";"2004-02-03 23:00:00+00:00";"13";"07";"84";"2021";"NON";"NON";"07067";"";"";"";"2021-10-06";"17236";""
"07068";"1131";"CC";"COM";"2004-08-01 22:00:00+00:00";"2002-01-25 23:00:00+00:00";"13";"07";"84";"2021";"NON";"NON";"07068";"";"";"";"2021-10-06";"15192";""
"07069";"3131";"PLU";"COM";"2005-12-15 23:00:00+00:00";"2001-12-26 23:00:00+00:00";"33";"07";"84";"2021";"NON";"NON";"07069";"";"";"";"2021-10-06";"17237";""
"07070";"3432";"PLU";"CC";"2013-12-15 23:00:00+00:00";"2009-05-03 22:00:00+00:00";"33";"07";"84";"2021";"NON";"NON";"200041366";"";"";"";"2021-10-06";"38229";""
"07071";"1434";"CC";"CC";"2008-07-22 22:00:00+00:00";"2008-06-11 22:00:00+00:00";"13";"07";"84";"2021";"NON";"NON";"07071";"";"";"";"2021-10-06";"35938";""
"07072";"3131";"PLU";"COM";"2009-08-25 22:00:00+00:00";"2003-03-24 23:00:00+00:00";"33";"07";"84";"2021";"NON";"NON";"07072";"";"";"";"2021-10-06";"17246";""
"07073";"3199";"PLU";"COM";"2009-04-13 22:00:00+00:00";"2006-01-25 23:00:00+00:00";"39";"07";"84";"2021";"NON";"NON";"07073";"";"";"";"2021-10-06";"17251";""
"07074";"1199";"CC";"COM";"2011-10-13 22:00:00+00:00";"2002-03-14 23:00:00+00:00";"19";"07";"84";"2021";"NON";"NON";"07074";"";"";"";"2021-10-06";"15193";""
"07075";"1499";"CC";"CC";"2017-01-09 23:00:00+00:00";"2013-07-04 22:00:00+00:00";"19";"07";"84";"2021";"NON";"NON";"07075";"";"";"";"2021-10-06";"123589";""
"07076";"3199";"PLU";"COM";"2018-12-17 23:00:00+00:00";"2015-02-09 23:00:00+00:00";"39";"07";"84";"2021";"NON";"NON";"07076";"";"";"";"2021-10-06";"137904";""
"07077";"1199";"CC";"COM";"2011-04-13 22:00:00+00:00";"2002-02-01 23:00:00+00:00";"19";"07";"84";"2021";"NON";"NON";"07077";"";"";"";"2021-10-06";"15198";""
"07078";"3432";"PLU";"CA";"2012-07-15 22:00:00+00:00";"2007-10-24 22:00:00+00:00";"33";"07";"84";"2021";"NON";"NON";"07078";"";"";"";"2021-10-06";"33284";""
"07079";"3131";"PLU";"COM";"2005-06-02 22:00:00+00:00";"2000-01-13 23:00:00+00:00";"33";"07";"84";"2021";"NON";"NON";"07079";"";"";"";"2021-10-06";"17267";""
"07080";"3199";"PLU";"COM";"2013-09-26 22:00:00+00:00";"2008-06-12 22:00:00+00:00";"39";"07";"84";"2021";"NON";"NON";"07080";"";"";"";"2021-10-06";"37847";""
"07081";"3299";"PLUi/PLUiS";"CC";"2019-12-18 23:00:00+00:00";"2015-12-16 23:00:00+00:00";"39";"07";"84";"2021";"NON";"OUI";"07081";"";"";"";"2021-10-06";"144339";""
"07084";"1199";"CC";"COM";"2004-06-28 22:00:00+00:00";"2002-08-01 22:00:00+00:00";"19";"07";"84";"2021";"NON";"NON";"07084";"";"";"";"2021-10-06";"17276";""
"07086";"1199";"CC";"COM";"2010-03-28 22:00:00+00:00";"2002-10-15 22:00:00+00:00";"19";"07";"84";"2021";"NON";"NON";"07086";"";"";"";"2021-10-06";"17277";""
"07088";"3299";"PLUi/PLUiS";"CC";"2019-12-18 23:00:00+00:00";"2015-12-16 23:00:00+00:00";"39";"07";"84";"2021";"NON";"OUI";"07088";"";"";"";"2021-10-06";"144339";""
"07090";"3199";"PLU";"COM";"2017-06-18 22:00:00+00:00";"2013-07-17 22:00:00+00:00";"39";"07";"84";"2021";"NON";"NON";"07090";"";"";"";"2021-10-06";"123588";""
"07091";"3432";"PLU";"CC";"2012-06-10 22:00:00+00:00";"2008-05-27 22:00:00+00:00";"33";"07";"84";"2021";"NON";"NON";"07091";"";"";"";"2021-10-06";"17291";""
"07096";"3199";"PLU";"COM";"2018-12-19 23:00:00+00:00";"2015-01-29 23:00:00+00:00";"39";"07";"84";"2021";"NON";"NON";"07096";"";"";"";"2021-10-06";"137876";""
"07097";"3199";"PLU";"COM";"2019-02-24 23:00:00+00:00";"2015-11-29 23:00:00+00:00";"39";"07";"84";"2021";"NON";"NON";"07097";"";"";"";"2021-10-06";"144052";""
"07099";"1432";"CC";"CC";"2004-12-05 23:00:00+00:00";"2002-06-30 22:00:00+00:00";"13";"07";"84";"2021";"NON";"NON";"07099";"";"";"";"2021-10-06";"17298";""
"07100";"3199";"PLU";"COM";"2014-08-28 22:00:00+00:00";"2008-08-27 22:00:00+00:00";"39";"07";"84";"2021";"NON";"NON";"07100";"";"";"";"2021-10-06";"36156";""
"07102";"3432";"PLU";"CC";"2017-03-22 23:00:00+00:00";"2014-05-25 22:00:00+00:00";"33";"07";"84";"2021";"NON";"NON";"200041366";"";"";"";"2021-10-06";"130959";""
"07103";"1199";"CC";"COM";"2010-01-16 23:00:00+00:00";"2008-05-30 22:00:00+00:00";"19";"07";"84";"2021";"NON";"NON";"07103";"";"";"";"2021-10-06";"35433";""
"07105";"1499";"CC";"CC";"2006-08-01 22:00:00+00:00";"2003-12-25 23:00:00+00:00";"19";"07";"84";"2021";"NON";"NON";"07105";"";"";"";"2021-10-06";"11540";""
"07107";"3432";"PLU";"CC";"2008-09-03 22:00:00+00:00";"2004-02-02 23:00:00+00:00";"33";"07";"84";"2021";"NON";"NON";"200039824";"";"";"";"2021-10-06";"33279";""
"07109";"1434";"CC";"CC";"2013-03-17 23:00:00+00:00";"2005-06-09 22:00:00+00:00";"13";"07";"84";"2021";"NON";"NON";"07109";"";"";"";"2021-10-06";"17322";""
"07110";"3299";"PLUi/PLUiS";"CC";"2019-12-18 23:00:00+00:00";"2015-12-16 23:00:00+00:00";"39";"07";"84";"2021";"NON";"OUI";"07110";"";"";"";"2021-10-06";"144339";""
"07114";"1199";"CC";"COM";"2011-04-11 22:00:00+00:00";"2005-05-22 22:00:00+00:00";"19";"07";"84";"2021";"NON";"NON";"07114";"";"";"";"2021-10-06";"37064";""
"07115";"3432";"PLU";"CC";"2008-07-07 22:00:00+00:00";"2001-11-27 23:00:00+00:00";"33";"07";"84";"2021";"NON";"NON";"200039808";"";"";"";"2021-10-06";"17345";""
"07116";"3432";"PLU";"CC";"2005-06-30 22:00:00+00:00";"2002-04-04 22:00:00+00:00";"33";"07";"84";"2021";"NON";"NON";"07116";"";"";"";"2021-10-06";"17380";""
"07117";"3299";"PLUi/PLUiS";"CC";"2019-12-18 23:00:00+00:00";"2015-12-16 23:00:00+00:00";"39";"07";"84";"2021";"NON";"OUI";"07117";"";"";"";"2021-10-06";"144339";""
"07118";"3299";"PLUi/PLUiS";"CC";"2019-12-18 23:00:00+00:00";"2015-12-16 23:00:00+00:00";"39";"07";"84";"2021";"NON";"OUI";"07118";"";"";"";"2021-10-06";"144339";""
"07121";"1499";"CC";"CC";"2005-07-17 22:00:00+00:00";"2002-01-03 23:00:00+00:00";"19";"07";"84";"2021";"NON";"NON";"07121";"";"";"";"2021-10-06";"17386";""
"07122";"3432";"PLU";"CC";"2020-02-19 23:00:00+00:00";"2008-05-28 22:00:00+00:00";"33";"07";"84";"2021";"NON";"NON";"07122";"";"";"";"2021-10-06";"35930";""
"07126";"3432";"PLU";"CC";"2021-03-01 23:00:00+00:00";"2015-03-16 23:00:00+00:00";"33";"07";"84";"2021";"NON";"NON";"200039808";"";"";"";"2021-10-06";"137705";""
"07127";"1432";"CC";"CC";"2005-01-30 23:00:00+00:00";"2002-04-10 22:00:00+00:00";"13";"07";"84";"2021";"NON";"NON";"200039824";"";"";"";"2021-10-06";"17397";""
"07128";"3199";"PLU";"COM";"2018-07-22 22:00:00+00:00";"2014-06-15 22:00:00+00:00";"39";"07";"84";"2021";"NON";"NON";"07128";"";"";"";"2021-10-06";"133845";""
"07130";"3499";"PLU";"CC";"2012-01-24 23:00:00+00:00";"2008-10-29 23:00:00+00:00";"39";"07";"84";"2021";"NON";"NON";"07130";"";"";"";"2021-10-06";"38116";""
"07131";"3432";"PLU";"CC";"2013-07-24 22:00:00+00:00";"2008-07-22 22:00:00+00:00";"33";"07";"84";"2021";"NON";"NON";"200039808";"";"";"";"2021-10-06";"35931";""
"07132";"3434";"PLU";"CC";"2015-12-15 23:00:00+00:00";"2006-12-12 23:00:00+00:00";"33";"07";"84";"2021";"NON";"NON";"07132";"";"";"";"2021-10-06";"31227";""
"07133";"1432";"CC";"CC";"2013-05-27 22:00:00+00:00";"2003-11-13 23:00:00+00:00";"13";"07";"84";"2021";"NON";"NON";"07133";"";"";"";"2021-10-06";"15207";""
"07134";"3499";"PLU";"CC";"2012-07-11 22:00:00+00:00";"2010-05-05 22:00:00+00:00";"39";"07";"84";"2021";"NON";"NON";"07134";"";"";"";"2021-10-06";"41670";""
"07138";"3432";"PLU";"CC";"2006-02-22 23:00:00+00:00";"2001-10-23 22:00:00+00:00";"33";"07";"84";"2021";"NON";"NON";"07138";"";"";"";"2021-10-06";"17445";""
"07140";"1131";"CC";"COM";"2005-07-05 22:00:00+00:00";"2002-01-17 23:00:00+00:00";"13";"07";"84";"2021";"NON";"NON";"07140";"";"";"";"2021-10-06";"17446";""
"07141";"3432";"PLU";"CC";"2014-03-17 23:00:00+00:00";"2010-03-05 23:00:00+00:00";"33";"07";"84";"2021";"NON";"NON";"07141";"";"";"";"2021-10-06";"25073";""
"07142";"1499";"CC";"CC";"2011-06-16 22:00:00+00:00";"2009-05-14 22:00:00+00:00";"19";"07";"84";"2021";"NON";"NON";"07142";"";"";"";"2021-10-06";"39167";""
"07144";"3299";"PLUi/PLUiS";"CC";"2019-12-18 23:00:00+00:00";"2015-12-16 23:00:00+00:00";"39";"07";"84";"2021";"NON";"OUI";"07144";"";"";"";"2021-10-06";"144339";""
"07145";"3199";"PLU";"COM";"2011-02-10 23:00:00+00:00";"2002-11-07 23:00:00+00:00";"39";"07";"84";"2021";"NON";"NON";"07145";"";"";"";"2021-10-06";"29137";""
"07146";"3199";"PLU";"COM";"2020-02-09 23:00:00+00:00";"2014-06-19 22:00:00+00:00";"39";"07";"84";"2021";"NON";"NON";"07146";"";"";"";"2021-10-06";"130958";""
"07147";"1199";"CC";"COM";"2005-02-27 23:00:00+00:00";"2002-05-15 22:00:00+00:00";"19";"07";"84";"2021";"NON";"NON";"07147";"";"";"";"2021-10-06";"17479";""
"07148";"1199";"CC";"COM";"2005-11-07 23:00:00+00:00";"2003-01-23 23:00:00+00:00";"19";"07";"84";"2021";"NON";"NON";"07148";"";"";"";"2021-10-06";"17339";""
"07149";"3199";"PLU";"COM";"2008-09-16 22:00:00+00:00";"2004-03-10 23:00:00+00:00";"39";"07";"84";"2021";"NON";"NON";"07149";"";"";"";"2021-10-06";"17480";""
"07152";"3199";"PLU";"COM";"2013-11-26 23:00:00+00:00";"2008-09-17 22:00:00+00:00";"39";"07";"84";"2021";"NON";"NON";"07152";"";"";"";"2021-10-06";"17361";""
"07155";"3432";"PLU";"CC";"2005-02-20 23:00:00+00:00";"2000-07-09 22:00:00+00:00";"33";"07";"84";"2021";"NON";"NON";"07155";"";"";"";"2021-10-06";"17490";""
"07156";"3432";"PLU";"CC";"2006-01-12 23:00:00+00:00";"2003-01-02 23:00:00+00:00";"33";"07";"84";"2021";"NON";"NON";"200039824";"";"";"";"2021-10-06";"17491";""
"07157";"3131";"PLU";"COM";"2017-06-25 22:00:00+00:00";"2015-12-08 23:00:00+00:00";"33";"07";"84";"2021";"NON";"NON";"07157";"";"";"";"2021-10-06";"143825";""
"07159";"1131";"CC";"COM";"2005-10-04 22:00:00+00:00";"2002-02-07 23:00:00+00:00";"13";"07";"84";"2021";"NON";"NON";"07159";"";"";"";"2021-10-06";"17496";""
"07160";"1432";"CC";"CA";"2005-07-11 22:00:00+00:00";"2003-05-15 22:00:00+00:00";"13";"07";"84";"2021";"NON";"NON";"07160";"";"";"";"2021-10-06";"17497";""
"07161";"3432";"PLU";"CC";"2007-03-11 23:00:00+00:00";"2001-07-09 22:00:00+00:00";"33";"07";"84";"2021";"NON";"NON";"200039824";"";"";"";"2021-10-06";"17502";""
"07162";"3499";"PLU";"CC";"2012-11-28 23:00:00+00:00";"2009-02-26 23:00:00+00:00";"39";"07";"84";"2021";"NON";"NON";"07162";"";"";"";"2021-10-06";"37842";""
"07166";"1111";"CC";"COM";"2006-09-17 22:00:00+00:00";"2001-01-13 23:00:00+00:00";"11";"07";"84";"2021";"NON";"NON";"07166";"";"";"";"2021-10-06";"15213";""
"07167";"3131";"PLU";"COM";"2005-03-28 22:00:00+00:00";"2002-03-11 23:00:00+00:00";"33";"07";"84";"2021";"NON";"NON";"07167";"";"";"";"2021-10-06";"31236";""
"07168";"3432";"PLU";"CC";"2013-06-19 22:00:00+00:00";"2002-11-26 23:00:00+00:00";"33";"07";"84";"2021";"NON";"NON";"200039808";"";"";"";"2021-10-06";"31242";""
"07169";"3199";"PLU";"COM";"2017-01-23 23:00:00+00:00";"2009-05-25 22:00:00+00:00";"39";"07";"84";"2021";"NON";"NON";"07169";"";"";"";"2021-10-06";"39165";""
"07171";"3299";"PLUi/PLUiS";"CC";"2019-12-18 23:00:00+00:00";"2015-12-16 23:00:00+00:00";"39";"07";"84";"2021";"NON";"OUI";"07171";"";"";"";"2021-10-06";"144339";""
"07172";"3432";"PLU";"CA";"2007-06-10 22:00:00+00:00";"2000-09-07 22:00:00+00:00";"33";"07";"84";"2021";"NON";"NON";"200072015";"";"";"";"2021-10-06";"31255";""
"07174";"3131";"PLU";"COM";"2005-12-21 23:00:00+00:00";"2000-07-19 22:00:00+00:00";"33";"07";"84";"2021";"NON";"NON";"07174";"";"";"";"2021-10-06";"31260";""
"07176";"3299";"PLUi/PLUiS";"CC";"2019-12-18 23:00:00+00:00";"2015-12-16 23:00:00+00:00";"39";"07";"84";"2021";"NON";"OUI";"07176";"";"";"";"2021-10-06";"144339";""
"07177";"3199";"PLU";"COM";"2019-06-18 22:00:00+00:00";"2009-10-07 22:00:00+00:00";"39";"07";"84";"2021";"NON";"NON";"07177";"";"";"";"2021-10-06";"40247";""
"07178";"1432";"CC";"CC";"2005-07-21 22:00:00+00:00";"2002-03-05 23:00:00+00:00";"13";"07";"84";"2021";"NON";"NON";"200039824";"";"";"";"2021-10-06";"31263";""
"07182";"3432";"PLU";"CC";"2009-02-22 23:00:00+00:00";"2005-12-18 23:00:00+00:00";"33";"07";"84";"2021";"NON";"NON";"200039824";"";"";"";"2021-10-06";"31273";""
"07183";"3432";"PLU";"CC";"2007-10-14 22:00:00+00:00";"2001-10-25 22:00:00+00:00";"33";"07";"84";"2021";"NON";"NON";"200039808";"";"";"";"2021-10-06";"31277";""
"07184";"1199";"CC";"COM";"2009-04-17 22:00:00+00:00";"2006-06-29 22:00:00+00:00";"19";"07";"84";"2021";"NON";"NON";"07184";"";"";"";"2021-10-06";"31279";""
"07185";"3199";"PLU";"COM";"2005-01-20 23:00:00+00:00";"2001-06-28 22:00:00+00:00";"39";"07";"84";"2021";"NON";"NON";"07185";"";"";"";"2021-10-06";"31280";""
"07186";"3199";"PLU";"COM";"2019-03-24 23:00:00+00:00";"2015-11-29 23:00:00+00:00";"39";"07";"84";"2021";"NON";"NON";"07186";"";"";"";"2021-10-06";"144237";""
"07188";"3432";"PLU";"CA";"2009-02-24 23:00:00+00:00";"2001-10-25 22:00:00+00:00";"33";"07";"84";"2021";"NON";"NON";"200072015";"";"";"";"2021-10-06";"31294";""
"07189";"3299";"PLUi/PLUiS";"CC";"2019-12-18 23:00:00+00:00";"2015-12-16 23:00:00+00:00";"39";"07";"84";"2021";"NON";"OUI";"07189";"";"";"";"2021-10-06";"144339";""
"07190";"1432";"CC";"CC";"2005-10-04 22:00:00+00:00";"2005-06-07 22:00:00+00:00";"13";"07";"84";"2021";"NON";"NON";"200039808";"";"";"";"2021-10-06";"31297";""
"07191";"3199";"PLU";"COM";"2018-07-11 22:00:00+00:00";"2014-10-27 23:00:00+00:00";"39";"07";"84";"2021";"NON";"NON";"07191";"";"";"";"2021-10-06";"137711";""
"07193";"1499";"CC";"CC";"2018-01-10 23:00:00+00:00";"2016-02-29 23:00:00+00:00";"19";"07";"84";"2021";"NON";"NON";"07193";"";"";"";"2021-10-06";"147629";""
"07194";"1131";"CC";"COM";"2006-11-26 23:00:00+00:00";"2002-03-13 23:00:00+00:00";"13";"07";"84";"2021";"NON";"NON";"07194";"";"";"";"2021-10-06";"15215";""
"07196";"3299";"PLUi/PLUiS";"CC";"2019-12-18 23:00:00+00:00";"2015-12-16 23:00:00+00:00";"39";"07";"84";"2021";"NON";"OUI";"07196";"";"";"";"2021-10-06";"144339";""
"07197";"3432";"PLU";"CA";"2007-01-29 23:00:00+00:00";"2003-08-01 22:00:00+00:00";"33";"07";"84";"2021";"NON";"NON";"07197";"";"";"";"2021-10-06";"31319";""
"07198";"3199";"PLU";"COM";"2019-02-07 23:00:00+00:00";"2016-02-03 23:00:00+00:00";"39";"07";"84";"2021";"NON";"NON";"07198";"";"";"";"2021-10-06";"147526";""
"07199";"3299";"PLUi/PLUiS";"CC";"2019-12-18 23:00:00+00:00";"2015-12-16 23:00:00+00:00";"39";"07";"84";"2021";"NON";"OUI";"07199";"";"";"";"2021-10-06";"144339";""
"07201";"3432";"PLU";"CC";"2018-10-10 22:00:00+00:00";"2012-10-21 22:00:00+00:00";"33";"07";"84";"2021";"NON";"NON";"200039808";"";"";"";"2021-10-06";"120050";""
"07202";"3299";"PLUi/PLUiS";"CC";"2019-12-18 23:00:00+00:00";"2015-12-16 23:00:00+00:00";"39";"07";"84";"2021";"NON";"OUI";"240700302";"";"";"";"2021-10-06";"144339";""
"07204";"3131";"PLU";"COM";"2010-01-20 23:00:00+00:00";"2001-04-12 22:00:00+00:00";"33";"07";"84";"2021";"NON";"NON";"07204";"";"";"";"2021-10-06";"31362";""
"07205";"3199";"PLU";"COM";"2018-03-26 22:00:00+00:00";"2014-07-28 22:00:00+00:00";"39";"07";"84";"2021";"NON";"NON";"07205";"";"";"";"2021-10-06";"135655";""
"07206";"1499";"CC";"CC";"2005-09-28 22:00:00+00:00";"2004-03-13 23:00:00+00:00";"19";"07";"84";"2021";"NON";"NON";"07206";"";"";"";"2021-10-06";"31385";""
"07208";"1199";"CC";"COM";"2006-02-16 23:00:00+00:00";"2002-09-30 22:00:00+00:00";"19";"07";"84";"2021";"NON";"NON";"07208";"";"";"";"2021-10-06";"15217";""
"07210";"1432";"CC";"CC";"2003-08-20 22:00:00+00:00";"2003-07-07 22:00:00+00:00";"13";"07";"84";"2021";"NON";"NON";"07210";"";"";"";"2021-10-06";"24260";""
"07211";"1111";"CC";"COM";"2013-07-16 22:00:00+00:00";"2008-08-27 22:00:00+00:00";"11";"07";"84";"2021";"NON";"NON";"07211";"";"";"";"2021-10-06";"38228";""
"07213";"3299";"PLUi/PLUiS";"CC";"2019-12-18 23:00:00+00:00";"2015-12-16 23:00:00+00:00";"39";"07";"84";"2021";"NON";"OUI";"07213";"";"";"";"2021-10-06";"144339";""
"07214";"1199";"CC";"COM";"2007-08-19 22:00:00+00:00";"2002-03-09 23:00:00+00:00";"19";"07";"84";"2021";"NON";"NON";"07214";"";"";"";"2021-10-06";"15220";""
"07217";"3131";"PLU";"COM";"2004-04-25 22:00:00+00:00";"2001-08-20 22:00:00+00:00";"33";"07";"84";"2021";"NON";"NON";"07217";"";"";"";"2021-10-06";"31399";""
"07219";"3199";"PLU";"COM";"2017-11-26 23:00:00+00:00";"2015-10-18 22:00:00+00:00";"39";"07";"84";"2021";"NON";"NON";"07219";"";"";"";"2021-10-06";"142081";""
"07222";"3131";"PLU";"COM";"2006-11-09 23:00:00+00:00";"2000-05-29 22:00:00+00:00";"33";"07";"84";"2021";"NON";"NON";"07222";"";"";"";"2021-10-06";"31403";""
"07223";"1132";"CC";"COM";"2014-01-30 23:00:00+00:00";"2002-07-11 22:00:00+00:00";"13";"07";"84";"2021";"NON";"NON";"200039824";"";"";"";"2021-10-06";"15225";""
"07224";"1499";"CC";"CC";"2011-12-27 23:00:00+00:00";"2011-07-21 22:00:00+00:00";"19";"07";"84";"2021";"NON";"NON";"07224";"";"";"";"2021-10-06";"72138";""
"07225";"3432";"PLU";"CA";"2005-05-16 22:00:00+00:00";"2001-07-11 22:00:00+00:00";"33";"07";"84";"2021";"NON";"NON";"07225";"";"";"";"2021-10-06";"31412";""
"07227";"3432";"PLU";"CA";"2004-12-14 23:00:00+00:00";"2001-06-11 22:00:00+00:00";"33";"07";"84";"2021";"NON";"NON";"07227";"";"";"";"2021-10-06";"31420";""
"07228";"3432";"PLU";"CA";"2007-12-06 23:00:00+00:00";"2002-02-07 23:00:00+00:00";"33";"07";"84";"2021";"NON";"NON";"07228";"";"";"";"2021-10-06";"31429";""
"07229";"3432";"PLU";"CC";"2007-06-17 22:00:00+00:00";"2003-11-23 23:00:00+00:00";"33";"07";"84";"2021";"NON";"NON";"07229";"";"";"";"2021-10-06";"31436";""
"07230";"1432";"CC";"CC";"2007-02-14 23:00:00+00:00";"2003-05-22 22:00:00+00:00";"13";"07";"84";"2021";"NON";"NON";"07230";"";"";"";"2021-10-06";"15227";""
"07231";"3432";"PLU";"CC";"2009-10-08 22:00:00+00:00";"2004-01-26 23:00:00+00:00";"33";"07";"84";"2021";"NON";"NON";"07231";"";"";"";"2021-10-06";"31692";""
"07234";"3199";"PLU";"COM";"2019-06-25 22:00:00+00:00";"2015-12-01 23:00:00+00:00";"39";"07";"84";"2021";"NON";"NON";"07234";"";"";"";"2021-10-06";"142994";""
"07236";"3199";"PLU";"COM";"2006-11-02 23:00:00+00:00";"2003-12-18 23:00:00+00:00";"39";"07";"84";"2021";"NON";"NON";"07236";"";"";"";"2021-10-06";"31701";""
"07237";"3199";"PLU";"COM";"2014-03-13 23:00:00+00:00";"2004-03-11 23:00:00+00:00";"39";"07";"84";"2021";"NON";"NON";"07237";"";"";"";"2021-10-06";"31702";""
"07238";"3299";"PLUi/PLUiS";"CC";"2019-12-18 23:00:00+00:00";"2015-12-16 23:00:00+00:00";"39";"07";"84";"2021";"NON";"OUI";"07238";"";"";"";"2021-10-06";"144339";""
"07240";"3432";"PLU";"CC";"2019-04-03 22:00:00+00:00";"2014-12-03 23:00:00+00:00";"33";"07";"84";"2021";"NON";"NON";"200041366";"";"";"";"2021-10-06";"134905";""
"07241";"3199";"PLU";"COM";"2019-08-26 22:00:00+00:00";"2010-06-14 22:00:00+00:00";"39";"07";"84";"2021";"NON";"NON";"07241";"";"";"";"2021-10-06";"42330";""
"07242";"1199";"CC";"COM";"2013-10-07 22:00:00+00:00";"2008-12-15 23:00:00+00:00";"19";"07";"84";"2021";"NON";"NON";"07242";"";"";"";"2021-10-06";"38110";""
"07243";"3432";"PLU";"CA";"2005-02-02 23:00:00+00:00";"1997-07-10 22:00:00+00:00";"33";"07";"84";"2021";"NON";"NON";"200072015";"";"";"";"2021-10-06";"31713";""
"07245";"3199";"PLU";"COM";"2020-09-23 22:00:00+00:00";"2016-06-29 22:00:00+00:00";"39";"07";"84";"2021";"NON";"NON";"07245";"";"";"";"2021-10-06";"150423";""
"07250";"3131";"PLU";"COM";"2005-03-28 22:00:00+00:00";"2002-06-09 22:00:00+00:00";"33";"07";"84";"2021";"NON";"NON";"07250";"";"";"";"2021-10-06";"31728";""
"07251";"1432";"CC";"CC";"2008-05-28 22:00:00+00:00";"2005-09-15 22:00:00+00:00";"13";"07";"84";"2021";"NON";"NON";"07251";"";"";"";"2021-10-06";"31729";""
"07254";"3432";"PLU";"CC";"2011-07-27 22:00:00+00:00";"2008-06-26 22:00:00+00:00";"33";"07";"84";"2021";"NON";"NON";"07254";"";"";"";"2021-10-06";"36153";""
"07255";"3199";"PLU";"COM";"2018-06-27 22:00:00+00:00";"2014-10-19 22:00:00+00:00";"39";"07";"84";"2021";"NON";"NON";"07255";"";"";"";"2021-10-06";"133906";""
"07259";"3432";"PLU";"CC";"2019-11-20 23:00:00+00:00";"2010-07-04 22:00:00+00:00";"33";"07";"84";"2021";"NON";"NON";"07259";"";"";"";"2021-10-06";"41866";""
"07260";"3131";"PLU";"COM";"2008-07-28 22:00:00+00:00";"2004-03-29 22:00:00+00:00";"33";"07";"84";"2021";"NON";"NON";"07260";"";"";"";"2021-10-06";"31760";""
"07261";"3131";"PLU";"COM";"2008-07-23 22:00:00+00:00";"2002-03-27 23:00:00+00:00";"33";"07";"84";"2021";"NON";"NON";"07261";"";"";"";"2021-10-06";"31766";""
"07263";"3199";"PLU";"COM";"2014-11-02 23:00:00+00:00";"2010-03-29 22:00:00+00:00";"39";"07";"84";"2021";"NON";"NON";"07263";"";"";"";"2021-10-06";"41674";""
"07264";"3432";"PLU";"CC";"2018-06-13 22:00:00+00:00";"2014-07-07 22:00:00+00:00";"33";"07";"84";"2021";"NON";"NON";"07264";"";"";"";"2021-10-06";"130957";""
"07265";"3432";"PLU";"CA";"2017-12-13 23:00:00+00:00";"2013-06-17 22:00:00+00:00";"33";"07";"84";"2021";"NON";"NON";"07265";"";"";"";"2021-10-06";"122321";""
"07268";"3432";"PLU";"CC";"2007-07-23 22:00:00+00:00";"2004-03-17 23:00:00+00:00";"33";"07";"84";"2021";"NON";"NON";"07268";"";"";"";"2021-10-06";"31782";""
"07269";"3199";"PLU";"COM";"2013-07-07 22:00:00+00:00";"2007-10-16 22:00:00+00:00";"39";"07";"84";"2021";"NON";"NON";"07269";"";"";"";"2021-10-06";"33288";""
"07272";"3432";"PLU";"CC";"2019-06-03 22:00:00+00:00";"2011-03-13 23:00:00+00:00";"33";"07";"84";"2021";"NON";"NON";"200039808";"";"";"";"2021-10-06";"61268";""
"07273";"3199";"PLU";"COM";"2019-04-11 22:00:00+00:00";"2015-02-12 23:00:00+00:00";"39";"07";"84";"2021";"NON";"NON";"07273";"";"";"";"2021-10-06";"137713";""
"07274";"1199";"CC";"COM";"2004-12-22 23:00:00+00:00";"2002-04-04 22:00:00+00:00";"19";"07";"84";"2021";"NON";"NON";"07274";"";"";"";"2021-10-06";"31805";""
"07275";"3299";"PLUi/PLUiS";"CC";"2019-12-18 23:00:00+00:00";"2015-12-16 23:00:00+00:00";"39";"07";"84";"2021";"NON";"OUI";"07275";"";"";"";"2021-10-06";"144339";""
"07276";"3199";"PLU";"COM";"2005-11-08 23:00:00+00:00";"2002-07-18 22:00:00+00:00";"39";"07";"84";"2021";"NON";"NON";"07276";"";"";"";"2021-10-06";"31807";""
"07278";"1199";"CC";"COM";"2008-01-17 23:00:00+00:00";"2005-03-31 22:00:00+00:00";"19";"07";"84";"2021";"NON";"NON";"07278";"";"";"";"2021-10-06";"31809";""
"07279";"3432";"PLU";"CC";"2008-06-22 22:00:00+00:00";"2002-04-10 22:00:00+00:00";"33";"07";"84";"2021";"NON";"NON";"07279";"";"";"";"2021-10-06";"31825";""
"07280";"3131";"PLU";"COM";"2005-02-17 23:00:00+00:00";"2001-03-27 22:00:00+00:00";"33";"07";"84";"2021";"NON";"NON";"07280";"";"";"";"2021-10-06";"31828";""
"07281";"3432";"PLU";"CC";"2017-03-22 23:00:00+00:00";"2014-07-16 22:00:00+00:00";"33";"07";"84";"2021";"NON";"NON";"200041366";"";"";"";"2021-10-06";"133849";""
"07285";"1199";"CC";"COM";"2003-08-20 22:00:00+00:00";"2003-07-18 22:00:00+00:00";"19";"07";"84";"2021";"NON";"NON";"07285";"";"";"";"2021-10-06";"31837";""
"07287";"1199";"CC";"COM";"2007-06-20 22:00:00+00:00";"2003-12-11 23:00:00+00:00";"19";"07";"84";"2021";"NON";"NON";"07287";"";"";"";"2021-10-06";"15232";""
"07288";"3199";"PLU";"COM";"2014-06-19 22:00:00+00:00";"2010-02-09 23:00:00+00:00";"39";"07";"84";"2021";"NON";"NON";"07288";"";"";"";"2021-10-06";"40701";""
"07289";"3432";"PLU";"CC";"2009-05-03 22:00:00+00:00";"2003-10-12 22:00:00+00:00";"33";"07";"84";"2021";"NON";"NON";"07289";"";"";"";"2021-10-06";"31841";""
"07292";"3131";"PLU";"COM";"2020-03-04 23:00:00+00:00";"2014-07-23 22:00:00+00:00";"33";"07";"84";"2021";"NON";"NON";"07292";"";"";"";"2021-10-06";"136395";""
"07293";"3432";"PLU";"CC";"2019-11-13 23:00:00+00:00";"2013-08-25 22:00:00+00:00";"33";"07";"84";"2021";"NON";"NON";"200041366";"";"";"";"2021-10-06";"113943";""
"07294";"3199";"PLU";"COM";"2008-02-18 23:00:00+00:00";"2002-05-23 22:00:00+00:00";"39";"07";"84";"2021";"NON";"NON";"07294";"";"";"";"2021-10-06";"31916";""
"07295";"3131";"PLU";"COM";"2003-12-11 23:00:00+00:00";"2002-06-10 22:00:00+00:00";"33";"07";"84";"2021";"NON";"NON";"07295";"";"";"";"2021-10-06";"31930";""
"07296";"3432";"PLU";"CC";"2006-03-19 23:00:00+00:00";"2003-03-09 23:00:00+00:00";"33";"07";"84";"2021";"NON";"NON";"07296";"";"";"";"2021-10-06";"31937";""
"07297";"3432";"PLU";"CC";"2012-07-15 22:00:00+00:00";"2009-07-02 22:00:00+00:00";"33";"07";"84";"2021";"NON";"NON";"200041366";"";"";"";"2021-10-06";"39476";""
"07298";"3131";"PLU";"COM";"2006-01-31 23:00:00+00:00";"2002-09-03 22:00:00+00:00";"33";"07";"84";"2021";"NON";"NON";"07298";"";"";"";"2021-10-06";"31944";""
"07300";"1111";"CC";"COM";"2007-01-02 23:00:00+00:00";"2003-10-21 22:00:00+00:00";"11";"07";"84";"2021";"NON";"NON";"07300";"";"";"";"2021-10-06";"15234";""
"07301";"1199";"CC";"COM";"2004-10-04 22:00:00+00:00";"2002-01-24 23:00:00+00:00";"19";"07";"84";"2021";"NON";"NON";"07301";"";"";"";"2021-10-06";"31950";""
"07302";"3199";"PLU";"COM";"2019-06-16 22:00:00+00:00";"2014-10-05 22:00:00+00:00";"39";"07";"84";"2021";"NON";"NON";"07302";"";"";"";"2021-10-06";"133857";""
"07303";"1199";"CC";"COM";"2006-05-28 22:00:00+00:00";"2002-06-26 22:00:00+00:00";"19";"07";"84";"2021";"NON";"NON";"07303";"";"";"";"2021-10-06";"15236";""
"07304";"3432";"PLU";"CC";"2018-09-12 22:00:00+00:00";"2008-06-26 22:00:00+00:00";"33";"07";"84";"2021";"NON";"NON";"200039808";"";"";"";"2021-10-06";"35616";""
"07305";"3199";"PLU";"COM";"2018-07-04 22:00:00+00:00";"2010-09-22 22:00:00+00:00";"39";"07";"84";"2021";"NON";"NON";"07305";"";"";"";"2021-10-06";"42471";""
"07306";"3432";"PLU";"CC";"2018-07-11 22:00:00+00:00";"2008-09-25 22:00:00+00:00";"33";"07";"84";"2021";"NON";"NON";"200039808";"";"";"";"2021-10-06";"38109";""
"07307";"1499";"CC";"CC";"2006-02-14 23:00:00+00:00";"2006-02-05 23:00:00+00:00";"19";"07";"84";"2021";"NON";"NON";"07307";"";"";"";"2021-10-06";"31981";""
"07308";"3199";"PLU";"COM";"2016-04-26 22:00:00+00:00";"2001-10-14 22:00:00+00:00";"39";"07";"84";"2021";"NON";"NON";"07308";"";"";"";"2021-10-06";"31994";""
"07309";"3131";"PLU";"COM";"2007-01-25 23:00:00+00:00";"2004-01-29 23:00:00+00:00";"33";"07";"84";"2021";"NON";"NON";"07309";"";"";"";"2021-10-06";"32000";""
"07310";"3432";"PLU";"CA";"2014-03-17 23:00:00+00:00";"2009-04-23 22:00:00+00:00";"33";"07";"84";"2021";"NON";"NON";"07310";"";"";"";"2021-10-06";"38222";""
"07312";"3199";"PLU";"COM";"2012-09-20 22:00:00+00:00";"2008-10-15 22:00:00+00:00";"39";"07";"84";"2021";"NON";"NON";"07312";"";"";"";"2021-10-06";"37843";""
"07316";"3432";"PLU";"CC";"2017-09-20 22:00:00+00:00";"2011-01-19 23:00:00+00:00";"33";"07";"84";"2021";"NON";"NON";"200041366";"";"";"";"2021-10-06";"47680";""
"07317";"3432";"PLU";"CA";"2013-02-18 23:00:00+00:00";"2009-01-21 23:00:00+00:00";"33";"07";"84";"2021";"NON";"NON";"07317";"";"";"";"2021-10-06";"37964";""
"07319";"3131";"PLU";"COM";"2007-09-24 22:00:00+00:00";"2003-09-22 22:00:00+00:00";"33";"07";"84";"2021";"NON";"NON";"07319";"";"";"";"2021-10-06";"32157";""
"07321";"1432";"CC";"CA";"2005-11-06 23:00:00+00:00";"2003-09-01 22:00:00+00:00";"13";"07";"84";"2021";"NON";"NON";"07321";"";"";"";"2021-10-06";"32158";""
"07322";"3432";"PLU";"CC";"2006-03-08 23:00:00+00:00";"2002-02-03 23:00:00+00:00";"33";"07";"84";"2021";"NON";"NON";"200039824";"";"";"";"2021-10-06";"32159";""
"07323";"3432";"PLU";"CC";"2019-11-13 23:00:00+00:00";"2016-03-12 23:00:00+00:00";"33";"07";"84";"2021";"NON";"NON";"200041366";"";"";"";"2021-10-06";"150218";""
"07324";"3199";"PLU";"COM";"2018-03-27 22:00:00+00:00";"2015-09-23 22:00:00+00:00";"39";"07";"84";"2021";"NON";"NON";"07324";"";"";"";"2021-10-06";"142082";""
"07325";"3432";"PLU";"CC";"2010-02-09 23:00:00+00:00";"2001-12-03 23:00:00+00:00";"33";"07";"84";"2021";"NON";"NON";"07325";"";"";"";"2021-10-06";"32179";""
"07326";"1499";"CC";"CC";"2009-04-27 22:00:00+00:00";"2006-10-31 23:00:00+00:00";"19";"07";"84";"2021";"NON";"NON";"07326";"";"";"";"2021-10-06";"17317";""
"07327";"1499";"CC";"CC";"2003-01-07 23:00:00+00:00";"2002-07-24 22:00:00+00:00";"19";"07";"84";"2021";"NON";"NON";"07327";"";"";"";"2021-10-06";"32180";""
"07328";"3432";"PLU";"CC";"2007-04-18 22:00:00+00:00";"2001-09-25 22:00:00+00:00";"33";"07";"84";"2021";"NON";"NON";"200039808";"";"";"";"2021-10-06";"32185";""
"07329";"3299";"PLUi/PLUiS";"CC";"2019-12-18 23:00:00+00:00";"2015-12-16 23:00:00+00:00";"39";"07";"84";"2021";"NON";"OUI";"07329";"";"";"";"2021-10-06";"144339";""
"07330";"3432";"PLU";"CC";"2006-12-20 23:00:00+00:00";"2002-11-21 23:00:00+00:00";"33";"07";"84";"2021";"NON";"NON";"200039808";"";"";"";"2021-10-06";"32192";""
"07331";"3432";"PLU";"CC";"2006-06-21 22:00:00+00:00";"2004-06-20 22:00:00+00:00";"33";"07";"84";"2021";"NON";"NON";"07331";"";"";"";"2021-10-06";"32201";""
"07332";"3131";"PLU";"COM";"2013-03-19 23:00:00+00:00";"2005-06-21 22:00:00+00:00";"33";"07";"84";"2021";"NON";"NON";"07332";"";"";"";"2021-10-06";"32203";""
"07333";"1432";"CC";"CA";"2005-02-27 23:00:00+00:00";"2003-08-11 22:00:00+00:00";"13";"07";"84";"2021";"NON";"NON";"07333";"";"";"";"2021-10-06";"32204";""
"07334";"3199";"PLU";"COM";"2020-02-17 23:00:00+00:00";"2008-12-15 23:00:00+00:00";"39";"07";"84";"2021";"NON";"NON";"07334";"";"";"";"2021-10-06";"37959";""
"07335";"3199";"PLU";"COM";"2019-09-29 22:00:00+00:00";"2016-02-07 23:00:00+00:00";"39";"07";"84";"2021";"NON";"NON";"07335";"";"";"";"2021-10-06";"148009";""
"07336";"3299";"PLUi/PLUiS";"CC";"2019-12-18 23:00:00+00:00";"2015-12-16 23:00:00+00:00";"39";"07";"84";"2021";"NON";"OUI";"07336";"";"";"";"2021-10-06";"144339";""
"07337";"3432";"PLU";"CA";"2005-01-17 23:00:00+00:00";"2000-11-05 23:00:00+00:00";"33";"07";"84";"2021";"NON";"NON";"07337";"";"";"";"2021-10-06";"32218";""
"07338";"3199";"PLU";"COM";"2014-03-09 23:00:00+00:00";"2010-06-24 22:00:00+00:00";"39";"07";"84";"2021";"NON";"NON";"07338";"";"";"";"2021-10-06";"42339";""
"07339";"3432";"PLU";"CC";"2006-05-21 22:00:00+00:00";"2003-01-21 23:00:00+00:00";"33";"07";"84";"2021";"NON";"NON";"07339";"";"";"";"2021-10-06";"32231";""
"07340";"3199";"PLU";"COM";"2014-02-24 23:00:00+00:00";"2004-03-29 22:00:00+00:00";"39";"07";"84";"2021";"NON";"NON";"07340";"";"";"";"2021-10-06";"32236";""
"07341";"3199";"PLU";"COM";"2016-07-10 22:00:00+00:00";"2007-12-16 23:00:00+00:00";"39";"07";"84";"2021";"NON";"NON";"07341";"";"";"";"2021-10-06";"33291";""
"07343";"3432";"PLU";"CC";"2006-05-27 22:00:00+00:00";"2002-09-25 22:00:00+00:00";"33";"07";"84";"2021";"NON";"NON";"07343";"";"";"";"2021-10-06";"32245";""
"07344";"1432";"CC";"CA";"2004-04-28 22:00:00+00:00";"2002-05-02 22:00:00+00:00";"13";"07";"84";"2021";"NON";"NON";"200072015";"";"";"";"2021-10-06";"32247";""
"07345";"3131";"PLU";"COM";"2007-05-14 22:00:00+00:00";"2003-06-22 22:00:00+00:00";"33";"07";"84";"2021";"NON";"NON";"07345";"";"";"";"2021-10-06";"32250";""
"07346";"3432";"PLU";"CC";"2012-05-13 22:00:00+00:00";"2011-04-03 22:00:00+00:00";"33";"07";"84";"2021";"NON";"NON";"07346";"";"";"";"2021-10-06";"71216";""
"07347";"3432";"PLU";"CA";"2014-07-01 22:00:00+00:00";"2010-02-04 23:00:00+00:00";"33";"07";"84";"2021";"NON";"NON";"07347";"";"";"";"2021-10-06";"41597";""
"07348";"3432";"PLU";"CC";"2003-10-12 22:00:00+00:00";"2001-11-11 23:00:00+00:00";"33";"07";"84";"2021";"NON";"NON";"200039808";"";"";"";"2021-10-06";"32264";""
"07349";"3199";"PLU";"COM";"2017-03-22 23:00:00+00:00";"2012-02-14 23:00:00+00:00";"39";"07";"84";"2021";"NON";"NON";"07349";"";"";"";"2021-10-06";"116166";""
"08003";"3199";"PLU";"COM";"2008-09-18 22:00:00+00:00";"2001-09-13 22:00:00+00:00";"39";"08";"44";"2021";"NON";"NON";"08003";"";"";"";"2021-10-06";"4893";""
"08004";"1432";"CC";"CC";"2007-10-01 22:00:00+00:00";"2004-10-05 22:00:00+00:00";"13";"08";"44";"2021";"NON";"NON";"08004";"";"";"";"2021-10-06";"4928";""
"08008";"3432";"PLU";"CC";"2005-12-20 23:00:00+00:00";"2002-02-28 23:00:00+00:00";"33";"08";"44";"2021";"NON";"NON";"08008";"";"";"";"2021-10-06";"4923";""
"08011";"1199";"CC";"COM";"2017-08-06 22:00:00+00:00";"2005-12-11 23:00:00+00:00";"19";"08";"44";"2021";"NON";"NON";"08011";"";"";"";"2021-10-06";"17744";""
"08013";"1432";"CC";"CC";"2004-09-01 22:00:00+00:00";"2003-01-29 23:00:00+00:00";"13";"08";"44";"2021";"NON";"NON";"08013";"";"";"";"2021-10-06";"4932";""
"08014";"1432";"CC";"CC";"2007-12-21 23:00:00+00:00";"2006-06-27 22:00:00+00:00";"13";"08";"44";"2021";"NON";"NON";"08014";"";"";"";"2021-10-06";"18148";""
"08015";"1432";"CC";"CC";"2011-07-17 22:00:00+00:00";"2009-02-02 23:00:00+00:00";"13";"08";"44";"2021";"NON";"NON";"08015";"";"";"";"2021-10-06";"41732";""
"08022";"1111";"CC";"COM";"2017-02-26 23:00:00+00:00";"2015-10-19 22:00:00+00:00";"11";"08";"44";"2021";"NON";"NON";"08022";"";"";"";"2021-10-06";"142080";""
"08025";"3432";"PLU";"CC";"2013-06-17 22:00:00+00:00";"2009-02-11 23:00:00+00:00";"33";"08";"44";"2021";"NON";"NON";"08025";"";"";"";"2021-10-06";"41733";""
"08026";"1432";"CC";"CC";"2008-03-12 23:00:00+00:00";"2004-09-30 22:00:00+00:00";"13";"08";"44";"2021";"NON";"NON";"08026";"";"";"";"2021-10-06";"4941";""
"08028";"3199";"PLU";"COM";"2017-10-11 22:00:00+00:00";"2010-04-26 22:00:00+00:00";"39";"08";"44";"2021";"NON";"NON";"08028";"";"";"";"2021-10-06";"46015";""
"08029";"3432";"PLU";"CC";"2018-09-26 22:00:00+00:00";"2014-09-04 22:00:00+00:00";"33";"08";"44";"2021";"NON";"NON";"08029";"";"";"";"2021-10-06";"132040";""
"08034";"1432";"CC";"CC";"2018-02-28 23:00:00+00:00";"2014-06-19 22:00:00+00:00";"13";"08";"44";"2021";"NON";"NON";"08034";"";"";"";"2021-10-06";"138476";""
"08037";"1432";"CC";"CC";"2008-01-10 23:00:00+00:00";"2003-10-23 22:00:00+00:00";"13";"08";"44";"2021";"NON";"NON";"08037";"";"";"";"2021-10-06";"4945";""
"08038";"1432";"CC";"CC";"2008-04-21 22:00:00+00:00";"2003-09-22 22:00:00+00:00";"13";"08";"44";"2021";"NON";"NON";"08038";"";"";"";"2021-10-06";"4946";""
"08039";"1432";"CC";"CC";"2004-06-17 22:00:00+00:00";"2002-09-24 22:00:00+00:00";"13";"08";"44";"2021";"NON";"NON";"08039";"";"";"";"2021-10-06";"4947";""
"08040";"3199";"PLU";"COM";"2008-02-25 23:00:00+00:00";"2003-02-06 23:00:00+00:00";"39";"08";"44";"2021";"NON";"NON";"08040";"";"";"";"2021-10-06";"5071";""
"08041";"1432";"CC";"CC";"2018-01-29 23:00:00+00:00";"2015-06-16 22:00:00+00:00";"13";"08";"44";"2021";"NON";"NON";"08041";"";"";"";"2021-10-06";"146364";""
"08043";"3199";"PLU";"COM";"2013-01-08 23:00:00+00:00";"2008-10-28 23:00:00+00:00";"39";"08";"44";"2021";"NON";"NON";"08043";"";"";"";"2021-10-06";"41734";""
"08045";"1432";"CC";"CC";"2008-01-14 23:00:00+00:00";"2004-10-01 22:00:00+00:00";"13";"08";"44";"2021";"NON";"NON";"08045";"";"";"";"2021-10-06";"4958";""
"08046";"1432";"CC";"CC";"2008-04-18 22:00:00+00:00";"2004-03-24 23:00:00+00:00";"13";"08";"44";"2021";"NON";"NON";"08046";"";"";"";"2021-10-06";"17162";""
"08052";"1432";"CC";"CC";"2008-02-15 23:00:00+00:00";"2006-11-02 23:00:00+00:00";"13";"08";"44";"2021";"NON";"NON";"08052";"";"";"";"2021-10-06";"22801";""
"08053";"1131";"CC";"COM";"2010-06-08 22:00:00+00:00";"2006-02-15 23:00:00+00:00";"13";"08";"44";"2021";"NON";"NON";"08053";"";"";"";"2021-10-06";"20849";""
"08055";"1432";"CC";"CC";"2013-03-21 23:00:00+00:00";"2006-02-26 23:00:00+00:00";"13";"08";"44";"2021";"NON";"NON";"08055";"";"";"";"2021-10-06";"11467";""
"08060";"3432";"PLU";"CC";"2003-04-24 22:00:00+00:00";"1999-12-15 23:00:00+00:00";"33";"08";"44";"2021";"NON";"NON";"08060";"";"";"";"2021-10-06";"136755";""
"08064";"1432";"CC";"CC";"2010-11-16 23:00:00+00:00";"2002-07-08 22:00:00+00:00";"13";"08";"44";"2021";"NON";"NON";"08064";"";"";"";"2021-10-06";"4973";""
"08070";"1432";"CC";"CC";"2010-01-13 23:00:00+00:00";"2004-10-07 22:00:00+00:00";"13";"08";"44";"2021";"NON";"NON";"08070";"";"";"";"2021-10-06";"5045";""
"08073";"1432";"CC";"CC";"2013-10-17 22:00:00+00:00";"2006-02-02 23:00:00+00:00";"13";"08";"44";"2021";"NON";"NON";"08073";"";"";"";"2021-10-06";"8037";""
"08076";"3432";"PLU";"CC";"2012-04-02 22:00:00+00:00";"2008-04-13 22:00:00+00:00";"33";"08";"44";"2021";"NON";"NON";"08076";"";"";"";"2021-10-06";"34728";""
"08081";"3199";"PLU";"COM";"2008-02-28 23:00:00+00:00";"2007-01-18 23:00:00+00:00";"39";"08";"44";"2021";"NON";"NON";"08081";"";"";"";"2021-10-06";"23934";""
"08084";"1432";"CC";"CC";"2012-04-22 22:00:00+00:00";"2010-01-18 23:00:00+00:00";"13";"08";"44";"2021";"NON";"NON";"08084";"";"";"";"2021-10-06";"25060";""
"08085";"1432";"CC";"CC";"2008-11-06 23:00:00+00:00";"2005-10-17 22:00:00+00:00";"13";"08";"44";"2021";"NON";"NON";"08085";"";"";"";"2021-10-06";"12167";""
"08087";"1432";"CC";"CC";"2008-07-31 22:00:00+00:00";"2005-09-01 22:00:00+00:00";"13";"08";"44";"2021";"NON";"NON";"08087";"";"";"";"2021-10-06";"9165";""
"08088";"1432";"CC";"CC";"2008-04-13 22:00:00+00:00";"2004-10-07 22:00:00+00:00";"13";"08";"44";"2021";"NON";"NON";"08088";"";"";"";"2021-10-06";"10080";""
"08090";"3432";"PLU";"CC";"2011-02-22 23:00:00+00:00";"2006-03-30 22:00:00+00:00";"33";"08";"44";"2021";"NON";"NON";"08090";"";"";"";"2021-10-06";"17156";""
"08096";"3131";"PLU";"COM";"2005-09-15 22:00:00+00:00";"2000-01-20 23:00:00+00:00";"33";"08";"44";"2021";"NON";"NON";"08096";"";"";"";"2021-10-06";"5111";""
"08101";"1199";"CC";"COM";"2013-06-09 22:00:00+00:00";"2010-08-31 22:00:00+00:00";"19";"08";"44";"2021";"NON";"NON";"08101";"";"";"";"2021-10-06";"46008";""
"08105";"3199";"PLU";"COM";"2009-03-29 22:00:00+00:00";"2002-09-22 22:00:00+00:00";"39";"08";"44";"2021";"NON";"NON";"08105";"";"";"";"2021-10-06";"21187";""
"08107";"3432";"PLU";"CC";"2006-02-08 23:00:00+00:00";"1997-10-13 22:00:00+00:00";"33";"08";"44";"2021";"NON";"NON";"08107";"";"";"";"2021-10-06";"5118";""
"08110";"1111";"CC";"COM";"2015-04-15 22:00:00+00:00";"2008-10-15 22:00:00+00:00";"11";"08";"44";"2021";"NON";"NON";"08110";"";"";"";"2021-10-06";"36080";""
"08111";"3432";"PLU";"CC";"2003-04-24 22:00:00+00:00";"1999-12-15 23:00:00+00:00";"33";"08";"44";"2021";"NON";"NON";"08111";"";"";"";"2021-10-06";"136757";""
"08115";"1432";"CC";"CC";"2008-04-03 22:00:00+00:00";"2005-06-15 22:00:00+00:00";"13";"08";"44";"2021";"NON";"NON";"08115";"";"";"";"2021-10-06";"9169";""
"08119";"3199";"PLU";"COM";"2007-11-29 23:00:00+00:00";"2003-03-27 23:00:00+00:00";"39";"08";"44";"2021";"NON";"NON";"08119";"";"";"";"2021-10-06";"12174";""
"08121";"1432";"CC";"CC";"2010-11-16 23:00:00+00:00";"2009-08-25 22:00:00+00:00";"13";"08";"44";"2021";"NON";"NON";"08121";"";"";"";"2021-10-06";"41737";""
"08122";"3131";"PLU";"COM";"2008-05-20 22:00:00+00:00";"2003-10-24 22:00:00+00:00";"33";"08";"44";"2021";"NON";"NON";"08122";"";"";"";"2021-10-06";"5131";""
"08124";"1432";"CC";"CC";"2006-11-27 23:00:00+00:00";"2003-06-24 22:00:00+00:00";"13";"08";"44";"2021";"NON";"NON";"08124";"";"";"";"2021-10-06";"10086";""
"08125";"3199";"PLU";"COM";"2010-12-20 23:00:00+00:00";"2004-09-06 22:00:00+00:00";"39";"08";"44";"2021";"NON";"NON";"08125";"";"";"";"2021-10-06";"5193";""
"08126";"1432";"CC";"CC";"2008-04-18 22:00:00+00:00";"2004-03-24 23:00:00+00:00";"13";"08";"44";"2021";"NON";"NON";"08126";"";"";"";"2021-10-06";"17154";""
"08132";"1432";"CC";"CC";"2011-05-31 22:00:00+00:00";"2009-04-10 22:00:00+00:00";"13";"08";"44";"2021";"NON";"NON";"08132";"";"";"";"2021-10-06";"40696";""
"08133";"3432";"PLU";"CC";"2008-02-21 23:00:00+00:00";"2005-03-17 23:00:00+00:00";"33";"08";"44";"2021";"NON";"NON";"08133";"";"";"";"2021-10-06";"5202";""
"08137";"3199";"PLU";"COM";"2010-07-29 22:00:00+00:00";"2008-10-16 22:00:00+00:00";"39";"08";"44";"2021";"NON";"NON";"08137";"";"";"";"2021-10-06";"36210";""
"08139";"3199";"PLU";"COM";"2013-05-15 22:00:00+00:00";"2008-12-03 23:00:00+00:00";"39";"08";"44";"2021";"NON";"NON";"08139";"";"";"";"2021-10-06";"41738";""
"08140";"3131";"PLU";"COM";"2008-02-13 23:00:00+00:00";"2003-09-24 22:00:00+00:00";"33";"08";"44";"2021";"NON";"NON";"08140";"";"";"";"2021-10-06";"5206";""
"08142";"3199";"PLU";"COM";"2013-04-02 22:00:00+00:00";"2005-06-15 22:00:00+00:00";"39";"08";"44";"2021";"NON";"NON";"08142";"";"";"";"2021-10-06";"5217";""
"08145";"3432";"PLU";"CC";"2009-03-01 23:00:00+00:00";"2005-11-09 23:00:00+00:00";"33";"08";"44";"2021";"NON";"NON";"08145";"";"";"";"2021-10-06";"9163";""
"08148";"1432";"CC";"CC";"2005-11-03 23:00:00+00:00";"2003-04-28 22:00:00+00:00";"13";"08";"44";"2021";"NON";"NON";"08148";"";"";"";"2021-10-06";"7260";""
"08151";"3432";"PLU";"CC";"2018-06-19 22:00:00+00:00";"2015-06-23 22:00:00+00:00";"33";"08";"44";"2021";"NON";"NON";"08151";"";"";"";"2021-10-06";"133735";""
"08153";"1432";"CC";"CC";"2011-04-07 22:00:00+00:00";"2003-12-25 23:00:00+00:00";"13";"08";"44";"2021";"NON";"NON";"08153";"";"";"";"2021-10-06";"10121";""
"08155";"1432";"CC";"CC";"2010-12-13 23:00:00+00:00";"2004-09-02 22:00:00+00:00";"13";"08";"44";"2021";"NON";"NON";"08155";"";"";"";"2021-10-06";"10122";""
"08156";"1432";"CC";"CC";"2010-06-08 22:00:00+00:00";"2004-06-28 22:00:00+00:00";"13";"08";"44";"2021";"NON";"NON";"08156";"";"";"";"2021-10-06";"10123";""
"08158";"3199";"PLU";"COM";"2013-10-02 22:00:00+00:00";"2011-07-25 22:00:00+00:00";"39";"08";"44";"2021";"NON";"NON";"08158";"";"";"";"2021-10-06";"85075";""
"08160";"1432";"CC";"CC";"2005-10-16 22:00:00+00:00";"2003-06-29 22:00:00+00:00";"13";"08";"44";"2021";"NON";"NON";"08160";"";"";"";"2021-10-06";"10124";""
"08162";"3199";"PLU";"COM";"2020-06-18 22:00:00+00:00";"2015-04-06 22:00:00+00:00";"39";"08";"44";"2021";"NON";"NON";"08162";"";"";"";"2021-10-06";"138288";""
"08163";"3432";"PLU";"CC";"2008-02-17 23:00:00+00:00";"2006-12-17 23:00:00+00:00";"33";"08";"44";"2021";"NON";"NON";"08163";"";"";"";"2021-10-06";"10654";""
"08170";"1199";"CC";"COM";"2020-12-30 23:00:00+00:00";"2017-11-19 23:00:00+00:00";"19";"08";"44";"2021";"NON";"NON";"08170";"";"";"";"2021-10-06";"162437";""
"08172";"1432";"CC";"CC";"2016-01-24 23:00:00+00:00";"2014-04-25 22:00:00+00:00";"13";"08";"44";"2021";"NON";"NON";"08172";"";"";"";"2021-10-06";"133304";""
"08173";"3199";"PLU";"COM";"2014-02-12 23:00:00+00:00";"2006-09-14 22:00:00+00:00";"39";"08";"44";"2021";"NON";"NON";"08173";"";"";"";"2021-10-06";"24876";""
"08174";"3199";"PLU";"COM";"2014-03-17 23:00:00+00:00";"2009-07-01 22:00:00+00:00";"39";"08";"44";"2021";"NON";"NON";"08174";"";"";"";"2021-10-06";"40689";""
"08175";"3199";"PLU";"COM";"2005-12-26 23:00:00+00:00";"1997-05-12 22:00:00+00:00";"39";"08";"44";"2021";"NON";"NON";"08175";"";"";"";"2021-10-06";"5242";""
"08179";"1199";"CC";"COM";"2010-08-03 22:00:00+00:00";"2008-02-20 23:00:00+00:00";"19";"08";"44";"2021";"NON";"NON";"08179";"";"";"";"2021-10-06";"34632";""
"08180";"3199";"PLU";"COM";"2010-01-14 23:00:00+00:00";"1997-07-03 22:00:00+00:00";"39";"08";"44";"2021";"NON";"NON";"08180";"";"";"";"2021-10-06";"5379";""
"08183";"3199";"PLU";"COM";"2014-10-27 23:00:00+00:00";"2010-11-28 23:00:00+00:00";"39";"08";"44";"2021";"NON";"NON";"08183";"";"";"";"2021-10-06";"21189";""
"08185";"3199";"PLU";"COM";"2020-06-24 22:00:00+00:00";"2011-05-25 22:00:00+00:00";"39";"08";"44";"2021";"NON";"NON";"08185";"";"";"";"2021-10-06";"93855";""
"08186";"1432";"CC";"CC";"2008-04-28 22:00:00+00:00";"2005-11-17 23:00:00+00:00";"13";"08";"44";"2021";"NON";"NON";"08186";"";"";"";"2021-10-06";"14762";""
"08187";"3199";"PLU";"COM";"2016-12-08 23:00:00+00:00";"2012-01-31 23:00:00+00:00";"39";"08";"44";"2021";"NON";"NON";"08187";"";"";"";"2021-10-06";"91974";""
"08188";"3199";"PLU";"COM";"2008-02-17 23:00:00+00:00";"2001-06-04 22:00:00+00:00";"39";"08";"44";"2021";"NON";"NON";"08188";"";"";"";"2021-10-06";"5404";""
"08189";"1432";"CC";"CC";"2016-12-13 23:00:00+00:00";"2013-03-19 23:00:00+00:00";"13";"08";"44";"2021";"NON";"NON";"08189";"";"";"";"2021-10-06";"121599";""
"08190";"3199";"PLU";"COM";"2014-09-02 22:00:00+00:00";"2010-11-17 23:00:00+00:00";"39";"08";"44";"2021";"NON";"NON";"08190";"";"";"";"2021-10-06";"37991";""
"08191";"3199";"PLU";"COM";"2003-03-30 22:00:00+00:00";"1999-10-07 22:00:00+00:00";"39";"08";"44";"2021";"NON";"NON";"08191";"";"";"";"2021-10-06";"5429";""
"08193";"1432";"CC";"CC";"2014-03-31 22:00:00+00:00";"2012-02-21 23:00:00+00:00";"13";"08";"44";"2021";"NON";"NON";"08193";"";"";"";"2021-10-06";"106877";""
"08194";"3199";"PLU";"COM";"2016-06-05 22:00:00+00:00";"1999-06-22 22:00:00+00:00";"39";"08";"44";"2021";"NON";"NON";"08194";"";"";"";"2021-10-06";"11475";""
"08195";"1432";"CC";"CC";"2015-12-22 23:00:00+00:00";"2011-02-09 23:00:00+00:00";"13";"08";"44";"2021";"NON";"NON";"08195";"";"";"";"2021-10-06";"135163";""
"08201";"1432";"CC";"CC";"2010-08-04 22:00:00+00:00";"2008-02-24 23:00:00+00:00";"13";"08";"44";"2021";"NON";"NON";"08201";"";"";"";"2021-10-06";"34633";""
"08202";"3131";"PLU";"COM";"2008-06-08 22:00:00+00:00";"2004-12-12 23:00:00+00:00";"33";"08";"44";"2021";"NON";"NON";"08202";"";"";"";"2021-10-06";"5438";""
"08203";"3432";"PLU";"CC";"2018-12-18 23:00:00+00:00";"2014-11-18 23:00:00+00:00";"33";"08";"44";"2021";"NON";"NON";"08203";"";"";"";"2021-10-06";"134546";""
"08206";"1199";"CC";"COM";"2011-03-24 23:00:00+00:00";"2004-12-02 23:00:00+00:00";"19";"08";"44";"2021";"NON";"NON";"08206";"";"";"";"2021-10-06";"11995";""
"08207";"1199";"CC";"COM";"2011-07-04 22:00:00+00:00";"2009-03-16 23:00:00+00:00";"19";"08";"44";"2021";"NON";"NON";"08207";"";"";"";"2021-10-06";"40697";""
"08209";"1199";"CC";"COM";"2012-04-22 22:00:00+00:00";"2011-04-10 22:00:00+00:00";"19";"08";"44";"2021";"NON";"NON";"08209";"";"";"";"2021-10-06";"85108";""
"08210";"1432";"CC";"CC";"2010-06-24 22:00:00+00:00";"2004-03-24 23:00:00+00:00";"13";"08";"44";"2021";"NON";"NON";"08210";"";"";"";"2021-10-06";"17163";""
"08212";"1199";"CC";"COM";"2004-12-07 23:00:00+00:00";"2002-06-06 22:00:00+00:00";"19";"08";"44";"2021";"NON";"NON";"08212";"";"";"";"2021-10-06";"11996";""
"08214";"3131";"PLU";"COM";"2008-12-11 23:00:00+00:00";"1997-10-16 22:00:00+00:00";"33";"08";"44";"2021";"NON";"NON";"08214";"";"";"";"2021-10-06";"5446";""
"08215";"1432";"CC";"CC";"2008-08-06 22:00:00+00:00";"2007-01-21 23:00:00+00:00";"13";"08";"44";"2021";"NON";"NON";"08215";"";"";"";"2021-10-06";"32451";""
"08216";"1111";"CC";"COM";"2006-06-27 22:00:00+00:00";"2004-06-23 22:00:00+00:00";"11";"08";"44";"2021";"NON";"NON";"08216";"";"";"";"2021-10-06";"9401";""
"08219";"1432";"CC";"CC";"2008-04-18 22:00:00+00:00";"2004-03-24 23:00:00+00:00";"13";"08";"44";"2021";"NON";"NON";"08219";"";"";"";"2021-10-06";"11997";""
"08222";"3199";"PLU";"COM";"2015-07-06 22:00:00+00:00";"2008-07-29 22:00:00+00:00";"39";"08";"44";"2021";"NON";"NON";"08222";"";"";"";"2021-10-06";"35844";""
"08225";"1432";"CC";"CC";"2008-04-18 22:00:00+00:00";"2004-03-24 23:00:00+00:00";"13";"08";"44";"2021";"NON";"NON";"08225";"";"";"";"2021-10-06";"17161";""
"08226";"3199";"PLU";"COM";"2009-01-28 23:00:00+00:00";"2001-05-18 22:00:00+00:00";"39";"08";"44";"2021";"NON";"NON";"08226";"";"";"";"2021-10-06";"5454";""
"08229";"1432";"CC";"CC";"2004-06-17 22:00:00+00:00";"2002-09-24 22:00:00+00:00";"13";"08";"44";"2021";"NON";"NON";"08229";"";"";"";"2021-10-06";"8021";""
"08230";"1111";"CC";"COM";"2006-11-09 23:00:00+00:00";"2002-06-20 22:00:00+00:00";"11";"08";"44";"2021";"NON";"NON";"08230";"";"";"";"2021-10-06";"11998";""
"08232";"1199";"CC";"COM";"2006-05-28 22:00:00+00:00";"2004-02-15 23:00:00+00:00";"19";"08";"44";"2021";"NON";"NON";"08232";"";"";"";"2021-10-06";"10341";""
"08234";"1432";"CC";"CC";"2010-06-24 22:00:00+00:00";"2004-03-24 23:00:00+00:00";"13";"08";"44";"2021";"NON";"NON";"08234";"";"";"";"2021-10-06";"11999";""
"08235";"3199";"PLU";"COM";"2017-06-12 22:00:00+00:00";"2006-01-15 23:00:00+00:00";"39";"08";"44";"2021";"NON";"NON";"08235";"";"";"";"2021-10-06";"10646";""
"08236";"1432";"CC";"CC";"2006-05-31 22:00:00+00:00";"2003-10-30 23:00:00+00:00";"13";"08";"44";"2021";"NON";"NON";"08236";"";"";"";"2021-10-06";"12000";""
"08248";"3432";"PLU";"CC";"2012-02-09 23:00:00+00:00";"2005-07-21 22:00:00+00:00";"33";"08";"44";"2021";"NON";"NON";"08248";"";"";"";"2021-10-06";"5663";""
"08249";"1199";"CC";"COM";"2015-10-13 22:00:00+00:00";"2012-07-15 22:00:00+00:00";"19";"08";"44";"2021";"NON";"NON";"08249";"";"";"";"2021-10-06";"105707";""
"08260";"1199";"CC";"COM";"2011-03-16 23:00:00+00:00";"2010-03-28 22:00:00+00:00";"19";"08";"44";"2021";"NON";"NON";"08260";"";"";"";"2021-10-06";"41744";""
"08262";"3432";"PLU";"CC";"2008-03-07 23:00:00+00:00";"2005-03-21 23:00:00+00:00";"33";"08";"44";"2021";"NON";"NON";"08262";"";"";"";"2021-10-06";"5667";""
"08263";"3199";"PLU";"COM";"2004-09-02 22:00:00+00:00";"1995-11-30 23:00:00+00:00";"39";"08";"44";"2021";"NON";"NON";"08263";"";"";"";"2021-10-06";"5671";""
"08273";"1432";"CC";"CC";"2015-12-22 23:00:00+00:00";"2014-03-17 23:00:00+00:00";"13";"08";"44";"2021";"NON";"NON";"08273";"";"";"";"2021-10-06";"130017";""
"08275";"1432";"CC";"CC";"2007-06-26 22:00:00+00:00";"2001-07-10 22:00:00+00:00";"13";"08";"44";"2021";"NON";"NON";"08275";"";"";"";"2021-10-06";"12002";""
"08276";"3432";"PLU";"CC";"2017-03-21 23:00:00+00:00";"2012-06-24 22:00:00+00:00";"33";"08";"44";"2021";"NON";"NON";"08276";"";"";"";"2021-10-06";"109272";""
"08281";"1432";"CC";"CC";"2007-06-12 22:00:00+00:00";"2003-10-02 22:00:00+00:00";"13";"08";"44";"2021";"NON";"NON";"08281";"";"";"";"2021-10-06";"12003";""
"08282";"3432";"PLU";"CC";"2008-02-26 23:00:00+00:00";"2003-09-23 22:00:00+00:00";"33";"08";"44";"2021";"NON";"NON";"08282";"";"";"";"2021-10-06";"5700";""
"08284";"3199";"PLU";"COM";"2021-06-27 22:00:00+00:00";"2013-02-19 23:00:00+00:00";"39";"08";"44";"2021";"NON";"NON";"08284";"";"";"";"2021-10-06";"121598";""
"08289";"1432";"CC";"CC";"2010-07-08 22:00:00+00:00";"2006-07-02 22:00:00+00:00";"13";"08";"44";"2021";"NON";"NON";"08289";"";"";"";"2021-10-06";"19493";""
"08293";"1432";"CC";"CC";"2008-02-13 23:00:00+00:00";"2005-12-26 23:00:00+00:00";"13";"08";"44";"2021";"NON";"NON";"08293";"";"";"";"2021-10-06";"10591";""
"08294";"3199";"PLU";"COM";"2018-02-26 23:00:00+00:00";"2015-01-18 23:00:00+00:00";"39";"08";"44";"2021";"NON";"NON";"08294";"";"";"";"2021-10-06";"138474";""
"08295";"1432";"CC";"CC";"2008-07-29 22:00:00+00:00";"2004-10-14 22:00:00+00:00";"13";"08";"44";"2021";"NON";"NON";"08295";"";"";"";"2021-10-06";"12004";""
"08297";"3199";"PLU";"COM";"2012-09-27 22:00:00+00:00";"2008-11-06 23:00:00+00:00";"39";"08";"44";"2021";"NON";"NON";"08297";"";"";"";"2021-10-06";"37392";""
"08298";"3199";"PLU";"COM";"2008-11-23 23:00:00+00:00";"2003-09-29 22:00:00+00:00";"39";"08";"44";"2021";"NON";"NON";"08298";"";"";"";"2021-10-06";"5797";""
"08302";"3131";"PLU";"COM";"2006-09-25 22:00:00+00:00";"2003-11-13 23:00:00+00:00";"33";"08";"44";"2021";"NON";"NON";"08302";"";"";"";"2021-10-06";"7276";""
"08303";"1432";"CC";"CC";"2008-01-14 23:00:00+00:00";"2004-11-04 23:00:00+00:00";"13";"08";"44";"2021";"NON";"NON";"08303";"";"";"";"2021-10-06";"33052";""
"08304";"1199";"CC";"COM";"2011-07-26 22:00:00+00:00";"2010-01-28 23:00:00+00:00";"19";"08";"44";"2021";"NON";"NON";"08304";"";"";"";"2021-10-06";"66673";""
"08311";"1432";"CC";"CC";"2017-11-26 23:00:00+00:00";"2015-06-08 22:00:00+00:00";"13";"08";"44";"2021";"NON";"NON";"08311";"";"";"";"2021-10-06";"142026";""
"08312";"1111";"CC";"COM";"2009-05-10 22:00:00+00:00";"2004-04-22 22:00:00+00:00";"11";"08";"44";"2021";"NON";"NON";"08312";"";"";"";"2021-10-06";"12005";""
"08313";"1432";"CC";"CC";"2015-12-22 23:00:00+00:00";"2011-10-16 22:00:00+00:00";"13";"08";"44";"2021";"NON";"NON";"08313";"";"";"";"2021-10-06";"95621";""
"08314";"3432";"PLU";"CC";"2005-05-24 22:00:00+00:00";"1998-05-14 22:00:00+00:00";"33";"08";"44";"2021";"NON";"NON";"08314";"";"";"";"2021-10-06";"5833";""
"08316";"3199";"PLU";"COM";"2007-01-28 23:00:00+00:00";"2001-05-16 22:00:00+00:00";"39";"08";"44";"2021";"NON";"NON";"08316";"";"";"";"2021-10-06";"5834";""
"08318";"1432";"CC";"CC";"2006-08-18 22:00:00+00:00";"2004-02-15 23:00:00+00:00";"13";"08";"44";"2021";"NON";"NON";"08318";"";"";"";"2021-10-06";"12006";""
"08322";"1199";"CC";"COM";"2015-07-28 22:00:00+00:00";"2012-02-05 23:00:00+00:00";"19";"08";"44";"2021";"NON";"NON";"08322";"";"";"";"2021-10-06";"135017";""
"08324";"1432";"CC";"CC";"2018-01-29 23:00:00+00:00";"2016-01-21 23:00:00+00:00";"13";"08";"44";"2021";"NON";"NON";"08324";"";"";"";"2021-10-06";"148080";""
"08327";"3199";"PLU";"COM";"2007-04-04 22:00:00+00:00";"2002-10-30 23:00:00+00:00";"39";"08";"44";"2021";"NON";"NON";"08327";"";"";"";"2021-10-06";"6158";""
"08328";"3199";"PLU";"COM";"2013-11-13 23:00:00+00:00";"2007-02-14 23:00:00+00:00";"39";"08";"44";"2021";"NON";"NON";"08328";"";"";"";"2021-10-06";"30624";""
"08329";"1432";"CC";"CC";"2021-04-11 22:00:00+00:00";"2015-12-27 23:00:00+00:00";"13";"08";"44";"2021";"NON";"NON";"08329";"";"";"";"2021-10-06";"27329";""
"08330";"3432";"PLU";"CC";"2012-02-12 23:00:00+00:00";"2009-02-24 23:00:00+00:00";"33";"08";"44";"2021";"NON";"NON";"08330";"";"";"";"2021-10-06";"41746";""
"08333";"1432";"CC";"CC";"2008-10-07 22:00:00+00:00";"2007-04-18 22:00:00+00:00";"13";"08";"44";"2021";"NON";"NON";"08333";"";"";"";"2021-10-06";"28187";""
"08339";"3432";"PLU";"CC";"2006-12-17 23:00:00+00:00";"2002-05-26 22:00:00+00:00";"33";"08";"44";"2021";"NON";"NON";"08339";"";"";"";"2021-10-06";"6178";""
"08340";"1432";"CC";"CC";"2014-10-15 22:00:00+00:00";"2013-05-14 22:00:00+00:00";"13";"08";"44";"2021";"NON";"NON";"08340";"";"";"";"2021-10-06";"125641";""
"08341";"3432";"PLU";"CC";"2008-02-12 23:00:00+00:00";"2004-12-08 23:00:00+00:00";"33";"08";"44";"2021";"NON";"NON";"08341";"";"";"";"2021-10-06";"6181";""
"08342";"3199";"PLU";"COM";"2015-10-22 22:00:00+00:00";"2010-06-21 22:00:00+00:00";"39";"08";"44";"2021";"NON";"NON";"08342";"";"";"";"2021-10-06";"41747";""
"08343";"3199";"PLU";"COM";"2005-06-01 22:00:00+00:00";"2001-10-18 22:00:00+00:00";"39";"08";"44";"2021";"NON";"NON";"08343";"";"";"";"2021-10-06";"6183";""
"08346";"3199";"PLU";"COM";"2020-01-26 23:00:00+00:00";"2015-09-20 22:00:00+00:00";"39";"08";"44";"2021";"NON";"NON";"08346";"";"";"";"2021-10-06";"138475";""
"08349";"1432";"CC";"CC";"2019-01-13 23:00:00+00:00";"2016-05-23 22:00:00+00:00";"13";"08";"44";"2021";"NON";"NON";"08349";"";"";"";"2021-10-06";"150883";""
"08350";"1432";"CC";"CC";"2018-08-21 22:00:00+00:00";"2015-09-24 22:00:00+00:00";"13";"08";"44";"2021";"NON";"NON";"08350";"";"";"";"2021-10-06";"148387";""
"08352";"1432";"CC";"CC";"2014-03-02 23:00:00+00:00";"2012-04-16 22:00:00+00:00";"13";"08";"44";"2021";"NON";"NON";"08352";"";"";"";"2021-10-06";"124484";""
"08353";"3199";"PLU";"COM";"2020-03-10 23:00:00+00:00";"2015-11-29 23:00:00+00:00";"39";"08";"44";"2021";"NON";"NON";"08353";"";"";"";"2021-10-06";"143297";""
"08354";"3432";"PLU";"CC";"2010-08-30 22:00:00+00:00";"2007-03-28 22:00:00+00:00";"33";"08";"44";"2021";"NON";"NON";"08354";"";"";"";"2021-10-06";"28056";""
"08355";"1432";"CC";"CC";"2007-05-20 22:00:00+00:00";"2003-07-17 22:00:00+00:00";"13";"08";"44";"2021";"NON";"NON";"08355";"";"";"";"2021-10-06";"12011";""
"08357";"3432";"PLU";"CC";"2012-01-26 23:00:00+00:00";"2006-06-21 22:00:00+00:00";"33";"08";"44";"2021";"NON";"NON";"08357";"";"";"";"2021-10-06";"18467";""
"08358";"1432";"CC";"CC";"2014-04-17 22:00:00+00:00";"2009-02-19 23:00:00+00:00";"13";"08";"44";"2021";"NON";"NON";"08358";"";"";"";"2021-10-06";"12012";""
"08361";"3131";"PLU";"COM";"2005-02-17 23:00:00+00:00";"2001-10-04 22:00:00+00:00";"33";"08";"44";"2021";"NON";"NON";"08361";"";"";"";"2021-10-06";"6215";""
"08362";"3432";"PLU";"CC";"2004-06-13 22:00:00+00:00";"1989-10-09 23:00:00+00:00";"33";"08";"44";"2021";"NON";"NON";"08362";"";"";"";"2021-10-06";"6221";""
"08365";"3199";"PLU";"COM";"2019-05-22 22:00:00+00:00";"2015-02-25 23:00:00+00:00";"39";"08";"44";"2021";"NON";"NON";"08365";"";"";"";"2021-10-06";"137769";""
"08366";"1432";"CC";"CC";"2005-01-16 23:00:00+00:00";"2002-05-29 22:00:00+00:00";"13";"08";"44";"2021";"NON";"NON";"08366";"";"";"";"2021-10-06";"12013";""
"08367";"3199";"PLU";"COM";"2009-02-18 23:00:00+00:00";"2004-09-22 22:00:00+00:00";"39";"08";"44";"2021";"NON";"NON";"08367";"";"";"";"2021-10-06";"135096";""
"08368";"3432";"PLU";"CC";"2013-01-30 23:00:00+00:00";"2010-10-26 22:00:00+00:00";"33";"08";"44";"2021";"NON";"NON";"08368";"";"";"";"2021-10-06";"42073";""
"08369";"1432";"CC";"CC";"2017-10-15 22:00:00+00:00";"2014-11-13 23:00:00+00:00";"13";"08";"44";"2021";"NON";"NON";"08369";"";"";"";"2021-10-06";"133736";""
"08370";"3432";"PLU";"CC";"2006-06-01 22:00:00+00:00";"1999-11-25 23:00:00+00:00";"33";"08";"44";"2021";"NON";"NON";"08370";"";"";"";"2021-10-06";"6252";""
"08373";"1432";"CC";"CC";"2007-12-12 23:00:00+00:00";"2005-11-24 23:00:00+00:00";"13";"08";"44";"2021";"NON";"NON";"08373";"";"";"";"2021-10-06";"8652";""
"08377";"1199";"CC";"COM";"2008-07-26 22:00:00+00:00";"2007-01-21 23:00:00+00:00";"19";"08";"44";"2021";"NON";"NON";"08377";"";"";"";"2021-10-06";"26179";""
"08380";"1432";"CC";"CC";"2008-04-18 22:00:00+00:00";"2004-03-24 23:00:00+00:00";"13";"08";"44";"2021";"NON";"NON";"08380";"";"";"";"2021-10-06";"17164";""
"08381";"3432";"PLU";"CC";"2012-11-06 23:00:00+00:00";"2010-10-26 22:00:00+00:00";"33";"08";"44";"2021";"NON";"NON";"08381";"";"";"";"2021-10-06";"63787";""
"08388";"1432";"CC";"CC";"2006-01-17 23:00:00+00:00";"2003-05-08 22:00:00+00:00";"13";"08";"44";"2021";"NON";"NON";"08388";"";"";"";"2021-10-06";"9143";""
"08391";"3199";"PLU";"COM";"2021-02-07 23:00:00+00:00";"2014-12-01 23:00:00+00:00";"39";"08";"44";"2021";"NON";"NON";"08391";"";"";"";"2021-10-06";"141494";""
"08392";"1432";"CC";"CC";"2008-01-14 23:00:00+00:00";"2006-01-29 23:00:00+00:00";"13";"08";"44";"2021";"NON";"NON";"08392";"";"";"";"2021-10-06";"12015";""
"08396";"1432";"CC";"CC";"2008-04-18 22:00:00+00:00";"2004-03-24 23:00:00+00:00";"13";"08";"44";"2021";"NON";"NON";"08396";"";"";"";"2021-10-06";"12235";""
"08397";"3432";"PLU";"CC";"2003-04-24 22:00:00+00:00";"1999-12-15 23:00:00+00:00";"33";"08";"44";"2021";"NON";"NON";"08397";"";"";"";"2021-10-06";"136758";""
"08401";"1432";"CC";"CC";"2004-07-19 22:00:00+00:00";"2002-11-14 23:00:00+00:00";"13";"08";"44";"2021";"NON";"NON";"08401";"";"";"";"2021-10-06";"12016";""
"08402";"3432";"PLU";"CC";"2015-07-29 22:00:00+00:00";"2006-12-13 23:00:00+00:00";"33";"08";"44";"2021";"NON";"NON";"08402";"";"";"";"2021-10-06";"23759";""
"08403";"3432";"PLU";"CC";"2005-08-01 22:00:00+00:00";"1989-10-09 23:00:00+00:00";"33";"08";"44";"2021";"NON";"NON";"08403";"";"";"";"2021-10-06";"6270";""
"08404";"1432";"CC";"CC";"2005-11-03 23:00:00+00:00";"2003-04-28 22:00:00+00:00";"13";"08";"44";"2021";"NON";"NON";"08404";"";"";"";"2021-10-06";"7259";""
"08406";"1432";"CC";"CC";"2018-08-21 22:00:00+00:00";"2014-10-09 22:00:00+00:00";"13";"08";"44";"2021";"NON";"NON";"08406";"";"";"";"2021-10-06";"133190";""
"08409";"3199";"PLU";"COM";"2013-05-20 22:00:00+00:00";"2008-07-03 22:00:00+00:00";"39";"08";"44";"2021";"NON";"NON";"08409";"";"";"";"2021-10-06";"41754";""
"08410";"1432";"CC";"CC";"2013-10-17 22:00:00+00:00";"2012-01-29 23:00:00+00:00";"13";"08";"44";"2021";"NON";"NON";"08410";"";"";"";"2021-10-06";"104634";""
"08413";"1432";"CC";"CC";"2008-04-18 22:00:00+00:00";"2003-09-22 22:00:00+00:00";"13";"08";"44";"2021";"NON";"NON";"08413";"";"";"";"2021-10-06";"12017";""
"08417";"1199";"CC";"COM";"2004-04-18 22:00:00+00:00";"2002-11-14 23:00:00+00:00";"19";"08";"44";"2021";"NON";"NON";"08417";"";"";"";"2021-10-06";"12020";""
"08418";"1432";"CC";"CC";"2008-04-18 22:00:00+00:00";"2004-03-24 23:00:00+00:00";"13";"08";"44";"2021";"NON";"NON";"08418";"";"";"";"2021-10-06";"17166";""
"08419";"3432";"PLU";"CC";"2006-03-07 23:00:00+00:00";"2002-02-03 23:00:00+00:00";"33";"08";"44";"2021";"NON";"NON";"08419";"";"";"";"2021-10-06";"5540";""
"08420";"3432";"PLU";"CC";"2010-11-03 23:00:00+00:00";"2008-01-20 23:00:00+00:00";"33";"08";"44";"2021";"NON";"NON";"08420";"";"";"";"2021-10-06";"34698";""
"08422";"1432";"CC";"CC";"2014-02-02 23:00:00+00:00";"2010-06-17 22:00:00+00:00";"13";"08";"44";"2021";"NON";"NON";"08422";"";"";"";"2021-10-06";"42076";""
"08426";"1432";"CC";"CC";"2008-04-18 22:00:00+00:00";"2003-09-22 22:00:00+00:00";"13";"08";"44";"2021";"NON";"NON";"08426";"";"";"";"2021-10-06";"12230";""
"08429";"1199";"CC";"COM";"2007-02-04 23:00:00+00:00";"2004-09-30 22:00:00+00:00";"19";"08";"44";"2021";"NON";"NON";"08429";"";"";"";"2021-10-06";"12231";""
"08432";"1199";"CC";"COM";"2010-11-09 23:00:00+00:00";"2009-02-26 23:00:00+00:00";"19";"08";"44";"2021";"NON";"NON";"08432";"";"";"";"2021-10-06";"40698";""
"08435";"3432";"PLU";"CC";"2013-06-18 22:00:00+00:00";"2006-02-12 23:00:00+00:00";"33";"08";"44";"2021";"NON";"NON";"08435";"";"";"";"2021-10-06";"11469";""
"08436";"1199";"CC";"COM";"2006-06-27 22:00:00+00:00";"2003-03-26 23:00:00+00:00";"19";"08";"44";"2021";"NON";"NON";"08436";"";"";"";"2021-10-06";"11688";""
"08439";"1432";"CC";"CC";"2008-11-03 23:00:00+00:00";"2005-05-26 22:00:00+00:00";"13";"08";"44";"2021";"NON";"NON";"08439";"";"";"";"2021-10-06";"7261";""
"08445";"1199";"CC";"COM";"2017-07-06 22:00:00+00:00";"2015-11-30 23:00:00+00:00";"19";"08";"44";"2021";"NON";"NON";"08445";"";"";"";"2021-10-06";"142774";""
"08448";"3199";"PLU";"COM";"2005-12-11 23:00:00+00:00";"2002-02-27 23:00:00+00:00";"39";"08";"44";"2021";"NON";"NON";"08448";"";"";"";"2021-10-06";"6280";""
"08449";"1432";"CC";"CC";"2007-05-20 22:00:00+00:00";"2003-08-07 22:00:00+00:00";"13";"08";"44";"2021";"NON";"NON";"08449";"";"";"";"2021-10-06";"12232";""
"08450";"1199";"CC";"COM";"2009-08-26 22:00:00+00:00";"2007-03-08 23:00:00+00:00";"19";"08";"44";"2021";"NON";"NON";"08450";"";"";"";"2021-10-06";"26909";""
"08451";"1432";"CC";"CC";"2004-12-13 23:00:00+00:00";"2002-09-24 22:00:00+00:00";"13";"08";"44";"2021";"NON";"NON";"08451";"";"";"";"2021-10-06";"8022";""
"08453";"1432";"CC";"CC";"2014-03-24 23:00:00+00:00";"2012-01-20 23:00:00+00:00";"13";"08";"44";"2021";"NON";"NON";"08453";"";"";"";"2021-10-06";"103795";""
"08456";"3131";"PLU";"COM";"2006-01-19 23:00:00+00:00";"1999-10-07 22:00:00+00:00";"33";"08";"44";"2021";"NON";"NON";"08456";"";"";"";"2021-10-06";"10641";""
"08457";"3199";"PLU";"COM";"2013-06-19 22:00:00+00:00";"2003-03-30 22:00:00+00:00";"39";"08";"44";"2021";"NON";"NON";"08457";"";"";"";"2021-10-06";"6290";""
"08459";"1432";"CC";"CC";"2014-07-24 22:00:00+00:00";"2009-12-08 23:00:00+00:00";"13";"08";"44";"2021";"NON";"NON";"08459";"";"";"";"2021-10-06";"67298";""
"08461";"1432";"CC";"CC";"2008-09-23 22:00:00+00:00";"2004-09-22 22:00:00+00:00";"13";"08";"44";"2021";"NON";"NON";"08461";"";"";"";"2021-10-06";"12236";""
"08467";"1432";"CC";"CC";"2010-04-07 22:00:00+00:00";"2006-10-25 22:00:00+00:00";"13";"08";"44";"2021";"NON";"NON";"08467";"";"";"";"2021-10-06";"22495";""
"08468";"1432";"CC";"CC";"2004-04-05 22:00:00+00:00";"2002-03-27 23:00:00+00:00";"13";"08";"44";"2021";"NON";"NON";"08468";"";"";"";"2021-10-06";"12233";""
"08469";"1432";"CC";"CC";"2010-06-24 22:00:00+00:00";"2008-05-28 22:00:00+00:00";"13";"08";"44";"2021";"NON";"NON";"08469";"";"";"";"2021-10-06";"35384";""
"08472";"1432";"CC";"CC";"2006-12-06 23:00:00+00:00";"2005-02-28 23:00:00+00:00";"13";"08";"44";"2021";"NON";"NON";"08472";"";"";"";"2021-10-06";"12229";""
"08473";"1432";"CC";"CC";"2007-10-01 22:00:00+00:00";"2002-09-24 22:00:00+00:00";"13";"08";"44";"2021";"NON";"NON";"08473";"";"";"";"2021-10-06";"12234";""
"08476";"1432";"CC";"CC";"2006-02-14 23:00:00+00:00";"2002-09-24 22:00:00+00:00";"13";"08";"44";"2021";"NON";"NON";"08476";"";"";"";"2021-10-06";"8023";""
"08478";"1432";"CC";"CC";"2010-07-12 22:00:00+00:00";"2008-06-19 22:00:00+00:00";"13";"08";"44";"2021";"NON";"NON";"08478";"";"";"";"2021-10-06";"35887";""
"08479";"3432";"PLU";"CC";"2006-10-17 22:00:00+00:00";"2004-07-05 22:00:00+00:00";"33";"08";"44";"2021";"NON";"NON";"08479";"";"";"";"2021-10-06";"6293";""
"08480";"3131";"PLU";"COM";"2009-02-03 23:00:00+00:00";"2004-09-09 22:00:00+00:00";"33";"08";"44";"2021";"NON";"NON";"08480";"";"";"";"2021-10-06";"6299";""
"08481";"3199";"PLU";"COM";"2009-04-16 22:00:00+00:00";"2004-07-04 22:00:00+00:00";"39";"08";"44";"2021";"NON";"NON";"08481";"";"";"";"2021-10-06";"6301";""
"08483";"3199";"PLU";"COM";"2012-10-15 22:00:00+00:00";"2009-06-01 22:00:00+00:00";"39";"08";"44";"2021";"NON";"NON";"08483";"";"";"";"2021-10-06";"41700";""
"08486";"3199";"PLU";"COM";"2007-09-18 22:00:00+00:00";"2003-03-30 22:00:00+00:00";"39";"08";"44";"2021";"NON";"NON";"08486";"";"";"";"2021-10-06";"23770";""
"08487";"3199";"PLU";"COM";"2004-01-21 23:00:00+00:00";"2000-06-12 22:00:00+00:00";"39";"08";"44";"2021";"NON";"NON";"08487";"";"";"";"2021-10-06";"6316";""
"08488";"3131";"PLU";"COM";"2008-03-02 23:00:00+00:00";"2005-07-05 22:00:00+00:00";"33";"08";"44";"2021";"NON";"NON";"08488";"";"";"";"2021-10-06";"6323";""
"08489";"1432";"CC";"CC";"2006-05-31 22:00:00+00:00";"2004-03-25 23:00:00+00:00";"13";"08";"44";"2021";"NON";"NON";"08489";"";"";"";"2021-10-06";"11368";""
"08490";"3432";"PLU";"CC";"2020-12-16 23:00:00+00:00";"2015-12-07 23:00:00+00:00";"33";"08";"44";"2021";"NON";"NON";"08490";"";"";"";"2021-10-06";"148031";""
"08491";"3199";"PLU";"COM";"2018-02-19 23:00:00+00:00";"2009-10-29 23:00:00+00:00";"39";"08";"44";"2021";"NON";"NON";"08491";"";"";"";"2021-10-06";"5046";""
"08492";"3199";"PLU";"COM";"2019-01-07 23:00:00+00:00";"2015-03-19 23:00:00+00:00";"39";"08";"44";"2021";"NON";"NON";"08492";"";"";"";"2021-10-06";"138708";""
"08494";"3199";"PLU";"COM";"2017-12-14 23:00:00+00:00";"2014-12-04 23:00:00+00:00";"39";"08";"44";"2021";"NON";"NON";"08494";"";"";"";"2021-10-06";"134391";""
"08497";"3199";"PLU";"COM";"2016-03-10 23:00:00+00:00";"2007-09-13 22:00:00+00:00";"39";"08";"44";"2021";"NON";"NON";"08497";"";"";"";"2021-10-06";"33780";""
"08501";"3432";"PLU";"CC";"2012-01-26 23:00:00+00:00";"2010-03-11 23:00:00+00:00";"33";"08";"44";"2021";"NON";"NON";"08501";"";"";"";"2021-10-06";"46007";""
"08502";"1432";"CC";"CC";"2007-08-28 22:00:00+00:00";"2005-11-23 23:00:00+00:00";"13";"08";"44";"2021";"NON";"NON";"08502";"";"";"";"2021-10-06";"9236";""
"09002";"3432";"PLU";"CC";"2013-04-09 22:00:00+00:00";"2005-01-23 23:00:00+00:00";"33";"09";"76";"2021";"NON";"NON";"200044469";"";"";"";"2021-10-06";"50147";""
"09004";"1432";"CC";"CC";"2005-07-21 22:00:00+00:00";"2003-06-12 22:00:00+00:00";"13";"09";"76";"2021";"NON";"NON";"09004";"";"";"";"2021-10-06";"67563";""
"09007";"3199";"PLU";"COM";"2020-10-29 23:00:00+00:00";"2017-10-03 22:00:00+00:00";"39";"09";"76";"2021";"NON";"NON";"09007";"";"";"";"2021-10-06";"157642";""
"09009";"3199";"PLU";"COM";"2009-09-22 22:00:00+00:00";"2005-03-31 22:00:00+00:00";"39";"09";"76";"2021";"NON";"NON";"09009";"";"";"";"2021-10-06";"50863";""
"09013";"3499";"PLU";"CA";"2009-03-15 23:00:00+00:00";"2006-01-22 23:00:00+00:00";"39";"09";"76";"2021";"NON";"NON";"200067791";"";"";"";"2021-10-06";"50864";""
"09015";"3432";"PLU";"CC";"2018-06-10 22:00:00+00:00";"2009-03-23 23:00:00+00:00";"33";"09";"76";"2021";"NON";"NON";"240900431";"";"";"";"2021-10-06";"65137";""
"09016";"3432";"PLU";"CC";"2021-09-21 22:00:00+00:00";"2015-12-03 23:00:00+00:00";"33";"09";"76";"2021";"NON";"NON";"240900431";"";"";"";"2021-10-06";"144458";""
"09017";"1199";"CC";"COM";"2006-02-16 23:00:00+00:00";"2003-07-17 22:00:00+00:00";"19";"09";"76";"2021";"NON";"NON";"09017";"";"";"";"2021-10-06";"14751";""
"09020";"3432";"PLU";"CC";"2012-10-04 22:00:00+00:00";"2006-01-20 23:00:00+00:00";"33";"09";"76";"2021";"NON";"NON";"09020";"";"";"";"2021-10-06";"49170";""
"09022";"1199";"CC";"COM";"2010-12-09 23:00:00+00:00";"2009-03-23 23:00:00+00:00";"19";"09";"76";"2021";"NON";"NON";"09022";"";"";"";"2021-10-06";"68847";""
"09023";"3432";"PLU";"CC";"2011-01-10 23:00:00+00:00";"2005-05-22 22:00:00+00:00";"33";"09";"76";"2021";"NON";"NON";"09023";"";"";"";"2021-10-06";"61265";""
"09029";"3199";"PLU";"COM";"2004-05-13 22:00:00+00:00";"2001-06-27 22:00:00+00:00";"39";"09";"76";"2021";"NON";"NON";"09029";"";"";"";"2021-10-06";"50862";""
"09032";"3432";"PLU";"CC";"2012-02-28 23:00:00+00:00";"2007-10-09 22:00:00+00:00";"33";"09";"76";"2021";"NON";"NON";"09032";"";"";"";"2021-10-06";"63730";""
"09035";"3199";"PLU";"COM";"2015-05-27 22:00:00+00:00";"2009-06-04 22:00:00+00:00";"39";"09";"76";"2021";"NON";"NON";"09035";"";"";"";"2021-10-06";"50148";""
"09038";"3332";"PLUi/PLUiS";"CC";"2015-05-11 22:00:00+00:00";"2010-04-11 22:00:00+00:00";"33";"09";"76";"2021";"OUI";"NON";"200066223";"";"";"";"2021-10-06";"98021";""
"09040";"3199";"PLU";"COM";"2011-09-25 22:00:00+00:00";"2006-04-13 22:00:00+00:00";"39";"09";"76";"2021";"NON";"NON";"09040";"";"";"";"2021-10-06";"50430";""
"09041";"3199";"PLU";"COM";"2009-11-12 23:00:00+00:00";"2005-09-29 22:00:00+00:00";"39";"09";"76";"2021";"NON";"NON";"09041";"";"";"";"2021-10-06";"50859";""
"09042";"3199";"PLU";"COM";"2008-10-15 22:00:00+00:00";"2002-03-07 23:00:00+00:00";"39";"09";"76";"2021";"NON";"NON";"09042";"";"";"";"2021-10-06";"50866";""
"09043";"3432";"PLU";"CC";"2007-04-18 22:00:00+00:00";"2004-11-08 23:00:00+00:00";"33";"09";"76";"2021";"NON";"NON";"200044469";"";"";"";"2021-10-06";"50867";""
"09048";"3432";"PLU";"CC";"2009-07-11 22:00:00+00:00";"2005-12-03 23:00:00+00:00";"33";"09";"76";"2021";"NON";"NON";"200044469";"";"";"";"2021-10-06";"57176";""
"09049";"3499";"PLU";"CA";"2020-03-11 23:00:00+00:00";"2016-03-02 23:00:00+00:00";"39";"09";"76";"2021";"NON";"NON";"200067791";"";"";"";"2021-10-06";"147685";""
"09050";"3199";"PLU";"COM";"2010-06-02 22:00:00+00:00";"2005-07-11 22:00:00+00:00";"39";"09";"76";"2021";"NON";"NON";"09050";"";"";"";"2021-10-06";"50861";""
"09052";"1432";"CC";"CC";"2011-05-11 22:00:00+00:00";"2007-09-11 22:00:00+00:00";"13";"09";"76";"2021";"NON";"NON";"200044469";"";"";"";"2021-10-06";"68848";""
"09056";"3131";"PLU";"COM";"2006-06-13 22:00:00+00:00";"2004-12-19 23:00:00+00:00";"33";"09";"76";"2021";"NON";"NON";"09056";"";"";"";"2021-10-06";"50869";""
"09061";"3332";"PLUi/PLUiS";"CC";"2015-05-11 22:00:00+00:00";"2010-04-11 22:00:00+00:00";"33";"09";"76";"2021";"OUI";"NON";"200066223";"";"";"";"2021-10-06";"98021";""
"09066";"3499";"PLU";"CA";"2009-11-08 23:00:00+00:00";"2004-03-26 23:00:00+00:00";"39";"09";"76";"2021";"NON";"NON";"200067791";"";"";"";"2021-10-06";"50871";""
"09071";"3199";"PLU";"COM";"2010-10-14 22:00:00+00:00";"2005-12-09 23:00:00+00:00";"39";"09";"76";"2021";"NON";"NON";"09071";"";"";"";"2021-10-06";"33168";""
"09073";"3332";"PLUi/PLUiS";"CC";"2015-05-11 22:00:00+00:00";"2010-04-11 22:00:00+00:00";"33";"09";"76";"2021";"OUI";"NON";"200066223";"";"";"";"2021-10-06";"98021";""
"09074";"3432";"PLU";"CC";"2008-01-31 23:00:00+00:00";"2005-03-17 23:00:00+00:00";"33";"09";"76";"2021";"NON";"NON";"200044469";"";"";"";"2021-10-06";"50875";""
"09075";"3332";"PLUi/PLUiS";"CC";"2015-05-11 22:00:00+00:00";"2010-04-11 22:00:00+00:00";"33";"09";"76";"2021";"OUI";"NON";"200066223";"";"";"";"2021-10-06";"98021";""
"09078";"3432";"PLU";"CC";"2013-01-03 23:00:00+00:00";"2005-12-16 23:00:00+00:00";"33";"09";"76";"2021";"NON";"NON";"09078";"";"";"";"2021-10-06";"49174";""
"09079";"3432";"PLU";"CC";"2008-06-26 22:00:00+00:00";"2003-12-10 23:00:00+00:00";"33";"09";"76";"2021";"NON";"NON";"200066223";"";"";"";"2021-10-06";"50893";""
"09084";"3332";"PLUi/PLUiS";"CC";"2015-05-11 22:00:00+00:00";"2010-04-11 22:00:00+00:00";"33";"09";"76";"2021";"OUI";"NON";"200066223";"";"";"";"2021-10-06";"98021";""
"09086";"3199";"PLU";"COM";"2010-11-17 23:00:00+00:00";"2006-02-12 23:00:00+00:00";"39";"09";"76";"2021";"NON";"NON";"09086";"";"";"";"2021-10-06";"50874";""
"09091";"1199";"CC";"COM";"2019-12-23 23:00:00+00:00";"2015-04-12 22:00:00+00:00";"19";"09";"76";"2021";"NON";"NON";"09091";"";"";"";"2021-10-06";"138653";""
"09095";"1199";"CC";"COM";"2013-03-21 23:00:00+00:00";"2011-06-30 22:00:00+00:00";"19";"09";"76";"2021";"NON";"NON";"09095";"";"";"";"2021-10-06";"93163";""
"09101";"3434";"PLU";"CA";"2010-08-31 22:00:00+00:00";"2005-11-13 23:00:00+00:00";"33";"09";"76";"2021";"NON";"NON";"09101";"";"";"";"2021-10-06";"50876";""
"09103";"3499";"PLU";"CA";"2019-09-08 22:00:00+00:00";"2016-01-31 23:00:00+00:00";"39";"09";"76";"2021";"NON";"NON";"09103";"";"";"";"2021-10-06";"147686";""
"09104";"3499";"PLU";"CA";"2012-12-09 23:00:00+00:00";"2007-06-11 22:00:00+00:00";"39";"09";"76";"2021";"NON";"NON";"09104";"";"";"";"2021-10-06";"61276";""
"09105";"3332";"PLUi/PLUiS";"CC";"2015-05-11 22:00:00+00:00";"2010-04-11 22:00:00+00:00";"33";"09";"76";"2021";"OUI";"NON";"200066223";"";"";"";"2021-10-06";"98021";""
"09106";"3432";"PLU";"CC";"2008-06-24 22:00:00+00:00";"2005-05-01 22:00:00+00:00";"33";"09";"76";"2021";"NON";"NON";"240900464";"";"";"";"2021-10-06";"50881";""
"09108";"3199";"PLU";"COM";"2009-08-19 22:00:00+00:00";"2005-12-01 23:00:00+00:00";"39";"09";"76";"2021";"NON";"NON";"09108";"";"";"";"2021-10-06";"50885";""
"09109";"1432";"CC";"CC";"2020-12-01 23:00:00+00:00";"2018-04-04 22:00:00+00:00";"13";"09";"76";"2021";"NON";"NON";"200066223";"";"";"";"2021-10-06";"166849";""
"09115";"3432";"PLU";"CC";"2011-11-17 23:00:00+00:00";"2005-01-09 23:00:00+00:00";"33";"09";"76";"2021";"NON";"NON";"200044469";"";"";"";"2021-10-06";"50434";""
"09116";"3199";"PLU";"COM";"2018-04-15 22:00:00+00:00";"2014-10-12 22:00:00+00:00";"39";"09";"76";"2021";"NON";"NON";"09116";"";"";"";"2021-10-06";"134930";""
"09118";"3199";"PLU";"COM";"2010-03-11 23:00:00+00:00";"2005-04-08 22:00:00+00:00";"39";"09";"76";"2021";"NON";"NON";"09118";"";"";"";"2021-10-06";"33180";""
"09121";"3499";"PLU";"CA";"2017-06-15 22:00:00+00:00";"2014-06-04 22:00:00+00:00";"39";"09";"76";"2021";"NON";"NON";"200067791";"";"";"";"2021-10-06";"130739";""
"09122";"3134";"PLU";"COM";"2003-12-16 23:00:00+00:00";"2003-12-16 23:00:00+00:00";"33";"09";"76";"2021";"NON";"NON";"200067791";"";"";"";"2021-10-06";"57706";""
"09123";"3332";"PLUi/PLUiS";"CC";"2015-05-11 22:00:00+00:00";"2010-04-11 22:00:00+00:00";"33";"09";"76";"2021";"OUI";"NON";"200066223";"";"";"";"2021-10-06";"98021";""
"09124";"3432";"PLU";"CC";"2013-06-23 22:00:00+00:00";"2007-04-22 22:00:00+00:00";"33";"09";"76";"2021";"NON";"NON";"200066223";"";"";"";"2021-10-06";"61280";""
"09127";"3332";"PLUi/PLUiS";"CC";"2015-05-11 22:00:00+00:00";"2010-04-11 22:00:00+00:00";"33";"09";"76";"2021";"OUI";"NON";"200066223";"";"";"";"2021-10-06";"98021";""
"09129";"3199";"PLU";"COM";"2008-06-27 22:00:00+00:00";"2006-03-02 23:00:00+00:00";"39";"09";"76";"2021";"NON";"NON";"09129";"";"";"";"2021-10-06";"50886";""
"09130";"3499";"PLU";"CA";"2013-06-26 22:00:00+00:00";"2005-01-27 23:00:00+00:00";"39";"09";"76";"2021";"NON";"NON";"200067791";"";"";"";"2021-10-06";"50436";""
"09132";"3199";"PLU";"COM";"2011-11-23 23:00:00+00:00";"2005-10-23 22:00:00+00:00";"39";"09";"76";"2021";"NON";"NON";"09132";"";"";"";"2021-10-06";"49177";""
"09136";"3432";"PLU";"CC";"2021-04-20 22:00:00+00:00";"2015-09-10 22:00:00+00:00";"33";"09";"76";"2021";"NON";"NON";"240900431";"";"";"";"2021-10-06";"141151";""
"09137";"3434";"PLU";"CA";"2008-09-04 22:00:00+00:00";"2005-07-10 22:00:00+00:00";"33";"09";"76";"2021";"NON";"NON";"09137";"";"";"";"2021-10-06";"50889";""
"09140";"3432";"PLU";"CC";"2010-07-22 22:00:00+00:00";"2005-12-19 23:00:00+00:00";"33";"09";"76";"2021";"NON";"NON";"09140";"";"";"";"2021-10-06";"50776";""
"09147";"3199";"PLU";"COM";"2012-06-27 22:00:00+00:00";"2008-11-28 23:00:00+00:00";"39";"09";"76";"2021";"NON";"NON";"09147";"";"";"";"2021-10-06";"50437";""
"09148";"3199";"PLU";"COM";"2008-02-15 23:00:00+00:00";"2005-07-18 22:00:00+00:00";"39";"09";"76";"2021";"NON";"NON";"09148";"";"";"";"2021-10-06";"50891";""
"09150";"3432";"PLU";"CC";"2009-10-07 22:00:00+00:00";"2006-05-16 22:00:00+00:00";"33";"09";"76";"2021";"NON";"NON";"200044469";"";"";"";"2021-10-06";"56731";""
"09154";"3199";"PLU";"COM";"2010-10-13 22:00:00+00:00";"2005-04-28 22:00:00+00:00";"39";"09";"76";"2021";"NON";"NON";"09154";"";"";"";"2021-10-06";"50896";""
"09159";"3432";"PLU";"CC";"2009-07-03 22:00:00+00:00";"2005-07-22 22:00:00+00:00";"33";"09";"76";"2021";"NON";"NON";"09159";"";"";"";"2021-10-06";"50899";""
"09164";"3199";"PLU";"COM";"2012-10-07 22:00:00+00:00";"2007-02-04 23:00:00+00:00";"39";"09";"76";"2021";"NON";"NON";"09164";"";"";"";"2021-10-06";"33181";""
"09167";"3432";"PLU";"CC";"2011-09-11 22:00:00+00:00";"2002-10-20 22:00:00+00:00";"33";"09";"76";"2021";"NON";"NON";"200066223";"";"";"";"2021-10-06";"61284";""
"09168";"1432";"CC";"CC";"2014-06-02 22:00:00+00:00";"2011-11-17 23:00:00+00:00";"13";"09";"76";"2021";"NON";"NON";"240900464";"";"";"";"2021-10-06";"94290";""
"09172";"3332";"PLUi/PLUiS";"CC";"2015-05-11 22:00:00+00:00";"2010-04-11 22:00:00+00:00";"33";"09";"76";"2021";"OUI";"NON";"200066223";"";"";"";"2021-10-06";"98021";""
"09173";"3499";"PLU";"CA";"2017-05-10 22:00:00+00:00";"2014-06-24 22:00:00+00:00";"39";"09";"76";"2021";"NON";"NON";"09173";"";"";"";"2021-10-06";"131097";""
"09174";"3499";"PLU";"CA";"2019-12-03 23:00:00+00:00";"2015-09-08 22:00:00+00:00";"39";"09";"76";"2021";"NON";"NON";"200067791";"";"";"";"2021-10-06";"141149";""
"09175";"3199";"PLU";"COM";"2008-05-07 22:00:00+00:00";"2006-03-31 22:00:00+00:00";"39";"09";"76";"2021";"NON";"NON";"09175";"";"";"";"2021-10-06";"50898";""
"09177";"3131";"PLU";"COM";"2008-05-21 22:00:00+00:00";"2005-02-01 23:00:00+00:00";"33";"09";"76";"2021";"NON";"NON";"09177";"";"";"";"2021-10-06";"50900";""
"09180";"3432";"PLU";"CC";"2009-02-05 23:00:00+00:00";"2005-01-19 23:00:00+00:00";"33";"09";"76";"2021";"NON";"NON";"200044469";"";"";"";"2021-10-06";"50901";""
"09181";"3332";"PLUi/PLUiS";"CC";"2015-05-11 22:00:00+00:00";"2010-04-11 22:00:00+00:00";"33";"09";"76";"2021";"OUI";"NON";"200066223";"";"";"";"2021-10-06";"98021";""
"09182";"3199";"PLU";"COM";"2010-03-11 23:00:00+00:00";"2009-06-05 22:00:00+00:00";"39";"09";"76";"2021";"NON";"NON";"09182";"";"";"";"2021-10-06";"50902";""
"09185";"3131";"PLU";"COM";"2001-12-18 23:00:00+00:00";"2001-12-18 23:00:00+00:00";"33";"09";"76";"2021";"NON";"NON";"09185";"";"";"";"2021-10-06";"55860";""
"09186";"3332";"PLUi/PLUiS";"CC";"2015-05-11 22:00:00+00:00";"2010-04-11 22:00:00+00:00";"33";"09";"76";"2021";"OUI";"NON";"200066223";"";"";"";"2021-10-06";"98021";""
"09187";"3199";"PLU";"COM";"2020-06-04 22:00:00+00:00";"2006-11-01 23:00:00+00:00";"39";"09";"76";"2021";"NON";"NON";"09187";"";"";"";"2021-10-06";"65049";""
"09188";"3432";"PLU";"CC";"2005-10-19 22:00:00+00:00";"2001-06-14 22:00:00+00:00";"33";"09";"76";"2021";"NON";"NON";"240900431";"";"";"";"2021-10-06";"50903";""
"09189";"3432";"PLU";"CC";"2011-06-30 22:00:00+00:00";"2005-06-30 22:00:00+00:00";"33";"09";"76";"2021";"NON";"NON";"09189";"";"";"";"2021-10-06";"49182";""
"09199";"3199";"PLU";"COM";"2020-12-15 23:00:00+00:00";"2012-01-19 23:00:00+00:00";"39";"09";"76";"2021";"NON";"NON";"09199";"";"";"";"2021-10-06";"116299";""
"09200";"3432";"PLU";"CC";"2009-01-13 23:00:00+00:00";"2001-07-26 22:00:00+00:00";"33";"09";"76";"2021";"NON";"NON";"200044469";"";"";"";"2021-10-06";"57177";""
"09202";"3499";"PLU";"CA";"2014-09-21 22:00:00+00:00";"2010-02-11 23:00:00+00:00";"39";"09";"76";"2021";"NON";"NON";"09202";"";"";"";"2021-10-06";"64357";""
"09203";"3199";"PLU";"COM";"2011-01-20 23:00:00+00:00";"2005-12-15 23:00:00+00:00";"39";"09";"76";"2021";"NON";"NON";"09203";"";"";"";"2021-10-06";"33182";""
"09205";"3332";"PLUi/PLUiS";"CC";"2015-05-11 22:00:00+00:00";"2010-04-11 22:00:00+00:00";"33";"09";"76";"2021";"OUI";"NON";"200066223";"";"";"";"2021-10-06";"98021";""
"09207";"3434";"PLU";"CA";"2006-10-11 22:00:00+00:00";"2002-05-14 22:00:00+00:00";"33";"09";"76";"2021";"NON";"NON";"200067791";"";"";"";"2021-10-06";"50905";""
"09209";"3199";"PLU";"COM";"2009-09-18 22:00:00+00:00";"2005-05-26 22:00:00+00:00";"39";"09";"76";"2021";"NON";"NON";"09209";"";"";"";"2021-10-06";"50894";""
"09210";"3434";"PLU";"CA";"2005-06-15 22:00:00+00:00";"2001-12-18 23:00:00+00:00";"33";"09";"76";"2021";"NON";"NON";"200067791";"";"";"";"2021-10-06";"50907";""
"09212";"3199";"PLU";"COM";"2009-05-15 22:00:00+00:00";"2005-09-30 22:00:00+00:00";"39";"09";"76";"2021";"NON";"NON";"09212";"";"";"";"2021-10-06";"57178";""
"09216";"3199";"PLU";"COM";"2009-05-27 22:00:00+00:00";"2006-03-29 22:00:00+00:00";"39";"09";"76";"2021";"NON";"NON";"09216";"";"";"";"2021-10-06";"57179";""
"09220";"3432";"PLU";"CC";"2016-12-28 23:00:00+00:00";"2012-08-29 22:00:00+00:00";"33";"09";"76";"2021";"NON";"NON";"09220";"";"";"";"2021-10-06";"116307";""
"09221";"3432";"PLU";"CC";"2008-02-14 23:00:00+00:00";"2004-08-11 22:00:00+00:00";"33";"09";"76";"2021";"NON";"NON";"240900431";"";"";"";"2021-10-06";"50911";""
"09223";"3199";"PLU";"COM";"2010-05-27 22:00:00+00:00";"2005-12-08 23:00:00+00:00";"39";"09";"76";"2021";"NON";"NON";"09223";"";"";"";"2021-10-06";"50895";""
"09224";"1432";"CC";"CC";"2005-06-07 22:00:00+00:00";"2001-06-02 22:00:00+00:00";"13";"09";"76";"2021";"NON";"NON";"200066223";"";"";"";"2021-10-06";"67568";""
"09225";"3131";"PLU";"COM";"2002-03-21 23:00:00+00:00";"1996-06-26 22:00:00+00:00";"33";"09";"76";"2021";"NON";"NON";"09225";"";"";"";"2021-10-06";"10424";""
"09228";"1432";"CC";"CC";"2004-09-14 22:00:00+00:00";"2001-10-11 22:00:00+00:00";"13";"09";"76";"2021";"NON";"NON";"09228";"";"";"";"2021-10-06";"67569";""
"09235";"3199";"PLU";"COM";"2007-05-15 22:00:00+00:00";"2004-06-17 22:00:00+00:00";"39";"09";"76";"2021";"NON";"NON";"09235";"";"";"";"2021-10-06";"50913";""
"09236";"3499";"PLU";"CA";"2019-09-18 22:00:00+00:00";"2015-09-14 22:00:00+00:00";"39";"09";"76";"2021";"NON";"NON";"200067791";"";"";"";"2021-10-06";"141621";""
"09237";"3432";"PLU";"CC";"2012-04-04 22:00:00+00:00";"2005-12-02 23:00:00+00:00";"33";"09";"76";"2021";"NON";"NON";"09237";"";"";"";"2021-10-06";"50476";""
"09238";"3199";"PLU";"COM";"2007-07-30 22:00:00+00:00";"2006-05-23 22:00:00+00:00";"39";"09";"76";"2021";"NON";"NON";"09238";"";"";"";"2021-10-06";"50914";""
"09239";"3432";"PLU";"CC";"2012-04-01 22:00:00+00:00";"2006-01-21 23:00:00+00:00";"33";"09";"76";"2021";"NON";"NON";"09239";"";"";"";"2021-10-06";"49186";""
"09241";"3432";"PLU";"CC";"2010-11-04 23:00:00+00:00";"2006-12-26 23:00:00+00:00";"33";"09";"76";"2021";"NON";"NON";"240900431";"";"";"";"2021-10-06";"50916";""
"09243";"3432";"PLU";"CC";"2009-07-07 22:00:00+00:00";"2006-11-02 23:00:00+00:00";"33";"09";"76";"2021";"NON";"NON";"200044469";"";"";"";"2021-10-06";"50927";""
"09245";"3499";"PLU";"CA";"2018-01-17 23:00:00+00:00";"2014-03-29 23:00:00+00:00";"39";"09";"76";"2021";"NON";"NON";"09245";"";"";"";"2021-10-06";"157217";""
"09246";"3199";"PLU";"COM";"2014-06-11 22:00:00+00:00";"2005-04-14 22:00:00+00:00";"39";"09";"76";"2021";"NON";"NON";"09246";"";"";"";"2021-10-06";"61293";""
"09249";"1432";"CC";"CC";"2017-11-17 23:00:00+00:00";"2008-09-19 22:00:00+00:00";"13";"09";"76";"2021";"NON";"NON";"240900464";"";"";"";"2021-10-06";"66677";""
"09251";"3432";"PLU";"CC";"2008-07-30 22:00:00+00:00";"2005-11-24 23:00:00+00:00";"33";"09";"76";"2021";"NON";"NON";"200044469";"";"";"";"2021-10-06";"50929";""
"09253";"3332";"PLUi/PLUiS";"CC";"2015-05-11 22:00:00+00:00";"2010-04-11 22:00:00+00:00";"33";"09";"76";"2021";"OUI";"NON";"200066223";"";"";"";"2021-10-06";"98021";""
"09254";"1131";"CC";"COM";"2006-06-01 22:00:00+00:00";"2004-01-21 23:00:00+00:00";"13";"09";"76";"2021";"NON";"NON";"09254";"";"";"";"2021-10-06";"14755";""
"09258";"3499";"PLU";"CA";"2021-02-28 23:00:00+00:00";"2015-02-01 23:00:00+00:00";"39";"09";"76";"2021";"NON";"NON";"09258";"";"";"";"2021-10-06";"137275";""
"09264";"3499";"PLU";"CA";"2020-03-08 23:00:00+00:00";"2015-05-31 22:00:00+00:00";"39";"09";"76";"2021";"NON";"NON";"200067791";"";"";"";"2021-10-06";"139622";""
"09265";"3131";"PLU";"COM";"2005-06-30 22:00:00+00:00";"2001-02-28 23:00:00+00:00";"33";"09";"76";"2021";"NON";"NON";"09265";"";"";"";"2021-10-06";"50917";""
"09266";"3432";"PLU";"CC";"2009-01-15 23:00:00+00:00";"2005-11-09 23:00:00+00:00";"33";"09";"76";"2021";"NON";"NON";"200044469";"";"";"";"2021-10-06";"57180";""
"09268";"3199";"PLU";"COM";"2007-10-17 22:00:00+00:00";"2001-07-10 22:00:00+00:00";"39";"09";"76";"2021";"NON";"NON";"09268";"";"";"";"2021-10-06";"50920";""
"09272";"3499";"PLU";"CA";"2021-02-15 23:00:00+00:00";"2016-06-13 22:00:00+00:00";"39";"09";"76";"2021";"NON";"NON";"200067791";"";"";"";"2021-10-06";"141622";""
"09273";"3499";"PLU";"CA";"2012-02-26 23:00:00+00:00";"2005-06-27 22:00:00+00:00";"39";"09";"76";"2021";"NON";"NON";"200067791";"";"";"";"2021-10-06";"61290";""
"09274";"3432";"PLU";"CC";"2008-06-26 22:00:00+00:00";"2006-01-11 23:00:00+00:00";"33";"09";"76";"2021";"NON";"NON";"200044469";"";"";"";"2021-10-06";"50921";""
"09275";"3199";"PLU";"COM";"2018-09-02 22:00:00+00:00";"2009-05-04 22:00:00+00:00";"39";"09";"76";"2021";"NON";"NON";"09275";"";"";"";"2021-10-06";"50153";""
"09276";"1199";"CC";"COM";"2014-05-19 22:00:00+00:00";"2010-06-02 22:00:00+00:00";"19";"09";"76";"2021";"NON";"NON";"09276";"";"";"";"2021-10-06";"65609";""
"09280";"3432";"PLU";"CC";"2008-10-30 23:00:00+00:00";"2005-01-13 23:00:00+00:00";"33";"09";"76";"2021";"NON";"NON";"240900431";"";"";"";"2021-10-06";"50924";""
"09282";"3131";"PLU";"COM";"2008-06-29 22:00:00+00:00";"2001-09-16 22:00:00+00:00";"33";"09";"76";"2021";"NON";"NON";"09282";"";"";"";"2021-10-06";"50919";""
"09283";"3432";"PLU";"CC";"2018-06-17 22:00:00+00:00";"2014-10-23 22:00:00+00:00";"33";"09";"76";"2021";"NON";"NON";"09283";"";"";"";"2021-10-06";"133249";""
"09284";"1434";"CC";"CA";"2005-02-17 23:00:00+00:00";"2003-06-15 22:00:00+00:00";"13";"09";"76";"2021";"NON";"NON";"09284";"";"";"";"2021-10-06";"67571";""
"09289";"3199";"PLU";"COM";"2019-03-24 23:00:00+00:00";"2008-10-09 22:00:00+00:00";"39";"09";"76";"2021";"NON";"NON";"09289";"";"";"";"2021-10-06";"64362";""
"09292";"3199";"PLU";"COM";"2012-03-09 23:00:00+00:00";"2005-05-03 22:00:00+00:00";"39";"09";"76";"2021";"NON";"NON";"09292";"";"";"";"2021-10-06";"61291";""
"09294";"1432";"CC";"CC";"2013-03-10 23:00:00+00:00";"2011-06-21 22:00:00+00:00";"13";"09";"76";"2021";"NON";"NON";"200066223";"";"";"";"2021-10-06";"95286";""
"09296";"3432";"PLU";"CC";"2010-06-28 22:00:00+00:00";"2007-04-09 22:00:00+00:00";"33";"09";"76";"2021";"NON";"NON";"09296";"";"";"";"2021-10-06";"50868";""
"09298";"3432";"PLU";"CC";"2003-10-27 23:00:00+00:00";"2001-04-29 22:00:00+00:00";"33";"09";"76";"2021";"NON";"NON";"09298";"";"";"";"2021-10-06";"50928";""
"09299";"3199";"PLU";"COM";"2010-12-14 23:00:00+00:00";"2006-09-27 22:00:00+00:00";"39";"09";"76";"2021";"NON";"NON";"09299";"";"";"";"2021-10-06";"57181";""
"09301";"3199";"PLU";"COM";"2013-08-01 22:00:00+00:00";"2009-03-27 23:00:00+00:00";"39";"09";"76";"2021";"NON";"NON";"09301";"";"";"";"2021-10-06";"50477";""
"09305";"3432";"PLU";"CC";"2010-03-17 23:00:00+00:00";"2005-06-17 22:00:00+00:00";"33";"09";"76";"2021";"NON";"NON";"240900464";"";"";"";"2021-10-06";"50922";""
"09306";"3432";"PLU";"CC";"2016-04-10 22:00:00+00:00";"2009-12-20 23:00:00+00:00";"33";"09";"76";"2021";"NON";"NON";"240900431";"";"";"";"2021-10-06";"64363";""
"09307";"1199";"CC";"COM";"2016-12-27 23:00:00+00:00";"2010-06-16 22:00:00+00:00";"19";"09";"76";"2021";"NON";"NON";"09307";"";"";"";"2021-10-06";"65774";""
"09308";"1199";"CC";"COM";"2007-04-15 22:00:00+00:00";"2003-11-26 23:00:00+00:00";"19";"09";"76";"2021";"NON";"NON";"09308";"";"";"";"2021-10-06";"67572";""
"09310";"3332";"PLUi/PLUiS";"CC";"2015-05-11 22:00:00+00:00";"2010-04-11 22:00:00+00:00";"33";"09";"76";"2021";"OUI";"NON";"200066223";"";"";"";"2021-10-06";"98021";""
"09312";"3131";"PLU";"COM";"2012-04-18 22:00:00+00:00";"2006-02-01 23:00:00+00:00";"33";"09";"76";"2021";"NON";"NON";"09312";"";"";"";"2021-10-06";"61294";""
"09314";"3432";"PLU";"CC";"2011-04-28 22:00:00+00:00";"2005-06-30 22:00:00+00:00";"33";"09";"76";"2021";"NON";"NON";"200044469";"";"";"";"2021-10-06";"49189";""
"09322";"3199";"PLU";"COM";"2008-05-30 22:00:00+00:00";"2001-08-30 22:00:00+00:00";"39";"09";"76";"2021";"NON";"NON";"09322";"";"";"";"2021-10-06";"50930";""
"09329";"3434";"PLU";"CA";"2012-07-25 22:00:00+00:00";"2007-03-29 22:00:00+00:00";"33";"09";"76";"2021";"NON";"NON";"200067791";"";"";"";"2021-10-06";"61296";""
"09339";"3199";"PLU";"COM";"2014-03-11 23:00:00+00:00";"2011-10-16 22:00:00+00:00";"39";"09";"76";"2021";"NON";"NON";"09339";"";"";"";"2021-10-06";"95520";""
"09340";"3434";"PLU";"CA";"2009-11-02 23:00:00+00:00";"2005-06-27 22:00:00+00:00";"33";"09";"76";"2021";"NON";"NON";"09340";"";"";"";"2021-10-06";"56732";""
"09342";"1432";"CC";"CC";"2015-08-19 22:00:00+00:00";"2012-09-10 22:00:00+00:00";"13";"09";"76";"2021";"NON";"NON";"200066223";"";"";"";"2021-10-06";"116313";""
"10003";"3199";"PLU";"COM";"2014-09-04 22:00:00+00:00";"2011-10-20 22:00:00+00:00";"39";"10";"44";"2021";"NON";"NON";"10003";"";"";"";"2021-10-06";"61306";""
"10005";"3299";"PLUi/PLUiS";"CC";"2020-02-12 23:00:00+00:00";"2016-12-31 23:00:00+00:00";"39";"10";"44";"2021";"NON";"OUI";"10005";"";"";"";"2021-10-06";"159279";""
"10006";"3199";"PLU";"COM";"2008-01-27 23:00:00+00:00";"2006-02-28 23:00:00+00:00";"39";"10";"44";"2021";"NON";"NON";"10006";"";"";"";"2021-10-06";"50934";""
"10008";"3299";"PLUi/PLUiS";"CC";"2020-02-12 23:00:00+00:00";"2016-12-31 23:00:00+00:00";"39";"10";"44";"2021";"NON";"OUI";"10008";"";"";"";"2021-10-06";"159279";""
"10014";"3199";"PLU";"COM";"2006-02-16 23:00:00+00:00";"2002-02-07 23:00:00+00:00";"39";"10";"44";"2021";"NON";"NON";"10014";"";"";"";"2021-10-06";"50940";""
"10015";"1199";"CC";"COM";"2005-11-03 23:00:00+00:00";"2003-06-05 22:00:00+00:00";"19";"10";"44";"2021";"NON";"NON";"10015";"";"";"";"2021-10-06";"67573";""
"10018";"3199";"PLU";"COM";"2008-01-13 23:00:00+00:00";"2003-05-05 22:00:00+00:00";"39";"10";"44";"2021";"NON";"NON";"10018";"";"";"";"2021-10-06";"50937";""
"10021";"3199";"PLU";"COM";"2004-12-12 23:00:00+00:00";"2003-02-24 23:00:00+00:00";"39";"10";"44";"2021";"NON";"NON";"10021";"";"";"";"2021-10-06";"50941";""
"10025";"1199";"CC";"COM";"2013-02-14 23:00:00+00:00";"2011-02-09 23:00:00+00:00";"19";"10";"44";"2021";"NON";"NON";"10025";"";"";"";"2021-10-06";"78941";""
"10030";"3199";"PLU";"COM";"2008-07-16 22:00:00+00:00";"2005-05-08 22:00:00+00:00";"39";"10";"44";"2021";"NON";"NON";"10030";"";"";"";"2021-10-06";"50938";""
"10032";"1199";"CC";"COM";"2002-01-20 23:00:00+00:00";"2001-06-30 22:00:00+00:00";"19";"10";"44";"2021";"NON";"NON";"10032";"";"";"";"2021-10-06";"67574";""
"10033";"3199";"PLU";"COM";"2011-01-27 23:00:00+00:00";"2002-11-27 23:00:00+00:00";"39";"10";"44";"2021";"NON";"NON";"10033";"";"";"";"2021-10-06";"50939";""
"10034";"3199";"PLU";"COM";"2014-03-16 23:00:00+00:00";"2011-07-10 22:00:00+00:00";"39";"10";"44";"2021";"NON";"NON";"10034";"";"";"";"2021-10-06";"78986";""
"10035";"3199";"PLU";"COM";"2006-09-06 22:00:00+00:00";"2003-06-23 22:00:00+00:00";"39";"10";"44";"2021";"NON";"NON";"10035";"";"";"";"2021-10-06";"50944";""
"10037";"3199";"PLU";"COM";"2009-01-18 23:00:00+00:00";"2004-10-20 22:00:00+00:00";"39";"10";"44";"2021";"NON";"NON";"10037";"";"";"";"2021-10-06";"56733";""
"10044";"3199";"PLU";"COM";"2017-06-21 22:00:00+00:00";"2015-09-30 22:00:00+00:00";"39";"10";"44";"2021";"NON";"NON";"10044";"";"";"";"2021-10-06";"146430";""
"10045";"3299";"PLUi/PLUiS";"CC";"2020-02-12 23:00:00+00:00";"2016-12-31 23:00:00+00:00";"39";"10";"44";"2021";"NON";"OUI";"10045";"";"";"";"2021-10-06";"159279";""
"10049";"1199";"CC";"COM";"2003-07-07 22:00:00+00:00";"2002-12-31 23:00:00+00:00";"19";"10";"44";"2021";"NON";"NON";"10049";"";"";"";"2021-10-06";"67575";""
"10050";"3299";"PLUi/PLUiS";"CC";"2020-02-12 23:00:00+00:00";"2016-12-31 23:00:00+00:00";"39";"10";"44";"2021";"NON";"OUI";"10050";"";"";"";"2021-10-06";"159279";""
"10051";"3199";"PLU";"COM";"2005-07-11 22:00:00+00:00";"2001-11-18 23:00:00+00:00";"39";"10";"44";"2021";"NON";"NON";"10051";"";"";"";"2021-10-06";"50946";""
"10052";"1199";"CC";"COM";"2011-07-24 22:00:00+00:00";"2008-02-04 23:00:00+00:00";"19";"10";"44";"2021";"NON";"NON";"10052";"";"";"";"2021-10-06";"66678";""
"10053";"3199";"PLU";"COM";"2003-03-26 23:00:00+00:00";"1999-10-13 22:00:00+00:00";"39";"10";"44";"2021";"NON";"NON";"10053";"";"";"";"2021-10-06";"50942";""
"10055";"3199";"PLU";"COM";"2005-12-15 23:00:00+00:00";"2002-12-19 23:00:00+00:00";"39";"10";"44";"2021";"NON";"NON";"10055";"";"";"";"2021-10-06";"56734";""
"10060";"3199";"PLU";"COM";"2017-06-21 22:00:00+00:00";"2013-12-15 23:00:00+00:00";"39";"10";"44";"2021";"NON";"NON";"10060";"";"";"";"2021-10-06";"127132";""
"10061";"3199";"PLU";"COM";"2018-07-16 22:00:00+00:00";"2009-01-21 23:00:00+00:00";"39";"10";"44";"2021";"NON";"NON";"10061";"";"";"";"2021-10-06";"63789";""
"10064";"3199";"PLU";"COM";"2010-06-13 22:00:00+00:00";"2006-05-29 22:00:00+00:00";"39";"10";"44";"2021";"NON";"NON";"10064";"";"";"";"2021-10-06";"50949";""
"10065";"1199";"CC";"COM";"2014-03-26 23:00:00+00:00";"2012-02-23 23:00:00+00:00";"19";"10";"44";"2021";"NON";"NON";"10065";"";"";"";"2021-10-06";"118367";""
"10067";"3199";"PLU";"COM";"2008-02-20 23:00:00+00:00";"2005-02-27 23:00:00+00:00";"39";"10";"44";"2021";"NON";"NON";"10067";"";"";"";"2021-10-06";"50950";""
"10070";"3199";"PLU";"COM";"2009-12-20 23:00:00+00:00";"2005-05-31 22:00:00+00:00";"39";"10";"44";"2021";"NON";"NON";"10070";"";"";"";"2021-10-06";"50951";""
"10072";"3299";"PLUi/PLUiS";"CC";"2020-02-12 23:00:00+00:00";"2016-12-31 23:00:00+00:00";"39";"10";"44";"2021";"NON";"OUI";"10072";"";"";"";"2021-10-06";"159279";""
"10073";"1199";"CC";"COM";"2013-12-22 23:00:00+00:00";"2012-01-18 23:00:00+00:00";"19";"10";"44";"2021";"NON";"NON";"10073";"";"";"";"2021-10-06";"118369";""
"10075";"1199";"CC";"COM";"2018-02-27 23:00:00+00:00";"2016-05-26 22:00:00+00:00";"19";"10";"44";"2021";"NON";"NON";"10075";"";"";"";"2021-10-06";"153289";""
"10076";"1199";"CC";"COM";"2013-04-17 22:00:00+00:00";"2010-06-14 22:00:00+00:00";"19";"10";"44";"2021";"NON";"NON";"10076";"";"";"";"2021-10-06";"65610";""
"10078";"3299";"PLUi/PLUiS";"CC";"2020-02-12 23:00:00+00:00";"2016-12-31 23:00:00+00:00";"39";"10";"44";"2021";"NON";"OUI";"10078";"";"";"";"2021-10-06";"159279";""
"10080";"3199";"PLU";"COM";"2007-02-21 23:00:00+00:00";"2003-12-07 23:00:00+00:00";"39";"10";"44";"2021";"NON";"NON";"10080";"";"";"";"2021-10-06";"50954";""
"10081";"3199";"PLU";"COM";"2016-12-12 23:00:00+00:00";"2014-06-19 22:00:00+00:00";"39";"10";"44";"2021";"NON";"NON";"10081";"";"";"";"2021-10-06";"133582";""
"10082";"1199";"CC";"COM";"2015-01-05 23:00:00+00:00";"2012-02-09 23:00:00+00:00";"19";"10";"44";"2021";"NON";"NON";"10082";"";"";"";"2021-10-06";"136663";""
"10083";"3199";"PLU";"COM";"2009-03-12 23:00:00+00:00";"2005-09-29 22:00:00+00:00";"39";"10";"44";"2021";"NON";"NON";"10083";"";"";"";"2021-10-06";"50955";""
"10084";"3199";"PLU";"COM";"2017-09-10 22:00:00+00:00";"2014-11-02 23:00:00+00:00";"39";"10";"44";"2021";"NON";"NON";"10084";"";"";"";"2021-10-06";"136213";""
"10089";"3199";"PLU";"COM";"2015-11-29 23:00:00+00:00";"2006-12-15 23:00:00+00:00";"39";"10";"44";"2021";"NON";"NON";"10089";"";"";"";"2021-10-06";"49190";""
"10090";"3199";"PLU";"COM";"2010-06-10 22:00:00+00:00";"2007-01-23 23:00:00+00:00";"39";"10";"44";"2021";"NON";"NON";"10090";"";"";"";"2021-10-06";"50960";""
"10093";"3299";"PLUi/PLUiS";"CC";"2020-02-12 23:00:00+00:00";"2016-12-31 23:00:00+00:00";"39";"10";"44";"2021";"NON";"OUI";"10093";"";"";"";"2021-10-06";"159279";""
"10099";"1199";"CC";"COM";"2010-04-25 22:00:00+00:00";"2005-10-20 22:00:00+00:00";"19";"10";"44";"2021";"NON";"NON";"10099";"";"";"";"2021-10-06";"68850";""
"10100";"3199";"PLU";"COM";"2017-12-13 23:00:00+00:00";"2012-06-04 22:00:00+00:00";"39";"10";"44";"2021";"NON";"NON";"10100";"";"";"";"2021-10-06";"118372";""
"10102";"3299";"PLUi/PLUiS";"CC";"2020-02-12 23:00:00+00:00";"2016-12-31 23:00:00+00:00";"39";"10";"44";"2021";"NON";"OUI";"10102";"";"";"";"2021-10-06";"159279";""
"10106";"3199";"PLU";"COM";"2002-12-16 23:00:00+00:00";"2001-10-29 23:00:00+00:00";"39";"10";"44";"2021";"NON";"NON";"10106";"";"";"";"2021-10-06";"50956";""
"10110";"3199";"PLU";"COM";"2016-05-30 22:00:00+00:00";"2012-11-01 23:00:00+00:00";"39";"10";"44";"2021";"NON";"NON";"10110";"";"";"";"2021-10-06";"118380";""
"10114";"3299";"PLUi/PLUiS";"CC";"2020-03-01 23:00:00+00:00";"2016-02-10 23:00:00+00:00";"39";"10";"44";"2021";"NON";"OUI";"10114";"";"";"";"2021-10-06";"159281";""
"10115";"3199";"PLU";"COM";"2013-12-17 23:00:00+00:00";"2009-03-16 23:00:00+00:00";"39";"10";"44";"2021";"NON";"NON";"10115";"";"";"";"2021-10-06";"61302";""
"10117";"3299";"PLUi/PLUiS";"CC";"2020-02-12 23:00:00+00:00";"2016-12-31 23:00:00+00:00";"39";"10";"44";"2021";"NON";"OUI";"10117";"";"";"";"2021-10-06";"159279";""
"10118";"1199";"CC";"COM";"2007-06-06 22:00:00+00:00";"2005-02-04 23:00:00+00:00";"19";"10";"44";"2021";"NON";"NON";"10118";"";"";"";"2021-10-06";"67576";""
"10119";"3199";"PLU";"COM";"2013-10-24 22:00:00+00:00";"2008-10-09 22:00:00+00:00";"39";"10";"44";"2021";"NON";"NON";"10119";"";"";"";"2021-10-06";"49191";""
"10120";"3199";"PLU";"COM";"2012-03-22 23:00:00+00:00";"2009-02-26 23:00:00+00:00";"39";"10";"44";"2021";"NON";"NON";"10120";"";"";"";"2021-10-06";"49997";""
"10123";"3199";"PLU";"COM";"2003-12-11 23:00:00+00:00";"1992-10-08 23:00:00+00:00";"39";"10";"44";"2021";"NON";"NON";"10123";"";"";"";"2021-10-06";"56735";""
"10125";"1199";"CC";"COM";"2019-12-23 23:00:00+00:00";"2017-12-12 23:00:00+00:00";"19";"10";"44";"2021";"NON";"NON";"10125";"";"";"";"2021-10-06";"162570";""
"10126";"3299";"PLUi/PLUiS";"CC";"2020-02-12 23:00:00+00:00";"2016-12-31 23:00:00+00:00";"39";"10";"44";"2021";"NON";"OUI";"10126";"";"";"";"2021-10-06";"159279";""
"10129";"3199";"PLU";"COM";"2016-09-04 22:00:00+00:00";"2006-09-17 22:00:00+00:00";"39";"10";"44";"2021";"NON";"NON";"10129";"";"";"";"2021-10-06";"63790";""
"10131";"3199";"PLU";"COM";"2006-06-13 22:00:00+00:00";"2002-02-21 23:00:00+00:00";"39";"10";"44";"2021";"NON";"NON";"10131";"";"";"";"2021-10-06";"50961";""
"10133";"1199";"CC";"COM";"2007-01-15 23:00:00+00:00";"2005-12-31 23:00:00+00:00";"19";"10";"44";"2021";"NON";"NON";"10133";"";"";"";"2021-10-06";"67577";""
"10135";"3299";"PLUi/PLUiS";"CC";"2020-02-12 23:00:00+00:00";"2016-12-31 23:00:00+00:00";"39";"10";"44";"2021";"NON";"OUI";"10135";"";"";"";"2021-10-06";"159279";""
"10139";"3299";"PLUi/PLUiS";"CC";"2020-02-12 23:00:00+00:00";"2016-12-31 23:00:00+00:00";"39";"10";"44";"2021";"NON";"OUI";"10139";"";"";"";"2021-10-06";"159279";""
"10140";"3199";"PLU";"COM";"2013-06-27 22:00:00+00:00";"2004-02-02 23:00:00+00:00";"39";"10";"44";"2021";"NON";"NON";"10140";"";"";"";"2021-10-06";"61301";""
"10141";"3199";"PLU";"COM";"2004-12-08 23:00:00+00:00";"2001-10-11 22:00:00+00:00";"39";"10";"44";"2021";"NON";"NON";"10141";"";"";"";"2021-10-06";"50959";""
"10142";"3199";"PLU";"COM";"2020-02-16 23:00:00+00:00";"2014-06-19 22:00:00+00:00";"39";"10";"44";"2021";"NON";"NON";"10142";"";"";"";"2021-10-06";"136205";""
"10145";"1199";"CC";"COM";"2009-11-16 23:00:00+00:00";"2006-01-05 23:00:00+00:00";"19";"10";"44";"2021";"NON";"NON";"10145";"";"";"";"2021-10-06";"68851";""
"10148";"1199";"CC";"COM";"2010-09-07 22:00:00+00:00";"2008-06-24 22:00:00+00:00";"19";"10";"44";"2021";"NON";"NON";"10148";"";"";"";"2021-10-06";"68852";""
"10149";"1199";"CC";"COM";"2019-05-22 22:00:00+00:00";"2017-06-18 22:00:00+00:00";"19";"10";"44";"2021";"NON";"NON";"10149";"";"";"";"2021-10-06";"160597";""
"10150";"3199";"PLU";"COM";"2014-02-09 23:00:00+00:00";"2010-12-19 23:00:00+00:00";"39";"10";"44";"2021";"NON";"NON";"10150";"";"";"";"2021-10-06";"61303";""
"10151";"3199";"PLU";"COM";"2018-01-29 23:00:00+00:00";"2015-02-19 23:00:00+00:00";"39";"10";"44";"2021";"NON";"NON";"10151";"";"";"";"2021-10-06";"146440";""
"10153";"3199";"PLU";"COM";"2016-10-17 22:00:00+00:00";"2011-07-21 22:00:00+00:00";"39";"10";"44";"2021";"NON";"NON";"10153";"";"";"";"2021-10-06";"79014";""
"10155";"3199";"PLU";"COM";"2006-03-20 23:00:00+00:00";"2002-10-21 22:00:00+00:00";"39";"10";"44";"2021";"NON";"NON";"10155";"";"";"";"2021-10-06";"50962";""
"10156";"1131";"CC";"COM";"2007-04-03 22:00:00+00:00";"2003-11-05 23:00:00+00:00";"13";"10";"44";"2021";"NON";"NON";"10156";"";"";"";"2021-10-06";"64797";""
"10157";"1199";"CC";"COM";"2010-11-07 23:00:00+00:00";"2008-10-06 22:00:00+00:00";"19";"10";"44";"2021";"NON";"NON";"10157";"";"";"";"2021-10-06";"68862";""
"10158";"3199";"PLU";"COM";"2004-09-08 22:00:00+00:00";"2000-05-25 22:00:00+00:00";"39";"10";"44";"2021";"NON";"NON";"10158";"";"";"";"2021-10-06";"50970";""
"10159";"1199";"CC";"COM";"2013-12-04 23:00:00+00:00";"2011-12-11 23:00:00+00:00";"19";"10";"44";"2021";"NON";"NON";"10159";"";"";"";"2021-10-06";"118415";""
"10161";"3299";"PLUi/PLUiS";"CC";"2020-02-12 23:00:00+00:00";"2016-12-31 23:00:00+00:00";"39";"10";"44";"2021";"NON";"OUI";"10161";"";"";"";"2021-10-06";"159279";""
"10162";"1199";"CC";"COM";"2006-07-08 22:00:00+00:00";"2004-12-31 23:00:00+00:00";"19";"10";"44";"2021";"NON";"NON";"10162";"";"";"";"2021-10-06";"68863";""
"10163";"3299";"PLUi/PLUiS";"CC";"2020-02-12 23:00:00+00:00";"2016-12-31 23:00:00+00:00";"39";"10";"44";"2021";"NON";"OUI";"10163";"";"";"";"2021-10-06";"159279";""
"10164";"3299";"PLUi/PLUiS";"CC";"2020-03-01 23:00:00+00:00";"2016-02-10 23:00:00+00:00";"39";"10";"44";"2021";"NON";"OUI";"10164";"";"";"";"2021-10-06";"159281";""
"10165";"3199";"PLU";"COM";"2005-09-08 22:00:00+00:00";"2001-12-06 23:00:00+00:00";"39";"10";"44";"2021";"NON";"NON";"10165";"";"";"";"2021-10-06";"50963";""
"10170";"3199";"PLU";"COM";"2014-09-07 22:00:00+00:00";"2010-06-07 22:00:00+00:00";"39";"10";"44";"2021";"NON";"NON";"10170";"";"";"";"2021-10-06";"63791";""
"10173";"3199";"PLU";"COM";"2013-11-13 23:00:00+00:00";"2011-06-30 22:00:00+00:00";"39";"10";"44";"2021";"NON";"NON";"10173";"";"";"";"2021-10-06";"79025";""
"10178";"3299";"PLUi/PLUiS";"CC";"2020-02-12 23:00:00+00:00";"2016-12-31 23:00:00+00:00";"39";"10";"44";"2021";"NON";"OUI";"10178";"";"";"";"2021-10-06";"159279";""
"10182";"3199";"PLU";"COM";"2018-04-12 22:00:00+00:00";"2015-06-04 22:00:00+00:00";"39";"10";"44";"2021";"NON";"NON";"10182";"";"";"";"2021-10-06";"146432";""
"10184";"3299";"PLUi/PLUiS";"CC";"2020-02-12 23:00:00+00:00";"2016-12-31 23:00:00+00:00";"39";"10";"44";"2021";"NON";"OUI";"10184";"";"";"";"2021-10-06";"159279";""
"10186";"3199";"PLU";"COM";"2004-12-19 23:00:00+00:00";"2001-10-28 23:00:00+00:00";"39";"10";"44";"2021";"NON";"NON";"10186";"";"";"";"2021-10-06";"50966";""
"10187";"3199";"PLU";"COM";"2014-03-11 23:00:00+00:00";"2005-11-17 23:00:00+00:00";"39";"10";"44";"2021";"NON";"NON";"10187";"";"";"";"2021-10-06";"49192";""
"10189";"3199";"PLU";"COM";"2017-06-27 22:00:00+00:00";"2015-09-02 22:00:00+00:00";"39";"10";"44";"2021";"NON";"NON";"10189";"";"";"";"2021-10-06";"146433";""
"10190";"3199";"PLU";"COM";"2018-03-13 23:00:00+00:00";"2014-06-25 22:00:00+00:00";"39";"10";"44";"2021";"NON";"NON";"10190";"";"";"";"2021-10-06";"136216";""
"10191";"3199";"PLU";"COM";"2013-12-11 23:00:00+00:00";"2011-07-06 22:00:00+00:00";"39";"10";"44";"2021";"NON";"NON";"10191";"";"";"";"2021-10-06";"79044";""
"10194";"3299";"PLUi/PLUiS";"CC";"2020-02-12 23:00:00+00:00";"2016-12-31 23:00:00+00:00";"39";"10";"44";"2021";"NON";"OUI";"10194";"";"";"";"2021-10-06";"159279";""
"10198";"1199";"CC";"COM";"2008-11-23 23:00:00+00:00";"2005-03-23 23:00:00+00:00";"19";"10";"44";"2021";"NON";"NON";"10198";"";"";"";"2021-10-06";"68864";""
"10199";"3199";"PLU";"COM";"2014-02-18 23:00:00+00:00";"2009-07-06 22:00:00+00:00";"39";"10";"44";"2021";"NON";"NON";"10199";"";"";"";"2021-10-06";"49998";""
"10200";"3299";"PLUi/PLUiS";"CC";"2020-02-12 23:00:00+00:00";"2016-12-31 23:00:00+00:00";"39";"10";"44";"2021";"NON";"OUI";"10200";"";"";"";"2021-10-06";"159279";""
"10202";"3199";"PLU";"COM";"2013-02-20 23:00:00+00:00";"2010-05-05 22:00:00+00:00";"39";"10";"44";"2021";"NON";"NON";"10202";"";"";"";"2021-10-06";"63793";""
"10205";"3299";"PLUi/PLUiS";"CC";"2020-02-12 23:00:00+00:00";"2016-12-31 23:00:00+00:00";"39";"10";"44";"2021";"NON";"OUI";"10205";"";"";"";"2021-10-06";"159279";""
"10206";"1199";"CC";"COM";"2012-05-02 22:00:00+00:00";"2010-06-17 22:00:00+00:00";"19";"10";"44";"2021";"NON";"NON";"10206";"";"";"";"2021-10-06";"66679";""
"10208";"1199";"CC";"COM";"2009-09-03 22:00:00+00:00";"2007-10-11 22:00:00+00:00";"19";"10";"44";"2021";"NON";"NON";"10208";"";"";"";"2021-10-06";"68865";""
"10210";"1131";"CC";"COM";"2006-03-20 23:00:00+00:00";"2004-12-31 23:00:00+00:00";"13";"10";"44";"2021";"NON";"NON";"10210";"";"";"";"2021-10-06";"67578";""
"10211";"3199";"PLU";"COM";"2004-03-15 23:00:00+00:00";"1999-06-21 22:00:00+00:00";"39";"10";"44";"2021";"NON";"NON";"10211";"";"";"";"2021-10-06";"50964";""
"10213";"1199";"CC";"COM";"2016-02-07 23:00:00+00:00";"2011-03-24 23:00:00+00:00";"19";"10";"44";"2021";"NON";"NON";"10213";"";"";"";"2021-10-06";"79066";""
"10215";"3299";"PLUi/PLUiS";"CC";"2020-02-12 23:00:00+00:00";"2016-12-31 23:00:00+00:00";"39";"10";"44";"2021";"NON";"OUI";"10215";"";"";"";"2021-10-06";"159279";""
"10216";"3199";"PLU";"COM";"2019-06-11 22:00:00+00:00";"2015-10-08 22:00:00+00:00";"39";"10";"44";"2021";"NON";"NON";"10216";"";"";"";"2021-10-06";"153295";""
"10217";"3299";"PLUi/PLUiS";"CC";"2020-02-12 23:00:00+00:00";"2016-12-31 23:00:00+00:00";"39";"10";"44";"2021";"NON";"OUI";"10217";"";"";"";"2021-10-06";"159279";""
"10219";"3299";"PLUi/PLUiS";"CC";"2020-02-12 23:00:00+00:00";"2016-12-31 23:00:00+00:00";"39";"10";"44";"2021";"NON";"OUI";"10219";"";"";"";"2021-10-06";"159279";""
"10220";"3299";"PLUi/PLUiS";"CC";"2020-03-01 23:00:00+00:00";"2016-02-10 23:00:00+00:00";"39";"10";"44";"2021";"NON";"OUI";"10220";"";"";"";"2021-10-06";"159281";""
"10222";"1199";"CC";"COM";"2009-09-08 22:00:00+00:00";"2006-07-04 22:00:00+00:00";"19";"10";"44";"2021";"NON";"NON";"10222";"";"";"";"2021-10-06";"68866";""
"10224";"3199";"PLU";"COM";"2006-10-05 22:00:00+00:00";"2003-02-20 23:00:00+00:00";"39";"10";"44";"2021";"NON";"NON";"10224";"";"";"";"2021-10-06";"50965";""
"10225";"3199";"PLU";"COM";"2018-04-25 22:00:00+00:00";"2014-11-13 23:00:00+00:00";"39";"10";"44";"2021";"NON";"NON";"10225";"";"";"";"2021-10-06";"136352";""
"10227";"1199";"CC";"COM";"2018-01-24 23:00:00+00:00";"2015-05-25 22:00:00+00:00";"19";"10";"44";"2021";"NON";"NON";"10227";"";"";"";"2021-10-06";"146422";""
"10230";"3199";"PLU";"COM";"2019-12-11 23:00:00+00:00";"2014-09-25 22:00:00+00:00";"39";"10";"44";"2021";"NON";"NON";"10230";"";"";"";"2021-10-06";"136217";""
"10231";"3199";"PLU";"COM";"2005-08-24 22:00:00+00:00";"2001-11-29 23:00:00+00:00";"39";"10";"44";"2021";"NON";"NON";"10231";"";"";"";"2021-10-06";"50971";""
"10232";"3199";"PLU";"COM";"2019-04-10 22:00:00+00:00";"2014-09-25 22:00:00+00:00";"39";"10";"44";"2021";"NON";"NON";"10232";"";"";"";"2021-10-06";"159294";""
"10237";"1199";"CC";"COM";"2008-04-08 22:00:00+00:00";"2003-05-22 22:00:00+00:00";"19";"10";"44";"2021";"NON";"NON";"10237";"";"";"";"2021-10-06";"68867";""
"10239";"3199";"PLU";"COM";"2007-03-18 23:00:00+00:00";"2002-09-05 22:00:00+00:00";"39";"10";"44";"2021";"NON";"NON";"10239";"";"";"";"2021-10-06";"50981";""
"10240";"3199";"PLU";"COM";"2011-11-14 23:00:00+00:00";"2009-03-31 22:00:00+00:00";"39";"10";"44";"2021";"NON";"NON";"10240";"";"";"";"2021-10-06";"63795";""
"10242";"1199";"CC";"COM";"2007-02-26 23:00:00+00:00";"2003-11-13 23:00:00+00:00";"19";"10";"44";"2021";"NON";"NON";"10242";"";"";"";"2021-10-06";"67579";""
"10245";"3199";"PLU";"COM";"2007-12-17 23:00:00+00:00";"2004-07-07 22:00:00+00:00";"39";"10";"44";"2021";"NON";"NON";"10245";"";"";"";"2021-10-06";"50972";""
"10248";"3199";"PLU";"COM";"2013-12-09 23:00:00+00:00";"2011-03-23 23:00:00+00:00";"39";"10";"44";"2021";"NON";"NON";"10248";"";"";"";"2021-10-06";"79085";""
"10249";"3199";"PLU";"COM";"2018-12-04 23:00:00+00:00";"2014-11-26 23:00:00+00:00";"39";"10";"44";"2021";"NON";"NON";"10249";"";"";"";"2021-10-06";"158445";""
"10250";"1199";"CC";"COM";"2012-01-31 23:00:00+00:00";"2008-09-04 22:00:00+00:00";"19";"10";"44";"2021";"NON";"NON";"10250";"";"";"";"2021-10-06";"66680";""
"10252";"3299";"PLUi/PLUiS";"CC";"2020-02-12 23:00:00+00:00";"2016-12-31 23:00:00+00:00";"39";"10";"44";"2021";"NON";"OUI";"10252";"";"";"";"2021-10-06";"159279";""
"10254";"1199";"CC";"COM";"2020-04-22 22:00:00+00:00";"2018-05-27 22:00:00+00:00";"19";"10";"44";"2021";"NON";"NON";"10254";"";"";"";"2021-10-06";"168503";""
"10256";"3199";"PLU";"COM";"2011-09-06 22:00:00+00:00";"2008-12-18 23:00:00+00:00";"39";"10";"44";"2021";"NON";"NON";"10256";"";"";"";"2021-10-06";"63796";""
"10258";"3299";"PLUi/PLUiS";"CC";"2020-02-12 23:00:00+00:00";"2016-12-31 23:00:00+00:00";"39";"10";"44";"2021";"NON";"OUI";"10258";"";"";"";"2021-10-06";"159279";""
"10259";"3199";"PLU";"COM";"2013-06-27 22:00:00+00:00";"2010-11-04 23:00:00+00:00";"39";"10";"44";"2021";"NON";"NON";"10259";"";"";"";"2021-10-06";"63714";""
"10260";"3199";"PLU";"COM";"2013-06-23 22:00:00+00:00";"2008-06-25 22:00:00+00:00";"39";"10";"44";"2021";"NON";"NON";"10260";"";"";"";"2021-10-06";"61304";""
"10261";"3199";"PLU";"COM";"2008-10-15 22:00:00+00:00";"2002-01-23 23:00:00+00:00";"39";"10";"44";"2021";"NON";"NON";"10261";"";"";"";"2021-10-06";"50973";""
"10262";"1199";"CC";"COM";"2010-10-26 22:00:00+00:00";"2007-10-09 22:00:00+00:00";"19";"10";"44";"2021";"NON";"NON";"10262";"";"";"";"2021-10-06";"68868";""
"10263";"1199";"CC";"COM";"2009-12-10 23:00:00+00:00";"2004-05-12 22:00:00+00:00";"19";"10";"44";"2021";"NON";"NON";"10263";"";"";"";"2021-10-06";"64792";""
"10265";"3199";"PLU";"COM";"2013-12-08 23:00:00+00:00";"2012-03-25 22:00:00+00:00";"39";"10";"44";"2021";"NON";"NON";"10265";"";"";"";"2021-10-06";"115928";""
"10267";"3199";"PLU";"COM";"2012-01-23 23:00:00+00:00";"2005-12-14 23:00:00+00:00";"39";"10";"44";"2021";"NON";"NON";"10267";"";"";"";"2021-10-06";"49193";""
"10268";"3199";"PLU";"COM";"2019-05-01 22:00:00+00:00";"2016-07-05 22:00:00+00:00";"39";"10";"44";"2021";"NON";"NON";"10268";"";"";"";"2021-10-06";"153317";""
"10274";"1199";"CC";"COM";"2007-11-29 23:00:00+00:00";"2004-12-01 23:00:00+00:00";"19";"10";"44";"2021";"NON";"NON";"10274";"";"";"";"2021-10-06";"67580";""
"10276";"1199";"CC";"COM";"2019-03-18 23:00:00+00:00";"2017-03-21 23:00:00+00:00";"19";"10";"44";"2021";"NON";"NON";"10276";"";"";"";"2021-10-06";"159024";""
"10280";"3299";"PLUi/PLUiS";"CC";"2020-03-01 23:00:00+00:00";"2016-02-10 23:00:00+00:00";"39";"10";"44";"2021";"NON";"OUI";"10280";"";"";"";"2021-10-06";"159281";""
"10282";"3199";"PLU";"COM";"2020-12-09 23:00:00+00:00";"2018-09-26 22:00:00+00:00";"39";"10";"44";"2021";"NON";"NON";"10282";"";"";"";"2021-10-06";"164983";""
"10286";"3299";"PLUi/PLUiS";"CC";"2020-02-12 23:00:00+00:00";"2016-12-31 23:00:00+00:00";"39";"10";"44";"2021";"NON";"OUI";"10286";"";"";"";"2021-10-06";"159279";""
"10287";"3199";"PLU";"COM";"2018-03-18 23:00:00+00:00";"2014-09-21 22:00:00+00:00";"39";"10";"44";"2021";"NON";"NON";"10287";"";"";"";"2021-10-06";"136353";""
"10289";"3199";"PLU";"COM";"2009-11-18 23:00:00+00:00";"2004-11-03 23:00:00+00:00";"39";"10";"44";"2021";"NON";"NON";"10289";"";"";"";"2021-10-06";"50978";""
"10291";"1199";"CC";"COM";"2006-01-05 23:00:00+00:00";"2003-10-21 22:00:00+00:00";"19";"10";"44";"2021";"NON";"NON";"10291";"";"";"";"2021-10-06";"67581";""
"10294";"1199";"CC";"COM";"2013-05-30 22:00:00+00:00";"2011-06-09 22:00:00+00:00";"19";"10";"44";"2021";"NON";"NON";"10294";"";"";"";"2021-10-06";"79130";""
"10295";"3199";"PLU";"COM";"2008-01-24 23:00:00+00:00";"2001-12-06 23:00:00+00:00";"39";"10";"44";"2021";"NON";"NON";"10295";"";"";"";"2021-10-06";"50979";""
"10296";"1199";"CC";"COM";"2013-04-11 22:00:00+00:00";"2010-11-04 23:00:00+00:00";"19";"10";"44";"2021";"NON";"NON";"10296";"";"";"";"2021-10-06";"79131";""
"10297";"3131";"PLU";"COM";"2005-10-16 22:00:00+00:00";"2002-02-27 23:00:00+00:00";"33";"10";"44";"2021";"NON";"NON";"10297";"";"";"";"2021-10-06";"50980";""
"10298";"3131";"PLU";"COM";"2005-09-29 22:00:00+00:00";"2000-07-06 22:00:00+00:00";"33";"10";"44";"2021";"NON";"NON";"10298";"";"";"";"2021-10-06";"50982";""
"10306";"3199";"PLU";"COM";"2012-11-28 23:00:00+00:00";"2005-02-21 23:00:00+00:00";"39";"10";"44";"2021";"NON";"NON";"10306";"";"";"";"2021-10-06";"61308";""
"10307";"3199";"PLU";"COM";"2011-10-26 22:00:00+00:00";"2009-05-24 22:00:00+00:00";"39";"10";"44";"2021";"NON";"NON";"10307";"";"";"";"2021-10-06";"63715";""
"10310";"3299";"PLUi/PLUiS";"CC";"2020-02-12 23:00:00+00:00";"2016-12-31 23:00:00+00:00";"39";"10";"44";"2021";"NON";"OUI";"10310";"";"";"";"2021-10-06";"159279";""
"10312";"1199";"CC";"COM";"2013-06-03 22:00:00+00:00";"2008-01-27 23:00:00+00:00";"19";"10";"44";"2021";"NON";"NON";"10312";"";"";"";"2021-10-06";"65828";""
"10313";"3199";"PLU";"COM";"2006-05-21 22:00:00+00:00";"2002-04-21 22:00:00+00:00";"39";"10";"44";"2021";"NON";"NON";"10313";"";"";"";"2021-10-06";"50983";""
"10314";"1199";"CC";"COM";"2018-12-11 23:00:00+00:00";"2016-01-25 23:00:00+00:00";"19";"10";"44";"2021";"NON";"NON";"10314";"";"";"";"2021-10-06";"153316";""
"10317";"3199";"PLU";"COM";"2018-04-04 22:00:00+00:00";"2015-02-12 23:00:00+00:00";"39";"10";"44";"2021";"NON";"NON";"10317";"";"";"";"2021-10-06";"146434";""
"10318";"3199";"PLU";"COM";"2014-01-29 23:00:00+00:00";"2011-06-26 22:00:00+00:00";"39";"10";"44";"2021";"NON";"NON";"10318";"";"";"";"2021-10-06";"79149";""
"10321";"3199";"PLU";"COM";"2006-12-06 23:00:00+00:00";"2001-12-18 23:00:00+00:00";"39";"10";"44";"2021";"NON";"NON";"10321";"";"";"";"2021-10-06";"50984";""
"10323";"3299";"PLUi/PLUiS";"CC";"2020-03-01 23:00:00+00:00";"2016-02-10 23:00:00+00:00";"39";"10";"44";"2021";"NON";"OUI";"10323";"";"";"";"2021-10-06";"159281";""
"10325";"3199";"PLU";"COM";"2015-11-23 23:00:00+00:00";"2011-09-25 22:00:00+00:00";"39";"10";"44";"2021";"NON";"NON";"10325";"";"";"";"2021-10-06";"79156";""
"10327";"3299";"PLUi/PLUiS";"CC";"2020-02-12 23:00:00+00:00";"2016-12-31 23:00:00+00:00";"39";"10";"44";"2021";"NON";"OUI";"10327";"";"";"";"2021-10-06";"159279";""
"10329";"3199";"PLU";"COM";"2018-07-09 22:00:00+00:00";"2015-01-26 23:00:00+00:00";"39";"10";"44";"2021";"NON";"NON";"10329";"";"";"";"2021-10-06";"146435";""
"10330";"1199";"CC";"COM";"2006-11-07 23:00:00+00:00";"2004-12-31 23:00:00+00:00";"19";"10";"44";"2021";"NON";"NON";"10330";"";"";"";"2021-10-06";"68869";""
"10331";"3199";"PLU";"COM";"2016-11-22 23:00:00+00:00";"2014-06-19 22:00:00+00:00";"39";"10";"44";"2021";"NON";"NON";"10331";"";"";"";"2021-10-06";"79157";""
"10332";"1199";"CC";"COM";"2017-01-16 23:00:00+00:00";"2015-04-08 22:00:00+00:00";"19";"10";"44";"2021";"NON";"NON";"10332";"";"";"";"2021-10-06";"146426";""
"10333";"3199";"PLU";"COM";"2005-12-12 23:00:00+00:00";"2002-05-15 22:00:00+00:00";"39";"10";"44";"2021";"NON";"NON";"10333";"";"";"";"2021-10-06";"78";""
"10334";"3199";"PLU";"COM";"2015-09-24 22:00:00+00:00";"2012-11-14 23:00:00+00:00";"39";"10";"44";"2021";"NON";"NON";"10334";"";"";"";"2021-10-06";"118515";""
"10335";"1199";"CC";"COM";"2010-10-26 22:00:00+00:00";"2004-05-06 22:00:00+00:00";"19";"10";"44";"2021";"NON";"NON";"10335";"";"";"";"2021-10-06";"68870";""
"10336";"3199";"PLU";"COM";"2007-04-12 22:00:00+00:00";"2004-06-28 22:00:00+00:00";"39";"10";"44";"2021";"NON";"NON";"10336";"";"";"";"2021-10-06";"50989";""
"10337";"3199";"PLU";"COM";"2017-07-10 22:00:00+00:00";"2015-06-21 22:00:00+00:00";"39";"10";"44";"2021";"NON";"NON";"10337";"";"";"";"2021-10-06";"146436";""
"10340";"3199";"PLU";"COM";"2011-01-10 23:00:00+00:00";"2008-11-17 23:00:00+00:00";"39";"10";"44";"2021";"NON";"NON";"10340";"";"";"";"2021-10-06";"50986";""
"10341";"3299";"PLUi/PLUiS";"CC";"2020-03-01 23:00:00+00:00";"2016-02-10 23:00:00+00:00";"39";"10";"44";"2021";"NON";"OUI";"10341";"";"";"";"2021-10-06";"159281";""
"10342";"1199";"CC";"COM";"2009-12-10 23:00:00+00:00";"2008-03-26 23:00:00+00:00";"19";"10";"44";"2021";"NON";"NON";"10342";"";"";"";"2021-10-06";"68871";""
"10343";"3199";"PLU";"COM";"2012-06-07 22:00:00+00:00";"2008-10-01 22:00:00+00:00";"39";"10";"44";"2021";"NON";"NON";"10343";"";"";"";"2021-10-06";"61311";""
"10344";"3199";"PLU";"COM";"2019-04-28 22:00:00+00:00";"2015-05-18 22:00:00+00:00";"39";"10";"44";"2021";"NON";"NON";"10344";"";"";"";"2021-10-06";"146437";""
"10345";"3199";"PLU";"COM";"2007-05-13 22:00:00+00:00";"2002-06-27 22:00:00+00:00";"39";"10";"44";"2021";"NON";"NON";"10345";"";"";"";"2021-10-06";"50988";""
"10347";"1199";"CC";"COM";"2012-07-19 22:00:00+00:00";"2008-10-16 22:00:00+00:00";"19";"10";"44";"2021";"NON";"NON";"10347";"";"";"";"2021-10-06";"66682";""
"10349";"3131";"PLU";"COM";"2004-05-16 22:00:00+00:00";"1999-09-22 22:00:00+00:00";"33";"10";"44";"2021";"NON";"NON";"10349";"";"";"";"2021-10-06";"50990";""
"10350";"1199";"CC";"COM";"2016-02-07 23:00:00+00:00";"2013-06-07 22:00:00+00:00";"19";"10";"44";"2021";"NON";"NON";"10350";"";"";"";"2021-10-06";"127203";""
"10352";"3199";"PLU";"COM";"2013-09-22 22:00:00+00:00";"2010-04-14 22:00:00+00:00";"39";"10";"44";"2021";"NON";"NON";"10352";"";"";"";"2021-10-06";"61313";""
"10353";"3199";"PLU";"COM";"2017-05-21 22:00:00+00:00";"2014-10-26 23:00:00+00:00";"39";"10";"44";"2021";"NON";"NON";"10353";"";"";"";"2021-10-06";"163081";""
"10355";"3199";"PLU";"COM";"2013-09-22 22:00:00+00:00";"2007-09-13 22:00:00+00:00";"39";"10";"44";"2021";"NON";"NON";"10355";"";"";"";"2021-10-06";"61314";""
"10356";"1199";"CC";"COM";"2012-03-25 22:00:00+00:00";"2006-10-19 22:00:00+00:00";"19";"10";"44";"2021";"NON";"NON";"10356";"";"";"";"2021-10-06";"65830";""
"10357";"3131";"PLU";"COM";"2009-07-06 22:00:00+00:00";"2005-01-25 23:00:00+00:00";"33";"10";"44";"2021";"NON";"NON";"10357";"";"";"";"2021-10-06";"50991";""
"10358";"3199";"PLU";"COM";"2016-12-04 23:00:00+00:00";"2014-06-19 22:00:00+00:00";"39";"10";"44";"2021";"NON";"NON";"10358";"";"";"";"2021-10-06";"136223";""
"10359";"1199";"CC";"COM";"2007-05-01 22:00:00+00:00";"2005-05-03 22:00:00+00:00";"19";"10";"44";"2021";"NON";"NON";"10359";"";"";"";"2021-10-06";"67584";""
"10360";"3199";"PLU";"COM";"2014-03-17 23:00:00+00:00";"2012-01-18 23:00:00+00:00";"39";"10";"44";"2021";"NON";"NON";"10360";"";"";"";"2021-10-06";"105958";""
"10361";"3199";"PLU";"COM";"2014-10-27 23:00:00+00:00";"2011-05-23 22:00:00+00:00";"39";"10";"44";"2021";"NON";"NON";"10361";"";"";"";"2021-10-06";"100568";""
"10362";"3199";"PLU";"COM";"2005-11-20 23:00:00+00:00";"2002-11-03 23:00:00+00:00";"39";"10";"44";"2021";"NON";"NON";"10362";"";"";"";"2021-10-06";"84";""
"10363";"3199";"PLU";"COM";"2008-11-20 23:00:00+00:00";"2005-11-13 23:00:00+00:00";"39";"10";"44";"2021";"NON";"NON";"10363";"";"";"";"2021-10-06";"50993";""
"10366";"3299";"PLUi/PLUiS";"CC";"2020-02-12 23:00:00+00:00";"2016-12-31 23:00:00+00:00";"39";"10";"44";"2021";"NON";"OUI";"10366";"";"";"";"2021-10-06";"159279";""
"10367";"3199";"PLU";"COM";"2014-04-23 22:00:00+00:00";"2008-06-12 22:00:00+00:00";"39";"10";"44";"2021";"NON";"NON";"10367";"";"";"";"2021-10-06";"49954";""
"10368";"3199";"PLU";"COM";"2016-04-13 22:00:00+00:00";"2014-05-14 22:00:00+00:00";"39";"10";"44";"2021";"NON";"NON";"10368";"";"";"";"2021-10-06";"133579";""
"10371";"3199";"PLU";"COM";"2020-03-03 23:00:00+00:00";"2015-08-26 22:00:00+00:00";"39";"10";"44";"2021";"NON";"NON";"10371";"";"";"";"2021-10-06";"165880";""
"10372";"3299";"PLUi/PLUiS";"CC";"2020-02-12 23:00:00+00:00";"2016-12-31 23:00:00+00:00";"39";"10";"44";"2021";"NON";"OUI";"10372";"";"";"";"2021-10-06";"159279";""
"10375";"3199";"PLU";"COM";"2013-06-27 22:00:00+00:00";"2010-04-22 22:00:00+00:00";"39";"10";"44";"2021";"NON";"NON";"10375";"";"";"";"2021-10-06";"63716";""
"10377";"3299";"PLUi/PLUiS";"CC";"2020-02-12 23:00:00+00:00";"2016-12-31 23:00:00+00:00";"39";"10";"44";"2021";"NON";"OUI";"10377";"";"";"";"2021-10-06";"159279";""
"10378";"3299";"PLUi/PLUiS";"CC";"2020-02-12 23:00:00+00:00";"2016-12-31 23:00:00+00:00";"39";"10";"44";"2021";"NON";"OUI";"10378";"";"";"";"2021-10-06";"159279";""
"10379";"3199";"PLU";"COM";"2018-04-12 22:00:00+00:00";"2016-02-21 23:00:00+00:00";"39";"10";"44";"2021";"NON";"NON";"10379";"";"";"";"2021-10-06";"136224";""
"10381";"3199";"PLU";"COM";"2017-11-23 23:00:00+00:00";"2014-08-27 22:00:00+00:00";"39";"10";"44";"2021";"NON";"NON";"10381";"";"";"";"2021-10-06";"136225";""
"10382";"3199";"PLU";"COM";"2013-04-10 22:00:00+00:00";"2008-03-26 23:00:00+00:00";"39";"10";"44";"2021";"NON";"NON";"10382";"";"";"";"2021-10-06";"63717";""
"10384";"3299";"PLUi/PLUiS";"CC";"2020-02-12 23:00:00+00:00";"2016-12-31 23:00:00+00:00";"39";"10";"44";"2021";"NON";"OUI";"10384";"";"";"";"2021-10-06";"159279";""
"10387";"3199";"PLU";"COM";"2004-06-23 22:00:00+00:00";"1997-03-19 23:00:00+00:00";"39";"10";"44";"2021";"NON";"NON";"10387";"";"";"";"2021-10-06";"71";""
"10391";"3199";"PLU";"COM";"2018-03-26 22:00:00+00:00";"2014-05-27 22:00:00+00:00";"39";"10";"44";"2021";"NON";"NON";"10391";"";"";"";"2021-10-06";"133577";""
"10392";"3199";"PLU";"COM";"2011-11-16 23:00:00+00:00";"2004-04-02 22:00:00+00:00";"39";"10";"44";"2021";"NON";"NON";"10392";"";"";"";"2021-10-06";"49194";""
"10393";"3199";"PLU";"COM";"2014-04-28 22:00:00+00:00";"2010-09-06 22:00:00+00:00";"39";"10";"44";"2021";"NON";"NON";"10393";"";"";"";"2021-10-06";"49163";""
"10396";"3199";"PLU";"COM";"2010-10-05 22:00:00+00:00";"2006-06-28 22:00:00+00:00";"39";"10";"44";"2021";"NON";"NON";"10396";"";"";"";"2021-10-06";"56577";""
"10397";"3299";"PLUi/PLUiS";"CC";"2020-02-12 23:00:00+00:00";"2016-12-31 23:00:00+00:00";"39";"10";"44";"2021";"NON";"OUI";"10397";"";"";"";"2021-10-06";"159279";""
"10399";"3199";"PLU";"COM";"2010-01-27 23:00:00+00:00";"2007-02-14 23:00:00+00:00";"39";"10";"44";"2021";"NON";"NON";"10399";"";"";"";"2021-10-06";"51010";""
"10401";"3299";"PLUi/PLUiS";"CC";"2020-02-12 23:00:00+00:00";"2016-12-31 23:00:00+00:00";"39";"10";"44";"2021";"NON";"OUI";"10401";"";"";"";"2021-10-06";"159279";""
"10402";"1199";"CC";"COM";"2008-12-03 23:00:00+00:00";"2006-07-06 22:00:00+00:00";"19";"10";"44";"2021";"NON";"NON";"10402";"";"";"";"2021-10-06";"68872";""
"10403";"3299";"PLUi/PLUiS";"CC";"2020-02-12 23:00:00+00:00";"2016-12-31 23:00:00+00:00";"39";"10";"44";"2021";"NON";"OUI";"10403";"";"";"";"2021-10-06";"159279";""
"10406";"3199";"PLU";"COM";"2016-11-28 23:00:00+00:00";"2014-09-16 22:00:00+00:00";"39";"10";"44";"2021";"NON";"NON";"10406";"";"";"";"2021-10-06";"136226";""
"10411";"3299";"PLUi/PLUiS";"CC";"2020-02-12 23:00:00+00:00";"2016-12-31 23:00:00+00:00";"39";"10";"44";"2021";"NON";"OUI";"10411";"";"";"";"2021-10-06";"159279";""
"10412";"3199";"PLU";"COM";"2015-06-17 22:00:00+00:00";"2012-07-19 22:00:00+00:00";"39";"10";"44";"2021";"NON";"NON";"10412";"";"";"";"2021-10-06";"117642";""
"10416";"1199";"CC";"COM";"2002-09-18 22:00:00+00:00";"2001-12-31 23:00:00+00:00";"19";"10";"44";"2021";"NON";"NON";"10416";"";"";"";"2021-10-06";"67585";""
"10419";"3199";"PLU";"COM";"2014-02-06 23:00:00+00:00";"2011-04-18 22:00:00+00:00";"39";"10";"44";"2021";"NON";"NON";"10419";"";"";"";"2021-10-06";"49955";""
"10420";"3199";"PLU";"COM";"2009-06-25 22:00:00+00:00";"2006-09-13 22:00:00+00:00";"39";"10";"44";"2021";"NON";"NON";"10420";"";"";"";"2021-10-06";"51001";""
"10422";"1199";"CC";"COM";"2014-03-13 23:00:00+00:00";"2012-02-19 23:00:00+00:00";"19";"10";"44";"2021";"NON";"NON";"10422";"";"";"";"2021-10-06";"118549";""
"10423";"3299";"PLUi/PLUiS";"CC";"2020-02-12 23:00:00+00:00";"2016-12-31 23:00:00+00:00";"39";"10";"44";"2021";"NON";"OUI";"10423";"";"";"";"2021-10-06";"159279";""
"10425";"1199";"CC";"COM";"2002-05-02 22:00:00+00:00";"2001-06-30 22:00:00+00:00";"19";"10";"44";"2021";"NON";"NON";"10425";"";"";"";"2021-10-06";"67586";""
"10426";"3199";"PLU";"COM";"2018-04-12 22:00:00+00:00";"2015-06-04 22:00:00+00:00";"39";"10";"44";"2021";"NON";"NON";"10426";"";"";"";"2021-10-06";"146438";""
"10428";"3299";"PLUi/PLUiS";"CC";"2020-02-12 23:00:00+00:00";"2016-12-31 23:00:00+00:00";"39";"10";"44";"2021";"NON";"OUI";"10428";"";"";"";"2021-10-06";"159279";""
"10437";"3199";"PLU";"COM";"2013-03-07 23:00:00+00:00";"2009-05-06 22:00:00+00:00";"39";"10";"44";"2021";"NON";"NON";"10437";"";"";"";"2021-10-06";"63718";""
"10438";"3199";"PLU";"COM";"2018-03-21 23:00:00+00:00";"2015-09-27 22:00:00+00:00";"39";"10";"44";"2021";"NON";"NON";"10438";"";"";"";"2021-10-06";"158446";""
"10442";"3199";"PLU";"COM";"2010-07-23 22:00:00+00:00";"2007-09-18 22:00:00+00:00";"39";"10";"44";"2021";"NON";"NON";"10442";"";"";"";"2021-10-06";"56578";""
"10444";"1199";"CC";"COM";"2004-12-19 23:00:00+00:00";"2003-11-17 23:00:00+00:00";"19";"10";"44";"2021";"NON";"NON";"10444";"";"";"";"2021-10-06";"67587";""
"11001";"1199";"CC";"COM";"2008-11-25 23:00:00+00:00";"2008-06-02 22:00:00+00:00";"19";"11";"76";"2021";"NON";"NON";"11001";"";"";"";"2021-10-06";"65772";""
"11002";"1199";"CC";"COM";"2021-01-25 23:00:00+00:00";"2016-04-05 22:00:00+00:00";"19";"11";"76";"2021";"NON";"NON";"11002";"";"";"";"2021-10-06";"148104";""
"11003";"3433";"PLU";"CC";"2010-06-24 22:00:00+00:00";"2004-10-06 22:00:00+00:00";"33";"11";"76";"2021";"NON";"NON";"200071926";"";"";"";"2021-10-06";"51002";""
"11004";"3433";"PLU";"CC";"2014-02-25 23:00:00+00:00";"2010-12-07 23:00:00+00:00";"33";"11";"76";"2021";"NON";"NON";"200071926";"";"";"";"2021-10-06";"65046";""
"11006";"1199";"CC";"COM";"2013-09-29 22:00:00+00:00";"2001-05-31 22:00:00+00:00";"19";"11";"76";"2021";"NON";"NON";"11006";"";"";"";"2021-10-06";"65831";""
"11009";"3131";"PLU";"COM";"2013-10-06 22:00:00+00:00";"2010-05-02 22:00:00+00:00";"33";"11";"76";"2021";"NON";"NON";"11009";"";"";"";"2021-10-06";"61315";""
"11011";"3131";"PLU";"COM";"2007-02-05 23:00:00+00:00";"2003-06-25 22:00:00+00:00";"33";"11";"76";"2021";"NON";"NON";"11011";"";"";"";"2021-10-06";"51011";""
"11013";"3199";"PLU";"COM";"2007-09-02 22:00:00+00:00";"2001-10-29 23:00:00+00:00";"39";"11";"76";"2021";"NON";"NON";"11013";"";"";"";"2021-10-06";"51003";""
"11014";"3199";"PLU";"COM";"2005-09-14 22:00:00+00:00";"2001-07-25 22:00:00+00:00";"39";"11";"76";"2021";"NON";"NON";"11014";"";"";"";"2021-10-06";"51007";""
"11015";"3433";"PLU";"CC";"2007-02-07 23:00:00+00:00";"2003-07-01 22:00:00+00:00";"33";"11";"76";"2021";"NON";"NON";"200071926";"";"";"";"2021-10-06";"51012";""
"11017";"3299";"PLUi/PLUiS";"CC";"2019-12-18 23:00:00+00:00";"2015-12-16 23:00:00+00:00";"39";"11";"76";"2021";"NON";"OUI";"200043776";"";"";"";"2021-10-06";"143047";""
"11018";"3199";"PLU";"COM";"2010-09-20 22:00:00+00:00";"2004-07-05 22:00:00+00:00";"39";"11";"76";"2021";"NON";"NON";"11018";"";"";"";"2021-10-06";"51008";""
"11019";"3299";"PLUi/PLUiS";"CC";"2019-12-18 23:00:00+00:00";"2015-12-16 23:00:00+00:00";"39";"11";"76";"2021";"NON";"OUI";"200043776";"";"";"";"2021-10-06";"143047";""
"11021";"3299";"PLUi/PLUiS";"CC";"2019-12-18 23:00:00+00:00";"2015-12-16 23:00:00+00:00";"39";"11";"76";"2021";"NON";"OUI";"200043776";"";"";"";"2021-10-06";"143047";""
"11022";"3199";"PLU";"COM";"2008-05-25 22:00:00+00:00";"2003-11-16 23:00:00+00:00";"39";"11";"76";"2021";"NON";"NON";"11022";"";"";"";"2021-10-06";"56581";""
"11023";"3131";"PLU";"COM";"2006-10-25 22:00:00+00:00";"2003-05-07 22:00:00+00:00";"33";"11";"76";"2021";"NON";"NON";"11023";"";"";"";"2021-10-06";"51014";""
"11024";"3199";"PLU";"COM";"2006-03-09 23:00:00+00:00";"1997-11-05 23:00:00+00:00";"39";"11";"76";"2021";"NON";"NON";"11024";"";"";"";"2021-10-06";"56582";""
"11025";"1199";"CC";"COM";"2014-02-19 23:00:00+00:00";"2012-04-02 22:00:00+00:00";"19";"11";"76";"2021";"NON";"NON";"11025";"";"";"";"2021-10-06";"106074";""
"11026";"3199";"PLU";"COM";"2020-07-09 22:00:00+00:00";"2015-12-02 23:00:00+00:00";"39";"11";"76";"2021";"NON";"NON";"11026";"";"";"";"2021-10-06";"143433";""
"11027";"3131";"PLU";"COM";"2005-03-15 23:00:00+00:00";"2001-08-30 22:00:00+00:00";"33";"11";"76";"2021";"NON";"NON";"11027";"";"";"";"2021-10-06";"56580";""
"11028";"3299";"PLUi/PLUiS";"CC";"2019-12-18 23:00:00+00:00";"2015-12-16 23:00:00+00:00";"39";"11";"76";"2021";"NON";"OUI";"200043776";"";"";"";"2021-10-06";"143047";""
"11030";"3131";"PLU";"COM";"2009-02-26 23:00:00+00:00";"2006-09-25 22:00:00+00:00";"33";"11";"76";"2021";"NON";"NON";"11030";"";"";"";"2021-10-06";"57422";""
"11031";"3299";"PLUi/PLUiS";"CC";"2019-12-18 23:00:00+00:00";"2015-12-16 23:00:00+00:00";"39";"11";"76";"2021";"NON";"OUI";"200043776";"";"";"";"2021-10-06";"143047";""
"11033";"3199";"PLU";"COM";"2014-03-10 23:00:00+00:00";"2005-07-31 22:00:00+00:00";"39";"11";"76";"2021";"NON";"NON";"11033";"";"";"";"2021-10-06";"122861";""
"11034";"1433";"CC";"CC";"2004-01-05 23:00:00+00:00";"2001-08-21 22:00:00+00:00";"13";"11";"76";"2021";"NON";"NON";"200071926";"";"";"";"2021-10-06";"65295";""
"11035";"3299";"PLUi/PLUiS";"CC";"2019-12-18 23:00:00+00:00";"2015-12-16 23:00:00+00:00";"39";"11";"76";"2021";"NON";"OUI";"200043776";"";"";"";"2021-10-06";"143047";""
"11036";"3299";"PLUi/PLUiS";"CC";"2019-12-18 23:00:00+00:00";"2015-12-16 23:00:00+00:00";"39";"11";"76";"2021";"NON";"OUI";"200043776";"";"";"";"2021-10-06";"143047";""
"11037";"3199";"PLU";"COM";"2012-08-06 22:00:00+00:00";"2005-09-12 22:00:00+00:00";"39";"11";"76";"2021";"NON";"NON";"11037";"";"";"";"2021-10-06";"61319";""
"11038";"3299";"PLUi/PLUiS";"CC";"2019-12-18 23:00:00+00:00";"2015-12-16 23:00:00+00:00";"39";"11";"76";"2021";"NON";"OUI";"200043776";"";"";"";"2021-10-06";"143047";""
"11040";"3131";"PLU";"COM";"2004-11-01 23:00:00+00:00";"2001-10-28 23:00:00+00:00";"33";"11";"76";"2021";"NON";"NON";"11040";"";"";"";"2021-10-06";"57745";""
"11041";"3131";"PLU";"COM";"2006-06-28 22:00:00+00:00";"2002-10-30 23:00:00+00:00";"33";"11";"76";"2021";"NON";"NON";"11041";"";"";"";"2021-10-06";"51016";""
"11042";"1199";"CC";"COM";"2004-10-10 22:00:00+00:00";"2003-02-05 23:00:00+00:00";"19";"11";"76";"2021";"NON";"NON";"11042";"";"";"";"2021-10-06";"67590";""
"11043";"3199";"PLU";"COM";"2007-01-30 23:00:00+00:00";"2004-06-06 22:00:00+00:00";"39";"11";"76";"2021";"NON";"NON";"11043";"";"";"";"2021-10-06";"51019";""
"11047";"3299";"PLUi/PLUiS";"CC";"2019-12-18 23:00:00+00:00";"2015-12-16 23:00:00+00:00";"39";"11";"76";"2021";"NON";"OUI";"200043776";"";"";"";"2021-10-06";"143047";""
"11048";"3199";"PLU";"COM";"2007-05-28 22:00:00+00:00";"2001-11-05 23:00:00+00:00";"39";"11";"76";"2021";"NON";"NON";"11048";"";"";"";"2021-10-06";"51020";""
"11049";"3131";"PLU";"COM";"2010-06-13 22:00:00+00:00";"2008-03-30 22:00:00+00:00";"33";"11";"76";"2021";"NON";"NON";"11049";"";"";"";"2021-10-06";"51017";""
"11051";"3199";"PLU";"COM";"2020-07-20 22:00:00+00:00";"2015-02-25 23:00:00+00:00";"39";"11";"76";"2021";"NON";"NON";"11051";"";"";"";"2021-10-06";"138792";""
"11052";"3199";"PLU";"COM";"2015-11-18 23:00:00+00:00";"2007-09-16 22:00:00+00:00";"39";"11";"76";"2021";"NON";"NON";"11052";"";"";"";"2021-10-06";"49200";""
"11053";"1433";"CC";"CC";"2008-04-06 22:00:00+00:00";"2006-02-12 23:00:00+00:00";"13";"11";"76";"2021";"NON";"NON";"200071926";"";"";"";"2021-10-06";"111816";""
"11055";"3433";"PLU";"CC";"2013-02-21 23:00:00+00:00";"2006-09-17 22:00:00+00:00";"33";"11";"76";"2021";"NON";"NON";"200071926";"";"";"";"2021-10-06";"61321";""
"11057";"3199";"PLU";"COM";"2014-03-06 23:00:00+00:00";"2005-07-31 22:00:00+00:00";"39";"11";"76";"2021";"NON";"NON";"11057";"";"";"";"2021-10-06";"122862";""
"11058";"3433";"PLU";"CC";"2013-10-27 23:00:00+00:00";"2008-10-05 22:00:00+00:00";"33";"11";"76";"2021";"NON";"NON";"200071926";"";"";"";"2021-10-06";"64365";""
"11059";"1433";"CC";"CC";"2010-05-18 22:00:00+00:00";"2009-03-15 23:00:00+00:00";"13";"11";"76";"2021";"NON";"NON";"200071926";"";"";"";"2021-10-06";"103937";""
"11060";"3299";"PLUi/PLUiS";"CC";"2019-12-18 23:00:00+00:00";"2015-12-16 23:00:00+00:00";"39";"11";"76";"2021";"NON";"OUI";"200043776";"";"";"";"2021-10-06";"143047";""
"11061";"1433";"CC";"CC";"2008-02-20 23:00:00+00:00";"2005-12-19 23:00:00+00:00";"13";"11";"76";"2021";"NON";"NON";"200071926";"";"";"";"2021-10-06";"68875";""
"11062";"3299";"PLUi/PLUiS";"CC";"2019-12-18 23:00:00+00:00";"2015-12-16 23:00:00+00:00";"39";"11";"76";"2021";"NON";"OUI";"200043776";"";"";"";"2021-10-06";"143047";""
"11063";"3299";"PLUi/PLUiS";"CC";"2019-12-18 23:00:00+00:00";"2015-12-16 23:00:00+00:00";"39";"11";"76";"2021";"NON";"OUI";"200043776";"";"";"";"2021-10-06";"143047";""
"11064";"1199";"CC";"COM";"2011-01-26 23:00:00+00:00";"2005-01-30 23:00:00+00:00";"19";"11";"76";"2021";"NON";"NON";"11064";"";"";"";"2021-10-06";"65834";""
"11066";"3299";"PLUi/PLUiS";"CC";"2019-12-18 23:00:00+00:00";"2015-12-16 23:00:00+00:00";"39";"11";"76";"2021";"NON";"OUI";"200043776";"";"";"";"2021-10-06";"143047";""
"11067";"3199";"PLU";"COM";"2004-03-21 23:00:00+00:00";"2000-11-28 23:00:00+00:00";"39";"11";"76";"2021";"NON";"NON";"11067";"";"";"";"2021-10-06";"53155";""
"11068";"3199";"PLU";"COM";"2020-11-22 23:00:00+00:00";"2016-10-16 22:00:00+00:00";"39";"11";"76";"2021";"NON";"NON";"11068";"";"";"";"2021-10-06";"151589";""
"11069";"3131";"PLU";"COM";"2017-03-08 23:00:00+00:00";"2013-11-06 23:00:00+00:00";"33";"11";"76";"2021";"NON";"NON";"11069";"";"";"";"2021-10-06";"126926";""
"11070";"3199";"PLU";"COM";"2019-03-05 23:00:00+00:00";"2011-05-25 22:00:00+00:00";"39";"11";"76";"2021";"NON";"NON";"11070";"";"";"";"2021-10-06";"120529";""
"11074";"3199";"PLU";"COM";"2020-02-03 23:00:00+00:00";"2015-12-15 23:00:00+00:00";"39";"11";"76";"2021";"NON";"NON";"11074";"";"";"";"2021-10-06";"144174";""
"11075";"1199";"CC";"COM";"2003-07-02 22:00:00+00:00";"2001-06-14 22:00:00+00:00";"19";"11";"76";"2021";"NON";"NON";"11075";"";"";"";"2021-10-06";"67592";""
"11076";"3199";"PLU";"COM";"2018-01-23 23:00:00+00:00";"2013-04-03 22:00:00+00:00";"39";"11";"76";"2021";"NON";"NON";"11076";"";"";"";"2021-10-06";"121108";""
"11077";"1199";"CC";"COM";"2015-04-21 22:00:00+00:00";"2012-01-26 23:00:00+00:00";"19";"11";"76";"2021";"NON";"NON";"11077";"";"";"";"2021-10-06";"120342";""
"11080";"3299";"PLUi/PLUiS";"CC";"2019-12-18 23:00:00+00:00";"2015-12-16 23:00:00+00:00";"39";"11";"76";"2021";"NON";"OUI";"200043776";"";"";"";"2021-10-06";"143047";""
"11081";"3199";"PLU";"COM";"2008-07-15 22:00:00+00:00";"2002-07-01 22:00:00+00:00";"39";"11";"76";"2021";"NON";"NON";"11081";"";"";"";"2021-10-06";"51022";""
"11084";"3199";"PLU";"COM";"2011-01-31 23:00:00+00:00";"2004-05-17 22:00:00+00:00";"39";"11";"76";"2021";"NON";"NON";"11084";"";"";"";"2021-10-06";"61322";""
"11085";"3199";"PLU";"COM";"2012-07-31 22:00:00+00:00";"2004-04-20 22:00:00+00:00";"39";"11";"76";"2021";"NON";"NON";"11085";"";"";"";"2021-10-06";"61323";""
"11086";"3199";"PLU";"COM";"2008-01-27 23:00:00+00:00";"2005-04-25 22:00:00+00:00";"39";"11";"76";"2021";"NON";"NON";"11086";"";"";"";"2021-10-06";"56579";""
"11088";"3199";"PLU";"COM";"2006-06-18 22:00:00+00:00";"2004-04-28 22:00:00+00:00";"39";"11";"76";"2021";"NON";"NON";"11088";"";"";"";"2021-10-06";"51027";""
"11089";"1111";"CC";"COM";"2004-11-01 23:00:00+00:00";"2002-01-24 23:00:00+00:00";"11";"11";"76";"2021";"NON";"NON";"11089";"";"";"";"2021-10-06";"68876";""
"11090";"3433";"PLU";"CC";"2005-04-07 22:00:00+00:00";"2002-09-05 22:00:00+00:00";"33";"11";"76";"2021";"NON";"NON";"200071926";"";"";"";"2021-10-06";"51030";""
"11091";"3299";"PLUi/PLUiS";"CC";"2019-12-18 23:00:00+00:00";"2015-12-16 23:00:00+00:00";"39";"11";"76";"2021";"NON";"OUI";"200043776";"";"";"";"2021-10-06";"143047";""
"11093";"3299";"PLUi/PLUiS";"CC";"2019-12-18 23:00:00+00:00";"2015-12-16 23:00:00+00:00";"39";"11";"76";"2021";"NON";"OUI";"200043776";"";"";"";"2021-10-06";"143047";""
"11095";"1199";"CC";"COM";"2006-05-02 22:00:00+00:00";"2004-05-04 22:00:00+00:00";"19";"11";"76";"2021";"NON";"NON";"11095";"";"";"";"2021-10-06";"67593";""
"11096";"3299";"PLUi/PLUiS";"CC";"2019-12-18 23:00:00+00:00";"2015-12-16 23:00:00+00:00";"39";"11";"76";"2021";"NON";"OUI";"200043776";"";"";"";"2021-10-06";"143047";""
"11098";"3131";"PLU";"COM";"2008-04-24 22:00:00+00:00";"2005-06-07 22:00:00+00:00";"33";"11";"76";"2021";"NON";"NON";"11098";"";"";"";"2021-10-06";"51029";""
"11099";"3199";"PLU";"COM";"2013-05-23 22:00:00+00:00";"2009-02-26 23:00:00+00:00";"39";"11";"76";"2021";"NON";"NON";"11099";"";"";"";"2021-10-06";"91954";""
"11100";"3299";"PLUi/PLUiS";"CC";"2019-12-18 23:00:00+00:00";"2015-12-16 23:00:00+00:00";"39";"11";"76";"2021";"NON";"OUI";"200043776";"";"";"";"2021-10-06";"143047";""
"11101";"3299";"PLUi/PLUiS";"CC";"2019-12-18 23:00:00+00:00";"2015-12-16 23:00:00+00:00";"39";"11";"76";"2021";"NON";"OUI";"200043776";"";"";"";"2021-10-06";"143047";""
"11102";"3199";"PLU";"COM";"2009-03-15 23:00:00+00:00";"2003-04-27 22:00:00+00:00";"39";"11";"76";"2021";"NON";"NON";"11102";"";"";"";"2021-10-06";"102426";""
"11103";"3433";"PLU";"CC";"2018-06-27 22:00:00+00:00";"2011-09-05 22:00:00+00:00";"33";"11";"76";"2021";"NON";"NON";"200071926";"";"";"";"2021-10-06";"81455";""
"11104";"3299";"PLUi/PLUiS";"CC";"2019-12-18 23:00:00+00:00";"2015-12-16 23:00:00+00:00";"39";"11";"76";"2021";"NON";"OUI";"200043776";"";"";"";"2021-10-06";"143047";""
"11105";"3433";"PLU";"CC";"2008-02-13 23:00:00+00:00";"2004-01-19 23:00:00+00:00";"33";"11";"76";"2021";"NON";"NON";"200071926";"";"";"";"2021-10-06";"51031";""
"11106";"3199";"PLU";"COM";"2018-01-28 23:00:00+00:00";"2011-04-06 22:00:00+00:00";"39";"11";"76";"2021";"NON";"NON";"11106";"";"";"";"2021-10-06";"61325";""
"11107";"3299";"PLUi/PLUiS";"CC";"2019-12-18 23:00:00+00:00";"2015-12-16 23:00:00+00:00";"39";"11";"76";"2021";"NON";"OUI";"200043776";"";"";"";"2021-10-06";"143047";""
"11109";"1433";"CC";"CC";"2008-02-19 23:00:00+00:00";"2005-01-11 23:00:00+00:00";"13";"11";"76";"2021";"NON";"NON";"200071926";"";"";"";"2021-10-06";"64798";""
"11110";"1199";"CC";"COM";"2008-07-06 22:00:00+00:00";"2005-05-14 22:00:00+00:00";"19";"11";"76";"2021";"NON";"NON";"11110";"";"";"";"2021-10-06";"68877";""
"11111";"3199";"PLU";"COM";"2018-07-02 22:00:00+00:00";"2012-06-06 22:00:00+00:00";"39";"11";"76";"2021";"NON";"NON";"11111";"";"";"";"2021-10-06";"100518";""
"11112";"1433";"CC";"CC";"2007-07-15 22:00:00+00:00";"2001-04-03 22:00:00+00:00";"13";"11";"76";"2021";"NON";"NON";"200071926";"";"";"";"2021-10-06";"68853";""
"11113";"1199";"CC";"COM";"2006-01-25 23:00:00+00:00";"2001-10-08 22:00:00+00:00";"19";"11";"76";"2021";"NON";"NON";"11113";"";"";"";"2021-10-06";"67594";""
"11114";"3131";"PLU";"COM";"2009-02-26 23:00:00+00:00";"2006-09-26 22:00:00+00:00";"33";"11";"76";"2021";"NON";"NON";"11114";"";"";"";"2021-10-06";"51034";""
"11115";"3199";"PLU";"COM";"2013-12-09 23:00:00+00:00";"2008-04-10 22:00:00+00:00";"39";"11";"76";"2021";"NON";"NON";"11115";"";"";"";"2021-10-06";"49202";""
"11116";"3131";"PLU";"COM";"2015-06-03 22:00:00+00:00";"2006-10-11 22:00:00+00:00";"33";"11";"76";"2021";"NON";"NON";"11116";"";"";"";"2021-10-06";"112313";""
"11118";"3199";"PLU";"COM";"2019-10-23 22:00:00+00:00";"2014-09-11 22:00:00+00:00";"39";"11";"76";"2021";"NON";"NON";"11118";"";"";"";"2021-10-06";"132236";""
"11119";"3433";"PLU";"CC";"2007-06-20 22:00:00+00:00";"2003-03-26 23:00:00+00:00";"33";"11";"76";"2021";"NON";"NON";"200071926";"";"";"";"2021-10-06";"51035";""
"11120";"1433";"CC";"CC";"2004-01-19 23:00:00+00:00";"2002-07-02 22:00:00+00:00";"13";"11";"76";"2021";"NON";"NON";"200071926";"";"";"";"2021-10-06";"65027";""
"11121";"1433";"CC";"CC";"2011-07-03 22:00:00+00:00";"2008-11-24 23:00:00+00:00";"13";"11";"76";"2021";"NON";"NON";"200071926";"";"";"";"2021-10-06";"66685";""
"11122";"1199";"CC";"COM";"2006-02-23 23:00:00+00:00";"2004-10-14 22:00:00+00:00";"19";"11";"76";"2021";"NON";"NON";"11122";"";"";"";"2021-10-06";"67595";""
"11124";"1131";"CC";"COM";"2005-08-09 22:00:00+00:00";"2001-10-09 22:00:00+00:00";"13";"11";"76";"2021";"NON";"NON";"11124";"";"";"";"2021-10-06";"64885";""
"11126";"3199";"PLU";"COM";"2017-07-30 22:00:00+00:00";"2006-12-18 23:00:00+00:00";"39";"11";"76";"2021";"NON";"NON";"11126";"";"";"";"2021-10-06";"65141";""
"11127";"3299";"PLUi/PLUiS";"CC";"2019-12-18 23:00:00+00:00";"2015-12-16 23:00:00+00:00";"39";"11";"76";"2021";"NON";"OUI";"200043776";"";"";"";"2021-10-06";"143047";""
"11129";"3299";"PLUi/PLUiS";"CC";"2019-12-18 23:00:00+00:00";"2015-12-16 23:00:00+00:00";"39";"11";"76";"2021";"NON";"OUI";"200043776";"";"";"";"2021-10-06";"143047";""
"11130";"3299";"PLUi/PLUiS";"CC";"2019-12-18 23:00:00+00:00";"2015-12-16 23:00:00+00:00";"39";"11";"76";"2021";"NON";"OUI";"200043776";"";"";"";"2021-10-06";"143047";""
"11131";"3299";"PLUi/PLUiS";"CC";"2019-12-18 23:00:00+00:00";"2015-12-16 23:00:00+00:00";"39";"11";"76";"2021";"NON";"OUI";"200043776";"";"";"";"2021-10-06";"143047";""
"11132";"3131";"PLU";"COM";"2008-03-25 23:00:00+00:00";"2006-01-31 23:00:00+00:00";"33";"11";"76";"2021";"NON";"NON";"11132";"";"";"";"2021-10-06";"51040";""
"11134";"3199";"PLU";"COM";"2009-02-26 23:00:00+00:00";"2006-09-25 22:00:00+00:00";"39";"11";"76";"2021";"NON";"NON";"11134";"";"";"";"2021-10-06";"56742";""
"11135";"3299";"PLUi/PLUiS";"CC";"2019-12-18 23:00:00+00:00";"2015-12-16 23:00:00+00:00";"39";"11";"76";"2021";"NON";"OUI";"200043776";"";"";"";"2021-10-06";"143047";""
"11136";"3199";"PLU";"COM";"2020-12-15 23:00:00+00:00";"2015-03-09 23:00:00+00:00";"39";"11";"76";"2021";"NON";"NON";"11136";"";"";"";"2021-10-06";"137819";""
"11138";"1111";"CC";"COM";"2013-01-10 23:00:00+00:00";"2011-04-27 22:00:00+00:00";"11";"11";"76";"2021";"NON";"NON";"11138";"";"";"";"2021-10-06";"86978";""
"11140";"3199";"PLU";"COM";"2005-04-26 22:00:00+00:00";"2001-09-04 22:00:00+00:00";"39";"11";"76";"2021";"NON";"NON";"11140";"";"";"";"2021-10-06";"51038";""
"11141";"1199";"CC";"COM";"2011-11-29 23:00:00+00:00";"2006-06-11 22:00:00+00:00";"19";"11";"76";"2021";"NON";"NON";"11141";"";"";"";"2021-10-06";"65837";""
"11145";"3199";"PLU";"COM";"2013-10-21 22:00:00+00:00";"2007-05-09 22:00:00+00:00";"39";"11";"76";"2021";"NON";"NON";"11145";"";"";"";"2021-10-06";"63798";""
"11147";"3299";"PLUi/PLUiS";"CC";"2019-12-18 23:00:00+00:00";"2015-12-16 23:00:00+00:00";"39";"11";"76";"2021";"NON";"OUI";"200043776";"";"";"";"2021-10-06";"143047";""
"11149";"1199";"CC";"COM";"2010-06-29 22:00:00+00:00";"2006-09-14 22:00:00+00:00";"19";"11";"76";"2021";"NON";"NON";"11149";"";"";"";"2021-10-06";"68854";""
"11150";"1131";"CC";"COM";"2006-06-29 22:00:00+00:00";"2003-04-29 22:00:00+00:00";"13";"11";"76";"2021";"NON";"NON";"11150";"";"";"";"2021-10-06";"64887";""
"11152";"1111";"CC";"COM";"2005-02-03 23:00:00+00:00";"2001-06-29 22:00:00+00:00";"11";"11";"76";"2021";"NON";"NON";"11152";"";"";"";"2021-10-06";"68855";""
"11153";"3131";"PLU";"COM";"2008-12-07 23:00:00+00:00";"2006-12-03 23:00:00+00:00";"33";"11";"76";"2021";"NON";"NON";"11153";"";"";"";"2021-10-06";"51051";""
"11157";"1111";"CC";"COM";"2003-11-03 23:00:00+00:00";"2001-09-11 22:00:00+00:00";"11";"11";"76";"2021";"NON";"NON";"11157";"";"";"";"2021-10-06";"65347";""
"11159";"1199";"CC";"COM";"2013-01-17 23:00:00+00:00";"2011-03-07 23:00:00+00:00";"19";"11";"76";"2021";"NON";"NON";"11159";"";"";"";"2021-10-06";"103940";""
"11160";"3299";"PLUi/PLUiS";"CC";"2019-12-18 23:00:00+00:00";"2015-12-16 23:00:00+00:00";"39";"11";"76";"2021";"NON";"OUI";"200043776";"";"";"";"2021-10-06";"143047";""
"11161";"1433";"CC";"CC";"2008-09-14 22:00:00+00:00";"2007-01-14 23:00:00+00:00";"13";"11";"76";"2021";"NON";"NON";"200071926";"";"";"";"2021-10-06";"65840";""
"11163";"3299";"PLUi/PLUiS";"CC";"2019-12-18 23:00:00+00:00";"2015-12-16 23:00:00+00:00";"39";"11";"76";"2021";"NON";"OUI";"200043776";"";"";"";"2021-10-06";"143047";""
"11164";"3199";"PLU";"COM";"2009-04-07 22:00:00+00:00";"2007-01-21 23:00:00+00:00";"39";"11";"76";"2021";"NON";"NON";"11164";"";"";"";"2021-10-06";"61328";""
"11165";"3299";"PLUi/PLUiS";"CC";"2019-12-18 23:00:00+00:00";"2015-12-16 23:00:00+00:00";"39";"11";"76";"2021";"NON";"OUI";"200043776";"";"";"";"2021-10-06";"143047";""
"11168";"3299";"PLUi/PLUiS";"CC";"2019-12-18 23:00:00+00:00";"2015-12-16 23:00:00+00:00";"39";"11";"76";"2021";"NON";"OUI";"200043776";"";"";"";"2021-10-06";"143047";""
"11170";"3131";"PLU";"COM";"2008-10-27 23:00:00+00:00";"2002-11-19 23:00:00+00:00";"33";"11";"76";"2021";"NON";"NON";"11170";"";"";"";"2021-10-06";"51046";""
"11173";"1199";"CC";"COM";"2012-01-26 23:00:00+00:00";"2008-03-25 23:00:00+00:00";"19";"11";"76";"2021";"NON";"NON";"11173";"";"";"";"2021-10-06";"66686";""
"11175";"1131";"CC";"COM";"2004-06-13 22:00:00+00:00";"2002-02-18 23:00:00+00:00";"13";"11";"76";"2021";"NON";"NON";"11175";"";"";"";"2021-10-06";"67598";""
"11177";"3299";"PLUi/PLUiS";"CC";"2019-12-18 23:00:00+00:00";"2015-12-16 23:00:00+00:00";"39";"11";"76";"2021";"NON";"OUI";"200043776";"";"";"";"2021-10-06";"143047";""
"11178";"3131";"PLU";"COM";"2007-12-10 23:00:00+00:00";"2004-02-22 23:00:00+00:00";"33";"11";"76";"2021";"NON";"NON";"11178";"";"";"";"2021-10-06";"51047";""
"11179";"1199";"CC";"COM";"2004-07-08 22:00:00+00:00";"2002-09-06 22:00:00+00:00";"19";"11";"76";"2021";"NON";"NON";"11179";"";"";"";"2021-10-06";"67599";""
"11181";"3131";"PLU";"COM";"2013-04-23 22:00:00+00:00";"2006-12-06 23:00:00+00:00";"33";"11";"76";"2021";"NON";"NON";"11181";"";"";"";"2021-10-06";"61327";""
"11182";"3199";"PLU";"COM";"2007-07-11 22:00:00+00:00";"2004-01-05 23:00:00+00:00";"39";"11";"76";"2021";"NON";"NON";"11182";"";"";"";"2021-10-06";"51043";""
"11184";"3199";"PLU";"COM";"2014-03-12 23:00:00+00:00";"2005-07-31 22:00:00+00:00";"39";"11";"76";"2021";"NON";"NON";"11184";"";"";"";"2021-10-06";"122865";""
"11188";"3131";"PLU";"COM";"2006-07-09 22:00:00+00:00";"2002-12-04 23:00:00+00:00";"33";"11";"76";"2021";"NON";"NON";"11188";"";"";"";"2021-10-06";"51056";""
"11189";"1111";"CC";"COM";"2009-05-10 22:00:00+00:00";"2006-04-26 22:00:00+00:00";"11";"11";"76";"2021";"NON";"NON";"11189";"";"";"";"2021-10-06";"68878";""
"11190";"3199";"PLU";"COM";"2013-11-26 23:00:00+00:00";"2010-10-18 22:00:00+00:00";"39";"11";"76";"2021";"NON";"NON";"11190";"";"";"";"2021-10-06";"95245";""
"11192";"3131";"PLU";"COM";"2012-03-28 22:00:00+00:00";"2005-09-05 22:00:00+00:00";"33";"11";"76";"2021";"NON";"NON";"11192";"";"";"";"2021-10-06";"61329";""
"11193";"1199";"CC";"COM";"2015-06-18 22:00:00+00:00";"2011-05-29 22:00:00+00:00";"19";"11";"76";"2021";"NON";"NON";"11193";"";"";"";"2021-10-06";"122022";""
"11195";"1131";"CC";"COM";"2005-02-27 23:00:00+00:00";"2001-09-18 22:00:00+00:00";"13";"11";"76";"2021";"NON";"NON";"11195";"";"";"";"2021-10-06";"67600";""
"11196";"1199";"CC";"COM";"2019-02-20 23:00:00+00:00";"2015-05-12 22:00:00+00:00";"19";"11";"76";"2021";"NON";"NON";"11196";"";"";"";"2021-10-06";"140816";""
"11197";"3433";"PLU";"CC";"2011-06-19 22:00:00+00:00";"2005-04-27 22:00:00+00:00";"33";"11";"76";"2021";"NON";"NON";"200071926";"";"";"";"2021-10-06";"64367";""
"11198";"3199";"PLU";"COM";"2009-04-06 22:00:00+00:00";"2003-06-09 22:00:00+00:00";"39";"11";"76";"2021";"NON";"NON";"11198";"";"";"";"2021-10-06";"51048";""
"11199";"3199";"PLU";"COM";"2009-05-04 22:00:00+00:00";"2003-12-21 23:00:00+00:00";"39";"11";"76";"2021";"NON";"NON";"11199";"";"";"";"2021-10-06";"57184";""
"11201";"3199";"PLU";"COM";"2018-12-18 23:00:00+00:00";"2015-03-04 23:00:00+00:00";"39";"11";"76";"2021";"NON";"NON";"11201";"";"";"";"2021-10-06";"137649";""
"11202";"3131";"PLU";"COM";"2007-08-22 22:00:00+00:00";"2002-11-27 23:00:00+00:00";"33";"11";"76";"2021";"NON";"NON";"11202";"";"";"";"2021-10-06";"51049";""
"11203";"3199";"PLU";"COM";"2017-12-20 23:00:00+00:00";"2005-11-15 23:00:00+00:00";"39";"11";"76";"2021";"NON";"NON";"11203";"";"";"";"2021-10-06";"64368";""
"11206";"3433";"PLU";"CC";"2004-03-17 23:00:00+00:00";"1995-08-01 22:00:00+00:00";"33";"11";"76";"2021";"NON";"NON";"200071926";"";"";"";"2021-10-06";"57185";""
"11208";"3199";"PLU";"COM";"2009-02-26 23:00:00+00:00";"2006-10-05 22:00:00+00:00";"39";"11";"76";"2021";"NON";"NON";"11208";"";"";"";"2021-10-06";"57186";""
"11209";"3433";"PLU";"CC";"2011-12-19 23:00:00+00:00";"2008-10-05 22:00:00+00:00";"33";"11";"76";"2021";"NON";"NON";"200071926";"";"";"";"2021-10-06";"63748";""
"11210";"1199";"CC";"COM";"2008-02-07 23:00:00+00:00";"2003-09-15 22:00:00+00:00";"19";"11";"76";"2021";"NON";"NON";"11210";"";"";"";"2021-10-06";"68858";""
"11211";"3433";"PLU";"CC";"2005-11-14 23:00:00+00:00";"2002-09-29 22:00:00+00:00";"33";"11";"76";"2021";"NON";"NON";"200071926";"";"";"";"2021-10-06";"51054";""
"11214";"3433";"PLU";"CC";"2009-11-11 23:00:00+00:00";"2005-03-14 23:00:00+00:00";"33";"11";"76";"2021";"NON";"NON";"200071926";"";"";"";"2021-10-06";"51050";""
"11215";"3199";"PLU";"COM";"2017-02-26 23:00:00+00:00";"2013-10-06 22:00:00+00:00";"39";"11";"76";"2021";"NON";"NON";"11215";"";"";"";"2021-10-06";"126182";""
"11216";"1433";"CC";"CC";"2011-12-07 23:00:00+00:00";"2005-11-13 23:00:00+00:00";"13";"11";"76";"2021";"NON";"NON";"200071926";"";"";"";"2021-10-06";"68859";""
"11217";"3199";"PLU";"COM";"2008-01-10 23:00:00+00:00";"2003-09-22 22:00:00+00:00";"39";"11";"76";"2021";"NON";"NON";"11217";"";"";"";"2021-10-06";"51057";""
"11218";"3131";"PLU";"COM";"2009-02-24 23:00:00+00:00";"2006-09-18 22:00:00+00:00";"33";"11";"76";"2021";"NON";"NON";"11218";"";"";"";"2021-10-06";"51062";""
"11219";"3299";"PLUi/PLUiS";"CC";"2019-12-18 23:00:00+00:00";"2015-12-16 23:00:00+00:00";"39";"11";"76";"2021";"NON";"OUI";"200043776";"";"";"";"2021-10-06";"143047";""
"11220";"3199";"PLU";"COM";"2016-09-04 22:00:00+00:00";"2012-02-22 23:00:00+00:00";"39";"11";"76";"2021";"NON";"NON";"11220";"";"";"";"2021-10-06";"64371";""
"11221";"3131";"PLU";"COM";"2013-06-18 22:00:00+00:00";"2006-04-23 22:00:00+00:00";"33";"11";"76";"2021";"NON";"NON";"11221";"";"";"";"2021-10-06";"61334";""
"11225";"3199";"PLU";"COM";"2019-09-08 22:00:00+00:00";"2016-02-09 23:00:00+00:00";"39";"11";"76";"2021";"NON";"NON";"11225";"";"";"";"2021-10-06";"146756";""
"11229";"3299";"PLUi/PLUiS";"CC";"2019-12-18 23:00:00+00:00";"2015-12-16 23:00:00+00:00";"39";"11";"76";"2021";"NON";"OUI";"200043776";"";"";"";"2021-10-06";"143047";""
"11230";"3299";"PLUi/PLUiS";"CC";"2019-12-18 23:00:00+00:00";"2015-12-16 23:00:00+00:00";"39";"11";"76";"2021";"NON";"OUI";"200043776";"";"";"";"2021-10-06";"143047";""
"11231";"3131";"PLU";"COM";"2009-02-26 23:00:00+00:00";"2006-09-19 22:00:00+00:00";"33";"11";"76";"2021";"NON";"NON";"11231";"";"";"";"2021-10-06";"51063";""
"11233";"3199";"PLU";"COM";"2021-06-02 22:00:00+00:00";"2015-06-08 22:00:00+00:00";"39";"11";"76";"2021";"NON";"NON";"11233";"";"";"";"2021-10-06";"140831";""
"11234";"1199";"CC";"COM";"2007-03-08 23:00:00+00:00";"2001-09-24 22:00:00+00:00";"19";"11";"76";"2021";"NON";"NON";"11234";"";"";"";"2021-10-06";"68879";""
"11236";"3199";"PLU";"COM";"2014-02-27 23:00:00+00:00";"2005-07-31 22:00:00+00:00";"39";"11";"76";"2021";"NON";"NON";"11236";"";"";"";"2021-10-06";"122866";""
"11238";"3131";"PLU";"COM";"2009-02-26 23:00:00+00:00";"2006-09-24 22:00:00+00:00";"33";"11";"76";"2021";"NON";"NON";"11238";"";"";"";"2021-10-06";"51065";""
"11239";"3199";"PLU";"COM";"2020-12-16 23:00:00+00:00";"2016-02-11 23:00:00+00:00";"39";"11";"76";"2021";"NON";"NON";"11239";"";"";"";"2021-10-06";"147423";""
"11240";"1433";"CC";"CC";"2010-12-27 23:00:00+00:00";"2008-09-10 22:00:00+00:00";"13";"11";"76";"2021";"NON";"NON";"200071926";"";"";"";"2021-10-06";"83847";""
"11241";"3199";"PLU";"COM";"2011-07-11 22:00:00+00:00";"2006-01-22 23:00:00+00:00";"39";"11";"76";"2021";"NON";"NON";"11241";"";"";"";"2021-10-06";"61337";""
"11242";"1199";"CC";"COM";"2004-09-21 22:00:00+00:00";"2001-09-05 22:00:00+00:00";"19";"11";"76";"2021";"NON";"NON";"11242";"";"";"";"2021-10-06";"68881";""
"11243";"1131";"CC";"COM";"2008-05-05 22:00:00+00:00";"2002-04-10 22:00:00+00:00";"13";"11";"76";"2021";"NON";"NON";"11243";"";"";"";"2021-10-06";"67601";""
"11244";"3299";"PLUi/PLUiS";"CC";"2019-12-18 23:00:00+00:00";"2015-12-16 23:00:00+00:00";"39";"11";"76";"2021";"NON";"OUI";"200043776";"";"";"";"2021-10-06";"143047";""
"11249";"3299";"PLUi/PLUiS";"CC";"2019-12-18 23:00:00+00:00";"2015-12-16 23:00:00+00:00";"39";"11";"76";"2021";"NON";"OUI";"200043776";"";"";"";"2021-10-06";"143047";""
"11251";"3199";"PLU";"COM";"2021-03-31 22:00:00+00:00";"2017-10-09 22:00:00+00:00";"39";"11";"76";"2021";"NON";"NON";"11251";"";"";"";"2021-10-06";"49210";""
"11252";"1199";"CC";"COM";"2007-01-12 23:00:00+00:00";"2004-12-12 23:00:00+00:00";"19";"11";"76";"2021";"NON";"NON";"11252";"";"";"";"2021-10-06";"67603";""
"11253";"3199";"PLU";"COM";"2013-06-23 22:00:00+00:00";"2003-10-08 22:00:00+00:00";"39";"11";"76";"2021";"NON";"NON";"11253";"";"";"";"2021-10-06";"61338";""
"11254";"3131";"PLU";"COM";"2010-03-10 23:00:00+00:00";"2002-09-08 22:00:00+00:00";"33";"11";"76";"2021";"NON";"NON";"11254";"";"";"";"2021-10-06";"51058";""
"11255";"3131";"PLU";"COM";"2004-03-16 23:00:00+00:00";"1996-03-13 23:00:00+00:00";"33";"11";"76";"2021";"NON";"NON";"11255";"";"";"";"2021-10-06";"57187";""
"11259";"3199";"PLU";"COM";"2014-02-25 23:00:00+00:00";"2003-11-12 23:00:00+00:00";"39";"11";"76";"2021";"NON";"NON";"11259";"";"";"";"2021-10-06";"63731";""
"11261";"1199";"CC";"COM";"2006-03-12 23:00:00+00:00";"2003-10-06 22:00:00+00:00";"19";"11";"76";"2021";"NON";"NON";"11261";"";"";"";"2021-10-06";"67604";""
"11262";"3199";"PLU";"COM";"2006-07-11 22:00:00+00:00";"2002-07-08 22:00:00+00:00";"39";"11";"76";"2021";"NON";"NON";"11262";"";"";"";"2021-10-06";"57763";""
"11263";"3299";"PLUi/PLUiS";"CC";"2019-12-18 23:00:00+00:00";"2015-12-16 23:00:00+00:00";"39";"11";"76";"2021";"NON";"OUI";"200043776";"";"";"";"2021-10-06";"143047";""
"11264";"3199";"PLU";"COM";"2019-11-25 23:00:00+00:00";"2017-07-10 22:00:00+00:00";"39";"11";"76";"2021";"NON";"NON";"11264";"";"";"";"2021-10-06";"61339";""
"11265";"3299";"PLUi/PLUiS";"CC";"2019-12-18 23:00:00+00:00";"2015-12-16 23:00:00+00:00";"39";"11";"76";"2021";"NON";"OUI";"200043776";"";"";"";"2021-10-06";"143047";""
"11266";"3199";"PLU";"COM";"2013-12-26 23:00:00+00:00";"2001-06-24 22:00:00+00:00";"39";"11";"76";"2021";"NON";"NON";"11266";"";"";"";"2021-10-06";"64369";""
"11267";"3199";"PLU";"COM";"2018-09-26 22:00:00+00:00";"2012-06-27 22:00:00+00:00";"39";"11";"76";"2021";"NON";"NON";"11267";"";"";"";"2021-10-06";"110464";""
"11269";"3199";"PLU";"COM";"2006-12-18 23:00:00+00:00";"2003-04-16 22:00:00+00:00";"39";"11";"76";"2021";"NON";"NON";"11269";"";"";"";"2021-10-06";"57188";""
"11272";"3199";"PLU";"COM";"2013-04-14 22:00:00+00:00";"2008-11-02 23:00:00+00:00";"39";"11";"76";"2021";"NON";"NON";"11272";"";"";"";"2021-10-06";"64370";""
"11273";"3199";"PLU";"COM";"2011-12-21 23:00:00+00:00";"2003-03-24 23:00:00+00:00";"39";"11";"76";"2021";"NON";"NON";"11273";"";"";"";"2021-10-06";"51060";""
"11274";"1433";"CC";"CC";"2005-11-06 23:00:00+00:00";"2002-02-02 23:00:00+00:00";"13";"11";"76";"2021";"NON";"NON";"200071926";"";"";"";"2021-10-06";"68861";""
"11275";"3199";"PLU";"COM";"2009-02-26 23:00:00+00:00";"2006-09-25 22:00:00+00:00";"39";"11";"76";"2021";"NON";"NON";"11275";"";"";"";"2021-10-06";"57189";""
"11276";"1131";"CC";"COM";"2008-07-30 22:00:00+00:00";"2005-12-18 23:00:00+00:00";"13";"11";"76";"2021";"NON";"NON";"11276";"";"";"";"2021-10-06";"67605";""
"11277";"3199";"PLU";"COM";"2014-03-07 23:00:00+00:00";"2005-07-31 22:00:00+00:00";"39";"11";"76";"2021";"NON";"NON";"11277";"";"";"";"2021-10-06";"122867";""
"11278";"3199";"PLU";"COM";"2014-03-06 23:00:00+00:00";"2005-07-31 22:00:00+00:00";"39";"11";"76";"2021";"NON";"NON";"11278";"";"";"";"2021-10-06";"122868";""
"11279";"3199";"PLU";"COM";"2013-10-28 23:00:00+00:00";"2010-03-01 23:00:00+00:00";"39";"11";"76";"2021";"NON";"NON";"11279";"";"";"";"2021-10-06";"61342";""
"11280";"3199";"PLU";"COM";"2011-08-02 22:00:00+00:00";"2007-03-26 22:00:00+00:00";"39";"11";"76";"2021";"NON";"NON";"11280";"";"";"";"2021-10-06";"61340";""
"11281";"3199";"PLU";"COM";"2019-02-20 23:00:00+00:00";"2015-02-04 23:00:00+00:00";"39";"11";"76";"2021";"NON";"NON";"11281";"";"";"";"2021-10-06";"138283";""
"11282";"3299";"PLUi/PLUiS";"CC";"2019-12-18 23:00:00+00:00";"2015-12-16 23:00:00+00:00";"39";"11";"76";"2021";"NON";"OUI";"200043776";"";"";"";"2021-10-06";"143047";""
"11283";"3199";"PLU";"COM";"2020-05-14 22:00:00+00:00";"2016-01-20 23:00:00+00:00";"39";"11";"76";"2021";"NON";"NON";"11283";"";"";"";"2021-10-06";"146760";""
"11284";"3199";"PLU";"COM";"2014-03-17 23:00:00+00:00";"2008-12-14 23:00:00+00:00";"39";"11";"76";"2021";"NON";"NON";"11284";"";"";"";"2021-10-06";"61345";""
"11285";"3199";"PLU";"COM";"2014-01-19 23:00:00+00:00";"2003-02-18 23:00:00+00:00";"39";"11";"76";"2021";"NON";"NON";"11285";"";"";"";"2021-10-06";"122623";""
"11286";"3199";"PLU";"COM";"2013-11-04 23:00:00+00:00";"2010-10-03 22:00:00+00:00";"39";"11";"76";"2021";"NON";"NON";"11286";"";"";"";"2021-10-06";"109737";""
"11287";"1433";"CC";"CC";"2004-03-21 23:00:00+00:00";"2001-10-29 23:00:00+00:00";"13";"11";"76";"2021";"NON";"NON";"200071926";"";"";"";"2021-10-06";"67606";""
"11288";"3131";"PLU";"COM";"2004-04-20 22:00:00+00:00";"2002-03-25 23:00:00+00:00";"33";"11";"76";"2021";"NON";"NON";"11288";"";"";"";"2021-10-06";"51069";""
"11289";"3433";"PLU";"CC";"2011-05-19 22:00:00+00:00";"2005-04-27 22:00:00+00:00";"33";"11";"76";"2021";"NON";"NON";"200071926";"";"";"";"2021-10-06";"61343";""
"11290";"3199";"PLU";"COM";"2014-03-10 23:00:00+00:00";"2005-07-31 22:00:00+00:00";"39";"11";"76";"2021";"NON";"NON";"11290";"";"";"";"2021-10-06";"122869";""
"11291";"1199";"CC";"COM";"2010-07-28 22:00:00+00:00";"2009-09-15 22:00:00+00:00";"19";"11";"76";"2021";"NON";"NON";"11291";"";"";"";"2021-10-06";"109798";""
"11292";"3199";"PLU";"COM";"2017-05-18 22:00:00+00:00";"2009-05-19 22:00:00+00:00";"39";"11";"76";"2021";"NON";"NON";"11292";"";"";"";"2021-10-06";"49217";""
"11293";"3199";"PLU";"COM";"2008-07-09 22:00:00+00:00";"2006-03-12 23:00:00+00:00";"39";"11";"76";"2021";"NON";"NON";"11293";"";"";"";"2021-10-06";"51070";""
"11295";"3199";"PLU";"COM";"2019-06-17 22:00:00+00:00";"2010-04-12 22:00:00+00:00";"39";"11";"76";"2021";"NON";"NON";"11295";"";"";"";"2021-10-06";"61344";""
"11296";"3199";"PLU";"COM";"2010-11-29 23:00:00+00:00";"1999-02-09 23:00:00+00:00";"39";"11";"76";"2021";"NON";"NON";"11296";"";"";"";"2021-10-06";"51072";""
"11299";"3199";"PLU";"COM";"2012-05-13 22:00:00+00:00";"2004-02-09 23:00:00+00:00";"39";"11";"76";"2021";"NON";"NON";"11299";"";"";"";"2021-10-06";"49215";""
"11300";"1199";"CC";"COM";"2007-06-07 22:00:00+00:00";"2004-06-30 22:00:00+00:00";"19";"11";"76";"2021";"NON";"NON";"11300";"";"";"";"2021-10-06";"68884";""
"11301";"3199";"PLU";"COM";"2015-09-06 22:00:00+00:00";"2012-03-11 23:00:00+00:00";"39";"11";"76";"2021";"NON";"NON";"11301";"";"";"";"2021-10-06";"104828";""
"11302";"3299";"PLUi/PLUiS";"CC";"2019-12-18 23:00:00+00:00";"2015-12-16 23:00:00+00:00";"39";"11";"76";"2021";"NON";"OUI";"200043776";"";"";"";"2021-10-06";"143047";""
"11303";"3299";"PLUi/PLUiS";"CC";"2019-12-18 23:00:00+00:00";"2015-12-16 23:00:00+00:00";"39";"11";"76";"2021";"NON";"OUI";"200043776";"";"";"";"2021-10-06";"143047";""
"11304";"3299";"PLUi/PLUiS";"CC";"2019-12-18 23:00:00+00:00";"2015-12-16 23:00:00+00:00";"39";"11";"76";"2021";"NON";"OUI";"200043776";"";"";"";"2021-10-06";"143047";""
"11306";"3299";"PLUi/PLUiS";"CC";"2019-12-18 23:00:00+00:00";"2015-12-16 23:00:00+00:00";"39";"11";"76";"2021";"NON";"OUI";"200043776";"";"";"";"2021-10-06";"143047";""
"11308";"3199";"PLU";"COM";"2012-02-26 23:00:00+00:00";"2010-01-06 23:00:00+00:00";"39";"11";"76";"2021";"NON";"NON";"11308";"";"";"";"2021-10-06";"65142";""
"11311";"1199";"CC";"COM";"2005-02-28 23:00:00+00:00";"2003-04-27 22:00:00+00:00";"19";"11";"76";"2021";"NON";"NON";"11311";"";"";"";"2021-10-06";"68885";""
"11313";"1199";"CC";"COM";"2021-01-11 23:00:00+00:00";"2016-04-03 22:00:00+00:00";"19";"11";"76";"2021";"NON";"NON";"11313";"";"";"";"2021-10-06";"150491";""
"11315";"3199";"PLU";"COM";"2011-09-14 22:00:00+00:00";"2007-02-20 23:00:00+00:00";"39";"11";"76";"2021";"NON";"NON";"11315";"";"";"";"2021-10-06";"61346";""
"11316";"3299";"PLUi/PLUiS";"CC";"2019-12-18 23:00:00+00:00";"2015-12-16 23:00:00+00:00";"39";"11";"76";"2021";"NON";"OUI";"200043776";"";"";"";"2021-10-06";"143047";""
"11317";"3299";"PLUi/PLUiS";"CC";"2019-12-18 23:00:00+00:00";"2015-12-16 23:00:00+00:00";"39";"11";"76";"2021";"NON";"OUI";"200043776";"";"";"";"2021-10-06";"143047";""
"11318";"1199";"CC";"COM";"2013-01-31 23:00:00+00:00";"2004-05-17 22:00:00+00:00";"19";"11";"76";"2021";"NON";"NON";"11318";"";"";"";"2021-10-06";"65846";""
"11320";"3299";"PLUi/PLUiS";"CC";"2019-12-18 23:00:00+00:00";"2015-12-16 23:00:00+00:00";"39";"11";"76";"2021";"NON";"OUI";"200043776";"";"";"";"2021-10-06";"143047";""
"11321";"3299";"PLUi/PLUiS";"CC";"2019-12-18 23:00:00+00:00";"2015-12-16 23:00:00+00:00";"39";"11";"76";"2021";"NON";"OUI";"200043776";"";"";"";"2021-10-06";"143047";""
"11322";"3131";"PLU";"COM";"2005-11-09 23:00:00+00:00";"2000-07-11 22:00:00+00:00";"33";"11";"76";"2021";"NON";"NON";"11322";"";"";"";"2021-10-06";"51077";""
"11323";"1433";"CC";"CC";"2013-07-23 22:00:00+00:00";"2004-06-10 22:00:00+00:00";"13";"11";"76";"2021";"NON";"NON";"200071926";"";"";"";"2021-10-06";"67304";""
"11325";"3199";"PLU";"COM";"2013-06-24 22:00:00+00:00";"2004-04-19 22:00:00+00:00";"39";"11";"76";"2021";"NON";"NON";"11325";"";"";"";"2021-10-06";"61348";""
"11327";"3199";"PLU";"COM";"2011-10-19 22:00:00+00:00";"2004-07-20 22:00:00+00:00";"39";"11";"76";"2021";"NON";"NON";"11327";"";"";"";"2021-10-06";"61349";""
"11328";"1433";"CC";"CC";"2012-07-08 22:00:00+00:00";"2008-01-15 23:00:00+00:00";"13";"11";"76";"2021";"NON";"NON";"200071926";"";"";"";"2021-10-06";"66689";""
"11330";"3131";"PLU";"COM";"2012-05-28 22:00:00+00:00";"2010-06-17 22:00:00+00:00";"33";"11";"76";"2021";"NON";"NON";"11330";"";"";"";"2021-10-06";"61347";""
"11332";"1131";"CC";"COM";"2003-09-28 22:00:00+00:00";"2001-04-22 22:00:00+00:00";"13";"11";"76";"2021";"NON";"NON";"11332";"";"";"";"2021-10-06";"67607";""
"11333";"3299";"PLUi/PLUiS";"CC";"2019-12-18 23:00:00+00:00";"2015-12-16 23:00:00+00:00";"39";"11";"76";"2021";"NON";"OUI";"200043776";"";"";"";"2021-10-06";"143047";""
"11334";"3131";"PLU";"COM";"2009-02-26 23:00:00+00:00";"2006-06-07 22:00:00+00:00";"33";"11";"76";"2021";"NON";"NON";"11334";"";"";"";"2021-10-06";"51078";""
"11335";"3299";"PLUi/PLUiS";"CC";"2019-12-18 23:00:00+00:00";"2015-12-16 23:00:00+00:00";"39";"11";"76";"2021";"NON";"OUI";"200043776";"";"";"";"2021-10-06";"143047";""
"11336";"3299";"PLUi/PLUiS";"CC";"2019-12-18 23:00:00+00:00";"2015-12-16 23:00:00+00:00";"39";"11";"76";"2021";"NON";"OUI";"200043776";"";"";"";"2021-10-06";"143047";""
"11337";"3131";"PLU";"COM";"2011-10-10 22:00:00+00:00";"2004-08-09 22:00:00+00:00";"33";"11";"76";"2021";"NON";"NON";"11337";"";"";"";"2021-10-06";"49218";""
"11339";"1131";"CC";"COM";"2005-02-28 23:00:00+00:00";"2001-11-14 23:00:00+00:00";"13";"11";"76";"2021";"NON";"NON";"11339";"";"";"";"2021-10-06";"64890";""
"11340";"1199";"CC";"COM";"2013-07-10 22:00:00+00:00";"2011-01-19 23:00:00+00:00";"19";"11";"76";"2021";"NON";"NON";"11340";"";"";"";"2021-10-06";"108869";""
"11341";"3299";"PLUi/PLUiS";"CC";"2019-12-18 23:00:00+00:00";"2015-12-16 23:00:00+00:00";"39";"11";"76";"2021";"NON";"OUI";"200043776";"";"";"";"2021-10-06";"143047";""
"11344";"3433";"PLU";"CC";"2008-09-16 22:00:00+00:00";"2002-04-29 22:00:00+00:00";"33";"11";"76";"2021";"NON";"NON";"200071926";"";"";"";"2021-10-06";"51082";""
"11345";"3199";"PLU";"COM";"2004-09-07 22:00:00+00:00";"2001-04-17 22:00:00+00:00";"39";"11";"76";"2021";"NON";"NON";"11345";"";"";"";"2021-10-06";"51083";""
"11346";"3299";"PLUi/PLUiS";"CC";"2019-12-18 23:00:00+00:00";"2015-12-16 23:00:00+00:00";"39";"11";"76";"2021";"NON";"OUI";"200043776";"";"";"";"2021-10-06";"143047";""
"11347";"3299";"PLUi/PLUiS";"CC";"2019-12-18 23:00:00+00:00";"2015-12-16 23:00:00+00:00";"39";"11";"76";"2021";"NON";"OUI";"200043776";"";"";"";"2021-10-06";"143047";""
"11350";"3299";"PLUi/PLUiS";"CC";"2019-12-18 23:00:00+00:00";"2015-12-16 23:00:00+00:00";"39";"11";"76";"2021";"NON";"OUI";"200043776";"";"";"";"2021-10-06";"143047";""
"11351";"3131";"PLU";"COM";"2006-08-28 22:00:00+00:00";"2001-06-25 22:00:00+00:00";"33";"11";"76";"2021";"NON";"NON";"11351";"";"";"";"2021-10-06";"51084";""
"11352";"3299";"PLUi/PLUiS";"CC";"2019-12-18 23:00:00+00:00";"2015-12-16 23:00:00+00:00";"39";"11";"76";"2021";"NON";"OUI";"200043776";"";"";"";"2021-10-06";"143047";""
"11353";"3131";"PLU";"COM";"2008-02-28 23:00:00+00:00";"2004-03-27 23:00:00+00:00";"33";"11";"76";"2021";"NON";"NON";"11353";"";"";"";"2021-10-06";"51085";""
"11355";"3433";"PLU";"CC";"2008-11-20 23:00:00+00:00";"2003-07-16 22:00:00+00:00";"33";"11";"76";"2021";"NON";"NON";"200071926";"";"";"";"2021-10-06";"51086";""
"11356";"3199";"PLU";"COM";"2020-12-10 23:00:00+00:00";"2016-02-08 23:00:00+00:00";"39";"11";"76";"2021";"NON";"NON";"11356";"";"";"";"2021-10-06";"147492";""
"11357";"3199";"PLU";"COM";"2012-01-04 23:00:00+00:00";"2003-09-28 22:00:00+00:00";"39";"11";"76";"2021";"NON";"NON";"11357";"";"";"";"2021-10-06";"49219";""
"11358";"3299";"PLUi/PLUiS";"CC";"2019-12-18 23:00:00+00:00";"2015-12-16 23:00:00+00:00";"39";"11";"76";"2021";"NON";"OUI";"200043776";"";"";"";"2021-10-06";"143047";""
"11359";"3199";"PLU";"COM";"2009-02-26 23:00:00+00:00";"2006-09-27 22:00:00+00:00";"39";"11";"76";"2021";"NON";"NON";"11359";"";"";"";"2021-10-06";"56745";""
"11360";"3131";"PLU";"COM";"2016-01-19 23:00:00+00:00";"2006-09-01 22:00:00+00:00";"33";"11";"76";"2021";"NON";"NON";"11360";"";"";"";"2021-10-06";"49220";""
"11361";"3131";"PLU";"COM";"2008-12-15 23:00:00+00:00";"2002-12-14 23:00:00+00:00";"33";"11";"76";"2021";"NON";"NON";"11361";"";"";"";"2021-10-06";"51087";""
"11362";"1199";"CC";"COM";"2008-04-06 22:00:00+00:00";"2004-09-23 22:00:00+00:00";"19";"11";"76";"2021";"NON";"NON";"11362";"";"";"";"2021-10-06";"68887";""
"11363";"1199";"CC";"COM";"2014-02-02 23:00:00+00:00";"2010-02-02 23:00:00+00:00";"19";"11";"76";"2021";"NON";"NON";"11363";"";"";"";"2021-10-06";"66691";""
"11365";"3199";"PLU";"COM";"2014-03-13 23:00:00+00:00";"2005-07-31 22:00:00+00:00";"39";"11";"76";"2021";"NON";"NON";"11365";"";"";"";"2021-10-06";"122870";""
"11366";"3199";"PLU";"COM";"2015-05-26 22:00:00+00:00";"2006-08-01 22:00:00+00:00";"39";"11";"76";"2021";"NON";"NON";"11366";"";"";"";"2021-10-06";"49222";""
"11367";"1199";"CC";"COM";"2006-07-06 22:00:00+00:00";"2005-02-02 23:00:00+00:00";"19";"11";"76";"2021";"NON";"NON";"11367";"";"";"";"2021-10-06";"67608";""
"11369";"3199";"PLU";"COM";"2019-12-11 23:00:00+00:00";"2015-06-30 22:00:00+00:00";"39";"11";"76";"2021";"NON";"NON";"11369";"";"";"";"2021-10-06";"138743";""
"11370";"3199";"PLU";"COM";"2016-06-02 22:00:00+00:00";"2009-02-24 23:00:00+00:00";"39";"11";"76";"2021";"NON";"NON";"11370";"";"";"";"2021-10-06";"63801";""
"11371";"3199";"PLU";"COM";"2020-06-28 22:00:00+00:00";"2014-06-30 22:00:00+00:00";"39";"11";"76";"2021";"NON";"NON";"11371";"";"";"";"2021-10-06";"130749";""
"11373";"3299";"PLUi/PLUiS";"CC";"2019-12-18 23:00:00+00:00";"2015-12-16 23:00:00+00:00";"39";"11";"76";"2021";"NON";"OUI";"200043776";"";"";"";"2021-10-06";"143047";""
"11379";"3199";"PLU";"COM";"2013-12-22 23:00:00+00:00";"2002-12-08 23:00:00+00:00";"39";"11";"76";"2021";"NON";"NON";"11379";"";"";"";"2021-10-06";"61221";""
"11380";"3299";"PLUi/PLUiS";"CC";"2019-12-18 23:00:00+00:00";"2015-12-16 23:00:00+00:00";"39";"11";"76";"2021";"NON";"OUI";"200043776";"";"";"";"2021-10-06";"143047";""
"11381";"1433";"CC";"CC";"2010-03-24 23:00:00+00:00";"2008-06-26 22:00:00+00:00";"13";"11";"76";"2021";"NON";"NON";"200071926";"";"";"";"2021-10-06";"112123";""
"11382";"1199";"CC";"COM";"2015-03-03 23:00:00+00:00";"2013-10-06 22:00:00+00:00";"19";"11";"76";"2021";"NON";"NON";"11382";"";"";"";"2021-10-06";"126385";""
"11383";"1131";"CC";"COM";"2003-11-03 23:00:00+00:00";"2001-11-28 23:00:00+00:00";"13";"11";"76";"2021";"NON";"NON";"11383";"";"";"";"2021-10-06";"67609";""
"11386";"3199";"PLU";"COM";"2015-05-03 22:00:00+00:00";"2009-07-21 22:00:00+00:00";"39";"11";"76";"2021";"NON";"NON";"11386";"";"";"";"2021-10-06";"65850";""
"11390";"1199";"CC";"COM";"2012-11-18 23:00:00+00:00";"2011-06-15 22:00:00+00:00";"19";"11";"76";"2021";"NON";"NON";"11390";"";"";"";"2021-10-06";"85641";""
"11392";"3199";"PLU";"COM";"2016-06-27 22:00:00+00:00";"2013-01-29 23:00:00+00:00";"39";"11";"76";"2021";"NON";"NON";"11392";"";"";"";"2021-10-06";"120324";""
"11393";"3199";"PLU";"COM";"2008-04-13 22:00:00+00:00";"2004-04-01 22:00:00+00:00";"39";"11";"76";"2021";"NON";"NON";"11393";"";"";"";"2021-10-06";"51089";""
"11396";"3199";"PLU";"COM";"2005-01-04 23:00:00+00:00";"2001-12-16 23:00:00+00:00";"39";"11";"76";"2021";"NON";"NON";"11396";"";"";"";"2021-10-06";"56743";""
"11397";"3131";"PLU";"COM";"2008-07-24 22:00:00+00:00";"2003-12-08 23:00:00+00:00";"33";"11";"76";"2021";"NON";"NON";"11397";"";"";"";"2021-10-06";"56744";""
"11400";"3299";"PLUi/PLUiS";"CC";"2019-12-18 23:00:00+00:00";"2015-12-16 23:00:00+00:00";"39";"11";"76";"2021";"NON";"OUI";"200043776";"";"";"";"2021-10-06";"143047";""
"11401";"1131";"CC";"COM";"2013-02-21 23:00:00+00:00";"2011-07-26 22:00:00+00:00";"13";"11";"76";"2021";"NON";"NON";"11401";"";"";"";"2021-10-06";"95259";""
"11404";"3131";"PLU";"COM";"2008-08-04 22:00:00+00:00";"2003-09-14 22:00:00+00:00";"33";"11";"76";"2021";"NON";"NON";"11404";"";"";"";"2021-10-06";"51091";""
"11405";"3199";"PLU";"COM";"2020-01-20 23:00:00+00:00";"2004-11-07 23:00:00+00:00";"39";"11";"76";"2021";"NON";"NON";"11405";"";"";"";"2021-10-06";"49226";""
"11407";"3131";"PLU";"COM";"2007-04-17 22:00:00+00:00";"2003-03-05 23:00:00+00:00";"33";"11";"76";"2021";"NON";"NON";"11407";"";"";"";"2021-10-06";"51094";""
"11408";"3199";"PLU";"COM";"2006-08-02 22:00:00+00:00";"2002-10-27 23:00:00+00:00";"39";"11";"76";"2021";"NON";"NON";"11408";"";"";"";"2021-10-06";"51095";""
"11410";"1131";"CC";"COM";"2005-12-11 23:00:00+00:00";"2004-06-15 22:00:00+00:00";"13";"11";"76";"2021";"NON";"NON";"11410";"";"";"";"2021-10-06";"67611";""
"11415";"1433";"CC";"CC";"2009-12-11 23:00:00+00:00";"2007-06-27 22:00:00+00:00";"13";"11";"76";"2021";"NON";"NON";"200071926";"";"";"";"2021-10-06";"65851";""
"11416";"1111";"CC";"COM";"2009-03-03 23:00:00+00:00";"2005-06-15 22:00:00+00:00";"11";"11";"76";"2021";"NON";"NON";"11416";"";"";"";"2021-10-06";"68894";""
"11418";"3131";"PLU";"COM";"2005-04-06 22:00:00+00:00";"2002-02-24 23:00:00+00:00";"33";"11";"76";"2021";"NON";"NON";"11418";"";"";"";"2021-10-06";"51097";""
"11419";"3199";"PLU";"COM";"2014-03-18 23:00:00+00:00";"2005-07-31 22:00:00+00:00";"39";"11";"76";"2021";"NON";"NON";"11419";"";"";"";"2021-10-06";"122871";""
"11421";"1199";"CC";"COM";"2006-12-19 23:00:00+00:00";"2003-06-04 22:00:00+00:00";"19";"11";"76";"2021";"NON";"NON";"11421";"";"";"";"2021-10-06";"67612";""
"11422";"3199";"PLU";"COM";"2020-06-02 22:00:00+00:00";"2016-05-17 22:00:00+00:00";"39";"11";"76";"2021";"NON";"NON";"11422";"";"";"";"2021-10-06";"149689";""
"11423";"1199";"CC";"COM";"2003-03-04 23:00:00+00:00";"2001-09-12 22:00:00+00:00";"19";"11";"76";"2021";"NON";"NON";"11423";"";"";"";"2021-10-06";"102449";""
"11424";"3299";"PLUi/PLUiS";"CC";"2019-12-18 23:00:00+00:00";"2015-12-16 23:00:00+00:00";"39";"11";"76";"2021";"NON";"OUI";"200043776";"";"";"";"2021-10-06";"143047";""
"11425";"3199";"PLU";"COM";"2007-09-12 22:00:00+00:00";"2003-06-04 22:00:00+00:00";"39";"11";"76";"2021";"NON";"NON";"11425";"";"";"";"2021-10-06";"51098";""
"11426";"3131";"PLU";"COM";"2012-01-08 23:00:00+00:00";"2006-10-15 22:00:00+00:00";"33";"11";"76";"2021";"NON";"NON";"11426";"";"";"";"2021-10-06";"65047";""
"11428";"1199";"CC";"COM";"2017-04-02 22:00:00+00:00";"2009-03-11 23:00:00+00:00";"19";"11";"76";"2021";"NON";"NON";"11428";"";"";"";"2021-10-06";"65614";""
"11429";"3131";"PLU";"COM";"2005-11-02 23:00:00+00:00";"2002-04-10 22:00:00+00:00";"33";"11";"76";"2021";"NON";"NON";"11429";"";"";"";"2021-10-06";"51099";""
"11430";"3199";"PLU";"COM";"2013-07-28 22:00:00+00:00";"2010-12-14 23:00:00+00:00";"39";"11";"76";"2021";"NON";"NON";"11430";"";"";"";"2021-10-06";"61353";""
"11431";"1111";"CC";"COM";"2007-11-06 23:00:00+00:00";"2005-07-11 22:00:00+00:00";"11";"11";"76";"2021";"NON";"NON";"11431";"";"";"";"2021-10-06";"67614";""
"11432";"1199";"CC";"COM";"2006-10-04 22:00:00+00:00";"2005-02-28 23:00:00+00:00";"19";"11";"76";"2021";"NON";"NON";"11432";"";"";"";"2021-10-06";"68895";""
"11433";"3199";"PLU";"COM";"2013-03-24 23:00:00+00:00";"2007-05-06 22:00:00+00:00";"39";"11";"76";"2021";"NON";"NON";"11433";"";"";"";"2021-10-06";"65048";""
"11434";"3199";"PLU";"COM";"2021-02-05 23:00:00+00:00";"2016-12-12 23:00:00+00:00";"39";"11";"76";"2021";"NON";"NON";"11434";"";"";"";"2021-10-06";"155034";""
"11436";"1131";"CC";"COM";"2007-02-11 23:00:00+00:00";"2001-06-04 22:00:00+00:00";"13";"11";"76";"2021";"NON";"NON";"11436";"";"";"";"2021-10-06";"67615";""
"11437";"1131";"CC";"COM";"2011-12-05 23:00:00+00:00";"2011-01-12 23:00:00+00:00";"13";"11";"76";"2021";"NON";"NON";"11437";"";"";"";"2021-10-06";"78428";""
"11438";"3131";"PLU";"COM";"2007-08-02 22:00:00+00:00";"2004-09-14 22:00:00+00:00";"33";"11";"76";"2021";"NON";"NON";"11438";"";"";"";"2021-10-06";"51096";""
"11439";"1199";"CC";"COM";"2006-09-25 22:00:00+00:00";"2005-06-12 22:00:00+00:00";"19";"11";"76";"2021";"NON";"NON";"11439";"";"";"";"2021-10-06";"68897";""
"11441";"3199";"PLU";"COM";"2007-06-05 22:00:00+00:00";"2002-06-26 22:00:00+00:00";"39";"11";"76";"2021";"NON";"NON";"11441";"";"";"";"2021-10-06";"56747";""
"12001";"3432";"PLU";"CC";"2010-09-27 22:00:00+00:00";"2008-08-26 22:00:00+00:00";"33";"12";"76";"2021";"NON";"NON";"12001";"";"";"";"2021-10-06";"56748";""
"12002";"3299";"PLUi/PLUiS";"CC";"2019-06-25 22:00:00+00:00";"2017-06-13 22:00:00+00:00";"39";"12";"76";"2021";"NON";"OUI";"12002";"";"";"";"2021-10-06";"63807";""
"12004";"3299";"PLUi/PLUiS";"CC";"2021-03-10 23:00:00+00:00";"2017-09-26 22:00:00+00:00";"39";"12";"76";"2021";"NON";"OUI";"200067064";"";"";"";"2021-10-06";"159905";""
"12007";"1432";"CC";"CC";"2009-10-22 22:00:00+00:00";"2007-04-09 22:00:00+00:00";"13";"12";"76";"2021";"NON";"NON";"200069383";"";"";"";"2021-10-06";"68898";""
"12008";"1499";"CC";"CC";"2007-07-04 22:00:00+00:00";"2006-12-31 23:00:00+00:00";"19";"12";"76";"2021";"NON";"NON";"12008";"";"";"";"2021-10-06";"76361";""
"12009";"1432";"CC";"CC";"2009-06-18 22:00:00+00:00";"2007-05-10 22:00:00+00:00";"13";"12";"76";"2021";"NON";"NON";"200067163";"";"";"";"2021-10-06";"68900";""
"12011";"3432";"PLU";"CC";"2014-02-24 23:00:00+00:00";"2009-06-23 22:00:00+00:00";"33";"12";"76";"2021";"NON";"NON";"12011";"";"";"";"2021-10-06";"63804";""
"12012";"1432";"CC";"CC";"2012-01-29 23:00:00+00:00";"2008-06-26 22:00:00+00:00";"13";"12";"76";"2021";"NON";"NON";"200067361";"";"";"";"2021-10-06";"67306";""
"12013";"3299";"PLUi/PLUiS";"CC";"2021-03-10 23:00:00+00:00";"2017-09-26 22:00:00+00:00";"39";"12";"76";"2021";"NON";"OUI";"200067064";"";"";"";"2021-10-06";"159905";""
"12016";"1499";"CC";"CC";"2006-01-31 23:00:00+00:00";"2004-11-04 23:00:00+00:00";"19";"12";"76";"2021";"NON";"NON";"12016";"";"";"";"2021-10-06";"76375";""
"12017";"3299";"PLUi/PLUiS";"CC";"2021-06-29 22:00:00+00:00";"2016-07-20 22:00:00+00:00";"39";"12";"76";"2021";"NON";"OUI";"241200914";"";"";"";"2021-10-06";"150108";""
"12021";"1432";"CC";"CC";"2005-10-27 22:00:00+00:00";"2003-10-05 22:00:00+00:00";"13";"12";"76";"2021";"NON";"NON";"241200807";"";"";"";"2021-10-06";"68901";""
"12022";"3299";"PLUi/PLUiS";"CC";"2019-10-21 22:00:00+00:00";"2014-12-14 23:00:00+00:00";"39";"12";"76";"2021";"NON";"OUI";"12022";"";"";"";"2021-10-06";"146815";""
"12025";"1432";"CC";"CC";"2008-10-26 23:00:00+00:00";"2007-03-26 22:00:00+00:00";"13";"12";"76";"2021";"NON";"NON";"200067163";"";"";"";"2021-10-06";"76510";""
"12026";"3132";"PLU";"COM";"2009-08-10 22:00:00+00:00";"2004-06-15 22:00:00+00:00";"33";"12";"76";"2021";"NON";"NON";"200068484";"";"";"";"2021-10-06";"76514";""
"12027";"1432";"CC";"CC";"2015-06-29 22:00:00+00:00";"2013-05-22 22:00:00+00:00";"13";"12";"76";"2021";"NON";"NON";"200067478";"";"";"";"2021-10-06";"76515";""
"12028";"3299";"PLUi/PLUiS";"CC";"2021-03-10 23:00:00+00:00";"2017-09-26 22:00:00+00:00";"39";"12";"76";"2021";"NON";"OUI";"200067064";"";"";"";"2021-10-06";"159905";""
"12029";"1432";"CC";"CC";"2009-06-18 22:00:00+00:00";"2007-06-04 22:00:00+00:00";"13";"12";"76";"2021";"NON";"NON";"200069383";"";"";"";"2021-10-06";"68903";""
"12030";"3299";"PLUi/PLUiS";"CC";"2021-03-10 23:00:00+00:00";"2017-09-26 22:00:00+00:00";"39";"12";"76";"2021";"NON";"OUI";"200067064";"";"";"";"2021-10-06";"159905";""
"12031";"1499";"CC";"CC";"2006-12-28 23:00:00+00:00";"2005-05-19 22:00:00+00:00";"19";"12";"76";"2021";"NON";"NON";"12031";"";"";"";"2021-10-06";"68904";""
"12032";"3499";"PLU";"CC";"2008-11-06 23:00:00+00:00";"2005-12-01 23:00:00+00:00";"39";"12";"76";"2021";"NON";"NON";"200068831";"";"";"";"2021-10-06";"51102";""
"12033";"3432";"PLU";"CC";"2021-03-07 23:00:00+00:00";"2017-09-17 22:00:00+00:00";"33";"12";"76";"2021";"NON";"NON";"200067478";"";"";"";"2021-10-06";"158339";""
"12034";"1432";"CC";"CC";"2010-01-28 23:00:00+00:00";"2007-09-27 22:00:00+00:00";"13";"12";"76";"2021";"NON";"NON";"12034";"";"";"";"2021-10-06";"68905";""
"12037";"3299";"PLUi/PLUiS";"CC";"2021-06-29 22:00:00+00:00";"2016-07-20 22:00:00+00:00";"39";"12";"76";"2021";"NON";"OUI";"241200914";"";"";"";"2021-10-06";"150108";""
"12038";"3299";"PLUi/PLUiS";"CC";"2021-06-29 22:00:00+00:00";"2016-07-20 22:00:00+00:00";"39";"12";"76";"2021";"NON";"OUI";"241200914";"";"";"";"2021-10-06";"150108";""
"12039";"1432";"CC";"CC";"2012-02-22 23:00:00+00:00";"2010-01-15 23:00:00+00:00";"13";"12";"76";"2021";"NON";"NON";"200067163";"";"";"";"2021-10-06";"87725";""
"12041";"3399";"PLUi/PLUiS";"CC";"2015-12-01 23:00:00+00:00";"2012-10-08 22:00:00+00:00";"39";"12";"76";"2021";"OUI";"NON";"200068831";"";"";"";"2021-10-06";"113744";""
"12042";"3299";"PLUi/PLUiS";"CC";"2021-09-20 22:00:00+00:00";"2018-09-11 22:00:00+00:00";"39";"12";"76";"2021";"NON";"OUI";"200067155";"";"";"";"2021-10-06";"146818";""
"12043";"3499";"PLU";"CC";"2017-04-03 22:00:00+00:00";"2014-09-03 22:00:00+00:00";"39";"12";"76";"2021";"NON";"NON";"200068831";"";"";"";"2021-10-06";"145409";""
"12044";"3432";"PLU";"CC";"2018-05-30 22:00:00+00:00";"2015-06-24 22:00:00+00:00";"33";"12";"76";"2021";"NON";"NON";"200067163";"";"";"";"2021-10-06";"146820";""
"12045";"1499";"CC";"CC";"2010-08-10 22:00:00+00:00";"2009-02-01 23:00:00+00:00";"19";"12";"76";"2021";"NON";"NON";"200068831";"";"";"";"2021-10-06";"72889";""
"12046";"3399";"PLUi/PLUiS";"CC";"2015-12-01 23:00:00+00:00";"2012-10-08 22:00:00+00:00";"39";"12";"76";"2021";"OUI";"NON";"200068831";"";"";"";"2021-10-06";"113744";""
"12047";"1132";"CC";"COM";"2020-02-13 23:00:00+00:00";"2016-11-23 23:00:00+00:00";"13";"12";"76";"2021";"NON";"NON";"200068484";"";"";"";"2021-10-06";"165213";""
"12048";"1432";"CC";"CC";"2007-12-26 23:00:00+00:00";"2006-04-02 22:00:00+00:00";"13";"12";"76";"2021";"NON";"NON";"200067171";"";"";"";"2021-10-06";"67618";""
"12052";"3432";"PLU";"CC";"2017-04-05 22:00:00+00:00";"2010-11-03 23:00:00+00:00";"33";"12";"76";"2021";"NON";"NON";"200067361";"";"";"";"2021-10-06";"115824";""
"12053";"1432";"CC";"CC";"2008-01-22 23:00:00+00:00";"2006-04-27 22:00:00+00:00";"13";"12";"76";"2021";"NON";"NON";"200069383";"";"";"";"2021-10-06";"67619";""
"12056";"3434";"PLU";"CC";"2005-10-27 22:00:00+00:00";"2003-02-23 23:00:00+00:00";"33";"12";"76";"2021";"NON";"NON";"200068831";"";"";"";"2021-10-06";"51105";""
"12057";"3499";"PLU";"CC";"2015-12-14 23:00:00+00:00";"2010-11-03 23:00:00+00:00";"39";"12";"76";"2021";"NON";"NON";"200068831";"";"";"";"2021-10-06";"104462";""
"12059";"1499";"CC";"CC";"2003-04-24 22:00:00+00:00";"2001-10-16 22:00:00+00:00";"19";"12";"76";"2021";"NON";"NON";"200068831";"";"";"";"2021-10-06";"67620";""
"12060";"3399";"PLUi/PLUiS";"CC";"2015-12-01 23:00:00+00:00";"2012-10-08 22:00:00+00:00";"39";"12";"76";"2021";"OUI";"NON";"200068831";"";"";"";"2021-10-06";"113744";""
"12061";"1132";"CC";"COM";"2007-01-28 23:00:00+00:00";"2002-03-27 23:00:00+00:00";"13";"12";"76";"2021";"NON";"NON";"200068484";"";"";"";"2021-10-06";"67621";""
"12062";"3299";"PLUi/PLUiS";"CC";"2021-06-29 22:00:00+00:00";"2016-07-20 22:00:00+00:00";"39";"12";"76";"2021";"NON";"OUI";"12062";"";"";"";"2021-10-06";"150108";""
"12063";"3299";"PLUi/PLUiS";"CC";"2019-10-21 22:00:00+00:00";"2014-12-14 23:00:00+00:00";"39";"12";"76";"2021";"NON";"OUI";"241200906";"";"";"";"2021-10-06";"146815";""
"12065";"3399";"PLUi/PLUiS";"CC";"2015-12-01 23:00:00+00:00";"2012-10-08 22:00:00+00:00";"39";"12";"76";"2021";"OUI";"NON";"200068831";"";"";"";"2021-10-06";"113744";""
"12066";"3432";"PLU";"CC";"2012-11-18 23:00:00+00:00";"2008-11-16 23:00:00+00:00";"33";"12";"76";"2021";"NON";"NON";"12066";"";"";"";"2021-10-06";"88873";""
"12067";"3299";"PLUi/PLUiS";"CC";"2019-10-21 22:00:00+00:00";"2014-12-14 23:00:00+00:00";"39";"12";"76";"2021";"NON";"OUI";"12067";"";"";"";"2021-10-06";"146815";""
"12068";"3499";"PLU";"CC";"2010-02-24 23:00:00+00:00";"2005-07-12 22:00:00+00:00";"39";"12";"76";"2021";"NON";"NON";"200068831";"";"";"";"2021-10-06";"51109";""
"12069";"1432";"CC";"CC";"2006-11-07 23:00:00+00:00";"2004-10-28 22:00:00+00:00";"13";"12";"76";"2021";"NON";"NON";"200067163";"";"";"";"2021-10-06";"67622";""
"12070";"3299";"PLUi/PLUiS";"CC";"2019-06-25 22:00:00+00:00";"2017-06-13 22:00:00+00:00";"39";"12";"76";"2021";"NON";"OUI";"12070";"";"";"";"2021-10-06";"63807";""
"12072";"3299";"PLUi/PLUiS";"CC";"2019-06-25 22:00:00+00:00";"2017-06-13 22:00:00+00:00";"39";"12";"76";"2021";"NON";"OUI";"12072";"";"";"";"2021-10-06";"63807";""
"12073";"1432";"CC";"CC";"2013-06-02 22:00:00+00:00";"2010-10-20 22:00:00+00:00";"13";"12";"76";"2021";"NON";"NON";"241200658";"";"";"";"2021-10-06";"106670";""
"12074";"1432";"CC";"CC";"2006-07-23 22:00:00+00:00";"2002-09-29 22:00:00+00:00";"13";"12";"76";"2021";"NON";"NON";"200067171";"";"";"";"2021-10-06";"14056";""
"12076";"3432";"PLU";"CC";"2016-02-11 23:00:00+00:00";"2010-12-27 23:00:00+00:00";"33";"12";"76";"2021";"NON";"NON";"241200641";"";"";"";"2021-10-06";"91253";""
"12077";"3299";"PLUi/PLUiS";"CC";"2019-10-21 22:00:00+00:00";"2014-12-14 23:00:00+00:00";"39";"12";"76";"2021";"NON";"OUI";"12077";"";"";"";"2021-10-06";"146815";""
"12078";"3299";"PLUi/PLUiS";"CC";"2021-06-29 22:00:00+00:00";"2016-07-20 22:00:00+00:00";"39";"12";"76";"2021";"NON";"OUI";"241200914";"";"";"";"2021-10-06";"150108";""
"12079";"3432";"PLU";"CC";"2017-03-23 23:00:00+00:00";"2011-02-24 23:00:00+00:00";"33";"12";"76";"2021";"NON";"NON";"200067478";"";"";"";"2021-10-06";"50000";""
"12080";"3299";"PLUi/PLUiS";"CC";"2021-09-20 22:00:00+00:00";"2018-09-11 22:00:00+00:00";"39";"12";"76";"2021";"NON";"OUI";"200067155";"";"";"";"2021-10-06";"146818";""
"12082";"3299";"PLUi/PLUiS";"CC";"2019-10-21 22:00:00+00:00";"2014-12-14 23:00:00+00:00";"39";"12";"76";"2021";"NON";"OUI";"12082";"";"";"";"2021-10-06";"146815";""
"12083";"3299";"PLUi/PLUiS";"CC";"2021-03-10 23:00:00+00:00";"2017-09-26 22:00:00+00:00";"39";"12";"76";"2021";"NON";"OUI";"200067064";"";"";"";"2021-10-06";"159905";""
"12084";"3299";"PLUi/PLUiS";"CC";"2019-06-25 22:00:00+00:00";"2017-06-13 22:00:00+00:00";"39";"12";"76";"2021";"NON";"OUI";"12084";"";"";"";"2021-10-06";"63807";""
"12085";"3399";"PLUi/PLUiS";"CC";"2015-12-01 23:00:00+00:00";"2012-10-08 22:00:00+00:00";"39";"12";"76";"2021";"OUI";"NON";"200068831";"";"";"";"2021-10-06";"113744";""
"12086";"3299";"PLUi/PLUiS";"CC";"2019-06-25 22:00:00+00:00";"2017-06-13 22:00:00+00:00";"39";"12";"76";"2021";"NON";"OUI";"12086";"";"";"";"2021-10-06";"63807";""
"12088";"1432";"CC";"CC";"2002-12-16 23:00:00+00:00";"2001-06-25 22:00:00+00:00";"13";"12";"76";"2021";"NON";"NON";"200067171";"";"";"";"2021-10-06";"67628";""
"12089";"3299";"PLUi/PLUiS";"CC";"2021-03-10 23:00:00+00:00";"2017-09-26 22:00:00+00:00";"39";"12";"76";"2021";"NON";"OUI";"200067064";"";"";"";"2021-10-06";"159905";""
"12090";"3299";"PLUi/PLUiS";"CA";"2017-12-11 23:00:00+00:00";"2013-06-17 22:00:00+00:00";"39";"12";"76";"2021";"NON";"OUI";"12090";"";"";"";"2021-10-06";"147896";""
"12091";"1432";"CC";"CC";"2010-01-04 23:00:00+00:00";"2001-06-26 22:00:00+00:00";"13";"12";"76";"2021";"NON";"NON";"12091";"";"";"";"2021-10-06";"14060";""
"12093";"1432";"CC";"CC";"2004-11-09 23:00:00+00:00";"2004-03-11 23:00:00+00:00";"13";"12";"76";"2021";"NON";"NON";"200067478";"";"";"";"2021-10-06";"104664";""
"12094";"1432";"CC";"CC";"2014-01-16 23:00:00+00:00";"2011-01-16 23:00:00+00:00";"13";"12";"76";"2021";"NON";"NON";"200067478";"";"";"";"2021-10-06";"104657";""
"12095";"1499";"CC";"CC";"2010-10-03 22:00:00+00:00";"2008-12-04 23:00:00+00:00";"19";"12";"76";"2021";"NON";"NON";"12095";"";"";"";"2021-10-06";"68908";""
"12096";"3432";"PLU";"CC";"2016-07-18 22:00:00+00:00";"2011-04-05 22:00:00+00:00";"33";"12";"76";"2021";"NON";"NON";"200067478";"";"";"";"2021-10-06";"89907";""
"12098";"1432";"CC";"CC";"2011-11-30 23:00:00+00:00";"2008-10-30 23:00:00+00:00";"13";"12";"76";"2021";"NON";"NON";"200067478";"";"";"";"2021-10-06";"57492";""
"12100";"3299";"PLUi/PLUiS";"CC";"2021-03-10 23:00:00+00:00";"2017-09-26 22:00:00+00:00";"39";"12";"76";"2021";"NON";"OUI";"200067064";"";"";"";"2021-10-06";"159905";""
"12101";"3299";"PLUi/PLUiS";"CC";"2021-03-10 23:00:00+00:00";"2017-09-26 22:00:00+00:00";"39";"12";"76";"2021";"NON";"OUI";"200067064";"";"";"";"2021-10-06";"159905";""
"12102";"3432";"PLU";"CC";"2011-11-20 23:00:00+00:00";"2006-05-08 22:00:00+00:00";"33";"12";"76";"2021";"NON";"NON";"12102";"";"";"";"2021-10-06";"63809";""
"12103";"1432";"CC";"CC";"2004-01-21 23:00:00+00:00";"2002-02-03 23:00:00+00:00";"13";"12";"76";"2021";"NON";"NON";"200067171";"";"";"";"2021-10-06";"67630";""
"12104";"1432";"CC";"CC";"2006-06-05 22:00:00+00:00";"2005-06-23 22:00:00+00:00";"13";"12";"76";"2021";"NON";"NON";"200069383";"";"";"";"2021-10-06";"90121";""
"12105";"3432";"PLU";"CC";"2016-12-26 23:00:00+00:00";"2014-07-28 22:00:00+00:00";"33";"12";"76";"2021";"NON";"NON";"200069383";"";"";"";"2021-10-06";"148263";""
"12106";"1432";"CC";"CC";"2006-08-06 22:00:00+00:00";"2003-09-18 22:00:00+00:00";"13";"12";"76";"2021";"NON";"NON";"200067478";"";"";"";"2021-10-06";"67632";""
"12108";"1432";"CC";"CC";"2002-04-14 22:00:00+00:00";"2001-07-30 22:00:00+00:00";"13";"12";"76";"2021";"NON";"NON";"12108";"";"";"";"2021-10-06";"67633";""
"12111";"1499";"CC";"CC";"2013-08-04 22:00:00+00:00";"2009-09-13 22:00:00+00:00";"19";"12";"76";"2021";"NON";"NON";"12111";"";"";"";"2021-10-06";"124594";""
"12113";"1499";"CC";"CC";"2007-02-18 23:00:00+00:00";"2005-05-10 22:00:00+00:00";"19";"12";"76";"2021";"NON";"NON";"200068831";"";"";"";"2021-10-06";"67634";""
"12115";"3299";"PLUi/PLUiS";"CC";"2019-10-21 22:00:00+00:00";"2014-12-14 23:00:00+00:00";"39";"12";"76";"2021";"NON";"OUI";"241200906";"";"";"";"2021-10-06";"146815";""
"12120";"3132";"PLU";"COM";"2010-01-15 23:00:00+00:00";"2004-11-18 23:00:00+00:00";"33";"12";"76";"2021";"NON";"NON";"200068484";"";"";"";"2021-10-06";"51158";""
"12122";"3299";"PLUi/PLUiS";"CC";"2019-10-21 22:00:00+00:00";"2014-12-14 23:00:00+00:00";"39";"12";"76";"2021";"NON";"OUI";"12122";"";"";"";"2021-10-06";"146815";""
"12124";"1432";"CC";"CC";"2015-11-19 23:00:00+00:00";"2013-10-12 22:00:00+00:00";"13";"12";"76";"2021";"NON";"NON";"200067478";"";"";"";"2021-10-06";"142269";""
"12127";"1432";"CC";"CC";"2007-07-10 22:00:00+00:00";"2005-10-24 22:00:00+00:00";"13";"12";"76";"2021";"NON";"NON";"12127";"";"";"";"2021-10-06";"67636";""
"12128";"1432";"CC";"CC";"2007-06-12 22:00:00+00:00";"2005-08-17 22:00:00+00:00";"13";"12";"76";"2021";"NON";"NON";"12128";"";"";"";"2021-10-06";"67637";""
"12129";"3299";"PLUi/PLUiS";"CC";"2021-06-29 22:00:00+00:00";"2016-07-20 22:00:00+00:00";"39";"12";"76";"2021";"NON";"OUI";"241200914";"";"";"";"2021-10-06";"150108";""
"12130";"3299";"PLUi/PLUiS";"CC";"2021-03-10 23:00:00+00:00";"2017-09-26 22:00:00+00:00";"39";"12";"76";"2021";"NON";"OUI";"200067064";"";"";"";"2021-10-06";"159905";""
"12131";"3432";"PLU";"CC";"2005-06-21 22:00:00+00:00";"2002-05-22 22:00:00+00:00";"33";"12";"76";"2021";"NON";"NON";"200067478";"";"";"";"2021-10-06";"51125";""
"12133";"3299";"PLUi/PLUiS";"CA";"2017-12-11 23:00:00+00:00";"2013-06-17 22:00:00+00:00";"39";"12";"76";"2021";"NON";"OUI";"12133";"";"";"";"2021-10-06";"147896";""
"12134";"1432";"CC";"CC";"2014-04-07 22:00:00+00:00";"2011-09-23 22:00:00+00:00";"13";"12";"76";"2021";"NON";"NON";"12134";"";"";"";"2021-10-06";"129795";""
"12136";"3432";"PLU";"CC";"2008-10-09 22:00:00+00:00";"1996-10-10 22:00:00+00:00";"33";"12";"76";"2021";"NON";"NON";"200069383";"";"";"";"2021-10-06";"51121";""
"12137";"3499";"PLU";"CC";"2005-01-11 23:00:00+00:00";"2001-08-29 22:00:00+00:00";"39";"12";"76";"2021";"NON";"NON";"200068831";"";"";"";"2021-10-06";"51122";""
"12138";"3432";"PLU";"CC";"2012-11-26 23:00:00+00:00";"2008-11-17 23:00:00+00:00";"33";"12";"76";"2021";"NON";"NON";"12138";"";"";"";"2021-10-06";"63810";""
"12139";"3299";"PLUi/PLUiS";"CC";"2019-10-21 22:00:00+00:00";"2014-12-14 23:00:00+00:00";"39";"12";"76";"2021";"NON";"OUI";"12139";"";"";"";"2021-10-06";"146815";""
"12140";"3432";"PLU";"CC";"2013-07-17 22:00:00+00:00";"2009-12-31 23:00:00+00:00";"33";"12";"76";"2021";"NON";"NON";"200069383";"";"";"";"2021-10-06";"179339";""
"12141";"3299";"PLUi/PLUiS";"CC";"2021-09-20 22:00:00+00:00";"2018-09-11 22:00:00+00:00";"39";"12";"76";"2021";"NON";"OUI";"200067155";"";"";"";"2021-10-06";"146818";""
"12142";"1499";"CC";"CC";"2006-04-24 22:00:00+00:00";"2004-02-23 23:00:00+00:00";"19";"12";"76";"2021";"NON";"NON";"12142";"";"";"";"2021-10-06";"14065";""
"12144";"3399";"PLUi/PLUiS";"CC";"2015-12-01 23:00:00+00:00";"2012-10-08 22:00:00+00:00";"39";"12";"76";"2021";"OUI";"NON";"200068831";"";"";"";"2021-10-06";"113744";""
"12145";"3299";"PLUi/PLUiS";"CC";"2019-06-25 22:00:00+00:00";"2017-06-13 22:00:00+00:00";"39";"12";"76";"2021";"NON";"OUI";"12145";"";"";"";"2021-10-06";"63807";""
"12146";"3299";"PLUi/PLUiS";"CA";"2017-12-11 23:00:00+00:00";"2013-06-17 22:00:00+00:00";"39";"12";"76";"2021";"NON";"OUI";"12146";"";"";"";"2021-10-06";"147896";""
"12148";"3432";"PLU";"CC";"2009-06-21 22:00:00+00:00";"2002-03-14 23:00:00+00:00";"33";"12";"76";"2021";"NON";"NON";"12148";"";"";"";"2021-10-06";"51126";""
"12150";"1432";"CC";"CC";"2011-07-28 22:00:00+00:00";"2010-12-09 23:00:00+00:00";"13";"12";"76";"2021";"NON";"NON";"200069383";"";"";"";"2021-10-06";"65775";""
"12151";"1432";"CC";"CC";"2010-06-30 22:00:00+00:00";"2007-10-22 22:00:00+00:00";"13";"12";"76";"2021";"NON";"NON";"200067171";"";"";"";"2021-10-06";"68909";""
"12153";"3299";"PLUi/PLUiS";"CC";"2021-06-29 22:00:00+00:00";"2016-07-20 22:00:00+00:00";"39";"12";"76";"2021";"NON";"OUI";"12153";"";"";"";"2021-10-06";"150108";""
"12154";"1432";"CC";"CC";"2012-04-02 22:00:00+00:00";"2010-09-16 22:00:00+00:00";"13";"12";"76";"2021";"NON";"NON";"200067163";"";"";"";"2021-10-06";"106628";""
"12155";"3299";"PLUi/PLUiS";"CC";"2019-10-21 22:00:00+00:00";"2014-12-14 23:00:00+00:00";"39";"12";"76";"2021";"NON";"OUI";"241200906";"";"";"";"2021-10-06";"146815";""
"12156";"1432";"CC";"CC";"2016-07-27 22:00:00+00:00";"2014-06-05 22:00:00+00:00";"13";"12";"76";"2021";"NON";"NON";"200067171";"";"";"";"2021-10-06";"142271";""
"12157";"3432";"PLU";"CC";"2007-03-25 22:00:00+00:00";"2002-07-28 22:00:00+00:00";"33";"12";"76";"2021";"NON";"NON";"200067478";"";"";"";"2021-10-06";"51127";""
"12158";"1432";"CC";"CC";"2007-10-24 22:00:00+00:00";"2005-12-22 23:00:00+00:00";"13";"12";"76";"2021";"NON";"NON";"200069383";"";"";"";"2021-10-06";"67642";""
"12160";"3299";"PLUi/PLUiS";"CC";"2019-06-25 22:00:00+00:00";"2017-06-13 22:00:00+00:00";"39";"12";"76";"2021";"NON";"OUI";"12160";"";"";"";"2021-10-06";"63807";""
"12161";"1432";"CC";"CC";"2004-12-26 23:00:00+00:00";"2002-11-25 23:00:00+00:00";"13";"12";"76";"2021";"NON";"NON";"12161";"";"";"";"2021-10-06";"67643";""
"12162";"3499";"PLU";"CC";"2013-10-14 22:00:00+00:00";"2010-02-24 23:00:00+00:00";"39";"12";"76";"2021";"NON";"NON";"200068831";"";"";"";"2021-10-06";"61224";""
"12164";"3432";"PLU";"CC";"2017-11-26 23:00:00+00:00";"2015-04-07 22:00:00+00:00";"33";"12";"76";"2021";"NON";"NON";"200067171";"";"";"";"2021-10-06";"142272";""
"12165";"3432";"PLU";"CC";"2004-11-25 23:00:00+00:00";"2001-09-27 22:00:00+00:00";"33";"12";"76";"2021";"NON";"NON";"12165";"";"";"";"2021-10-06";"51130";""
"12167";"3432";"PLU";"CC";"2015-01-18 23:00:00+00:00";"2008-11-26 23:00:00+00:00";"33";"12";"76";"2021";"NON";"NON";"200069383";"";"";"";"2021-10-06";"63811";""
"12168";"3299";"PLUi/PLUiS";"CC";"2019-10-21 22:00:00+00:00";"2014-12-14 23:00:00+00:00";"39";"12";"76";"2021";"NON";"OUI";"241200906";"";"";"";"2021-10-06";"146815";""
"12169";"3399";"PLUi/PLUiS";"CC";"2015-12-01 23:00:00+00:00";"2012-10-08 22:00:00+00:00";"39";"12";"76";"2021";"OUI";"NON";"200068831";"";"";"";"2021-10-06";"113744";""
"12170";"3432";"PLU";"CC";"2013-11-08 23:00:00+00:00";"2009-11-26 23:00:00+00:00";"33";"12";"76";"2021";"NON";"NON";"200069383";"";"";"";"2021-10-06";"90207";""
"12174";"3299";"PLUi/PLUiS";"CA";"2017-12-11 23:00:00+00:00";"2013-06-17 22:00:00+00:00";"39";"12";"76";"2021";"NON";"OUI";"12174";"";"";"";"2021-10-06";"147896";""
"12175";"1432";"CC";"CC";"2009-12-08 23:00:00+00:00";"2007-11-20 23:00:00+00:00";"13";"12";"76";"2021";"NON";"NON";"200069383";"";"";"";"2021-10-06";"57467";""
"12176";"3299";"PLUi/PLUiS";"CA";"2017-12-11 23:00:00+00:00";"2013-06-17 22:00:00+00:00";"39";"12";"76";"2021";"NON";"OUI";"12176";"";"";"";"2021-10-06";"147896";""
"12177";"1132";"CC";"COM";"2017-07-18 22:00:00+00:00";"2014-12-09 23:00:00+00:00";"13";"12";"76";"2021";"NON";"NON";"200068484";"";"";"";"2021-10-06";"65855";""
"12178";"3299";"PLUi/PLUiS";"CC";"2019-06-25 22:00:00+00:00";"2017-06-13 22:00:00+00:00";"39";"12";"76";"2021";"NON";"OUI";"12178";"";"";"";"2021-10-06";"63807";""
"12180";"3299";"PLUi/PLUiS";"CC";"2019-06-25 22:00:00+00:00";"2017-06-13 22:00:00+00:00";"39";"12";"76";"2021";"NON";"OUI";"12180";"";"";"";"2021-10-06";"63807";""
"12183";"3299";"PLUi/PLUiS";"CC";"2021-09-20 22:00:00+00:00";"2018-09-11 22:00:00+00:00";"39";"12";"76";"2021";"NON";"OUI";"200067155";"";"";"";"2021-10-06";"146818";""
"12185";"3432";"PLU";"CC";"2017-09-20 22:00:00+00:00";"2010-12-15 23:00:00+00:00";"33";"12";"76";"2021";"NON";"NON";"12185";"";"";"";"2021-10-06";"146669";""
"12186";"1432";"CC";"CC";"2006-04-24 22:00:00+00:00";"2004-05-13 22:00:00+00:00";"13";"12";"76";"2021";"NON";"NON";"200067163";"";"";"";"2021-10-06";"67644";""
"12191";"1432";"CC";"CC";"2010-06-29 22:00:00+00:00";"2008-10-18 22:00:00+00:00";"13";"12";"76";"2021";"NON";"NON";"12191";"";"";"";"2021-10-06";"68910";""
"12194";"3399";"PLUi/PLUiS";"CC";"2015-12-01 23:00:00+00:00";"2012-10-08 22:00:00+00:00";"39";"12";"76";"2021";"OUI";"NON";"200068831";"";"";"";"2021-10-06";"113744";""
"12195";"1432";"CC";"CC";"2014-11-05 23:00:00+00:00";"2013-11-25 23:00:00+00:00";"13";"12";"76";"2021";"NON";"NON";"200067163";"";"";"";"2021-10-06";"133564";""
"12198";"3432";"PLU";"CC";"2005-07-20 22:00:00+00:00";"2002-01-16 23:00:00+00:00";"33";"12";"76";"2021";"NON";"NON";"12198";"";"";"";"2021-10-06";"107889";""
"12199";"3499";"PLU";"CC";"2012-01-18 23:00:00+00:00";"2008-11-26 23:00:00+00:00";"39";"12";"76";"2021";"NON";"NON";"12199";"";"";"";"2021-10-06";"90228";""
"12200";"3299";"PLUi/PLUiS";"CC";"2019-06-25 22:00:00+00:00";"2017-06-13 22:00:00+00:00";"39";"12";"76";"2021";"NON";"OUI";"12200";"";"";"";"2021-10-06";"63807";""
"12201";"3432";"PLU";"CC";"2005-12-20 23:00:00+00:00";"2001-06-26 22:00:00+00:00";"33";"12";"76";"2021";"NON";"NON";"200067478";"";"";"";"2021-10-06";"51141";""
"12202";"3299";"PLUi/PLUiS";"CA";"2017-12-11 23:00:00+00:00";"2013-06-17 22:00:00+00:00";"39";"12";"76";"2021";"NON";"OUI";"12202";"";"";"";"2021-10-06";"147896";""
"12203";"3234";"PLUi/PLUiS";"CC";"2021-09-20 22:00:00+00:00";"2018-09-11 22:00:00+00:00";"33";"12";"76";"2021";"NON";"OUI";"200067155";"";"";"";"2021-10-06";"146818";""
"12204";"3299";"PLUi/PLUiS";"CC";"2019-06-25 22:00:00+00:00";"2017-06-13 22:00:00+00:00";"39";"12";"76";"2021";"NON";"OUI";"12204";"";"";"";"2021-10-06";"63807";""
"12205";"3432";"PLU";"CC";"2006-11-27 23:00:00+00:00";"2004-05-11 22:00:00+00:00";"33";"12";"76";"2021";"NON";"NON";"200069383";"";"";"";"2021-10-06";"51144";""
"12206";"1432";"CC";"CC";"2007-07-04 22:00:00+00:00";"2005-10-18 22:00:00+00:00";"13";"12";"76";"2021";"NON";"NON";"12206";"";"";"";"2021-10-06";"67646";""
"12208";"3299";"PLUi/PLUiS";"CC";"2021-09-20 22:00:00+00:00";"2018-09-11 22:00:00+00:00";"39";"12";"76";"2021";"NON";"OUI";"200067155";"";"";"";"2021-10-06";"146818";""
"12209";"1432";"CC";"CC";"2016-11-13 23:00:00+00:00";"2015-04-14 22:00:00+00:00";"13";"12";"76";"2021";"NON";"NON";"200067171";"";"";"";"2021-10-06";"146671";""
"12211";"3299";"PLUi/PLUiS";"CC";"2019-06-25 22:00:00+00:00";"2017-06-13 22:00:00+00:00";"39";"12";"76";"2021";"NON";"OUI";"12211";"";"";"";"2021-10-06";"63807";""
"12212";"3299";"PLUi/PLUiS";"CC";"2019-10-21 22:00:00+00:00";"2014-12-14 23:00:00+00:00";"39";"12";"76";"2021";"NON";"OUI";"12212";"";"";"";"2021-10-06";"146815";""
"12213";"3299";"PLUi/PLUiS";"CC";"2021-06-29 22:00:00+00:00";"2016-07-20 22:00:00+00:00";"39";"12";"76";"2021";"NON";"OUI";"12213";"";"";"";"2021-10-06";"150108";""
"12214";"1432";"CC";"CC";"2007-05-02 22:00:00+00:00";"2005-09-29 22:00:00+00:00";"13";"12";"76";"2021";"NON";"NON";"200067171";"";"";"";"2021-10-06";"104625";""
"12215";"3432";"PLU";"CC";"2012-11-18 23:00:00+00:00";"2008-11-02 23:00:00+00:00";"33";"12";"76";"2021";"NON";"NON";"12215";"";"";"";"2021-10-06";"61364";""
"12216";"3432";"PLU";"CC";"2019-11-03 23:00:00+00:00";"2017-03-01 23:00:00+00:00";"33";"12";"76";"2021";"NON";"NON";"200067478";"";"";"";"2021-10-06";"158340";""
"12217";"1432";"CC";"CC";"2007-01-16 23:00:00+00:00";"2005-02-10 23:00:00+00:00";"13";"12";"76";"2021";"NON";"NON";"200069383";"";"";"";"2021-10-06";"70372";""
"12219";"3132";"PLU";"COM";"2011-12-19 23:00:00+00:00";"2007-08-08 22:00:00+00:00";"33";"12";"76";"2021";"NON";"NON";"200068484";"";"";"";"2021-10-06";"61366";""
"12220";"3299";"PLUi/PLUiS";"CC";"2019-10-21 22:00:00+00:00";"2014-12-14 23:00:00+00:00";"39";"12";"76";"2021";"NON";"OUI";"12220";"";"";"";"2021-10-06";"146815";""
"12221";"1432";"CC";"CC";"2002-08-12 22:00:00+00:00";"2001-04-01 22:00:00+00:00";"13";"12";"76";"2021";"NON";"NON";"12221";"";"";"";"2021-10-06";"67651";""
"12222";"3299";"PLUi/PLUiS";"CC";"2021-09-20 22:00:00+00:00";"2018-09-11 22:00:00+00:00";"39";"12";"76";"2021";"NON";"OUI";"200067155";"";"";"";"2021-10-06";"146818";""
"12223";"1432";"CC";"CC";"2015-08-27 22:00:00+00:00";"2013-08-25 22:00:00+00:00";"13";"12";"76";"2021";"NON";"NON";"200067171";"";"";"";"2021-10-06";"140939";""
"12224";"3132";"PLU";"COM";"2007-11-04 23:00:00+00:00";"2004-09-19 22:00:00+00:00";"33";"12";"76";"2021";"NON";"NON";"200068484";"";"";"";"2021-10-06";"51145";""
"12225";"3299";"PLUi/PLUiS";"CC";"2019-06-25 22:00:00+00:00";"2017-06-13 22:00:00+00:00";"39";"12";"76";"2021";"NON";"OUI";"12225";"";"";"";"2021-10-06";"63807";""
"12228";"3299";"PLUi/PLUiS";"CC";"2021-09-20 22:00:00+00:00";"2018-09-11 22:00:00+00:00";"39";"12";"76";"2021";"NON";"OUI";"200067155";"";"";"";"2021-10-06";"146818";""
"12229";"3214";"PLUi/PLUiS";"CC";"2021-09-20 22:00:00+00:00";"2018-09-11 22:00:00+00:00";"31";"12";"76";"2021";"NON";"OUI";"200067155";"";"";"";"2021-10-06";"146818";""
"12231";"3299";"PLUi/PLUiS";"CC";"2019-10-21 22:00:00+00:00";"2014-12-14 23:00:00+00:00";"39";"12";"76";"2021";"NON";"OUI";"12231";"";"";"";"2021-10-06";"146815";""
"12232";"3299";"PLUi/PLUiS";"CC";"2019-10-21 22:00:00+00:00";"2014-12-14 23:00:00+00:00";"39";"12";"76";"2021";"NON";"OUI";"12232";"";"";"";"2021-10-06";"146815";""
"12233";"3299";"PLUi/PLUiS";"CC";"2021-09-20 22:00:00+00:00";"2018-09-11 22:00:00+00:00";"39";"12";"76";"2021";"NON";"OUI";"200067155";"";"";"";"2021-10-06";"146818";""
"12234";"3499";"PLU";"CC";"2019-03-27 23:00:00+00:00";"2015-04-23 22:00:00+00:00";"39";"12";"76";"2021";"NON";"NON";"200068831";"";"";"";"2021-10-06";"159951";""
"12235";"3399";"PLUi/PLUiS";"CC";"2015-12-01 23:00:00+00:00";"2012-10-08 22:00:00+00:00";"39";"12";"76";"2021";"OUI";"NON";"200068831";"";"";"";"2021-10-06";"113744";""
"12238";"1432";"CC";"CC";"2013-12-23 23:00:00+00:00";"2010-07-05 22:00:00+00:00";"13";"12";"76";"2021";"NON";"NON";"12238";"";"";"";"2021-10-06";"66696";""
"12240";"3299";"PLUi/PLUiS";"CC";"2021-03-10 23:00:00+00:00";"2017-09-26 22:00:00+00:00";"39";"12";"76";"2021";"NON";"OUI";"200067064";"";"";"";"2021-10-06";"159905";""
"12241";"3299";"PLUi/PLUiS";"CA";"2017-12-11 23:00:00+00:00";"2013-06-17 22:00:00+00:00";"39";"12";"76";"2021";"NON";"OUI";"12241";"";"";"";"2021-10-06";"147896";""
"12242";"3432";"PLU";"CC";"2007-09-21 22:00:00+00:00";"2004-11-11 23:00:00+00:00";"33";"12";"76";"2021";"NON";"NON";"200069383";"";"";"";"2021-10-06";"51148";""
"12243";"3234";"PLUi/PLUiS";"CC";"2021-09-20 22:00:00+00:00";"2018-09-11 22:00:00+00:00";"33";"12";"76";"2021";"NON";"OUI";"200067155";"";"";"";"2021-10-06";"146818";""
"12244";"3299";"PLUi/PLUiS";"CC";"2021-06-29 22:00:00+00:00";"2016-07-20 22:00:00+00:00";"39";"12";"76";"2021";"NON";"OUI";"241200914";"";"";"";"2021-10-06";"150108";""
"12246";"3299";"PLUi/PLUiS";"CC";"2021-03-10 23:00:00+00:00";"2017-09-26 22:00:00+00:00";"39";"12";"76";"2021";"NON";"OUI";"200067064";"";"";"";"2021-10-06";"159905";""
"12247";"1132";"CC";"COM";"2014-03-11 23:00:00+00:00";"2012-11-07 23:00:00+00:00";"13";"12";"76";"2021";"NON";"NON";"200068484";"";"";"";"2021-10-06";"129793";""
"12248";"1432";"CC";"CC";"2006-09-13 22:00:00+00:00";"2004-12-09 23:00:00+00:00";"13";"12";"76";"2021";"NON";"NON";"200067163";"";"";"";"2021-10-06";"67653";""
"12249";"1432";"CC";"CC";"2008-10-26 23:00:00+00:00";"2007-08-22 22:00:00+00:00";"13";"12";"76";"2021";"NON";"NON";"200067163";"";"";"";"2021-10-06";"67654";""
"12251";"3299";"PLUi/PLUiS";"CC";"2021-06-29 22:00:00+00:00";"2016-07-20 22:00:00+00:00";"39";"12";"76";"2021";"NON";"OUI";"241200914";"";"";"";"2021-10-06";"150108";""
"12253";"3432";"PLU";"CC";"2018-09-26 22:00:00+00:00";"2013-04-01 22:00:00+00:00";"33";"12";"76";"2021";"NON";"NON";"12253";"";"";"";"2021-10-06";"61370";""
"12254";"3432";"PLU";"CC";"2012-12-04 23:00:00+00:00";"2008-10-23 22:00:00+00:00";"33";"12";"76";"2021";"NON";"NON";"12254";"";"";"";"2021-10-06";"61371";""
"12257";"1432";"CC";"CC";"2011-03-24 23:00:00+00:00";"2008-04-10 22:00:00+00:00";"13";"12";"76";"2021";"NON";"NON";"200067361";"";"";"";"2021-10-06";"65861";""
"12259";"1432";"CC";"CC";"2012-06-14 22:00:00+00:00";"2009-03-15 23:00:00+00:00";"13";"12";"76";"2021";"NON";"NON";"200069383";"";"";"";"2021-10-06";"66697";""
"12260";"3299";"PLUi/PLUiS";"CC";"2019-10-21 22:00:00+00:00";"2014-12-14 23:00:00+00:00";"39";"12";"76";"2021";"NON";"OUI";"12260";"";"";"";"2021-10-06";"146815";""
"12262";"3499";"PLU";"CC";"2009-09-18 22:00:00+00:00";"2006-07-27 22:00:00+00:00";"39";"12";"76";"2021";"NON";"NON";"200068831";"";"";"";"2021-10-06";"51154";""
"12263";"3432";"PLU";"CC";"2007-01-22 23:00:00+00:00";"2004-10-28 22:00:00+00:00";"33";"12";"76";"2021";"NON";"NON";"200069383";"";"";"";"2021-10-06";"51152";""
"12264";"3299";"PLUi/PLUiS";"CA";"2017-12-11 23:00:00+00:00";"2013-06-17 22:00:00+00:00";"39";"12";"76";"2021";"NON";"OUI";"12264";"";"";"";"2021-10-06";"147896";""
"12266";"1432";"CC";"CC";"2010-12-02 23:00:00+00:00";"2007-04-24 22:00:00+00:00";"13";"12";"76";"2021";"NON";"NON";"12266";"";"";"";"2021-10-06";"68964";""
"12270";"3132";"PLU";"COM";"2011-09-25 22:00:00+00:00";"2008-12-14 23:00:00+00:00";"33";"12";"76";"2021";"NON";"NON";"200068484";"";"";"";"2021-10-06";"61357";""
"12272";"1432";"CC";"CC";"2008-08-10 22:00:00+00:00";"2006-09-01 22:00:00+00:00";"13";"12";"76";"2021";"NON";"NON";"200067361";"";"";"";"2021-10-06";"68912";""
"12274";"3432";"PLU";"CC";"2013-04-03 22:00:00+00:00";"2005-06-05 22:00:00+00:00";"33";"12";"76";"2021";"NON";"NON";"200067163";"";"";"";"2021-10-06";"61375";""
"12276";"3399";"PLUi/PLUiS";"CC";"2015-12-01 23:00:00+00:00";"2012-10-08 22:00:00+00:00";"39";"12";"76";"2021";"OUI";"NON";"200068831";"";"";"";"2021-10-06";"113744";""
"12280";"3432";"PLU";"CC";"2014-01-29 23:00:00+00:00";"2008-12-07 23:00:00+00:00";"33";"12";"76";"2021";"NON";"NON";"200067171";"";"";"";"2021-10-06";"61376";""
"12281";"3432";"PLU";"CC";"2008-02-28 23:00:00+00:00";"2005-03-30 22:00:00+00:00";"33";"12";"76";"2021";"NON";"NON";"200069383";"";"";"";"2021-10-06";"51155";""
"12282";"3299";"PLUi/PLUiS";"CC";"2021-09-20 22:00:00+00:00";"2018-09-11 22:00:00+00:00";"39";"12";"76";"2021";"NON";"OUI";"200067155";"";"";"";"2021-10-06";"146818";""
"12283";"1432";"CC";"CC";"2008-03-16 23:00:00+00:00";"2003-09-22 22:00:00+00:00";"13";"12";"76";"2021";"NON";"NON";"12283";"";"";"";"2021-10-06";"14049";""
"12284";"3299";"PLUi/PLUiS";"CC";"2021-06-29 22:00:00+00:00";"2016-07-20 22:00:00+00:00";"39";"12";"76";"2021";"NON";"OUI";"241200914";"";"";"";"2021-10-06";"150108";""
"12286";"3234";"PLUi/PLUiS";"CC";"2021-09-20 22:00:00+00:00";"2018-09-11 22:00:00+00:00";"33";"12";"76";"2021";"NON";"OUI";"200067155";"";"";"";"2021-10-06";"146818";""
"12287";"3432";"PLU";"CC";"2007-07-26 22:00:00+00:00";"2003-01-02 23:00:00+00:00";"33";"12";"76";"2021";"NON";"NON";"200069383";"";"";"";"2021-10-06";"51159";""
"12288";"3432";"PLU";"CC";"2012-12-02 23:00:00+00:00";"2008-10-05 22:00:00+00:00";"33";"12";"76";"2021";"NON";"NON";"12288";"";"";"";"2021-10-06";"61372";""
"12289";"1432";"CC";"CC";"2006-09-13 22:00:00+00:00";"2004-07-20 22:00:00+00:00";"13";"12";"76";"2021";"NON";"NON";"12289";"";"";"";"2021-10-06";"67658";""
"12290";"1432";"CC";"CC";"2006-11-05 23:00:00+00:00";"2002-01-04 23:00:00+00:00";"13";"12";"76";"2021";"NON";"NON";"12290";"";"";"";"2021-10-06";"14042";""
"12291";"3299";"PLUi/PLUiS";"CC";"2021-06-29 22:00:00+00:00";"2016-07-20 22:00:00+00:00";"39";"12";"76";"2021";"NON";"OUI";"12291";"";"";"";"2021-10-06";"150108";""
"12292";"3299";"PLUi/PLUiS";"CC";"2021-09-20 22:00:00+00:00";"2018-09-11 22:00:00+00:00";"39";"12";"76";"2021";"NON";"OUI";"200067155";"";"";"";"2021-10-06";"146818";""
"12293";"3299";"PLUi/PLUiS";"CC";"2019-06-25 22:00:00+00:00";"2017-06-13 22:00:00+00:00";"39";"12";"76";"2021";"NON";"OUI";"12293";"";"";"";"2021-10-06";"63807";""
"12294";"1432";"CC";"CC";"2010-10-11 22:00:00+00:00";"2007-04-15 22:00:00+00:00";"13";"12";"76";"2021";"NON";"NON";"12294";"";"";"";"2021-10-06";"68913";""
"12295";"3299";"PLUi/PLUiS";"CC";"2019-10-21 22:00:00+00:00";"2014-12-14 23:00:00+00:00";"39";"12";"76";"2021";"NON";"OUI";"12295";"";"";"";"2021-10-06";"146815";""
"12296";"3299";"PLUi/PLUiS";"CC";"2021-06-29 22:00:00+00:00";"2016-07-20 22:00:00+00:00";"39";"12";"76";"2021";"NON";"OUI";"12296";"";"";"";"2021-10-06";"150108";""
"12297";"3432";"PLU";"CC";"2017-06-28 22:00:00+00:00";"2011-09-01 22:00:00+00:00";"33";"12";"76";"2021";"NON";"NON";"12297";"";"";"";"2021-10-06";"142270";""
"12298";"1432";"CC";"CC";"2004-02-16 23:00:00+00:00";"2002-08-07 22:00:00+00:00";"13";"12";"76";"2021";"NON";"NON";"200067478";"";"";"";"2021-10-06";"67661";""
"12299";"3432";"PLU";"CC";"2016-01-19 23:00:00+00:00";"2012-10-17 22:00:00+00:00";"33";"12";"76";"2021";"NON";"NON";"12299";"";"";"";"2021-10-06";"115832";""
"12300";"3432";"PLU";"CC";"2005-03-02 23:00:00+00:00";"2002-02-24 23:00:00+00:00";"33";"12";"76";"2021";"NON";"NON";"200069383";"";"";"";"2021-10-06";"890";""
"12305";"3299";"PLUi/PLUiS";"CC";"2021-03-10 23:00:00+00:00";"2017-09-26 22:00:00+00:00";"39";"12";"76";"2021";"NON";"OUI";"200067064";"";"";"";"2021-10-06";"159905";""
"13001";"3433";"PLU";"MET";"2015-07-22 22:00:00+00:00";"2001-07-24 22:00:00+00:00";"33";"13";"93";"2021";"NON";"NON";"13001";"";"";"";"2021-10-06";"1546";""
"13002";"3399";"PLUi/PLUiS";"MET";"2019-12-18 23:00:00+00:00";"2015-05-21 22:00:00+00:00";"39";"13";"93";"2021";"OUI";"NON";"13002";"";"";"";"2021-10-06";"140830";""
"13003";"3499";"PLU";"MET";"2016-12-19 23:00:00+00:00";"2015-12-08 23:00:00+00:00";"39";"13";"93";"2021";"NON";"NON";"13003";"";"";"";"2021-10-06";"143899";""
"13004";"3199";"PLU";"COM";"2017-03-07 23:00:00+00:00";"2015-05-19 22:00:00+00:00";"39";"13";"93";"2021";"NON";"NON";"13004";"";"";"";"2021-10-06";"139078";""
"13005";"3433";"PLU";"MET";"2016-11-21 23:00:00+00:00";"2014-09-22 22:00:00+00:00";"33";"13";"93";"2021";"NON";"NON";"13005";"";"";"";"2021-10-06";"132966";""
"13006";"3199";"PLU";"COM";"2017-03-21 23:00:00+00:00";"2009-12-22 23:00:00+00:00";"39";"13";"93";"2021";"NON";"NON";"13006";"";"";"";"2021-10-06";"91652";""
"13007";"3433";"PLU";"MET";"2012-02-19 23:00:00+00:00";"2002-12-18 23:00:00+00:00";"33";"13";"93";"2021";"NON";"NON";"13007";"";"";"";"2021-10-06";"61380";""
"13008";"3499";"PLU";"MET";"2015-12-28 23:00:00+00:00";"2014-04-17 22:00:00+00:00";"39";"13";"93";"2021";"NON";"NON";"13008";"";"";"";"2021-10-06";"131517";""
"13010";"3131";"PLU";"COM";"2020-02-24 23:00:00+00:00";"2011-12-13 23:00:00+00:00";"33";"13";"93";"2021";"NON";"NON";"13010";"";"";"";"2021-10-06";"94869";""
"13012";"3433";"PLU";"MET";"2006-11-08 23:00:00+00:00";"2002-02-10 23:00:00+00:00";"33";"13";"93";"2021";"NON";"NON";"13012";"";"";"";"2021-10-06";"51162";""
"13013";"3433";"PLU";"MET";"2017-12-18 23:00:00+00:00";"2015-09-18 22:00:00+00:00";"33";"13";"93";"2021";"NON";"NON";"13013";"";"";"";"2021-10-06";"141608";""
"13014";"3499";"PLU";"MET";"2017-03-22 23:00:00+00:00";"2010-06-27 22:00:00+00:00";"39";"13";"93";"2021";"NON";"NON";"13014";"";"";"";"2021-10-06";"61383";""
"13015";"3433";"PLU";"MET";"2016-07-12 22:00:00+00:00";"2014-07-10 22:00:00+00:00";"33";"13";"93";"2021";"NON";"NON";"13015";"";"";"";"2021-10-06";"130964";""
"13016";"3433";"PLU";"MET";"2017-12-27 23:00:00+00:00";"2012-02-19 23:00:00+00:00";"33";"13";"93";"2021";"NON";"NON";"13016";"";"";"";"2021-10-06";"105669";""
"13018";"3199";"PLU";"COM";"2017-07-19 22:00:00+00:00";"2010-06-28 22:00:00+00:00";"39";"13";"93";"2021";"NON";"NON";"13018";"";"";"";"2021-10-06";"92496";""
"13019";"3433";"PLU";"MET";"2017-03-22 23:00:00+00:00";"2012-09-26 22:00:00+00:00";"33";"13";"93";"2021";"NON";"NON";"13019";"";"";"";"2021-10-06";"113448";""
"13020";"3433";"PLU";"MET";"2018-12-12 23:00:00+00:00";"2014-09-21 22:00:00+00:00";"33";"13";"93";"2021";"NON";"NON";"13020";"";"";"";"2021-10-06";"132637";""
"13021";"3399";"PLUi/PLUiS";"MET";"2019-12-18 23:00:00+00:00";"2015-05-21 22:00:00+00:00";"39";"13";"93";"2021";"OUI";"NON";"13021";"";"";"";"2021-10-06";"140830";""
"13022";"3399";"PLUi/PLUiS";"MET";"2019-12-18 23:00:00+00:00";"2015-05-21 22:00:00+00:00";"39";"13";"93";"2021";"OUI";"NON";"13022";"";"";"";"2021-10-06";"140830";""
"13023";"3399";"PLUi/PLUiS";"MET";"2019-12-18 23:00:00+00:00";"2015-05-21 22:00:00+00:00";"39";"13";"93";"2021";"OUI";"NON";"13023";"";"";"";"2021-10-06";"140830";""
"13024";"3499";"PLU";"MET";"2011-12-14 23:00:00+00:00";"2006-06-26 22:00:00+00:00";"39";"13";"93";"2021";"NON";"NON";"13024";"";"";"";"2021-10-06";"63815";""
"13025";"3433";"PLU";"MET";"2019-10-23 22:00:00+00:00";"2015-10-13 22:00:00+00:00";"33";"13";"93";"2021";"NON";"NON";"13025";"";"";"";"2021-10-06";"63816";""
"13026";"3399";"PLUi/PLUiS";"MET";"2019-12-18 23:00:00+00:00";"2015-05-21 22:00:00+00:00";"39";"13";"93";"2021";"OUI";"NON";"13026";"";"";"";"2021-10-06";"140830";""
"13027";"3199";"PLU";"COM";"2006-07-18 22:00:00+00:00";"2002-03-26 23:00:00+00:00";"39";"13";"93";"2021";"NON";"NON";"13027";"";"";"";"2021-10-06";"57809";""
"13028";"3399";"PLUi/PLUiS";"MET";"2019-12-18 23:00:00+00:00";"2015-05-21 22:00:00+00:00";"39";"13";"93";"2021";"OUI";"NON";"13028";"";"";"";"2021-10-06";"140830";""
"13029";"3499";"PLU";"MET";"2013-06-25 22:00:00+00:00";"2008-05-22 22:00:00+00:00";"39";"13";"93";"2021";"NON";"NON";"13029";"";"";"";"2021-10-06";"61390";""
"13030";"3433";"PLU";"MET";"2015-11-11 23:00:00+00:00";"2008-05-28 22:00:00+00:00";"33";"13";"93";"2021";"NON";"NON";"13030";"";"";"";"2021-10-06";"91905";""
"13031";"3433";"PLU";"MET";"2013-04-11 22:00:00+00:00";"2006-12-03 23:00:00+00:00";"33";"13";"93";"2021";"NON";"NON";"13031";"";"";"";"2021-10-06";"61391";""
"13033";"3399";"PLUi/PLUiS";"MET";"2019-12-18 23:00:00+00:00";"2015-05-21 22:00:00+00:00";"39";"13";"93";"2021";"OUI";"NON";"13033";"";"";"";"2021-10-06";"140830";""
"13034";"3199";"PLU";"COM";"2017-02-19 23:00:00+00:00";"2013-12-03 23:00:00+00:00";"39";"13";"93";"2021";"NON";"NON";"13034";"";"";"";"2021-10-06";"127456";""
"13035";"3499";"PLU";"MET";"2017-07-12 22:00:00+00:00";"2011-06-29 22:00:00+00:00";"39";"13";"93";"2021";"NON";"NON";"13035";"";"";"";"2021-10-06";"61387";""
"13037";"3499";"PLU";"MET";"2007-06-27 22:00:00+00:00";"2000-09-20 22:00:00+00:00";"39";"13";"93";"2021";"NON";"NON";"13037";"";"";"";"2021-10-06";"51163";""
"13038";"3199";"PLU";"COM";"2017-11-24 23:00:00+00:00";"2010-02-23 23:00:00+00:00";"39";"13";"93";"2021";"NON";"NON";"13038";"";"";"";"2021-10-06";"61392";""
"13039";"3499";"PLU";"MET";"2020-07-30 22:00:00+00:00";"2014-10-12 22:00:00+00:00";"39";"13";"93";"2021";"NON";"NON";"13039";"";"";"";"2021-10-06";"61393";""
"13040";"3433";"PLU";"MET";"2008-02-26 23:00:00+00:00";"2003-10-28 23:00:00+00:00";"33";"13";"93";"2021";"NON";"NON";"13040";"";"";"";"2021-10-06";"92108";""
"13041";"3433";"PLU";"MET";"2010-05-26 22:00:00+00:00";"2003-12-10 23:00:00+00:00";"33";"13";"93";"2021";"NON";"NON";"13041";"";"";"";"2021-10-06";"1598";""
"13042";"3399";"PLUi/PLUiS";"MET";"2019-12-18 23:00:00+00:00";"2015-05-21 22:00:00+00:00";"39";"13";"93";"2021";"OUI";"NON";"13042";"";"";"";"2021-10-06";"140830";""
"13043";"3399";"PLUi/PLUiS";"MET";"2019-12-18 23:00:00+00:00";"2015-05-21 22:00:00+00:00";"39";"13";"93";"2021";"OUI";"NON";"13043";"";"";"";"2021-10-06";"140830";""
"13044";"3499";"PLU";"MET";"2017-10-01 22:00:00+00:00";"2015-10-04 22:00:00+00:00";"39";"13";"93";"2021";"NON";"NON";"13044";"";"";"";"2021-10-06";"141864";""
"13045";"3199";"PLU";"COM";"2018-09-26 22:00:00+00:00";"2015-07-08 22:00:00+00:00";"39";"13";"93";"2021";"NON";"NON";"13045";"";"";"";"2021-10-06";"140934";""
"13046";"3433";"PLU";"MET";"2017-03-12 23:00:00+00:00";"2014-06-19 22:00:00+00:00";"33";"13";"93";"2021";"NON";"NON";"13046";"";"";"";"2021-10-06";"130910";""
"13047";"3434";"PLU";"MET";"2013-06-25 22:00:00+00:00";"2003-12-18 23:00:00+00:00";"33";"13";"93";"2021";"NON";"NON";"13047";"";"";"";"2021-10-06";"1561";""
"13048";"3433";"PLU";"MET";"2008-10-12 22:00:00+00:00";"2002-11-17 23:00:00+00:00";"33";"13";"93";"2021";"NON";"NON";"13048";"";"";"";"2021-10-06";"46437";""
"13050";"3433";"PLU";"MET";"2017-05-02 22:00:00+00:00";"2004-02-24 23:00:00+00:00";"33";"13";"93";"2021";"NON";"NON";"13050";"";"";"";"2021-10-06";"61398";""
"13051";"3499";"PLU";"MET";"2017-12-12 23:00:00+00:00";"2014-12-10 23:00:00+00:00";"39";"13";"93";"2021";"NON";"NON";"13051";"";"";"";"2021-10-06";"141866";""
"13052";"3199";"PLU";"COM";"2017-03-19 23:00:00+00:00";"2013-10-14 22:00:00+00:00";"39";"13";"93";"2021";"NON";"NON";"13052";"";"";"";"2021-10-06";"125238";""
"13053";"3499";"PLU";"MET";"2017-10-10 22:00:00+00:00";"2008-08-27 22:00:00+00:00";"39";"13";"93";"2021";"NON";"NON";"13053";"";"";"";"2021-10-06";"51165";""
"13054";"3399";"PLUi/PLUiS";"MET";"2019-12-18 23:00:00+00:00";"2015-05-21 22:00:00+00:00";"39";"13";"93";"2021";"OUI";"NON";"13054";"";"";"";"2021-10-06";"140830";""
"13055";"3399";"PLUi/PLUiS";"MET";"2019-12-18 23:00:00+00:00";"2015-05-21 22:00:00+00:00";"39";"13";"93";"2021";"OUI";"NON";"13055";"";"";"";"2021-10-06";"140830";""
"13056";"3433";"PLU";"MET";"2017-12-14 23:00:00+00:00";"2016-06-30 22:00:00+00:00";"33";"13";"93";"2021";"NON";"NON";"13056";"";"";"";"2021-10-06";"139762";""
"13057";"3199";"PLU";"COM";"2016-06-22 22:00:00+00:00";"2009-12-09 23:00:00+00:00";"39";"13";"93";"2021";"NON";"NON";"13057";"";"";"";"2021-10-06";"92153";""
"13058";"3199";"PLU";"COM";"2017-07-05 22:00:00+00:00";"2015-05-27 22:00:00+00:00";"39";"13";"93";"2021";"NON";"NON";"13058";"";"";"";"2021-10-06";"121119";""
"13059";"3433";"PLU";"MET";"2017-07-04 22:00:00+00:00";"2009-09-10 22:00:00+00:00";"33";"13";"93";"2021";"NON";"NON";"13059";"";"";"";"2021-10-06";"61402";""
"13060";"3433";"PLU";"MET";"2013-03-21 23:00:00+00:00";"2009-05-05 22:00:00+00:00";"33";"13";"93";"2021";"NON";"NON";"13060";"";"";"";"2021-10-06";"64374";""
"13061";"3199";"PLU";"COM";"2021-07-07 22:00:00+00:00";"2015-03-08 23:00:00+00:00";"39";"13";"93";"2021";"NON";"NON";"13061";"";"";"";"2021-10-06";"124795";""
"13062";"3433";"PLU";"MET";"2017-03-12 23:00:00+00:00";"2002-07-25 22:00:00+00:00";"33";"13";"93";"2021";"NON";"NON";"13062";"";"";"";"2021-10-06";"64375";""
"13063";"3499";"PLU";"MET";"2017-07-04 22:00:00+00:00";"2015-06-23 22:00:00+00:00";"39";"13";"93";"2021";"NON";"NON";"13063";"";"";"";"2021-10-06";"140714";""
"13064";"3199";"PLU";"COM";"2019-10-03 22:00:00+00:00";"2014-07-02 22:00:00+00:00";"39";"13";"93";"2021";"NON";"NON";"13064";"";"";"";"2021-10-06";"131573";""
"13065";"3199";"PLU";"COM";"2020-02-27 23:00:00+00:00";"2019-01-14 23:00:00+00:00";"39";"13";"93";"2021";"NON";"NON";"13065";"";"";"";"2021-10-06";"173388";""
"13066";"3199";"PLU";"COM";"2019-11-11 23:00:00+00:00";"2008-10-20 22:00:00+00:00";"39";"13";"93";"2021";"NON";"NON";"13066";"";"";"";"2021-10-06";"64376";""
"13068";"3199";"PLU";"COM";"2018-03-27 22:00:00+00:00";"2015-01-27 23:00:00+00:00";"39";"13";"93";"2021";"NON";"NON";"13068";"";"";"";"2021-10-06";"137314";""
"13069";"3499";"PLU";"MET";"2013-01-23 23:00:00+00:00";"2002-04-29 22:00:00+00:00";"39";"13";"93";"2021";"NON";"NON";"13069";"";"";"";"2021-10-06";"64378";""
"13070";"3433";"PLU";"MET";"2019-10-23 22:00:00+00:00";"2015-11-24 23:00:00+00:00";"33";"13";"93";"2021";"NON";"NON";"13070";"";"";"";"2021-10-06";"142510";""
"13071";"3433";"PLU";"MET";"2012-06-27 22:00:00+00:00";"2008-02-20 23:00:00+00:00";"33";"13";"93";"2021";"NON";"NON";"13071";"";"";"";"2021-10-06";"64379";""
"13072";"3433";"PLU";"MET";"2017-03-20 23:00:00+00:00";"2015-06-29 22:00:00+00:00";"33";"13";"93";"2021";"NON";"NON";"13072";"";"";"";"2021-10-06";"126290";""
"13074";"3433";"PLU";"MET";"2017-03-08 23:00:00+00:00";"2008-11-12 23:00:00+00:00";"33";"13";"93";"2021";"NON";"NON";"13074";"";"";"";"2021-10-06";"121114";""
"13075";"3399";"PLUi/PLUiS";"MET";"2019-12-18 23:00:00+00:00";"2015-05-21 22:00:00+00:00";"39";"13";"93";"2021";"OUI";"NON";"13075";"";"";"";"2021-10-06";"140830";""
"13076";"3199";"PLU";"COM";"2018-04-22 22:00:00+00:00";"2010-07-07 22:00:00+00:00";"39";"13";"93";"2021";"NON";"NON";"13076";"";"";"";"2021-10-06";"64381";""
"13077";"3433";"PLU";"MET";"2013-06-24 22:00:00+00:00";"1997-03-26 23:00:00+00:00";"33";"13";"93";"2021";"NON";"NON";"13077";"";"";"";"2021-10-06";"1611";""
"13078";"3499";"PLU";"MET";"2019-05-15 22:00:00+00:00";"2015-04-06 22:00:00+00:00";"39";"13";"93";"2021";"NON";"NON";"13078";"";"";"";"2021-10-06";"64382";""
"13079";"3433";"PLU";"MET";"2017-03-06 23:00:00+00:00";"2014-06-02 22:00:00+00:00";"33";"13";"93";"2021";"NON";"NON";"13079";"";"";"";"2021-10-06";"130279";""
"13080";"3433";"PLU";"MET";"2017-02-08 23:00:00+00:00";"2010-07-04 22:00:00+00:00";"33";"13";"93";"2021";"NON";"NON";"13080";"";"";"";"2021-10-06";"64383";""
"13081";"3499";"PLU";"MET";"2017-06-29 22:00:00+00:00";"2013-06-26 22:00:00+00:00";"39";"13";"93";"2021";"NON";"NON";"13081";"";"";"";"2021-10-06";"124563";""
"13082";"3433";"PLU";"MET";"2016-12-14 23:00:00+00:00";"2010-11-30 23:00:00+00:00";"33";"13";"93";"2021";"NON";"NON";"13082";"";"";"";"2021-10-06";"64384";""
"13083";"3199";"PLU";"COM";"2018-06-05 22:00:00+00:00";"2014-11-05 23:00:00+00:00";"39";"13";"93";"2021";"NON";"NON";"13083";"";"";"";"2021-10-06";"134870";""
"13084";"3433";"PLU";"MET";"2016-10-19 22:00:00+00:00";"2014-07-22 22:00:00+00:00";"33";"13";"93";"2021";"NON";"NON";"13084";"";"";"";"2021-10-06";"92389";""
"13085";"3399";"PLUi/PLUiS";"MET";"2019-12-18 23:00:00+00:00";"2015-05-21 22:00:00+00:00";"39";"13";"93";"2021";"OUI";"NON";"13085";"";"";"";"2021-10-06";"140830";""
"13086";"3433";"PLU";"MET";"2017-01-22 23:00:00+00:00";"2011-09-25 22:00:00+00:00";"33";"13";"93";"2021";"NON";"NON";"13086";"";"";"";"2021-10-06";"61407";""
"13087";"3433";"PLU";"MET";"2015-07-22 22:00:00+00:00";"2012-08-30 22:00:00+00:00";"33";"13";"93";"2021";"NON";"NON";"13087";"";"";"";"2021-10-06";"112424";""
"13088";"3399";"PLUi/PLUiS";"MET";"2019-12-18 23:00:00+00:00";"2015-05-21 22:00:00+00:00";"39";"13";"93";"2021";"OUI";"NON";"13088";"";"";"";"2021-10-06";"140830";""
"13089";"3199";"PLU";"COM";"2017-02-08 23:00:00+00:00";"2011-06-14 22:00:00+00:00";"39";"13";"93";"2021";"NON";"NON";"13089";"";"";"";"2021-10-06";"90719";""
"13090";"3433";"PLU";"MET";"2017-03-19 23:00:00+00:00";"2012-03-28 22:00:00+00:00";"33";"13";"93";"2021";"NON";"NON";"13090";"";"";"";"2021-10-06";"106267";""
"13091";"3433";"PLU";"MET";"2018-12-12 23:00:00+00:00";"2010-04-11 22:00:00+00:00";"33";"13";"93";"2021";"NON";"NON";"13091";"";"";"";"2021-10-06";"61410";""
"13092";"3499";"PLU";"MET";"2013-06-19 22:00:00+00:00";"2008-07-31 22:00:00+00:00";"39";"13";"93";"2021";"NON";"NON";"13092";"";"";"";"2021-10-06";"61411";""
"13093";"3433";"PLU";"MET";"2016-06-07 22:00:00+00:00";"2008-06-26 22:00:00+00:00";"33";"13";"93";"2021";"NON";"NON";"13093";"";"";"";"2021-10-06";"61412";""
"13094";"3199";"PLU";"COM";"2017-07-19 22:00:00+00:00";"2009-12-15 23:00:00+00:00";"39";"13";"93";"2021";"NON";"NON";"13094";"";"";"";"2021-10-06";"61413";""
"13095";"3433";"PLU";"MET";"2017-03-20 23:00:00+00:00";"2010-10-17 22:00:00+00:00";"33";"13";"93";"2021";"NON";"NON";"13095";"";"";"";"2021-10-06";"61414";""
"13096";"3199";"PLU";"COM";"2019-12-16 23:00:00+00:00";"2014-12-16 23:00:00+00:00";"39";"13";"93";"2021";"NON";"NON";"13096";"";"";"";"2021-10-06";"135563";""
"13097";"3199";"PLU";"COM";"2019-06-26 22:00:00+00:00";"2016-06-15 22:00:00+00:00";"39";"13";"93";"2021";"NON";"NON";"13097";"";"";"";"2021-10-06";"141339";""
"13098";"3433";"PLU";"MET";"2017-03-12 23:00:00+00:00";"2014-06-29 22:00:00+00:00";"33";"13";"93";"2021";"NON";"NON";"13098";"";"";"";"2021-10-06";"131537";""
"13099";"3433";"PLU";"MET";"2018-06-27 22:00:00+00:00";"2014-07-28 22:00:00+00:00";"33";"13";"93";"2021";"NON";"NON";"13099";"";"";"";"2021-10-06";"131548";""
"13100";"3199";"PLU";"COM";"2018-12-17 23:00:00+00:00";"2017-10-23 22:00:00+00:00";"39";"13";"93";"2021";"NON";"NON";"13100";"";"";"";"2021-10-06";"62554";""
"13101";"3433";"PLU";"MET";"2017-12-04 23:00:00+00:00";"2014-05-18 22:00:00+00:00";"33";"13";"93";"2021";"NON";"NON";"13101";"";"";"";"2021-10-06";"131513";""
"13102";"3399";"PLUi/PLUiS";"MET";"2019-12-18 23:00:00+00:00";"2015-05-21 22:00:00+00:00";"39";"13";"93";"2021";"OUI";"NON";"13102";"";"";"";"2021-10-06";"140830";""
"13103";"3499";"PLU";"MET";"2016-03-30 22:00:00+00:00";"2014-07-15 22:00:00+00:00";"39";"13";"93";"2021";"NON";"NON";"13103";"";"";"";"2021-10-06";"131511";""
"13104";"3399";"PLUi/PLUiS";"MET";"2019-12-18 23:00:00+00:00";"2015-05-21 22:00:00+00:00";"39";"13";"93";"2021";"OUI";"NON";"13104";"";"";"";"2021-10-06";"140830";""
"13105";"3499";"PLU";"MET";"2016-09-19 22:00:00+00:00";"2015-08-18 22:00:00+00:00";"39";"13";"93";"2021";"NON";"NON";"13105";"";"";"";"2021-10-06";"141026";""
"13106";"3399";"PLUi/PLUiS";"MET";"2019-12-18 23:00:00+00:00";"2015-05-21 22:00:00+00:00";"39";"13";"93";"2021";"OUI";"NON";"13106";"";"";"";"2021-10-06";"140830";""
"13107";"3433";"PLU";"MET";"2013-10-07 22:00:00+00:00";"2007-10-10 22:00:00+00:00";"33";"13";"93";"2021";"NON";"NON";"13107";"";"";"";"2021-10-06";"64387";""
"13108";"3199";"PLU";"COM";"2017-09-19 22:00:00+00:00";"2008-12-16 23:00:00+00:00";"39";"13";"93";"2021";"NON";"NON";"13108";"";"";"";"2021-10-06";"64388";""
"13109";"3433";"PLU";"MET";"2013-03-10 23:00:00+00:00";"2009-10-18 22:00:00+00:00";"33";"13";"93";"2021";"NON";"NON";"13109";"";"";"";"2021-10-06";"64389";""
"13110";"3433";"PLU";"MET";"2017-12-11 23:00:00+00:00";"2013-04-23 22:00:00+00:00";"33";"13";"93";"2021";"NON";"NON";"13110";"";"";"";"2021-10-06";"150786";""
"13111";"3433";"PLU";"MET";"2017-07-02 22:00:00+00:00";"2009-09-24 22:00:00+00:00";"33";"13";"93";"2021";"NON";"NON";"13111";"";"";"";"2021-10-06";"92564";""
"13112";"3499";"PLU";"MET";"2015-12-27 23:00:00+00:00";"2009-10-01 22:00:00+00:00";"39";"13";"93";"2021";"NON";"NON";"13112";"";"";"";"2021-10-06";"64390";""
"13113";"3433";"PLU";"MET";"2016-07-10 22:00:00+00:00";"2012-01-09 23:00:00+00:00";"33";"13";"93";"2021";"NON";"NON";"13113";"";"";"";"2021-10-06";"105675";""
"13114";"3433";"PLU";"MET";"2017-12-10 23:00:00+00:00";"2013-03-26 23:00:00+00:00";"33";"13";"93";"2021";"NON";"NON";"13114";"";"";"";"2021-10-06";"130764";""
"13117";"3433";"PLU";"MET";"2013-11-27 23:00:00+00:00";"2008-11-26 23:00:00+00:00";"33";"13";"93";"2021";"NON";"NON";"13117";"";"";"";"2021-10-06";"64392";""
"13118";"3433";"PLU";"MET";"2017-12-20 23:00:00+00:00";"2014-06-01 22:00:00+00:00";"33";"13";"93";"2021";"NON";"NON";"13118";"";"";"";"2021-10-06";"61404";""
"13119";"3399";"PLUi/PLUiS";"MET";"2019-12-18 23:00:00+00:00";"2015-05-21 22:00:00+00:00";"39";"13";"93";"2021";"OUI";"NON";"13119";"";"";"";"2021-10-06";"140830";""
"14001";"3332";"PLUi/PLUiS";"CC";"2014-11-19 23:00:00+00:00";"2008-01-29 23:00:00+00:00";"33";"14";"28";"2021";"OUI";"NON";"200066827";"";"";"";"2021-10-06";"112794";""
"14003";"3299";"PLUi/PLUiS";"CC";"2020-01-29 23:00:00+00:00";"2015-06-24 22:00:00+00:00";"39";"14";"28";"2021";"NON";"OUI";"241400555";"";"";"";"2021-10-06";"143446";""
"14005";"1499";"CC";"CC";"2017-01-18 23:00:00+00:00";"2015-01-26 23:00:00+00:00";"19";"14";"28";"2021";"NON";"NON";"200065589";"";"";"";"2021-10-06";"143462";""
"14006";"3199";"PLU";"COM";"2017-11-21 23:00:00+00:00";"2014-11-18 23:00:00+00:00";"39";"14";"28";"2021";"NON";"NON";"14006";"";"";"";"2021-10-06";"134540";""
"14007";"3399";"PLUi/PLUiS";"CC";"2019-12-17 23:00:00+00:00";"2015-12-15 23:00:00+00:00";"39";"14";"28";"2021";"OUI";"NON";"200069524";"";"";"";"2021-10-06";"147319";""
"14009";"3199";"PLU";"COM";"2021-04-11 22:00:00+00:00";"2017-02-26 23:00:00+00:00";"39";"14";"28";"2021";"NON";"NON";"14009";"";"";"";"2021-10-06";"157533";""
"14011";"3399";"PLUi/PLUiS";"CC";"2019-12-17 23:00:00+00:00";"2015-12-15 23:00:00+00:00";"39";"14";"28";"2021";"OUI";"NON";"200069524";"";"";"";"2021-10-06";"147319";""
"14012";"3299";"PLUi/PLUiS";"SI";"2012-09-25 22:00:00+00:00";"2004-10-25 22:00:00+00:00";"39";"14";"28";"2021";"NON";"OUI";"14012";"";"";"";"2021-10-06";"48292";""
"14014";"3499";"PLU";"CC";"2014-01-21 23:00:00+00:00";"2011-09-18 22:00:00+00:00";"39";"14";"28";"2021";"NON";"NON";"14014";"";"";"";"2021-10-06";"112792";""
"14015";"3499";"PLU";"CC";"2015-01-28 23:00:00+00:00";"2010-03-02 23:00:00+00:00";"39";"14";"28";"2021";"NON";"NON";"14015";"";"";"";"2021-10-06";"62562";""
"14016";"3299";"PLUi/PLUiS";"CC";"2020-03-04 23:00:00+00:00";"2015-12-02 23:00:00+00:00";"39";"14";"28";"2021";"NON";"OUI";"14016";"";"";"";"2021-10-06";"147280";""
"14019";"3299";"PLUi/PLUiS";"CC";"2020-01-29 23:00:00+00:00";"2015-06-24 22:00:00+00:00";"39";"14";"28";"2021";"NON";"OUI";"241400555";"";"";"";"2021-10-06";"143446";""
"14020";"3499";"PLU";"CC";"2008-01-22 23:00:00+00:00";"2005-03-30 22:00:00+00:00";"39";"14";"28";"2021";"NON";"NON";"200065589";"";"";"";"2021-10-06";"2087";""
"14021";"3299";"PLUi/PLUiS";"CC";"2020-01-29 23:00:00+00:00";"2015-06-24 22:00:00+00:00";"39";"14";"28";"2021";"NON";"OUI";"241400555";"";"";"";"2021-10-06";"143446";""
"14022";"3499";"PLU";"CC";"2019-07-07 22:00:00+00:00";"2014-05-25 22:00:00+00:00";"39";"14";"28";"2021";"NON";"NON";"200069516";"";"";"";"2021-10-06";"134547";""
"14023";"3299";"PLUi/PLUiS";"CC";"2021-03-17 23:00:00+00:00";"2017-07-10 22:00:00+00:00";"39";"14";"28";"2021";"NON";"OUI";"200066801";"";"";"";"2021-10-06";"161302";""
"14024";"3199";"PLU";"COM";"2015-07-27 22:00:00+00:00";"2011-05-09 22:00:00+00:00";"39";"14";"28";"2021";"NON";"NON";"14024";"";"";"";"2021-10-06";"93354";""
"14025";"3432";"PLU";"CC";"2010-10-11 22:00:00+00:00";"2004-02-02 23:00:00+00:00";"33";"14";"28";"2021";"NON";"NON";"241400514";"";"";"";"2021-10-06";"2425";""
"14026";"3499";"PLU";"CC";"2009-11-18 23:00:00+00:00";"2005-07-06 22:00:00+00:00";"39";"14";"28";"2021";"NON";"NON";"200069516";"";"";"";"2021-10-06";"40837";""
"14027";"3399";"PLUi/PLUiS";"CC";"2019-12-17 23:00:00+00:00";"2015-05-05 22:00:00+00:00";"39";"14";"28";"2021";"OUI";"NON";"200069524";"";"";"";"2021-10-06";"143449";""
"14030";"3432";"PLU";"CU";"2019-09-25 22:00:00+00:00";"2015-12-13 23:00:00+00:00";"33";"14";"28";"2021";"NON";"NON";"200065597";"";"";"";"2021-10-06";"157543";""
"14032";"3299";"PLUi/PLUiS";"CC";"2020-03-04 23:00:00+00:00";"2015-12-02 23:00:00+00:00";"39";"14";"28";"2021";"NON";"OUI";"241400878";"";"";"";"2021-10-06";"147280";""
"14033";"3299";"PLUi/PLUiS";"CC";"2020-03-04 23:00:00+00:00";"2015-12-02 23:00:00+00:00";"39";"14";"28";"2021";"NON";"OUI";"14033";"";"";"";"2021-10-06";"147280";""
"14035";"3299";"PLUi/PLUiS";"CC";"2021-03-17 23:00:00+00:00";"2017-07-10 22:00:00+00:00";"39";"14";"28";"2021";"NON";"OUI";"200066801";"";"";"";"2021-10-06";"161302";""
"14036";"3499";"PLU";"CC";"2009-04-26 22:00:00+00:00";"2006-09-24 22:00:00+00:00";"39";"14";"28";"2021";"NON";"NON";"200065589";"";"";"";"2021-10-06";"38407";""
"14037";"3399";"PLUi/PLUiS";"CC";"2019-12-17 23:00:00+00:00";"2015-12-15 23:00:00+00:00";"39";"14";"28";"2021";"OUI";"NON";"200069524";"";"";"";"2021-10-06";"147319";""
"14039";"3432";"PLU";"CC";"2017-07-05 22:00:00+00:00";"2014-10-13 22:00:00+00:00";"33";"14";"28";"2021";"NON";"NON";"200066710";"";"";"";"2021-10-06";"153455";""
"14040";"3299";"PLUi/PLUiS";"CC";"2020-01-29 23:00:00+00:00";"2015-06-24 22:00:00+00:00";"39";"14";"28";"2021";"NON";"OUI";"241400555";"";"";"";"2021-10-06";"143446";""
"14041";"3332";"PLUi/PLUiS";"CC";"2014-11-19 23:00:00+00:00";"2008-01-29 23:00:00+00:00";"33";"14";"28";"2021";"OUI";"NON";"200066827";"";"";"";"2021-10-06";"112794";""
"14042";"3199";"PLU";"COM";"2014-07-07 22:00:00+00:00";"2009-10-13 22:00:00+00:00";"39";"14";"28";"2021";"NON";"NON";"14042";"";"";"";"2021-10-06";"39683";""
"14045";"3199";"PLU";"COM";"2010-12-17 23:00:00+00:00";"2008-05-06 22:00:00+00:00";"39";"14";"28";"2021";"NON";"NON";"14045";"";"";"";"2021-10-06";"35346";""
"14046";"3199";"PLU";"COM";"2012-06-19 22:00:00+00:00";"2006-03-28 22:00:00+00:00";"39";"14";"28";"2021";"NON";"NON";"14046";"";"";"";"2021-10-06";"61417";""
"14047";"3299";"PLUi/PLUiS";"CC";"2020-01-29 23:00:00+00:00";"2015-06-24 22:00:00+00:00";"39";"14";"28";"2021";"NON";"OUI";"241400555";"";"";"";"2021-10-06";"143446";""
"14050";"3299";"PLUi/PLUiS";"CC";"2021-03-17 23:00:00+00:00";"2017-07-10 22:00:00+00:00";"39";"14";"28";"2021";"NON";"OUI";"200066801";"";"";"";"2021-10-06";"161302";""
"14054";"1433";"CC";"CC";"2009-03-05 23:00:00+00:00";"2006-01-15 23:00:00+00:00";"13";"14";"28";"2021";"NON";"NON";"200068799";"";"";"";"2021-10-06";"38040";""
"14055";"3299";"PLUi/PLUiS";"CC";"2020-03-04 23:00:00+00:00";"2015-12-02 23:00:00+00:00";"39";"14";"28";"2021";"NON";"OUI";"241400878";"";"";"";"2021-10-06";"147280";""
"14057";"3499";"PLU";"CC";"2017-02-07 23:00:00+00:00";"2015-06-29 22:00:00+00:00";"39";"14";"28";"2021";"NON";"NON";"200065589";"";"";"";"2021-10-06";"61418";""
"14059";"3399";"PLUi/PLUiS";"CC";"2012-12-21 23:00:00+00:00";"2009-06-26 22:00:00+00:00";"39";"14";"28";"2021";"OUI";"NON";"14059";"";"";"";"2021-10-06";"104349";""
"14060";"3432";"PLU";"CU";"2011-01-09 23:00:00+00:00";"2007-01-28 23:00:00+00:00";"33";"14";"28";"2021";"NON";"NON";"200065597";"";"";"";"2021-10-06";"51177";""
"14061";"1434";"CC";"CC";"2012-11-19 23:00:00+00:00";"2009-12-14 23:00:00+00:00";"13";"14";"28";"2021";"NON";"NON";"200068799";"";"";"";"2021-10-06";"41681";""
"14062";"3499";"PLU";"CC";"2014-11-23 23:00:00+00:00";"2010-10-24 22:00:00+00:00";"39";"14";"28";"2021";"NON";"NON";"200069516";"";"";"";"2021-10-06";"93267";""
"14063";"3299";"PLUi/PLUiS";"CC";"2021-03-17 23:00:00+00:00";"2017-07-10 22:00:00+00:00";"39";"14";"28";"2021";"NON";"OUI";"200066801";"";"";"";"2021-10-06";"161302";""
"14064";"1332";"CC";"CC";"2008-05-06 22:00:00+00:00";"2005-01-20 23:00:00+00:00";"13";"14";"28";"2021";"NON";"NON";"241400514";"";"";"";"2021-10-06";"48298";""
"14066";"3499";"PLU";"CC";"2019-09-19 22:00:00+00:00";"2013-04-21 22:00:00+00:00";"39";"14";"28";"2021";"NON";"NON";"14066";"";"";"";"2021-10-06";"125746";""
"14068";"3432";"PLU";"CU";"2007-12-18 23:00:00+00:00";"2005-05-15 22:00:00+00:00";"33";"14";"28";"2021";"NON";"NON";"200065597";"";"";"";"2021-10-06";"2200";""
"14069";"3399";"PLUi/PLUiS";"CA";"2016-12-20 23:00:00+00:00";"2013-03-27 23:00:00+00:00";"39";"14";"28";"2021";"OUI";"NON";"200069532";"";"";"";"2021-10-06";"125711";""
"14070";"3199";"PLU";"COM";"2020-03-01 23:00:00+00:00";"2017-11-12 23:00:00+00:00";"39";"14";"28";"2021";"NON";"NON";"14070";"";"";"";"2021-10-06";"174548";""
"14076";"3432";"PLU";"CU";"2014-03-16 23:00:00+00:00";"2009-09-20 22:00:00+00:00";"33";"14";"28";"2021";"NON";"NON";"200065597";"";"";"";"2021-10-06";"39685";""
"14077";"3299";"PLUi/PLUiS";"CC";"2020-03-04 23:00:00+00:00";"2015-12-02 23:00:00+00:00";"39";"14";"28";"2021";"NON";"OUI";"14077";"";"";"";"2021-10-06";"147280";""
"14078";"3299";"PLUi/PLUiS";"CC";"2021-03-17 23:00:00+00:00";"2017-07-10 22:00:00+00:00";"39";"14";"28";"2021";"NON";"OUI";"200066801";"";"";"";"2021-10-06";"161302";""
"14079";"3399";"PLUi/PLUiS";"CC";"2012-12-21 23:00:00+00:00";"2009-06-26 22:00:00+00:00";"39";"14";"28";"2021";"OUI";"NON";"14079";"";"";"";"2021-10-06";"104349";""
"14082";"3399";"PLUi/PLUiS";"CA";"2016-12-20 23:00:00+00:00";"2013-03-27 23:00:00+00:00";"39";"14";"28";"2021";"OUI";"NON";"200069532";"";"";"";"2021-10-06";"125711";""
"14083";"3299";"PLUi/PLUiS";"CC";"2020-03-04 23:00:00+00:00";"2015-12-02 23:00:00+00:00";"39";"14";"28";"2021";"NON";"OUI";"14083";"";"";"";"2021-10-06";"147280";""
"14084";"3399";"PLUi/PLUiS";"CC";"2019-12-17 23:00:00+00:00";"2015-12-15 23:00:00+00:00";"39";"14";"28";"2021";"OUI";"NON";"200069524";"";"";"";"2021-10-06";"147319";""
"14085";"3299";"PLUi/PLUiS";"CC";"2020-03-04 23:00:00+00:00";"2015-12-02 23:00:00+00:00";"39";"14";"28";"2021";"NON";"OUI";"241400878";"";"";"";"2021-10-06";"147280";""
"14086";"3299";"PLUi/PLUiS";"CC";"2020-03-04 23:00:00+00:00";"2015-12-02 23:00:00+00:00";"39";"14";"28";"2021";"NON";"OUI";"241400878";"";"";"";"2021-10-06";"147280";""
"14089";"3199";"PLU";"COM";"2006-06-11 22:00:00+00:00";"2002-03-19 23:00:00+00:00";"39";"14";"28";"2021";"NON";"NON";"14089";"";"";"";"2021-10-06";"2518";""
"14090";"3432";"PLU";"CC";"2013-10-28 23:00:00+00:00";"2008-12-19 23:00:00+00:00";"33";"14";"28";"2021";"NON";"NON";"200066710";"";"";"";"2021-10-06";"37716";""
"14091";"3299";"PLUi/PLUiS";"CC";"2020-03-04 23:00:00+00:00";"2015-12-02 23:00:00+00:00";"39";"14";"28";"2021";"NON";"OUI";"14091";"";"";"";"2021-10-06";"147280";""
"14092";"3432";"PLU";"CU";"2008-02-06 23:00:00+00:00";"2004-11-03 23:00:00+00:00";"33";"14";"28";"2021";"NON";"NON";"200065597";"";"";"";"2021-10-06";"34197";""
"14093";"3299";"PLUi/PLUiS";"CC";"2020-03-04 23:00:00+00:00";"2015-12-02 23:00:00+00:00";"39";"14";"28";"2021";"NON";"OUI";"14093";"";"";"";"2021-10-06";"147280";""
"14096";"3399";"PLUi/PLUiS";"CC";"2019-12-17 23:00:00+00:00";"2015-05-05 22:00:00+00:00";"39";"14";"28";"2021";"OUI";"NON";"200069524";"";"";"";"2021-10-06";"143449";""
"14097";"3432";"PLU";"CC";"2014-01-27 23:00:00+00:00";"2011-03-14 23:00:00+00:00";"33";"14";"28";"2021";"NON";"NON";"200066710";"";"";"";"2021-10-06";"93298";""
"14098";"3432";"PLU";"CU";"2020-01-29 23:00:00+00:00";"2015-02-22 23:00:00+00:00";"33";"14";"28";"2021";"NON";"NON";"200065597";"";"";"";"2021-10-06";"143455";""
"14100";"3432";"PLU";"CC";"2008-10-26 23:00:00+00:00";"2004-03-28 22:00:00+00:00";"33";"14";"28";"2021";"NON";"NON";"200066710";"";"";"";"2021-10-06";"35465";""
"14101";"3432";"PLU";"CU";"2004-11-07 23:00:00+00:00";"2001-12-02 23:00:00+00:00";"33";"14";"28";"2021";"NON";"NON";"200065597";"";"";"";"2021-10-06";"2036";""
"14102";"3299";"PLUi/PLUiS";"CC";"2020-03-04 23:00:00+00:00";"2015-12-02 23:00:00+00:00";"39";"14";"28";"2021";"NON";"OUI";"241400878";"";"";"";"2021-10-06";"147280";""
"14103";"3299";"PLUi/PLUiS";"CC";"2021-03-17 23:00:00+00:00";"2017-07-10 22:00:00+00:00";"39";"14";"28";"2021";"NON";"OUI";"200066801";"";"";"";"2021-10-06";"161302";""
"14104";"3299";"PLUi/PLUiS";"CC";"2020-03-04 23:00:00+00:00";"2015-12-02 23:00:00+00:00";"39";"14";"28";"2021";"NON";"OUI";"241400878";"";"";"";"2021-10-06";"147280";""
"14106";"3131";"PLU";"COM";"2010-03-17 23:00:00+00:00";"2003-02-18 23:00:00+00:00";"33";"14";"28";"2021";"NON";"NON";"14106";"";"";"";"2021-10-06";"2541";""
"14107";"3299";"PLUi/PLUiS";"CC";"2021-03-17 23:00:00+00:00";"2017-07-10 22:00:00+00:00";"39";"14";"28";"2021";"NON";"OUI";"200066801";"";"";"";"2021-10-06";"161302";""
"14110";"1199";"CC";"COM";"2010-08-29 22:00:00+00:00";"2008-05-22 22:00:00+00:00";"19";"14";"28";"2021";"NON";"NON";"14110";"";"";"";"2021-10-06";"35825";""
"14111";"3499";"PLU";"CC";"2017-02-12 23:00:00+00:00";"2011-02-15 23:00:00+00:00";"39";"14";"28";"2021";"NON";"NON";"200069516";"";"";"";"2021-10-06";"64393";""
"14117";"3199";"PLU";"COM";"2008-02-21 23:00:00+00:00";"2004-02-26 23:00:00+00:00";"39";"14";"28";"2021";"NON";"NON";"14117";"";"";"";"2021-10-06";"34645";""
"14118";"3432";"PLU";"CU";"2013-12-15 23:00:00+00:00";"2007-01-14 23:00:00+00:00";"33";"14";"28";"2021";"NON";"NON";"200065597";"";"";"";"2021-10-06";"64394";""
"14119";"3499";"PLU";"CC";"2016-11-23 23:00:00+00:00";"2011-04-11 22:00:00+00:00";"39";"14";"28";"2021";"NON";"NON";"200065589";"";"";"";"2021-10-06";"93409";""
"14120";"3399";"PLUi/PLUiS";"CC";"2019-12-17 23:00:00+00:00";"2015-05-05 22:00:00+00:00";"39";"14";"28";"2021";"OUI";"NON";"200069524";"";"";"";"2021-10-06";"143449";""
"14121";"3299";"PLUi/PLUiS";"CC";"2021-03-17 23:00:00+00:00";"2017-07-10 22:00:00+00:00";"39";"14";"28";"2021";"NON";"OUI";"200066801";"";"";"";"2021-10-06";"161302";""
"14123";"3432";"PLU";"CU";"2007-06-13 22:00:00+00:00";"2001-12-05 23:00:00+00:00";"33";"14";"28";"2021";"NON";"NON";"200065597";"";"";"";"2021-10-06";"2555";""
"14124";"3299";"PLUi/PLUiS";"CC";"2021-03-17 23:00:00+00:00";"2017-07-10 22:00:00+00:00";"39";"14";"28";"2021";"NON";"OUI";"200066801";"";"";"";"2021-10-06";"161302";""
"14125";"3432";"PLU";"CU";"2010-06-13 22:00:00+00:00";"2003-11-23 23:00:00+00:00";"33";"14";"28";"2021";"NON";"NON";"200065597";"";"";"";"2021-10-06";"2561";""
"14126";"3499";"PLU";"CA";"2007-07-03 22:00:00+00:00";"2003-05-11 22:00:00+00:00";"39";"14";"28";"2021";"NON";"NON";"14126";"";"";"";"2021-10-06";"2564";""
"14127";"1433";"CC";"CC";"2008-01-22 23:00:00+00:00";"2004-07-28 22:00:00+00:00";"13";"14";"28";"2021";"NON";"NON";"200068799";"";"";"";"2021-10-06";"2565";""
"14130";"3299";"PLUi/PLUiS";"CC";"2020-01-29 23:00:00+00:00";"2015-06-24 22:00:00+00:00";"39";"14";"28";"2021";"NON";"OUI";"241400555";"";"";"";"2021-10-06";"143446";""
"14131";"3299";"PLUi/PLUiS";"CC";"2020-03-04 23:00:00+00:00";"2015-12-02 23:00:00+00:00";"39";"14";"28";"2021";"NON";"OUI";"241400878";"";"";"";"2021-10-06";"147280";""
"14132";"3299";"PLUi/PLUiS";"CC";"2021-03-17 23:00:00+00:00";"2017-07-10 22:00:00+00:00";"39";"14";"28";"2021";"NON";"OUI";"200066801";"";"";"";"2021-10-06";"161302";""
"14134";"3499";"PLU";"CC";"2015-01-06 23:00:00+00:00";"2009-05-12 22:00:00+00:00";"39";"14";"28";"2021";"NON";"NON";"200065589";"";"";"";"2021-10-06";"38644";""
"14135";"3499";"PLU";"CC";"2014-12-07 23:00:00+00:00";"2009-07-07 22:00:00+00:00";"39";"14";"28";"2021";"NON";"NON";"200069516";"";"";"";"2021-10-06";"2572";""
"14136";"3299";"PLUi/PLUiS";"CC";"2021-03-17 23:00:00+00:00";"2017-07-10 22:00:00+00:00";"39";"14";"28";"2021";"NON";"OUI";"200066801";"";"";"";"2021-10-06";"161302";""
"14137";"3432";"PLU";"CU";"2012-12-26 23:00:00+00:00";"2008-09-09 22:00:00+00:00";"33";"14";"28";"2021";"NON";"NON";"200065597";"";"";"";"2021-10-06";"36345";""
"14138";"3299";"PLUi/PLUiS";"CC";"2021-03-17 23:00:00+00:00";"2017-07-10 22:00:00+00:00";"39";"14";"28";"2021";"NON";"OUI";"200066801";"";"";"";"2021-10-06";"161302";""
"14140";"3299";"PLUi/PLUiS";"CC";"2021-03-17 23:00:00+00:00";"2017-07-10 22:00:00+00:00";"39";"14";"28";"2021";"NON";"OUI";"200066801";"";"";"";"2021-10-06";"161302";""
"14141";"3399";"PLUi/PLUiS";"CA";"2018-06-27 22:00:00+00:00";"2013-06-23 22:00:00+00:00";"39";"14";"28";"2021";"OUI";"NON";"200069532";"";"";"";"2021-10-06";"125744";""
"14143";"3399";"PLUi/PLUiS";"CC";"2019-12-17 23:00:00+00:00";"2015-05-05 22:00:00+00:00";"39";"14";"28";"2021";"OUI";"NON";"200069524";"";"";"";"2021-10-06";"143449";""
"14145";"3432";"PLU";"CC";"2008-10-30 23:00:00+00:00";"2005-12-15 23:00:00+00:00";"33";"14";"28";"2021";"NON";"NON";"200066710";"";"";"";"2021-10-06";"56762";""
"14147";"3399";"PLUi/PLUiS";"CA";"2015-12-13 23:00:00+00:00";"2009-04-19 22:00:00+00:00";"39";"14";"28";"2021";"OUI";"NON";"200069532";"";"";"";"2021-10-06";"48891";""
"14149";"3499";"PLU";"CC";"2018-12-17 23:00:00+00:00";"2011-04-11 22:00:00+00:00";"39";"14";"28";"2021";"NON";"NON";"200065589";"";"";"";"2021-10-06";"93414";""
"14150";"3432";"PLU";"CC";"2009-12-13 23:00:00+00:00";"2004-09-19 22:00:00+00:00";"33";"14";"28";"2021";"NON";"NON";"200066710";"";"";"";"2021-10-06";"3324";""
"14159";"3299";"PLUi/PLUiS";"CC";"2020-01-29 23:00:00+00:00";"2015-06-24 22:00:00+00:00";"39";"14";"28";"2021";"NON";"OUI";"241400555";"";"";"";"2021-10-06";"143446";""
"14160";"1432";"CC";"CC";"2009-12-03 23:00:00+00:00";"2007-02-07 23:00:00+00:00";"13";"14";"28";"2021";"NON";"NON";"200066710";"";"";"";"2021-10-06";"41339";""
"14161";"3299";"PLUi/PLUiS";"CC";"2020-03-04 23:00:00+00:00";"2015-12-02 23:00:00+00:00";"39";"14";"28";"2021";"NON";"OUI";"241400878";"";"";"";"2021-10-06";"147280";""
"14162";"3432";"PLU";"CC";"2012-02-06 23:00:00+00:00";"2006-07-02 22:00:00+00:00";"33";"14";"28";"2021";"NON";"NON";"200066710";"";"";"";"2021-10-06";"61420";""
"14165";"3299";"PLUi/PLUiS";"CC";"2021-03-17 23:00:00+00:00";"2017-07-10 22:00:00+00:00";"39";"14";"28";"2021";"NON";"OUI";"200066801";"";"";"";"2021-10-06";"161302";""
"14166";"3432";"PLU";"CU";"2017-03-22 23:00:00+00:00";"2006-11-30 23:00:00+00:00";"33";"14";"28";"2021";"NON";"NON";"200065597";"";"";"";"2021-10-06";"61421";""
"14167";"3432";"PLU";"CU";"2014-02-23 23:00:00+00:00";"2010-10-24 22:00:00+00:00";"33";"14";"28";"2021";"NON";"NON";"200065597";"";"";"";"2021-10-06";"63819";""
"14168";"3299";"PLUi/PLUiS";"CC";"2021-03-17 23:00:00+00:00";"2017-07-10 22:00:00+00:00";"39";"14";"28";"2021";"NON";"OUI";"200066801";"";"";"";"2021-10-06";"161302";""
"14172";"3299";"PLUi/PLUiS";"CC";"2020-01-29 23:00:00+00:00";"2015-06-24 22:00:00+00:00";"39";"14";"28";"2021";"NON";"OUI";"241400555";"";"";"";"2021-10-06";"143446";""
"14173";"1499";"CC";"CC";"2011-05-15 22:00:00+00:00";"2006-09-27 22:00:00+00:00";"19";"14";"28";"2021";"NON";"NON";"200065589";"";"";"";"2021-10-06";"65867";""
"14174";"3499";"PLU";"CC";"2019-11-13 23:00:00+00:00";"2013-12-31 23:00:00+00:00";"39";"14";"28";"2021";"NON";"NON";"200068799";"";"";"";"2021-10-06";"143460";""
"14175";"3299";"PLUi/PLUiS";"CC";"2020-01-29 23:00:00+00:00";"2015-06-24 22:00:00+00:00";"39";"14";"28";"2021";"NON";"OUI";"241400555";"";"";"";"2021-10-06";"143446";""
"14177";"3399";"PLUi/PLUiS";"CA";"2016-12-20 23:00:00+00:00";"2013-03-27 23:00:00+00:00";"39";"14";"28";"2021";"OUI";"NON";"200069532";"";"";"";"2021-10-06";"125711";""
"14179";"3399";"PLUi/PLUiS";"CA";"2016-12-20 23:00:00+00:00";"2013-03-27 23:00:00+00:00";"39";"14";"28";"2021";"OUI";"NON";"200069532";"";"";"";"2021-10-06";"125711";""
"14180";"1432";"CC";"CC";"2010-02-14 23:00:00+00:00";"2005-03-17 23:00:00+00:00";"13";"14";"28";"2021";"NON";"NON";"241400514";"";"";"";"2021-10-06";"2631";""
"14181";"3432";"PLU";"CU";"2019-12-11 23:00:00+00:00";"2013-12-15 23:00:00+00:00";"33";"14";"28";"2021";"NON";"NON";"200065597";"";"";"";"2021-10-06";"157546";""
"14182";"3299";"PLUi/PLUiS";"CC";"2021-03-17 23:00:00+00:00";"2017-07-10 22:00:00+00:00";"39";"14";"28";"2021";"NON";"OUI";"200066801";"";"";"";"2021-10-06";"161302";""
"14184";"3299";"PLUi/PLUiS";"CC";"2020-01-29 23:00:00+00:00";"2015-06-24 22:00:00+00:00";"39";"14";"28";"2021";"NON";"OUI";"241400555";"";"";"";"2021-10-06";"143446";""
"14191";"3499";"PLU";"CC";"2018-09-18 22:00:00+00:00";"2014-12-11 23:00:00+00:00";"39";"14";"28";"2021";"NON";"NON";"241400860";"";"";"";"2021-10-06";"151401";""
"14193";"3399";"PLUi/PLUiS";"CA";"2016-12-20 23:00:00+00:00";"2013-03-27 23:00:00+00:00";"39";"14";"28";"2021";"OUI";"NON";"200069532";"";"";"";"2021-10-06";"125711";""
"14194";"3399";"PLUi/PLUiS";"CA";"2016-12-20 23:00:00+00:00";"2013-03-27 23:00:00+00:00";"39";"14";"28";"2021";"OUI";"NON";"200069532";"";"";"";"2021-10-06";"125711";""
"14195";"3399";"PLUi/PLUiS";"CC";"2019-12-17 23:00:00+00:00";"2015-12-15 23:00:00+00:00";"39";"14";"28";"2021";"OUI";"NON";"200069524";"";"";"";"2021-10-06";"147319";""
"14196";"3499";"PLU";"CC";"2010-06-06 22:00:00+00:00";"2005-05-18 22:00:00+00:00";"39";"14";"28";"2021";"NON";"NON";"200069516";"";"";"";"2021-10-06";"2644";""
"14197";"3499";"PLU";"CC";"2018-03-25 22:00:00+00:00";"2014-09-10 22:00:00+00:00";"39";"14";"28";"2021";"NON";"NON";"14197";"";"";"";"2021-10-06";"157547";""
"14198";"3299";"PLUi/PLUiS";"SI";"2012-09-25 22:00:00+00:00";"2004-10-25 22:00:00+00:00";"39";"14";"28";"2021";"NON";"OUI";"14198";"";"";"";"2021-10-06";"48292";""
"14200";"3499";"PLU";"CC";"2014-02-20 23:00:00+00:00";"2010-05-26 22:00:00+00:00";"39";"14";"28";"2021";"NON";"NON";"200069516";"";"";"";"2021-10-06";"61270";""
"14202";"3332";"PLUi/PLUiS";"CC";"2014-11-19 23:00:00+00:00";"2008-01-29 23:00:00+00:00";"33";"14";"28";"2021";"OUI";"NON";"200066827";"";"";"";"2021-10-06";"112794";""
"14203";"3299";"PLUi/PLUiS";"SI";"2012-09-25 22:00:00+00:00";"2004-10-25 22:00:00+00:00";"39";"14";"28";"2021";"NON";"OUI";"14203";"";"";"";"2021-10-06";"48292";""
"14204";"3299";"PLUi/PLUiS";"CC";"2021-03-17 23:00:00+00:00";"2017-07-10 22:00:00+00:00";"39";"14";"28";"2021";"NON";"OUI";"200066801";"";"";"";"2021-10-06";"161302";""
"14205";"1499";"CC";"CC";"2003-07-23 22:00:00+00:00";"2003-02-16 23:00:00+00:00";"19";"14";"28";"2021";"NON";"NON";"200069516";"";"";"";"2021-10-06";"2672";""
"14209";"3299";"PLUi/PLUiS";"CC";"2021-03-17 23:00:00+00:00";"2017-07-10 22:00:00+00:00";"39";"14";"28";"2021";"NON";"OUI";"200066801";"";"";"";"2021-10-06";"161302";""
"14211";"3432";"PLU";"CC";"2010-12-16 23:00:00+00:00";"2004-04-01 22:00:00+00:00";"33";"14";"28";"2021";"NON";"NON";"200066710";"";"";"";"2021-10-06";"2684";""
"14214";"3299";"PLUi/PLUiS";"CC";"2020-01-29 23:00:00+00:00";"2015-06-24 22:00:00+00:00";"39";"14";"28";"2021";"NON";"OUI";"241400555";"";"";"";"2021-10-06";"143446";""
"14215";"3432";"PLU";"CU";"2013-03-10 23:00:00+00:00";"2009-01-04 23:00:00+00:00";"33";"14";"28";"2021";"NON";"NON";"200065597";"";"";"";"2021-10-06";"37697";""
"14216";"3332";"PLUi/PLUiS";"CC";"2009-02-24 23:00:00+00:00";"2004-01-19 23:00:00+00:00";"33";"14";"28";"2021";"OUI";"NON";"241400514";"";"";"";"2021-10-06";"48295";""
"14218";"3299";"PLUi/PLUiS";"CC";"2020-03-04 23:00:00+00:00";"2015-12-02 23:00:00+00:00";"39";"14";"28";"2021";"NON";"OUI";"14218";"";"";"";"2021-10-06";"147280";""
"14220";"3399";"PLUi/PLUiS";"CC";"2012-12-21 23:00:00+00:00";"2009-06-26 22:00:00+00:00";"39";"14";"28";"2021";"OUI";"NON";"14220";"";"";"";"2021-10-06";"104349";""
"14221";"3432";"PLU";"CU";"2017-06-28 22:00:00+00:00";"2011-12-11 23:00:00+00:00";"33";"14";"28";"2021";"NON";"NON";"200065597";"";"";"";"2021-10-06";"93565";""
"14224";"3299";"PLUi/PLUiS";"CC";"2021-03-17 23:00:00+00:00";"2017-07-10 22:00:00+00:00";"39";"14";"28";"2021";"NON";"OUI";"200066801";"";"";"";"2021-10-06";"161302";""
"14225";"3199";"PLU";"COM";"2007-09-06 22:00:00+00:00";"2002-01-24 23:00:00+00:00";"39";"14";"28";"2021";"NON";"NON";"14225";"";"";"";"2021-10-06";"33057";""
"14226";"3432";"PLU";"CC";"2006-10-15 22:00:00+00:00";"2002-04-17 22:00:00+00:00";"33";"14";"28";"2021";"NON";"NON";"200066710";"";"";"";"2021-10-06";"2691";""
"14228";"3434";"PLU";"CC";"2013-06-02 22:00:00+00:00";"2008-10-19 22:00:00+00:00";"33";"14";"28";"2021";"NON";"NON";"14228";"";"";"";"2021-10-06";"36347";""
"14229";"3299";"PLUi/PLUiS";"SI";"2012-09-25 22:00:00+00:00";"2004-10-25 22:00:00+00:00";"39";"14";"28";"2021";"NON";"OUI";"14229";"";"";"";"2021-10-06";"48292";""
"14230";"3299";"PLUi/PLUiS";"CC";"2020-03-04 23:00:00+00:00";"2015-12-02 23:00:00+00:00";"39";"14";"28";"2021";"NON";"OUI";"14230";"";"";"";"2021-10-06";"147280";""
"14232";"3499";"PLU";"CC";"2014-03-12 23:00:00+00:00";"2005-05-11 22:00:00+00:00";"39";"14";"28";"2021";"NON";"NON";"200069516";"";"";"";"2021-10-06";"2696";""
"14236";"3299";"PLUi/PLUiS";"CC";"2020-01-29 23:00:00+00:00";"2015-06-24 22:00:00+00:00";"39";"14";"28";"2021";"NON";"OUI";"241400555";"";"";"";"2021-10-06";"143446";""
"14237";"3499";"PLU";"CC";"2015-10-20 22:00:00+00:00";"2009-12-17 23:00:00+00:00";"39";"14";"28";"2021";"NON";"NON";"200065589";"";"";"";"2021-10-06";"41342";""
"14238";"3299";"PLUi/PLUiS";"CC";"2020-03-04 23:00:00+00:00";"2015-12-02 23:00:00+00:00";"39";"14";"28";"2021";"NON";"OUI";"241400878";"";"";"";"2021-10-06";"147280";""
"14239";"3299";"PLUi/PLUiS";"CC";"2021-03-17 23:00:00+00:00";"2017-07-10 22:00:00+00:00";"39";"14";"28";"2021";"NON";"OUI";"200066801";"";"";"";"2021-10-06";"161302";""
"14240";"1332";"CC";"CC";"2008-05-06 22:00:00+00:00";"2005-01-20 23:00:00+00:00";"13";"14";"28";"2021";"NON";"NON";"241400514";"";"";"";"2021-10-06";"48298";""
"14241";"3399";"PLUi/PLUiS";"CC";"2019-12-17 23:00:00+00:00";"2015-12-15 23:00:00+00:00";"39";"14";"28";"2021";"OUI";"NON";"200069524";"";"";"";"2021-10-06";"147319";""
"14242";"3432";"PLU";"CU";"2006-08-27 22:00:00+00:00";"2002-02-24 23:00:00+00:00";"33";"14";"28";"2021";"NON";"NON";"200065597";"";"";"";"2021-10-06";"2305";""
"14243";"3332";"PLUi/PLUiS";"CC";"2014-11-19 23:00:00+00:00";"2008-01-29 23:00:00+00:00";"33";"14";"28";"2021";"OUI";"NON";"200066827";"";"";"";"2021-10-06";"112794";""
"14244";"3332";"PLUi/PLUiS";"CC";"2009-02-24 23:00:00+00:00";"2004-01-19 23:00:00+00:00";"33";"14";"28";"2021";"OUI";"NON";"241400514";"";"";"";"2021-10-06";"48295";""
"14245";"1332";"CC";"CC";"2008-05-06 22:00:00+00:00";"2005-01-20 23:00:00+00:00";"13";"14";"28";"2021";"NON";"NON";"241400514";"";"";"";"2021-10-06";"48298";""
"14246";"3199";"PLU";"COM";"2016-06-28 22:00:00+00:00";"2012-10-11 22:00:00+00:00";"39";"14";"28";"2021";"NON";"NON";"14246";"";"";"";"2021-10-06";"113980";""
"14248";"3432";"PLU";"CC";"2008-03-03 23:00:00+00:00";"2005-06-26 22:00:00+00:00";"33";"14";"28";"2021";"NON";"NON";"200066710";"";"";"";"2021-10-06";"34646";""
"14249";"3199";"PLU";"COM";"2019-12-15 23:00:00+00:00";"2015-10-11 22:00:00+00:00";"39";"14";"28";"2021";"NON";"NON";"14249";"";"";"";"2021-10-06";"153436";""
"14250";"3299";"PLUi/PLUiS";"CC";"2020-01-29 23:00:00+00:00";"2015-06-24 22:00:00+00:00";"39";"14";"28";"2021";"NON";"OUI";"241400555";"";"";"";"2021-10-06";"143446";""
"14252";"1432";"CC";"CC";"2006-11-29 23:00:00+00:00";"2003-11-20 23:00:00+00:00";"13";"14";"28";"2021";"NON";"NON";"200066710";"";"";"";"2021-10-06";"2734";""
"14254";"3432";"PLU";"CU";"2020-12-02 23:00:00+00:00";"2016-12-12 23:00:00+00:00";"33";"14";"28";"2021";"NON";"NON";"200065597";"";"";"";"2021-10-06";"153488";""
"14256";"3299";"PLUi/PLUiS";"CC";"2021-03-17 23:00:00+00:00";"2017-07-10 22:00:00+00:00";"39";"14";"28";"2021";"NON";"OUI";"200066801";"";"";"";"2021-10-06";"161302";""
"14257";"3199";"PLU";"COM";"2016-03-09 23:00:00+00:00";"2010-12-14 23:00:00+00:00";"39";"14";"28";"2021";"NON";"NON";"14257";"";"";"";"2021-10-06";"93604";""
"14258";"3432";"PLU";"CC";"2010-12-12 23:00:00+00:00";"2003-06-01 22:00:00+00:00";"33";"14";"28";"2021";"NON";"NON";"241400514";"";"";"";"2021-10-06";"1930";""
"14260";"3399";"PLUi/PLUiS";"CA";"2016-12-20 23:00:00+00:00";"2013-03-27 23:00:00+00:00";"39";"14";"28";"2021";"OUI";"NON";"200069532";"";"";"";"2021-10-06";"125711";""
"14261";"3299";"PLUi/PLUiS";"CC";"2020-03-04 23:00:00+00:00";"2015-12-02 23:00:00+00:00";"39";"14";"28";"2021";"NON";"OUI";"241400878";"";"";"";"2021-10-06";"147280";""
"14266";"3199";"PLU";"COM";"2018-02-07 23:00:00+00:00";"2012-01-18 23:00:00+00:00";"39";"14";"28";"2021";"NON";"NON";"14266";"";"";"";"2021-10-06";"107922";""
"14269";"3299";"PLUi/PLUiS";"CC";"2020-03-04 23:00:00+00:00";"2015-12-02 23:00:00+00:00";"39";"14";"28";"2021";"NON";"OUI";"14269";"";"";"";"2021-10-06";"147280";""
"14270";"3399";"PLUi/PLUiS";"CA";"2016-12-20 23:00:00+00:00";"2013-03-27 23:00:00+00:00";"39";"14";"28";"2021";"OUI";"NON";"200069532";"";"";"";"2021-10-06";"125711";""
"14271";"3432";"PLU";"CU";"2020-01-29 23:00:00+00:00";"2016-06-27 22:00:00+00:00";"33";"14";"28";"2021";"NON";"NON";"200065597";"";"";"";"2021-10-06";"157538";""
"14272";"3299";"PLUi/PLUiS";"CC";"2021-03-17 23:00:00+00:00";"2017-07-10 22:00:00+00:00";"39";"14";"28";"2021";"NON";"OUI";"200066801";"";"";"";"2021-10-06";"161302";""
"14273";"3399";"PLUi/PLUiS";"CA";"2015-12-13 23:00:00+00:00";"2009-04-19 22:00:00+00:00";"39";"14";"28";"2021";"OUI";"NON";"200069532";"";"";"";"2021-10-06";"48891";""
"14274";"3131";"PLU";"COM";"2008-02-11 23:00:00+00:00";"2004-03-25 23:00:00+00:00";"33";"14";"28";"2021";"NON";"NON";"14274";"";"";"";"2021-10-06";"34647";""
"14275";"3499";"PLU";"CC";"2012-12-17 23:00:00+00:00";"2007-03-29 22:00:00+00:00";"39";"14";"28";"2021";"NON";"NON";"200069516";"";"";"";"2021-10-06";"61426";""
"14276";"3432";"PLU";"CC";"2013-02-28 23:00:00+00:00";"2008-12-18 23:00:00+00:00";"33";"14";"28";"2021";"NON";"NON";"241400514";"";"";"";"2021-10-06";"65146";""
"14277";"3199";"PLU";"COM";"2015-08-26 22:00:00+00:00";"2009-03-02 23:00:00+00:00";"39";"14";"28";"2021";"NON";"NON";"14277";"";"";"";"2021-10-06";"93361";""
"14278";"3134";"PLU";"COM";"2006-05-02 22:00:00+00:00";"2002-06-20 22:00:00+00:00";"33";"14";"28";"2021";"NON";"NON";"200069516";"";"";"";"2021-10-06";"2776";""
"14280";"3299";"PLUi/PLUiS";"CC";"2020-03-04 23:00:00+00:00";"2015-12-02 23:00:00+00:00";"39";"14";"28";"2021";"NON";"OUI";"14280";"";"";"";"2021-10-06";"147280";""
"14281";"3299";"PLUi/PLUiS";"CC";"2021-03-17 23:00:00+00:00";"2017-07-10 22:00:00+00:00";"39";"14";"28";"2021";"NON";"OUI";"200066801";"";"";"";"2021-10-06";"161302";""
"14282";"3299";"PLUi/PLUiS";"CC";"2021-03-17 23:00:00+00:00";"2017-07-10 22:00:00+00:00";"39";"14";"28";"2021";"NON";"OUI";"200066801";"";"";"";"2021-10-06";"161302";""
"14283";"1332";"CC";"CC";"2008-05-06 22:00:00+00:00";"2005-01-20 23:00:00+00:00";"13";"14";"28";"2021";"NON";"NON";"241400514";"";"";"";"2021-10-06";"48298";""
"14285";"3299";"PLUi/PLUiS";"CC";"2020-03-04 23:00:00+00:00";"2015-12-02 23:00:00+00:00";"39";"14";"28";"2021";"NON";"OUI";"14285";"";"";"";"2021-10-06";"147280";""
"14286";"3332";"PLUi/PLUiS";"CC";"2014-11-19 23:00:00+00:00";"2008-01-29 23:00:00+00:00";"33";"14";"28";"2021";"OUI";"NON";"200066827";"";"";"";"2021-10-06";"112794";""
"14287";"3499";"PLU";"CC";"2017-10-15 22:00:00+00:00";"2015-11-22 23:00:00+00:00";"39";"14";"28";"2021";"NON";"NON";"200065589";"";"";"";"2021-10-06";"157549";""
"14288";"3432";"PLU";"CU";"2015-01-12 23:00:00+00:00";"2010-11-24 23:00:00+00:00";"33";"14";"28";"2021";"NON";"NON";"200065597";"";"";"";"2021-10-06";"93261";""
"14289";"3332";"PLUi/PLUiS";"CC";"2009-02-24 23:00:00+00:00";"2004-01-19 23:00:00+00:00";"33";"14";"28";"2021";"OUI";"NON";"241400514";"";"";"";"2021-10-06";"48295";""
"14290";"3432";"PLU";"CC";"2012-02-20 23:00:00+00:00";"2006-05-31 22:00:00+00:00";"33";"14";"28";"2021";"NON";"NON";"200066710";"";"";"";"2021-10-06";"61428";""
"14291";"1432";"CC";"CC";"2008-04-15 22:00:00+00:00";"2007-03-29 22:00:00+00:00";"13";"14";"28";"2021";"NON";"NON";"200066710";"";"";"";"2021-10-06";"34766";""
"14293";"3399";"PLUi/PLUiS";"CA";"2016-12-20 23:00:00+00:00";"2013-03-27 23:00:00+00:00";"39";"14";"28";"2021";"OUI";"NON";"200069532";"";"";"";"2021-10-06";"125711";""
"14297";"3199";"PLU";"COM";"2017-10-18 22:00:00+00:00";"2014-02-26 23:00:00+00:00";"39";"14";"28";"2021";"NON";"NON";"14297";"";"";"";"2021-10-06";"134787";""
"14298";"3299";"PLUi/PLUiS";"CC";"2021-03-17 23:00:00+00:00";"2017-07-10 22:00:00+00:00";"39";"14";"28";"2021";"NON";"OUI";"200066801";"";"";"";"2021-10-06";"161302";""
"14299";"3332";"PLUi/PLUiS";"CC";"2014-11-19 23:00:00+00:00";"2008-01-29 23:00:00+00:00";"33";"14";"28";"2021";"OUI";"NON";"200066827";"";"";"";"2021-10-06";"112794";""
"14300";"3199";"PLU";"COM";"2008-03-02 23:00:00+00:00";"2004-10-11 22:00:00+00:00";"39";"14";"28";"2021";"NON";"NON";"14300";"";"";"";"2021-10-06";"167338";""
"14301";"3432";"PLU";"CU";"2010-11-07 23:00:00+00:00";"2006-11-05 23:00:00+00:00";"33";"14";"28";"2021";"NON";"NON";"200065597";"";"";"";"2021-10-06";"57191";""
"14302";"3299";"PLUi/PLUiS";"CC";"2020-03-04 23:00:00+00:00";"2015-12-02 23:00:00+00:00";"39";"14";"28";"2021";"NON";"OUI";"241400878";"";"";"";"2021-10-06";"147280";""
"14303";"3399";"PLUi/PLUiS";"CA";"2016-12-20 23:00:00+00:00";"2013-03-27 23:00:00+00:00";"39";"14";"28";"2021";"OUI";"NON";"200069532";"";"";"";"2021-10-06";"125711";""
"14304";"3332";"PLUi/PLUiS";"CC";"2014-11-19 23:00:00+00:00";"2008-01-29 23:00:00+00:00";"33";"14";"28";"2021";"OUI";"NON";"200066827";"";"";"";"2021-10-06";"112794";""
"14305";"3199";"PLU";"COM";"2013-07-28 22:00:00+00:00";"2009-01-11 23:00:00+00:00";"39";"14";"28";"2021";"NON";"NON";"14305";"";"";"";"2021-10-06";"37693";""
"14306";"3199";"PLU";"COM";"2020-07-09 22:00:00+00:00";"2014-11-19 23:00:00+00:00";"39";"14";"28";"2021";"NON";"NON";"14306";"";"";"";"2021-10-06";"134788";""
"14308";"3131";"PLU";"COM";"2014-03-20 23:00:00+00:00";"2010-06-08 22:00:00+00:00";"33";"14";"28";"2021";"NON";"NON";"14308";"";"";"";"2021-10-06";"125627";""
"14310";"3432";"PLU";"CC";"2013-06-11 22:00:00+00:00";"2009-10-21 22:00:00+00:00";"33";"14";"28";"2021";"NON";"NON";"200066710";"";"";"";"2021-10-06";"40801";""
"14311";"3199";"PLU";"COM";"2016-04-17 22:00:00+00:00";"2010-12-12 23:00:00+00:00";"39";"14";"28";"2021";"NON";"NON";"14311";"";"";"";"2021-10-06";"62570";""
"14312";"3299";"PLUi/PLUiS";"CC";"2021-03-17 23:00:00+00:00";"2017-07-10 22:00:00+00:00";"39";"14";"28";"2021";"NON";"OUI";"200066801";"";"";"";"2021-10-06";"161302";""
"14316";"3199";"PLU";"COM";"2007-11-29 23:00:00+00:00";"2003-03-06 23:00:00+00:00";"39";"14";"28";"2021";"NON";"NON";"14316";"";"";"";"2021-10-06";"2867";""
"14318";"3499";"PLU";"CC";"2012-07-20 22:00:00+00:00";"2004-02-17 23:00:00+00:00";"39";"14";"28";"2021";"NON";"NON";"200069516";"";"";"";"2021-10-06";"2875";""
"14319";"3432";"PLU";"CU";"2012-07-04 22:00:00+00:00";"2008-06-10 22:00:00+00:00";"33";"14";"28";"2021";"NON";"NON";"200065597";"";"";"";"2021-10-06";"35448";""
"14322";"3299";"PLUi/PLUiS";"CC";"2020-01-29 23:00:00+00:00";"2015-06-24 22:00:00+00:00";"39";"14";"28";"2021";"NON";"OUI";"241400555";"";"";"";"2021-10-06";"143446";""
"14325";"3432";"PLU";"CU";"2020-01-29 23:00:00+00:00";"2015-03-22 23:00:00+00:00";"33";"14";"28";"2021";"NON";"NON";"200065597";"";"";"";"2021-10-06";"143466";""
"14326";"3399";"PLUi/PLUiS";"CA";"2016-12-20 23:00:00+00:00";"2013-03-27 23:00:00+00:00";"39";"14";"28";"2021";"OUI";"NON";"200069532";"";"";"";"2021-10-06";"125711";""
"14327";"3432";"PLU";"CU";"2007-07-01 22:00:00+00:00";"2001-05-30 22:00:00+00:00";"33";"14";"28";"2021";"NON";"NON";"200065597";"";"";"";"2021-10-06";"35441";""
"14328";"3199";"PLU";"COM";"2020-07-09 22:00:00+00:00";"2015-11-20 23:00:00+00:00";"39";"14";"28";"2021";"NON";"NON";"14328";"";"";"";"2021-10-06";"160891";""
"14329";"1199";"CC";"COM";"2006-08-14 22:00:00+00:00";"2004-01-27 23:00:00+00:00";"19";"14";"28";"2021";"NON";"NON";"14329";"";"";"";"2021-10-06";"2893";""
"14332";"3332";"PLUi/PLUiS";"CC";"2009-02-24 23:00:00+00:00";"2004-01-19 23:00:00+00:00";"33";"14";"28";"2021";"OUI";"NON";"241400514";"";"";"";"2021-10-06";"48295";""
"14333";"3332";"PLUi/PLUiS";"CC";"2014-11-19 23:00:00+00:00";"2008-01-29 23:00:00+00:00";"33";"14";"28";"2021";"OUI";"NON";"200066827";"";"";"";"2021-10-06";"112794";""
"14334";"3399";"PLUi/PLUiS";"CA";"2016-12-20 23:00:00+00:00";"2013-03-27 23:00:00+00:00";"39";"14";"28";"2021";"OUI";"NON";"200069532";"";"";"";"2021-10-06";"125711";""
"14335";"3199";"PLU";"COM";"2008-03-02 23:00:00+00:00";"2004-10-11 22:00:00+00:00";"39";"14";"28";"2021";"NON";"NON";"14335";"";"";"";"2021-10-06";"167339";""
"14336";"3499";"PLU";"CC";"2013-06-23 22:00:00+00:00";"2009-04-29 22:00:00+00:00";"39";"14";"28";"2021";"NON";"NON";"200069516";"";"";"";"2021-10-06";"38404";""
"14337";"3399";"PLUi/PLUiS";"CA";"2016-12-20 23:00:00+00:00";"2013-03-27 23:00:00+00:00";"39";"14";"28";"2021";"OUI";"NON";"200069532";"";"";"";"2021-10-06";"125711";""
"14338";"3131";"PLU";"COM";"2013-06-06 22:00:00+00:00";"2008-08-18 22:00:00+00:00";"33";"14";"28";"2021";"NON";"NON";"14338";"";"";"";"2021-10-06";"39210";""
"14341";"3432";"PLU";"CU";"2015-04-26 22:00:00+00:00";"2009-05-10 22:00:00+00:00";"33";"14";"28";"2021";"NON";"NON";"200065597";"";"";"";"2021-10-06";"38643";""
"14342";"3299";"PLUi/PLUiS";"CC";"2021-03-17 23:00:00+00:00";"2017-07-10 22:00:00+00:00";"39";"14";"28";"2021";"NON";"OUI";"200066801";"";"";"";"2021-10-06";"161302";""
"14344";"3499";"PLU";"CC";"2013-10-24 22:00:00+00:00";"2008-03-30 22:00:00+00:00";"39";"14";"28";"2021";"NON";"NON";"200065589";"";"";"";"2021-10-06";"34983";""
"14345";"1432";"CC";"CC";"2007-03-11 23:00:00+00:00";"2003-10-08 22:00:00+00:00";"13";"14";"28";"2021";"NON";"NON";"241400514";"";"";"";"2021-10-06";"2905";""
"14346";"3299";"PLUi/PLUiS";"CC";"2020-01-29 23:00:00+00:00";"2015-06-24 22:00:00+00:00";"39";"14";"28";"2021";"NON";"OUI";"241400555";"";"";"";"2021-10-06";"143446";""
"14347";"3399";"PLUi/PLUiS";"CC";"2019-12-17 23:00:00+00:00";"2015-05-05 22:00:00+00:00";"39";"14";"28";"2021";"OUI";"NON";"200069524";"";"";"";"2021-10-06";"143449";""
"14349";"3199";"PLU";"COM";"2009-10-05 22:00:00+00:00";"2004-11-01 23:00:00+00:00";"39";"14";"28";"2021";"NON";"NON";"14349";"";"";"";"2021-10-06";"40836";""
"14352";"1433";"CC";"CC";"2009-11-16 23:00:00+00:00";"2007-09-27 22:00:00+00:00";"13";"14";"28";"2021";"NON";"NON";"200068799";"";"";"";"2021-10-06";"41684";""
"14353";"3399";"PLUi/PLUiS";"CC";"2019-12-17 23:00:00+00:00";"2015-12-15 23:00:00+00:00";"39";"14";"28";"2021";"OUI";"NON";"200069524";"";"";"";"2021-10-06";"147319";""
"14354";"3499";"PLU";"CC";"2012-12-17 23:00:00+00:00";"2009-02-02 23:00:00+00:00";"39";"14";"28";"2021";"NON";"NON";"14354";"";"";"";"2021-10-06";"64399";""
"14355";"3499";"PLU";"CC";"2010-09-01 22:00:00+00:00";"2006-07-27 22:00:00+00:00";"39";"14";"28";"2021";"NON";"NON";"200069516";"";"";"";"2021-10-06";"51184";""
"14358";"3299";"PLUi/PLUiS";"CC";"2020-03-04 23:00:00+00:00";"2015-12-02 23:00:00+00:00";"39";"14";"28";"2021";"NON";"OUI";"14358";"";"";"";"2021-10-06";"147280";""
"14360";"1432";"CC";"CC";"2010-08-15 22:00:00+00:00";"2008-11-03 23:00:00+00:00";"13";"14";"28";"2021";"NON";"NON";"241400514";"";"";"";"2021-10-06";"38406";""
"14362";"3399";"PLUi/PLUiS";"CA";"2016-12-20 23:00:00+00:00";"2013-03-27 23:00:00+00:00";"39";"14";"28";"2021";"OUI";"NON";"200069532";"";"";"";"2021-10-06";"125711";""
"14364";"3499";"PLU";"CC";"2004-03-04 23:00:00+00:00";"1999-10-13 22:00:00+00:00";"39";"14";"28";"2021";"NON";"NON";"200069516";"";"";"";"2021-10-06";"2917";""
"14365";"3432";"PLU";"CU";"2009-01-25 23:00:00+00:00";"2003-01-19 23:00:00+00:00";"33";"14";"28";"2021";"NON";"NON";"200065597";"";"";"";"2021-10-06";"37713";""
"14366";"3399";"PLUi/PLUiS";"CA";"2016-12-20 23:00:00+00:00";"2013-03-27 23:00:00+00:00";"39";"14";"28";"2021";"OUI";"NON";"200069532";"";"";"";"2021-10-06";"125711";""
"14367";"3299";"PLUi/PLUiS";"CC";"2021-03-17 23:00:00+00:00";"2017-07-10 22:00:00+00:00";"39";"14";"28";"2021";"NON";"OUI";"200066801";"";"";"";"2021-10-06";"161302";""
"14368";"3399";"PLUi/PLUiS";"CA";"2019-03-27 23:00:00+00:00";"2013-12-18 23:00:00+00:00";"39";"14";"28";"2021";"OUI";"NON";"200069532";"";"";"";"2021-10-06";"134549";""
"14369";"3299";"PLUi/PLUiS";"CC";"2021-03-17 23:00:00+00:00";"2017-07-10 22:00:00+00:00";"39";"14";"28";"2021";"NON";"OUI";"200066801";"";"";"";"2021-10-06";"161302";""
"14370";"3299";"PLUi/PLUiS";"CC";"2021-03-17 23:00:00+00:00";"2017-07-10 22:00:00+00:00";"39";"14";"28";"2021";"NON";"OUI";"200066801";"";"";"";"2021-10-06";"161302";""
"14371";"3399";"PLUi/PLUiS";"CA";"2019-03-27 23:00:00+00:00";"2013-12-18 23:00:00+00:00";"39";"14";"28";"2021";"OUI";"NON";"200069532";"";"";"";"2021-10-06";"134549";""
"14374";"3399";"PLUi/PLUiS";"CC";"2019-12-17 23:00:00+00:00";"2015-05-05 22:00:00+00:00";"39";"14";"28";"2021";"OUI";"NON";"200069524";"";"";"";"2021-10-06";"143449";""
"14377";"3299";"PLUi/PLUiS";"CC";"2020-01-29 23:00:00+00:00";"2015-06-24 22:00:00+00:00";"39";"14";"28";"2021";"NON";"OUI";"241400555";"";"";"";"2021-10-06";"143446";""
"14378";"3299";"PLUi/PLUiS";"CC";"2021-03-17 23:00:00+00:00";"2017-07-10 22:00:00+00:00";"39";"14";"28";"2021";"NON";"OUI";"200066801";"";"";"";"2021-10-06";"161302";""
"14379";"3399";"PLUi/PLUiS";"CC";"2019-12-17 23:00:00+00:00";"2015-12-15 23:00:00+00:00";"39";"14";"28";"2021";"OUI";"NON";"200069524";"";"";"";"2021-10-06";"147319";""
"14380";"3499";"PLU";"CC";"2018-10-04 22:00:00+00:00";"2015-09-17 22:00:00+00:00";"39";"14";"28";"2021";"NON";"NON";"200069516";"";"";"";"2021-10-06";"143467";""
"14383";"3432";"PLU";"CU";"2016-12-25 23:00:00+00:00";"2011-05-30 22:00:00+00:00";"33";"14";"28";"2021";"NON";"NON";"200065597";"";"";"";"2021-10-06";"93407";""
"14384";"3499";"PLU";"CC";"2013-12-18 23:00:00+00:00";"2010-06-08 22:00:00+00:00";"39";"14";"28";"2021";"NON";"NON";"14384";"";"";"";"2021-10-06";"41360";""
"14385";"3299";"PLUi/PLUiS";"CC";"2020-01-29 23:00:00+00:00";"2015-06-24 22:00:00+00:00";"39";"14";"28";"2021";"NON";"OUI";"241400555";"";"";"";"2021-10-06";"143446";""
"14389";"3399";"PLUi/PLUiS";"CC";"2019-12-17 23:00:00+00:00";"2015-12-15 23:00:00+00:00";"39";"14";"28";"2021";"OUI";"NON";"200069524";"";"";"";"2021-10-06";"147319";""
"14390";"3399";"PLUi/PLUiS";"CC";"2019-12-17 23:00:00+00:00";"2015-12-15 23:00:00+00:00";"39";"14";"28";"2021";"OUI";"NON";"200069524";"";"";"";"2021-10-06";"147319";""
"14391";"3299";"PLUi/PLUiS";"CC";"2021-03-17 23:00:00+00:00";"2017-07-10 22:00:00+00:00";"39";"14";"28";"2021";"NON";"OUI";"200066801";"";"";"";"2021-10-06";"161302";""
"14393";"3199";"PLU";"COM";"2012-02-06 23:00:00+00:00";"2007-05-02 22:00:00+00:00";"39";"14";"28";"2021";"NON";"NON";"14393";"";"";"";"2021-10-06";"49239";""
"14394";"3432";"PLU";"CC";"2013-09-08 22:00:00+00:00";"2009-02-15 23:00:00+00:00";"33";"14";"28";"2021";"NON";"NON";"241400514";"";"";"";"2021-10-06";"38398";""
"14396";"3199";"PLU";"COM";"2018-02-05 23:00:00+00:00";"2013-02-18 23:00:00+00:00";"39";"14";"28";"2021";"NON";"NON";"14396";"";"";"";"2021-10-06";"125748";""
"14397";"3299";"PLUi/PLUiS";"CC";"2021-03-17 23:00:00+00:00";"2017-07-10 22:00:00+00:00";"39";"14";"28";"2021";"NON";"OUI";"200066801";"";"";"";"2021-10-06";"161302";""
"14398";"3299";"PLUi/PLUiS";"CC";"2020-03-04 23:00:00+00:00";"2015-12-02 23:00:00+00:00";"39";"14";"28";"2021";"NON";"OUI";"14398";"";"";"";"2021-10-06";"147280";""
"14399";"3299";"PLUi/PLUiS";"CC";"2020-03-04 23:00:00+00:00";"2015-12-02 23:00:00+00:00";"39";"14";"28";"2021";"NON";"OUI";"241400878";"";"";"";"2021-10-06";"147280";""
"14400";"3299";"PLUi/PLUiS";"CC";"2020-01-29 23:00:00+00:00";"2015-06-24 22:00:00+00:00";"39";"14";"28";"2021";"NON";"OUI";"241400555";"";"";"";"2021-10-06";"143446";""
"14401";"3299";"PLUi/PLUiS";"CC";"2020-01-29 23:00:00+00:00";"2015-06-24 22:00:00+00:00";"39";"14";"28";"2021";"NON";"OUI";"241400555";"";"";"";"2021-10-06";"143446";""
"14403";"3399";"PLUi/PLUiS";"CA";"2016-12-20 23:00:00+00:00";"2013-03-27 23:00:00+00:00";"39";"14";"28";"2021";"OUI";"NON";"200069532";"";"";"";"2021-10-06";"125711";""
"14406";"3499";"PLU";"CC";"2015-02-23 23:00:00+00:00";"2010-11-01 23:00:00+00:00";"39";"14";"28";"2021";"NON";"NON";"200069516";"";"";"";"2021-10-06";"93580";""
"14407";"3432";"PLU";"CU";"2020-12-02 23:00:00+00:00";"2013-10-13 22:00:00+00:00";"33";"14";"28";"2021";"NON";"NON";"200065597";"";"";"";"2021-10-06";"157551";""
"14408";"3199";"PLU";"COM";"2014-11-27 23:00:00+00:00";"2002-01-31 23:00:00+00:00";"39";"14";"28";"2021";"NON";"NON";"14408";"";"";"";"2021-10-06";"2333";""
"14409";"3199";"PLU";"COM";"2015-12-16 23:00:00+00:00";"2010-02-25 23:00:00+00:00";"39";"14";"28";"2021";"NON";"NON";"14409";"";"";"";"2021-10-06";"64400";""
"14410";"3399";"PLUi/PLUiS";"CA";"2018-06-27 22:00:00+00:00";"2013-06-23 22:00:00+00:00";"39";"14";"28";"2021";"OUI";"NON";"200069532";"";"";"";"2021-10-06";"125744";""
"14412";"3399";"PLUi/PLUiS";"CC";"2019-12-17 23:00:00+00:00";"2015-12-15 23:00:00+00:00";"39";"14";"28";"2021";"OUI";"NON";"200069524";"";"";"";"2021-10-06";"147319";""
"14419";"3399";"PLUi/PLUiS";"CA";"2016-12-20 23:00:00+00:00";"2013-03-27 23:00:00+00:00";"39";"14";"28";"2021";"OUI";"NON";"200069532";"";"";"";"2021-10-06";"125711";""
"14421";"3399";"PLUi/PLUiS";"CA";"2016-12-20 23:00:00+00:00";"2013-03-27 23:00:00+00:00";"39";"14";"28";"2021";"OUI";"NON";"200069532";"";"";"";"2021-10-06";"125711";""
"14424";"1433";"CC";"CC";"2014-11-26 23:00:00+00:00";"2012-04-10 22:00:00+00:00";"13";"14";"28";"2021";"NON";"NON";"200068799";"";"";"";"2021-10-06";"112796";""
"14425";"3399";"PLUi/PLUiS";"CA";"2016-12-20 23:00:00+00:00";"2013-03-27 23:00:00+00:00";"39";"14";"28";"2021";"OUI";"NON";"200069532";"";"";"";"2021-10-06";"125711";""
"14426";"3299";"PLUi/PLUiS";"CC";"2020-03-04 23:00:00+00:00";"2015-12-02 23:00:00+00:00";"39";"14";"28";"2021";"NON";"OUI";"241400878";"";"";"";"2021-10-06";"147280";""
"14431";"3399";"PLUi/PLUiS";"CA";"2018-06-27 22:00:00+00:00";"2013-06-23 22:00:00+00:00";"39";"14";"28";"2021";"OUI";"NON";"200069532";"";"";"";"2021-10-06";"125744";""
"14435";"3399";"PLUi/PLUiS";"CA";"2016-12-20 23:00:00+00:00";"2013-03-27 23:00:00+00:00";"39";"14";"28";"2021";"OUI";"NON";"200069532";"";"";"";"2021-10-06";"125711";""
"14436";"3299";"PLUi/PLUiS";"CC";"2020-01-29 23:00:00+00:00";"2015-06-24 22:00:00+00:00";"39";"14";"28";"2021";"NON";"OUI";"241400555";"";"";"";"2021-10-06";"143446";""
"14437";"3432";"PLU";"CU";"2016-12-06 23:00:00+00:00";"2009-02-05 23:00:00+00:00";"33";"14";"28";"2021";"NON";"NON";"200065597";"";"";"";"2021-10-06";"37715";""
"14438";"3131";"PLU";"COM";"2007-06-21 22:00:00+00:00";"2004-09-16 22:00:00+00:00";"33";"14";"28";"2021";"NON";"NON";"14438";"";"";"";"2021-10-06";"2991";""
"14439";"3299";"PLUi/PLUiS";"CC";"2021-03-17 23:00:00+00:00";"2017-07-10 22:00:00+00:00";"39";"14";"28";"2021";"NON";"OUI";"200066801";"";"";"";"2021-10-06";"161302";""
"14445";"3299";"PLUi/PLUiS";"CC";"2021-03-17 23:00:00+00:00";"2017-07-10 22:00:00+00:00";"39";"14";"28";"2021";"NON";"OUI";"200066801";"";"";"";"2021-10-06";"161302";""
"14446";"1199";"CC";"COM";"2008-06-17 22:00:00+00:00";"2006-03-07 23:00:00+00:00";"19";"14";"28";"2021";"NON";"NON";"14446";"";"";"";"2021-10-06";"35444";""
"14448";"3399";"PLUi/PLUiS";"CA";"2008-03-02 23:00:00+00:00";"2004-10-11 22:00:00+00:00";"39";"14";"28";"2021";"OUI";"NON";"14448";"";"";"";"2021-10-06";"167343";""
"14449";"3399";"PLUi/PLUiS";"CC";"2019-12-17 23:00:00+00:00";"2015-12-15 23:00:00+00:00";"39";"14";"28";"2021";"OUI";"NON";"200069524";"";"";"";"2021-10-06";"147319";""
"14452";"1332";"CC";"CC";"2008-05-06 22:00:00+00:00";"2005-01-20 23:00:00+00:00";"13";"14";"28";"2021";"NON";"NON";"241400514";"";"";"";"2021-10-06";"48298";""
"14453";"3299";"PLUi/PLUiS";"CC";"2021-03-17 23:00:00+00:00";"2017-07-10 22:00:00+00:00";"39";"14";"28";"2021";"NON";"OUI";"200066801";"";"";"";"2021-10-06";"161302";""
"14454";"3432";"PLU";"CU";"2021-01-27 23:00:00+00:00";"2014-03-16 23:00:00+00:00";"33";"14";"28";"2021";"NON";"NON";"200065597";"";"";"";"2021-10-06";"157553";""
"14456";"1499";"CC";"CC";"2019-01-30 23:00:00+00:00";"2011-06-19 22:00:00+00:00";"19";"14";"28";"2021";"NON";"NON";"200065589";"";"";"";"2021-10-06";"93416";""
"14458";"3432";"PLU";"CC";"2011-09-06 22:00:00+00:00";"2008-04-29 22:00:00+00:00";"33";"14";"28";"2021";"NON";"NON";"200066710";"";"";"";"2021-10-06";"35449";""
"14460";"3399";"PLUi/PLUiS";"CA";"2016-12-20 23:00:00+00:00";"2013-03-27 23:00:00+00:00";"39";"14";"28";"2021";"OUI";"NON";"200069532";"";"";"";"2021-10-06";"125711";""
"14461";"3432";"PLU";"CC";"2009-12-07 23:00:00+00:00";"2003-10-02 22:00:00+00:00";"33";"14";"28";"2021";"NON";"NON";"200066710";"";"";"";"2021-10-06";"3010";""
"14465";"3299";"PLUi/PLUiS";"CC";"2020-01-29 23:00:00+00:00";"2015-06-24 22:00:00+00:00";"39";"14";"28";"2021";"NON";"OUI";"241400555";"";"";"";"2021-10-06";"143446";""
"14466";"3299";"PLUi/PLUiS";"CC";"2020-03-04 23:00:00+00:00";"2015-12-02 23:00:00+00:00";"39";"14";"28";"2021";"NON";"OUI";"241400878";"";"";"";"2021-10-06";"147280";""
"14467";"3332";"PLUi/PLUiS";"CC";"2012-10-04 22:00:00+00:00";"2004-01-27 23:00:00+00:00";"33";"14";"28";"2021";"OUI";"NON";"14467";"";"";"";"2021-10-06";"125825";""
"14468";"3299";"PLUi/PLUiS";"CC";"2021-03-17 23:00:00+00:00";"2017-07-10 22:00:00+00:00";"39";"14";"28";"2021";"NON";"OUI";"200066801";"";"";"";"2021-10-06";"161302";""
"14469";"1332";"CC";"CC";"2008-05-06 22:00:00+00:00";"2005-01-20 23:00:00+00:00";"13";"14";"28";"2021";"NON";"NON";"241400514";"";"";"";"2021-10-06";"48298";""
"14473";"3399";"PLUi/PLUiS";"CA";"2008-03-02 23:00:00+00:00";"2004-10-11 22:00:00+00:00";"39";"14";"28";"2021";"OUI";"NON";"14473";"";"";"";"2021-10-06";"167343";""
"14475";"3399";"PLUi/PLUiS";"CC";"2019-12-17 23:00:00+00:00";"2015-12-15 23:00:00+00:00";"39";"14";"28";"2021";"OUI";"NON";"200069524";"";"";"";"2021-10-06";"147319";""
"14476";"1332";"CC";"CC";"2008-05-06 22:00:00+00:00";"2005-01-20 23:00:00+00:00";"13";"14";"28";"2021";"NON";"NON";"241400514";"";"";"";"2021-10-06";"48298";""
"14478";"3399";"PLUi/PLUiS";"CA";"2015-12-13 23:00:00+00:00";"2009-04-19 22:00:00+00:00";"39";"14";"28";"2021";"OUI";"NON";"200069532";"";"";"";"2021-10-06";"48891";""
"14480";"3299";"PLUi/PLUiS";"CC";"2021-03-17 23:00:00+00:00";"2017-07-10 22:00:00+00:00";"39";"14";"28";"2021";"NON";"OUI";"200066801";"";"";"";"2021-10-06";"161302";""
"14482";"3499";"PLU";"CC";"2013-05-14 22:00:00+00:00";"2008-10-27 23:00:00+00:00";"39";"14";"28";"2021";"NON";"NON";"200065589";"";"";"";"2021-10-06";"49913";""
"14483";"3432";"PLU";"CC";"2013-02-26 23:00:00+00:00";"2008-12-18 23:00:00+00:00";"33";"14";"28";"2021";"NON";"NON";"200066710";"";"";"";"2021-10-06";"3033";""
"14484";"3399";"PLUi/PLUiS";"CA";"2016-12-20 23:00:00+00:00";"2013-03-27 23:00:00+00:00";"39";"14";"28";"2021";"OUI";"NON";"200069532";"";"";"";"2021-10-06";"125711";""
"14486";"3432";"PLU";"CC";"2008-03-03 23:00:00+00:00";"2005-03-28 22:00:00+00:00";"33";"14";"28";"2021";"NON";"NON";"241400514";"";"";"";"2021-10-06";"3036";""
"14487";"3399";"PLUi/PLUiS";"CA";"2016-12-20 23:00:00+00:00";"2013-03-27 23:00:00+00:00";"39";"14";"28";"2021";"OUI";"NON";"200069532";"";"";"";"2021-10-06";"125711";""
"14488";"3432";"PLU";"CU";"2017-03-22 23:00:00+00:00";"2014-09-21 22:00:00+00:00";"33";"14";"28";"2021";"NON";"NON";"200065597";"";"";"";"2021-10-06";"134849";""
"14491";"3399";"PLUi/PLUiS";"CC";"2019-12-17 23:00:00+00:00";"2015-12-15 23:00:00+00:00";"39";"14";"28";"2021";"OUI";"NON";"200069524";"";"";"";"2021-10-06";"147319";""
"14492";"3332";"PLUi/PLUiS";"CC";"2014-11-19 23:00:00+00:00";"2008-01-29 23:00:00+00:00";"33";"14";"28";"2021";"OUI";"NON";"200066827";"";"";"";"2021-10-06";"112794";""
"14494";"3199";"PLU";"COM";"2017-06-26 22:00:00+00:00";"2015-01-20 23:00:00+00:00";"39";"14";"28";"2021";"NON";"NON";"14494";"";"";"";"2021-10-06";"147387";""
"14495";"3432";"PLU";"CU";"2018-12-12 23:00:00+00:00";"2015-04-27 22:00:00+00:00";"33";"14";"28";"2021";"NON";"NON";"200065597";"";"";"";"2021-10-06";"143515";""
"14497";"1332";"CC";"CC";"2008-05-06 22:00:00+00:00";"2005-01-20 23:00:00+00:00";"13";"14";"28";"2021";"NON";"NON";"241400514";"";"";"";"2021-10-06";"48298";""
"14498";"3332";"PLUi/PLUiS";"CC";"2009-02-24 23:00:00+00:00";"2004-01-19 23:00:00+00:00";"33";"14";"28";"2021";"OUI";"NON";"241400514";"";"";"";"2021-10-06";"48295";""
"14500";"3299";"PLUi/PLUiS";"CC";"2020-03-04 23:00:00+00:00";"2015-12-02 23:00:00+00:00";"39";"14";"28";"2021";"NON";"OUI";"241400878";"";"";"";"2021-10-06";"147280";""
"14504";"3399";"PLUi/PLUiS";"CA";"2016-12-20 23:00:00+00:00";"2013-03-27 23:00:00+00:00";"39";"14";"28";"2021";"OUI";"NON";"200069532";"";"";"";"2021-10-06";"125711";""
"14506";"3299";"PLUi/PLUiS";"CC";"2021-03-17 23:00:00+00:00";"2017-07-10 22:00:00+00:00";"39";"14";"28";"2021";"NON";"OUI";"200066801";"";"";"";"2021-10-06";"161302";""
"14509";"3499";"PLU";"CC";"2019-06-16 22:00:00+00:00";"2015-11-22 23:00:00+00:00";"39";"14";"28";"2021";"NON";"NON";"14509";"";"";"";"2021-10-06";"157554";""
"14514";"3299";"PLUi/PLUiS";"CC";"2020-03-04 23:00:00+00:00";"2015-12-02 23:00:00+00:00";"39";"14";"28";"2021";"NON";"OUI";"241400878";"";"";"";"2021-10-06";"147280";""
"14515";"3299";"PLUi/PLUiS";"CC";"2020-01-29 23:00:00+00:00";"2015-06-24 22:00:00+00:00";"39";"14";"28";"2021";"NON";"OUI";"241400555";"";"";"";"2021-10-06";"143446";""
"14516";"3432";"PLU";"CC";"2020-01-29 23:00:00+00:00";"2014-06-19 22:00:00+00:00";"33";"14";"28";"2021";"NON";"NON";"241400514";"";"";"";"2021-10-06";"134834";""
"14519";"3199";"PLU";"COM";"2016-06-28 22:00:00+00:00";"2009-06-10 22:00:00+00:00";"39";"14";"28";"2021";"NON";"NON";"14519";"";"";"";"2021-10-06";"38647";""
"14520";"3399";"PLUi/PLUiS";"CA";"2016-12-20 23:00:00+00:00";"2013-03-27 23:00:00+00:00";"39";"14";"28";"2021";"OUI";"NON";"200069532";"";"";"";"2021-10-06";"125711";""
"14522";"3399";"PLUi/PLUiS";"CA";"2016-12-20 23:00:00+00:00";"2013-03-27 23:00:00+00:00";"39";"14";"28";"2021";"OUI";"NON";"200069532";"";"";"";"2021-10-06";"125711";""
"14524";"3299";"PLUi/PLUiS";"SI";"2012-09-25 22:00:00+00:00";"2004-10-25 22:00:00+00:00";"39";"14";"28";"2021";"NON";"OUI";"14524";"";"";"";"2021-10-06";"48292";""
"14527";"3399";"PLUi/PLUiS";"CA";"2018-06-27 22:00:00+00:00";"2013-06-23 22:00:00+00:00";"39";"14";"28";"2021";"OUI";"NON";"200069532";"";"";"";"2021-10-06";"125744";""
"14528";"3332";"PLUi/PLUiS";"CC";"2014-11-19 23:00:00+00:00";"2008-01-29 23:00:00+00:00";"33";"14";"28";"2021";"OUI";"NON";"200066827";"";"";"";"2021-10-06";"112794";""
"14529";"3299";"PLUi/PLUiS";"CC";"2020-01-29 23:00:00+00:00";"2015-06-24 22:00:00+00:00";"39";"14";"28";"2021";"NON";"OUI";"241400555";"";"";"";"2021-10-06";"143446";""
"14530";"3199";"PLU";"COM";"2009-02-04 23:00:00+00:00";"2002-09-11 22:00:00+00:00";"39";"14";"28";"2021";"NON";"NON";"14530";"";"";"";"2021-10-06";"2242";""
"14531";"1432";"CC";"CC";"2008-02-20 23:00:00+00:00";"2007-03-20 23:00:00+00:00";"13";"14";"28";"2021";"NON";"NON";"241400514";"";"";"";"2021-10-06";"34641";""
"14533";"3299";"PLUi/PLUiS";"CC";"2020-03-04 23:00:00+00:00";"2015-12-02 23:00:00+00:00";"39";"14";"28";"2021";"NON";"OUI";"14533";"";"";"";"2021-10-06";"147280";""
"14534";"3299";"PLUi/PLUiS";"CC";"2020-03-04 23:00:00+00:00";"2015-12-02 23:00:00+00:00";"39";"14";"28";"2021";"NON";"OUI";"241400878";"";"";"";"2021-10-06";"147280";""
"14535";"3499";"PLU";"CC";"2013-06-27 22:00:00+00:00";"2005-07-08 22:00:00+00:00";"39";"14";"28";"2021";"NON";"NON";"241400860";"";"";"";"2021-10-06";"61441";""
"14536";"3332";"PLUi/PLUiS";"CC";"2014-11-19 23:00:00+00:00";"2008-01-29 23:00:00+00:00";"33";"14";"28";"2021";"OUI";"NON";"200066827";"";"";"";"2021-10-06";"112794";""
"14538";"3432";"PLU";"CU";"2014-07-23 22:00:00+00:00";"2009-06-17 22:00:00+00:00";"33";"14";"28";"2021";"NON";"NON";"200065597";"";"";"";"2021-10-06";"39211";""
"14540";"3399";"PLUi/PLUiS";"CA";"2016-12-20 23:00:00+00:00";"2013-03-27 23:00:00+00:00";"39";"14";"28";"2021";"OUI";"NON";"200069532";"";"";"";"2021-10-06";"125711";""
"14541";"3299";"PLUi/PLUiS";"CC";"2020-03-04 23:00:00+00:00";"2015-12-02 23:00:00+00:00";"39";"14";"28";"2021";"NON";"OUI";"14541";"";"";"";"2021-10-06";"147280";""
"14542";"3432";"PLU";"CU";"2016-12-14 23:00:00+00:00";"2012-03-21 23:00:00+00:00";"33";"14";"28";"2021";"NON";"NON";"200065597";"";"";"";"2021-10-06";"107919";""
"14543";"3432";"PLU";"CU";"2015-05-20 22:00:00+00:00";"2009-09-07 22:00:00+00:00";"33";"14";"28";"2021";"NON";"NON";"200065597";"";"";"";"2021-10-06";"39708";""
"14546";"3432";"PLU";"CC";"2013-12-05 23:00:00+00:00";"2009-03-19 23:00:00+00:00";"33";"14";"28";"2021";"NON";"NON";"241400514";"";"";"";"2021-10-06";"38645";""
"14547";"3299";"PLUi/PLUiS";"CC";"2021-03-17 23:00:00+00:00";"2017-07-10 22:00:00+00:00";"39";"14";"28";"2021";"NON";"OUI";"200066801";"";"";"";"2021-10-06";"161302";""
"14550";"3199";"PLU";"COM";"2008-03-02 23:00:00+00:00";"2004-10-11 22:00:00+00:00";"39";"14";"28";"2021";"NON";"NON";"14550";"";"";"";"2021-10-06";"167340";""
"14552";"3299";"PLUi/PLUiS";"CC";"2020-01-29 23:00:00+00:00";"2015-06-24 22:00:00+00:00";"39";"14";"28";"2021";"NON";"OUI";"14552";"";"";"";"2021-10-06";"143446";""
"14554";"3432";"PLU";"CU";"2013-06-25 22:00:00+00:00";"2009-03-04 23:00:00+00:00";"33";"14";"28";"2021";"NON";"NON";"200065597";"";"";"";"2021-10-06";"41351";""
"14555";"3299";"PLUi/PLUiS";"CC";"2020-03-04 23:00:00+00:00";"2015-12-02 23:00:00+00:00";"39";"14";"28";"2021";"NON";"OUI";"241400878";"";"";"";"2021-10-06";"147280";""
"14556";"3432";"PLU";"CU";"2020-12-02 23:00:00+00:00";"2016-12-19 23:00:00+00:00";"33";"14";"28";"2021";"NON";"NON";"200065597";"";"";"";"2021-10-06";"134851";""
"14557";"3399";"PLUi/PLUiS";"CC";"2012-12-21 23:00:00+00:00";"2009-06-26 22:00:00+00:00";"39";"14";"28";"2021";"OUI";"NON";"14557";"";"";"";"2021-10-06";"104349";""
"14558";"3432";"PLU";"CU";"2019-03-27 23:00:00+00:00";"2005-12-13 23:00:00+00:00";"33";"14";"28";"2021";"NON";"NON";"200065597";"";"";"";"2021-10-06";"61442";""
"14562";"3499";"PLU";"CC";"2013-01-29 23:00:00+00:00";"2008-11-26 23:00:00+00:00";"39";"14";"28";"2021";"NON";"NON";"14562";"";"";"";"2021-10-06";"2263";""
"14563";"3299";"PLUi/PLUiS";"CC";"2020-03-04 23:00:00+00:00";"2015-12-02 23:00:00+00:00";"39";"14";"28";"2021";"NON";"OUI";"241400878";"";"";"";"2021-10-06";"147280";""
"14565";"3299";"PLUi/PLUiS";"CC";"2020-01-29 23:00:00+00:00";"2015-06-24 22:00:00+00:00";"39";"14";"28";"2021";"NON";"OUI";"241400555";"";"";"";"2021-10-06";"143446";""
"14566";"3432";"PLU";"CU";"2019-12-11 23:00:00+00:00";"2015-05-12 22:00:00+00:00";"33";"14";"28";"2021";"NON";"NON";"200065597";"";"";"";"2021-10-06";"143519";""
"14569";"3499";"PLU";"CC";"2010-06-17 22:00:00+00:00";"2004-07-22 22:00:00+00:00";"39";"14";"28";"2021";"NON";"NON";"200069516";"";"";"";"2021-10-06";"3163";""
"14570";"3399";"PLUi/PLUiS";"CA";"2015-12-13 23:00:00+00:00";"2009-04-19 22:00:00+00:00";"39";"14";"28";"2021";"OUI";"NON";"200069532";"";"";"";"2021-10-06";"48891";""
"14571";"3399";"PLUi/PLUiS";"CA";"2015-12-13 23:00:00+00:00";"2009-04-19 22:00:00+00:00";"39";"14";"28";"2021";"OUI";"NON";"200069532";"";"";"";"2021-10-06";"48891";""
"14572";"3499";"PLU";"CC";"2013-02-28 23:00:00+00:00";"2009-01-15 23:00:00+00:00";"39";"14";"28";"2021";"NON";"NON";"200068799";"";"";"";"2021-10-06";"37694";""
"14574";"3399";"PLUi/PLUiS";"CA";"2016-12-20 23:00:00+00:00";"2013-03-27 23:00:00+00:00";"39";"14";"28";"2021";"OUI";"NON";"200069532";"";"";"";"2021-10-06";"125711";""
"14575";"3299";"PLUi/PLUiS";"CC";"2020-03-04 23:00:00+00:00";"2015-12-02 23:00:00+00:00";"39";"14";"28";"2021";"NON";"OUI";"241400878";"";"";"";"2021-10-06";"147280";""
"14576";"3399";"PLUi/PLUiS";"CA";"2019-03-27 23:00:00+00:00";"2013-12-18 23:00:00+00:00";"39";"14";"28";"2021";"OUI";"NON";"200069532";"";"";"";"2021-10-06";"134549";""
"14578";"3499";"PLU";"CC";"2014-11-19 23:00:00+00:00";"2008-01-29 23:00:00+00:00";"39";"14";"28";"2021";"NON";"NON";"241400415";"";"";"";"2021-10-06";"167344";""
"14579";"3399";"PLUi/PLUiS";"CC";"2019-12-17 23:00:00+00:00";"2015-05-05 22:00:00+00:00";"39";"14";"28";"2021";"OUI";"NON";"200069524";"";"";"";"2021-10-06";"143449";""
"14582";"3399";"PLUi/PLUiS";"CA";"2016-12-20 23:00:00+00:00";"2013-03-27 23:00:00+00:00";"39";"14";"28";"2021";"OUI";"NON";"200069532";"";"";"";"2021-10-06";"125711";""
"14586";"3299";"PLUi/PLUiS";"CC";"2021-03-17 23:00:00+00:00";"2017-07-10 22:00:00+00:00";"39";"14";"28";"2021";"NON";"OUI";"200066801";"";"";"";"2021-10-06";"161302";""
"14587";"3432";"PLU";"CU";"2006-10-08 22:00:00+00:00";"2002-03-17 23:00:00+00:00";"33";"14";"28";"2021";"NON";"NON";"200065597";"";"";"";"2021-10-06";"51194";""
"14588";"1432";"CC";"CC";"2009-03-03 23:00:00+00:00";"2005-07-14 22:00:00+00:00";"13";"14";"28";"2021";"NON";"NON";"241400514";"";"";"";"2021-10-06";"37833";""
"14589";"3432";"PLU";"CC";"2013-04-14 22:00:00+00:00";"2006-12-14 23:00:00+00:00";"33";"14";"28";"2021";"NON";"NON";"200066710";"";"";"";"2021-10-06";"125772";""
"14590";"3299";"PLUi/PLUiS";"CC";"2021-03-17 23:00:00+00:00";"2017-07-10 22:00:00+00:00";"39";"14";"28";"2021";"NON";"OUI";"200066801";"";"";"";"2021-10-06";"161302";""
"14591";"3299";"PLUi/PLUiS";"CC";"2021-03-17 23:00:00+00:00";"2017-07-10 22:00:00+00:00";"39";"14";"28";"2021";"NON";"OUI";"200066801";"";"";"";"2021-10-06";"161302";""
"14592";"3199";"PLU";"COM";"2014-12-18 23:00:00+00:00";"2011-02-17 23:00:00+00:00";"39";"14";"28";"2021";"NON";"NON";"14592";"";"";"";"2021-10-06";"93302";""
"14593";"3299";"PLUi/PLUiS";"CC";"2020-03-04 23:00:00+00:00";"2015-12-02 23:00:00+00:00";"39";"14";"28";"2021";"NON";"OUI";"241400878";"";"";"";"2021-10-06";"147280";""
"14595";"3399";"PLUi/PLUiS";"CA";"2016-12-20 23:00:00+00:00";"2013-03-27 23:00:00+00:00";"39";"14";"28";"2021";"OUI";"NON";"200069532";"";"";"";"2021-10-06";"125711";""
"14598";"3299";"PLUi/PLUiS";"SI";"2012-09-25 22:00:00+00:00";"2004-10-25 22:00:00+00:00";"39";"14";"28";"2021";"NON";"OUI";"14598";"";"";"";"2021-10-06";"48292";""
"14601";"3299";"PLUi/PLUiS";"CC";"2020-03-04 23:00:00+00:00";"2015-12-02 23:00:00+00:00";"39";"14";"28";"2021";"NON";"OUI";"241400878";"";"";"";"2021-10-06";"147280";""
"14602";"3432";"PLU";"CC";"2006-02-02 23:00:00+00:00";"2001-11-15 23:00:00+00:00";"33";"14";"28";"2021";"NON";"NON";"200066710";"";"";"";"2021-10-06";"3199";""
"14603";"3432";"PLU";"CC";"2008-02-04 23:00:00+00:00";"2003-10-06 22:00:00+00:00";"33";"14";"28";"2021";"NON";"NON";"200066710";"";"";"";"2021-10-06";"3201";""
"14605";"3299";"PLUi/PLUiS";"CC";"2021-03-17 23:00:00+00:00";"2017-07-10 22:00:00+00:00";"39";"14";"28";"2021";"NON";"OUI";"200066801";"";"";"";"2021-10-06";"161302";""
"14606";"3299";"PLUi/PLUiS";"SI";"2012-09-25 22:00:00+00:00";"2004-10-25 22:00:00+00:00";"39";"14";"28";"2021";"NON";"OUI";"14606";"";"";"";"2021-10-06";"48292";""
"14607";"3399";"PLUi/PLUiS";"CC";"2019-12-17 23:00:00+00:00";"2015-12-15 23:00:00+00:00";"39";"14";"28";"2021";"OUI";"NON";"200069524";"";"";"";"2021-10-06";"147319";""
"14609";"3299";"PLUi/PLUiS";"CC";"2020-01-29 23:00:00+00:00";"2015-06-24 22:00:00+00:00";"39";"14";"28";"2021";"NON";"OUI";"241400555";"";"";"";"2021-10-06";"143446";""
"14610";"3432";"PLU";"CU";"2015-09-29 22:00:00+00:00";"2010-11-21 23:00:00+00:00";"33";"14";"28";"2021";"NON";"NON";"200065597";"";"";"";"2021-10-06";"61286";""
"14613";"3299";"PLUi/PLUiS";"CC";"2021-03-17 23:00:00+00:00";"2017-07-10 22:00:00+00:00";"39";"14";"28";"2021";"NON";"OUI";"200066801";"";"";"";"2021-10-06";"161302";""
"14614";"3299";"PLUi/PLUiS";"CC";"2021-03-17 23:00:00+00:00";"2017-07-10 22:00:00+00:00";"39";"14";"28";"2021";"NON";"OUI";"200066801";"";"";"";"2021-10-06";"161302";""
"14619";"3433";"PLU";"CC";"2015-07-20 22:00:00+00:00";"2009-04-07 22:00:00+00:00";"33";"14";"28";"2021";"NON";"NON";"200068799";"";"";"";"2021-10-06";"125635";""
"14620";"3299";"PLUi/PLUiS";"CC";"2020-03-04 23:00:00+00:00";"2015-12-02 23:00:00+00:00";"39";"14";"28";"2021";"NON";"OUI";"241400878";"";"";"";"2021-10-06";"147280";""
"14621";"3399";"PLUi/PLUiS";"CA";"2015-12-13 23:00:00+00:00";"2009-04-19 22:00:00+00:00";"39";"14";"28";"2021";"OUI";"NON";"200069532";"";"";"";"2021-10-06";"48891";""
"14622";"3299";"PLUi/PLUiS";"CC";"2021-03-17 23:00:00+00:00";"2017-07-10 22:00:00+00:00";"39";"14";"28";"2021";"NON";"OUI";"200066801";"";"";"";"2021-10-06";"161302";""
"14625";"3399";"PLUi/PLUiS";"CA";"2016-12-20 23:00:00+00:00";"2013-03-27 23:00:00+00:00";"39";"14";"28";"2021";"OUI";"NON";"200069532";"";"";"";"2021-10-06";"125711";""
"14626";"3399";"PLUi/PLUiS";"CA";"2016-12-20 23:00:00+00:00";"2013-03-27 23:00:00+00:00";"39";"14";"28";"2021";"OUI";"NON";"200069532";"";"";"";"2021-10-06";"125711";""
"14627";"3332";"PLUi/PLUiS";"CC";"2012-10-04 22:00:00+00:00";"2004-01-27 23:00:00+00:00";"33";"14";"28";"2021";"OUI";"NON";"14627";"";"";"";"2021-10-06";"125825";""
"14630";"3299";"PLUi/PLUiS";"CC";"2020-01-29 23:00:00+00:00";"2015-06-24 22:00:00+00:00";"39";"14";"28";"2021";"NON";"OUI";"241400555";"";"";"";"2021-10-06";"143446";""
"14637";"3499";"PLU";"CC";"2012-09-02 22:00:00+00:00";"2002-10-16 22:00:00+00:00";"39";"14";"28";"2021";"NON";"NON";"200065589";"";"";"";"2021-10-06";"3252";""
"14639";"3399";"PLUi/PLUiS";"CA";"2008-03-02 23:00:00+00:00";"2004-10-11 22:00:00+00:00";"39";"14";"28";"2021";"OUI";"NON";"14639";"";"";"";"2021-10-06";"167343";""
"14640";"3134";"PLU";"COM";"2014-03-17 23:00:00+00:00";"2011-11-07 23:00:00+00:00";"33";"14";"28";"2021";"NON";"NON";"200065589";"";"";"";"2021-10-06";"93562";""
"14643";"3299";"PLUi/PLUiS";"CC";"2021-03-17 23:00:00+00:00";"2017-07-10 22:00:00+00:00";"39";"14";"28";"2021";"NON";"OUI";"200066801";"";"";"";"2021-10-06";"161302";""
"14644";"3299";"PLUi/PLUiS";"CC";"2020-03-04 23:00:00+00:00";"2015-12-02 23:00:00+00:00";"39";"14";"28";"2021";"NON";"OUI";"241400878";"";"";"";"2021-10-06";"147280";""
"14645";"3399";"PLUi/PLUiS";"CC";"2012-12-21 23:00:00+00:00";"2009-06-26 22:00:00+00:00";"39";"14";"28";"2021";"OUI";"NON";"14645";"";"";"";"2021-10-06";"104349";""
"14646";"3432";"PLU";"CC";"2010-04-25 22:00:00+00:00";"2004-05-02 22:00:00+00:00";"33";"14";"28";"2021";"NON";"NON";"241400514";"";"";"";"2021-10-06";"3260";""
"14648";"3399";"PLUi/PLUiS";"CA";"2016-12-20 23:00:00+00:00";"2013-03-27 23:00:00+00:00";"39";"14";"28";"2021";"OUI";"NON";"200069532";"";"";"";"2021-10-06";"125711";""
"14649";"3332";"PLUi/PLUiS";"CC";"2012-10-04 22:00:00+00:00";"2004-01-27 23:00:00+00:00";"33";"14";"28";"2021";"OUI";"NON";"14649";"";"";"";"2021-10-06";"125825";""
"14650";"3399";"PLUi/PLUiS";"CC";"2019-12-17 23:00:00+00:00";"2015-05-05 22:00:00+00:00";"39";"14";"28";"2021";"OUI";"NON";"200069524";"";"";"";"2021-10-06";"143449";""
"14651";"1499";"CC";"CC";"2011-03-15 23:00:00+00:00";"2008-11-06 23:00:00+00:00";"19";"14";"28";"2021";"NON";"NON";"200065589";"";"";"";"2021-10-06";"91860";""
"14652";"3299";"PLUi/PLUiS";"CC";"2021-03-17 23:00:00+00:00";"2017-07-10 22:00:00+00:00";"39";"14";"28";"2021";"NON";"OUI";"200066801";"";"";"";"2021-10-06";"161302";""
"14654";"3499";"PLU";"CA";"2016-12-13 23:00:00+00:00";"2009-09-11 22:00:00+00:00";"39";"14";"28";"2021";"NON";"NON";"200069532";"";"";"";"2021-10-06";"39710";""
"14656";"3432";"PLU";"CC";"2007-11-06 23:00:00+00:00";"2003-11-20 23:00:00+00:00";"33";"14";"28";"2021";"NON";"NON";"200066710";"";"";"";"2021-10-06";"3264";""
"14657";"3199";"PLU";"COM";"2009-01-22 23:00:00+00:00";"2005-11-14 23:00:00+00:00";"39";"14";"28";"2021";"NON";"NON";"14657";"";"";"";"2021-10-06";"38039";""
"14658";"3433";"PLU";"CC";"2013-02-18 23:00:00+00:00";"2009-03-23 23:00:00+00:00";"33";"14";"28";"2021";"NON";"NON";"200068799";"";"";"";"2021-10-06";"93602";""
"14659";"3432";"PLU";"CC";"2006-09-07 22:00:00+00:00";"2002-04-18 22:00:00+00:00";"33";"14";"28";"2021";"NON";"NON";"200066710";"";"";"";"2021-10-06";"3270";""
"14660";"1199";"CC";"COM";"2010-12-27 23:00:00+00:00";"2008-06-26 22:00:00+00:00";"19";"14";"28";"2021";"NON";"NON";"14660";"";"";"";"2021-10-06";"35583";""
"14661";"1499";"CC";"CC";"2007-12-10 23:00:00+00:00";"2005-12-01 23:00:00+00:00";"19";"14";"28";"2021";"NON";"NON";"200069516";"";"";"";"2021-10-06";"33522";""
"14663";"3299";"PLUi/PLUiS";"CC";"2020-01-29 23:00:00+00:00";"2015-06-24 22:00:00+00:00";"39";"14";"28";"2021";"NON";"OUI";"241400555";"";"";"";"2021-10-06";"143446";""
"14664";"3299";"PLUi/PLUiS";"CC";"2021-03-17 23:00:00+00:00";"2017-07-10 22:00:00+00:00";"39";"14";"28";"2021";"NON";"OUI";"200066801";"";"";"";"2021-10-06";"161302";""
"14665";"3199";"PLU";"COM";"2006-11-09 23:00:00+00:00";"2003-03-20 23:00:00+00:00";"39";"14";"28";"2021";"NON";"NON";"14665";"";"";"";"2021-10-06";"3272";""
"14667";"3299";"PLUi/PLUiS";"CC";"2021-03-17 23:00:00+00:00";"2017-07-10 22:00:00+00:00";"39";"14";"28";"2021";"NON";"OUI";"200066801";"";"";"";"2021-10-06";"161302";""
"14668";"3299";"PLUi/PLUiS";"CC";"2021-03-17 23:00:00+00:00";"2017-07-10 22:00:00+00:00";"39";"14";"28";"2021";"NON";"OUI";"200066801";"";"";"";"2021-10-06";"161302";""
"14669";"1332";"CC";"CC";"2008-05-06 22:00:00+00:00";"2005-01-20 23:00:00+00:00";"13";"14";"28";"2021";"NON";"NON";"241400514";"";"";"";"2021-10-06";"48298";""
"14672";"3399";"PLUi/PLUiS";"CC";"2019-12-17 23:00:00+00:00";"2015-05-05 22:00:00+00:00";"39";"14";"28";"2021";"OUI";"NON";"200069524";"";"";"";"2021-10-06";"143449";""
"14675";"3432";"PLU";"CU";"2005-07-15 22:00:00+00:00";"2002-02-17 23:00:00+00:00";"33";"14";"28";"2021";"NON";"NON";"200065597";"";"";"";"2021-10-06";"2314";""
"14676";"3299";"PLUi/PLUiS";"CC";"2020-01-29 23:00:00+00:00";"2015-06-24 22:00:00+00:00";"39";"14";"28";"2021";"NON";"OUI";"241400555";"";"";"";"2021-10-06";"143446";""
"14677";"3432";"PLU";"CC";"2017-06-14 22:00:00+00:00";"2009-03-02 23:00:00+00:00";"33";"14";"28";"2021";"NON";"NON";"241400514";"";"";"";"2021-10-06";"93254";""
"14678";"1432";"CC";"CC";"2010-04-08 22:00:00+00:00";"2009-03-09 23:00:00+00:00";"13";"14";"28";"2021";"NON";"NON";"241400514";"";"";"";"2021-10-06";"41688";""
"14679";"3299";"PLUi/PLUiS";"CC";"2020-01-29 23:00:00+00:00";"2015-06-24 22:00:00+00:00";"39";"14";"28";"2021";"NON";"OUI";"241400555";"";"";"";"2021-10-06";"143446";""
"14680";"3299";"PLUi/PLUiS";"CC";"2020-01-29 23:00:00+00:00";"2015-06-24 22:00:00+00:00";"39";"14";"28";"2021";"NON";"OUI";"241400555";"";"";"";"2021-10-06";"143446";""
"14681";"3299";"PLUi/PLUiS";"CC";"2021-03-17 23:00:00+00:00";"2017-07-10 22:00:00+00:00";"39";"14";"28";"2021";"NON";"OUI";"200066801";"";"";"";"2021-10-06";"161302";""
"14682";"3299";"PLUi/PLUiS";"CC";"2020-03-04 23:00:00+00:00";"2015-12-02 23:00:00+00:00";"39";"14";"28";"2021";"NON";"OUI";"241400878";"";"";"";"2021-10-06";"147280";""
"14685";"3432";"PLU";"CU";"2010-05-10 22:00:00+00:00";"2001-10-25 22:00:00+00:00";"33";"14";"28";"2021";"NON";"NON";"200065597";"";"";"";"2021-10-06";"3299";""
"14687";"3332";"PLUi/PLUiS";"CC";"2014-11-19 23:00:00+00:00";"2008-01-29 23:00:00+00:00";"33";"14";"28";"2021";"OUI";"NON";"200066827";"";"";"";"2021-10-06";"112794";""
"14689";"3432";"PLU";"CC";"2013-03-07 23:00:00+00:00";"2008-12-07 23:00:00+00:00";"33";"14";"28";"2021";"NON";"NON";"200066710";"";"";"";"2021-10-06";"37688";""
"14692";"3431";"PLU";"CC";"2012-06-13 22:00:00+00:00";"2002-12-19 23:00:00+00:00";"33";"14";"28";"2021";"NON";"NON";"200069516";"";"";"";"2021-10-06";"3310";""
"14694";"3299";"PLUi/PLUiS";"CC";"2020-03-04 23:00:00+00:00";"2015-12-02 23:00:00+00:00";"39";"14";"28";"2021";"NON";"OUI";"241400878";"";"";"";"2021-10-06";"147280";""
"14698";"3131";"PLU";"COM";"2007-01-25 23:00:00+00:00";"2001-10-27 22:00:00+00:00";"33";"14";"28";"2021";"NON";"NON";"14698";"";"";"";"2021-10-06";"57867";""
"14699";"3399";"PLUi/PLUiS";"CC";"2012-12-21 23:00:00+00:00";"2009-06-26 22:00:00+00:00";"39";"14";"28";"2021";"OUI";"NON";"14699";"";"";"";"2021-10-06";"104349";""
"14700";"3299";"PLUi/PLUiS";"CC";"2021-03-17 23:00:00+00:00";"2017-07-10 22:00:00+00:00";"39";"14";"28";"2021";"NON";"OUI";"200066801";"";"";"";"2021-10-06";"161302";""
"14701";"3399";"PLUi/PLUiS";"CC";"2012-12-21 23:00:00+00:00";"2009-06-26 22:00:00+00:00";"39";"14";"28";"2021";"OUI";"NON";"14701";"";"";"";"2021-10-06";"104349";""
"14705";"3299";"PLUi/PLUiS";"CC";"2021-03-17 23:00:00+00:00";"2017-07-10 22:00:00+00:00";"39";"14";"28";"2021";"NON";"OUI";"200066801";"";"";"";"2021-10-06";"161302";""
"14706";"3299";"PLUi/PLUiS";"CC";"2020-03-04 23:00:00+00:00";"2015-12-02 23:00:00+00:00";"39";"14";"28";"2021";"NON";"OUI";"241400878";"";"";"";"2021-10-06";"147280";""
"14707";"3432";"PLU";"CU";"2020-12-02 23:00:00+00:00";"2016-10-02 22:00:00+00:00";"33";"14";"28";"2021";"NON";"NON";"200065597";"";"";"";"2021-10-06";"153486";""
"14708";"3399";"PLUi/PLUiS";"CC";"2019-12-17 23:00:00+00:00";"2015-12-15 23:00:00+00:00";"39";"14";"28";"2021";"OUI";"NON";"200069524";"";"";"";"2021-10-06";"147319";""
"14709";"3299";"PLUi/PLUiS";"CC";"2020-01-29 23:00:00+00:00";"2015-06-24 22:00:00+00:00";"39";"14";"28";"2021";"NON";"OUI";"241400555";"";"";"";"2021-10-06";"143446";""
"14711";"3299";"PLUi/PLUiS";"CC";"2021-03-17 23:00:00+00:00";"2017-07-10 22:00:00+00:00";"39";"14";"28";"2021";"NON";"OUI";"200066801";"";"";"";"2021-10-06";"161302";""
"14712";"3432";"PLU";"CU";"2017-12-19 23:00:00+00:00";"2015-01-04 23:00:00+00:00";"33";"14";"28";"2021";"NON";"NON";"200065597";"";"";"";"2021-10-06";"143521";""
"14713";"3432";"PLU";"CC";"2013-03-24 23:00:00+00:00";"2009-01-14 23:00:00+00:00";"33";"14";"28";"2021";"NON";"NON";"200066710";"";"";"";"2021-10-06";"37696";""
"14714";"3299";"PLUi/PLUiS";"CC";"2021-03-17 23:00:00+00:00";"2017-07-10 22:00:00+00:00";"39";"14";"28";"2021";"NON";"OUI";"200066801";"";"";"";"2021-10-06";"161302";""
"14715";"3399";"PLUi/PLUiS";"CC";"2012-12-21 23:00:00+00:00";"2009-06-26 22:00:00+00:00";"39";"14";"28";"2021";"OUI";"NON";"14715";"";"";"";"2021-10-06";"104349";""
"14716";"3299";"PLUi/PLUiS";"CC";"2021-03-17 23:00:00+00:00";"2017-07-10 22:00:00+00:00";"39";"14";"28";"2021";"NON";"OUI";"200066801";"";"";"";"2021-10-06";"161302";""
"14719";"3432";"PLU";"CC";"2006-06-25 22:00:00+00:00";"2002-03-17 23:00:00+00:00";"33";"14";"28";"2021";"NON";"NON";"200066710";"";"";"";"2021-10-06";"3340";""
"14721";"3199";"PLU";"COM";"2012-06-17 22:00:00+00:00";"2007-09-02 22:00:00+00:00";"39";"14";"28";"2021";"NON";"NON";"14721";"";"";"";"2021-10-06";"109679";""
"14723";"3299";"PLUi/PLUiS";"CC";"2020-03-04 23:00:00+00:00";"2015-12-02 23:00:00+00:00";"39";"14";"28";"2021";"NON";"OUI";"14723";"";"";"";"2021-10-06";"147280";""
"14724";"3131";"PLU";"COM";"2012-11-22 23:00:00+00:00";"2009-03-03 23:00:00+00:00";"33";"14";"28";"2021";"NON";"NON";"14724";"";"";"";"2021-10-06";"39709";""
"14726";"1414";"CC";"CC";"2013-04-28 22:00:00+00:00";"2010-03-25 23:00:00+00:00";"11";"14";"28";"2021";"NON";"NON";"200068799";"";"";"";"2021-10-06";"41686";""
"14728";"3299";"PLUi/PLUiS";"CC";"2020-01-29 23:00:00+00:00";"2015-06-24 22:00:00+00:00";"39";"14";"28";"2021";"NON";"OUI";"241400555";"";"";"";"2021-10-06";"143446";""
"14731";"3399";"PLUi/PLUiS";"CC";"2012-12-21 23:00:00+00:00";"2009-06-26 22:00:00+00:00";"39";"14";"28";"2021";"OUI";"NON";"14731";"";"";"";"2021-10-06";"104349";""
"14732";"3299";"PLUi/PLUiS";"CC";"2020-01-29 23:00:00+00:00";"2015-06-24 22:00:00+00:00";"39";"14";"28";"2021";"NON";"OUI";"241400555";"";"";"";"2021-10-06";"143446";""
"14733";"3299";"PLUi/PLUiS";"CC";"2020-01-29 23:00:00+00:00";"2015-06-24 22:00:00+00:00";"39";"14";"28";"2021";"NON";"OUI";"241400555";"";"";"";"2021-10-06";"143446";""
"14734";"1499";"CC";"CC";"2009-02-18 23:00:00+00:00";"2009-01-28 23:00:00+00:00";"19";"14";"28";"2021";"NON";"NON";"200069516";"";"";"";"2021-10-06";"38409";""
"14735";"1432";"CC";"CC";"2008-03-19 23:00:00+00:00";"2004-03-10 23:00:00+00:00";"13";"14";"28";"2021";"NON";"NON";"241400514";"";"";"";"2021-10-06";"3367";""
"14737";"3332";"PLUi/PLUiS";"CC";"2009-02-24 23:00:00+00:00";"2004-01-19 23:00:00+00:00";"33";"14";"28";"2021";"OUI";"NON";"241400514";"";"";"";"2021-10-06";"48295";""
"14738";"3432";"PLU";"CU";"2008-02-27 23:00:00+00:00";"2004-10-13 22:00:00+00:00";"33";"14";"28";"2021";"NON";"NON";"200065597";"";"";"";"2021-10-06";"146519";""
"14739";"3499";"PLU";"CC";"2008-01-29 23:00:00+00:00";"2003-09-23 22:00:00+00:00";"39";"14";"28";"2021";"NON";"NON";"200069516";"";"";"";"2021-10-06";"34196";""
"14740";"3399";"PLUi/PLUiS";"CA";"2015-12-13 23:00:00+00:00";"2009-04-19 22:00:00+00:00";"39";"14";"28";"2021";"OUI";"NON";"200069532";"";"";"";"2021-10-06";"48891";""
"14741";"3432";"PLU";"CC";"2010-09-19 22:00:00+00:00";"2006-04-12 22:00:00+00:00";"33";"14";"28";"2021";"NON";"NON";"200066710";"";"";"";"2021-10-06";"35467";""
"14744";"3299";"PLUi/PLUiS";"CC";"2020-01-29 23:00:00+00:00";"2015-06-24 22:00:00+00:00";"39";"14";"28";"2021";"NON";"OUI";"241400555";"";"";"";"2021-10-06";"143446";""
"14745";"3299";"PLUi/PLUiS";"CC";"2021-03-17 23:00:00+00:00";"2017-07-10 22:00:00+00:00";"39";"14";"28";"2021";"NON";"OUI";"200066801";"";"";"";"2021-10-06";"161302";""
"14747";"3199";"PLU";"COM";"2018-01-30 23:00:00+00:00";"2012-01-19 23:00:00+00:00";"39";"14";"28";"2021";"NON";"NON";"14747";"";"";"";"2021-10-06";"107923";""
"14748";"3299";"PLUi/PLUiS";"CC";"2020-03-04 23:00:00+00:00";"2015-12-02 23:00:00+00:00";"39";"14";"28";"2021";"NON";"OUI";"241400878";"";"";"";"2021-10-06";"147280";""
"14752";"3399";"PLUi/PLUiS";"CC";"2019-12-17 23:00:00+00:00";"2015-12-15 23:00:00+00:00";"39";"14";"28";"2021";"OUI";"NON";"200069524";"";"";"";"2021-10-06";"147319";""
"14753";"1432";"CC";"CC";"2003-11-20 23:00:00+00:00";"2001-08-28 22:00:00+00:00";"13";"14";"28";"2021";"NON";"NON";"241400514";"";"";"";"2021-10-06";"3401";""
"14754";"3399";"PLUi/PLUiS";"CC";"2012-12-21 23:00:00+00:00";"2009-06-26 22:00:00+00:00";"39";"14";"28";"2021";"OUI";"NON";"14754";"";"";"";"2021-10-06";"104349";""
"14755";"3399";"PLUi/PLUiS";"CC";"2012-12-21 23:00:00+00:00";"2009-06-26 22:00:00+00:00";"39";"14";"28";"2021";"OUI";"NON";"14755";"";"";"";"2021-10-06";"104349";""
"14756";"3499";"PLU";"CC";"2010-08-19 22:00:00+00:00";"2003-05-12 22:00:00+00:00";"39";"14";"28";"2021";"NON";"NON";"200068799";"";"";"";"2021-10-06";"3409";""
"14758";"3432";"PLU";"CU";"2014-09-28 22:00:00+00:00";"2012-03-11 23:00:00+00:00";"33";"14";"28";"2021";"NON";"NON";"200065597";"";"";"";"2021-10-06";"134734";""
"14759";"3332";"PLUi/PLUiS";"CC";"2009-02-24 23:00:00+00:00";"2004-01-19 23:00:00+00:00";"33";"14";"28";"2021";"OUI";"NON";"241400514";"";"";"";"2021-10-06";"48295";""
"14760";"3399";"PLUi/PLUiS";"CC";"2019-12-17 23:00:00+00:00";"2015-12-15 23:00:00+00:00";"39";"14";"28";"2021";"OUI";"NON";"200069524";"";"";"";"2021-10-06";"147319";""
"14761";"3499";"PLU";"CC";"2013-01-21 23:00:00+00:00";"2008-08-19 22:00:00+00:00";"39";"14";"28";"2021";"NON";"NON";"200065589";"";"";"";"2021-10-06";"37701";""
"14762";"3499";"PLU";"CC";"2016-11-02 23:00:00+00:00";"2011-07-06 22:00:00+00:00";"39";"14";"28";"2021";"NON";"NON";"200068799";"";"";"";"2021-10-06";"93535";""
"14764";"3432";"PLU";"CC";"2016-09-19 22:00:00+00:00";"2009-06-03 22:00:00+00:00";"33";"14";"28";"2021";"NON";"NON";"241400514";"";"";"";"2021-10-06";"38646";""
"15002";"1432";"CC";"CC";"2012-07-11 22:00:00+00:00";"2010-12-09 23:00:00+00:00";"13";"15";"84";"2021";"NON";"NON";"200066660";"";"";"";"2021-10-06";"46041";""
"15004";"3432";"PLU";"CC";"2016-08-04 22:00:00+00:00";"2009-02-05 23:00:00+00:00";"33";"15";"84";"2021";"NON";"NON";"200066660";"";"";"";"2021-10-06";"37502";""
"15008";"3432";"PLU";"CC";"2004-09-21 22:00:00+00:00";"2001-10-16 22:00:00+00:00";"33";"15";"84";"2021";"NON";"NON";"15008";"";"";"";"2021-10-06";"4096";""
"15011";"3399";"PLUi/PLUiS";"CC";"2020-02-16 23:00:00+00:00";"2015-12-20 23:00:00+00:00";"39";"15";"84";"2021";"OUI";"NON";"200066678";"";"";"";"2021-10-06";"144767";""
"15012";"3299";"PLUi/PLUiS";"CA";"2019-12-16 23:00:00+00:00";"2015-12-13 23:00:00+00:00";"39";"15";"84";"2021";"NON";"OUI";"15012";"";"";"";"2021-10-06";"144754";""
"15014";"3299";"PLUi/PLUiS";"CA";"2019-12-16 23:00:00+00:00";"2015-12-13 23:00:00+00:00";"39";"15";"84";"2021";"NON";"OUI";"15014";"";"";"";"2021-10-06";"144754";""
"15016";"3299";"PLUi/PLUiS";"CA";"2019-12-16 23:00:00+00:00";"2015-12-13 23:00:00+00:00";"39";"15";"84";"2021";"NON";"OUI";"15016";"";"";"";"2021-10-06";"144754";""
"15017";"3299";"PLUi/PLUiS";"CC";"2020-02-24 23:00:00+00:00";"2015-12-16 23:00:00+00:00";"39";"15";"84";"2021";"NON";"OUI";"15017";"";"";"";"2021-10-06";"144764";""
"15021";"1433";"CC";"CC";"2013-11-22 23:00:00+00:00";"2009-02-14 23:00:00+00:00";"13";"15";"84";"2021";"NON";"NON";"200066678";"";"";"";"2021-10-06";"37510";""
"15025";"3132";"PLU";"COM";"2012-05-03 22:00:00+00:00";"2005-07-21 22:00:00+00:00";"33";"15";"84";"2021";"NON";"NON";"200066637";"";"";"";"2021-10-06";"4160";""
"15027";"3399";"PLUi/PLUiS";"CC";"2020-02-16 23:00:00+00:00";"2015-03-01 23:00:00+00:00";"39";"15";"84";"2021";"OUI";"NON";"200066678";"";"";"";"2021-10-06";"144756";""
"15028";"3299";"PLUi/PLUiS";"CA";"2019-12-16 23:00:00+00:00";"2015-12-13 23:00:00+00:00";"39";"15";"84";"2021";"NON";"OUI";"15028";"";"";"";"2021-10-06";"144754";""
"15029";"3399";"PLUi/PLUiS";"CC";"2020-02-16 23:00:00+00:00";"2015-03-01 23:00:00+00:00";"39";"15";"84";"2021";"OUI";"NON";"200066678";"";"";"";"2021-10-06";"144756";""
"15030";"1433";"CC";"CC";"2017-01-18 23:00:00+00:00";"2013-06-27 22:00:00+00:00";"13";"15";"84";"2021";"NON";"NON";"200066678";"";"";"";"2021-10-06";"123938";""
"15036";"3199";"PLU";"COM";"2006-06-16 22:00:00+00:00";"2001-12-07 23:00:00+00:00";"39";"15";"84";"2021";"NON";"NON";"15036";"";"";"";"2021-10-06";"17743";""
"15038";"3432";"PLU";"CC";"2008-09-04 22:00:00+00:00";"2004-04-29 22:00:00+00:00";"33";"15";"84";"2021";"NON";"NON";"15038";"";"";"";"2021-10-06";"23925";""
"15040";"1432";"CC";"CC";"2007-04-09 22:00:00+00:00";"2005-02-11 23:00:00+00:00";"13";"15";"84";"2021";"NON";"NON";"15040";"";"";"";"2021-10-06";"26790";""
"15041";"1132";"CC";"COM";"2007-12-26 23:00:00+00:00";"2003-07-08 22:00:00+00:00";"13";"15";"84";"2021";"NON";"NON";"200066637";"";"";"";"2021-10-06";"15034";""
"15045";"3432";"PLU";"CC";"2007-09-19 22:00:00+00:00";"2003-03-30 22:00:00+00:00";"33";"15";"84";"2021";"NON";"NON";"200066660";"";"";"";"2021-10-06";"4220";""
"15049";"1432";"CC";"CC";"2017-09-18 22:00:00+00:00";"2015-06-24 22:00:00+00:00";"13";"15";"84";"2021";"NON";"NON";"15049";"";"";"";"2021-10-06";"144043";""
"15050";"3432";"PLU";"CC";"2008-10-07 22:00:00+00:00";"2001-07-20 22:00:00+00:00";"33";"15";"84";"2021";"NON";"NON";"15050";"";"";"";"2021-10-06";"33843";""
"15051";"1432";"CC";"CC";"2007-03-18 23:00:00+00:00";"2002-09-05 22:00:00+00:00";"13";"15";"84";"2021";"NON";"NON";"200066660";"";"";"";"2021-10-06";"15039";""
"15053";"3432";"PLU";"CC";"2002-02-05 23:00:00+00:00";"2001-07-16 22:00:00+00:00";"33";"15";"84";"2021";"NON";"NON";"200066660";"";"";"";"2021-10-06";"4222";""
"15054";"3432";"PLU";"CC";"2008-09-15 22:00:00+00:00";"2003-05-29 22:00:00+00:00";"33";"15";"84";"2021";"NON";"NON";"241500255";"";"";"";"2021-10-06";"33846";""
"15055";"1432";"CC";"CC";"2012-12-20 23:00:00+00:00";"2010-04-08 22:00:00+00:00";"13";"15";"84";"2021";"NON";"NON";"200066660";"";"";"";"2021-10-06";"41619";""
"15056";"3299";"PLUi/PLUiS";"CA";"2019-12-16 23:00:00+00:00";"2015-12-13 23:00:00+00:00";"39";"15";"84";"2021";"NON";"OUI";"15056";"";"";"";"2021-10-06";"144754";""
"15057";"3399";"PLUi/PLUiS";"CC";"2020-02-16 23:00:00+00:00";"2015-12-20 23:00:00+00:00";"39";"15";"84";"2021";"OUI";"NON";"200066678";"";"";"";"2021-10-06";"144767";""
"15058";"3299";"PLUi/PLUiS";"CC";"2020-02-24 23:00:00+00:00";"2015-12-16 23:00:00+00:00";"39";"15";"84";"2021";"NON";"OUI";"15058";"";"";"";"2021-10-06";"144764";""
"15060";"1432";"CC";"CC";"2005-11-16 23:00:00+00:00";"2003-12-12 23:00:00+00:00";"13";"15";"84";"2021";"NON";"NON";"200066660";"";"";"";"2021-10-06";"10146";""
"15066";"1199";"CC";"COM";"2020-12-10 23:00:00+00:00";"2019-03-21 23:00:00+00:00";"19";"15";"84";"2021";"NON";"NON";"15066";"";"";"";"2021-10-06";"173726";""
"15070";"1199";"CC";"COM";"2006-08-01 22:00:00+00:00";"2004-03-11 23:00:00+00:00";"19";"15";"84";"2021";"NON";"NON";"15070";"";"";"";"2021-10-06";"15041";""
"15073";"1432";"CC";"CC";"2002-12-29 23:00:00+00:00";"2002-05-21 22:00:00+00:00";"13";"15";"84";"2021";"NON";"NON";"200066660";"";"";"";"2021-10-06";"4266";""
"15074";"3299";"PLUi/PLUiS";"CA";"2019-12-16 23:00:00+00:00";"2015-12-13 23:00:00+00:00";"39";"15";"84";"2021";"NON";"OUI";"15074";"";"";"";"2021-10-06";"144754";""
"15076";"3399";"PLUi/PLUiS";"CC";"2020-02-16 23:00:00+00:00";"2015-12-20 23:00:00+00:00";"39";"15";"84";"2021";"OUI";"NON";"200066678";"";"";"";"2021-10-06";"144767";""
"15079";"3199";"PLU";"COM";"2019-01-27 23:00:00+00:00";"2015-05-06 22:00:00+00:00";"39";"15";"84";"2021";"NON";"NON";"15079";"";"";"";"2021-10-06";"145935";""
"15081";"3299";"PLUi/PLUiS";"CC";"2020-02-24 23:00:00+00:00";"2015-12-16 23:00:00+00:00";"39";"15";"84";"2021";"NON";"OUI";"15081";"";"";"";"2021-10-06";"144764";""
"15082";"3399";"PLUi/PLUiS";"CC";"2020-02-16 23:00:00+00:00";"2015-03-01 23:00:00+00:00";"39";"15";"84";"2021";"OUI";"NON";"200066678";"";"";"";"2021-10-06";"144756";""
"15083";"3299";"PLUi/PLUiS";"CA";"2019-12-16 23:00:00+00:00";"2015-12-13 23:00:00+00:00";"39";"15";"84";"2021";"NON";"OUI";"15083";"";"";"";"2021-10-06";"144754";""
"15084";"3399";"PLUi/PLUiS";"CC";"2020-02-16 23:00:00+00:00";"2015-03-01 23:00:00+00:00";"39";"15";"84";"2021";"OUI";"NON";"200066678";"";"";"";"2021-10-06";"144756";""
"15085";"3299";"PLUi/PLUiS";"CA";"2019-12-16 23:00:00+00:00";"2015-12-13 23:00:00+00:00";"39";"15";"84";"2021";"NON";"OUI";"15085";"";"";"";"2021-10-06";"144754";""
"15087";"3399";"PLUi/PLUiS";"CC";"2020-02-16 23:00:00+00:00";"2015-03-01 23:00:00+00:00";"39";"15";"84";"2021";"OUI";"NON";"200066678";"";"";"";"2021-10-06";"144756";""
"15088";"3299";"PLUi/PLUiS";"CA";"2019-12-16 23:00:00+00:00";"2015-12-13 23:00:00+00:00";"39";"15";"84";"2021";"NON";"OUI";"15088";"";"";"";"2021-10-06";"144754";""
"15089";"3399";"PLUi/PLUiS";"CC";"2020-02-16 23:00:00+00:00";"2015-03-01 23:00:00+00:00";"39";"15";"84";"2021";"OUI";"NON";"200066678";"";"";"";"2021-10-06";"144756";""
"15090";"3399";"PLUi/PLUiS";"CC";"2020-02-16 23:00:00+00:00";"2015-03-01 23:00:00+00:00";"39";"15";"84";"2021";"OUI";"NON";"200066678";"";"";"";"2021-10-06";"144756";""
"15093";"3399";"PLUi/PLUiS";"CC";"2020-02-16 23:00:00+00:00";"2015-03-01 23:00:00+00:00";"39";"15";"84";"2021";"OUI";"NON";"200066678";"";"";"";"2021-10-06";"144756";""
"15094";"3399";"PLUi/PLUiS";"CC";"2020-02-16 23:00:00+00:00";"2015-12-20 23:00:00+00:00";"39";"15";"84";"2021";"OUI";"NON";"200066678";"";"";"";"2021-10-06";"144767";""
"15095";"3299";"PLUi/PLUiS";"CA";"2019-12-16 23:00:00+00:00";"2015-12-13 23:00:00+00:00";"39";"15";"84";"2021";"NON";"OUI";"15095";"";"";"";"2021-10-06";"144754";""
"15096";"3299";"PLUi/PLUiS";"CA";"2019-12-16 23:00:00+00:00";"2015-12-13 23:00:00+00:00";"39";"15";"84";"2021";"NON";"OUI";"15096";"";"";"";"2021-10-06";"144754";""
"15100";"1132";"CC";"COM";"2007-03-06 23:00:00+00:00";"2005-06-16 22:00:00+00:00";"13";"15";"84";"2021";"NON";"NON";"200066637";"";"";"";"2021-10-06";"23926";""
"15101";"3132";"PLU";"COM";"2012-04-12 22:00:00+00:00";"2005-09-08 22:00:00+00:00";"33";"15";"84";"2021";"NON";"NON";"200066637";"";"";"";"2021-10-06";"34245";""
"15102";"3132";"PLU";"COM";"2012-06-01 22:00:00+00:00";"2000-03-27 22:00:00+00:00";"33";"15";"84";"2021";"NON";"NON";"200066637";"";"";"";"2021-10-06";"34240";""
"15103";"3399";"PLUi/PLUiS";"CC";"2020-02-16 23:00:00+00:00";"2015-03-01 23:00:00+00:00";"39";"15";"84";"2021";"OUI";"NON";"200066678";"";"";"";"2021-10-06";"144756";""
"15106";"1432";"CC";"CC";"2011-10-26 22:00:00+00:00";"2005-02-06 23:00:00+00:00";"13";"15";"84";"2021";"NON";"NON";"200066660";"";"";"";"2021-10-06";"34263";""
"15108";"3432";"PLU";"CC";"2011-11-28 23:00:00+00:00";"2002-07-03 22:00:00+00:00";"33";"15";"84";"2021";"NON";"NON";"200066660";"";"";"";"2021-10-06";"4296";""
"15113";"3299";"PLUi/PLUiS";"CA";"2019-12-16 23:00:00+00:00";"2015-12-13 23:00:00+00:00";"39";"15";"84";"2021";"NON";"OUI";"15113";"";"";"";"2021-10-06";"144754";""
"15118";"3299";"PLUi/PLUiS";"CA";"2019-12-16 23:00:00+00:00";"2015-12-13 23:00:00+00:00";"39";"15";"84";"2021";"NON";"OUI";"15118";"";"";"";"2021-10-06";"144754";""
"15119";"3132";"PLU";"COM";"2015-04-08 22:00:00+00:00";"2006-03-29 22:00:00+00:00";"33";"15";"84";"2021";"NON";"NON";"200066637";"";"";"";"2021-10-06";"61453";""
"15120";"3199";"PLU";"COM";"2009-11-29 23:00:00+00:00";"1997-09-26 22:00:00+00:00";"39";"15";"84";"2021";"NON";"NON";"15120";"";"";"";"2021-10-06";"4307";""
"15122";"3433";"PLU";"CC";"2012-12-20 23:00:00+00:00";"2008-08-24 22:00:00+00:00";"33";"15";"84";"2021";"NON";"NON";"200066678";"";"";"";"2021-10-06";"36294";""
"15124";"3432";"PLU";"CC";"2011-09-09 22:00:00+00:00";"2004-05-15 22:00:00+00:00";"33";"15";"84";"2021";"NON";"NON";"15124";"";"";"";"2021-10-06";"4345";""
"15130";"1432";"CC";"CC";"2013-11-18 23:00:00+00:00";"2010-05-13 22:00:00+00:00";"13";"15";"84";"2021";"NON";"NON";"200066660";"";"";"";"2021-10-06";"42000";""
"15134";"3399";"PLUi/PLUiS";"CC";"2020-02-16 23:00:00+00:00";"2015-03-01 23:00:00+00:00";"39";"15";"84";"2021";"OUI";"NON";"200066678";"";"";"";"2021-10-06";"144756";""
"15135";"3399";"PLUi/PLUiS";"CC";"2020-02-16 23:00:00+00:00";"2015-12-20 23:00:00+00:00";"39";"15";"84";"2021";"OUI";"NON";"200066678";"";"";"";"2021-10-06";"144767";""
"15138";"3432";"PLU";"CC";"2020-02-24 23:00:00+00:00";"2017-02-21 23:00:00+00:00";"33";"15";"84";"2021";"NON";"NON";"200066637";"";"";"";"2021-10-06";"37953";""
"15140";"3299";"PLUi/PLUiS";"CA";"2019-12-16 23:00:00+00:00";"2015-12-13 23:00:00+00:00";"39";"15";"84";"2021";"NON";"OUI";"15140";"";"";"";"2021-10-06";"144754";""
"15141";"3132";"PLU";"COM";"2017-01-12 23:00:00+00:00";"2010-01-21 23:00:00+00:00";"33";"15";"84";"2021";"NON";"NON";"200066637";"";"";"";"2021-10-06";"41263";""
"15142";"1432";"CC";"CC";"2017-11-13 23:00:00+00:00";"2014-09-30 22:00:00+00:00";"13";"15";"84";"2021";"NON";"NON";"200066660";"";"";"";"2021-10-06";"123937";""
"15143";"3399";"PLUi/PLUiS";"CC";"2020-02-16 23:00:00+00:00";"2015-12-20 23:00:00+00:00";"39";"15";"84";"2021";"OUI";"NON";"200066678";"";"";"";"2021-10-06";"144767";""
"15146";"3299";"PLUi/PLUiS";"CC";"2020-02-24 23:00:00+00:00";"2015-12-16 23:00:00+00:00";"39";"15";"84";"2021";"NON";"OUI";"15146";"";"";"";"2021-10-06";"144764";""
"15147";"1433";"CC";"CC";"2014-12-03 23:00:00+00:00";"2014-06-19 22:00:00+00:00";"13";"15";"84";"2021";"NON";"NON";"200066678";"";"";"";"2021-10-06";"135723";""
"15148";"3432";"PLU";"CC";"2012-02-02 23:00:00+00:00";"2004-03-21 23:00:00+00:00";"33";"15";"84";"2021";"NON";"NON";"200066660";"";"";"";"2021-10-06";"4364";""
"15152";"3432";"PLU";"CC";"2012-05-14 22:00:00+00:00";"2003-04-22 22:00:00+00:00";"33";"15";"84";"2021";"NON";"NON";"200066660";"";"";"";"2021-10-06";"33854";""
"15153";"1199";"CC";"COM";"2009-08-26 22:00:00+00:00";"2008-12-11 23:00:00+00:00";"19";"15";"84";"2021";"NON";"NON";"15153";"";"";"";"2021-10-06";"39337";""
"15154";"3299";"PLUi/PLUiS";"CC";"2020-02-24 23:00:00+00:00";"2015-12-16 23:00:00+00:00";"39";"15";"84";"2021";"NON";"OUI";"15154";"";"";"";"2021-10-06";"144764";""
"15156";"3399";"PLUi/PLUiS";"CC";"2020-02-16 23:00:00+00:00";"2015-03-01 23:00:00+00:00";"39";"15";"84";"2021";"OUI";"NON";"200066678";"";"";"";"2021-10-06";"144756";""
"15159";"3299";"PLUi/PLUiS";"CC";"2020-02-24 23:00:00+00:00";"2015-12-16 23:00:00+00:00";"39";"15";"84";"2021";"NON";"OUI";"15159";"";"";"";"2021-10-06";"144764";""
"15160";"3299";"PLUi/PLUiS";"CA";"2019-12-16 23:00:00+00:00";"2015-12-13 23:00:00+00:00";"39";"15";"84";"2021";"NON";"OUI";"15160";"";"";"";"2021-10-06";"144754";""
"15162";"3432";"PLU";"CC";"2006-04-12 22:00:00+00:00";"2003-07-30 22:00:00+00:00";"33";"15";"84";"2021";"NON";"NON";"15162";"";"";"";"2021-10-06";"4491";""
"15163";"3433";"PLU";"CC";"2004-09-12 22:00:00+00:00";"2001-10-18 22:00:00+00:00";"33";"15";"84";"2021";"NON";"NON";"200066678";"";"";"";"2021-10-06";"4493";""
"15165";"3399";"PLUi/PLUiS";"CC";"2020-02-16 23:00:00+00:00";"2015-12-20 23:00:00+00:00";"39";"15";"84";"2021";"OUI";"NON";"200066678";"";"";"";"2021-10-06";"144767";""
"15166";"1433";"CC";"CC";"2010-12-06 23:00:00+00:00";"2009-04-28 22:00:00+00:00";"13";"15";"84";"2021";"NON";"NON";"200066678";"";"";"";"2021-10-06";"38612";""
"15167";"1433";"CC";"CC";"2012-11-05 23:00:00+00:00";"2009-04-16 22:00:00+00:00";"13";"15";"84";"2021";"NON";"NON";"200066678";"";"";"";"2021-10-06";"37511";""
"15168";"1432";"CC";"CC";"2011-11-22 23:00:00+00:00";"2009-07-07 22:00:00+00:00";"13";"15";"84";"2021";"NON";"NON";"200066660";"";"";"";"2021-10-06";"38803";""
"15178";"3299";"PLUi/PLUiS";"CA";"2019-12-16 23:00:00+00:00";"2015-12-13 23:00:00+00:00";"39";"15";"84";"2021";"NON";"OUI";"15178";"";"";"";"2021-10-06";"144754";""
"15180";"3299";"PLUi/PLUiS";"CC";"2020-02-24 23:00:00+00:00";"2015-12-16 23:00:00+00:00";"39";"15";"84";"2021";"NON";"OUI";"15180";"";"";"";"2021-10-06";"144764";""
"15182";"3399";"PLUi/PLUiS";"CC";"2020-02-16 23:00:00+00:00";"2015-12-20 23:00:00+00:00";"39";"15";"84";"2021";"OUI";"NON";"200066678";"";"";"";"2021-10-06";"144767";""
"15183";"3299";"PLUi/PLUiS";"CC";"2020-02-24 23:00:00+00:00";"2015-12-16 23:00:00+00:00";"39";"15";"84";"2021";"NON";"OUI";"15183";"";"";"";"2021-10-06";"144764";""
"15184";"3433";"PLU";"CC";"2019-06-23 22:00:00+00:00";"2015-02-18 23:00:00+00:00";"33";"15";"84";"2021";"NON";"NON";"200066678";"";"";"";"2021-10-06";"145903";""
"15186";"3199";"PLU";"COM";"2010-03-31 22:00:00+00:00";"2005-06-29 22:00:00+00:00";"39";"15";"84";"2021";"NON";"NON";"15186";"";"";"";"2021-10-06";"34243";""
"15187";"3432";"PLU";"CC";"2013-07-10 22:00:00+00:00";"2008-06-25 22:00:00+00:00";"33";"15";"84";"2021";"NON";"NON";"200066660";"";"";"";"2021-10-06";"35545";""
"15188";"3432";"PLU";"CC";"2015-06-18 22:00:00+00:00";"2008-04-10 22:00:00+00:00";"33";"15";"84";"2021";"NON";"NON";"200066660";"";"";"";"2021-10-06";"34727";""
"15189";"3399";"PLUi/PLUiS";"CC";"2020-02-16 23:00:00+00:00";"2015-12-20 23:00:00+00:00";"39";"15";"84";"2021";"OUI";"NON";"200066678";"";"";"";"2021-10-06";"144767";""
"15191";"1199";"CC";"COM";"2011-12-27 23:00:00+00:00";"2005-03-28 22:00:00+00:00";"19";"15";"84";"2021";"NON";"NON";"15191";"";"";"";"2021-10-06";"34265";""
"15192";"3299";"PLUi/PLUiS";"CC";"2020-02-24 23:00:00+00:00";"2015-12-16 23:00:00+00:00";"39";"15";"84";"2021";"NON";"OUI";"15192";"";"";"";"2021-10-06";"144764";""
"15196";"3433";"PLU";"CC";"2003-05-15 22:00:00+00:00";"2001-08-05 22:00:00+00:00";"33";"15";"84";"2021";"NON";"NON";"200066678";"";"";"";"2021-10-06";"4530";""
"15199";"1432";"CC";"CC";"2007-12-02 23:00:00+00:00";"2004-07-11 22:00:00+00:00";"13";"15";"84";"2021";"NON";"NON";"200066660";"";"";"";"2021-10-06";"15051";""
"15202";"3199";"PLU";"COM";"2012-04-11 22:00:00+00:00";"2004-03-29 22:00:00+00:00";"39";"15";"84";"2021";"NON";"NON";"15202";"";"";"";"2021-10-06";"30509";""
"15203";"1132";"CC";"COM";"2006-09-25 22:00:00+00:00";"2006-02-19 23:00:00+00:00";"13";"15";"84";"2021";"NON";"NON";"200066637";"";"";"";"2021-10-06";"21584";""
"15204";"3299";"PLUi/PLUiS";"CA";"2019-12-16 23:00:00+00:00";"2015-12-13 23:00:00+00:00";"39";"15";"84";"2021";"NON";"OUI";"15204";"";"";"";"2021-10-06";"144754";""
"15206";"3432";"PLU";"CC";"2006-08-12 22:00:00+00:00";"1995-07-22 22:00:00+00:00";"33";"15";"84";"2021";"NON";"NON";"15206";"";"";"";"2021-10-06";"4540";""
"15209";"1432";"CC";"CC";"2011-11-02 23:00:00+00:00";"2009-03-20 23:00:00+00:00";"13";"15";"84";"2021";"NON";"NON";"200066660";"";"";"";"2021-10-06";"37583";""
"15211";"3399";"PLUi/PLUiS";"CC";"2020-02-16 23:00:00+00:00";"2015-12-20 23:00:00+00:00";"39";"15";"84";"2021";"OUI";"NON";"200066678";"";"";"";"2021-10-06";"144767";""
"15215";"3299";"PLUi/PLUiS";"CA";"2019-12-16 23:00:00+00:00";"2015-12-13 23:00:00+00:00";"39";"15";"84";"2021";"NON";"OUI";"15215";"";"";"";"2021-10-06";"144754";""
"15216";"3432";"PLU";"CC";"2005-01-27 23:00:00+00:00";"2000-06-11 22:00:00+00:00";"33";"15";"84";"2021";"NON";"NON";"200066660";"";"";"";"2021-10-06";"4546";""
"15217";"3399";"PLUi/PLUiS";"CC";"2020-02-16 23:00:00+00:00";"2015-12-20 23:00:00+00:00";"39";"15";"84";"2021";"OUI";"NON";"200066678";"";"";"";"2021-10-06";"144767";""
"15219";"3199";"PLU";"COM";"2011-11-27 23:00:00+00:00";"2006-01-31 23:00:00+00:00";"39";"15";"84";"2021";"NON";"NON";"15219";"";"";"";"2021-10-06";"30510";""
"15221";"3299";"PLUi/PLUiS";"CA";"2019-12-16 23:00:00+00:00";"2015-12-13 23:00:00+00:00";"39";"15";"84";"2021";"NON";"OUI";"15221";"";"";"";"2021-10-06";"144754";""
"15222";"3399";"PLUi/PLUiS";"CC";"2020-02-16 23:00:00+00:00";"2015-03-01 23:00:00+00:00";"39";"15";"84";"2021";"OUI";"NON";"200066678";"";"";"";"2021-10-06";"144756";""
"15226";"3399";"PLUi/PLUiS";"CC";"2020-02-16 23:00:00+00:00";"2015-03-01 23:00:00+00:00";"39";"15";"84";"2021";"OUI";"NON";"200066678";"";"";"";"2021-10-06";"144756";""
"15228";"3399";"PLUi/PLUiS";"CC";"2020-02-16 23:00:00+00:00";"2015-12-20 23:00:00+00:00";"39";"15";"84";"2021";"OUI";"NON";"200066678";"";"";"";"2021-10-06";"144767";""
"15231";"3432";"PLU";"CC";"2018-06-03 22:00:00+00:00";"2013-05-23 22:00:00+00:00";"33";"15";"84";"2021";"NON";"NON";"200066660";"";"";"";"2021-10-06";"123949";""
"15232";"1432";"CC";"CC";"2006-04-23 22:00:00+00:00";"2001-06-14 22:00:00+00:00";"13";"15";"84";"2021";"NON";"NON";"200066660";"";"";"";"2021-10-06";"15054";""
"15233";"3299";"PLUi/PLUiS";"CA";"2019-12-16 23:00:00+00:00";"2015-12-13 23:00:00+00:00";"39";"15";"84";"2021";"NON";"OUI";"15233";"";"";"";"2021-10-06";"144754";""
"15234";"3399";"PLUi/PLUiS";"CC";"2020-02-16 23:00:00+00:00";"2015-03-01 23:00:00+00:00";"39";"15";"84";"2021";"OUI";"NON";"200066678";"";"";"";"2021-10-06";"144756";""
"15235";"3432";"PLU";"CC";"2005-12-09 23:00:00+00:00";"2002-06-11 22:00:00+00:00";"33";"15";"84";"2021";"NON";"NON";"200066660";"";"";"";"2021-10-06";"10160";""
"15236";"3299";"PLUi/PLUiS";"CC";"2020-02-24 23:00:00+00:00";"2015-12-16 23:00:00+00:00";"39";"15";"84";"2021";"NON";"OUI";"15236";"";"";"";"2021-10-06";"144764";""
"15237";"1432";"CC";"CC";"2013-10-08 22:00:00+00:00";"2010-02-25 23:00:00+00:00";"13";"15";"84";"2021";"NON";"NON";"200066660";"";"";"";"2021-10-06";"39786";""
"15240";"3432";"PLU";"CC";"2009-10-15 22:00:00+00:00";"2003-12-11 23:00:00+00:00";"33";"15";"84";"2021";"NON";"NON";"15240";"";"";"";"2021-10-06";"33004";""
"15241";"1432";"CC";"CC";"2007-12-02 23:00:00+00:00";"2004-02-09 23:00:00+00:00";"13";"15";"84";"2021";"NON";"NON";"200066660";"";"";"";"2021-10-06";"15056";""
"15244";"3432";"PLU";"CC";"2006-04-20 22:00:00+00:00";"2001-09-06 22:00:00+00:00";"33";"15";"84";"2021";"NON";"NON";"200066660";"";"";"";"2021-10-06";"17216";""
"15245";"1432";"CC";"CC";"2012-12-06 23:00:00+00:00";"2011-04-22 22:00:00+00:00";"13";"15";"84";"2021";"NON";"NON";"200066660";"";"";"";"2021-10-06";"92208";""
"15246";"3432";"PLU";"CC";"2003-01-25 23:00:00+00:00";"2001-10-20 22:00:00+00:00";"33";"15";"84";"2021";"NON";"NON";"15246";"";"";"";"2021-10-06";"4559";""
"15248";"1432";"CC";"CC";"2012-12-27 23:00:00+00:00";"2010-01-17 23:00:00+00:00";"13";"15";"84";"2021";"NON";"NON";"200066660";"";"";"";"2021-10-06";"46431";""
"15252";"3299";"PLUi/PLUiS";"CA";"2019-12-16 23:00:00+00:00";"2015-12-13 23:00:00+00:00";"39";"15";"84";"2021";"NON";"OUI";"15252";"";"";"";"2021-10-06";"144754";""
"15255";"3299";"PLUi/PLUiS";"CA";"2019-12-16 23:00:00+00:00";"2015-12-13 23:00:00+00:00";"39";"15";"84";"2021";"NON";"OUI";"15255";"";"";"";"2021-10-06";"144754";""
"15257";"3299";"PLUi/PLUiS";"CA";"2019-12-16 23:00:00+00:00";"2015-12-13 23:00:00+00:00";"39";"15";"84";"2021";"NON";"OUI";"15257";"";"";"";"2021-10-06";"144754";""
"15258";"3299";"PLUi/PLUiS";"CC";"2020-02-24 23:00:00+00:00";"2015-12-16 23:00:00+00:00";"39";"15";"84";"2021";"NON";"OUI";"15258";"";"";"";"2021-10-06";"144764";""
"15259";"1432";"CC";"CC";"2015-12-27 23:00:00+00:00";"2011-09-08 22:00:00+00:00";"13";"15";"84";"2021";"NON";"NON";"200066660";"";"";"";"2021-10-06";"92379";""
"15260";"3399";"PLUi/PLUiS";"CC";"2020-02-16 23:00:00+00:00";"2015-03-01 23:00:00+00:00";"39";"15";"84";"2021";"OUI";"NON";"200066678";"";"";"";"2021-10-06";"144756";""
"15261";"3199";"PLU";"COM";"2019-01-31 23:00:00+00:00";"2008-11-19 23:00:00+00:00";"39";"15";"84";"2021";"NON";"NON";"15261";"";"";"";"2021-10-06";"36670";""
"15265";"3432";"PLU";"CC";"2014-02-06 23:00:00+00:00";"2007-03-22 23:00:00+00:00";"33";"15";"84";"2021";"NON";"NON";"15265";"";"";"";"2021-10-06";"33857";""
"15266";"3299";"PLUi/PLUiS";"CA";"2019-12-16 23:00:00+00:00";"2015-12-13 23:00:00+00:00";"39";"15";"84";"2021";"NON";"OUI";"15266";"";"";"";"2021-10-06";"144754";""
"15267";"3299";"PLUi/PLUiS";"CA";"2019-12-16 23:00:00+00:00";"2015-12-13 23:00:00+00:00";"39";"15";"84";"2021";"NON";"OUI";"15267";"";"";"";"2021-10-06";"144754";""
"15268";"3433";"PLU";"CC";"2011-11-03 23:00:00+00:00";"2008-09-04 22:00:00+00:00";"33";"15";"84";"2021";"NON";"NON";"200066678";"";"";"";"2021-10-06";"36046";""
"16001";"3399";"PLUi/PLUiS";"CC";"2020-03-08 23:00:00+00:00";"2015-09-28 22:00:00+00:00";"39";"16";"75";"2021";"OUI";"NON";"200072049";"";"";"";"2021-10-06";"143008";""
"16003";"3433";"PLU";"CC";"2019-02-10 23:00:00+00:00";"2008-05-21 22:00:00+00:00";"33";"16";"75";"2021";"NON";"NON";"200068914";"";"";"";"2021-10-06";"61456";""
"16005";"3432";"PLU";"CC";"2010-11-08 23:00:00+00:00";"2003-05-19 22:00:00+00:00";"33";"16";"75";"2021";"NON";"NON";"200072023";"";"";"";"2021-10-06";"35111";""
"16007";"3399";"PLUi/PLUiS";"CC";"2020-03-08 23:00:00+00:00";"2015-09-28 22:00:00+00:00";"39";"16";"75";"2021";"OUI";"NON";"16007";"";"";"";"2021-10-06";"143008";""
"16009";"3399";"PLUi/PLUiS";"CC";"2020-03-08 23:00:00+00:00";"2015-09-28 22:00:00+00:00";"39";"16";"75";"2021";"OUI";"NON";"200072049";"";"";"";"2021-10-06";"143008";""
"16010";"1432";"CC";"CA";"2012-11-04 23:00:00+00:00";"2008-11-02 23:00:00+00:00";"13";"16";"75";"2021";"NON";"NON";"200070514";"";"";"";"2021-10-06";"67311";""
"16011";"3432";"PLU";"CC";"2005-10-26 22:00:00+00:00";"2000-04-25 22:00:00+00:00";"33";"16";"75";"2021";"NON";"NON";"200072023";"";"";"";"2021-10-06";"24299";""
"16012";"1432";"CC";"CA";"2012-05-24 22:00:00+00:00";"2008-10-26 23:00:00+00:00";"13";"16";"75";"2021";"NON";"NON";"200070514";"";"";"";"2021-10-06";"90219";""
"16013";"3432";"PLU";"CA";"2013-06-16 22:00:00+00:00";"2008-07-06 22:00:00+00:00";"33";"16";"75";"2021";"NON";"NON";"200070514";"";"";"";"2021-10-06";"49246";""
"16015";"3399";"PLUi/PLUiS";"CA";"2019-12-04 23:00:00+00:00";"2015-03-25 23:00:00+00:00";"39";"16";"75";"2021";"OUI";"NON";"200071827";"";"";"";"2021-10-06";"143009";""
"16016";"3399";"PLUi/PLUiS";"CC";"2020-03-08 23:00:00+00:00";"2015-09-28 22:00:00+00:00";"39";"16";"75";"2021";"OUI";"NON";"16016";"";"";"";"2021-10-06";"143008";""
"16018";"3432";"PLU";"CA";"2014-02-10 23:00:00+00:00";"2011-08-16 22:00:00+00:00";"33";"16";"75";"2021";"NON";"NON";"200070514";"";"";"";"2021-10-06";"90212";""
"16019";"3499";"PLU";"CA";"2018-03-14 23:00:00+00:00";"2014-10-05 22:00:00+00:00";"39";"16";"75";"2021";"NON";"NON";"200071827";"";"";"";"2021-10-06";"134535";""
"16024";"1432";"CC";"CC";"2012-01-02 23:00:00+00:00";"2010-10-13 22:00:00+00:00";"13";"16";"75";"2021";"NON";"NON";"200072023";"";"";"";"2021-10-06";"65616";""
"16025";"3432";"PLU";"CC";"2020-01-30 23:00:00+00:00";"2012-03-15 23:00:00+00:00";"33";"16";"75";"2021";"NON";"NON";"200029734";"";"";"";"2021-10-06";"126131";""
"16026";"3499";"PLU";"CA";"2017-03-29 22:00:00+00:00";"2004-12-09 23:00:00+00:00";"39";"16";"75";"2021";"NON";"NON";"200071827";"";"";"";"2021-10-06";"61458";""
"16028";"3432";"PLU";"CC";"2014-12-02 23:00:00+00:00";"2003-12-16 23:00:00+00:00";"33";"16";"75";"2021";"NON";"NON";"200029734";"";"";"";"2021-10-06";"61459";""
"16032";"1432";"CC";"CA";"2020-10-26 23:00:00+00:00";"2017-04-26 22:00:00+00:00";"13";"16";"75";"2021";"NON";"NON";"200070514";"";"";"";"2021-10-06";"166182";""
"16036";"1432";"CC";"CC";"2008-02-19 23:00:00+00:00";"2006-03-22 23:00:00+00:00";"13";"16";"75";"2021";"NON";"NON";"200029734";"";"";"";"2021-10-06";"68919";""
"16038";"3399";"PLUi/PLUiS";"CC";"2020-03-08 23:00:00+00:00";"2015-09-28 22:00:00+00:00";"39";"16";"75";"2021";"OUI";"NON";"200072049";"";"";"";"2021-10-06";"143008";""
"16045";"1432";"CC";"CA";"2010-10-06 22:00:00+00:00";"2005-02-02 23:00:00+00:00";"13";"16";"75";"2021";"NON";"NON";"200070514";"";"";"";"2021-10-06";"68920";""
"16046";"3432";"PLU";"CC";"2015-04-14 22:00:00+00:00";"2009-03-23 23:00:00+00:00";"33";"16";"75";"2021";"NON";"NON";"200029734";"";"";"";"2021-10-06";"49247";""
"16047";"3399";"PLUi/PLUiS";"CC";"2020-03-04 23:00:00+00:00";"2013-12-15 23:00:00+00:00";"39";"16";"75";"2021";"OUI";"NON";"200070282";"";"";"";"2021-10-06";"136770";""
"16049";"1499";"CC";"CC";"2005-09-13 22:00:00+00:00";"2000-11-16 23:00:00+00:00";"19";"16";"75";"2021";"NON";"NON";"200070282";"";"";"";"2021-10-06";"23300";""
"16053";"3432";"PLU";"CC";"2005-02-19 23:00:00+00:00";"2003-05-29 22:00:00+00:00";"33";"16";"75";"2021";"NON";"NON";"200029734";"";"";"";"2021-10-06";"51203";""
"16054";"3399";"PLUi/PLUiS";"CC";"2020-03-08 23:00:00+00:00";"2015-09-28 22:00:00+00:00";"39";"16";"75";"2021";"OUI";"NON";"200072049";"";"";"";"2021-10-06";"143008";""
"16055";"3499";"PLU";"CA";"2018-02-07 23:00:00+00:00";"2014-11-23 23:00:00+00:00";"39";"16";"75";"2021";"NON";"NON";"200071827";"";"";"";"2021-10-06";"134536";""
"16056";"3432";"PLU";"CA";"2013-05-21 22:00:00+00:00";"2006-03-26 22:00:00+00:00";"33";"16";"75";"2021";"NON";"NON";"200070514";"";"";"";"2021-10-06";"49249";""
"16059";"1199";"CC";"COM";"2011-09-26 22:00:00+00:00";"2008-12-14 23:00:00+00:00";"19";"16";"75";"2021";"NON";"NON";"16059";"";"";"";"2021-10-06";"66707";""
"16060";"1432";"CC";"CA";"2009-05-26 22:00:00+00:00";"2006-06-08 22:00:00+00:00";"13";"16";"75";"2021";"NON";"NON";"200070514";"";"";"";"2021-10-06";"68921";""
"16061";"3499";"PLU";"CA";"2019-04-09 22:00:00+00:00";"2012-12-09 23:00:00+00:00";"39";"16";"75";"2021";"NON";"NON";"200071827";"";"";"";"2021-10-06";"134538";""
"16065";"3399";"PLUi/PLUiS";"CC";"2020-03-08 23:00:00+00:00";"2015-09-28 22:00:00+00:00";"39";"16";"75";"2021";"OUI";"NON";"200072049";"";"";"";"2021-10-06";"143008";""
"16066";"3432";"PLU";"CC";"2008-02-07 23:00:00+00:00";"2000-11-30 23:00:00+00:00";"33";"16";"75";"2021";"NON";"NON";"200029734";"";"";"";"2021-10-06";"51202";""
"16072";"3399";"PLUi/PLUiS";"CC";"2020-03-04 23:00:00+00:00";"2013-12-15 23:00:00+00:00";"39";"16";"75";"2021";"OUI";"NON";"200070282";"";"";"";"2021-10-06";"136770";""
"16073";"3499";"PLU";"CC";"2020-03-04 23:00:00+00:00";"2015-03-26 23:00:00+00:00";"39";"16";"75";"2021";"NON";"NON";"200070282";"";"";"";"2021-10-06";"142975";""
"16075";"1432";"CC";"CC";"2008-06-15 22:00:00+00:00";"2005-11-28 23:00:00+00:00";"13";"16";"75";"2021";"NON";"NON";"200029734";"";"";"";"2021-10-06";"16563";""
"16076";"3399";"PLUi/PLUiS";"CC";"2020-03-08 23:00:00+00:00";"2015-09-28 22:00:00+00:00";"39";"16";"75";"2021";"OUI";"NON";"200072049";"";"";"";"2021-10-06";"143008";""
"16077";"1432";"CC";"CA";"2013-11-26 23:00:00+00:00";"2009-03-05 23:00:00+00:00";"13";"16";"75";"2021";"NON";"NON";"200070514";"";"";"";"2021-10-06";"66709";""
"16078";"3499";"PLU";"CA";"2016-07-04 22:00:00+00:00";"2012-11-06 23:00:00+00:00";"39";"16";"75";"2021";"NON";"NON";"200071827";"";"";"";"2021-10-06";"126133";""
"16079";"1432";"CC";"CC";"2011-06-09 22:00:00+00:00";"2009-06-28 22:00:00+00:00";"13";"16";"75";"2021";"NON";"NON";"200029734";"";"";"";"2021-10-06";"66710";""
"16082";"3399";"PLUi/PLUiS";"CC";"2020-03-04 23:00:00+00:00";"2013-12-15 23:00:00+00:00";"39";"16";"75";"2021";"OUI";"NON";"200070282";"";"";"";"2021-10-06";"136770";""
"16084";"1433";"CC";"CC";"2009-09-28 22:00:00+00:00";"2007-02-22 23:00:00+00:00";"13";"16";"75";"2021";"NON";"NON";"200068914";"";"";"";"2021-10-06";"68923";""
"16086";"3433";"PLU";"CC";"2006-09-28 22:00:00+00:00";"2001-11-22 23:00:00+00:00";"33";"16";"75";"2021";"NON";"NON";"16086";"";"";"";"2021-10-06";"23730";""
"16087";"3399";"PLUi/PLUiS";"CC";"2020-03-08 23:00:00+00:00";"2015-09-28 22:00:00+00:00";"39";"16";"75";"2021";"OUI";"NON";"200072049";"";"";"";"2021-10-06";"143008";""
"16088";"3432";"PLU";"CA";"2019-06-25 22:00:00+00:00";"2010-06-17 22:00:00+00:00";"33";"16";"75";"2021";"NON";"NON";"200070514";"";"";"";"2021-10-06";"115651";""
"16089";"3432";"PLU";"CA";"2008-02-03 23:00:00+00:00";"2002-04-29 22:00:00+00:00";"33";"16";"75";"2021";"NON";"NON";"200070514";"";"";"";"2021-10-06";"51205";""
"16090";"3432";"PLU";"CA";"2012-10-02 22:00:00+00:00";"2006-12-17 23:00:00+00:00";"33";"16";"75";"2021";"NON";"NON";"200070514";"";"";"";"2021-10-06";"61461";""
"16093";"3433";"PLU";"CC";"2011-12-14 23:00:00+00:00";"2003-09-11 22:00:00+00:00";"33";"16";"75";"2021";"NON";"NON";"200068914";"";"";"";"2021-10-06";"61462";""
"16095";"1432";"CC";"CC";"2008-09-28 22:00:00+00:00";"2003-11-02 23:00:00+00:00";"13";"16";"75";"2021";"NON";"NON";"200072023";"";"";"";"2021-10-06";"16560";""
"16097";"3432";"PLU";"CA";"2013-01-14 23:00:00+00:00";"2007-09-17 22:00:00+00:00";"33";"16";"75";"2021";"NON";"NON";"200070514";"";"";"";"2021-10-06";"61463";""
"16099";"1432";"CC";"CC";"2019-09-04 22:00:00+00:00";"2016-01-28 23:00:00+00:00";"13";"16";"75";"2021";"NON";"NON";"200029734";"";"";"";"2021-10-06";"152976";""
"16100";"1433";"CC";"CC";"2013-06-18 22:00:00+00:00";"2009-06-25 22:00:00+00:00";"13";"16";"75";"2021";"NON";"NON";"16100";"";"";"";"2021-10-06";"66711";""
"16101";"3499";"PLU";"CA";"2013-01-15 23:00:00+00:00";"2004-01-12 23:00:00+00:00";"39";"16";"75";"2021";"NON";"NON";"200071827";"";"";"";"2021-10-06";"61464";""
"16102";"3432";"PLU";"CA";"2017-07-11 22:00:00+00:00";"2006-03-19 23:00:00+00:00";"33";"16";"75";"2021";"NON";"NON";"200070514";"";"";"";"2021-10-06";"61465";""
"16103";"3399";"PLUi/PLUiS";"CC";"2020-03-04 23:00:00+00:00";"2013-12-15 23:00:00+00:00";"39";"16";"75";"2021";"OUI";"NON";"200070282";"";"";"";"2021-10-06";"136770";""
"16106";"3399";"PLUi/PLUiS";"CC";"2020-03-08 23:00:00+00:00";"2015-09-28 22:00:00+00:00";"39";"16";"75";"2021";"OUI";"NON";"200072049";"";"";"";"2021-10-06";"143008";""
"16110";"1199";"CC";"COM";"2019-01-18 23:00:00+00:00";"2014-12-17 23:00:00+00:00";"19";"16";"75";"2021";"NON";"NON";"16110";"";"";"";"2021-10-06";"142964";""
"16113";"3399";"PLUi/PLUiS";"CA";"2019-12-04 23:00:00+00:00";"2015-03-25 23:00:00+00:00";"39";"16";"75";"2021";"OUI";"NON";"200071827";"";"";"";"2021-10-06";"143009";""
"16116";"1432";"CC";"CA";"2013-05-06 22:00:00+00:00";"2008-08-28 22:00:00+00:00";"13";"16";"75";"2021";"NON";"NON";"200070514";"";"";"";"2021-10-06";"66712";""
"16119";"3499";"PLU";"CA";"2016-12-21 23:00:00+00:00";"2015-01-26 23:00:00+00:00";"39";"16";"75";"2021";"NON";"NON";"200071827";"";"";"";"2021-10-06";"142979";""
"16120";"3499";"PLU";"CA";"2020-10-14 22:00:00+00:00";"2014-10-28 23:00:00+00:00";"39";"16";"75";"2021";"NON";"NON";"200071827";"";"";"";"2021-10-06";"134539";""
"16123";"1432";"CC";"CC";"2009-03-08 23:00:00+00:00";"2004-03-23 23:00:00+00:00";"13";"16";"75";"2021";"NON";"NON";"16123";"";"";"";"2021-10-06";"16568";""
"16124";"1433";"CC";"CC";"2008-07-03 22:00:00+00:00";"2006-12-19 23:00:00+00:00";"13";"16";"75";"2021";"NON";"NON";"200068914";"";"";"";"2021-10-06";"115338";""
"16125";"3399";"PLUi/PLUiS";"CC";"2020-03-04 23:00:00+00:00";"2013-12-15 23:00:00+00:00";"39";"16";"75";"2021";"OUI";"NON";"200070282";"";"";"";"2021-10-06";"136770";""
"16128";"3399";"PLUi/PLUiS";"CC";"2020-03-08 23:00:00+00:00";"2015-09-28 22:00:00+00:00";"39";"16";"75";"2021";"OUI";"NON";"200072049";"";"";"";"2021-10-06";"143008";""
"16131";"3399";"PLUi/PLUiS";"CC";"2020-03-08 23:00:00+00:00";"2015-09-28 22:00:00+00:00";"39";"16";"75";"2021";"OUI";"NON";"200072049";"";"";"";"2021-10-06";"143008";""
"16132";"3433";"PLU";"CC";"2009-11-05 23:00:00+00:00";"2002-07-04 22:00:00+00:00";"33";"16";"75";"2021";"NON";"NON";"200072049";"";"";"";"2021-10-06";"51207";""
"16134";"3433";"PLU";"CC";"2016-03-17 23:00:00+00:00";"2008-06-26 22:00:00+00:00";"33";"16";"75";"2021";"NON";"NON";"200072049";"";"";"";"2021-10-06";"49252";""
"16136";"3199";"PLU";"COM";"2017-05-11 22:00:00+00:00";"2009-03-16 23:00:00+00:00";"39";"16";"75";"2021";"NON";"NON";"16136";"";"";"";"2021-10-06";"49253";""
"16138";"3399";"PLUi/PLUiS";"CA";"2019-12-04 23:00:00+00:00";"2015-03-25 23:00:00+00:00";"39";"16";"75";"2021";"OUI";"NON";"200071827";"";"";"";"2021-10-06";"143009";""
"16139";"1432";"CC";"CA";"2012-11-21 23:00:00+00:00";"2006-01-27 23:00:00+00:00";"13";"16";"75";"2021";"NON";"NON";"200070514";"";"";"";"2021-10-06";"66713";""
"16143";"3399";"PLUi/PLUiS";"CC";"2020-03-04 23:00:00+00:00";"2013-12-15 23:00:00+00:00";"39";"16";"75";"2021";"OUI";"NON";"200070282";"";"";"";"2021-10-06";"136770";""
"16145";"1432";"CC";"CA";"2007-06-28 22:00:00+00:00";"2004-02-20 23:00:00+00:00";"13";"16";"75";"2021";"NON";"NON";"200070514";"";"";"";"2021-10-06";"67664";""
"16146";"3499";"PLU";"CA";"2016-12-13 23:00:00+00:00";"2012-09-12 22:00:00+00:00";"39";"16";"75";"2021";"NON";"NON";"200071827";"";"";"";"2021-10-06";"115609";""
"16147";"3399";"PLUi/PLUiS";"CC";"2020-03-04 23:00:00+00:00";"2013-12-15 23:00:00+00:00";"39";"16";"75";"2021";"OUI";"NON";"200070282";"";"";"";"2021-10-06";"136770";""
"16150";"3432";"PLU";"CA";"2012-02-01 23:00:00+00:00";"2001-06-24 22:00:00+00:00";"33";"16";"75";"2021";"NON";"NON";"200070514";"";"";"";"2021-10-06";"61472";""
"16151";"3432";"PLU";"CA";"2015-11-17 23:00:00+00:00";"2008-09-09 22:00:00+00:00";"33";"16";"75";"2021";"NON";"NON";"200070514";"";"";"";"2021-10-06";"61473";""
"16153";"3432";"PLU";"CA";"2020-11-11 23:00:00+00:00";"2006-04-02 22:00:00+00:00";"33";"16";"75";"2021";"NON";"NON";"200070514";"";"";"";"2021-10-06";"23771";""
"16154";"3399";"PLUi/PLUiS";"CA";"2019-12-04 23:00:00+00:00";"2015-03-25 23:00:00+00:00";"39";"16";"75";"2021";"OUI";"NON";"200071827";"";"";"";"2021-10-06";"143009";""
"16158";"1433";"CC";"CC";"2009-04-12 22:00:00+00:00";"2006-12-04 23:00:00+00:00";"13";"16";"75";"2021";"NON";"NON";"200068914";"";"";"";"2021-10-06";"68929";""
"16162";"3399";"PLUi/PLUiS";"CC";"2020-03-04 23:00:00+00:00";"2013-12-15 23:00:00+00:00";"39";"16";"75";"2021";"OUI";"NON";"200070282";"";"";"";"2021-10-06";"136770";""
"16163";"3432";"PLU";"CA";"2013-06-09 22:00:00+00:00";"2004-03-21 23:00:00+00:00";"33";"16";"75";"2021";"NON";"NON";"200070514";"";"";"";"2021-10-06";"61474";""
"16164";"3399";"PLUi/PLUiS";"CC";"2020-03-08 23:00:00+00:00";"2015-09-28 22:00:00+00:00";"39";"16";"75";"2021";"OUI";"NON";"200072049";"";"";"";"2021-10-06";"143008";""
"16165";"1432";"CC";"CA";"2020-03-05 23:00:00+00:00";"2017-03-01 23:00:00+00:00";"13";"16";"75";"2021";"NON";"NON";"200070514";"";"";"";"2021-10-06";"166183";""
"16166";"3399";"PLUi/PLUiS";"CA";"2019-12-04 23:00:00+00:00";"2015-03-25 23:00:00+00:00";"39";"16";"75";"2021";"OUI";"NON";"200071827";"";"";"";"2021-10-06";"143009";""
"16167";"3432";"PLU";"CA";"2012-12-19 23:00:00+00:00";"2008-06-11 22:00:00+00:00";"33";"16";"75";"2021";"NON";"NON";"200070514";"";"";"";"2021-10-06";"61475";""
"16169";"3432";"PLU";"CA";"2012-12-16 23:00:00+00:00";"2006-12-17 23:00:00+00:00";"33";"16";"75";"2021";"NON";"NON";"200070514";"";"";"";"2021-10-06";"61471";""
"16171";"1432";"CC";"CA";"2020-07-05 22:00:00+00:00";"2017-06-21 22:00:00+00:00";"13";"16";"75";"2021";"NON";"NON";"200070514";"";"";"";"2021-10-06";"166184";""
"16174";"1432";"CC";"CA";"2009-01-28 23:00:00+00:00";"2004-04-08 22:00:00+00:00";"13";"16";"75";"2021";"NON";"NON";"200070514";"";"";"";"2021-10-06";"35040";""
"16175";"1432";"CC";"CC";"2012-07-30 22:00:00+00:00";"2009-10-01 22:00:00+00:00";"13";"16";"75";"2021";"NON";"NON";"200029734";"";"";"";"2021-10-06";"65617";""
"16181";"3399";"PLUi/PLUiS";"CC";"2020-03-08 23:00:00+00:00";"2015-09-28 22:00:00+00:00";"39";"16";"75";"2021";"OUI";"NON";"200072049";"";"";"";"2021-10-06";"143008";""
"16182";"3399";"PLUi/PLUiS";"CC";"2020-03-08 23:00:00+00:00";"2015-09-28 22:00:00+00:00";"39";"16";"75";"2021";"OUI";"NON";"200072049";"";"";"";"2021-10-06";"143008";""
"16183";"3433";"PLU";"CC";"2013-06-20 22:00:00+00:00";"2003-10-26 23:00:00+00:00";"33";"16";"75";"2021";"NON";"NON";"16183";"";"";"";"2021-10-06";"61476";""
"16187";"3399";"PLUi/PLUiS";"CA";"2019-12-04 23:00:00+00:00";"2015-03-25 23:00:00+00:00";"39";"16";"75";"2021";"OUI";"NON";"200071827";"";"";"";"2021-10-06";"143009";""
"16192";"3433";"PLU";"CC";"2017-03-05 23:00:00+00:00";"2011-11-09 23:00:00+00:00";"33";"16";"75";"2021";"NON";"NON";"16192";"";"";"";"2021-10-06";"115612";""
"16193";"3432";"PLU";"CA";"2010-10-12 22:00:00+00:00";"2005-05-11 22:00:00+00:00";"33";"16";"75";"2021";"NON";"NON";"200070514";"";"";"";"2021-10-06";"51210";""
"16195";"1433";"CC";"CC";"2014-02-16 23:00:00+00:00";"2012-04-19 22:00:00+00:00";"13";"16";"75";"2021";"NON";"NON";"200072049";"";"";"";"2021-10-06";"115357";""
"16198";"3399";"PLUi/PLUiS";"CC";"2020-03-04 23:00:00+00:00";"2013-12-15 23:00:00+00:00";"39";"16";"75";"2021";"OUI";"NON";"200070282";"";"";"";"2021-10-06";"136770";""
"16199";"3399";"PLUi/PLUiS";"CA";"2019-12-04 23:00:00+00:00";"2015-03-25 23:00:00+00:00";"39";"16";"75";"2021";"OUI";"NON";"200071827";"";"";"";"2021-10-06";"143009";""
"16204";"1432";"CC";"CA";"2011-06-05 22:00:00+00:00";"2005-02-02 23:00:00+00:00";"13";"16";"75";"2021";"NON";"NON";"200070514";"";"";"";"2021-10-06";"67312";""
"16205";"3399";"PLUi/PLUiS";"CC";"2020-03-08 23:00:00+00:00";"2015-09-28 22:00:00+00:00";"39";"16";"75";"2021";"OUI";"NON";"200072049";"";"";"";"2021-10-06";"143008";""
"16206";"3432";"PLU";"CC";"2008-07-23 22:00:00+00:00";"2004-12-02 23:00:00+00:00";"33";"16";"75";"2021";"NON";"NON";"200072023";"";"";"";"2021-10-06";"51211";""
"16207";"1432";"CC";"CC";"2012-12-06 23:00:00+00:00";"2009-01-15 23:00:00+00:00";"13";"16";"75";"2021";"NON";"NON";"16207";"";"";"";"2021-10-06";"66714";""
"16209";"3433";"PLU";"CC";"2013-06-26 22:00:00+00:00";"2009-01-29 23:00:00+00:00";"33";"16";"75";"2021";"NON";"NON";"200068914";"";"";"";"2021-10-06";"49259";""
"16210";"3499";"PLU";"CA";"2018-12-10 23:00:00+00:00";"2014-11-06 23:00:00+00:00";"39";"16";"75";"2021";"NON";"NON";"200071827";"";"";"";"2021-10-06";"142982";""
"16212";"3433";"PLU";"CC";"2013-06-20 22:00:00+00:00";"2003-12-21 23:00:00+00:00";"33";"16";"75";"2021";"NON";"NON";"200072049";"";"";"";"2021-10-06";"61479";""
"16216";"3432";"PLU";"CA";"2019-03-27 23:00:00+00:00";"2016-01-19 23:00:00+00:00";"33";"16";"75";"2021";"NON";"NON";"200070514";"";"";"";"2021-10-06";"152972";""
"16217";"3432";"PLU";"CA";"2009-01-25 23:00:00+00:00";"2001-08-26 22:00:00+00:00";"33";"16";"75";"2021";"NON";"NON";"200070514";"";"";"";"2021-10-06";"35045";""
"16218";"1432";"CC";"CA";"2009-04-27 22:00:00+00:00";"2006-05-18 22:00:00+00:00";"13";"16";"75";"2021";"NON";"NON";"200070514";"";"";"";"2021-10-06";"68933";""
"16220";"3432";"PLU";"CA";"2013-02-14 23:00:00+00:00";"2007-11-08 23:00:00+00:00";"33";"16";"75";"2021";"NON";"NON";"200070514";"";"";"";"2021-10-06";"49260";""
"16223";"3433";"PLU";"CC";"2014-06-01 22:00:00+00:00";"2003-10-22 22:00:00+00:00";"33";"16";"75";"2021";"NON";"NON";"200068914";"";"";"";"2021-10-06";"61478";""
"16224";"1432";"CC";"CC";"2009-10-15 22:00:00+00:00";"2006-05-09 22:00:00+00:00";"13";"16";"75";"2021";"NON";"NON";"200029734";"";"";"";"2021-10-06";"68934";""
"16229";"1199";"CC";"COM";"2010-09-14 22:00:00+00:00";"2008-10-12 22:00:00+00:00";"19";"16";"75";"2021";"NON";"NON";"16229";"";"";"";"2021-10-06";"68935";""
"16230";"1499";"CC";"CC";"2014-04-15 22:00:00+00:00";"2008-04-27 22:00:00+00:00";"19";"16";"75";"2021";"NON";"NON";"200070282";"";"";"";"2021-10-06";"65618";""
"16231";"3399";"PLUi/PLUiS";"CC";"2020-03-08 23:00:00+00:00";"2015-09-28 22:00:00+00:00";"39";"16";"75";"2021";"OUI";"NON";"200072049";"";"";"";"2021-10-06";"143008";""
"16232";"3399";"PLUi/PLUiS";"CA";"2019-12-04 23:00:00+00:00";"2015-03-25 23:00:00+00:00";"39";"16";"75";"2021";"OUI";"NON";"200071827";"";"";"";"2021-10-06";"143009";""
"16233";"1432";"CC";"CA";"2018-04-12 22:00:00+00:00";"2016-02-02 23:00:00+00:00";"13";"16";"75";"2021";"NON";"NON";"200070514";"";"";"";"2021-10-06";"152977";""
"16234";"1432";"CC";"CA";"2006-07-05 22:00:00+00:00";"2005-07-11 22:00:00+00:00";"13";"16";"75";"2021";"NON";"NON";"200070514";"";"";"";"2021-10-06";"22797";""
"16236";"3499";"PLU";"CA";"2018-02-07 23:00:00+00:00";"2012-12-06 23:00:00+00:00";"39";"16";"75";"2021";"NON";"NON";"200071827";"";"";"";"2021-10-06";"126166";""
"16239";"1433";"CC";"CC";"2012-02-01 23:00:00+00:00";"2004-02-12 23:00:00+00:00";"13";"16";"75";"2021";"NON";"NON";"200072049";"";"";"";"2021-10-06";"57494";""
"16242";"3199";"PLU";"COM";"2018-12-11 23:00:00+00:00";"2003-06-25 22:00:00+00:00";"39";"16";"75";"2021";"NON";"NON";"16242";"";"";"";"2021-10-06";"49262";""
"16243";"3432";"PLU";"CA";"2020-01-29 23:00:00+00:00";"2016-09-08 22:00:00+00:00";"33";"16";"75";"2021";"NON";"NON";"200070514";"";"";"";"2021-10-06";"152973";""
"16244";"3399";"PLUi/PLUiS";"CA";"2019-12-04 23:00:00+00:00";"2015-03-25 23:00:00+00:00";"39";"16";"75";"2021";"OUI";"NON";"200071827";"";"";"";"2021-10-06";"143009";""
"16245";"1433";"CC";"CC";"2014-02-19 23:00:00+00:00";"2009-12-07 23:00:00+00:00";"13";"16";"75";"2021";"NON";"NON";"200072049";"";"";"";"2021-10-06";"67316";""
"16249";"3399";"PLUi/PLUiS";"CC";"2020-03-08 23:00:00+00:00";"2015-09-28 22:00:00+00:00";"39";"16";"75";"2021";"OUI";"NON";"200072049";"";"";"";"2021-10-06";"143008";""
"16253";"1199";"CC";"COM";"2011-03-20 23:00:00+00:00";"2006-08-24 22:00:00+00:00";"19";"16";"75";"2021";"NON";"NON";"16253";"";"";"";"2021-10-06";"65886";""
"16256";"1432";"CC";"CC";"2012-02-15 23:00:00+00:00";"2008-06-11 22:00:00+00:00";"13";"16";"75";"2021";"NON";"NON";"200029734";"";"";"";"2021-10-06";"66718";""
"16258";"1432";"CC";"CC";"2007-05-15 22:00:00+00:00";"2004-12-31 23:00:00+00:00";"13";"16";"75";"2021";"NON";"NON";"200029734";"";"";"";"2021-10-06";"25915";""
"16264";"3399";"PLUi/PLUiS";"CC";"2020-03-08 23:00:00+00:00";"2015-09-28 22:00:00+00:00";"39";"16";"75";"2021";"OUI";"NON";"200072049";"";"";"";"2021-10-06";"143008";""
"16269";"3433";"PLU";"CC";"2011-11-23 23:00:00+00:00";"2005-12-06 23:00:00+00:00";"33";"16";"75";"2021";"NON";"NON";"200068914";"";"";"";"2021-10-06";"61481";""
"16270";"3433";"PLU";"CC";"2013-06-20 22:00:00+00:00";"2003-03-11 23:00:00+00:00";"33";"16";"75";"2021";"NON";"NON";"16270";"";"";"";"2021-10-06";"61482";""
"16271";"3399";"PLUi/PLUiS";"CA";"2019-12-04 23:00:00+00:00";"2015-03-25 23:00:00+00:00";"39";"16";"75";"2021";"OUI";"NON";"200071827";"";"";"";"2021-10-06";"143009";""
"16273";"1199";"CC";"COM";"2010-12-09 23:00:00+00:00";"2008-10-01 22:00:00+00:00";"19";"16";"75";"2021";"NON";"NON";"16273";"";"";"";"2021-10-06";"68938";""
"16276";"3432";"PLU";"CC";"2016-05-08 22:00:00+00:00";"2008-09-15 22:00:00+00:00";"33";"16";"75";"2021";"NON";"NON";"200029734";"";"";"";"2021-10-06";"50003";""
"16277";"1432";"CC";"CA";"2008-12-09 23:00:00+00:00";"2002-09-01 22:00:00+00:00";"13";"16";"75";"2021";"NON";"NON";"200070514";"";"";"";"2021-10-06";"68939";""
"16280";"3433";"PLU";"CC";"2014-06-17 22:00:00+00:00";"2008-06-26 22:00:00+00:00";"33";"16";"75";"2021";"NON";"NON";"200068914";"";"";"";"2021-10-06";"49956";""
"16281";"3433";"PLU";"CC";"2017-05-28 22:00:00+00:00";"2011-09-28 22:00:00+00:00";"33";"16";"75";"2021";"NON";"NON";"200068914";"";"";"";"2021-10-06";"90328";""
"16283";"3399";"PLUi/PLUiS";"CC";"2020-03-04 23:00:00+00:00";"2013-12-15 23:00:00+00:00";"39";"16";"75";"2021";"OUI";"NON";"200070282";"";"";"";"2021-10-06";"136770";""
"16285";"3399";"PLUi/PLUiS";"CC";"2020-03-04 23:00:00+00:00";"2013-12-15 23:00:00+00:00";"39";"16";"75";"2021";"OUI";"NON";"200070282";"";"";"";"2021-10-06";"136770";""
"16286";"3432";"PLU";"CC";"2011-03-07 23:00:00+00:00";"2004-02-25 23:00:00+00:00";"33";"16";"75";"2021";"NON";"NON";"241600303";"";"";"";"2021-10-06";"33607";""
"16287";"3499";"PLU";"CA";"2015-05-11 22:00:00+00:00";"2003-08-28 22:00:00+00:00";"39";"16";"75";"2021";"NON";"NON";"200071827";"";"";"";"2021-10-06";"61299";""
"16291";"3399";"PLUi/PLUiS";"CA";"2019-12-04 23:00:00+00:00";"2015-03-25 23:00:00+00:00";"39";"16";"75";"2021";"OUI";"NON";"200071827";"";"";"";"2021-10-06";"143009";""
"16293";"1433";"CC";"CC";"2008-06-05 22:00:00+00:00";"2006-06-28 22:00:00+00:00";"13";"16";"75";"2021";"NON";"NON";"200068914";"";"";"";"2021-10-06";"33610";""
"16297";"3432";"PLU";"CA";"2013-06-10 22:00:00+00:00";"2008-02-03 23:00:00+00:00";"33";"16";"75";"2021";"NON";"NON";"200070514";"";"";"";"2021-10-06";"50004";""
"16298";"1432";"CC";"CC";"2010-07-11 22:00:00+00:00";"2007-05-08 22:00:00+00:00";"13";"16";"75";"2021";"NON";"NON";"16298";"";"";"";"2021-10-06";"68940";""
"16300";"3432";"PLU";"CC";"2005-12-17 23:00:00+00:00";"2002-05-14 22:00:00+00:00";"33";"16";"75";"2021";"NON";"NON";"200072023";"";"";"";"2021-10-06";"23772";""
"16304";"3432";"PLU";"CA";"2010-10-03 22:00:00+00:00";"2004-11-14 23:00:00+00:00";"33";"16";"75";"2021";"NON";"NON";"200070514";"";"";"";"2021-10-06";"51217";""
"16306";"3399";"PLUi/PLUiS";"CC";"2020-03-08 23:00:00+00:00";"2015-09-28 22:00:00+00:00";"39";"16";"75";"2021";"OUI";"NON";"200072049";"";"";"";"2021-10-06";"143008";""
"16308";"1433";"CC";"CC";"2008-05-05 22:00:00+00:00";"2005-02-02 23:00:00+00:00";"13";"16";"75";"2021";"NON";"NON";"200072049";"";"";"";"2021-10-06";"115345";""
"16310";"3399";"PLUi/PLUiS";"CC";"2020-03-08 23:00:00+00:00";"2015-09-28 22:00:00+00:00";"39";"16";"75";"2021";"OUI";"NON";"16310";"";"";"";"2021-10-06";"143008";""
"16316";"1432";"CC";"CA";"2014-01-28 23:00:00+00:00";"2008-08-11 22:00:00+00:00";"13";"16";"75";"2021";"NON";"NON";"200070514";"";"";"";"2021-10-06";"65890";""
"16323";"1433";"CC";"CC";"2008-11-27 23:00:00+00:00";"2005-01-20 23:00:00+00:00";"13";"16";"75";"2021";"NON";"NON";"200068914";"";"";"";"2021-10-06";"23285";""
"16329";"1433";"CC";"CC";"2015-11-16 23:00:00+00:00";"2011-11-16 23:00:00+00:00";"13";"16";"75";"2021";"NON";"NON";"200072049";"";"";"";"2021-10-06";"115363";""
"16330";"3432";"PLU";"CA";"2007-03-11 23:00:00+00:00";"2003-10-30 23:00:00+00:00";"33";"16";"75";"2021";"NON";"NON";"200070514";"";"";"";"2021-10-06";"20098";""
"16337";"3399";"PLUi/PLUiS";"CC";"2020-03-08 23:00:00+00:00";"2015-09-28 22:00:00+00:00";"39";"16";"75";"2021";"OUI";"NON";"16337";"";"";"";"2021-10-06";"143008";""
"16338";"1432";"CC";"CC";"2011-07-10 22:00:00+00:00";"2007-02-27 23:00:00+00:00";"13";"16";"75";"2021";"NON";"NON";"200029734";"";"";"";"2021-10-06";"65887";""
"16340";"3432";"PLU";"CA";"2015-03-18 23:00:00+00:00";"2008-09-16 22:00:00+00:00";"33";"16";"75";"2021";"NON";"NON";"200070514";"";"";"";"2021-10-06";"49264";""
"16341";"3399";"PLUi/PLUiS";"CA";"2019-12-04 23:00:00+00:00";"2015-03-25 23:00:00+00:00";"39";"16";"75";"2021";"OUI";"NON";"200071827";"";"";"";"2021-10-06";"143009";""
"16343";"1432";"CC";"CA";"2012-04-12 22:00:00+00:00";"2008-10-19 22:00:00+00:00";"13";"16";"75";"2021";"NON";"NON";"200070514";"";"";"";"2021-10-06";"66719";""
"16345";"3433";"PLU";"CC";"2013-06-11 22:00:00+00:00";"2003-02-06 23:00:00+00:00";"33";"16";"75";"2021";"NON";"NON";"200072049";"";"";"";"2021-10-06";"61486";""
"16348";"3399";"PLUi/PLUiS";"CA";"2019-12-04 23:00:00+00:00";"2015-03-25 23:00:00+00:00";"39";"16";"75";"2021";"OUI";"NON";"200071827";"";"";"";"2021-10-06";"143009";""
"16349";"3432";"PLU";"CA";"2019-06-25 22:00:00+00:00";"2015-12-13 23:00:00+00:00";"33";"16";"75";"2021";"NON";"NON";"200070514";"";"";"";"2021-10-06";"152974";""
"16350";"1499";"CC";"CC";"2006-12-06 23:00:00+00:00";"2004-05-04 22:00:00+00:00";"19";"16";"75";"2021";"NON";"NON";"200070282";"";"";"";"2021-10-06";"23255";""
"16351";"1432";"CC";"CA";"2011-12-22 23:00:00+00:00";"2007-12-31 23:00:00+00:00";"13";"16";"75";"2021";"NON";"NON";"200070514";"";"";"";"2021-10-06";"65888";""
"16353";"1433";"CC";"CC";"2003-10-20 22:00:00+00:00";"2001-12-31 23:00:00+00:00";"13";"16";"75";"2021";"NON";"NON";"200068914";"";"";"";"2021-10-06";"64807";""
"16358";"3399";"PLUi/PLUiS";"CA";"2019-12-04 23:00:00+00:00";"2015-03-25 23:00:00+00:00";"39";"16";"75";"2021";"OUI";"NON";"200071827";"";"";"";"2021-10-06";"143009";""
"16359";"3432";"PLU";"CA";"2018-06-27 22:00:00+00:00";"2015-02-23 23:00:00+00:00";"33";"16";"75";"2021";"NON";"NON";"200070514";"";"";"";"2021-10-06";"142986";""
"16360";"1432";"CC";"CC";"2014-05-04 22:00:00+00:00";"2008-09-14 22:00:00+00:00";"13";"16";"75";"2021";"NON";"NON";"200029734";"";"";"";"2021-10-06";"66720";""
"16362";"1499";"CC";"CC";"2010-12-19 23:00:00+00:00";"2008-09-03 22:00:00+00:00";"19";"16";"75";"2021";"NON";"NON";"200070282";"";"";"";"2021-10-06";"105824";""
"16366";"3432";"PLU";"CA";"2006-12-03 23:00:00+00:00";"2001-07-18 22:00:00+00:00";"33";"16";"75";"2021";"NON";"NON";"200070514";"";"";"";"2021-10-06";"51223";""
"16368";"3499";"PLU";"CA";"2014-01-27 23:00:00+00:00";"2005-09-26 22:00:00+00:00";"39";"16";"75";"2021";"NON";"NON";"200071827";"";"";"";"2021-10-06";"61484";""
"16369";"3432";"PLU";"CA";"2020-01-29 23:00:00+00:00";"2015-12-07 23:00:00+00:00";"33";"16";"75";"2021";"NON";"NON";"200070514";"";"";"";"2021-10-06";"152975";""
"16370";"3499";"PLU";"CA";"2016-09-07 22:00:00+00:00";"2006-02-16 23:00:00+00:00";"39";"16";"75";"2021";"NON";"NON";"200071827";"";"";"";"2021-10-06";"61485";""
"16374";"3399";"PLUi/PLUiS";"CA";"2019-12-04 23:00:00+00:00";"2015-03-25 23:00:00+00:00";"39";"16";"75";"2021";"OUI";"NON";"200071827";"";"";"";"2021-10-06";"143009";""
"16375";"1433";"CC";"CC";"2012-05-27 22:00:00+00:00";"2009-04-29 22:00:00+00:00";"13";"16";"75";"2021";"NON";"NON";"200072049";"";"";"";"2021-10-06";"66721";""
"16379";"3433";"PLU";"CC";"2009-05-27 22:00:00+00:00";"2003-09-25 22:00:00+00:00";"33";"16";"75";"2021";"NON";"NON";"200068914";"";"";"";"2021-10-06";"51221";""
"16381";"1199";"CC";"COM";"2011-03-20 23:00:00+00:00";"2008-12-03 23:00:00+00:00";"19";"16";"75";"2021";"NON";"NON";"16381";"";"";"";"2021-10-06";"66723";""
"16382";"3499";"PLU";"CA";"2018-10-17 22:00:00+00:00";"2012-05-30 22:00:00+00:00";"39";"16";"75";"2021";"NON";"NON";"200071827";"";"";"";"2021-10-06";"115622";""
"16383";"1432";"CC";"CC";"2012-04-03 22:00:00+00:00";"2009-05-28 22:00:00+00:00";"13";"16";"75";"2021";"NON";"NON";"200072023";"";"";"";"2021-10-06";"65889";""
"16385";"3399";"PLUi/PLUiS";"CA";"2019-12-04 23:00:00+00:00";"2015-03-25 23:00:00+00:00";"39";"16";"75";"2021";"OUI";"NON";"200071827";"";"";"";"2021-10-06";"143009";""
"16387";"3432";"PLU";"CA";"2013-05-21 22:00:00+00:00";"2006-06-05 22:00:00+00:00";"33";"16";"75";"2021";"NON";"NON";"200070514";"";"";"";"2021-10-06";"49267";""
"16388";"3499";"PLU";"CA";"2019-09-25 22:00:00+00:00";"2013-12-16 23:00:00+00:00";"39";"16";"75";"2021";"NON";"NON";"200071827";"";"";"";"2021-10-06";"134520";""
"16389";"3399";"PLUi/PLUiS";"CC";"2020-03-08 23:00:00+00:00";"2015-09-28 22:00:00+00:00";"39";"16";"75";"2021";"OUI";"NON";"16389";"";"";"";"2021-10-06";"143008";""
"16390";"3432";"PLU";"CC";"2019-09-25 22:00:00+00:00";"2008-10-22 22:00:00+00:00";"33";"16";"75";"2021";"NON";"NON";"200072023";"";"";"";"2021-10-06";"49268";""
"16393";"3432";"PLU";"CC";"2014-06-19 22:00:00+00:00";"2009-03-26 23:00:00+00:00";"33";"16";"75";"2021";"NON";"NON";"200072023";"";"";"";"2021-10-06";"90515";""
"16394";"3399";"PLUi/PLUiS";"CC";"2020-03-04 23:00:00+00:00";"2013-12-15 23:00:00+00:00";"39";"16";"75";"2021";"OUI";"NON";"200070282";"";"";"";"2021-10-06";"136770";""
"16398";"1433";"CC";"CC";"2010-07-11 22:00:00+00:00";"2004-06-17 22:00:00+00:00";"13";"16";"75";"2021";"NON";"NON";"16398";"";"";"";"2021-10-06";"67665";""
"16399";"1432";"CC";"CA";"2012-12-27 23:00:00+00:00";"2008-09-29 22:00:00+00:00";"13";"16";"75";"2021";"NON";"NON";"200070514";"";"";"";"2021-10-06";"66725";""
"16400";"3199";"PLU";"COM";"2015-05-28 22:00:00+00:00";"2008-10-09 22:00:00+00:00";"39";"16";"75";"2021";"NON";"NON";"16400";"";"";"";"2021-10-06";"49269";""
"16402";"3432";"PLU";"CA";"2013-09-26 22:00:00+00:00";"2008-06-25 22:00:00+00:00";"33";"16";"75";"2021";"NON";"NON";"200070514";"";"";"";"2021-10-06";"49270";""
"16403";"3399";"PLUi/PLUiS";"CC";"2020-03-08 23:00:00+00:00";"2015-09-28 22:00:00+00:00";"39";"16";"75";"2021";"OUI";"NON";"16403";"";"";"";"2021-10-06";"143008";""
"16404";"3399";"PLUi/PLUiS";"CC";"2020-03-08 23:00:00+00:00";"2015-09-28 22:00:00+00:00";"39";"16";"75";"2021";"OUI";"NON";"200072049";"";"";"";"2021-10-06";"143008";""
"16405";"1432";"CC";"CC";"2011-11-24 23:00:00+00:00";"2009-03-02 23:00:00+00:00";"13";"16";"75";"2021";"NON";"NON";"200029734";"";"";"";"2021-10-06";"66726";""
"16406";"1433";"CC";"CC";"2012-02-22 23:00:00+00:00";"2009-01-28 23:00:00+00:00";"13";"16";"75";"2021";"NON";"NON";"200068914";"";"";"";"2021-10-06";"66727";""
"16408";"3399";"PLUi/PLUiS";"CC";"2020-03-04 23:00:00+00:00";"2013-12-15 23:00:00+00:00";"39";"16";"75";"2021";"OUI";"NON";"200070282";"";"";"";"2021-10-06";"136770";""
"16409";"3199";"PLU";"COM";"2010-09-13 22:00:00+00:00";"2006-04-13 22:00:00+00:00";"39";"16";"75";"2021";"NON";"NON";"16409";"";"";"";"2021-10-06";"61490";""
"16412";"1432";"CC";"CC";"2015-01-24 23:00:00+00:00";"2010-03-15 23:00:00+00:00";"13";"16";"75";"2021";"NON";"NON";"200072023";"";"";"";"2021-10-06";"66728";""
"16415";"3499";"PLU";"CA";"2018-02-07 23:00:00+00:00";"2014-10-05 22:00:00+00:00";"39";"16";"75";"2021";"NON";"NON";"200071827";"";"";"";"2021-10-06";"142988";""
"16418";"3499";"PLU";"CA";"2019-02-12 23:00:00+00:00";"2014-07-08 22:00:00+00:00";"39";"16";"75";"2021";"NON";"NON";"200071827";"";"";"";"2021-10-06";"56631";""
"16420";"1499";"CC";"CA";"2012-07-31 22:00:00+00:00";"2009-02-05 23:00:00+00:00";"19";"16";"75";"2021";"NON";"NON";"200071827";"";"";"";"2021-10-06";"66730";""
"16422";"3499";"PLU";"CA";"2019-12-04 23:00:00+00:00";"2014-12-03 23:00:00+00:00";"39";"16";"75";"2021";"NON";"NON";"200071827";"";"";"";"2021-10-06";"51226";""
"16423";"1432";"CC";"CC";"2011-08-04 22:00:00+00:00";"2008-12-01 23:00:00+00:00";"13";"16";"75";"2021";"NON";"NON";"200072023";"";"";"";"2021-10-06";"67317";""
"17002";"1199";"CC";"COM";"2018-11-28 23:00:00+00:00";"2015-04-09 22:00:00+00:00";"19";"17";"75";"2021";"NON";"NON";"17002";"";"";"";"2021-10-06";"150510";""
"17003";"3299";"PLUi/PLUiS";"CC";"2020-02-10 23:00:00+00:00";"2015-12-07 23:00:00+00:00";"39";"17";"75";"2021";"NON";"OUI";"17003";"";"";"";"2021-10-06";"146124";""
"17005";"1199";"CC";"COM";"2017-03-06 23:00:00+00:00";"2011-11-23 23:00:00+00:00";"19";"17";"75";"2021";"NON";"NON";"17005";"";"";"";"2021-10-06";"49271";""
"17006";"1199";"CC";"COM";"2017-12-05 23:00:00+00:00";"2015-03-03 23:00:00+00:00";"19";"17";"75";"2021";"NON";"NON";"17006";"";"";"";"2021-10-06";"138048";""
"17007";"3299";"PLUi/PLUiS";"CC";"2020-02-10 23:00:00+00:00";"2015-12-07 23:00:00+00:00";"39";"17";"75";"2021";"NON";"OUI";"17007";"";"";"";"2021-10-06";"146124";""
"17008";"3299";"PLUi/PLUiS";"CC";"2021-05-18 22:00:00+00:00";"2015-12-15 23:00:00+00:00";"39";"17";"75";"2021";"NON";"OUI";"17008";"";"";"";"2021-10-06";"146125";""
"17009";"3299";"PLUi/PLUiS";"CC";"2021-05-18 22:00:00+00:00";"2015-12-15 23:00:00+00:00";"39";"17";"75";"2021";"NON";"OUI";"17009";"";"";"";"2021-10-06";"146125";""
"17010";"3299";"PLUi/PLUiS";"CA";"2019-12-18 23:00:00+00:00";"2014-11-23 23:00:00+00:00";"39";"17";"75";"2021";"NON";"OUI";"17010";"";"";"";"2021-10-06";"131087";""
"17011";"3199";"PLU";"COM";"2018-07-22 22:00:00+00:00";"2014-07-20 22:00:00+00:00";"39";"17";"75";"2021";"NON";"NON";"17011";"";"";"";"2021-10-06";"131116";""
"17012";"3199";"PLU";"COM";"2017-03-21 23:00:00+00:00";"2011-09-25 22:00:00+00:00";"39";"17";"75";"2021";"NON";"NON";"17012";"";"";"";"2021-10-06";"78157";""
"17013";"3199";"PLU";"COM";"2014-03-19 23:00:00+00:00";"2012-02-29 23:00:00+00:00";"39";"17";"75";"2021";"NON";"NON";"17013";"";"";"";"2021-10-06";"104944";""
"17015";"3131";"PLU";"COM";"2013-10-09 22:00:00+00:00";"2004-01-12 23:00:00+00:00";"33";"17";"75";"2021";"NON";"NON";"17015";"";"";"";"2021-10-06";"1416";""
"17016";"3199";"PLU";"COM";"2005-09-12 22:00:00+00:00";"2002-12-02 23:00:00+00:00";"39";"17";"75";"2021";"NON";"NON";"17016";"";"";"";"2021-10-06";"1488";""
"17017";"3199";"PLU";"COM";"2021-06-28 22:00:00+00:00";"2015-01-19 23:00:00+00:00";"39";"17";"75";"2021";"NON";"NON";"17017";"";"";"";"2021-10-06";"138058";""
"17018";"3299";"PLUi/PLUiS";"CC";"2020-02-10 23:00:00+00:00";"2015-12-07 23:00:00+00:00";"39";"17";"75";"2021";"NON";"OUI";"17018";"";"";"";"2021-10-06";"146124";""
"17019";"3299";"PLUi/PLUiS";"CC";"2019-12-16 23:00:00+00:00";"2015-12-16 23:00:00+00:00";"39";"17";"75";"2021";"NON";"OUI";"241700459";"";"";"";"2021-10-06";"146123";""
"17020";"1199";"CC";"COM";"2007-07-26 22:00:00+00:00";"2005-03-02 23:00:00+00:00";"19";"17";"75";"2021";"NON";"NON";"17020";"";"";"";"2021-10-06";"1427";""
"17021";"3199";"PLU";"COM";"2006-12-13 23:00:00+00:00";"2003-05-04 22:00:00+00:00";"39";"17";"75";"2021";"NON";"NON";"17021";"";"";"";"2021-10-06";"1438";""
"17022";"3131";"PLU";"COM";"2005-08-23 22:00:00+00:00";"2002-09-22 22:00:00+00:00";"33";"17";"75";"2021";"NON";"NON";"17022";"";"";"";"2021-10-06";"10190";""
"17023";"3199";"PLU";"COM";"2013-07-10 22:00:00+00:00";"2006-01-29 23:00:00+00:00";"39";"17";"75";"2021";"NON";"NON";"17023";"";"";"";"2021-10-06";"11885";""
"17024";"3131";"PLU";"COM";"2011-06-22 22:00:00+00:00";"2005-03-17 23:00:00+00:00";"33";"17";"75";"2021";"NON";"NON";"17024";"";"";"";"2021-10-06";"1496";""
"17025";"3131";"PLU";"COM";"2011-10-20 22:00:00+00:00";"2006-01-12 23:00:00+00:00";"33";"17";"75";"2021";"NON";"NON";"17025";"";"";"";"2021-10-06";"10894";""
"17026";"3199";"PLU";"COM";"2018-09-19 22:00:00+00:00";"2012-03-22 23:00:00+00:00";"39";"17";"75";"2021";"NON";"NON";"17026";"";"";"";"2021-10-06";"107436";""
"17027";"3199";"PLU";"COM";"2006-07-24 22:00:00+00:00";"2003-06-02 22:00:00+00:00";"39";"17";"75";"2021";"NON";"NON";"17027";"";"";"";"2021-10-06";"1499";""
"17028";"3299";"PLUi/PLUiS";"CA";"2019-12-18 23:00:00+00:00";"2014-11-23 23:00:00+00:00";"39";"17";"75";"2021";"NON";"OUI";"17028";"";"";"";"2021-10-06";"131087";""
"17029";"3199";"PLU";"COM";"2017-10-26 22:00:00+00:00";"2014-10-16 22:00:00+00:00";"39";"17";"75";"2021";"NON";"NON";"17029";"";"";"";"2021-10-06";"133685";""
"17030";"1199";"CC";"COM";"2006-04-05 22:00:00+00:00";"2004-03-28 22:00:00+00:00";"19";"17";"75";"2021";"NON";"NON";"17030";"";"";"";"2021-10-06";"4575";""
"17032";"3299";"PLUi/PLUiS";"CC";"2020-02-10 23:00:00+00:00";"2015-12-07 23:00:00+00:00";"39";"17";"75";"2021";"NON";"OUI";"17032";"";"";"";"2021-10-06";"146124";""
"17033";"1111";"CC";"COM";"2005-01-12 23:00:00+00:00";"2003-01-16 23:00:00+00:00";"11";"17";"75";"2021";"NON";"NON";"17033";"";"";"";"2021-10-06";"4587";""
"17034";"3131";"PLU";"COM";"2009-07-02 22:00:00+00:00";"2002-08-06 22:00:00+00:00";"33";"17";"75";"2021";"NON";"NON";"17034";"";"";"";"2021-10-06";"4586";""
"17037";"3199";"PLU";"COM";"2007-10-22 22:00:00+00:00";"2003-03-31 22:00:00+00:00";"39";"17";"75";"2021";"NON";"NON";"17037";"";"";"";"2021-10-06";"6049";""
"17039";"1111";"CC";"COM";"2008-01-13 23:00:00+00:00";"2005-07-21 22:00:00+00:00";"11";"17";"75";"2021";"NON";"NON";"17039";"";"";"";"2021-10-06";"9960";""
"17041";"3299";"PLUi/PLUiS";"CC";"2021-05-18 22:00:00+00:00";"2015-12-15 23:00:00+00:00";"39";"17";"75";"2021";"NON";"OUI";"17041";"";"";"";"2021-10-06";"146125";""
"17042";"3199";"PLU";"COM";"2013-10-27 23:00:00+00:00";"2008-07-24 22:00:00+00:00";"39";"17";"75";"2021";"NON";"NON";"17042";"";"";"";"2021-10-06";"35830";""
"17043";"3131";"PLU";"COM";"2007-06-20 22:00:00+00:00";"2004-06-24 22:00:00+00:00";"33";"17";"75";"2021";"NON";"NON";"17043";"";"";"";"2021-10-06";"9369";""
"17044";"3131";"PLU";"COM";"2004-03-30 22:00:00+00:00";"1999-04-08 22:00:00+00:00";"33";"17";"75";"2021";"NON";"NON";"17044";"";"";"";"2021-10-06";"9782";""
"17045";"3199";"PLU";"COM";"2015-04-22 22:00:00+00:00";"2011-01-26 23:00:00+00:00";"39";"17";"75";"2021";"NON";"NON";"17045";"";"";"";"2021-10-06";"9378";""
"17046";"3199";"PLU";"COM";"2021-03-21 23:00:00+00:00";"2014-06-19 22:00:00+00:00";"39";"17";"75";"2021";"NON";"NON";"17046";"";"";"";"2021-10-06";"131117";""
"17047";"1199";"CC";"COM";"2017-11-16 23:00:00+00:00";"2008-10-07 22:00:00+00:00";"19";"17";"75";"2021";"NON";"NON";"17047";"";"";"";"2021-10-06";"36496";""
"17048";"3199";"PLU";"COM";"2009-03-22 23:00:00+00:00";"2004-05-31 22:00:00+00:00";"39";"17";"75";"2021";"NON";"NON";"17048";"";"";"";"2021-10-06";"6058";""
"17050";"1199";"CC";"COM";"2009-08-23 22:00:00+00:00";"2005-10-17 22:00:00+00:00";"19";"17";"75";"2021";"NON";"NON";"17050";"";"";"";"2021-10-06";"15087";""
"17051";"3299";"PLUi/PLUiS";"CC";"2019-12-16 23:00:00+00:00";"2015-12-16 23:00:00+00:00";"39";"17";"75";"2021";"NON";"OUI";"241700459";"";"";"";"2021-10-06";"146123";""
"17052";"1199";"CC";"COM";"2009-12-14 23:00:00+00:00";"2006-10-19 22:00:00+00:00";"19";"17";"75";"2021";"NON";"NON";"17052";"";"";"";"2021-10-06";"26278";""
"17053";"3131";"PLU";"COM";"2003-12-18 23:00:00+00:00";"1999-02-21 23:00:00+00:00";"33";"17";"75";"2021";"NON";"NON";"17053";"";"";"";"2021-10-06";"10029";""
"17055";"1199";"CC";"COM";"2021-02-14 23:00:00+00:00";"2015-11-19 23:00:00+00:00";"19";"17";"75";"2021";"NON";"NON";"17055";"";"";"";"2021-10-06";"143050";""
"17056";"3199";"PLU";"COM";"2018-08-26 22:00:00+00:00";"2014-11-16 23:00:00+00:00";"39";"17";"75";"2021";"NON";"NON";"17056";"";"";"";"2021-10-06";"133687";""
"17057";"3299";"PLUi/PLUiS";"CC";"2020-02-10 23:00:00+00:00";"2015-12-07 23:00:00+00:00";"39";"17";"75";"2021";"NON";"OUI";"17057";"";"";"";"2021-10-06";"146124";""
"17058";"3131";"PLU";"COM";"2009-06-24 22:00:00+00:00";"2002-06-26 22:00:00+00:00";"33";"17";"75";"2021";"NON";"NON";"17058";"";"";"";"2021-10-06";"729";""
"17059";"3299";"PLUi/PLUiS";"CA";"2019-12-18 23:00:00+00:00";"2014-11-23 23:00:00+00:00";"39";"17";"75";"2021";"NON";"OUI";"17059";"";"";"";"2021-10-06";"131087";""
"17060";"3131";"PLU";"COM";"2007-03-01 23:00:00+00:00";"2003-11-06 23:00:00+00:00";"33";"17";"75";"2021";"NON";"NON";"17060";"";"";"";"2021-10-06";"6362";""
"17062";"3199";"PLU";"COM";"2015-11-04 23:00:00+00:00";"2011-03-14 23:00:00+00:00";"39";"17";"75";"2021";"NON";"NON";"17062";"";"";"";"2021-10-06";"43673";""
"17063";"3299";"PLUi/PLUiS";"CC";"2020-02-10 23:00:00+00:00";"2015-12-07 23:00:00+00:00";"39";"17";"75";"2021";"NON";"OUI";"17063";"";"";"";"2021-10-06";"146124";""
"17064";"3199";"PLU";"COM";"2020-02-26 23:00:00+00:00";"2015-08-12 22:00:00+00:00";"39";"17";"75";"2021";"NON";"NON";"17064";"";"";"";"2021-10-06";"141367";""
"17065";"3199";"PLU";"COM";"2021-03-10 23:00:00+00:00";"2017-12-13 23:00:00+00:00";"39";"17";"75";"2021";"NON";"NON";"17065";"";"";"";"2021-10-06";"160359";""
"17066";"1199";"CC";"COM";"2018-01-16 23:00:00+00:00";"2015-08-25 22:00:00+00:00";"19";"17";"75";"2021";"NON";"NON";"17066";"";"";"";"2021-10-06";"141000";""
"17067";"3199";"PLU";"COM";"2006-01-16 23:00:00+00:00";"2002-09-02 22:00:00+00:00";"39";"17";"75";"2021";"NON";"NON";"17067";"";"";"";"2021-10-06";"10139";""
"17068";"1199";"CC";"COM";"2011-07-18 22:00:00+00:00";"2009-09-27 22:00:00+00:00";"19";"17";"75";"2021";"NON";"NON";"17068";"";"";"";"2021-10-06";"24589";""
"17070";"3199";"PLU";"COM";"2018-07-09 22:00:00+00:00";"2015-01-26 23:00:00+00:00";"39";"17";"75";"2021";"NON";"NON";"17070";"";"";"";"2021-10-06";"138059";""
"17072";"3499";"PLU";"CA";"2021-06-07 22:00:00+00:00";"2014-05-26 22:00:00+00:00";"39";"17";"75";"2021";"NON";"NON";"200036473";"";"";"";"2021-10-06";"138055";""
"17073";"3499";"PLU";"CA";"2017-04-02 22:00:00+00:00";"2012-06-04 22:00:00+00:00";"39";"17";"75";"2021";"NON";"NON";"200036473";"";"";"";"2021-10-06";"108960";""
"17074";"3199";"PLU";"COM";"2008-06-26 22:00:00+00:00";"2004-05-03 22:00:00+00:00";"39";"17";"75";"2021";"NON";"NON";"17074";"";"";"";"2021-10-06";"9934";""
"17075";"3199";"PLU";"COM";"2021-04-05 22:00:00+00:00";"2016-11-06 23:00:00+00:00";"39";"17";"75";"2021";"NON";"NON";"17075";"";"";"";"2021-10-06";"153318";""
"17076";"1131";"CC";"COM";"2010-08-03 22:00:00+00:00";"2006-02-03 23:00:00+00:00";"13";"17";"75";"2021";"NON";"NON";"17076";"";"";"";"2021-10-06";"15088";""
"17077";"3199";"PLU";"COM";"2019-09-25 22:00:00+00:00";"2014-06-30 22:00:00+00:00";"39";"17";"75";"2021";"NON";"NON";"17077";"";"";"";"2021-10-06";"131804";""
"17078";"1199";"CC";"COM";"2014-03-23 23:00:00+00:00";"2009-06-22 22:00:00+00:00";"19";"17";"75";"2021";"NON";"NON";"17078";"";"";"";"2021-10-06";"39392";""
"17079";"3131";"PLU";"COM";"2008-10-27 23:00:00+00:00";"2004-11-22 23:00:00+00:00";"33";"17";"75";"2021";"NON";"NON";"17079";"";"";"";"2021-10-06";"6373";""
"17080";"3299";"PLUi/PLUiS";"CC";"2020-02-10 23:00:00+00:00";"2015-12-07 23:00:00+00:00";"39";"17";"75";"2021";"NON";"OUI";"17080";"";"";"";"2021-10-06";"146124";""
"17081";"1199";"CC";"COM";"2020-10-15 22:00:00+00:00";"2011-10-20 22:00:00+00:00";"19";"17";"75";"2021";"NON";"NON";"17081";"";"";"";"2021-10-06";"83416";""
"17082";"1131";"CC";"COM";"2005-03-31 22:00:00+00:00";"2003-11-30 23:00:00+00:00";"13";"17";"75";"2021";"NON";"NON";"17082";"";"";"";"2021-10-06";"4823";""
"17083";"3131";"PLU";"COM";"2007-10-02 22:00:00+00:00";"2004-03-23 23:00:00+00:00";"33";"17";"75";"2021";"NON";"NON";"17083";"";"";"";"2021-10-06";"868";""
"17084";"1199";"CC";"COM";"2010-03-31 22:00:00+00:00";"2007-09-16 22:00:00+00:00";"19";"17";"75";"2021";"NON";"NON";"17084";"";"";"";"2021-10-06";"32143";""
"17085";"3199";"PLU";"COM";"2021-08-01 22:00:00+00:00";"2014-11-24 23:00:00+00:00";"39";"17";"75";"2021";"NON";"NON";"17085";"";"";"";"2021-10-06";"134447";""
"17086";"3499";"PLU";"CA";"2006-10-29 23:00:00+00:00";"2001-08-05 22:00:00+00:00";"39";"17";"75";"2021";"NON";"NON";"200036473";"";"";"";"2021-10-06";"21430";""
"17087";"3199";"PLU";"COM";"2011-04-06 22:00:00+00:00";"2006-03-13 23:00:00+00:00";"39";"17";"75";"2021";"NON";"NON";"17087";"";"";"";"2021-10-06";"15171";""
"17089";"3499";"PLU";"CA";"2011-07-10 22:00:00+00:00";"2004-10-05 22:00:00+00:00";"39";"17";"75";"2021";"NON";"NON";"200036473";"";"";"";"2021-10-06";"9683";""
"17091";"3299";"PLUi/PLUiS";"CC";"2021-05-18 22:00:00+00:00";"2015-12-15 23:00:00+00:00";"39";"17";"75";"2021";"NON";"OUI";"17091";"";"";"";"2021-10-06";"146125";""
"17093";"3199";"PLU";"COM";"2020-02-24 23:00:00+00:00";"2017-09-11 22:00:00+00:00";"39";"17";"75";"2021";"NON";"NON";"17093";"";"";"";"2021-10-06";"159084";""
"17094";"3299";"PLUi/PLUiS";"CA";"2019-12-18 23:00:00+00:00";"2014-11-23 23:00:00+00:00";"39";"17";"75";"2021";"NON";"OUI";"17094";"";"";"";"2021-10-06";"131087";""
"17095";"3199";"PLU";"COM";"2012-02-21 23:00:00+00:00";"2009-03-16 23:00:00+00:00";"39";"17";"75";"2021";"NON";"NON";"17095";"";"";"";"2021-10-06";"38418";""
"17096";"1199";"CC";"COM";"2018-07-19 22:00:00+00:00";"2015-10-11 22:00:00+00:00";"19";"17";"75";"2021";"NON";"NON";"17096";"";"";"";"2021-10-06";"149161";""
"17097";"3199";"PLU";"COM";"2018-12-05 23:00:00+00:00";"2015-06-22 22:00:00+00:00";"39";"17";"75";"2021";"NON";"NON";"17097";"";"";"";"2021-10-06";"139720";""
"17098";"3131";"PLU";"COM";"2009-07-14 22:00:00+00:00";"2004-05-23 22:00:00+00:00";"33";"17";"75";"2021";"NON";"NON";"17098";"";"";"";"2021-10-06";"6381";""
"17099";"3199";"PLU";"COM";"2018-08-26 22:00:00+00:00";"2014-08-24 22:00:00+00:00";"39";"17";"75";"2021";"NON";"NON";"17099";"";"";"";"2021-10-06";"131803";""
"17100";"3499";"PLU";"CA";"2006-03-15 23:00:00+00:00";"2001-05-30 22:00:00+00:00";"39";"17";"75";"2021";"NON";"NON";"200036473";"";"";"";"2021-10-06";"9689";""
"17101";"3199";"PLU";"COM";"2014-06-22 22:00:00+00:00";"2006-03-21 23:00:00+00:00";"39";"17";"75";"2021";"NON";"NON";"17101";"";"";"";"2021-10-06";"17668";""
"17102";"3499";"PLU";"CA";"2011-12-04 23:00:00+00:00";"2006-12-10 23:00:00+00:00";"39";"17";"75";"2021";"NON";"NON";"200036473";"";"";"";"2021-10-06";"26166";""
"17104";"1131";"CC";"COM";"2014-04-01 22:00:00+00:00";"2012-07-10 22:00:00+00:00";"13";"17";"75";"2021";"NON";"NON";"17104";"";"";"";"2021-10-06";"110376";""
"17105";"3199";"PLU";"COM";"2017-02-07 23:00:00+00:00";"2012-09-27 22:00:00+00:00";"39";"17";"75";"2021";"NON";"NON";"17105";"";"";"";"2021-10-06";"113086";""
"17106";"1199";"CC";"COM";"2007-07-01 22:00:00+00:00";"2004-05-27 22:00:00+00:00";"19";"17";"75";"2021";"NON";"NON";"17106";"";"";"";"2021-10-06";"4832";""
"17107";"3299";"PLUi/PLUiS";"CC";"2020-02-10 23:00:00+00:00";"2015-12-07 23:00:00+00:00";"39";"17";"75";"2021";"NON";"OUI";"17107";"";"";"";"2021-10-06";"146124";""
"17108";"1199";"CC";"COM";"2016-11-29 23:00:00+00:00";"2015-05-28 22:00:00+00:00";"19";"17";"75";"2021";"NON";"NON";"17108";"";"";"";"2021-10-06";"139128";""
"17109";"3299";"PLUi/PLUiS";"CA";"2019-12-18 23:00:00+00:00";"2014-11-23 23:00:00+00:00";"39";"17";"75";"2021";"NON";"OUI";"17109";"";"";"";"2021-10-06";"131087";""
"17110";"3199";"PLU";"COM";"2012-02-15 23:00:00+00:00";"2002-02-14 23:00:00+00:00";"39";"17";"75";"2021";"NON";"NON";"17110";"";"";"";"2021-10-06";"9945";""
"17111";"3199";"PLU";"COM";"2011-10-23 22:00:00+00:00";"2008-09-01 22:00:00+00:00";"39";"17";"75";"2021";"NON";"NON";"17111";"";"";"";"2021-10-06";"36497";""
"17112";"3499";"PLU";"CA";"2018-05-21 22:00:00+00:00";"2012-05-21 22:00:00+00:00";"39";"17";"75";"2021";"NON";"NON";"200036473";"";"";"";"2021-10-06";"107038";""
"17113";"1199";"CC";"COM";"2007-08-27 22:00:00+00:00";"2005-01-20 23:00:00+00:00";"19";"17";"75";"2021";"NON";"NON";"17113";"";"";"";"2021-10-06";"4846";""
"17114";"1199";"CC";"COM";"2007-10-14 22:00:00+00:00";"2003-09-29 22:00:00+00:00";"19";"17";"75";"2021";"NON";"NON";"17114";"";"";"";"2021-10-06";"4845";""
"17115";"1499";"CC";"CA";"2004-06-07 22:00:00+00:00";"2002-04-28 22:00:00+00:00";"19";"17";"75";"2021";"NON";"NON";"200036473";"";"";"";"2021-10-06";"4847";""
"17116";"1199";"CC";"COM";"2008-05-12 22:00:00+00:00";"2005-07-04 22:00:00+00:00";"19";"17";"75";"2021";"NON";"NON";"17116";"";"";"";"2021-10-06";"10889";""
"17119";"1199";"CC";"COM";"2005-02-24 23:00:00+00:00";"2002-06-12 22:00:00+00:00";"19";"17";"75";"2021";"NON";"NON";"17119";"";"";"";"2021-10-06";"4848";""
"17120";"3499";"PLU";"CA";"2009-10-21 22:00:00+00:00";"2004-05-04 22:00:00+00:00";"39";"17";"75";"2021";"NON";"NON";"200036473";"";"";"";"2021-10-06";"9700";""
"17121";"3299";"PLUi/PLUiS";"CC";"2019-12-16 23:00:00+00:00";"2015-12-16 23:00:00+00:00";"39";"17";"75";"2021";"NON";"OUI";"241700459";"";"";"";"2021-10-06";"146123";""
"17122";"1199";"CC";"COM";"2008-03-11 23:00:00+00:00";"2005-12-15 23:00:00+00:00";"19";"17";"75";"2021";"NON";"NON";"17122";"";"";"";"2021-10-06";"10890";""
"17124";"3199";"PLU";"COM";"2017-07-19 22:00:00+00:00";"2014-04-24 22:00:00+00:00";"39";"17";"75";"2021";"NON";"NON";"17124";"";"";"";"2021-10-06";"131119";""
"17125";"3199";"PLU";"COM";"2020-02-04 23:00:00+00:00";"2015-02-25 23:00:00+00:00";"39";"17";"75";"2021";"NON";"NON";"17125";"";"";"";"2021-10-06";"138060";""
"17126";"3199";"PLU";"COM";"2019-09-24 22:00:00+00:00";"2014-12-15 23:00:00+00:00";"39";"17";"75";"2021";"NON";"NON";"17126";"";"";"";"2021-10-06";"134882";""
"17127";"3299";"PLUi/PLUiS";"CC";"2021-05-18 22:00:00+00:00";"2015-12-15 23:00:00+00:00";"39";"17";"75";"2021";"NON";"OUI";"17127";"";"";"";"2021-10-06";"146125";""
"17128";"3499";"PLU";"CA";"2021-06-07 22:00:00+00:00";"2014-12-17 23:00:00+00:00";"39";"17";"75";"2021";"NON";"NON";"200036473";"";"";"";"2021-10-06";"135402";""
"17129";"1199";"CC";"COM";"2009-09-27 22:00:00+00:00";"2007-03-21 23:00:00+00:00";"19";"17";"75";"2021";"NON";"NON";"17129";"";"";"";"2021-10-06";"27572";""
"17130";"1199";"CC";"COM";"2019-07-29 22:00:00+00:00";"2011-03-01 23:00:00+00:00";"19";"17";"75";"2021";"NON";"NON";"17130";"";"";"";"2021-10-06";"70930";""
"17131";"3199";"PLU";"COM";"2019-12-11 23:00:00+00:00";"2015-01-27 23:00:00+00:00";"39";"17";"75";"2021";"NON";"NON";"17131";"";"";"";"2021-10-06";"139328";""
"17132";"3299";"PLUi/PLUiS";"CC";"2021-05-18 22:00:00+00:00";"2015-12-15 23:00:00+00:00";"39";"17";"75";"2021";"NON";"OUI";"17132";"";"";"";"2021-10-06";"146125";""
"17133";"3199";"PLU";"COM";"2020-09-02 22:00:00+00:00";"2015-09-02 22:00:00+00:00";"39";"17";"75";"2021";"NON";"NON";"17133";"";"";"";"2021-10-06";"141128";""
"17134";"3199";"PLU";"COM";"2013-06-06 22:00:00+00:00";"2006-07-06 22:00:00+00:00";"39";"17";"75";"2021";"NON";"NON";"17134";"";"";"";"2021-10-06";"15317";""
"17135";"3199";"PLU";"COM";"2013-07-25 22:00:00+00:00";"2009-12-10 23:00:00+00:00";"39";"17";"75";"2021";"NON";"NON";"17135";"";"";"";"2021-10-06";"40809";""
"17136";"3299";"PLUi/PLUiS";"CA";"2019-12-18 23:00:00+00:00";"2014-11-23 23:00:00+00:00";"39";"17";"75";"2021";"NON";"OUI";"17136";"";"";"";"2021-10-06";"131087";""
"17137";"1199";"CC";"COM";"2007-03-21 23:00:00+00:00";"2004-02-10 23:00:00+00:00";"19";"17";"75";"2021";"NON";"NON";"17137";"";"";"";"2021-10-06";"5116";""
"17139";"3199";"PLU";"COM";"2020-02-25 23:00:00+00:00";"2015-07-21 22:00:00+00:00";"39";"17";"75";"2021";"NON";"NON";"17139";"";"";"";"2021-10-06";"141461";""
"17140";"3199";"PLU";"COM";"2020-01-12 23:00:00+00:00";"2015-09-06 22:00:00+00:00";"39";"17";"75";"2021";"NON";"NON";"17140";"";"";"";"2021-10-06";"141348";""
"17141";"3499";"PLU";"CA";"2009-05-03 22:00:00+00:00";"2003-03-30 22:00:00+00:00";"39";"17";"75";"2021";"NON";"NON";"200036473";"";"";"";"2021-10-06";"9707";""
"17142";"3299";"PLUi/PLUiS";"CA";"2019-12-18 23:00:00+00:00";"2014-11-23 23:00:00+00:00";"39";"17";"75";"2021";"NON";"OUI";"17142";"";"";"";"2021-10-06";"131087";""
"17143";"3499";"PLU";"CA";"2016-02-10 23:00:00+00:00";"2008-09-11 22:00:00+00:00";"39";"17";"75";"2021";"NON";"NON";"200036473";"";"";"";"2021-10-06";"36583";""
"17145";"1199";"CC";"COM";"2013-09-11 22:00:00+00:00";"2008-07-21 22:00:00+00:00";"19";"17";"75";"2021";"NON";"NON";"17145";"";"";"";"2021-10-06";"35828";""
"17146";"3199";"PLU";"COM";"2019-05-05 22:00:00+00:00";"2014-12-09 23:00:00+00:00";"39";"17";"75";"2021";"NON";"NON";"17146";"";"";"";"2021-10-06";"156324";""
"17147";"3499";"PLU";"CA";"2009-09-30 22:00:00+00:00";"2006-02-07 23:00:00+00:00";"39";"17";"75";"2021";"NON";"NON";"17147";"";"";"";"2021-10-06";"15557";""
"17148";"3499";"PLU";"CA";"2007-11-27 23:00:00+00:00";"2004-07-07 22:00:00+00:00";"39";"17";"75";"2021";"NON";"NON";"200036473";"";"";"";"2021-10-06";"9714";""
"17150";"3131";"PLU";"COM";"2008-01-29 23:00:00+00:00";"2004-01-11 23:00:00+00:00";"33";"17";"75";"2021";"NON";"NON";"17150";"";"";"";"2021-10-06";"10194";""
"17151";"3131";"PLU";"COM";"2012-01-30 23:00:00+00:00";"2002-11-24 23:00:00+00:00";"33";"17";"75";"2021";"NON";"NON";"17151";"";"";"";"2021-10-06";"6386";""
"17152";"3131";"PLU";"COM";"2006-10-18 22:00:00+00:00";"2002-03-26 23:00:00+00:00";"33";"17";"75";"2021";"NON";"NON";"17152";"";"";"";"2021-10-06";"57730";""
"17153";"3299";"PLUi/PLUiS";"CA";"2019-12-18 23:00:00+00:00";"2014-11-23 23:00:00+00:00";"39";"17";"75";"2021";"NON";"OUI";"17153";"";"";"";"2021-10-06";"131087";""
"17154";"1199";"CC";"COM";"2005-04-12 22:00:00+00:00";"2001-07-29 22:00:00+00:00";"19";"17";"75";"2021";"NON";"NON";"17154";"";"";"";"2021-10-06";"5117";""
"17155";"3131";"PLU";"COM";"2008-05-14 22:00:00+00:00";"2001-10-24 22:00:00+00:00";"33";"17";"75";"2021";"NON";"NON";"17155";"";"";"";"2021-10-06";"6396";""
"17156";"1199";"CC";"COM";"2020-02-12 23:00:00+00:00";"2015-02-23 23:00:00+00:00";"19";"17";"75";"2021";"NON";"NON";"17156";"";"";"";"2021-10-06";"138049";""
"17157";"1199";"CC";"COM";"2005-01-16 23:00:00+00:00";"2003-07-10 22:00:00+00:00";"19";"17";"75";"2021";"NON";"NON";"17157";"";"";"";"2021-10-06";"5119";""
"17158";"3299";"PLUi/PLUiS";"CC";"2021-05-18 22:00:00+00:00";"2015-12-15 23:00:00+00:00";"39";"17";"75";"2021";"NON";"OUI";"17158";"";"";"";"2021-10-06";"146125";""
"17159";"1199";"CC";"COM";"2010-05-22 22:00:00+00:00";"2009-03-16 23:00:00+00:00";"19";"17";"75";"2021";"NON";"NON";"17159";"";"";"";"2021-10-06";"37980";""
"17160";"3131";"PLU";"COM";"2007-07-23 22:00:00+00:00";"2003-02-02 23:00:00+00:00";"33";"17";"75";"2021";"NON";"NON";"17160";"";"";"";"2021-10-06";"6399";""
"17161";"3299";"PLUi/PLUiS";"CC";"2019-12-16 23:00:00+00:00";"2015-12-16 23:00:00+00:00";"39";"17";"75";"2021";"NON";"OUI";"241700459";"";"";"";"2021-10-06";"146123";""
"17163";"3199";"PLU";"COM";"2021-06-27 22:00:00+00:00";"2014-06-19 22:00:00+00:00";"39";"17";"75";"2021";"NON";"NON";"17163";"";"";"";"2021-10-06";"130792";""
"17164";"3499";"PLU";"CA";"2017-02-14 23:00:00+00:00";"2010-11-09 23:00:00+00:00";"39";"17";"75";"2021";"NON";"NON";"200036473";"";"";"";"2021-10-06";"45999";""
"17165";"3131";"PLU";"COM";"2008-07-28 22:00:00+00:00";"2002-06-10 22:00:00+00:00";"33";"17";"75";"2021";"NON";"NON";"17165";"";"";"";"2021-10-06";"6075";""
"17166";"3299";"PLUi/PLUiS";"CC";"2020-02-10 23:00:00+00:00";"2015-12-07 23:00:00+00:00";"39";"17";"75";"2021";"NON";"OUI";"17166";"";"";"";"2021-10-06";"146124";""
"17167";"3199";"PLU";"COM";"2020-03-01 23:00:00+00:00";"2011-04-10 22:00:00+00:00";"39";"17";"75";"2021";"NON";"NON";"17167";"";"";"";"2021-10-06";"47780";""
"17168";"3131";"PLU";"COM";"2011-09-28 22:00:00+00:00";"2001-11-29 23:00:00+00:00";"33";"17";"75";"2021";"NON";"NON";"17168";"";"";"";"2021-10-06";"780";""
"17171";"1111";"CC";"COM";"2007-03-18 23:00:00+00:00";"2004-07-07 22:00:00+00:00";"11";"17";"75";"2021";"NON";"NON";"17171";"";"";"";"2021-10-06";"5122";""
"17172";"3131";"PLU";"COM";"2005-12-01 23:00:00+00:00";"2003-07-22 22:00:00+00:00";"33";"17";"75";"2021";"NON";"NON";"17172";"";"";"";"2021-10-06";"9729";""
"17174";"3299";"PLUi/PLUiS";"CC";"2020-02-10 23:00:00+00:00";"2015-12-07 23:00:00+00:00";"39";"17";"75";"2021";"NON";"OUI";"17174";"";"";"";"2021-10-06";"146124";""
"17175";"1199";"CC";"COM";"2004-11-17 23:00:00+00:00";"2002-12-01 23:00:00+00:00";"19";"17";"75";"2021";"NON";"NON";"17175";"";"";"";"2021-10-06";"5124";""
"17176";"3199";"PLU";"COM";"2021-05-06 22:00:00+00:00";"2015-02-19 23:00:00+00:00";"39";"17";"75";"2021";"NON";"NON";"17176";"";"";"";"2021-10-06";"138061";""
"17177";"3199";"PLU";"COM";"2016-07-24 22:00:00+00:00";"2011-07-10 22:00:00+00:00";"39";"17";"75";"2021";"NON";"NON";"17177";"";"";"";"2021-10-06";"76904";""
"17178";"1199";"CC";"COM";"2018-02-06 23:00:00+00:00";"2015-05-11 22:00:00+00:00";"19";"17";"75";"2021";"NON";"NON";"17178";"";"";"";"2021-10-06";"139133";""
"17179";"3434";"PLU";"CA";"2007-11-18 23:00:00+00:00";"2003-05-18 22:00:00+00:00";"33";"17";"75";"2021";"NON";"NON";"200036473";"";"";"";"2021-10-06";"9742";""
"17180";"3199";"PLU";"COM";"2015-06-22 22:00:00+00:00";"2011-07-03 22:00:00+00:00";"39";"17";"75";"2021";"NON";"NON";"17180";"";"";"";"2021-10-06";"76907";""
"17181";"1131";"CC";"COM";"2006-05-16 22:00:00+00:00";"2003-07-17 22:00:00+00:00";"13";"17";"75";"2021";"NON";"NON";"17181";"";"";"";"2021-10-06";"5128";""
"17182";"3299";"PLUi/PLUiS";"CC";"2021-05-18 22:00:00+00:00";"2015-12-15 23:00:00+00:00";"39";"17";"75";"2021";"NON";"OUI";"17182";"";"";"";"2021-10-06";"146125";""
"17183";"3199";"PLU";"COM";"2020-06-28 22:00:00+00:00";"2015-11-22 23:00:00+00:00";"39";"17";"75";"2021";"NON";"NON";"17183";"";"";"";"2021-10-06";"142684";""
"17184";"3199";"PLU";"COM";"2021-07-05 22:00:00+00:00";"2016-06-12 22:00:00+00:00";"39";"17";"75";"2021";"NON";"NON";"17184";"";"";"";"2021-10-06";"150137";""
"17185";"3131";"PLU";"COM";"2012-02-01 23:00:00+00:00";"2002-10-14 22:00:00+00:00";"33";"17";"75";"2021";"NON";"NON";"17185";"";"";"";"2021-10-06";"6656";""
"17186";"3299";"PLUi/PLUiS";"CC";"2021-05-18 22:00:00+00:00";"2015-12-15 23:00:00+00:00";"39";"17";"75";"2021";"NON";"OUI";"17186";"";"";"";"2021-10-06";"146125";""
"17187";"1131";"CC";"COM";"2013-04-08 22:00:00+00:00";"2008-11-23 23:00:00+00:00";"13";"17";"75";"2021";"NON";"NON";"17187";"";"";"";"2021-10-06";"37978";""
"17188";"3199";"PLU";"COM";"2016-01-17 23:00:00+00:00";"2011-09-29 22:00:00+00:00";"39";"17";"75";"2021";"NON";"NON";"17188";"";"";"";"2021-10-06";"78190";""
"17190";"3299";"PLUi/PLUiS";"CA";"2019-12-18 23:00:00+00:00";"2014-11-23 23:00:00+00:00";"39";"17";"75";"2021";"NON";"OUI";"17190";"";"";"";"2021-10-06";"131087";""
"17191";"1499";"CC";"CA";"2005-05-22 22:00:00+00:00";"2002-06-12 22:00:00+00:00";"19";"17";"75";"2021";"NON";"NON";"200036473";"";"";"";"2021-10-06";"5134";""
"17192";"1199";"CC";"COM";"2009-02-01 23:00:00+00:00";"2007-02-19 23:00:00+00:00";"19";"17";"75";"2021";"NON";"NON";"17192";"";"";"";"2021-10-06";"27567";""
"17193";"3299";"PLUi/PLUiS";"CA";"2019-12-18 23:00:00+00:00";"2014-11-23 23:00:00+00:00";"39";"17";"75";"2021";"NON";"OUI";"17193";"";"";"";"2021-10-06";"131087";""
"17194";"3299";"PLUi/PLUiS";"CA";"2019-12-18 23:00:00+00:00";"2014-11-23 23:00:00+00:00";"39";"17";"75";"2021";"NON";"OUI";"17194";"";"";"";"2021-10-06";"131087";""
"17195";"3199";"PLU";"COM";"2014-02-02 23:00:00+00:00";"2010-06-02 22:00:00+00:00";"39";"17";"75";"2021";"NON";"NON";"17195";"";"";"";"2021-10-06";"41697";""
"17196";"1111";"CC";"COM";"2005-01-18 23:00:00+00:00";"2002-04-16 22:00:00+00:00";"11";"17";"75";"2021";"NON";"NON";"17196";"";"";"";"2021-10-06";"5136";""
"17197";"3199";"PLU";"COM";"2008-05-22 22:00:00+00:00";"2005-05-01 22:00:00+00:00";"39";"17";"75";"2021";"NON";"NON";"17197";"";"";"";"2021-10-06";"9874";""
"17198";"3199";"PLU";"COM";"2011-02-09 23:00:00+00:00";"2005-05-22 22:00:00+00:00";"39";"17";"75";"2021";"NON";"NON";"17198";"";"";"";"2021-10-06";"10187";""
"17199";"1199";"CC";"COM";"2020-12-21 23:00:00+00:00";"2007-01-31 23:00:00+00:00";"19";"17";"75";"2021";"NON";"NON";"17199";"";"";"";"2021-10-06";"26295";""
"17200";"3299";"PLUi/PLUiS";"CA";"2019-12-18 23:00:00+00:00";"2014-11-23 23:00:00+00:00";"39";"17";"75";"2021";"NON";"OUI";"17200";"";"";"";"2021-10-06";"131087";""
"17201";"3299";"PLUi/PLUiS";"CC";"2021-05-18 22:00:00+00:00";"2015-12-15 23:00:00+00:00";"39";"17";"75";"2021";"NON";"OUI";"17201";"";"";"";"2021-10-06";"146125";""
"17202";"3199";"PLU";"COM";"2020-03-05 23:00:00+00:00";"2014-06-29 22:00:00+00:00";"39";"17";"75";"2021";"NON";"NON";"17202";"";"";"";"2021-10-06";"131121";""
"17203";"3299";"PLUi/PLUiS";"CC";"2020-02-10 23:00:00+00:00";"2015-12-07 23:00:00+00:00";"39";"17";"75";"2021";"NON";"OUI";"17203";"";"";"";"2021-10-06";"146124";""
"17204";"3199";"PLU";"COM";"2014-02-03 23:00:00+00:00";"2009-10-05 22:00:00+00:00";"39";"17";"75";"2021";"NON";"NON";"17204";"";"";"";"2021-10-06";"39498";""
"17205";"3199";"PLU";"COM";"2006-11-22 23:00:00+00:00";"2003-03-18 23:00:00+00:00";"39";"17";"75";"2021";"NON";"NON";"17205";"";"";"";"2021-10-06";"51228";""
"17207";"3299";"PLUi/PLUiS";"CC";"2019-12-16 23:00:00+00:00";"2015-12-16 23:00:00+00:00";"39";"17";"75";"2021";"NON";"OUI";"241700459";"";"";"";"2021-10-06";"146123";""
"17208";"3299";"PLUi/PLUiS";"CC";"2021-05-18 22:00:00+00:00";"2015-12-15 23:00:00+00:00";"39";"17";"75";"2021";"NON";"OUI";"17208";"";"";"";"2021-10-06";"146125";""
"17209";"1199";"CC";"COM";"2010-01-26 23:00:00+00:00";"2007-11-01 23:00:00+00:00";"19";"17";"75";"2021";"NON";"NON";"17209";"";"";"";"2021-10-06";"15119";""
"17210";"1199";"CC";"COM";"2005-06-27 22:00:00+00:00";"2003-05-05 22:00:00+00:00";"19";"17";"75";"2021";"NON";"NON";"17210";"";"";"";"2021-10-06";"5139";""
"17211";"3199";"PLU";"COM";"2017-03-08 23:00:00+00:00";"2014-06-25 22:00:00+00:00";"39";"17";"75";"2021";"NON";"NON";"17211";"";"";"";"2021-10-06";"131252";""
"17213";"3131";"PLU";"COM";"2007-07-08 22:00:00+00:00";"2003-08-26 22:00:00+00:00";"33";"17";"75";"2021";"NON";"NON";"17213";"";"";"";"2021-10-06";"10169";""
"17214";"1499";"CC";"CA";"2004-01-25 23:00:00+00:00";"2001-08-06 22:00:00+00:00";"19";"17";"75";"2021";"NON";"NON";"200036473";"";"";"";"2021-10-06";"5140";""
"17215";"1199";"CC";"COM";"2018-05-02 22:00:00+00:00";"2015-06-25 22:00:00+00:00";"19";"17";"75";"2021";"NON";"NON";"17215";"";"";"";"2021-10-06";"141473";""
"17216";"3199";"PLU";"COM";"2021-06-09 22:00:00+00:00";"2016-10-17 22:00:00+00:00";"39";"17";"75";"2021";"NON";"NON";"17216";"";"";"";"2021-10-06";"152412";""
"17217";"3131";"PLU";"COM";"2010-10-14 22:00:00+00:00";"2005-07-28 22:00:00+00:00";"33";"17";"75";"2021";"NON";"NON";"17217";"";"";"";"2021-10-06";"10188";""
"17218";"3299";"PLUi/PLUiS";"CC";"2021-05-18 22:00:00+00:00";"2015-12-15 23:00:00+00:00";"39";"17";"75";"2021";"NON";"OUI";"17218";"";"";"";"2021-10-06";"146125";""
"17219";"3131";"PLU";"COM";"2021-04-05 22:00:00+00:00";"2014-10-09 22:00:00+00:00";"33";"17";"75";"2021";"NON";"NON";"17219";"";"";"";"2021-10-06";"136369";""
"17220";"1199";"CC";"COM";"2009-12-22 23:00:00+00:00";"2008-12-01 23:00:00+00:00";"19";"17";"75";"2021";"NON";"NON";"17220";"";"";"";"2021-10-06";"38262";""
"17221";"3299";"PLUi/PLUiS";"CC";"2020-02-10 23:00:00+00:00";"2015-12-07 23:00:00+00:00";"39";"17";"75";"2021";"NON";"OUI";"17221";"";"";"";"2021-10-06";"146124";""
"17222";"3299";"PLUi/PLUiS";"CA";"2019-12-18 23:00:00+00:00";"2014-11-23 23:00:00+00:00";"39";"17";"75";"2021";"NON";"OUI";"17222";"";"";"";"2021-10-06";"131087";""
"17223";"3199";"PLU";"COM";"2017-10-08 22:00:00+00:00";"2011-08-11 22:00:00+00:00";"39";"17";"75";"2021";"NON";"NON";"17223";"";"";"";"2021-10-06";"75955";""
"17224";"3199";"PLU";"COM";"2020-03-01 23:00:00+00:00";"2018-05-13 22:00:00+00:00";"39";"17";"75";"2021";"NON";"NON";"17224";"";"";"";"2021-10-06";"162876";""
"17226";"3131";"PLU";"COM";"2009-07-19 22:00:00+00:00";"2005-01-27 23:00:00+00:00";"33";"17";"75";"2021";"NON";"NON";"17226";"";"";"";"2021-10-06";"10214";""
"17227";"1199";"CC";"COM";"2015-09-10 22:00:00+00:00";"2014-07-03 22:00:00+00:00";"19";"17";"75";"2021";"NON";"NON";"17227";"";"";"";"2021-10-06";"141750";""
"17228";"3131";"PLU";"COM";"2012-04-25 22:00:00+00:00";"2004-06-03 22:00:00+00:00";"33";"17";"75";"2021";"NON";"NON";"17228";"";"";"";"2021-10-06";"6454";""
"17229";"1199";"CC";"COM";"2010-04-18 22:00:00+00:00";"2008-10-01 22:00:00+00:00";"19";"17";"75";"2021";"NON";"NON";"17229";"";"";"";"2021-10-06";"36501";""
"17230";"3199";"PLU";"COM";"2013-09-19 22:00:00+00:00";"2004-01-20 23:00:00+00:00";"39";"17";"75";"2021";"NON";"NON";"17230";"";"";"";"2021-10-06";"5985";""
"17232";"3199";"PLU";"COM";"2019-09-23 22:00:00+00:00";"2015-04-08 22:00:00+00:00";"39";"17";"75";"2021";"NON";"NON";"17232";"";"";"";"2021-10-06";"144218";""
"17233";"1199";"CC";"COM";"2011-12-04 23:00:00+00:00";"2008-05-12 22:00:00+00:00";"19";"17";"75";"2021";"NON";"NON";"17233";"";"";"";"2021-10-06";"35751";""
"17234";"3199";"PLU";"COM";"2013-10-16 22:00:00+00:00";"2006-09-07 22:00:00+00:00";"39";"17";"75";"2021";"NON";"NON";"17234";"";"";"";"2021-10-06";"24048";""
"17235";"1499";"CC";"CA";"2010-12-13 23:00:00+00:00";"2006-09-21 22:00:00+00:00";"19";"17";"75";"2021";"NON";"NON";"200036473";"";"";"";"2021-10-06";"26167";""
"17236";"3199";"PLU";"COM";"2018-06-04 22:00:00+00:00";"2012-06-11 22:00:00+00:00";"39";"17";"75";"2021";"NON";"NON";"17236";"";"";"";"2021-10-06";"70947";""
"17237";"3199";"PLU";"COM";"2018-12-18 23:00:00+00:00";"2014-12-09 23:00:00+00:00";"39";"17";"75";"2021";"NON";"NON";"17237";"";"";"";"2021-10-06";"135152";""
"17239";"3131";"PLU";"COM";"2010-10-18 22:00:00+00:00";"2004-02-17 23:00:00+00:00";"33";"17";"75";"2021";"NON";"NON";"17239";"";"";"";"2021-10-06";"10204";""
"17240";"3199";"PLU";"COM";"2005-06-05 22:00:00+00:00";"1998-10-25 23:00:00+00:00";"39";"17";"75";"2021";"NON";"NON";"17240";"";"";"";"2021-10-06";"9881";""
"17241";"3199";"PLU";"COM";"2005-01-25 23:00:00+00:00";"2002-07-15 22:00:00+00:00";"39";"17";"75";"2021";"NON";"NON";"17241";"";"";"";"2021-10-06";"9950";""
"17242";"1499";"CC";"CA";"2006-09-17 22:00:00+00:00";"2004-05-16 22:00:00+00:00";"19";"17";"75";"2021";"NON";"NON";"17242";"";"";"";"2021-10-06";"5146";""
"17243";"3199";"PLU";"COM";"2017-11-27 23:00:00+00:00";"2009-05-10 22:00:00+00:00";"39";"17";"75";"2021";"NON";"NON";"17243";"";"";"";"2021-10-06";"38651";""
"17244";"1199";"CC";"COM";"2007-07-09 22:00:00+00:00";"2005-11-15 23:00:00+00:00";"19";"17";"75";"2021";"NON";"NON";"17244";"";"";"";"2021-10-06";"5145";""
"17245";"3299";"PLUi/PLUiS";"CA";"2019-12-18 23:00:00+00:00";"2014-11-23 23:00:00+00:00";"39";"17";"75";"2021";"NON";"OUI";"17245";"";"";"";"2021-10-06";"131087";""
"17246";"3199";"PLU";"COM";"2020-03-08 23:00:00+00:00";"2016-11-15 23:00:00+00:00";"39";"17";"75";"2021";"NON";"NON";"17246";"";"";"";"2021-10-06";"152413";""
"17247";"3199";"PLU";"COM";"2018-04-09 22:00:00+00:00";"2008-07-27 22:00:00+00:00";"39";"17";"75";"2021";"NON";"NON";"17247";"";"";"";"2021-10-06";"35840";""
"17249";"1199";"CC";"COM";"2018-12-11 23:00:00+00:00";"2015-06-22 22:00:00+00:00";"19";"17";"75";"2021";"NON";"NON";"17249";"";"";"";"2021-10-06";"141751";""
"17250";"3199";"PLU";"COM";"2004-12-06 23:00:00+00:00";"2002-02-18 23:00:00+00:00";"39";"17";"75";"2021";"NON";"NON";"17250";"";"";"";"2021-10-06";"9996";""
"17252";"3199";"PLU";"COM";"2020-02-03 23:00:00+00:00";"2014-05-05 22:00:00+00:00";"39";"17";"75";"2021";"NON";"NON";"17252";"";"";"";"2021-10-06";"130800";""
"17253";"3199";"PLU";"COM";"2008-03-17 23:00:00+00:00";"2004-04-22 22:00:00+00:00";"39";"17";"75";"2021";"NON";"NON";"17253";"";"";"";"2021-10-06";"6546";""
"17254";"3199";"PLU";"COM";"2010-07-22 22:00:00+00:00";"2005-10-20 22:00:00+00:00";"39";"17";"75";"2021";"NON";"NON";"17254";"";"";"";"2021-10-06";"10223";""
"17255";"3199";"PLU";"COM";"2017-02-15 23:00:00+00:00";"2012-02-02 23:00:00+00:00";"39";"17";"75";"2021";"NON";"NON";"17255";"";"";"";"2021-10-06";"104541";""
"17256";"3199";"PLU";"COM";"2013-05-20 22:00:00+00:00";"2009-12-07 23:00:00+00:00";"39";"17";"75";"2021";"NON";"NON";"17256";"";"";"";"2021-10-06";"40810";""
"17257";"3199";"PLU";"COM";"2006-02-26 23:00:00+00:00";"2002-08-28 22:00:00+00:00";"39";"17";"75";"2021";"NON";"NON";"17257";"";"";"";"2021-10-06";"10103";""
"17258";"1199";"CC";"COM";"2017-12-05 23:00:00+00:00";"2015-04-07 22:00:00+00:00";"19";"17";"75";"2021";"NON";"NON";"17258";"";"";"";"2021-10-06";"139130";""
"17259";"1199";"CC";"COM";"2017-02-02 23:00:00+00:00";"2015-03-25 23:00:00+00:00";"19";"17";"75";"2021";"NON";"NON";"17259";"";"";"";"2021-10-06";"138159";""
"17260";"1199";"CC";"COM";"2013-11-12 23:00:00+00:00";"2008-11-18 23:00:00+00:00";"19";"17";"75";"2021";"NON";"NON";"17260";"";"";"";"2021-10-06";"38042";""
"17261";"3131";"PLU";"COM";"2011-07-18 22:00:00+00:00";"2004-02-09 23:00:00+00:00";"33";"17";"75";"2021";"NON";"NON";"17261";"";"";"";"2021-10-06";"10207";""
"17262";"3199";"PLU";"COM";"2017-06-05 22:00:00+00:00";"2011-03-28 22:00:00+00:00";"39";"17";"75";"2021";"NON";"NON";"17262";"";"";"";"2021-10-06";"71615";""
"17263";"1199";"CC";"COM";"2007-07-22 22:00:00+00:00";"2005-02-06 23:00:00+00:00";"19";"17";"75";"2021";"NON";"NON";"17263";"";"";"";"2021-10-06";"5156";""
"17264";"3299";"PLUi/PLUiS";"CA";"2019-12-18 23:00:00+00:00";"2014-11-23 23:00:00+00:00";"39";"17";"75";"2021";"NON";"OUI";"17264";"";"";"";"2021-10-06";"131087";""
"17265";"3199";"PLU";"COM";"2003-12-11 23:00:00+00:00";"1999-10-25 22:00:00+00:00";"39";"17";"75";"2021";"NON";"NON";"17265";"";"";"";"2021-10-06";"6673";""
"17266";"1131";"CC";"COM";"2008-05-18 22:00:00+00:00";"2003-10-08 22:00:00+00:00";"13";"17";"75";"2021";"NON";"NON";"17266";"";"";"";"2021-10-06";"5318";""
"17267";"3299";"PLUi/PLUiS";"CC";"2021-05-18 22:00:00+00:00";"2015-12-15 23:00:00+00:00";"39";"17";"75";"2021";"NON";"OUI";"17267";"";"";"";"2021-10-06";"146125";""
"17268";"3199";"PLU";"COM";"2014-03-19 23:00:00+00:00";"2008-09-15 22:00:00+00:00";"39";"17";"75";"2021";"NON";"NON";"17268";"";"";"";"2021-10-06";"36516";""
"17269";"3199";"PLU";"COM";"2013-11-03 23:00:00+00:00";"2009-11-26 23:00:00+00:00";"39";"17";"75";"2021";"NON";"NON";"17269";"";"";"";"2021-10-06";"41177";""
"17271";"3199";"PLU";"COM";"2014-12-03 23:00:00+00:00";"2009-11-11 23:00:00+00:00";"39";"17";"75";"2021";"NON";"NON";"17271";"";"";"";"2021-10-06";"40088";""
"17273";"3199";"PLU";"COM";"2008-06-01 22:00:00+00:00";"2005-02-14 23:00:00+00:00";"39";"17";"75";"2021";"NON";"NON";"17273";"";"";"";"2021-10-06";"9966";""
"17274";"3299";"PLUi/PLUiS";"CA";"2019-12-18 23:00:00+00:00";"2014-11-23 23:00:00+00:00";"39";"17";"75";"2021";"NON";"OUI";"17274";"";"";"";"2021-10-06";"131087";""
"17275";"3499";"PLU";"CA";"2011-11-06 23:00:00+00:00";"2006-08-20 22:00:00+00:00";"39";"17";"75";"2021";"NON";"NON";"200036473";"";"";"";"2021-10-06";"21428";""
"17277";"3131";"PLU";"COM";"2006-01-22 23:00:00+00:00";"2002-06-30 22:00:00+00:00";"33";"17";"75";"2021";"NON";"NON";"17277";"";"";"";"2021-10-06";"6051";""
"17278";"3499";"PLU";"CA";"2015-03-16 23:00:00+00:00";"2012-06-11 22:00:00+00:00";"39";"17";"75";"2021";"NON";"NON";"200036473";"";"";"";"2021-10-06";"109202";""
"17279";"3199";"PLU";"COM";"2008-02-29 23:00:00+00:00";"2006-07-16 22:00:00+00:00";"39";"17";"75";"2021";"NON";"NON";"17279";"";"";"";"2021-10-06";"21472";""
"17280";"1111";"CC";"COM";"2005-12-07 23:00:00+00:00";"2003-09-28 22:00:00+00:00";"11";"17";"75";"2021";"NON";"NON";"17280";"";"";"";"2021-10-06";"5510";""
"17282";"1199";"CC";"COM";"2019-10-07 22:00:00+00:00";"2015-04-24 22:00:00+00:00";"19";"17";"75";"2021";"NON";"NON";"17282";"";"";"";"2021-10-06";"139135";""
"17283";"3199";"PLU";"COM";"2010-10-19 22:00:00+00:00";"2005-03-28 22:00:00+00:00";"39";"17";"75";"2021";"NON";"NON";"17283";"";"";"";"2021-10-06";"9982";""
"17284";"3199";"PLU";"COM";"2003-09-14 22:00:00+00:00";"2000-11-19 23:00:00+00:00";"39";"17";"75";"2021";"NON";"NON";"17284";"";"";"";"2021-10-06";"51229";""
"17285";"3131";"PLU";"COM";"2009-07-02 22:00:00+00:00";"2006-03-30 22:00:00+00:00";"33";"17";"75";"2021";"NON";"NON";"17285";"";"";"";"2021-10-06";"21429";""
"17286";"3299";"PLUi/PLUiS";"CC";"2019-12-16 23:00:00+00:00";"2015-12-16 23:00:00+00:00";"39";"17";"75";"2021";"NON";"OUI";"241700459";"";"";"";"2021-10-06";"146123";""
"17288";"1199";"CC";"COM";"2009-11-01 23:00:00+00:00";"2006-10-18 22:00:00+00:00";"19";"17";"75";"2021";"NON";"NON";"17288";"";"";"";"2021-10-06";"24049";""
"17289";"3499";"PLU";"CA";"2016-07-03 22:00:00+00:00";"2011-07-17 22:00:00+00:00";"39";"17";"75";"2021";"NON";"NON";"200036473";"";"";"";"2021-10-06";"71617";""
"17290";"3199";"PLU";"COM";"2015-11-15 23:00:00+00:00";"2009-11-09 23:00:00+00:00";"39";"17";"75";"2021";"NON";"NON";"17290";"";"";"";"2021-10-06";"40089";""
"17291";"3299";"PLUi/PLUiS";"CA";"2019-12-18 23:00:00+00:00";"2014-11-23 23:00:00+00:00";"39";"17";"75";"2021";"NON";"OUI";"17291";"";"";"";"2021-10-06";"131087";""
"17292";"3199";"PLU";"COM";"2017-11-08 23:00:00+00:00";"2014-06-25 22:00:00+00:00";"39";"17";"75";"2021";"NON";"NON";"17292";"";"";"";"2021-10-06";"130850";""
"17293";"3299";"PLUi/PLUiS";"CC";"2020-02-10 23:00:00+00:00";"2015-12-07 23:00:00+00:00";"39";"17";"75";"2021";"NON";"OUI";"17293";"";"";"";"2021-10-06";"146124";""
"17296";"3199";"PLU";"COM";"2019-05-15 22:00:00+00:00";"2009-05-18 22:00:00+00:00";"39";"17";"75";"2021";"NON";"NON";"17296";"";"";"";"2021-10-06";"43803";""
"17297";"3299";"PLUi/PLUiS";"CC";"2019-12-16 23:00:00+00:00";"2015-12-16 23:00:00+00:00";"39";"17";"75";"2021";"NON";"OUI";"241700459";"";"";"";"2021-10-06";"146123";""
"17298";"3199";"PLU";"COM";"2019-10-06 22:00:00+00:00";"2013-10-20 22:00:00+00:00";"39";"17";"75";"2021";"NON";"NON";"17298";"";"";"";"2021-10-06";"125458";""
"17299";"3199";"PLU";"COM";"2020-02-11 23:00:00+00:00";"2008-09-09 22:00:00+00:00";"39";"17";"75";"2021";"NON";"NON";"17299";"";"";"";"2021-10-06";"36573";""
"17300";"3299";"PLUi/PLUiS";"CA";"2019-12-18 23:00:00+00:00";"2014-11-23 23:00:00+00:00";"39";"17";"75";"2021";"NON";"OUI";"17300";"";"";"";"2021-10-06";"131087";""
"17302";"1111";"CC";"COM";"2004-05-05 22:00:00+00:00";"2002-01-10 23:00:00+00:00";"11";"17";"75";"2021";"NON";"NON";"17302";"";"";"";"2021-10-06";"5920";""
"17303";"3299";"PLUi/PLUiS";"CC";"2021-05-18 22:00:00+00:00";"2015-12-15 23:00:00+00:00";"39";"17";"75";"2021";"NON";"OUI";"17303";"";"";"";"2021-10-06";"146125";""
"17304";"1499";"CC";"CA";"2014-08-10 22:00:00+00:00";"2012-07-02 22:00:00+00:00";"19";"17";"75";"2021";"NON";"NON";"17304";"";"";"";"2021-10-06";"115528";""
"17305";"1199";"CC";"COM";"2021-08-09 22:00:00+00:00";"2015-03-26 23:00:00+00:00";"19";"17";"75";"2021";"NON";"NON";"17305";"";"";"";"2021-10-06";"139134";""
"17306";"3199";"PLU";"COM";"2021-06-02 22:00:00+00:00";"2015-06-21 22:00:00+00:00";"39";"17";"75";"2021";"NON";"NON";"17306";"";"";"";"2021-10-06";"140265";""
"17307";"3131";"PLU";"COM";"2008-02-11 23:00:00+00:00";"2003-10-06 22:00:00+00:00";"33";"17";"75";"2021";"NON";"NON";"17307";"";"";"";"2021-10-06";"9781";""
"17308";"3199";"PLU";"COM";"2016-06-13 22:00:00+00:00";"2010-10-10 22:00:00+00:00";"39";"17";"75";"2021";"NON";"NON";"17308";"";"";"";"2021-10-06";"63825";""
"17309";"3199";"PLU";"COM";"2005-09-15 22:00:00+00:00";"2002-02-19 23:00:00+00:00";"39";"17";"75";"2021";"NON";"NON";"17309";"";"";"";"2021-10-06";"9956";""
"17310";"3199";"PLU";"COM";"2020-07-27 22:00:00+00:00";"2017-12-04 23:00:00+00:00";"39";"17";"75";"2021";"NON";"NON";"17310";"";"";"";"2021-10-06";"160065";""
"17311";"3131";"PLU";"COM";"2006-08-08 22:00:00+00:00";"2001-11-15 23:00:00+00:00";"33";"17";"75";"2021";"NON";"NON";"17311";"";"";"";"2021-10-06";"6484";""
"17312";"3199";"PLU";"COM";"2011-06-21 22:00:00+00:00";"2005-03-06 23:00:00+00:00";"39";"17";"75";"2021";"NON";"NON";"17312";"";"";"";"2021-10-06";"9907";""
"17313";"3499";"PLU";"CA";"2012-01-15 23:00:00+00:00";"2004-07-22 22:00:00+00:00";"39";"17";"75";"2021";"NON";"NON";"200036473";"";"";"";"2021-10-06";"9815";""
"17314";"3499";"PLU";"CA";"2017-03-27 22:00:00+00:00";"2009-02-04 23:00:00+00:00";"39";"17";"75";"2021";"NON";"NON";"200036473";"";"";"";"2021-10-06";"37954";""
"17315";"3299";"PLUi/PLUiS";"CA";"2019-12-18 23:00:00+00:00";"2014-11-23 23:00:00+00:00";"39";"17";"75";"2021";"NON";"OUI";"17315";"";"";"";"2021-10-06";"131087";""
"17316";"1199";"CC";"COM";"2017-09-05 22:00:00+00:00";"2015-01-15 23:00:00+00:00";"19";"17";"75";"2021";"NON";"NON";"17316";"";"";"";"2021-10-06";"138050";""
"17317";"1199";"CC";"COM";"2005-10-05 22:00:00+00:00";"2003-05-12 22:00:00+00:00";"19";"17";"75";"2021";"NON";"NON";"17317";"";"";"";"2021-10-06";"5519";""
"17318";"3299";"PLUi/PLUiS";"CC";"2019-12-16 23:00:00+00:00";"2015-12-16 23:00:00+00:00";"39";"17";"75";"2021";"NON";"OUI";"241700459";"";"";"";"2021-10-06";"146123";""
"17320";"3199";"PLU";"COM";"2014-02-19 23:00:00+00:00";"2010-07-25 22:00:00+00:00";"39";"17";"75";"2021";"NON";"NON";"17320";"";"";"";"2021-10-06";"64404";""
"17321";"3299";"PLUi/PLUiS";"CC";"2020-02-10 23:00:00+00:00";"2015-12-07 23:00:00+00:00";"39";"17";"75";"2021";"NON";"OUI";"17321";"";"";"";"2021-10-06";"146124";""
"17322";"3299";"PLUi/PLUiS";"CC";"2021-05-18 22:00:00+00:00";"2015-12-15 23:00:00+00:00";"39";"17";"75";"2021";"NON";"OUI";"17322";"";"";"";"2021-10-06";"146125";""
"17323";"3199";"PLU";"COM";"2005-09-15 22:00:00+00:00";"2001-10-09 22:00:00+00:00";"39";"17";"75";"2021";"NON";"NON";"17323";"";"";"";"2021-10-06";"6687";""
"17324";"1199";"CC";"COM";"2019-05-06 22:00:00+00:00";"2015-05-19 22:00:00+00:00";"19";"17";"75";"2021";"NON";"NON";"17324";"";"";"";"2021-10-06";"140132";""
"17325";"3131";"PLU";"COM";"2007-05-01 22:00:00+00:00";"2003-02-19 23:00:00+00:00";"33";"17";"75";"2021";"NON";"NON";"17325";"";"";"";"2021-10-06";"9910";""
"17326";"1199";"CC";"COM";"2016-12-07 23:00:00+00:00";"2014-06-19 22:00:00+00:00";"19";"17";"75";"2021";"NON";"NON";"17326";"";"";"";"2021-10-06";"130521";""
"17327";"3199";"PLU";"COM";"2014-07-09 22:00:00+00:00";"2008-02-14 23:00:00+00:00";"39";"17";"75";"2021";"NON";"NON";"17327";"";"";"";"2021-10-06";"34563";""
"17328";"3131";"PLU";"COM";"2007-05-01 22:00:00+00:00";"2002-02-04 23:00:00+00:00";"33";"17";"75";"2021";"NON";"NON";"17328";"";"";"";"2021-10-06";"9913";""
"17330";"3199";"PLU";"COM";"2019-10-16 22:00:00+00:00";"2015-03-18 23:00:00+00:00";"39";"17";"75";"2021";"NON";"NON";"17330";"";"";"";"2021-10-06";"138093";""
"17331";"3131";"PLU";"COM";"2008-05-13 22:00:00+00:00";"2006-06-11 22:00:00+00:00";"33";"17";"75";"2021";"NON";"NON";"17331";"";"";"";"2021-10-06";"21474";""
"17332";"1199";"CC";"COM";"2007-12-02 23:00:00+00:00";"2006-11-22 23:00:00+00:00";"19";"17";"75";"2021";"NON";"NON";"17332";"";"";"";"2021-10-06";"26297";""
"17333";"3199";"PLU";"COM";"2021-03-24 23:00:00+00:00";"2009-12-17 23:00:00+00:00";"39";"17";"75";"2021";"NON";"NON";"17333";"";"";"";"2021-10-06";"40578";""
"17334";"3199";"PLU";"COM";"2014-09-07 22:00:00+00:00";"2011-09-18 22:00:00+00:00";"39";"17";"75";"2021";"NON";"NON";"17334";"";"";"";"2021-10-06";"79720";""
"17335";"3199";"PLU";"COM";"2016-07-25 22:00:00+00:00";"2012-02-14 23:00:00+00:00";"39";"17";"75";"2021";"NON";"NON";"17335";"";"";"";"2021-10-06";"103752";""
"17336";"3499";"PLU";"CA";"2019-10-21 22:00:00+00:00";"2017-03-05 23:00:00+00:00";"39";"17";"75";"2021";"NON";"NON";"200036473";"";"";"";"2021-10-06";"156075";""
"17337";"3199";"PLU";"COM";"2009-04-29 22:00:00+00:00";"2004-12-19 23:00:00+00:00";"39";"17";"75";"2021";"NON";"NON";"17337";"";"";"";"2021-10-06";"6688";""
"17338";"3299";"PLUi/PLUiS";"CC";"2020-02-10 23:00:00+00:00";"2015-12-07 23:00:00+00:00";"39";"17";"75";"2021";"NON";"OUI";"17338";"";"";"";"2021-10-06";"146124";""
"17339";"3199";"PLU";"COM";"2016-04-11 22:00:00+00:00";"2012-02-29 23:00:00+00:00";"39";"17";"75";"2021";"NON";"NON";"17339";"";"";"";"2021-10-06";"106273";""
"17340";"3299";"PLUi/PLUiS";"CC";"2020-02-10 23:00:00+00:00";"2015-12-07 23:00:00+00:00";"39";"17";"75";"2021";"NON";"OUI";"17340";"";"";"";"2021-10-06";"146124";""
"17342";"1199";"CC";"COM";"2009-09-27 22:00:00+00:00";"2007-02-21 23:00:00+00:00";"19";"17";"75";"2021";"NON";"NON";"17342";"";"";"";"2021-10-06";"27568";""
"17344";"3199";"PLU";"COM";"2017-02-21 23:00:00+00:00";"2013-07-17 22:00:00+00:00";"39";"17";"75";"2021";"NON";"NON";"17344";"";"";"";"2021-10-06";"123701";""
"17345";"3199";"PLU";"COM";"2021-04-20 22:00:00+00:00";"2015-12-16 23:00:00+00:00";"39";"17";"75";"2021";"NON";"NON";"17345";"";"";"";"2021-10-06";"147177";""
"17346";"3131";"PLU";"COM";"2008-11-05 23:00:00+00:00";"1999-07-22 22:00:00+00:00";"33";"17";"75";"2021";"NON";"NON";"17346";"";"";"";"2021-10-06";"829";""
"17347";"3131";"PLU";"COM";"2012-02-08 23:00:00+00:00";"2007-03-28 22:00:00+00:00";"33";"17";"75";"2021";"NON";"NON";"17347";"";"";"";"2021-10-06";"27566";""
"17348";"3131";"PLU";"COM";"2010-02-10 23:00:00+00:00";"2004-09-29 22:00:00+00:00";"33";"17";"75";"2021";"NON";"NON";"17348";"";"";"";"2021-10-06";"887";""
"17349";"3299";"PLUi/PLUiS";"CC";"2021-05-18 22:00:00+00:00";"2015-12-15 23:00:00+00:00";"39";"17";"75";"2021";"NON";"OUI";"17349";"";"";"";"2021-10-06";"146125";""
"17350";"3131";"PLU";"COM";"2007-05-10 22:00:00+00:00";"2002-06-30 22:00:00+00:00";"33";"17";"75";"2021";"NON";"NON";"17350";"";"";"";"2021-10-06";"10068";""
"17351";"3199";"PLU";"COM";"2007-03-12 23:00:00+00:00";"2002-03-13 23:00:00+00:00";"39";"17";"75";"2021";"NON";"NON";"17351";"";"";"";"2021-10-06";"6694";""
"17353";"3199";"PLU";"COM";"2020-10-19 22:00:00+00:00";"2016-01-03 23:00:00+00:00";"39";"17";"75";"2021";"NON";"NON";"17353";"";"";"";"2021-10-06";"150144";""
"17354";"1111";"CC";"COM";"2007-06-17 22:00:00+00:00";"2003-12-14 23:00:00+00:00";"11";"17";"75";"2021";"NON";"NON";"17354";"";"";"";"2021-10-06";"5526";""
"17355";"1199";"CC";"COM";"2008-11-13 23:00:00+00:00";"2008-05-04 22:00:00+00:00";"19";"17";"75";"2021";"NON";"NON";"17355";"";"";"";"2021-10-06";"41849";""
"17356";"3199";"PLU";"COM";"2013-05-06 22:00:00+00:00";"2007-11-18 23:00:00+00:00";"39";"17";"75";"2021";"NON";"NON";"17356";"";"";"";"2021-10-06";"34548";""
"17357";"1199";"CC";"COM";"2007-01-21 23:00:00+00:00";"2005-03-07 23:00:00+00:00";"19";"17";"75";"2021";"NON";"NON";"17357";"";"";"";"2021-10-06";"5532";""
"17358";"3199";"PLU";"COM";"2010-11-29 23:00:00+00:00";"2006-02-01 23:00:00+00:00";"39";"17";"75";"2021";"NON";"NON";"17358";"";"";"";"2021-10-06";"15183";""
"17359";"3299";"PLUi/PLUiS";"CC";"2020-02-10 23:00:00+00:00";"2015-12-07 23:00:00+00:00";"39";"17";"75";"2021";"NON";"OUI";"17359";"";"";"";"2021-10-06";"146124";""
"17360";"3299";"PLUi/PLUiS";"CC";"2019-12-16 23:00:00+00:00";"2015-12-16 23:00:00+00:00";"39";"17";"75";"2021";"NON";"OUI";"241700459";"";"";"";"2021-10-06";"146123";""
"17361";"3199";"PLU";"COM";"2015-03-12 23:00:00+00:00";"2011-10-20 22:00:00+00:00";"39";"17";"75";"2021";"NON";"NON";"17361";"";"";"";"2021-10-06";"80422";""
"17362";"3199";"PLU";"COM";"2009-05-13 22:00:00+00:00";"2005-02-23 23:00:00+00:00";"39";"17";"75";"2021";"NON";"NON";"17362";"";"";"";"2021-10-06";"9921";""
"17363";"3199";"PLU";"COM";"2014-02-20 23:00:00+00:00";"2011-10-04 22:00:00+00:00";"39";"17";"75";"2021";"NON";"NON";"17363";"";"";"";"2021-10-06";"45825";""
"17364";"1199";"CC";"COM";"2020-02-12 23:00:00+00:00";"2018-12-03 23:00:00+00:00";"19";"17";"75";"2021";"NON";"NON";"17364";"";"";"";"2021-10-06";"165954";""
"17365";"3199";"PLU";"COM";"2016-07-10 22:00:00+00:00";"2013-06-19 22:00:00+00:00";"39";"17";"75";"2021";"NON";"NON";"17365";"";"";"";"2021-10-06";"122172";""
"17366";"1199";"CC";"COM";"2007-05-02 22:00:00+00:00";"2005-02-03 23:00:00+00:00";"19";"17";"75";"2021";"NON";"NON";"17366";"";"";"";"2021-10-06";"5538";""
"17367";"3199";"PLU";"COM";"2011-11-06 23:00:00+00:00";"2006-01-19 23:00:00+00:00";"39";"17";"75";"2021";"NON";"NON";"17367";"";"";"";"2021-10-06";"10902";""
"17369";"3299";"PLUi/PLUiS";"CC";"2019-12-16 23:00:00+00:00";"2015-12-16 23:00:00+00:00";"39";"17";"75";"2021";"NON";"OUI";"241700459";"";"";"";"2021-10-06";"146123";""
"17372";"1199";"CC";"COM";"2018-07-17 22:00:00+00:00";"2015-06-10 22:00:00+00:00";"19";"17";"75";"2021";"NON";"NON";"17372";"";"";"";"2021-10-06";"140133";""
"17373";"3299";"PLUi/PLUiS";"CA";"2019-12-18 23:00:00+00:00";"2014-11-23 23:00:00+00:00";"39";"17";"75";"2021";"NON";"OUI";"17373";"";"";"";"2021-10-06";"131087";""
"17374";"3199";"PLU";"COM";"2013-07-16 22:00:00+00:00";"2009-05-03 22:00:00+00:00";"39";"17";"75";"2021";"NON";"NON";"17374";"";"";"";"2021-10-06";"38339";""
"17376";"3299";"PLUi/PLUiS";"CC";"2021-05-18 22:00:00+00:00";"2015-12-15 23:00:00+00:00";"39";"17";"75";"2021";"NON";"OUI";"17376";"";"";"";"2021-10-06";"146125";""
"17377";"3199";"PLU";"COM";"2015-10-15 22:00:00+00:00";"2011-06-23 22:00:00+00:00";"39";"17";"75";"2021";"NON";"NON";"17377";"";"";"";"2021-10-06";"71637";""
"17378";"1199";"CC";"COM";"2012-05-03 22:00:00+00:00";"2008-08-06 22:00:00+00:00";"19";"17";"75";"2021";"NON";"NON";"17378";"";"";"";"2021-10-06";"36584";""
"17379";"1199";"CC";"COM";"2018-06-19 22:00:00+00:00";"2015-04-29 22:00:00+00:00";"19";"17";"75";"2021";"NON";"NON";"17379";"";"";"";"2021-10-06";"139170";""
"17380";"3131";"PLU";"COM";"2012-08-07 22:00:00+00:00";"2010-06-22 22:00:00+00:00";"33";"17";"75";"2021";"NON";"NON";"17380";"";"";"";"2021-10-06";"41843";""
"17381";"1199";"CC";"COM";"2007-10-14 22:00:00+00:00";"2004-01-28 23:00:00+00:00";"19";"17";"75";"2021";"NON";"NON";"17381";"";"";"";"2021-10-06";"5550";""
"17382";"3299";"PLUi/PLUiS";"CC";"2020-02-10 23:00:00+00:00";"2015-12-07 23:00:00+00:00";"39";"17";"75";"2021";"NON";"OUI";"17382";"";"";"";"2021-10-06";"146124";""
"17384";"3199";"PLU";"COM";"2014-02-10 23:00:00+00:00";"2010-09-13 22:00:00+00:00";"39";"17";"75";"2021";"NON";"NON";"17384";"";"";"";"2021-10-06";"42391";""
"17385";"3131";"PLU";"COM";"2011-11-30 23:00:00+00:00";"2008-08-28 22:00:00+00:00";"33";"17";"75";"2021";"NON";"NON";"17385";"";"";"";"2021-10-06";"36491";""
"17386";"1199";"CC";"COM";"2021-09-09 22:00:00+00:00";"2012-12-10 23:00:00+00:00";"19";"17";"75";"2021";"NON";"NON";"17386";"";"";"";"2021-10-06";"122453";""
"17387";"3199";"PLU";"COM";"2012-11-11 23:00:00+00:00";"2009-02-08 23:00:00+00:00";"39";"17";"75";"2021";"NON";"NON";"17387";"";"";"";"2021-10-06";"38097";""
"17388";"1199";"CC";"COM";"2012-08-15 22:00:00+00:00";"2008-05-22 22:00:00+00:00";"19";"17";"75";"2021";"NON";"NON";"17388";"";"";"";"2021-10-06";"36512";""
"17389";"3131";"PLU";"COM";"2014-03-12 23:00:00+00:00";"2003-06-24 22:00:00+00:00";"33";"17";"75";"2021";"NON";"NON";"17389";"";"";"";"2021-10-06";"10260";""
"17390";"1199";"CC";"COM";"2019-08-13 22:00:00+00:00";"2015-06-16 22:00:00+00:00";"19";"17";"75";"2021";"NON";"NON";"17390";"";"";"";"2021-10-06";"141753";""
"17391";"3299";"PLUi/PLUiS";"CA";"2019-12-18 23:00:00+00:00";"2014-11-23 23:00:00+00:00";"39";"17";"75";"2021";"NON";"OUI";"17391";"";"";"";"2021-10-06";"131087";""
"17393";"3199";"PLU";"COM";"2015-10-13 22:00:00+00:00";"2009-02-15 23:00:00+00:00";"39";"17";"75";"2021";"NON";"NON";"17393";"";"";"";"2021-10-06";"37958";""
"17394";"3299";"PLUi/PLUiS";"CC";"2020-02-10 23:00:00+00:00";"2015-12-07 23:00:00+00:00";"39";"17";"75";"2021";"NON";"OUI";"17394";"";"";"";"2021-10-06";"146124";""
"17395";"3499";"PLU";"CA";"2017-10-01 22:00:00+00:00";"2010-01-19 23:00:00+00:00";"39";"17";"75";"2021";"NON";"NON";"200036473";"";"";"";"2021-10-06";"41038";""
"17396";"3299";"PLUi/PLUiS";"CC";"2021-05-18 22:00:00+00:00";"2015-12-15 23:00:00+00:00";"39";"17";"75";"2021";"NON";"OUI";"17396";"";"";"";"2021-10-06";"146125";""
"17397";"3199";"PLU";"COM";"2018-07-04 22:00:00+00:00";"2012-05-14 22:00:00+00:00";"39";"17";"75";"2021";"NON";"NON";"17397";"";"";"";"2021-10-06";"109050";""
"17398";"1199";"CC";"COM";"2015-09-10 22:00:00+00:00";"2012-07-22 22:00:00+00:00";"19";"17";"75";"2021";"NON";"NON";"17398";"";"";"";"2021-10-06";"111985";""
"17400";"3499";"PLU";"CA";"2008-01-15 23:00:00+00:00";"2005-02-22 23:00:00+00:00";"39";"17";"75";"2021";"NON";"NON";"200036473";"";"";"";"2021-10-06";"5561";""
"17401";"3199";"PLU";"COM";"2014-09-03 22:00:00+00:00";"2010-10-10 22:00:00+00:00";"39";"17";"75";"2021";"NON";"NON";"17401";"";"";"";"2021-10-06";"43674";""
"17404";"1199";"CC";"COM";"2013-09-17 22:00:00+00:00";"2011-06-09 22:00:00+00:00";"19";"17";"75";"2021";"NON";"NON";"17404";"";"";"";"2021-10-06";"77936";""
"17405";"3199";"PLU";"COM";"2016-06-15 22:00:00+00:00";"2008-09-11 22:00:00+00:00";"39";"17";"75";"2021";"NON";"NON";"17405";"";"";"";"2021-10-06";"36513";""
"17406";"1131";"CC";"COM";"2007-03-18 23:00:00+00:00";"2003-03-20 23:00:00+00:00";"13";"17";"75";"2021";"NON";"NON";"17406";"";"";"";"2021-10-06";"5565";""
"17407";"3299";"PLUi/PLUiS";"CA";"2019-12-18 23:00:00+00:00";"2014-11-23 23:00:00+00:00";"39";"17";"75";"2021";"NON";"OUI";"17407";"";"";"";"2021-10-06";"131087";""
"17408";"1199";"CC";"COM";"2021-02-23 23:00:00+00:00";"2018-11-26 23:00:00+00:00";"19";"17";"75";"2021";"NON";"NON";"17408";"";"";"";"2021-10-06";"166455";""
"17409";"3199";"PLU";"COM";"2020-01-19 23:00:00+00:00";"2015-11-16 23:00:00+00:00";"39";"17";"75";"2021";"NON";"NON";"17409";"";"";"";"2021-10-06";"149319";""
"17410";"3131";"PLU";"COM";"2007-07-17 22:00:00+00:00";"2003-06-15 22:00:00+00:00";"33";"17";"75";"2021";"NON";"NON";"17410";"";"";"";"2021-10-06";"9927";""
"17411";"3131";"PLU";"COM";"2012-03-12 23:00:00+00:00";"2008-05-10 22:00:00+00:00";"33";"17";"75";"2021";"NON";"NON";"17411";"";"";"";"2021-10-06";"64405";""
"17412";"3499";"PLU";"CA";"2019-03-04 23:00:00+00:00";"2014-12-15 23:00:00+00:00";"39";"17";"75";"2021";"NON";"NON";"200036473";"";"";"";"2021-10-06";"135211";""
"17413";"3299";"PLUi/PLUiS";"CA";"2019-12-18 23:00:00+00:00";"2014-11-23 23:00:00+00:00";"39";"17";"75";"2021";"NON";"OUI";"17413";"";"";"";"2021-10-06";"131087";""
"17414";"3299";"PLUi/PLUiS";"CA";"2019-12-18 23:00:00+00:00";"2014-11-23 23:00:00+00:00";"39";"17";"75";"2021";"NON";"OUI";"17414";"";"";"";"2021-10-06";"131087";""
"17415";"3499";"PLU";"CA";"2013-12-19 23:00:00+00:00";"2010-12-16 23:00:00+00:00";"39";"17";"75";"2021";"NON";"NON";"200036473";"";"";"";"2021-10-06";"25380";""
"17417";"1199";"CC";"COM";"2006-04-18 22:00:00+00:00";"2003-10-13 22:00:00+00:00";"19";"17";"75";"2021";"NON";"NON";"17417";"";"";"";"2021-10-06";"6036";""
"17418";"1199";"CC";"COM";"2015-07-22 22:00:00+00:00";"2013-02-27 23:00:00+00:00";"19";"17";"75";"2021";"NON";"NON";"17418";"";"";"";"2021-10-06";"120750";""
"17420";"3299";"PLUi/PLUiS";"CA";"2019-12-18 23:00:00+00:00";"2014-11-23 23:00:00+00:00";"39";"17";"75";"2021";"NON";"OUI";"17420";"";"";"";"2021-10-06";"131087";""
"17421";"3131";"PLU";"COM";"2002-10-07 22:00:00+00:00";"1996-12-22 23:00:00+00:00";"33";"17";"75";"2021";"NON";"NON";"17421";"";"";"";"2021-10-06";"5992";""
"17423";"1199";"CC";"COM";"2019-05-08 22:00:00+00:00";"2015-05-21 22:00:00+00:00";"19";"17";"75";"2021";"NON";"NON";"17423";"";"";"";"2021-10-06";"140131";""
"17424";"1199";"CC";"COM";"2010-04-07 22:00:00+00:00";"2006-06-25 22:00:00+00:00";"19";"17";"75";"2021";"NON";"NON";"17424";"";"";"";"2021-10-06";"21476";""
"17425";"3199";"PLU";"COM";"2017-12-19 23:00:00+00:00";"2014-03-16 23:00:00+00:00";"39";"17";"75";"2021";"NON";"NON";"17425";"";"";"";"2021-10-06";"129923";""
"17427";"3199";"PLU";"COM";"2013-12-12 23:00:00+00:00";"2008-12-09 23:00:00+00:00";"39";"17";"75";"2021";"NON";"NON";"17427";"";"";"";"2021-10-06";"38429";""
"17428";"3199";"PLU";"COM";"2013-12-19 23:00:00+00:00";"2009-11-25 23:00:00+00:00";"39";"17";"75";"2021";"NON";"NON";"17428";"";"";"";"2021-10-06";"40808";""
"17429";"3199";"PLU";"COM";"2008-02-19 23:00:00+00:00";"2005-09-13 22:00:00+00:00";"39";"17";"75";"2021";"NON";"NON";"17429";"";"";"";"2021-10-06";"5082";""
"17430";"1199";"CC";"COM";"2009-05-03 22:00:00+00:00";"2008-08-21 22:00:00+00:00";"19";"17";"75";"2021";"NON";"NON";"17430";"";"";"";"2021-10-06";"36514";""
"17431";"3199";"PLU";"COM";"2016-07-03 22:00:00+00:00";"2011-11-06 23:00:00+00:00";"39";"17";"75";"2021";"NON";"NON";"17431";"";"";"";"2021-10-06";"97573";""
"17432";"1111";"CC";"COM";"2012-01-03 23:00:00+00:00";"2007-02-26 23:00:00+00:00";"11";"17";"75";"2021";"NON";"NON";"17432";"";"";"";"2021-10-06";"27571";""
"17433";"1199";"CC";"COM";"2007-07-26 22:00:00+00:00";"2003-03-04 23:00:00+00:00";"19";"17";"75";"2021";"NON";"NON";"17433";"";"";"";"2021-10-06";"6041";""
"17434";"3299";"PLUi/PLUiS";"CC";"2020-02-10 23:00:00+00:00";"2015-12-07 23:00:00+00:00";"39";"17";"75";"2021";"NON";"OUI";"17434";"";"";"";"2021-10-06";"146124";""
"17435";"1131";"CC";"COM";"2006-05-16 22:00:00+00:00";"2003-07-22 22:00:00+00:00";"13";"17";"75";"2021";"NON";"NON";"17435";"";"";"";"2021-10-06";"6042";""
"17436";"3131";"PLU";"COM";"2007-11-29 23:00:00+00:00";"2001-02-19 23:00:00+00:00";"33";"17";"75";"2021";"NON";"NON";"17436";"";"";"";"2021-10-06";"10165";""
"17437";"3199";"PLU";"COM";"2016-01-29 23:00:00+00:00";"2007-10-28 23:00:00+00:00";"39";"17";"75";"2021";"NON";"NON";"17437";"";"";"";"2021-10-06";"34616";""
"17438";"1199";"CC";"COM";"2019-02-11 23:00:00+00:00";"2011-11-07 23:00:00+00:00";"19";"17";"75";"2021";"NON";"NON";"17438";"";"";"";"2021-10-06";"97577";""
"17439";"3299";"PLUi/PLUiS";"CC";"2021-05-18 22:00:00+00:00";"2015-12-15 23:00:00+00:00";"39";"17";"75";"2021";"NON";"OUI";"17439";"";"";"";"2021-10-06";"146125";""
"17440";"3131";"PLU";"COM";"2005-02-16 23:00:00+00:00";"2002-05-20 22:00:00+00:00";"33";"17";"75";"2021";"NON";"NON";"17440";"";"";"";"2021-10-06";"10062";""
"17441";"3131";"PLU";"COM";"2005-12-18 23:00:00+00:00";"2003-01-26 23:00:00+00:00";"33";"17";"75";"2021";"NON";"NON";"17441";"";"";"";"2021-10-06";"9844";""
"17442";"1199";"CC";"COM";"2007-12-09 23:00:00+00:00";"2004-12-02 23:00:00+00:00";"19";"17";"75";"2021";"NON";"NON";"17442";"";"";"";"2021-10-06";"6043";""
"17443";"3299";"PLUi/PLUiS";"CA";"2019-12-18 23:00:00+00:00";"2014-11-23 23:00:00+00:00";"39";"17";"75";"2021";"NON";"OUI";"17443";"";"";"";"2021-10-06";"131087";""
"17444";"3499";"PLU";"CA";"2005-11-16 23:00:00+00:00";"2000-09-19 22:00:00+00:00";"39";"17";"75";"2021";"NON";"NON";"200036473";"";"";"";"2021-10-06";"9849";""
"17445";"3131";"PLU";"COM";"2008-11-01 23:00:00+00:00";"2004-05-09 22:00:00+00:00";"33";"17";"75";"2021";"NON";"NON";"17445";"";"";"";"2021-10-06";"9851";""
"17446";"3199";"PLU";"COM";"2007-08-02 22:00:00+00:00";"2003-04-08 22:00:00+00:00";"39";"17";"75";"2021";"NON";"NON";"17446";"";"";"";"2021-10-06";"10168";""
"17447";"3299";"PLUi/PLUiS";"CC";"2020-02-10 23:00:00+00:00";"2015-12-07 23:00:00+00:00";"39";"17";"75";"2021";"NON";"OUI";"17447";"";"";"";"2021-10-06";"146124";""
"17448";"3199";"PLU";"COM";"2015-12-14 23:00:00+00:00";"2013-07-31 22:00:00+00:00";"39";"17";"75";"2021";"NON";"NON";"17448";"";"";"";"2021-10-06";"123703";""
"17449";"3131";"PLU";"COM";"2011-11-22 23:00:00+00:00";"2006-02-22 23:00:00+00:00";"33";"17";"75";"2021";"NON";"NON";"17449";"";"";"";"2021-10-06";"15547";""
"17450";"3131";"PLU";"COM";"2009-05-25 22:00:00+00:00";"2006-01-26 23:00:00+00:00";"33";"17";"75";"2021";"NON";"NON";"17450";"";"";"";"2021-10-06";"10930";""
"17451";"3199";"PLU";"COM";"2018-01-22 23:00:00+00:00";"2015-01-21 23:00:00+00:00";"39";"17";"75";"2021";"NON";"NON";"17451";"";"";"";"2021-10-06";"138070";""
"17452";"3131";"PLU";"COM";"2014-10-19 22:00:00+00:00";"2003-03-24 23:00:00+00:00";"33";"17";"75";"2021";"NON";"NON";"17452";"";"";"";"2021-10-06";"6531";""
"17453";"3199";"PLU";"COM";"2011-11-02 23:00:00+00:00";"2008-06-26 22:00:00+00:00";"39";"17";"75";"2021";"NON";"NON";"17453";"";"";"";"2021-10-06";"35342";""
"17454";"1199";"CC";"COM";"2021-01-24 23:00:00+00:00";"2015-06-28 22:00:00+00:00";"19";"17";"75";"2021";"NON";"NON";"17454";"";"";"";"2021-10-06";"141754";""
"17455";"1199";"CC";"COM";"2007-08-02 22:00:00+00:00";"2004-05-31 22:00:00+00:00";"19";"17";"75";"2021";"NON";"NON";"17455";"";"";"";"2021-10-06";"6044";""
"17457";"3299";"PLUi/PLUiS";"CC";"2020-02-10 23:00:00+00:00";"2015-12-07 23:00:00+00:00";"39";"17";"75";"2021";"NON";"OUI";"17457";"";"";"";"2021-10-06";"146124";""
"17458";"1199";"CC";"COM";"2006-06-21 22:00:00+00:00";"2003-01-27 23:00:00+00:00";"19";"17";"75";"2021";"NON";"NON";"17458";"";"";"";"2021-10-06";"6046";""
"17459";"3199";"PLU";"COM";"2017-07-09 22:00:00+00:00";"2014-06-29 22:00:00+00:00";"39";"17";"75";"2021";"NON";"NON";"17459";"";"";"";"2021-10-06";"131124";""
"17460";"3499";"PLU";"CA";"2014-09-29 22:00:00+00:00";"2010-02-01 23:00:00+00:00";"39";"17";"75";"2021";"NON";"NON";"200036473";"";"";"";"2021-10-06";"41039";""
"17461";"3199";"PLU";"COM";"2020-03-02 23:00:00+00:00";"2016-11-14 23:00:00+00:00";"39";"17";"75";"2021";"NON";"NON";"17461";"";"";"";"2021-10-06";"152165";""
"17462";"3499";"PLU";"CA";"2018-07-02 22:00:00+00:00";"2014-12-08 23:00:00+00:00";"39";"17";"75";"2021";"NON";"NON";"200036473";"";"";"";"2021-10-06";"135213";""
"17464";"3199";"PLU";"COM";"2015-01-15 23:00:00+00:00";"2011-07-18 22:00:00+00:00";"39";"17";"75";"2021";"NON";"NON";"17464";"";"";"";"2021-10-06";"76915";""
"17465";"3131";"PLU";"COM";"2011-02-16 23:00:00+00:00";"2005-07-10 22:00:00+00:00";"33";"17";"75";"2021";"NON";"NON";"17465";"";"";"";"2021-10-06";"10217";""
"17466";"3299";"PLUi/PLUiS";"CA";"2019-12-18 23:00:00+00:00";"2014-11-23 23:00:00+00:00";"39";"17";"75";"2021";"NON";"OUI";"17466";"";"";"";"2021-10-06";"131087";""
"17467";"3131";"PLU";"COM";"2009-04-21 22:00:00+00:00";"2004-02-03 23:00:00+00:00";"33";"17";"75";"2021";"NON";"NON";"17467";"";"";"";"2021-10-06";"10201";""
"17468";"1199";"CC";"COM";"2018-03-08 23:00:00+00:00";"2015-06-09 22:00:00+00:00";"19";"17";"75";"2021";"NON";"NON";"17468";"";"";"";"2021-10-06";"140130";""
"17469";"1111";"CC";"COM";"2006-12-20 23:00:00+00:00";"2004-05-07 22:00:00+00:00";"11";"17";"75";"2021";"NON";"NON";"17469";"";"";"";"2021-10-06";"6048";""
"17470";"1499";"CC";"CA";"2010-12-21 23:00:00+00:00";"2006-09-03 22:00:00+00:00";"19";"17";"75";"2021";"NON";"NON";"200036473";"";"";"";"2021-10-06";"23991";""
"17471";"3199";"PLU";"COM";"2019-12-16 23:00:00+00:00";"2015-01-20 23:00:00+00:00";"39";"17";"75";"2021";"NON";"NON";"17471";"";"";"";"2021-10-06";"145985";""
"17472";"3299";"PLUi/PLUiS";"CC";"2021-05-18 22:00:00+00:00";"2015-12-15 23:00:00+00:00";"39";"17";"75";"2021";"NON";"OUI";"17472";"";"";"";"2021-10-06";"146125";""
"17473";"3199";"PLU";"COM";"2016-03-15 23:00:00+00:00";"2013-07-03 22:00:00+00:00";"39";"17";"75";"2021";"NON";"NON";"17473";"";"";"";"2021-10-06";"122732";""
"17474";"3199";"PLU";"COM";"2013-03-07 23:00:00+00:00";"2008-08-28 22:00:00+00:00";"39";"17";"75";"2021";"NON";"NON";"17474";"";"";"";"2021-10-06";"35999";""
"17479";"1111";"CC";"COM";"2007-12-09 23:00:00+00:00";"2005-09-29 22:00:00+00:00";"11";"17";"75";"2021";"NON";"NON";"17479";"";"";"";"2021-10-06";"18466";""
"17480";"3299";"PLUi/PLUiS";"CC";"2020-02-10 23:00:00+00:00";"2015-12-07 23:00:00+00:00";"39";"17";"75";"2021";"NON";"OUI";"17480";"";"";"";"2021-10-06";"146124";""
"17481";"3131";"PLU";"COM";"2004-11-14 23:00:00+00:00";"2002-06-04 22:00:00+00:00";"33";"17";"75";"2021";"NON";"NON";"17481";"";"";"";"2021-10-06";"6352";""
"17482";"3299";"PLUi/PLUiS";"CC";"2020-02-10 23:00:00+00:00";"2015-12-07 23:00:00+00:00";"39";"17";"75";"2021";"NON";"OUI";"17482";"";"";"";"2021-10-06";"146124";""
"17483";"3299";"PLUi/PLUiS";"CA";"2019-12-18 23:00:00+00:00";"2014-11-23 23:00:00+00:00";"39";"17";"75";"2021";"NON";"OUI";"17483";"";"";"";"2021-10-06";"131087";""
"17484";"3199";"PLU";"COM";"2017-10-15 22:00:00+00:00";"2012-11-19 23:00:00+00:00";"39";"17";"75";"2021";"NON";"NON";"17484";"";"";"";"2021-10-06";"119919";""
"17485";"3199";"PLU";"COM";"2010-03-21 23:00:00+00:00";"2006-11-06 23:00:00+00:00";"39";"17";"75";"2021";"NON";"NON";"17485";"";"";"";"2021-10-06";"23037";""
"17486";"3199";"PLU";"COM";"2020-02-18 23:00:00+00:00";"2018-08-01 22:00:00+00:00";"39";"17";"75";"2021";"NON";"NON";"17486";"";"";"";"2021-10-06";"165148";""
"18001";"1432";"CC";"CC";"2011-12-13 23:00:00+00:00";"2009-03-19 23:00:00+00:00";"13";"18";"24";"2021";"NON";"NON";"18001";"";"";"";"2021-10-06";"66732";""
"18002";"1199";"CC";"COM";"2013-08-18 22:00:00+00:00";"2011-11-20 23:00:00+00:00";"19";"18";"24";"2021";"NON";"NON";"18002";"";"";"";"2021-10-06";"98803";""
"18003";"3432";"PLU";"CC";"2007-01-31 23:00:00+00:00";"2004-10-04 22:00:00+00:00";"33";"18";"24";"2021";"NON";"NON";"200066330";"";"";"";"2021-10-06";"51235";""
"18004";"3432";"PLU";"CC";"2007-06-27 22:00:00+00:00";"2003-10-09 22:00:00+00:00";"33";"18";"24";"2021";"NON";"NON";"200066330";"";"";"";"2021-10-06";"51236";""
"18005";"3432";"PLU";"CC";"2008-01-22 23:00:00+00:00";"2001-09-10 22:00:00+00:00";"33";"18";"24";"2021";"NON";"NON";"18005";"";"";"";"2021-10-06";"51237";""
"18006";"1433";"CC";"CA";"2010-04-01 22:00:00+00:00";"2008-07-02 22:00:00+00:00";"13";"18";"24";"2021";"NON";"NON";"241800507";"";"";"";"2021-10-06";"68948";""
"18007";"3299";"PLUi/PLUiS";"CC";"2021-03-28 22:00:00+00:00";"2015-12-15 23:00:00+00:00";"39";"18";"24";"2021";"NON";"OUI";"18007";"";"";"";"2021-10-06";"143434";""
"18008";"3433";"PLU";"CA";"2008-05-21 22:00:00+00:00";"2004-05-23 22:00:00+00:00";"33";"18";"24";"2021";"NON";"NON";"241800507";"";"";"";"2021-10-06";"51238";""
"18009";"1199";"CC";"COM";"2013-07-18 22:00:00+00:00";"2011-10-31 23:00:00+00:00";"19";"18";"24";"2021";"NON";"NON";"18009";"";"";"";"2021-10-06";"98825";""
"18012";"3299";"PLUi/PLUiS";"CC";"2021-05-30 22:00:00+00:00";"2016-06-26 22:00:00+00:00";"39";"18";"24";"2021";"NON";"OUI";"18012";"";"";"";"2021-10-06";"151042";""
"18013";"3299";"PLUi/PLUiS";"CC";"2021-06-29 22:00:00+00:00";"2015-10-29 23:00:00+00:00";"39";"18";"24";"2021";"NON";"OUI";"18013";"";"";"";"2021-10-06";"142176";""
"18014";"1432";"CC";"CC";"2008-07-22 22:00:00+00:00";"2005-10-17 22:00:00+00:00";"13";"18";"24";"2021";"NON";"NON";"200069227";"";"";"";"2021-10-06";"67671";""
"18015";"3499";"PLU";"CC";"2015-09-23 22:00:00+00:00";"2012-04-25 22:00:00+00:00";"39";"18";"24";"2021";"NON";"NON";"18015";"";"";"";"2021-10-06";"118955";""
"18017";"3299";"PLUi/PLUiS";"CC";"2020-01-27 23:00:00+00:00";"2015-12-21 23:00:00+00:00";"39";"18";"24";"2021";"NON";"OUI";"18017";"";"";"";"2021-10-06";"143649";""
"18018";"3299";"PLUi/PLUiS";"CC";"2020-06-21 22:00:00+00:00";"2015-12-06 23:00:00+00:00";"39";"18";"24";"2021";"NON";"OUI";"241800374";"";"";"";"2021-10-06";"143772";""
"18020";"3432";"PLU";"CC";"2010-09-20 22:00:00+00:00";"2007-12-04 23:00:00+00:00";"33";"18";"24";"2021";"NON";"NON";"200069227";"";"";"";"2021-10-06";"51232";""
"18023";"3299";"PLUi/PLUiS";"CC";"2020-06-21 22:00:00+00:00";"2015-12-06 23:00:00+00:00";"39";"18";"24";"2021";"NON";"OUI";"18023";"";"";"";"2021-10-06";"143772";""
"18025";"3299";"PLUi/PLUiS";"CC";"2021-05-30 22:00:00+00:00";"2016-06-26 22:00:00+00:00";"39";"18";"24";"2021";"NON";"OUI";"18025";"";"";"";"2021-10-06";"151042";""
"18026";"3432";"PLU";"CC";"2009-09-07 22:00:00+00:00";"2005-10-23 22:00:00+00:00";"33";"18";"24";"2021";"NON";"NON";"200069227";"";"";"";"2021-10-06";"51233";""
"18029";"3299";"PLUi/PLUiS";"CC";"2021-06-29 22:00:00+00:00";"2015-10-29 23:00:00+00:00";"39";"18";"24";"2021";"NON";"OUI";"18029";"";"";"";"2021-10-06";"142176";""
"18030";"1499";"CC";"CC";"2008-07-22 22:00:00+00:00";"2002-06-10 22:00:00+00:00";"19";"18";"24";"2021";"NON";"NON";"18030";"";"";"";"2021-10-06";"67672";""
"18032";"3432";"PLU";"CC";"2009-04-20 22:00:00+00:00";"2006-03-05 23:00:00+00:00";"33";"18";"24";"2021";"NON";"NON";"200069227";"";"";"";"2021-10-06";"51249";""
"18033";"3433";"PLU";"CA";"2013-10-17 22:00:00+00:00";"2009-06-04 22:00:00+00:00";"33";"18";"24";"2021";"NON";"NON";"241800507";"";"";"";"2021-10-06";"61504";""
"18034";"3299";"PLUi/PLUiS";"CC";"2021-06-29 22:00:00+00:00";"2015-10-29 23:00:00+00:00";"39";"18";"24";"2021";"NON";"OUI";"18034";"";"";"";"2021-10-06";"142176";""
"18035";"3432";"PLU";"CC";"2007-12-12 23:00:00+00:00";"2005-02-06 23:00:00+00:00";"33";"18";"24";"2021";"NON";"NON";"200066330";"";"";"";"2021-10-06";"51245";""
"18038";"3299";"PLUi/PLUiS";"CC";"2021-06-29 22:00:00+00:00";"2015-10-29 23:00:00+00:00";"39";"18";"24";"2021";"NON";"OUI";"18038";"";"";"";"2021-10-06";"142176";""
"18039";"3432";"PLU";"CC";"2007-09-20 22:00:00+00:00";"2004-06-14 22:00:00+00:00";"33";"18";"24";"2021";"NON";"NON";"200069227";"";"";"";"2021-10-06";"51246";""
"18041";"1199";"CC";"COM";"2013-10-16 22:00:00+00:00";"2011-10-27 22:00:00+00:00";"19";"18";"24";"2021";"NON";"NON";"18041";"";"";"";"2021-10-06";"98840";""
"18042";"3299";"PLUi/PLUiS";"CC";"2021-06-29 22:00:00+00:00";"2015-10-29 23:00:00+00:00";"39";"18";"24";"2021";"NON";"OUI";"18042";"";"";"";"2021-10-06";"142176";""
"18043";"3299";"PLUi/PLUiS";"CC";"2021-07-20 22:00:00+00:00";"2015-12-15 23:00:00+00:00";"39";"18";"24";"2021";"NON";"OUI";"18043";"";"";"";"2021-10-06";"143713";""
"18045";"1199";"CC";"COM";"2004-11-03 23:00:00+00:00";"2003-09-09 22:00:00+00:00";"19";"18";"24";"2021";"NON";"NON";"18045";"";"";"";"2021-10-06";"67673";""
"18046";"3299";"PLUi/PLUiS";"CC";"2021-07-20 22:00:00+00:00";"2015-12-15 23:00:00+00:00";"39";"18";"24";"2021";"NON";"OUI";"18046";"";"";"";"2021-10-06";"143713";""
"18048";"3299";"PLUi/PLUiS";"CC";"2021-03-28 22:00:00+00:00";"2015-12-15 23:00:00+00:00";"39";"18";"24";"2021";"NON";"OUI";"18048";"";"";"";"2021-10-06";"143434";""
"18049";"3199";"PLU";"COM";"2014-02-06 23:00:00+00:00";"2010-05-11 22:00:00+00:00";"39";"18";"24";"2021";"NON";"NON";"18049";"";"";"";"2021-10-06";"65062";""
"18050";"3433";"PLU";"CA";"2006-11-22 23:00:00+00:00";"2004-06-10 22:00:00+00:00";"33";"18";"24";"2021";"NON";"NON";"241800507";"";"";"";"2021-10-06";"51250";""
"18052";"3299";"PLUi/PLUiS";"CC";"2021-06-29 22:00:00+00:00";"2015-10-29 23:00:00+00:00";"39";"18";"24";"2021";"NON";"OUI";"18052";"";"";"";"2021-10-06";"142176";""
"18053";"3299";"PLUi/PLUiS";"CC";"2021-05-30 22:00:00+00:00";"2016-06-26 22:00:00+00:00";"39";"18";"24";"2021";"NON";"OUI";"18053";"";"";"";"2021-10-06";"151042";""
"18055";"3299";"PLUi/PLUiS";"CC";"2019-12-05 23:00:00+00:00";"2017-04-07 22:00:00+00:00";"39";"18";"24";"2021";"NON";"OUI";"243600236";"";"";"";"2021-10-06";"156154";""
"18057";"3199";"PLU";"COM";"2018-04-10 22:00:00+00:00";"2008-05-22 22:00:00+00:00";"39";"18";"24";"2021";"NON";"NON";"18057";"";"";"";"2021-10-06";"49276";""
"18058";"3299";"PLUi/PLUiS";"CC";"2021-07-20 22:00:00+00:00";"2015-12-15 23:00:00+00:00";"39";"18";"24";"2021";"NON";"OUI";"18058";"";"";"";"2021-10-06";"143713";""
"18060";"3299";"PLUi/PLUiS";"CC";"2020-01-27 23:00:00+00:00";"2015-12-21 23:00:00+00:00";"39";"18";"24";"2021";"NON";"OUI";"18060";"";"";"";"2021-10-06";"143649";""
"18061";"3299";"PLUi/PLUiS";"CC";"2020-06-21 22:00:00+00:00";"2015-12-06 23:00:00+00:00";"39";"18";"24";"2021";"NON";"OUI";"241800374";"";"";"";"2021-10-06";"143772";""
"18062";"3299";"PLUi/PLUiS";"CC";"2021-03-28 22:00:00+00:00";"2015-12-15 23:00:00+00:00";"39";"18";"24";"2021";"NON";"OUI";"18062";"";"";"";"2021-10-06";"143434";""
"18063";"3299";"PLUi/PLUiS";"CC";"2021-07-20 22:00:00+00:00";"2015-12-15 23:00:00+00:00";"39";"18";"24";"2021";"NON";"OUI";"18063";"";"";"";"2021-10-06";"143713";""
"18064";"1499";"CC";"CC";"2020-12-15 23:00:00+00:00";"2015-06-11 22:00:00+00:00";"19";"18";"24";"2021";"NON";"NON";"18064";"";"";"";"2021-10-06";"140377";""
"18065";"3299";"PLUi/PLUiS";"CC";"2019-12-05 23:00:00+00:00";"2017-04-07 22:00:00+00:00";"39";"18";"24";"2021";"NON";"OUI";"243600236";"";"";"";"2021-10-06";"156154";""
"18066";"3299";"PLUi/PLUiS";"CC";"2021-06-22 22:00:00+00:00";"2015-12-09 23:00:00+00:00";"39";"18";"24";"2021";"NON";"OUI";"18066";"";"";"";"2021-10-06";"143428";""
"18069";"3299";"PLUi/PLUiS";"CC";"2021-06-29 22:00:00+00:00";"2015-10-29 23:00:00+00:00";"39";"18";"24";"2021";"NON";"OUI";"18069";"";"";"";"2021-10-06";"142176";""
"18070";"1432";"CC";"CC";"2008-04-01 22:00:00+00:00";"2005-11-21 23:00:00+00:00";"13";"18";"24";"2021";"NON";"NON";"200069227";"";"";"";"2021-10-06";"67675";""
"18073";"3299";"PLUi/PLUiS";"CC";"2021-07-20 22:00:00+00:00";"2015-12-15 23:00:00+00:00";"39";"18";"24";"2021";"NON";"OUI";"18073";"";"";"";"2021-10-06";"143713";""
"18075";"3299";"PLUi/PLUiS";"CC";"2021-03-28 22:00:00+00:00";"2015-12-15 23:00:00+00:00";"39";"18";"24";"2021";"NON";"OUI";"18075";"";"";"";"2021-10-06";"143434";""
"18076";"3299";"PLUi/PLUiS";"CC";"2021-06-29 22:00:00+00:00";"2015-10-29 23:00:00+00:00";"39";"18";"24";"2021";"NON";"OUI";"18076";"";"";"";"2021-10-06";"142176";""
"18077";"3299";"PLUi/PLUiS";"CC";"2021-05-30 22:00:00+00:00";"2016-06-26 22:00:00+00:00";"39";"18";"24";"2021";"NON";"OUI";"18077";"";"";"";"2021-10-06";"151042";""
"18078";"3299";"PLUi/PLUiS";"CC";"2021-07-20 22:00:00+00:00";"2015-12-15 23:00:00+00:00";"39";"18";"24";"2021";"NON";"OUI";"18078";"";"";"";"2021-10-06";"143713";""
"18079";"1432";"CC";"CC";"2011-04-20 22:00:00+00:00";"2003-11-17 23:00:00+00:00";"13";"18";"24";"2021";"NON";"NON";"200069227";"";"";"";"2021-10-06";"14984";""
"18081";"3299";"PLUi/PLUiS";"CC";"2020-06-21 22:00:00+00:00";"2015-12-06 23:00:00+00:00";"39";"18";"24";"2021";"NON";"OUI";"241800374";"";"";"";"2021-10-06";"143772";""
"18082";"3299";"PLUi/PLUiS";"CC";"2021-03-28 22:00:00+00:00";"2015-12-15 23:00:00+00:00";"39";"18";"24";"2021";"NON";"OUI";"18082";"";"";"";"2021-10-06";"143434";""
"18083";"1111";"CC";"COM";"2009-03-26 23:00:00+00:00";"2005-03-10 23:00:00+00:00";"11";"18";"24";"2021";"NON";"NON";"18083";"";"";"";"2021-10-06";"68957";""
"18084";"1432";"CC";"CC";"2008-03-06 23:00:00+00:00";"2005-10-25 22:00:00+00:00";"13";"18";"24";"2021";"NON";"NON";"200069227";"";"";"";"2021-10-06";"65895";""
"18085";"1433";"CC";"CC";"2014-10-22 22:00:00+00:00";"2011-04-11 22:00:00+00:00";"13";"18";"24";"2021";"NON";"NON";"200090561";"";"";"";"2021-10-06";"99827";""
"18086";"3299";"PLUi/PLUiS";"CC";"2021-06-29 22:00:00+00:00";"2015-10-29 23:00:00+00:00";"39";"18";"24";"2021";"NON";"OUI";"18086";"";"";"";"2021-10-06";"142176";""
"18087";"3199";"PLU";"COM";"2007-03-29 22:00:00+00:00";"2004-03-28 22:00:00+00:00";"39";"18";"24";"2021";"NON";"NON";"18087";"";"";"";"2021-10-06";"51258";""
"18089";"1199";"CC";"COM";"2013-10-16 22:00:00+00:00";"2011-11-24 23:00:00+00:00";"19";"18";"24";"2021";"NON";"NON";"18089";"";"";"";"2021-10-06";"118977";""
"18090";"3299";"PLUi/PLUiS";"CC";"2020-06-21 22:00:00+00:00";"2015-12-06 23:00:00+00:00";"39";"18";"24";"2021";"NON";"OUI";"241800374";"";"";"";"2021-10-06";"143772";""
"18091";"3299";"PLUi/PLUiS";"CC";"2021-06-29 22:00:00+00:00";"2015-10-29 23:00:00+00:00";"39";"18";"24";"2021";"NON";"OUI";"18091";"";"";"";"2021-10-06";"142176";""
"18092";"3299";"PLUi/PLUiS";"CC";"2020-06-21 22:00:00+00:00";"2015-12-06 23:00:00+00:00";"39";"18";"24";"2021";"NON";"OUI";"241800374";"";"";"";"2021-10-06";"143772";""
"18093";"1199";"CC";"COM";"2013-09-09 22:00:00+00:00";"2011-11-07 23:00:00+00:00";"19";"18";"24";"2021";"NON";"NON";"18093";"";"";"";"2021-10-06";"99830";""
"18097";"3432";"PLU";"CC";"2005-02-28 23:00:00+00:00";"2002-09-25 22:00:00+00:00";"33";"18";"24";"2021";"NON";"NON";"200066330";"";"";"";"2021-10-06";"51260";""
"18099";"3299";"PLUi/PLUiS";"CC";"2021-05-30 22:00:00+00:00";"2016-06-26 22:00:00+00:00";"39";"18";"24";"2021";"NON";"OUI";"18099";"";"";"";"2021-10-06";"151042";""
"18100";"1433";"CC";"CC";"2009-07-16 22:00:00+00:00";"2005-03-07 23:00:00+00:00";"13";"18";"24";"2021";"NON";"NON";"200090561";"";"";"";"2021-10-06";"68959";""
"18101";"3299";"PLUi/PLUiS";"CC";"2021-03-28 22:00:00+00:00";"2015-12-15 23:00:00+00:00";"39";"18";"24";"2021";"NON";"OUI";"18101";"";"";"";"2021-10-06";"143434";""
"18102";"3299";"PLUi/PLUiS";"CC";"2020-01-27 23:00:00+00:00";"2015-12-21 23:00:00+00:00";"39";"18";"24";"2021";"NON";"OUI";"18102";"";"";"";"2021-10-06";"143649";""
"18103";"3433";"PLU";"CC";"2017-12-06 23:00:00+00:00";"2010-02-28 23:00:00+00:00";"33";"18";"24";"2021";"NON";"NON";"200090561";"";"";"";"2021-10-06";"99836";""
"18104";"3299";"PLUi/PLUiS";"CC";"2021-05-30 22:00:00+00:00";"2016-06-26 22:00:00+00:00";"39";"18";"24";"2021";"NON";"OUI";"18104";"";"";"";"2021-10-06";"151042";""
"18105";"3299";"PLUi/PLUiS";"CC";"2020-06-21 22:00:00+00:00";"2015-12-06 23:00:00+00:00";"39";"18";"24";"2021";"NON";"OUI";"18105";"";"";"";"2021-10-06";"143772";""
"18106";"3299";"PLUi/PLUiS";"CC";"2020-01-27 23:00:00+00:00";"2015-12-21 23:00:00+00:00";"39";"18";"24";"2021";"NON";"OUI";"18106";"";"";"";"2021-10-06";"143649";""
"18107";"3299";"PLUi/PLUiS";"CC";"2021-06-29 22:00:00+00:00";"2015-10-29 23:00:00+00:00";"39";"18";"24";"2021";"NON";"OUI";"18107";"";"";"";"2021-10-06";"142176";""
"18108";"3299";"PLUi/PLUiS";"CC";"2021-03-28 22:00:00+00:00";"2015-12-15 23:00:00+00:00";"39";"18";"24";"2021";"NON";"OUI";"18108";"";"";"";"2021-10-06";"143434";""
"18110";"3299";"PLUi/PLUiS";"CC";"2021-05-30 22:00:00+00:00";"2016-06-26 22:00:00+00:00";"39";"18";"24";"2021";"NON";"OUI";"18110";"";"";"";"2021-10-06";"151042";""
"18115";"3499";"PLU";"CC";"2012-12-02 23:00:00+00:00";"2005-08-07 22:00:00+00:00";"39";"18";"24";"2021";"NON";"NON";"18115";"";"";"";"2021-10-06";"61507";""
"18118";"3299";"PLUi/PLUiS";"CC";"2021-03-28 22:00:00+00:00";"2015-12-15 23:00:00+00:00";"39";"18";"24";"2021";"NON";"OUI";"18118";"";"";"";"2021-10-06";"143434";""
"18119";"3299";"PLUi/PLUiS";"CC";"2020-06-21 22:00:00+00:00";"2015-12-06 23:00:00+00:00";"39";"18";"24";"2021";"NON";"OUI";"241800374";"";"";"";"2021-10-06";"143772";""
"18120";"3299";"PLUi/PLUiS";"CC";"2021-05-30 22:00:00+00:00";"2016-06-26 22:00:00+00:00";"39";"18";"24";"2021";"NON";"OUI";"18120";"";"";"";"2021-10-06";"151042";""
"18122";"3299";"PLUi/PLUiS";"CC";"2021-07-20 22:00:00+00:00";"2015-12-15 23:00:00+00:00";"39";"18";"24";"2021";"NON";"OUI";"18122";"";"";"";"2021-10-06";"143713";""
"18124";"1499";"CC";"CC";"2010-12-15 23:00:00+00:00";"2007-06-14 22:00:00+00:00";"19";"18";"24";"2021";"NON";"NON";"200070571";"";"";"";"2021-10-06";"68960";""
"18126";"3299";"PLUi/PLUiS";"CC";"2021-07-20 22:00:00+00:00";"2015-12-15 23:00:00+00:00";"39";"18";"24";"2021";"NON";"OUI";"18126";"";"";"";"2021-10-06";"143713";""
"18127";"3299";"PLUi/PLUiS";"CC";"2021-07-20 22:00:00+00:00";"2015-12-15 23:00:00+00:00";"39";"18";"24";"2021";"NON";"OUI";"18127";"";"";"";"2021-10-06";"143713";""
"18129";"3433";"PLU";"CA";"2013-03-10 23:00:00+00:00";"2009-10-01 22:00:00+00:00";"33";"18";"24";"2021";"NON";"NON";"241800507";"";"";"";"2021-10-06";"50168";""
"18130";"1199";"CC";"COM";"2013-12-02 23:00:00+00:00";"2011-11-14 23:00:00+00:00";"19";"18";"24";"2021";"NON";"NON";"18130";"";"";"";"2021-10-06";"99839";""
"18132";"3299";"PLUi/PLUiS";"CC";"2021-05-30 22:00:00+00:00";"2016-06-26 22:00:00+00:00";"39";"18";"24";"2021";"NON";"OUI";"18132";"";"";"";"2021-10-06";"151042";""
"18133";"3299";"PLUi/PLUiS";"CC";"2021-06-22 22:00:00+00:00";"2015-12-09 23:00:00+00:00";"39";"18";"24";"2021";"NON";"OUI";"241800457";"";"";"";"2021-10-06";"143428";""
"18136";"3299";"PLUi/PLUiS";"CC";"2021-06-29 22:00:00+00:00";"2015-10-29 23:00:00+00:00";"39";"18";"24";"2021";"NON";"OUI";"18136";"";"";"";"2021-10-06";"142176";""
"18137";"3299";"PLUi/PLUiS";"CC";"2021-06-22 22:00:00+00:00";"2015-12-09 23:00:00+00:00";"39";"18";"24";"2021";"NON";"OUI";"241800457";"";"";"";"2021-10-06";"143428";""
"18138";"3433";"PLU";"CA";"2012-03-28 22:00:00+00:00";"2010-04-28 22:00:00+00:00";"33";"18";"24";"2021";"NON";"NON";"241800507";"";"";"";"2021-10-06";"99844";""
"18139";"3299";"PLUi/PLUiS";"CC";"2021-03-28 22:00:00+00:00";"2015-12-15 23:00:00+00:00";"39";"18";"24";"2021";"NON";"OUI";"18139";"";"";"";"2021-10-06";"143434";""
"18140";"3433";"PLU";"CC";"2006-10-23 22:00:00+00:00";"2002-05-02 22:00:00+00:00";"33";"18";"24";"2021";"NON";"NON";"18140";"";"";"";"2021-10-06";"51277";""
"18141";"3499";"PLU";"CA";"2010-10-12 22:00:00+00:00";"2008-07-08 22:00:00+00:00";"39";"18";"24";"2021";"NON";"NON";"18141";"";"";"";"2021-10-06";"51266";""
"18142";"3299";"PLUi/PLUiS";"CC";"2021-06-29 22:00:00+00:00";"2015-10-29 23:00:00+00:00";"39";"18";"24";"2021";"NON";"OUI";"18142";"";"";"";"2021-10-06";"142176";""
"18143";"3299";"PLUi/PLUiS";"CC";"2021-03-28 22:00:00+00:00";"2015-12-15 23:00:00+00:00";"39";"18";"24";"2021";"NON";"OUI";"18143";"";"";"";"2021-10-06";"143434";""
"18148";"3499";"PLU";"CC";"2003-11-05 23:00:00+00:00";"2002-03-11 23:00:00+00:00";"39";"18";"24";"2021";"NON";"NON";"18148";"";"";"";"2021-10-06";"51280";""
"18149";"1499";"CC";"CC";"2012-06-21 22:00:00+00:00";"2005-10-23 22:00:00+00:00";"19";"18";"24";"2021";"NON";"NON";"18149";"";"";"";"2021-10-06";"65897";""
"18150";"3433";"PLU";"CC";"2007-04-12 22:00:00+00:00";"2002-03-20 23:00:00+00:00";"33";"18";"24";"2021";"NON";"NON";"200090561";"";"";"";"2021-10-06";"51281";""
"18152";"3299";"PLUi/PLUiS";"CC";"2021-07-20 22:00:00+00:00";"2015-12-15 23:00:00+00:00";"39";"18";"24";"2021";"NON";"OUI";"18152";"";"";"";"2021-10-06";"143713";""
"18155";"3299";"PLUi/PLUiS";"CC";"2020-01-27 23:00:00+00:00";"2015-12-21 23:00:00+00:00";"39";"18";"24";"2021";"NON";"OUI";"18155";"";"";"";"2021-10-06";"143649";""
"18156";"3432";"PLU";"CC";"2010-05-24 22:00:00+00:00";"2004-06-24 22:00:00+00:00";"33";"18";"24";"2021";"NON";"NON";"18156";"";"";"";"2021-10-06";"51274";""
"18157";"3433";"PLU";"CA";"2008-03-26 23:00:00+00:00";"2003-06-17 22:00:00+00:00";"33";"18";"24";"2021";"NON";"NON";"241800507";"";"";"";"2021-10-06";"51282";""
"18158";"1432";"CC";"CC";"2006-05-04 22:00:00+00:00";"2004-09-08 22:00:00+00:00";"13";"18";"24";"2021";"NON";"NON";"200066330";"";"";"";"2021-10-06";"14991";""
"18159";"3199";"PLU";"COM";"2005-10-19 22:00:00+00:00";"2003-03-27 23:00:00+00:00";"39";"18";"24";"2021";"NON";"NON";"200090561";"";"";"";"2021-10-06";"51283";""
"18161";"3299";"PLUi/PLUiS";"CC";"2020-01-27 23:00:00+00:00";"2015-12-21 23:00:00+00:00";"39";"18";"24";"2021";"NON";"OUI";"18161";"";"";"";"2021-10-06";"143649";""
"18163";"3432";"PLU";"CC";"2014-02-11 23:00:00+00:00";"2008-11-23 23:00:00+00:00";"33";"18";"24";"2021";"NON";"NON";"200066330";"";"";"";"2021-10-06";"49279";""
"18164";"3299";"PLUi/PLUiS";"CC";"2020-01-27 23:00:00+00:00";"2015-12-21 23:00:00+00:00";"39";"18";"24";"2021";"NON";"OUI";"18164";"";"";"";"2021-10-06";"143649";""
"18165";"3199";"PLU";"COM";"2013-06-24 22:00:00+00:00";"2009-04-09 22:00:00+00:00";"39";"18";"24";"2021";"NON";"NON";"200090561";"";"";"";"2021-10-06";"61508";""
"18166";"3299";"PLUi/PLUiS";"CC";"2020-06-21 22:00:00+00:00";"2015-12-06 23:00:00+00:00";"39";"18";"24";"2021";"NON";"OUI";"241800374";"";"";"";"2021-10-06";"143772";""
"18167";"1433";"CC";"CC";"2009-07-16 22:00:00+00:00";"2005-10-03 22:00:00+00:00";"13";"18";"24";"2021";"NON";"NON";"200090561";"";"";"";"2021-10-06";"68961";""
"18168";"1432";"CC";"CC";"2008-10-02 22:00:00+00:00";"2005-12-05 23:00:00+00:00";"13";"18";"24";"2021";"NON";"NON";"200069227";"";"";"";"2021-10-06";"67682";""
"18169";"3299";"PLUi/PLUiS";"CC";"2021-06-29 22:00:00+00:00";"2015-10-29 23:00:00+00:00";"39";"18";"24";"2021";"NON";"OUI";"18169";"";"";"";"2021-10-06";"142176";""
"18170";"3499";"PLU";"CC";"2011-02-06 23:00:00+00:00";"2004-07-08 22:00:00+00:00";"39";"18";"24";"2021";"NON";"NON";"18170";"";"";"";"2021-10-06";"61511";""
"18171";"3299";"PLUi/PLUiS";"CC";"2021-06-29 22:00:00+00:00";"2015-10-29 23:00:00+00:00";"39";"18";"24";"2021";"NON";"OUI";"18171";"";"";"";"2021-10-06";"142176";""
"18172";"3299";"PLUi/PLUiS";"CC";"2021-06-29 22:00:00+00:00";"2015-10-29 23:00:00+00:00";"39";"18";"24";"2021";"NON";"OUI";"18172";"";"";"";"2021-10-06";"142176";""
"18174";"3299";"PLUi/PLUiS";"CC";"2020-06-21 22:00:00+00:00";"2015-12-06 23:00:00+00:00";"39";"18";"24";"2021";"NON";"OUI";"241800374";"";"";"";"2021-10-06";"143772";""
"18176";"3432";"PLU";"CC";"2007-02-27 23:00:00+00:00";"2004-03-11 23:00:00+00:00";"33";"18";"24";"2021";"NON";"NON";"200066330";"";"";"";"2021-10-06";"51285";""
"18177";"1199";"CC";"COM";"2007-05-13 22:00:00+00:00";"2005-10-09 22:00:00+00:00";"19";"18";"24";"2021";"NON";"NON";"18177";"";"";"";"2021-10-06";"67683";""
"18179";"3432";"PLU";"CC";"2013-12-16 23:00:00+00:00";"2011-03-31 22:00:00+00:00";"33";"18";"24";"2021";"NON";"NON";"200066330";"";"";"";"2021-10-06";"99885";""
"18180";"3433";"PLU";"CA";"2005-03-29 22:00:00+00:00";"2002-10-07 22:00:00+00:00";"33";"18";"24";"2021";"NON";"NON";"241800507";"";"";"";"2021-10-06";"51287";""
"18181";"3299";"PLUi/PLUiS";"CC";"2021-06-22 22:00:00+00:00";"2015-12-09 23:00:00+00:00";"39";"18";"24";"2021";"NON";"OUI";"18181";"";"";"";"2021-10-06";"143428";""
"18183";"1199";"CC";"COM";"2020-02-06 23:00:00+00:00";"2015-06-29 22:00:00+00:00";"19";"18";"24";"2021";"NON";"NON";"18183";"";"";"";"2021-10-06";"142163";""
"18184";"3299";"PLUi/PLUiS";"CC";"2021-05-30 22:00:00+00:00";"2016-06-26 22:00:00+00:00";"39";"18";"24";"2021";"NON";"OUI";"18184";"";"";"";"2021-10-06";"151042";""
"18185";"1499";"CC";"CC";"2009-08-03 22:00:00+00:00";"2006-02-13 23:00:00+00:00";"19";"18";"24";"2021";"NON";"NON";"18185";"";"";"";"2021-10-06";"68950";""
"18186";"3499";"PLU";"CC";"2010-03-21 23:00:00+00:00";"2004-02-01 23:00:00+00:00";"39";"18";"24";"2021";"NON";"NON";"200070571";"";"";"";"2021-10-06";"51289";""
"18187";"1199";"CC";"COM";"2009-10-20 22:00:00+00:00";"2007-05-28 22:00:00+00:00";"19";"18";"24";"2021";"NON";"NON";"18187";"";"";"";"2021-10-06";"68951";""
"18188";"3299";"PLUi/PLUiS";"CC";"2021-06-22 22:00:00+00:00";"2015-12-09 23:00:00+00:00";"39";"18";"24";"2021";"NON";"OUI";"18188";"";"";"";"2021-10-06";"143428";""
"18189";"3432";"PLU";"CC";"2011-10-06 22:00:00+00:00";"2008-07-20 22:00:00+00:00";"33";"18";"24";"2021";"NON";"NON";"200066330";"";"";"";"2021-10-06";"50169";""
"18190";"3499";"PLU";"CC";"2005-11-22 23:00:00+00:00";"2002-04-11 22:00:00+00:00";"39";"18";"24";"2021";"NON";"NON";"200070571";"";"";"";"2021-10-06";"51291";""
"18194";"3432";"PLU";"CC";"2012-09-06 22:00:00+00:00";"2008-07-06 22:00:00+00:00";"33";"18";"24";"2021";"NON";"NON";"200066330";"";"";"";"2021-10-06";"61513";""
"18195";"3299";"PLUi/PLUiS";"CC";"2020-01-27 23:00:00+00:00";"2015-12-21 23:00:00+00:00";"39";"18";"24";"2021";"NON";"OUI";"18195";"";"";"";"2021-10-06";"143649";""
"18196";"3299";"PLUi/PLUiS";"CC";"2020-01-27 23:00:00+00:00";"2015-12-21 23:00:00+00:00";"39";"18";"24";"2021";"NON";"OUI";"18196";"";"";"";"2021-10-06";"143649";""
"18197";"3299";"PLUi/PLUiS";"CC";"2021-06-29 22:00:00+00:00";"2015-10-29 23:00:00+00:00";"39";"18";"24";"2021";"NON";"OUI";"18197";"";"";"";"2021-10-06";"142176";""
"18198";"3299";"PLUi/PLUiS";"CC";"2019-12-05 23:00:00+00:00";"2017-04-07 22:00:00+00:00";"39";"18";"24";"2021";"NON";"OUI";"243600236";"";"";"";"2021-10-06";"156154";""
"18199";"3299";"PLUi/PLUiS";"CC";"2021-07-20 22:00:00+00:00";"2015-12-15 23:00:00+00:00";"39";"18";"24";"2021";"NON";"OUI";"18199";"";"";"";"2021-10-06";"143713";""
"18201";"3299";"PLUi/PLUiS";"CC";"2021-06-22 22:00:00+00:00";"2015-12-09 23:00:00+00:00";"39";"18";"24";"2021";"NON";"OUI";"18201";"";"";"";"2021-10-06";"143428";""
"18204";"1199";"CC";"COM";"2006-04-09 22:00:00+00:00";"2004-04-14 22:00:00+00:00";"19";"18";"24";"2021";"NON";"NON";"18204";"";"";"";"2021-10-06";"14996";""
"18205";"3433";"PLU";"CA";"2006-03-23 23:00:00+00:00";"2003-12-16 23:00:00+00:00";"33";"18";"24";"2021";"NON";"NON";"241800507";"";"";"";"2021-10-06";"51294";""
"18207";"3299";"PLUi/PLUiS";"CC";"2021-06-22 22:00:00+00:00";"2015-12-09 23:00:00+00:00";"39";"18";"24";"2021";"NON";"OUI";"241800457";"";"";"";"2021-10-06";"143428";""
"18209";"1199";"CC";"COM";"2008-06-12 22:00:00+00:00";"2002-12-15 23:00:00+00:00";"19";"18";"24";"2021";"NON";"NON";"18209";"";"";"";"2021-10-06";"14998";""
"18210";"3433";"PLU";"CC";"2009-01-15 23:00:00+00:00";"2005-09-29 22:00:00+00:00";"33";"18";"24";"2021";"NON";"NON";"200090561";"";"";"";"2021-10-06";"61514";""
"18211";"3432";"PLU";"CC";"2011-06-15 22:00:00+00:00";"2008-02-13 23:00:00+00:00";"33";"18";"24";"2021";"NON";"NON";"200066330";"";"";"";"2021-10-06";"61515";""
"18212";"1199";"CC";"COM";"2011-08-15 22:00:00+00:00";"2008-06-25 22:00:00+00:00";"19";"18";"24";"2021";"NON";"NON";"18212";"";"";"";"2021-10-06";"66736";""
"18213";"3433";"PLU";"CA";"2011-09-28 22:00:00+00:00";"2004-03-28 22:00:00+00:00";"33";"18";"24";"2021";"NON";"NON";"241800507";"";"";"";"2021-10-06";"51297";""
"18214";"3433";"PLU";"CC";"2009-01-04 23:00:00+00:00";"2004-04-19 22:00:00+00:00";"33";"18";"24";"2021";"NON";"NON";"200090561";"";"";"";"2021-10-06";"51303";""
"18215";"3299";"PLUi/PLUiS";"CC";"2021-03-28 22:00:00+00:00";"2015-12-15 23:00:00+00:00";"39";"18";"24";"2021";"NON";"OUI";"18215";"";"";"";"2021-10-06";"143434";""
"18218";"3433";"PLU";"CA";"2012-05-08 22:00:00+00:00";"2006-10-29 23:00:00+00:00";"33";"18";"24";"2021";"NON";"NON";"241800507";"";"";"";"2021-10-06";"61517";""
"18219";"3199";"PLU";"COM";"2005-02-23 23:00:00+00:00";"2001-09-23 22:00:00+00:00";"39";"18";"24";"2021";"NON";"NON";"200090561";"";"";"";"2021-10-06";"51298";""
"18220";"3299";"PLUi/PLUiS";"CC";"2021-05-30 22:00:00+00:00";"2016-06-26 22:00:00+00:00";"39";"18";"24";"2021";"NON";"OUI";"18220";"";"";"";"2021-10-06";"151042";""
"18221";"3299";"PLUi/PLUiS";"CC";"2021-07-20 22:00:00+00:00";"2015-12-15 23:00:00+00:00";"39";"18";"24";"2021";"NON";"OUI";"18221";"";"";"";"2021-10-06";"143713";""
"18223";"3432";"PLU";"CC";"2006-07-12 22:00:00+00:00";"2002-01-30 23:00:00+00:00";"33";"18";"24";"2021";"NON";"NON";"200066330";"";"";"";"2021-10-06";"51299";""
"18224";"3299";"PLUi/PLUiS";"CC";"2021-05-30 22:00:00+00:00";"2016-06-26 22:00:00+00:00";"39";"18";"24";"2021";"NON";"OUI";"18224";"";"";"";"2021-10-06";"151042";""
"18225";"1199";"CC";"COM";"2009-09-09 22:00:00+00:00";"2006-05-09 22:00:00+00:00";"19";"18";"24";"2021";"NON";"NON";"18225";"";"";"";"2021-10-06";"68962";""
"18226";"3433";"PLU";"CA";"2006-07-23 22:00:00+00:00";"2002-05-12 22:00:00+00:00";"33";"18";"24";"2021";"NON";"NON";"241800507";"";"";"";"2021-10-06";"51301";""
"18227";"1499";"CC";"CC";"2014-08-05 22:00:00+00:00";"2013-01-24 23:00:00+00:00";"19";"18";"24";"2021";"NON";"NON";"18227";"";"";"";"2021-10-06";"135421";""
"18228";"1433";"CC";"CC";"2007-03-18 23:00:00+00:00";"2001-10-30 23:00:00+00:00";"13";"18";"24";"2021";"NON";"NON";"200090561";"";"";"";"2021-10-06";"14999";""
"18230";"1199";"CC";"COM";"2013-01-22 23:00:00+00:00";"2008-06-26 22:00:00+00:00";"19";"18";"24";"2021";"NON";"NON";"18230";"";"";"";"2021-10-06";"65900";""
"18231";"3299";"PLUi/PLUiS";"CC";"2021-06-29 22:00:00+00:00";"2015-10-29 23:00:00+00:00";"39";"18";"24";"2021";"NON";"OUI";"18231";"";"";"";"2021-10-06";"142176";""
"18232";"1199";"CC";"COM";"2012-09-02 22:00:00+00:00";"2009-07-21 22:00:00+00:00";"19";"18";"24";"2021";"NON";"NON";"18232";"";"";"";"2021-10-06";"100018";""
"18235";"3432";"PLU";"CC";"2017-11-06 23:00:00+00:00";"2008-10-09 22:00:00+00:00";"33";"18";"24";"2021";"NON";"NON";"200066330";"";"";"";"2021-10-06";"61518";""
"18236";"3299";"PLUi/PLUiS";"CC";"2021-07-20 22:00:00+00:00";"2015-12-15 23:00:00+00:00";"39";"18";"24";"2021";"NON";"OUI";"18236";"";"";"";"2021-10-06";"143713";""
"18237";"3499";"PLU";"CC";"2008-03-20 23:00:00+00:00";"2004-05-23 22:00:00+00:00";"39";"18";"24";"2021";"NON";"NON";"18237";"";"";"";"2021-10-06";"51305";""
"18240";"3299";"PLUi/PLUiS";"CC";"2021-05-30 22:00:00+00:00";"2016-06-26 22:00:00+00:00";"39";"18";"24";"2021";"NON";"OUI";"18240";"";"";"";"2021-10-06";"151042";""
"18241";"3432";"PLU";"CC";"2006-07-10 22:00:00+00:00";"2001-07-01 22:00:00+00:00";"33";"18";"24";"2021";"NON";"NON";"200069227";"";"";"";"2021-10-06";"51306";""
"18242";"3299";"PLUi/PLUiS";"CC";"2020-01-27 23:00:00+00:00";"2015-12-21 23:00:00+00:00";"39";"18";"24";"2021";"NON";"OUI";"18242";"";"";"";"2021-10-06";"143649";""
"18243";"3432";"PLU";"CC";"2017-03-29 22:00:00+00:00";"2012-06-20 22:00:00+00:00";"33";"18";"24";"2021";"NON";"NON";"200069227";"";"";"";"2021-10-06";"119033";""
"18244";"3299";"PLUi/PLUiS";"CC";"2021-06-22 22:00:00+00:00";"2015-12-09 23:00:00+00:00";"39";"18";"24";"2021";"NON";"OUI";"241800457";"";"";"";"2021-10-06";"143428";""
"18245";"1199";"CC";"COM";"2014-03-09 23:00:00+00:00";"2011-10-20 22:00:00+00:00";"19";"18";"24";"2021";"NON";"NON";"18245";"";"";"";"2021-10-06";"99906";""
"18246";"3432";"PLU";"CC";"2011-04-28 22:00:00+00:00";"2007-07-15 22:00:00+00:00";"33";"18";"24";"2021";"NON";"NON";"200069227";"";"";"";"2021-10-06";"61519";""
"18247";"3299";"PLUi/PLUiS";"CC";"2020-06-21 22:00:00+00:00";"2015-12-06 23:00:00+00:00";"39";"18";"24";"2021";"NON";"OUI";"241800374";"";"";"";"2021-10-06";"143772";""
"18248";"1199";"CC";"COM";"2020-12-21 23:00:00+00:00";"2019-10-20 22:00:00+00:00";"19";"18";"24";"2021";"NON";"NON";"18248";"";"";"";"2021-10-06";"172417";""
"18250";"3299";"PLUi/PLUiS";"CC";"2021-07-20 22:00:00+00:00";"2015-12-15 23:00:00+00:00";"39";"18";"24";"2021";"NON";"OUI";"18250";"";"";"";"2021-10-06";"143713";""
"18251";"3299";"PLUi/PLUiS";"CC";"2021-05-30 22:00:00+00:00";"2016-06-26 22:00:00+00:00";"39";"18";"24";"2021";"NON";"OUI";"18251";"";"";"";"2021-10-06";"151042";""
"18254";"3299";"PLUi/PLUiS";"CC";"2020-06-21 22:00:00+00:00";"2015-12-06 23:00:00+00:00";"39";"18";"24";"2021";"NON";"OUI";"241800374";"";"";"";"2021-10-06";"143772";""
"18255";"3433";"PLU";"CA";"2007-12-03 23:00:00+00:00";"2005-03-06 23:00:00+00:00";"33";"18";"24";"2021";"NON";"NON";"241800507";"";"";"";"2021-10-06";"51312";""
"18256";"1432";"CC";"CC";"2008-07-07 22:00:00+00:00";"2005-10-27 22:00:00+00:00";"13";"18";"24";"2021";"NON";"NON";"200069227";"";"";"";"2021-10-06";"68952";""
"18257";"3432";"PLU";"CC";"2008-02-27 23:00:00+00:00";"2004-12-08 23:00:00+00:00";"33";"18";"24";"2021";"NON";"NON";"200069227";"";"";"";"2021-10-06";"51313";""
"18258";"3432";"PLU";"CC";"2012-09-10 22:00:00+00:00";"2006-06-08 22:00:00+00:00";"33";"18";"24";"2021";"NON";"NON";"200069227";"";"";"";"2021-10-06";"49280";""
"18259";"1432";"CC";"CC";"2008-04-01 22:00:00+00:00";"2005-10-27 22:00:00+00:00";"13";"18";"24";"2021";"NON";"NON";"200069227";"";"";"";"2021-10-06";"67688";""
"18262";"3432";"PLU";"CC";"2014-12-22 23:00:00+00:00";"2009-10-05 22:00:00+00:00";"33";"18";"24";"2021";"NON";"NON";"200069227";"";"";"";"2021-10-06";"61516";""
"18263";"3433";"PLU";"CC";"2012-06-13 22:00:00+00:00";"2009-12-21 23:00:00+00:00";"33";"18";"24";"2021";"NON";"NON";"200090561";"";"";"";"2021-10-06";"99940";""
"18264";"1432";"CC";"CC";"2008-03-06 23:00:00+00:00";"2005-11-17 23:00:00+00:00";"13";"18";"24";"2021";"NON";"NON";"200069227";"";"";"";"2021-10-06";"66737";""
"18265";"3299";"PLUi/PLUiS";"CC";"2021-03-28 22:00:00+00:00";"2015-12-15 23:00:00+00:00";"39";"18";"24";"2021";"NON";"OUI";"18265";"";"";"";"2021-10-06";"143434";""
"18267";"3433";"PLU";"CA";"2011-01-03 23:00:00+00:00";"2008-10-07 22:00:00+00:00";"33";"18";"24";"2021";"NON";"NON";"241800507";"";"";"";"2021-10-06";"61522";""
"18268";"3299";"PLUi/PLUiS";"CC";"2021-07-20 22:00:00+00:00";"2015-12-15 23:00:00+00:00";"39";"18";"24";"2021";"NON";"OUI";"18268";"";"";"";"2021-10-06";"143713";""
"18270";"3299";"PLUi/PLUiS";"CC";"2021-07-20 22:00:00+00:00";"2015-12-15 23:00:00+00:00";"39";"18";"24";"2021";"NON";"OUI";"18270";"";"";"";"2021-10-06";"143713";""
"18271";"3432";"PLU";"CC";"2003-08-28 22:00:00+00:00";"2001-09-20 22:00:00+00:00";"33";"18";"24";"2021";"NON";"NON";"200066330";"";"";"";"2021-10-06";"51317";""
"18272";"3432";"PLU";"CC";"2009-06-03 22:00:00+00:00";"2006-04-17 22:00:00+00:00";"33";"18";"24";"2021";"NON";"NON";"200069227";"";"";"";"2021-10-06";"61523";""
"18273";"3299";"PLUi/PLUiS";"CC";"2021-07-20 22:00:00+00:00";"2015-12-15 23:00:00+00:00";"39";"18";"24";"2021";"NON";"OUI";"18273";"";"";"";"2021-10-06";"143713";""
"18275";"3299";"PLUi/PLUiS";"CC";"2020-01-27 23:00:00+00:00";"2015-12-21 23:00:00+00:00";"39";"18";"24";"2021";"NON";"OUI";"18275";"";"";"";"2021-10-06";"143649";""
"18276";"3299";"PLUi/PLUiS";"CC";"2021-06-29 22:00:00+00:00";"2015-10-29 23:00:00+00:00";"39";"18";"24";"2021";"NON";"OUI";"18276";"";"";"";"2021-10-06";"142176";""
"18277";"1199";"CC";"COM";"2016-05-16 22:00:00+00:00";"2014-12-14 23:00:00+00:00";"19";"18";"24";"2021";"NON";"NON";"18277";"";"";"";"2021-10-06";"138225";""
"18278";"1199";"CC";"COM";"2014-03-09 23:00:00+00:00";"2011-11-07 23:00:00+00:00";"19";"18";"24";"2021";"NON";"NON";"18278";"";"";"";"2021-10-06";"99958";""
"18279";"3433";"PLU";"CC";"2005-06-30 22:00:00+00:00";"2001-06-20 22:00:00+00:00";"33";"18";"24";"2021";"NON";"NON";"200090561";"";"";"";"2021-10-06";"116";""
"18281";"3199";"PLU";"COM";"2013-06-16 22:00:00+00:00";"2007-12-04 23:00:00+00:00";"39";"18";"24";"2021";"NON";"NON";"200090561";"";"";"";"2021-10-06";"61525";""
"18282";"3299";"PLUi/PLUiS";"CC";"2020-06-21 22:00:00+00:00";"2015-12-06 23:00:00+00:00";"39";"18";"24";"2021";"NON";"OUI";"18282";"";"";"";"2021-10-06";"143772";""
"18283";"3299";"PLUi/PLUiS";"CC";"2021-07-20 22:00:00+00:00";"2015-12-15 23:00:00+00:00";"39";"18";"24";"2021";"NON";"OUI";"18283";"";"";"";"2021-10-06";"143713";""
"18284";"1432";"CC";"CC";"2008-04-03 22:00:00+00:00";"2005-11-24 23:00:00+00:00";"13";"18";"24";"2021";"NON";"NON";"200069227";"";"";"";"2021-10-06";"68953";""
"18285";"3299";"PLUi/PLUiS";"CC";"2021-06-22 22:00:00+00:00";"2015-12-09 23:00:00+00:00";"39";"18";"24";"2021";"NON";"OUI";"18285";"";"";"";"2021-10-06";"143428";""
"18286";"3299";"PLUi/PLUiS";"CC";"2020-06-21 22:00:00+00:00";"2015-12-06 23:00:00+00:00";"39";"18";"24";"2021";"NON";"OUI";"18286";"";"";"";"2021-10-06";"143772";""
"18287";"1432";"CC";"CC";"2008-10-02 22:00:00+00:00";"2003-11-18 23:00:00+00:00";"13";"18";"24";"2021";"NON";"NON";"200069227";"";"";"";"2021-10-06";"67689";""
"18289";"3299";"PLUi/PLUiS";"CC";"2020-06-21 22:00:00+00:00";"2015-12-06 23:00:00+00:00";"39";"18";"24";"2021";"NON";"OUI";"241800374";"";"";"";"2021-10-06";"143772";""
"18290";"3199";"PLU";"COM";"2008-03-02 23:00:00+00:00";"2004-11-09 23:00:00+00:00";"39";"18";"24";"2021";"NON";"NON";"200090561";"";"";"";"2021-10-06";"51321";""
"19003";"3332";"PLUi/PLUiS";"CC";"2012-05-09 22:00:00+00:00";"2009-03-22 23:00:00+00:00";"33";"19";"75";"2021";"OUI";"NON";"200066769";"";"";"";"2021-10-06";"48862";""
"19004";"1432";"CC";"CC";"2007-04-18 22:00:00+00:00";"2001-04-20 22:00:00+00:00";"13";"19";"75";"2021";"NON";"NON";"200066751";"";"";"";"2021-10-06";"14456";""
"19005";"3131";"PLU";"COM";"2006-07-19 22:00:00+00:00";"2002-02-24 23:00:00+00:00";"33";"19";"75";"2021";"NON";"NON";"19005";"";"";"";"2021-10-06";"18294";""
"19007";"1432";"CC";"CC";"2011-01-25 23:00:00+00:00";"2010-01-06 23:00:00+00:00";"13";"19";"75";"2021";"NON";"NON";"19007";"";"";"";"2021-10-06";"41290";""
"19010";"3432";"PLU";"CC";"2008-01-30 23:00:00+00:00";"2006-09-06 22:00:00+00:00";"33";"19";"75";"2021";"NON";"NON";"200066751";"";"";"";"2021-10-06";"18296";""
"19011";"3131";"PLU";"COM";"2012-02-16 23:00:00+00:00";"2008-09-18 22:00:00+00:00";"33";"19";"75";"2021";"NON";"NON";"19011";"";"";"";"2021-10-06";"36463";""
"19012";"1432";"CC";"CC";"2007-11-15 23:00:00+00:00";"2002-05-07 22:00:00+00:00";"13";"19";"75";"2021";"NON";"NON";"200066769";"";"";"";"2021-10-06";"18313";""
"19013";"3332";"PLUi/PLUiS";"CC";"2012-05-09 22:00:00+00:00";"2009-03-22 23:00:00+00:00";"33";"19";"75";"2021";"OUI";"NON";"200066769";"";"";"";"2021-10-06";"48862";""
"19015";"1131";"CC";"COM";"2011-01-20 23:00:00+00:00";"2009-01-25 23:00:00+00:00";"13";"19";"75";"2021";"NON";"NON";"19015";"";"";"";"2021-10-06";"37919";""
"19018";"1432";"CC";"CC";"2012-07-22 22:00:00+00:00";"2009-01-21 23:00:00+00:00";"13";"19";"75";"2021";"NON";"NON";"200066751";"";"";"";"2021-10-06";"37918";""
"19019";"3432";"PLU";"CC";"2011-11-14 23:00:00+00:00";"2005-05-23 22:00:00+00:00";"33";"19";"75";"2021";"NON";"NON";"200066769";"";"";"";"2021-10-06";"18297";""
"19023";"3332";"PLUi/PLUiS";"CC";"2012-05-09 22:00:00+00:00";"2009-03-22 23:00:00+00:00";"33";"19";"75";"2021";"OUI";"NON";"200066769";"";"";"";"2021-10-06";"48862";""
"19024";"3131";"PLU";"COM";"2012-03-25 22:00:00+00:00";"2008-10-19 22:00:00+00:00";"33";"19";"75";"2021";"NON";"NON";"19024";"";"";"";"2021-10-06";"36464";""
"19025";"3199";"PLU";"COM";"2021-06-01 22:00:00+00:00";"2012-12-09 23:00:00+00:00";"39";"19";"75";"2021";"NON";"NON";"19025";"";"";"";"2021-10-06";"118843";""
"19030";"3199";"PLU";"COM";"2020-05-05 22:00:00+00:00";"2014-10-01 22:00:00+00:00";"39";"19";"75";"2021";"NON";"NON";"19030";"";"";"";"2021-10-06";"133591";""
"19031";"3131";"PLU";"COM";"2011-12-15 23:00:00+00:00";"2008-11-16 23:00:00+00:00";"33";"19";"75";"2021";"NON";"NON";"19031";"";"";"";"2021-10-06";"128";""
"19035";"3131";"PLU";"COM";"2009-01-19 23:00:00+00:00";"2003-03-24 23:00:00+00:00";"33";"19";"75";"2021";"NON";"NON";"19035";"";"";"";"2021-10-06";"48659";""
"19036";"3499";"PLU";"CC";"2021-05-09 22:00:00+00:00";"2011-01-24 23:00:00+00:00";"39";"19";"75";"2021";"NON";"NON";"200066645";"";"";"";"2021-10-06";"71150";""
"19037";"1199";"CC";"COM";"2012-06-17 22:00:00+00:00";"2010-10-07 22:00:00+00:00";"19";"19";"75";"2021";"NON";"NON";"19037";"";"";"";"2021-10-06";"84932";""
"19038";"3199";"PLU";"COM";"2019-06-06 22:00:00+00:00";"2014-06-19 22:00:00+00:00";"39";"19";"75";"2021";"NON";"NON";"19038";"";"";"";"2021-10-06";"133598";""
"19039";"3299";"PLUi/PLUiS";"CC";"2020-01-29 23:00:00+00:00";"2015-12-13 23:00:00+00:00";"39";"19";"75";"2021";"NON";"OUI";"241900133";"";"";"";"2021-10-06";"145748";""
"19041";"1199";"CC";"COM";"2006-11-14 23:00:00+00:00";"2002-03-07 23:00:00+00:00";"19";"19";"75";"2021";"NON";"NON";"19041";"";"";"";"2021-10-06";"14384";""
"19042";"3199";"PLU";"COM";"2017-07-10 22:00:00+00:00";"2010-05-31 22:00:00+00:00";"39";"19";"75";"2021";"NON";"NON";"19042";"";"";"";"2021-10-06";"29140";""
"19043";"1131";"CC";"COM";"2005-05-10 22:00:00+00:00";"2003-02-06 23:00:00+00:00";"13";"19";"75";"2021";"NON";"NON";"19043";"";"";"";"2021-10-06";"18377";""
"19046";"3299";"PLUi/PLUiS";"CC";"2020-01-29 23:00:00+00:00";"2015-12-13 23:00:00+00:00";"39";"19";"75";"2021";"NON";"OUI";"241900133";"";"";"";"2021-10-06";"145748";""
"19048";"1199";"CC";"COM";"2011-10-27 22:00:00+00:00";"2008-07-03 22:00:00+00:00";"19";"19";"75";"2021";"NON";"NON";"19048";"";"";"";"2021-10-06";"36465";""
"19051";"3299";"PLUi/PLUiS";"CC";"2020-01-29 23:00:00+00:00";"2015-12-13 23:00:00+00:00";"39";"19";"75";"2021";"NON";"OUI";"19051";"";"";"";"2021-10-06";"145748";""
"19059";"3199";"PLU";"COM";"2017-08-24 22:00:00+00:00";"2012-02-20 23:00:00+00:00";"39";"19";"75";"2021";"NON";"NON";"19059";"";"";"";"2021-10-06";"109695";""
"19061";"3199";"PLU";"COM";"2020-02-19 23:00:00+00:00";"2014-10-27 23:00:00+00:00";"39";"19";"75";"2021";"NON";"NON";"19061";"";"";"";"2021-10-06";"133599";""
"19062";"3131";"PLU";"COM";"2009-10-07 22:00:00+00:00";"2004-02-12 23:00:00+00:00";"33";"19";"75";"2021";"NON";"NON";"19062";"";"";"";"2021-10-06";"18303";""
"19063";"3131";"PLU";"COM";"2013-03-14 23:00:00+00:00";"2008-12-12 23:00:00+00:00";"33";"19";"75";"2021";"NON";"NON";"19063";"";"";"";"2021-10-06";"50171";""
"19066";"3199";"PLU";"COM";"2013-03-06 23:00:00+00:00";"2009-09-23 22:00:00+00:00";"39";"19";"75";"2021";"NON";"NON";"19066";"";"";"";"2021-10-06";"39842";""
"19067";"1432";"CC";"CC";"2005-03-31 22:00:00+00:00";"2002-04-15 22:00:00+00:00";"13";"19";"75";"2021";"NON";"NON";"200066769";"";"";"";"2021-10-06";"18381";""
"19068";"1131";"CC";"COM";"2005-06-13 22:00:00+00:00";"2002-09-18 22:00:00+00:00";"13";"19";"75";"2021";"NON";"NON";"19068";"";"";"";"2021-10-06";"18382";""
"19070";"3299";"PLUi/PLUiS";"CC";"2020-01-29 23:00:00+00:00";"2015-12-13 23:00:00+00:00";"39";"19";"75";"2021";"NON";"OUI";"241900133";"";"";"";"2021-10-06";"145748";""
"19072";"3199";"PLU";"COM";"2019-07-18 22:00:00+00:00";"2013-09-05 22:00:00+00:00";"39";"19";"75";"2021";"NON";"NON";"19072";"";"";"";"2021-10-06";"125220";""
"19073";"3299";"PLUi/PLUiS";"CC";"2020-01-29 23:00:00+00:00";"2015-12-13 23:00:00+00:00";"39";"19";"75";"2021";"NON";"OUI";"241900133";"";"";"";"2021-10-06";"145748";""
"19075";"1199";"CC";"COM";"2010-05-10 22:00:00+00:00";"2006-02-13 23:00:00+00:00";"19";"19";"75";"2021";"NON";"NON";"19075";"";"";"";"2021-10-06";"18383";""
"19076";"3199";"PLU";"COM";"2013-05-01 22:00:00+00:00";"2009-09-02 22:00:00+00:00";"39";"19";"75";"2021";"NON";"NON";"19076";"";"";"";"2021-10-06";"39844";""
"19079";"3199";"PLU";"COM";"2020-11-29 23:00:00+00:00";"2015-06-12 22:00:00+00:00";"39";"19";"75";"2021";"NON";"NON";"19079";"";"";"";"2021-10-06";"144530";""
"19081";"3199";"PLU";"COM";"2014-10-20 22:00:00+00:00";"2009-07-23 22:00:00+00:00";"39";"19";"75";"2021";"NON";"NON";"19081";"";"";"";"2021-10-06";"39146";""
"19082";"3199";"PLU";"COM";"2015-07-15 22:00:00+00:00";"2011-03-01 23:00:00+00:00";"39";"19";"75";"2021";"NON";"NON";"19082";"";"";"";"2021-10-06";"70910";""
"19084";"1432";"CC";"CC";"2012-05-15 22:00:00+00:00";"2008-05-29 22:00:00+00:00";"13";"19";"75";"2021";"NON";"NON";"200066751";"";"";"";"2021-10-06";"12611";""
"19092";"3299";"PLUi/PLUiS";"CC";"2020-01-29 23:00:00+00:00";"2015-12-13 23:00:00+00:00";"39";"19";"75";"2021";"NON";"OUI";"241900133";"";"";"";"2021-10-06";"145748";""
"19093";"3199";"PLU";"COM";"2008-01-23 23:00:00+00:00";"2005-07-06 22:00:00+00:00";"39";"19";"75";"2021";"NON";"NON";"19093";"";"";"";"2021-10-06";"18308";""
"19094";"3131";"PLU";"COM";"2009-01-19 23:00:00+00:00";"2003-03-24 23:00:00+00:00";"33";"19";"75";"2021";"NON";"NON";"19094";"";"";"";"2021-10-06";"136710";""
"19097";"3299";"PLUi/PLUiS";"CC";"2020-01-29 23:00:00+00:00";"2015-12-13 23:00:00+00:00";"39";"19";"75";"2021";"NON";"OUI";"241900133";"";"";"";"2021-10-06";"145748";""
"19098";"1199";"CC";"COM";"2007-07-10 22:00:00+00:00";"2005-03-06 23:00:00+00:00";"19";"19";"75";"2021";"NON";"NON";"19098";"";"";"";"2021-10-06";"18386";""
"19100";"1131";"CC";"COM";"2007-03-18 23:00:00+00:00";"2005-12-18 23:00:00+00:00";"13";"19";"75";"2021";"NON";"NON";"19100";"";"";"";"2021-10-06";"18389";""
"19101";"3199";"PLU";"COM";"2015-12-15 23:00:00+00:00";"2010-06-08 22:00:00+00:00";"39";"19";"75";"2021";"NON";"NON";"19101";"";"";"";"2021-10-06";"29142";""
"19102";"1432";"CC";"CC";"2011-09-22 22:00:00+00:00";"2008-09-11 22:00:00+00:00";"13";"19";"75";"2021";"NON";"NON";"200066744";"";"";"";"2021-10-06";"65904";""
"19105";"3332";"PLUi/PLUiS";"CC";"2012-05-09 22:00:00+00:00";"2009-03-22 23:00:00+00:00";"33";"19";"75";"2021";"OUI";"NON";"200066769";"";"";"";"2021-10-06";"48862";""
"19106";"3299";"PLUi/PLUiS";"CC";"2020-01-29 23:00:00+00:00";"2015-12-13 23:00:00+00:00";"39";"19";"75";"2021";"NON";"OUI";"241900133";"";"";"";"2021-10-06";"145748";""
"19107";"3199";"PLU";"COM";"2014-03-06 23:00:00+00:00";"2009-05-05 22:00:00+00:00";"39";"19";"75";"2021";"NON";"NON";"19107";"";"";"";"2021-10-06";"39148";""
"19109";"3131";"PLU";"COM";"2009-01-19 23:00:00+00:00";"2003-03-24 23:00:00+00:00";"33";"19";"75";"2021";"NON";"NON";"19109";"";"";"";"2021-10-06";"136711";""
"19111";"3299";"PLUi/PLUiS";"CC";"2020-01-29 23:00:00+00:00";"2015-12-13 23:00:00+00:00";"39";"19";"75";"2021";"NON";"OUI";"241900133";"";"";"";"2021-10-06";"145748";""
"19113";"1432";"CC";"CC";"2012-04-15 22:00:00+00:00";"2005-04-27 22:00:00+00:00";"13";"19";"75";"2021";"NON";"NON";"200066744";"";"";"";"2021-10-06";"18312";""
"19115";"3432";"PLU";"CC";"2013-06-20 22:00:00+00:00";"2008-03-20 23:00:00+00:00";"33";"19";"75";"2021";"NON";"NON";"200066769";"";"";"";"2021-10-06";"34649";""
"19116";"1432";"CC";"CC";"2005-05-01 22:00:00+00:00";"2002-07-09 22:00:00+00:00";"13";"19";"75";"2021";"NON";"NON";"200066769";"";"";"";"2021-10-06";"117939";""
"19120";"1131";"CC";"COM";"2006-03-28 22:00:00+00:00";"2003-02-13 23:00:00+00:00";"13";"19";"75";"2021";"NON";"NON";"19120";"";"";"";"2021-10-06";"14387";""
"19121";"1131";"CC";"COM";"2007-07-25 22:00:00+00:00";"2006-04-11 22:00:00+00:00";"13";"19";"75";"2021";"NON";"NON";"19121";"";"";"";"2021-10-06";"18391";""
"19123";"1131";"CC";"COM";"2006-09-17 22:00:00+00:00";"2005-11-15 23:00:00+00:00";"13";"19";"75";"2021";"NON";"NON";"19123";"";"";"";"2021-10-06";"18411";""
"19124";"3131";"PLU";"COM";"2006-08-06 22:00:00+00:00";"2002-04-18 22:00:00+00:00";"33";"19";"75";"2021";"NON";"NON";"19124";"";"";"";"2021-10-06";"18320";""
"19125";"3299";"PLUi/PLUiS";"CC";"2020-01-29 23:00:00+00:00";"2015-12-13 23:00:00+00:00";"39";"19";"75";"2021";"NON";"OUI";"241900133";"";"";"";"2021-10-06";"145748";""
"19128";"3432";"PLU";"CC";"2020-09-30 22:00:00+00:00";"2014-02-19 23:00:00+00:00";"33";"19";"75";"2021";"NON";"NON";"200066744";"";"";"";"2021-10-06";"171747";""
"19129";"3199";"PLU";"COM";"2020-11-08 23:00:00+00:00";"2015-07-22 22:00:00+00:00";"39";"19";"75";"2021";"NON";"NON";"19129";"";"";"";"2021-10-06";"144532";""
"19131";"3199";"PLU";"COM";"2021-04-12 22:00:00+00:00";"2015-06-22 22:00:00+00:00";"39";"19";"75";"2021";"NON";"NON";"19131";"";"";"";"2021-10-06";"144533";""
"19135";"1432";"CC";"CC";"2004-10-05 22:00:00+00:00";"2002-12-06 23:00:00+00:00";"13";"19";"75";"2021";"NON";"NON";"200066744";"";"";"";"2021-10-06";"18393";""
"19136";"3432";"PLU";"CC";"2010-02-25 23:00:00+00:00";"2002-02-14 23:00:00+00:00";"33";"19";"75";"2021";"NON";"NON";"200066744";"";"";"";"2021-10-06";"18324";""
"19137";"3299";"PLUi/PLUiS";"CC";"2020-01-29 23:00:00+00:00";"2015-12-13 23:00:00+00:00";"39";"19";"75";"2021";"NON";"OUI";"241900133";"";"";"";"2021-10-06";"145748";""
"19138";"1432";"CC";"CC";"2005-06-21 22:00:00+00:00";"2002-09-08 22:00:00+00:00";"13";"19";"75";"2021";"NON";"NON";"200066769";"";"";"";"2021-10-06";"18394";""
"19140";"1432";"CC";"CC";"2010-09-30 22:00:00+00:00";"2003-06-12 22:00:00+00:00";"13";"19";"75";"2021";"NON";"NON";"200066751";"";"";"";"2021-10-06";"14388";""
"19143";"3299";"PLUi/PLUiS";"CC";"2020-01-29 23:00:00+00:00";"2015-12-13 23:00:00+00:00";"39";"19";"75";"2021";"NON";"OUI";"241900133";"";"";"";"2021-10-06";"145748";""
"19145";"3299";"PLUi/PLUiS";"CC";"2020-01-29 23:00:00+00:00";"2015-12-13 23:00:00+00:00";"39";"19";"75";"2021";"NON";"OUI";"241900133";"";"";"";"2021-10-06";"145748";""
"19146";"3199";"PLU";"COM";"2013-05-29 22:00:00+00:00";"2009-03-26 23:00:00+00:00";"39";"19";"75";"2021";"NON";"NON";"19146";"";"";"";"2021-10-06";"37911";""
"19147";"3199";"PLU";"COM";"2011-11-17 23:00:00+00:00";"2007-11-22 23:00:00+00:00";"39";"19";"75";"2021";"NON";"NON";"19147";"";"";"";"2021-10-06";"33282";""
"19148";"3432";"PLU";"CC";"2020-01-22 23:00:00+00:00";"2014-04-10 22:00:00+00:00";"33";"19";"75";"2021";"NON";"NON";"200066744";"";"";"";"2021-10-06";"135927";""
"19150";"3432";"PLU";"CC";"2011-11-23 23:00:00+00:00";"2006-06-22 22:00:00+00:00";"33";"19";"75";"2021";"NON";"NON";"200066769";"";"";"";"2021-10-06";"18334";""
"19151";"3199";"PLU";"COM";"2014-10-07 22:00:00+00:00";"2010-11-16 23:00:00+00:00";"39";"19";"75";"2021";"NON";"NON";"19151";"";"";"";"2021-10-06";"65063";""
"19153";"3199";"PLU";"COM";"2012-10-10 22:00:00+00:00";"2008-07-07 22:00:00+00:00";"39";"19";"75";"2021";"NON";"NON";"19153";"";"";"";"2021-10-06";"18335";""
"19154";"3199";"PLU";"COM";"2020-07-20 22:00:00+00:00";"2016-10-16 22:00:00+00:00";"39";"19";"75";"2021";"NON";"NON";"19154";"";"";"";"2021-10-06";"144534";""
"19156";"3332";"PLUi/PLUiS";"CC";"2012-05-09 22:00:00+00:00";"2009-03-22 23:00:00+00:00";"33";"19";"75";"2021";"OUI";"NON";"200066769";"";"";"";"2021-10-06";"48862";""
"19159";"3299";"PLUi/PLUiS";"CC";"2020-01-29 23:00:00+00:00";"2015-12-13 23:00:00+00:00";"39";"19";"75";"2021";"NON";"OUI";"241900133";"";"";"";"2021-10-06";"145748";""
"19161";"1131";"CC";"COM";"2011-01-10 23:00:00+00:00";"2007-11-05 23:00:00+00:00";"13";"19";"75";"2021";"NON";"NON";"19161";"";"";"";"2021-10-06";"34650";""
"19162";"3199";"PLU";"COM";"2013-03-14 23:00:00+00:00";"2008-10-30 23:00:00+00:00";"39";"19";"75";"2021";"NON";"NON";"19162";"";"";"";"2021-10-06";"36471";""
"19163";"3332";"PLUi/PLUiS";"CC";"2012-05-09 22:00:00+00:00";"2009-03-22 23:00:00+00:00";"33";"19";"75";"2021";"OUI";"NON";"200066769";"";"";"";"2021-10-06";"48862";""
"19170";"1432";"CC";"CC";"2013-06-28 22:00:00+00:00";"2009-09-14 22:00:00+00:00";"13";"19";"75";"2021";"NON";"NON";"200066769";"";"";"";"2021-10-06";"39843";""
"19176";"3299";"PLUi/PLUiS";"CC";"2020-01-29 23:00:00+00:00";"2015-12-13 23:00:00+00:00";"39";"19";"75";"2021";"NON";"OUI";"241900133";"";"";"";"2021-10-06";"145748";""
"19177";"3131";"PLU";"COM";"2009-01-19 23:00:00+00:00";"2003-03-24 23:00:00+00:00";"33";"19";"75";"2021";"NON";"NON";"19177";"";"";"";"2021-10-06";"136712";""
"19178";"1199";"CC";"COM";"2004-12-01 23:00:00+00:00";"2002-11-10 23:00:00+00:00";"19";"19";"75";"2021";"NON";"NON";"19178";"";"";"";"2021-10-06";"18397";""
"19179";"1432";"CC";"CC";"2012-07-22 22:00:00+00:00";"2009-01-14 23:00:00+00:00";"13";"19";"75";"2021";"NON";"NON";"200066769";"";"";"";"2021-10-06";"37912";""
"19180";"3432";"PLU";"CC";"2008-11-27 23:00:00+00:00";"2003-12-04 23:00:00+00:00";"33";"19";"75";"2021";"NON";"NON";"200066744";"";"";"";"2021-10-06";"18338";""
"19182";"1199";"CC";"COM";"2011-12-06 23:00:00+00:00";"2008-09-08 22:00:00+00:00";"19";"19";"75";"2021";"NON";"NON";"19182";"";"";"";"2021-10-06";"37915";""
"19187";"3131";"PLU";"COM";"2009-01-19 23:00:00+00:00";"2003-03-24 23:00:00+00:00";"33";"19";"75";"2021";"NON";"NON";"19187";"";"";"";"2021-10-06";"136713";""
"19188";"3199";"PLU";"COM";"2011-12-15 23:00:00+00:00";"2008-01-10 23:00:00+00:00";"39";"19";"75";"2021";"NON";"NON";"19188";"";"";"";"2021-10-06";"46271";""
"19191";"1131";"CC";"COM";"2005-08-02 22:00:00+00:00";"2003-03-30 22:00:00+00:00";"13";"19";"75";"2021";"NON";"NON";"19191";"";"";"";"2021-10-06";"18399";""
"19194";"1131";"CC";"COM";"2007-07-26 22:00:00+00:00";"2006-02-16 23:00:00+00:00";"13";"19";"75";"2021";"NON";"NON";"19194";"";"";"";"2021-10-06";"18402";""
"19195";"3199";"PLU";"COM";"2020-02-06 23:00:00+00:00";"2014-07-21 22:00:00+00:00";"39";"19";"75";"2021";"NON";"NON";"19195";"";"";"";"2021-10-06";"133624";""
"19196";"3199";"PLU";"COM";"2020-03-12 23:00:00+00:00";"2014-07-06 22:00:00+00:00";"39";"19";"75";"2021";"NON";"NON";"19196";"";"";"";"2021-10-06";"133625";""
"19202";"1199";"CC";"COM";"2009-11-18 23:00:00+00:00";"2007-03-12 23:00:00+00:00";"19";"19";"75";"2021";"NON";"NON";"19202";"";"";"";"2021-10-06";"36483";""
"19203";"3131";"PLU";"COM";"2007-07-06 22:00:00+00:00";"2003-03-24 23:00:00+00:00";"33";"19";"75";"2021";"NON";"NON";"19203";"";"";"";"2021-10-06";"18340";""
"19204";"1432";"CC";"CC";"2009-07-09 22:00:00+00:00";"2004-03-16 23:00:00+00:00";"13";"19";"75";"2021";"NON";"NON";"200066744";"";"";"";"2021-10-06";"14374";""
"19207";"1131";"CC";"COM";"2012-11-20 23:00:00+00:00";"2010-06-29 22:00:00+00:00";"13";"19";"75";"2021";"NON";"NON";"19207";"";"";"";"2021-10-06";"46272";""
"19208";"3299";"PLUi/PLUiS";"CC";"2020-01-29 23:00:00+00:00";"2015-12-13 23:00:00+00:00";"39";"19";"75";"2021";"NON";"OUI";"241900133";"";"";"";"2021-10-06";"145748";""
"19211";"3199";"PLU";"COM";"2011-10-16 22:00:00+00:00";"2007-04-13 22:00:00+00:00";"39";"19";"75";"2021";"NON";"NON";"19211";"";"";"";"2021-10-06";"30079";""
"19213";"1131";"CC";"COM";"2008-04-20 22:00:00+00:00";"2004-07-05 22:00:00+00:00";"13";"19";"75";"2021";"NON";"NON";"19213";"";"";"";"2021-10-06";"14381";""
"19219";"1432";"CC";"CC";"2013-10-21 22:00:00+00:00";"2011-08-03 22:00:00+00:00";"13";"19";"75";"2021";"NON";"NON";"200066744";"";"";"";"2021-10-06";"46273";""
"19222";"1432";"CC";"CC";"2013-01-20 23:00:00+00:00";"2011-11-04 23:00:00+00:00";"13";"19";"75";"2021";"NON";"NON";"200066751";"";"";"";"2021-10-06";"84976";""
"19223";"1199";"CC";"COM";"2018-01-08 23:00:00+00:00";"2013-03-24 23:00:00+00:00";"19";"19";"75";"2021";"NON";"NON";"19223";"";"";"";"2021-10-06";"125193";""
"19225";"3299";"PLUi/PLUiS";"CC";"2020-01-29 23:00:00+00:00";"2015-12-13 23:00:00+00:00";"39";"19";"75";"2021";"NON";"OUI";"241900133";"";"";"";"2021-10-06";"145748";""
"19227";"1199";"CC";"COM";"2012-04-10 22:00:00+00:00";"2008-09-25 22:00:00+00:00";"19";"19";"75";"2021";"NON";"NON";"19227";"";"";"";"2021-10-06";"36474";""
"19229";"3131";"PLU";"COM";"2006-11-15 23:00:00+00:00";"2001-09-13 22:00:00+00:00";"33";"19";"75";"2021";"NON";"NON";"19229";"";"";"";"2021-10-06";"18341";""
"19230";"1199";"CC";"COM";"2021-07-05 22:00:00+00:00";"2013-02-13 23:00:00+00:00";"19";"19";"75";"2021";"NON";"NON";"19230";"";"";"";"2021-10-06";"125194";""
"19231";"1199";"CC";"COM";"2012-04-25 22:00:00+00:00";"2009-05-25 22:00:00+00:00";"19";"19";"75";"2021";"NON";"NON";"19231";"";"";"";"2021-10-06";"39150";""
"19234";"3199";"PLU";"COM";"2010-09-14 22:00:00+00:00";"2007-03-27 22:00:00+00:00";"39";"19";"75";"2021";"NON";"NON";"19234";"";"";"";"2021-10-06";"30092";""
"19235";"1199";"CC";"COM";"2014-08-18 22:00:00+00:00";"2007-04-23 22:00:00+00:00";"19";"19";"75";"2021";"NON";"NON";"19235";"";"";"";"2021-10-06";"30083";""
"19236";"3199";"PLU";"COM";"2007-02-26 23:00:00+00:00";"2001-12-20 23:00:00+00:00";"39";"19";"75";"2021";"NON";"NON";"19236";"";"";"";"2021-10-06";"18342";""
"19237";"1432";"CC";"CC";"2015-01-18 23:00:00+00:00";"2010-03-11 23:00:00+00:00";"13";"19";"75";"2021";"NON";"NON";"200066751";"";"";"";"2021-10-06";"41292";""
"19239";"1131";"CC";"COM";"2006-12-14 23:00:00+00:00";"2004-05-04 22:00:00+00:00";"13";"19";"75";"2021";"NON";"NON";"19239";"";"";"";"2021-10-06";"14376";""
"19242";"3131";"PLU";"COM";"2009-01-19 23:00:00+00:00";"2003-03-24 23:00:00+00:00";"33";"19";"75";"2021";"NON";"NON";"19242";"";"";"";"2021-10-06";"136714";""
"19243";"3131";"PLU";"COM";"2012-03-25 22:00:00+00:00";"2008-05-06 22:00:00+00:00";"33";"19";"75";"2021";"NON";"NON";"19243";"";"";"";"2021-10-06";"35417";""
"19248";"3199";"PLU";"COM";"2021-07-19 22:00:00+00:00";"2015-05-07 22:00:00+00:00";"39";"19";"75";"2021";"NON";"NON";"19248";"";"";"";"2021-10-06";"144535";""
"19249";"3299";"PLUi/PLUiS";"CC";"2020-01-29 23:00:00+00:00";"2015-12-13 23:00:00+00:00";"39";"19";"75";"2021";"NON";"OUI";"241900133";"";"";"";"2021-10-06";"145748";""
"19250";"3199";"PLU";"COM";"2020-10-23 22:00:00+00:00";"2015-06-21 22:00:00+00:00";"39";"19";"75";"2021";"NON";"NON";"19250";"";"";"";"2021-10-06";"144538";""
"19251";"3299";"PLUi/PLUiS";"CC";"2020-01-29 23:00:00+00:00";"2015-12-13 23:00:00+00:00";"39";"19";"75";"2021";"NON";"OUI";"19251";"";"";"";"2021-10-06";"145748";""
"19255";"1131";"CC";"COM";"2006-05-14 22:00:00+00:00";"2005-06-27 22:00:00+00:00";"13";"19";"75";"2021";"NON";"NON";"19255";"";"";"";"2021-10-06";"18409";""
"19257";"3332";"PLUi/PLUiS";"CC";"2012-05-09 22:00:00+00:00";"2009-03-22 23:00:00+00:00";"33";"19";"75";"2021";"OUI";"NON";"200066769";"";"";"";"2021-10-06";"48862";""
"19258";"3432";"PLU";"CC";"2008-06-12 22:00:00+00:00";"2004-11-17 23:00:00+00:00";"33";"19";"75";"2021";"NON";"NON";"200066751";"";"";"";"2021-10-06";"18349";""
"19263";"3299";"PLUi/PLUiS";"CC";"2020-01-29 23:00:00+00:00";"2015-12-13 23:00:00+00:00";"39";"19";"75";"2021";"NON";"OUI";"241900133";"";"";"";"2021-10-06";"145748";""
"19269";"3499";"PLU";"CC";"2020-07-07 22:00:00+00:00";"2016-08-28 22:00:00+00:00";"39";"19";"75";"2021";"NON";"NON";"200066645";"";"";"";"2021-10-06";"151637";""
"19270";"3199";"PLU";"COM";"2020-08-05 22:00:00+00:00";"2014-10-08 22:00:00+00:00";"39";"19";"75";"2021";"NON";"NON";"19270";"";"";"";"2021-10-06";"133631";""
"19272";"3199";"PLU";"COM";"2011-09-26 22:00:00+00:00";"2006-09-27 22:00:00+00:00";"39";"19";"75";"2021";"NON";"NON";"19272";"";"";"";"2021-10-06";"18350";""
"19273";"3199";"PLU";"COM";"2018-12-18 23:00:00+00:00";"2013-08-26 22:00:00+00:00";"39";"19";"75";"2021";"NON";"NON";"19273";"";"";"";"2021-10-06";"125221";""
"19274";"3131";"PLU";"COM";"2008-04-06 22:00:00+00:00";"2001-10-17 22:00:00+00:00";"33";"19";"75";"2021";"NON";"NON";"19274";"";"";"";"2021-10-06";"18351";""
"19275";"3432";"PLU";"CC";"2013-12-10 23:00:00+00:00";"2002-11-28 23:00:00+00:00";"33";"19";"75";"2021";"NON";"NON";"200066744";"";"";"";"2021-10-06";"133";""
"19276";"3199";"PLU";"COM";"2020-12-13 23:00:00+00:00";"2016-02-14 23:00:00+00:00";"39";"19";"75";"2021";"NON";"NON";"19276";"";"";"";"2021-10-06";"148351";""
"19278";"3131";"PLU";"COM";"2008-01-10 23:00:00+00:00";"2001-10-25 22:00:00+00:00";"33";"19";"75";"2021";"NON";"NON";"19278";"";"";"";"2021-10-06";"18354";""
"19285";"3199";"PLU";"COM";"2013-06-09 22:00:00+00:00";"2008-11-17 23:00:00+00:00";"39";"19";"75";"2021";"NON";"NON";"19285";"";"";"";"2021-10-06";"36481";""
"19286";"3131";"PLU";"COM";"2009-01-19 23:00:00+00:00";"2003-03-24 23:00:00+00:00";"33";"19";"75";"2021";"NON";"NON";"19286";"";"";"";"2021-10-06";"136705";""
"19288";"1131";"CC";"COM";"2005-08-21 22:00:00+00:00";"2004-12-05 23:00:00+00:00";"13";"19";"75";"2021";"NON";"NON";"19288";"";"";"";"2021-10-06";"18413";""
"19289";"3199";"PLU";"COM";"2021-06-10 22:00:00+00:00";"2014-07-10 22:00:00+00:00";"39";"19";"75";"2021";"NON";"NON";"19289";"";"";"";"2021-10-06";"133635";""
"21001";"3199";"PLU";"COM";"2004-03-31 22:00:00+00:00";"2001-10-18 22:00:00+00:00";"39";"21";"27";"2021";"NON";"NON";"21001";"";"";"";"2021-10-06";"51325";""
"21002";"3199";"PLU";"COM";"2006-05-09 22:00:00+00:00";"1999-11-15 23:00:00+00:00";"39";"21";"27";"2021";"NON";"NON";"21002";"";"";"";"2021-10-06";"51324";""
"21003";"3299";"PLUi/PLUiS";"MET";"2019-12-18 23:00:00+00:00";"2015-12-16 23:00:00+00:00";"39";"21";"27";"2021";"NON";"OUI";"242100410";"";"";"";"2021-10-06";"144594";""
"21005";"3199";"PLU";"COM";"2013-02-07 23:00:00+00:00";"2006-03-23 23:00:00+00:00";"39";"21";"27";"2021";"NON";"NON";"21005";"";"";"";"2021-10-06";"61529";""
"21013";"3199";"PLU";"COM";"2008-06-26 22:00:00+00:00";"2001-12-18 23:00:00+00:00";"39";"21";"27";"2021";"NON";"NON";"21013";"";"";"";"2021-10-06";"51327";""
"21016";"3199";"PLU";"COM";"2006-02-06 23:00:00+00:00";"1998-06-04 22:00:00+00:00";"39";"21";"27";"2021";"NON";"NON";"21016";"";"";"";"2021-10-06";"51328";""
"21017";"3199";"PLU";"COM";"2019-11-06 23:00:00+00:00";"2012-07-11 22:00:00+00:00";"39";"21";"27";"2021";"NON";"NON";"21017";"";"";"";"2021-10-06";"49283";""
"21018";"1199";"CC";"COM";"2011-07-21 22:00:00+00:00";"2008-06-30 22:00:00+00:00";"19";"21";"27";"2021";"NON";"NON";"21018";"";"";"";"2021-10-06";"66739";""
"21021";"3199";"PLU";"COM";"2018-06-10 22:00:00+00:00";"2012-11-04 23:00:00+00:00";"39";"21";"27";"2021";"NON";"NON";"21021";"";"";"";"2021-10-06";"115564";""
"21022";"3199";"PLU";"COM";"2007-04-15 22:00:00+00:00";"1999-09-02 22:00:00+00:00";"39";"21";"27";"2021";"NON";"NON";"21022";"";"";"";"2021-10-06";"57947";""
"21023";"3199";"PLU";"COM";"2004-07-05 22:00:00+00:00";"2001-06-19 22:00:00+00:00";"39";"21";"27";"2021";"NON";"NON";"21023";"";"";"";"2021-10-06";"51330";""
"21027";"3199";"PLU";"COM";"2014-02-25 23:00:00+00:00";"2009-05-03 22:00:00+00:00";"39";"21";"27";"2021";"NON";"NON";"21027";"";"";"";"2021-10-06";"61531";""
"21028";"3199";"PLU";"COM";"2010-03-11 23:00:00+00:00";"2003-03-20 23:00:00+00:00";"39";"21";"27";"2021";"NON";"NON";"21028";"";"";"";"2021-10-06";"51336";""
"21030";"1199";"CC";"COM";"2012-11-11 23:00:00+00:00";"2008-12-10 23:00:00+00:00";"19";"21";"27";"2021";"NON";"NON";"21030";"";"";"";"2021-10-06";"66741";""
"21035";"1199";"CC";"COM";"2010-09-12 22:00:00+00:00";"2008-10-06 22:00:00+00:00";"19";"21";"27";"2021";"NON";"NON";"21035";"";"";"";"2021-10-06";"68965";""
"21038";"3131";"PLU";"COM";"2006-07-24 22:00:00+00:00";"1995-12-19 23:00:00+00:00";"33";"21";"27";"2021";"NON";"NON";"21038";"";"";"";"2021-10-06";"51331";""
"21042";"3199";"PLU";"COM";"2011-02-11 23:00:00+00:00";"2007-09-28 22:00:00+00:00";"39";"21";"27";"2021";"NON";"NON";"21042";"";"";"";"2021-10-06";"50005";""
"21043";"3199";"PLU";"COM";"2014-03-03 23:00:00+00:00";"2010-07-07 22:00:00+00:00";"39";"21";"27";"2021";"NON";"NON";"21043";"";"";"";"2021-10-06";"50172";""
"21045";"3199";"PLU";"COM";"2008-02-17 23:00:00+00:00";"2003-01-26 23:00:00+00:00";"39";"21";"27";"2021";"NON";"NON";"21045";"";"";"";"2021-10-06";"56766";""
"21048";"3199";"PLU";"COM";"2004-02-05 23:00:00+00:00";"2001-07-26 22:00:00+00:00";"39";"21";"27";"2021";"NON";"NON";"21048";"";"";"";"2021-10-06";"56767";""
"21050";"3199";"PLU";"COM";"2008-06-19 22:00:00+00:00";"2003-10-23 22:00:00+00:00";"39";"21";"27";"2021";"NON";"NON";"21050";"";"";"";"2021-10-06";"56768";""
"21051";"1199";"CC";"COM";"2010-07-21 22:00:00+00:00";"2008-09-14 22:00:00+00:00";"19";"21";"27";"2021";"NON";"NON";"21051";"";"";"";"2021-10-06";"68966";""
"21053";"3199";"PLU";"COM";"2006-12-10 23:00:00+00:00";"2003-01-23 23:00:00+00:00";"39";"21";"27";"2021";"NON";"NON";"21053";"";"";"";"2021-10-06";"51332";""
"21054";"3199";"PLU";"COM";"2021-06-23 22:00:00+00:00";"2016-08-02 22:00:00+00:00";"39";"21";"27";"2021";"NON";"NON";"21054";"";"";"";"2021-10-06";"151306";""
"21056";"3199";"PLU";"COM";"2021-02-28 23:00:00+00:00";"2015-12-13 23:00:00+00:00";"39";"21";"27";"2021";"NON";"NON";"21056";"";"";"";"2021-10-06";"148003";""
"21059";"3199";"PLU";"COM";"2009-09-24 22:00:00+00:00";"1996-01-18 23:00:00+00:00";"39";"21";"27";"2021";"NON";"NON";"21059";"";"";"";"2021-10-06";"51333";""
"21060";"3131";"PLU";"COM";"2005-08-28 22:00:00+00:00";"1999-10-14 22:00:00+00:00";"33";"21";"27";"2021";"NON";"NON";"21060";"";"";"";"2021-10-06";"51338";""
"21067";"1199";"CC";"COM";"2008-01-13 23:00:00+00:00";"2005-10-04 22:00:00+00:00";"19";"21";"27";"2021";"NON";"NON";"21067";"";"";"";"2021-10-06";"68967";""
"21070";"3199";"PLU";"COM";"2015-02-23 23:00:00+00:00";"2007-07-04 22:00:00+00:00";"39";"21";"27";"2021";"NON";"NON";"21070";"";"";"";"2021-10-06";"49285";""
"21071";"3131";"PLU";"COM";"2008-02-27 23:00:00+00:00";"1999-03-28 22:00:00+00:00";"33";"21";"27";"2021";"NON";"NON";"21071";"";"";"";"2021-10-06";"51334";""
"21072";"3199";"PLU";"COM";"2015-05-11 22:00:00+00:00";"2009-09-03 22:00:00+00:00";"39";"21";"27";"2021";"NON";"NON";"21072";"";"";"";"2021-10-06";"63828";""
"21076";"3199";"PLU";"COM";"2007-03-21 23:00:00+00:00";"2005-01-26 23:00:00+00:00";"39";"21";"27";"2021";"NON";"NON";"21076";"";"";"";"2021-10-06";"51339";""
"21080";"1131";"CC";"COM";"2008-04-14 22:00:00+00:00";"2005-03-03 23:00:00+00:00";"13";"21";"27";"2021";"NON";"NON";"21080";"";"";"";"2021-10-06";"68968";""
"21086";"3199";"PLU";"COM";"2013-04-08 22:00:00+00:00";"2009-08-30 22:00:00+00:00";"39";"21";"27";"2021";"NON";"NON";"21086";"";"";"";"2021-10-06";"63829";""
"21087";"3199";"PLU";"COM";"2006-08-27 22:00:00+00:00";"2003-03-10 23:00:00+00:00";"39";"21";"27";"2021";"NON";"NON";"21087";"";"";"";"2021-10-06";"51335";""
"21088";"3199";"PLU";"COM";"2011-12-07 23:00:00+00:00";"2008-10-30 23:00:00+00:00";"39";"21";"27";"2021";"NON";"NON";"21088";"";"";"";"2021-10-06";"50173";""
"21089";"3199";"PLU";"COM";"2016-12-12 23:00:00+00:00";"2010-11-29 23:00:00+00:00";"39";"21";"27";"2021";"NON";"NON";"21089";"";"";"";"2021-10-06";"50174";""
"21092";"1199";"CC";"COM";"2008-03-17 23:00:00+00:00";"2006-10-23 22:00:00+00:00";"19";"21";"27";"2021";"NON";"NON";"21092";"";"";"";"2021-10-06";"68970";""
"21093";"3199";"PLU";"COM";"2019-05-15 22:00:00+00:00";"2014-07-10 22:00:00+00:00";"39";"21";"27";"2021";"NON";"NON";"21093";"";"";"";"2021-10-06";"131958";""
"21094";"1199";"CC";"COM";"2006-07-17 22:00:00+00:00";"2004-02-19 23:00:00+00:00";"19";"21";"27";"2021";"NON";"NON";"21094";"";"";"";"2021-10-06";"67690";""
"21099";"3131";"PLU";"COM";"2008-10-16 22:00:00+00:00";"2005-05-26 22:00:00+00:00";"33";"21";"27";"2021";"NON";"NON";"21099";"";"";"";"2021-10-06";"51348";""
"21103";"3199";"PLU";"COM";"2012-09-23 22:00:00+00:00";"2008-05-28 22:00:00+00:00";"39";"21";"27";"2021";"NON";"NON";"21103";"";"";"";"2021-10-06";"77070";""
"21105";"3299";"PLUi/PLUiS";"MET";"2019-12-18 23:00:00+00:00";"2015-12-16 23:00:00+00:00";"39";"21";"27";"2021";"NON";"OUI";"242100410";"";"";"";"2021-10-06";"144594";""
"21106";"3299";"PLUi/PLUiS";"MET";"2019-12-18 23:00:00+00:00";"2015-12-16 23:00:00+00:00";"39";"21";"27";"2021";"NON";"OUI";"242100410";"";"";"";"2021-10-06";"144594";""
"21107";"3199";"PLU";"COM";"2016-07-10 22:00:00+00:00";"2011-02-21 23:00:00+00:00";"39";"21";"27";"2021";"NON";"NON";"21107";"";"";"";"2021-10-06";"77116";""
"21110";"3199";"PLU";"COM";"2009-06-22 22:00:00+00:00";"2007-03-20 23:00:00+00:00";"39";"21";"27";"2021";"NON";"NON";"21110";"";"";"";"2021-10-06";"51342";""
"21112";"1199";"CC";"COM";"2008-05-14 22:00:00+00:00";"2006-10-22 22:00:00+00:00";"19";"21";"27";"2021";"NON";"NON";"21112";"";"";"";"2021-10-06";"68969";""
"21113";"3131";"PLU";"COM";"2002-04-18 22:00:00+00:00";"2000-07-26 22:00:00+00:00";"33";"21";"27";"2021";"NON";"NON";"21113";"";"";"";"2021-10-06";"51345";""
"21115";"1199";"CC";"COM";"2002-06-24 22:00:00+00:00";"2001-04-30 22:00:00+00:00";"19";"21";"27";"2021";"NON";"NON";"21115";"";"";"";"2021-10-06";"70330";""
"21126";"3131";"PLU";"COM";"2006-12-10 23:00:00+00:00";"2003-02-20 23:00:00+00:00";"33";"21";"27";"2021";"NON";"NON";"21126";"";"";"";"2021-10-06";"51346";""
"21127";"3131";"PLU";"COM";"2009-04-23 22:00:00+00:00";"2001-12-10 23:00:00+00:00";"33";"21";"27";"2021";"NON";"NON";"21127";"";"";"";"2021-10-06";"51349";""
"21131";"3299";"PLUi/PLUiS";"SI";"2007-10-10 22:00:00+00:00";"2002-06-02 22:00:00+00:00";"39";"21";"27";"2021";"NON";"OUI";"21131";"";"";"";"2021-10-06";"71056";""
"21132";"3131";"PLU";"COM";"2007-12-13 23:00:00+00:00";"2006-06-15 22:00:00+00:00";"33";"21";"27";"2021";"NON";"NON";"21132";"";"";"";"2021-10-06";"88244";""
"21134";"1199";"CC";"COM";"2009-08-19 22:00:00+00:00";"2006-10-03 22:00:00+00:00";"19";"21";"27";"2021";"NON";"NON";"21134";"";"";"";"2021-10-06";"68971";""
"21139";"3199";"PLU";"COM";"2013-12-04 23:00:00+00:00";"2008-06-18 22:00:00+00:00";"39";"21";"27";"2021";"NON";"NON";"21139";"";"";"";"2021-10-06";"64407";""
"21148";"3199";"PLU";"COM";"2015-02-11 23:00:00+00:00";"2008-10-23 22:00:00+00:00";"39";"21";"27";"2021";"NON";"NON";"21148";"";"";"";"2021-10-06";"50175";""
"21150";"1131";"CC";"COM";"2014-01-30 23:00:00+00:00";"2011-09-19 22:00:00+00:00";"13";"21";"27";"2021";"NON";"NON";"21150";"";"";"";"2021-10-06";"88189";""
"21154";"3199";"PLU";"COM";"2016-12-19 23:00:00+00:00";"2013-12-22 23:00:00+00:00";"39";"21";"27";"2021";"NON";"NON";"21154";"";"";"";"2021-10-06";"127884";""
"21162";"3199";"PLU";"COM";"2012-07-15 22:00:00+00:00";"2010-03-14 23:00:00+00:00";"39";"21";"27";"2021";"NON";"NON";"21162";"";"";"";"2021-10-06";"88257";""
"21166";"3299";"PLUi/PLUiS";"MET";"2019-12-18 23:00:00+00:00";"2015-12-16 23:00:00+00:00";"39";"21";"27";"2021";"NON";"OUI";"242100410";"";"";"";"2021-10-06";"144594";""
"21171";"3299";"PLUi/PLUiS";"MET";"2019-12-18 23:00:00+00:00";"2015-12-16 23:00:00+00:00";"39";"21";"27";"2021";"NON";"OUI";"242100410";"";"";"";"2021-10-06";"144594";""
"21173";"3131";"PLU";"COM";"2003-07-07 22:00:00+00:00";"2000-03-15 23:00:00+00:00";"33";"21";"27";"2021";"NON";"NON";"21173";"";"";"";"2021-10-06";"51354";""
"21175";"1199";"CC";"COM";"2009-12-15 23:00:00+00:00";"2007-04-22 22:00:00+00:00";"19";"21";"27";"2021";"NON";"NON";"21175";"";"";"";"2021-10-06";"66745";""
"21178";"3199";"PLU";"COM";"2014-03-12 23:00:00+00:00";"2010-02-01 23:00:00+00:00";"39";"21";"27";"2021";"NON";"NON";"21178";"";"";"";"2021-10-06";"49288";""
"21179";"3199";"PLU";"COM";"2016-02-29 23:00:00+00:00";"2011-04-25 22:00:00+00:00";"39";"21";"27";"2021";"NON";"NON";"21179";"";"";"";"2021-10-06";"88271";""
"21182";"1199";"CC";"COM";"2015-03-23 23:00:00+00:00";"2005-09-12 22:00:00+00:00";"19";"21";"27";"2021";"NON";"NON";"21182";"";"";"";"2021-10-06";"70899";""
"21183";"3199";"PLU";"COM";"2006-07-25 22:00:00+00:00";"2004-04-15 22:00:00+00:00";"39";"21";"27";"2021";"NON";"NON";"21183";"";"";"";"2021-10-06";"51358";""
"21185";"3199";"PLU";"COM";"2011-05-22 22:00:00+00:00";"2008-06-26 22:00:00+00:00";"39";"21";"27";"2021";"NON";"NON";"21185";"";"";"";"2021-10-06";"49289";""
"21186";"3199";"PLU";"COM";"2014-03-16 23:00:00+00:00";"2010-07-15 22:00:00+00:00";"39";"21";"27";"2021";"NON";"NON";"21186";"";"";"";"2021-10-06";"61536";""
"21189";"1199";"CC";"COM";"2018-06-13 22:00:00+00:00";"2016-01-27 23:00:00+00:00";"19";"21";"27";"2021";"NON";"NON";"21189";"";"";"";"2021-10-06";"147544";""
"21190";"3199";"PLU";"COM";"2013-11-03 23:00:00+00:00";"2009-01-12 23:00:00+00:00";"39";"21";"27";"2021";"NON";"NON";"21190";"";"";"";"2021-10-06";"50176";""
"21191";"3199";"PLU";"COM";"2006-01-12 23:00:00+00:00";"1996-05-24 22:00:00+00:00";"39";"21";"27";"2021";"NON";"NON";"21191";"";"";"";"2021-10-06";"51359";""
"21192";"3299";"PLUi/PLUiS";"MET";"2019-12-18 23:00:00+00:00";"2015-12-16 23:00:00+00:00";"39";"21";"27";"2021";"NON";"OUI";"242100410";"";"";"";"2021-10-06";"144594";""
"21193";"1199";"CC";"COM";"2008-02-11 23:00:00+00:00";"2006-01-31 23:00:00+00:00";"19";"21";"27";"2021";"NON";"NON";"21193";"";"";"";"2021-10-06";"68972";""
"21194";"3199";"PLU";"COM";"2021-04-20 22:00:00+00:00";"2011-04-11 22:00:00+00:00";"39";"21";"27";"2021";"NON";"NON";"21194";"";"";"";"2021-10-06";"61538";""
"21196";"3199";"PLU";"COM";"2009-03-24 23:00:00+00:00";"2004-03-22 23:00:00+00:00";"39";"21";"27";"2021";"NON";"NON";"21196";"";"";"";"2021-10-06";"51360";""
"21200";"3199";"PLU";"COM";"2009-11-04 23:00:00+00:00";"2007-03-28 22:00:00+00:00";"39";"21";"27";"2021";"NON";"NON";"21200";"";"";"";"2021-10-06";"61539";""
"21209";"3131";"PLU";"COM";"2005-06-29 22:00:00+00:00";"2002-02-28 23:00:00+00:00";"33";"21";"27";"2021";"NON";"NON";"21209";"";"";"";"2021-10-06";"51355";""
"21210";"3199";"PLU";"COM";"2004-07-07 22:00:00+00:00";"2002-04-15 22:00:00+00:00";"39";"21";"27";"2021";"NON";"NON";"21210";"";"";"";"2021-10-06";"51362";""
"21212";"3199";"PLU";"COM";"2014-02-27 23:00:00+00:00";"2011-11-17 23:00:00+00:00";"39";"21";"27";"2021";"NON";"NON";"21212";"";"";"";"2021-10-06";"93507";""
"21213";"3299";"PLUi/PLUiS";"MET";"2019-12-18 23:00:00+00:00";"2015-12-16 23:00:00+00:00";"39";"21";"27";"2021";"NON";"OUI";"242100410";"";"";"";"2021-10-06";"144594";""
"21217";"1199";"CC";"COM";"2011-01-20 23:00:00+00:00";"2008-10-14 22:00:00+00:00";"19";"21";"27";"2021";"NON";"NON";"21217";"";"";"";"2021-10-06";"68973";""
"21218";"3199";"PLU";"COM";"2008-02-18 23:00:00+00:00";"2001-12-09 23:00:00+00:00";"39";"21";"27";"2021";"NON";"NON";"21218";"";"";"";"2021-10-06";"51363";""
"21223";"3299";"PLUi/PLUiS";"MET";"2019-12-18 23:00:00+00:00";"2015-12-16 23:00:00+00:00";"39";"21";"27";"2021";"NON";"OUI";"242100410";"";"";"";"2021-10-06";"144594";""
"21228";"3199";"PLU";"COM";"2014-07-09 22:00:00+00:00";"2009-05-19 22:00:00+00:00";"39";"21";"27";"2021";"NON";"NON";"21228";"";"";"";"2021-10-06";"50177";""
"21230";"3199";"PLU";"COM";"2009-07-05 22:00:00+00:00";"2005-01-05 23:00:00+00:00";"39";"21";"27";"2021";"NON";"NON";"21230";"";"";"";"2021-10-06";"51364";""
"21231";"3299";"PLUi/PLUiS";"MET";"2019-12-18 23:00:00+00:00";"2015-12-16 23:00:00+00:00";"39";"21";"27";"2021";"NON";"OUI";"242100410";"";"";"";"2021-10-06";"144594";""
"21233";"3199";"PLU";"COM";"2012-09-24 22:00:00+00:00";"2007-06-04 22:00:00+00:00";"39";"21";"27";"2021";"NON";"NON";"21233";"";"";"";"2021-10-06";"49287";""
"21236";"3199";"PLU";"COM";"2011-06-15 22:00:00+00:00";"2009-01-26 23:00:00+00:00";"39";"21";"27";"2021";"NON";"NON";"21236";"";"";"";"2021-10-06";"50178";""
"21238";"3199";"PLU";"COM";"2012-10-08 22:00:00+00:00";"2009-02-17 23:00:00+00:00";"39";"21";"27";"2021";"NON";"NON";"21238";"";"";"";"2021-10-06";"50179";""
"21245";"3199";"PLU";"COM";"2004-07-11 22:00:00+00:00";"2002-09-26 22:00:00+00:00";"39";"21";"27";"2021";"NON";"NON";"21245";"";"";"";"2021-10-06";"51365";""
"21246";"3199";"PLU";"COM";"2003-06-05 22:00:00+00:00";"2000-11-07 23:00:00+00:00";"39";"21";"27";"2021";"NON";"NON";"21246";"";"";"";"2021-10-06";"51366";""
"21247";"3199";"PLU";"COM";"2015-04-02 22:00:00+00:00";"2010-11-04 23:00:00+00:00";"39";"21";"27";"2021";"NON";"NON";"21247";"";"";"";"2021-10-06";"50180";""
"21249";"1199";"CC";"COM";"2008-07-02 22:00:00+00:00";"2005-03-24 23:00:00+00:00";"19";"21";"27";"2021";"NON";"NON";"21249";"";"";"";"2021-10-06";"68974";""
"21251";"3199";"PLU";"COM";"2006-07-17 22:00:00+00:00";"2002-12-08 23:00:00+00:00";"39";"21";"27";"2021";"NON";"NON";"21251";"";"";"";"2021-10-06";"51368";""
"21253";"1199";"CC";"COM";"2005-07-27 22:00:00+00:00";"2002-12-12 23:00:00+00:00";"19";"21";"27";"2021";"NON";"NON";"21253";"";"";"";"2021-10-06";"67691";""
"21255";"3199";"PLU";"COM";"2007-04-15 22:00:00+00:00";"2003-03-30 22:00:00+00:00";"39";"21";"27";"2021";"NON";"NON";"21255";"";"";"";"2021-10-06";"51369";""
"21256";"1199";"CC";"COM";"2010-02-07 23:00:00+00:00";"2006-02-16 23:00:00+00:00";"19";"21";"27";"2021";"NON";"NON";"21256";"";"";"";"2021-10-06";"68975";""
"21259";"3199";"PLU";"COM";"2011-05-26 22:00:00+00:00";"2005-12-27 23:00:00+00:00";"39";"21";"27";"2021";"NON";"NON";"21259";"";"";"";"2021-10-06";"61542";""
"21261";"3199";"PLU";"COM";"2017-12-04 23:00:00+00:00";"2002-10-28 23:00:00+00:00";"39";"21";"27";"2021";"NON";"NON";"21261";"";"";"";"2021-10-06";"61543";""
"21263";"3299";"PLUi/PLUiS";"MET";"2019-12-18 23:00:00+00:00";"2015-12-16 23:00:00+00:00";"39";"21";"27";"2021";"NON";"OUI";"242100410";"";"";"";"2021-10-06";"144594";""
"21265";"3199";"PLU";"COM";"2015-04-19 22:00:00+00:00";"2012-02-21 23:00:00+00:00";"39";"21";"27";"2021";"NON";"NON";"21265";"";"";"";"2021-10-06";"104167";""
"21267";"3199";"PLU";"COM";"2014-02-26 23:00:00+00:00";"2009-11-22 23:00:00+00:00";"39";"21";"27";"2021";"NON";"NON";"21267";"";"";"";"2021-10-06";"61544";""
"21268";"1199";"CC";"COM";"2012-03-26 22:00:00+00:00";"2009-05-04 22:00:00+00:00";"19";"21";"27";"2021";"NON";"NON";"21268";"";"";"";"2021-10-06";"66747";""
"21269";"1199";"CC";"COM";"2018-09-26 22:00:00+00:00";"2016-01-19 23:00:00+00:00";"19";"21";"27";"2021";"NON";"NON";"21269";"";"";"";"2021-10-06";"76923";""
"21270";"3299";"PLUi/PLUiS";"MET";"2019-12-18 23:00:00+00:00";"2015-12-16 23:00:00+00:00";"39";"21";"27";"2021";"NON";"OUI";"242100410";"";"";"";"2021-10-06";"144594";""
"21271";"1499";"CC";"CC";"2017-09-27 22:00:00+00:00";"2014-06-05 22:00:00+00:00";"19";"21";"27";"2021";"NON";"NON";"21271";"";"";"";"2021-10-06";"135917";""
"21272";"1111";"CC";"COM";"2017-04-26 22:00:00+00:00";"2013-12-15 23:00:00+00:00";"11";"21";"27";"2021";"NON";"NON";"21272";"";"";"";"2021-10-06";"129423";""
"21273";"3131";"PLU";"COM";"2008-02-07 23:00:00+00:00";"2002-11-27 23:00:00+00:00";"33";"21";"27";"2021";"NON";"NON";"21273";"";"";"";"2021-10-06";"51370";""
"21274";"1199";"CC";"COM";"2008-05-14 22:00:00+00:00";"2006-02-23 23:00:00+00:00";"19";"21";"27";"2021";"NON";"NON";"21274";"";"";"";"2021-10-06";"68976";""
"21277";"1111";"CC";"COM";"2011-11-01 23:00:00+00:00";"2007-02-19 23:00:00+00:00";"11";"21";"27";"2021";"NON";"NON";"21277";"";"";"";"2021-10-06";"65910";""
"21278";"3299";"PLUi/PLUiS";"MET";"2019-12-18 23:00:00+00:00";"2015-12-16 23:00:00+00:00";"39";"21";"27";"2021";"NON";"OUI";"242100410";"";"";"";"2021-10-06";"144594";""
"21285";"3199";"PLU";"COM";"2013-07-04 22:00:00+00:00";"2009-08-27 22:00:00+00:00";"39";"21";"27";"2021";"NON";"NON";"21285";"";"";"";"2021-10-06";"49292";""
"21289";"1199";"CC";"COM";"2019-09-04 22:00:00+00:00";"2015-01-15 23:00:00+00:00";"19";"21";"27";"2021";"NON";"NON";"21289";"";"";"";"2021-10-06";"137976";""
"21290";"3199";"PLU";"COM";"2011-05-24 22:00:00+00:00";"2001-11-15 23:00:00+00:00";"39";"21";"27";"2021";"NON";"NON";"21290";"";"";"";"2021-10-06";"61545";""
"21292";"3131";"PLU";"COM";"2009-06-01 22:00:00+00:00";"2003-11-03 23:00:00+00:00";"33";"21";"27";"2021";"NON";"NON";"21292";"";"";"";"2021-10-06";"51372";""
"21293";"1199";"CC";"COM";"2014-01-12 23:00:00+00:00";"2010-09-05 22:00:00+00:00";"19";"21";"27";"2021";"NON";"NON";"21293";"";"";"";"2021-10-06";"65620";""
"21294";"3199";"PLU";"COM";"2010-05-04 22:00:00+00:00";"2006-05-08 22:00:00+00:00";"39";"21";"27";"2021";"NON";"NON";"21294";"";"";"";"2021-10-06";"51377";""
"21295";"3199";"PLU";"COM";"2009-07-15 22:00:00+00:00";"2007-03-19 23:00:00+00:00";"39";"21";"27";"2021";"NON";"NON";"21295";"";"";"";"2021-10-06";"51373";""
"21297";"3199";"PLU";"COM";"2020-12-02 23:00:00+00:00";"2015-12-09 23:00:00+00:00";"39";"21";"27";"2021";"NON";"NON";"21297";"";"";"";"2021-10-06";"145580";""
"21300";"3199";"PLU";"COM";"2003-01-23 23:00:00+00:00";"1996-12-04 23:00:00+00:00";"39";"21";"27";"2021";"NON";"NON";"21300";"";"";"";"2021-10-06";"51376";""
"21306";"1199";"CC";"COM";"2007-12-11 23:00:00+00:00";"2006-01-10 23:00:00+00:00";"19";"21";"27";"2021";"NON";"NON";"21306";"";"";"";"2021-10-06";"67693";""
"21310";"1199";"CC";"COM";"2013-06-17 22:00:00+00:00";"2009-03-23 23:00:00+00:00";"19";"21";"27";"2021";"NON";"NON";"21310";"";"";"";"2021-10-06";"66751";""
"21315";"3299";"PLUi/PLUiS";"MET";"2019-12-18 23:00:00+00:00";"2015-12-16 23:00:00+00:00";"39";"21";"27";"2021";"NON";"OUI";"242100410";"";"";"";"2021-10-06";"144594";""
"21316";"1199";"CC";"COM";"2011-05-30 22:00:00+00:00";"2007-01-25 23:00:00+00:00";"19";"21";"27";"2021";"NON";"NON";"21316";"";"";"";"2021-10-06";"65911";""
"21317";"3131";"PLU";"COM";"2013-04-07 22:00:00+00:00";"2009-05-03 22:00:00+00:00";"33";"21";"27";"2021";"NON";"NON";"21317";"";"";"";"2021-10-06";"61310";""
"21319";"3199";"PLU";"COM";"2007-09-06 22:00:00+00:00";"2002-03-24 23:00:00+00:00";"39";"21";"27";"2021";"NON";"NON";"21319";"";"";"";"2021-10-06";"51378";""
"21320";"3131";"PLU";"COM";"2004-05-20 22:00:00+00:00";"2000-01-21 23:00:00+00:00";"33";"21";"27";"2021";"NON";"NON";"21320";"";"";"";"2021-10-06";"51375";""
"21322";"3199";"PLU";"COM";"2006-08-27 22:00:00+00:00";"2001-07-05 22:00:00+00:00";"39";"21";"27";"2021";"NON";"NON";"21322";"";"";"";"2021-10-06";"51379";""
"21332";"3199";"PLU";"COM";"2020-01-22 23:00:00+00:00";"2015-12-16 23:00:00+00:00";"39";"21";"27";"2021";"NON";"NON";"21332";"";"";"";"2021-10-06";"145593";""
"21333";"3299";"PLUi/PLUiS";"SI";"2007-10-10 22:00:00+00:00";"2002-06-02 22:00:00+00:00";"39";"21";"27";"2021";"NON";"OUI";"21333";"";"";"";"2021-10-06";"71056";""
"21336";"3199";"PLU";"COM";"2015-06-04 22:00:00+00:00";"2010-02-11 23:00:00+00:00";"39";"21";"27";"2021";"NON";"NON";"21336";"";"";"";"2021-10-06";"61550";""
"21338";"3199";"PLU";"COM";"2008-03-02 23:00:00+00:00";"2002-09-11 22:00:00+00:00";"39";"21";"27";"2021";"NON";"NON";"21338";"";"";"";"2021-10-06";"51000";""
"21339";"3199";"PLU";"COM";"2018-09-12 22:00:00+00:00";"2015-02-25 23:00:00+00:00";"39";"21";"27";"2021";"NON";"NON";"21339";"";"";"";"2021-10-06";"137967";""
"21340";"1199";"CC";"COM";"2010-11-14 23:00:00+00:00";"2008-10-09 22:00:00+00:00";"19";"21";"27";"2021";"NON";"NON";"21340";"";"";"";"2021-10-06";"68977";""
"21342";"1199";"CC";"COM";"2007-12-11 23:00:00+00:00";"2004-07-04 22:00:00+00:00";"19";"21";"27";"2021";"NON";"NON";"21342";"";"";"";"2021-10-06";"67694";""
"21346";"3199";"PLU";"COM";"2003-05-14 22:00:00+00:00";"2000-03-22 23:00:00+00:00";"39";"21";"27";"2021";"NON";"NON";"21346";"";"";"";"2021-10-06";"51386";""
"21347";"3131";"PLU";"COM";"2008-02-28 23:00:00+00:00";"2003-10-06 22:00:00+00:00";"33";"21";"27";"2021";"NON";"NON";"21347";"";"";"";"2021-10-06";"51382";""
"21351";"3199";"PLU";"COM";"2008-02-05 23:00:00+00:00";"2005-09-05 22:00:00+00:00";"39";"21";"27";"2021";"NON";"NON";"21351";"";"";"";"2021-10-06";"51383";""
"21352";"3199";"PLU";"COM";"2018-12-19 23:00:00+00:00";"2013-06-24 22:00:00+00:00";"39";"21";"27";"2021";"NON";"NON";"21352";"";"";"";"2021-10-06";"127719";""
"21353";"3199";"PLU";"COM";"2011-11-13 23:00:00+00:00";"2003-04-06 22:00:00+00:00";"39";"21";"27";"2021";"NON";"NON";"21353";"";"";"";"2021-10-06";"61549";""
"21354";"1199";"CC";"COM";"2011-02-14 23:00:00+00:00";"2008-04-03 22:00:00+00:00";"19";"21";"27";"2021";"NON";"NON";"21354";"";"";"";"2021-10-06";"66752";""
"21355";"3299";"PLUi/PLUiS";"MET";"2019-12-18 23:00:00+00:00";"2015-12-16 23:00:00+00:00";"39";"21";"27";"2021";"NON";"OUI";"242100410";"";"";"";"2021-10-06";"144594";""
"21356";"3131";"PLU";"COM";"2011-04-20 22:00:00+00:00";"2006-09-06 22:00:00+00:00";"33";"21";"27";"2021";"NON";"NON";"21356";"";"";"";"2021-10-06";"50181";""
"21361";"3131";"PLU";"COM";"2004-11-24 23:00:00+00:00";"2001-06-24 22:00:00+00:00";"33";"21";"27";"2021";"NON";"NON";"21361";"";"";"";"2021-10-06";"56770";""
"21366";"3199";"PLU";"COM";"2013-03-21 23:00:00+00:00";"2009-12-03 23:00:00+00:00";"39";"21";"27";"2021";"NON";"NON";"21366";"";"";"";"2021-10-06";"50007";""
"21367";"1111";"CC";"COM";"2011-08-09 22:00:00+00:00";"2007-05-29 22:00:00+00:00";"11";"21";"27";"2021";"NON";"NON";"21367";"";"";"";"2021-10-06";"66753";""
"21368";"3199";"PLU";"COM";"2020-01-12 23:00:00+00:00";"2015-10-28 23:00:00+00:00";"39";"21";"27";"2021";"NON";"NON";"21368";"";"";"";"2021-10-06";"145602";""
"21369";"1199";"CC";"COM";"2007-04-23 22:00:00+00:00";"2005-06-20 22:00:00+00:00";"19";"21";"27";"2021";"NON";"NON";"21369";"";"";"";"2021-10-06";"111312";""
"21370";"3299";"PLUi/PLUiS";"MET";"2019-12-18 23:00:00+00:00";"2015-12-16 23:00:00+00:00";"39";"21";"27";"2021";"NON";"OUI";"242100410";"";"";"";"2021-10-06";"144594";""
"21373";"3199";"PLU";"COM";"2012-01-31 23:00:00+00:00";"2005-01-24 23:00:00+00:00";"39";"21";"27";"2021";"NON";"NON";"21373";"";"";"";"2021-10-06";"61551";""
"21376";"1111";"CC";"COM";"2010-08-11 22:00:00+00:00";"2007-03-01 23:00:00+00:00";"11";"21";"27";"2021";"NON";"NON";"21376";"";"";"";"2021-10-06";"65913";""
"21383";"3199";"PLU";"COM";"2018-04-17 22:00:00+00:00";"2015-02-15 23:00:00+00:00";"39";"21";"27";"2021";"NON";"NON";"21383";"";"";"";"2021-10-06";"137968";""
"21384";"3199";"PLU";"COM";"2020-02-11 23:00:00+00:00";"2014-12-07 23:00:00+00:00";"39";"21";"27";"2021";"NON";"NON";"21384";"";"";"";"2021-10-06";"135899";""
"21387";"1199";"CC";"COM";"2011-02-02 23:00:00+00:00";"2008-09-21 22:00:00+00:00";"19";"21";"27";"2021";"NON";"NON";"21387";"";"";"";"2021-10-06";"68978";""
"21388";"1199";"CC";"COM";"2021-05-11 22:00:00+00:00";"2016-11-08 23:00:00+00:00";"19";"21";"27";"2021";"NON";"NON";"21388";"";"";"";"2021-10-06";"156623";""
"21389";"3199";"PLU";"COM";"2004-10-27 22:00:00+00:00";"2001-06-11 22:00:00+00:00";"39";"21";"27";"2021";"NON";"NON";"21389";"";"";"";"2021-10-06";"51389";""
"21390";"3299";"PLUi/PLUiS";"MET";"2019-12-18 23:00:00+00:00";"2015-12-16 23:00:00+00:00";"39";"21";"27";"2021";"NON";"OUI";"242100410";"";"";"";"2021-10-06";"144594";""
"21391";"3199";"PLU";"COM";"2004-07-04 22:00:00+00:00";"2001-09-04 22:00:00+00:00";"39";"21";"27";"2021";"NON";"NON";"21391";"";"";"";"2021-10-06";"51391";""
"21397";"3199";"PLU";"COM";"2015-06-28 22:00:00+00:00";"2012-02-15 23:00:00+00:00";"39";"21";"27";"2021";"NON";"NON";"21397";"";"";"";"2021-10-06";"88362";""
"21398";"3199";"PLU";"COM";"2010-07-14 22:00:00+00:00";"2007-05-30 22:00:00+00:00";"39";"21";"27";"2021";"NON";"NON";"21398";"";"";"";"2021-10-06";"56771";""
"21401";"3199";"PLU";"COM";"2014-12-15 23:00:00+00:00";"2009-06-03 22:00:00+00:00";"39";"21";"27";"2021";"NON";"NON";"21401";"";"";"";"2021-10-06";"50182";""
"21405";"3199";"PLU";"COM";"2014-03-09 23:00:00+00:00";"2010-09-06 22:00:00+00:00";"39";"21";"27";"2021";"NON";"NON";"21405";"";"";"";"2021-10-06";"88365";""
"21406";"1199";"CC";"COM";"2013-09-26 22:00:00+00:00";"2013-01-24 23:00:00+00:00";"19";"21";"27";"2021";"NON";"NON";"21406";"";"";"";"2021-10-06";"120888";""
"21408";"3131";"PLU";"COM";"2009-05-17 22:00:00+00:00";"2001-04-08 22:00:00+00:00";"33";"21";"27";"2021";"NON";"NON";"21408";"";"";"";"2021-10-06";"57969";""
"21409";"3199";"PLU";"COM";"2012-04-04 22:00:00+00:00";"2009-06-17 22:00:00+00:00";"39";"21";"27";"2021";"NON";"NON";"21409";"";"";"";"2021-10-06";"63830";""
"21412";"3199";"PLU";"COM";"2013-03-17 23:00:00+00:00";"2007-12-02 23:00:00+00:00";"39";"21";"27";"2021";"NON";"NON";"21412";"";"";"";"2021-10-06";"63831";""
"21414";"1199";"CC";"COM";"2007-02-11 23:00:00+00:00";"2004-06-06 22:00:00+00:00";"19";"21";"27";"2021";"NON";"NON";"21414";"";"";"";"2021-10-06";"68981";""
"21416";"3199";"PLU";"COM";"2016-10-20 22:00:00+00:00";"2011-11-24 23:00:00+00:00";"39";"21";"27";"2021";"NON";"NON";"21416";"";"";"";"2021-10-06";"93510";""
"21423";"3199";"PLU";"COM";"2013-08-28 22:00:00+00:00";"2009-05-27 22:00:00+00:00";"39";"21";"27";"2021";"NON";"NON";"21423";"";"";"";"2021-10-06";"61324";""
"21424";"1199";"CC";"COM";"2011-02-02 23:00:00+00:00";"2008-09-29 22:00:00+00:00";"19";"21";"27";"2021";"NON";"NON";"21424";"";"";"";"2021-10-06";"66755";""
"21425";"3199";"PLU";"COM";"2005-02-23 23:00:00+00:00";"2001-05-21 22:00:00+00:00";"39";"21";"27";"2021";"NON";"NON";"21425";"";"";"";"2021-10-06";"51394";""
"21435";"1111";"CC";"COM";"2009-06-22 22:00:00+00:00";"2004-09-23 22:00:00+00:00";"11";"21";"27";"2021";"NON";"NON";"21435";"";"";"";"2021-10-06";"68982";""
"21436";"3199";"PLU";"COM";"2012-05-22 22:00:00+00:00";"2008-07-02 22:00:00+00:00";"39";"21";"27";"2021";"NON";"NON";"21436";"";"";"";"2021-10-06";"50008";""
"21442";"3199";"PLU";"COM";"2006-07-11 22:00:00+00:00";"2003-06-24 22:00:00+00:00";"39";"21";"27";"2021";"NON";"NON";"21442";"";"";"";"2021-10-06";"51400";""
"21445";"3199";"PLU";"COM";"2015-06-25 22:00:00+00:00";"2008-06-26 22:00:00+00:00";"39";"21";"27";"2021";"NON";"NON";"21445";"";"";"";"2021-10-06";"50183";""
"21452";"3299";"PLUi/PLUiS";"MET";"2019-12-18 23:00:00+00:00";"2015-12-16 23:00:00+00:00";"39";"21";"27";"2021";"NON";"OUI";"242100410";"";"";"";"2021-10-06";"144594";""
"21458";"3131";"PLU";"COM";"2009-07-01 22:00:00+00:00";"2006-10-25 22:00:00+00:00";"33";"21";"27";"2021";"NON";"NON";"21458";"";"";"";"2021-10-06";"51395";""
"21459";"3199";"PLU";"COM";"2021-01-21 23:00:00+00:00";"2015-12-10 23:00:00+00:00";"39";"21";"27";"2021";"NON";"NON";"21459";"";"";"";"2021-10-06";"148004";""
"21461";"3199";"PLU";"COM";"2015-02-09 23:00:00+00:00";"2008-10-20 22:00:00+00:00";"39";"21";"27";"2021";"NON";"NON";"21461";"";"";"";"2021-10-06";"61553";""
"21462";"3131";"PLU";"COM";"2014-12-03 23:00:00+00:00";"2012-07-11 22:00:00+00:00";"33";"21";"27";"2021";"NON";"NON";"21462";"";"";"";"2021-10-06";"111369";""
"21464";"3131";"PLU";"COM";"2016-01-31 23:00:00+00:00";"2012-04-11 22:00:00+00:00";"33";"21";"27";"2021";"NON";"NON";"21464";"";"";"";"2021-10-06";"111370";""
"21467";"3199";"PLU";"COM";"2004-08-02 22:00:00+00:00";"2001-12-03 23:00:00+00:00";"39";"21";"27";"2021";"NON";"NON";"21467";"";"";"";"2021-10-06";"51402";""
"21472";"3199";"PLU";"COM";"2006-03-29 22:00:00+00:00";"2002-10-24 22:00:00+00:00";"39";"21";"27";"2021";"NON";"NON";"21472";"";"";"";"2021-10-06";"51398";""
"21473";"3299";"PLUi/PLUiS";"MET";"2019-12-18 23:00:00+00:00";"2015-12-16 23:00:00+00:00";"39";"21";"27";"2021";"NON";"OUI";"242100410";"";"";"";"2021-10-06";"144594";""
"21474";"3299";"PLUi/PLUiS";"SI";"2007-10-10 22:00:00+00:00";"2002-06-02 22:00:00+00:00";"39";"21";"27";"2021";"NON";"OUI";"21474";"";"";"";"2021-10-06";"71056";""
"21475";"3299";"PLUi/PLUiS";"SI";"2007-10-10 22:00:00+00:00";"2002-06-02 22:00:00+00:00";"39";"21";"27";"2021";"NON";"OUI";"21475";"";"";"";"2021-10-06";"71056";""
"21477";"3199";"PLU";"COM";"2009-06-19 22:00:00+00:00";"2004-12-09 23:00:00+00:00";"39";"21";"27";"2021";"NON";"NON";"21477";"";"";"";"2021-10-06";"56775";""
"21478";"3199";"PLU";"COM";"2013-10-02 22:00:00+00:00";"2011-10-16 22:00:00+00:00";"39";"21";"27";"2021";"NON";"NON";"21478";"";"";"";"2021-10-06";"88400";""
"21480";"3199";"PLU";"COM";"2017-06-07 22:00:00+00:00";"2012-05-09 22:00:00+00:00";"39";"21";"27";"2021";"NON";"NON";"21480";"";"";"";"2021-10-06";"111395";""
"21481";"3299";"PLUi/PLUiS";"MET";"2019-12-18 23:00:00+00:00";"2015-12-16 23:00:00+00:00";"39";"21";"27";"2021";"NON";"OUI";"242100410";"";"";"";"2021-10-06";"144594";""
"21482";"3199";"PLU";"COM";"2013-05-12 22:00:00+00:00";"2006-02-01 23:00:00+00:00";"39";"21";"27";"2021";"NON";"NON";"21482";"";"";"";"2021-10-06";"49296";""
"21485";"3299";"PLUi/PLUiS";"MET";"2019-12-18 23:00:00+00:00";"2015-12-16 23:00:00+00:00";"39";"21";"27";"2021";"NON";"OUI";"242100410";"";"";"";"2021-10-06";"144594";""
"21487";"3199";"PLU";"COM";"2007-11-29 23:00:00+00:00";"2004-09-30 22:00:00+00:00";"39";"21";"27";"2021";"NON";"NON";"21487";"";"";"";"2021-10-06";"51410";""
"21490";"1199";"CC";"COM";"2013-09-24 22:00:00+00:00";"2010-01-21 23:00:00+00:00";"19";"21";"27";"2021";"NON";"NON";"21490";"";"";"";"2021-10-06";"66758";""
"21493";"1199";"CC";"COM";"2008-01-24 23:00:00+00:00";"2006-04-20 22:00:00+00:00";"19";"21";"27";"2021";"NON";"NON";"21493";"";"";"";"2021-10-06";"68983";""
"21496";"3199";"PLU";"COM";"2011-03-11 23:00:00+00:00";"2001-09-27 22:00:00+00:00";"39";"21";"27";"2021";"NON";"NON";"21496";"";"";"";"2021-10-06";"61554";""
"21500";"3499";"PLU";"CC";"2012-07-01 22:00:00+00:00";"2008-10-12 22:00:00+00:00";"39";"21";"27";"2021";"NON";"NON";"21500";"";"";"";"2021-10-06";"49300";""
"21501";"3131";"PLU";"COM";"2007-12-04 23:00:00+00:00";"2002-06-16 22:00:00+00:00";"33";"21";"27";"2021";"NON";"NON";"21501";"";"";"";"2021-10-06";"51408";""
"21502";"3199";"PLU";"COM";"2007-03-15 23:00:00+00:00";"2003-02-06 23:00:00+00:00";"39";"21";"27";"2021";"NON";"NON";"21502";"";"";"";"2021-10-06";"51409";""
"21504";"1199";"CC";"COM";"2012-01-22 23:00:00+00:00";"2008-09-16 22:00:00+00:00";"19";"21";"27";"2021";"NON";"NON";"21504";"";"";"";"2021-10-06";"66645";""
"21505";"1199";"CC";"COM";"2021-04-12 22:00:00+00:00";"2019-09-02 22:00:00+00:00";"19";"21";"27";"2021";"NON";"NON";"21505";"";"";"";"2021-10-06";"175287";""
"21506";"3199";"PLU";"COM";"2013-03-12 23:00:00+00:00";"2007-02-07 23:00:00+00:00";"39";"21";"27";"2021";"NON";"NON";"21506";"";"";"";"2021-10-06";"49298";""
"21507";"1199";"CC";"COM";"2007-07-17 22:00:00+00:00";"2005-12-07 23:00:00+00:00";"19";"21";"27";"2021";"NON";"NON";"21507";"";"";"";"2021-10-06";"67696";""
"21515";"3299";"PLUi/PLUiS";"MET";"2019-12-18 23:00:00+00:00";"2015-12-16 23:00:00+00:00";"39";"21";"27";"2021";"NON";"OUI";"242100410";"";"";"";"2021-10-06";"144594";""
"21516";"1199";"CC";"COM";"2010-02-07 23:00:00+00:00";"2008-05-01 22:00:00+00:00";"19";"21";"27";"2021";"NON";"NON";"21516";"";"";"";"2021-10-06";"68984";""
"21517";"3199";"PLU";"COM";"2003-02-27 23:00:00+00:00";"2001-06-27 22:00:00+00:00";"39";"21";"27";"2021";"NON";"NON";"21517";"";"";"";"2021-10-06";"51405";""
"21520";"3199";"PLU";"COM";"2006-08-17 22:00:00+00:00";"2004-06-09 22:00:00+00:00";"39";"21";"27";"2021";"NON";"NON";"21520";"";"";"";"2021-10-06";"51414";""
"21521";"3199";"PLU";"COM";"2018-09-30 22:00:00+00:00";"2013-04-25 22:00:00+00:00";"39";"21";"27";"2021";"NON";"NON";"21521";"";"";"";"2021-10-06";"127802";""
"21523";"3199";"PLU";"COM";"2006-03-30 22:00:00+00:00";"2003-10-02 22:00:00+00:00";"39";"21";"27";"2021";"NON";"NON";"21523";"";"";"";"2021-10-06";"51416";""
"21527";"3199";"PLU";"COM";"2020-02-03 23:00:00+00:00";"2014-10-13 22:00:00+00:00";"39";"21";"27";"2021";"NON";"NON";"21527";"";"";"";"2021-10-06";"135902";""
"21530";"1199";"CC";"COM";"2012-04-19 22:00:00+00:00";"2009-05-11 22:00:00+00:00";"19";"21";"27";"2021";"NON";"NON";"21530";"";"";"";"2021-10-06";"66761";""
"21532";"3131";"PLU";"COM";"2007-03-19 23:00:00+00:00";"2003-07-28 22:00:00+00:00";"33";"21";"27";"2021";"NON";"NON";"21532";"";"";"";"2021-10-06";"51413";""
"21534";"3199";"PLU";"COM";"2014-03-10 23:00:00+00:00";"2011-01-03 23:00:00+00:00";"39";"21";"27";"2021";"NON";"NON";"21534";"";"";"";"2021-10-06";"88401";""
"21535";"3199";"PLU";"COM";"2014-02-09 23:00:00+00:00";"2011-09-11 22:00:00+00:00";"39";"21";"27";"2021";"NON";"NON";"21535";"";"";"";"2021-10-06";"88402";""
"21538";"3199";"PLU";"COM";"2014-05-22 22:00:00+00:00";"2008-06-12 22:00:00+00:00";"39";"21";"27";"2021";"NON";"NON";"21538";"";"";"";"2021-10-06";"49303";""
"21540";"3299";"PLUi/PLUiS";"MET";"2019-12-18 23:00:00+00:00";"2015-12-16 23:00:00+00:00";"39";"21";"27";"2021";"NON";"OUI";"242100410";"";"";"";"2021-10-06";"144594";""
"21542";"1199";"CC";"COM";"2005-10-11 22:00:00+00:00";"2004-02-17 23:00:00+00:00";"19";"21";"27";"2021";"NON";"NON";"21542";"";"";"";"2021-10-06";"67697";""
"21546";"3199";"PLU";"COM";"2014-10-08 22:00:00+00:00";"2008-06-26 22:00:00+00:00";"39";"21";"27";"2021";"NON";"NON";"21546";"";"";"";"2021-10-06";"49304";""
"21555";"3131";"PLU";"COM";"2014-03-14 23:00:00+00:00";"2011-05-27 22:00:00+00:00";"33";"21";"27";"2021";"NON";"NON";"21555";"";"";"";"2021-10-06";"61556";""
"21556";"1199";"CC";"COM";"2011-03-20 23:00:00+00:00";"2007-01-31 23:00:00+00:00";"19";"21";"27";"2021";"NON";"NON";"21556";"";"";"";"2021-10-06";"65915";""
"21558";"3199";"PLU";"COM";"2012-11-19 23:00:00+00:00";"2009-01-26 23:00:00+00:00";"39";"21";"27";"2021";"NON";"NON";"21558";"";"";"";"2021-10-06";"50009";""
"21559";"3199";"PLU";"COM";"2017-03-12 23:00:00+00:00";"2001-09-11 22:00:00+00:00";"39";"21";"27";"2021";"NON";"NON";"21559";"";"";"";"2021-10-06";"61557";""
"21560";"3199";"PLU";"COM";"2015-07-08 22:00:00+00:00";"2011-02-07 23:00:00+00:00";"39";"21";"27";"2021";"NON";"NON";"21560";"";"";"";"2021-10-06";"61555";""
"21561";"1199";"CC";"COM";"2010-08-03 22:00:00+00:00";"2008-06-01 22:00:00+00:00";"19";"21";"27";"2021";"NON";"NON";"21561";"";"";"";"2021-10-06";"70861";""
"21564";"3199";"PLU";"COM";"2005-12-13 23:00:00+00:00";"2001-09-25 22:00:00+00:00";"39";"21";"27";"2021";"NON";"NON";"21564";"";"";"";"2021-10-06";"51426";""
"21565";"3199";"PLU";"COM";"2004-04-13 22:00:00+00:00";"2001-01-17 23:00:00+00:00";"39";"21";"27";"2021";"NON";"NON";"21565";"";"";"";"2021-10-06";"51427";""
"21569";"1199";"CC";"COM";"2014-02-17 23:00:00+00:00";"2013-03-28 23:00:00+00:00";"19";"21";"27";"2021";"NON";"NON";"21569";"";"";"";"2021-10-06";"127976";""
"21572";"1199";"CC";"COM";"2007-01-29 23:00:00+00:00";"2004-06-10 22:00:00+00:00";"19";"21";"27";"2021";"NON";"NON";"21572";"";"";"";"2021-10-06";"68994";""
"21573";"3199";"PLU";"COM";"2012-05-09 22:00:00+00:00";"2006-05-17 22:00:00+00:00";"39";"21";"27";"2021";"NON";"NON";"21573";"";"";"";"2021-10-06";"49307";""
"21574";"1199";"CC";"COM";"2006-03-15 23:00:00+00:00";"2004-07-20 22:00:00+00:00";"19";"21";"27";"2021";"NON";"NON";"21574";"";"";"";"2021-10-06";"68995";""
"21575";"3199";"PLU";"COM";"2014-10-23 22:00:00+00:00";"2012-06-06 22:00:00+00:00";"39";"21";"27";"2021";"NON";"NON";"21575";"";"";"";"2021-10-06";"104178";""
"21577";"3131";"PLU";"COM";"2008-06-11 22:00:00+00:00";"2003-05-12 22:00:00+00:00";"33";"21";"27";"2021";"NON";"NON";"21577";"";"";"";"2021-10-06";"51428";""
"21578";"3199";"PLU";"COM";"2008-08-28 22:00:00+00:00";"2005-01-26 23:00:00+00:00";"39";"21";"27";"2021";"NON";"NON";"21578";"";"";"";"2021-10-06";"51432";""
"21582";"3199";"PLU";"COM";"2015-06-24 22:00:00+00:00";"2008-07-07 22:00:00+00:00";"39";"21";"27";"2021";"NON";"NON";"21582";"";"";"";"2021-10-06";"61559";""
"21584";"3199";"PLU";"COM";"2011-06-06 22:00:00+00:00";"2008-06-26 22:00:00+00:00";"39";"21";"27";"2021";"NON";"NON";"21584";"";"";"";"2021-10-06";"61558";""
"21585";"3199";"PLU";"COM";"2020-01-26 23:00:00+00:00";"2014-08-24 22:00:00+00:00";"39";"21";"27";"2021";"NON";"NON";"21585";"";"";"";"2021-10-06";"135906";""
"21587";"1111";"CC";"COM";"2004-12-20 23:00:00+00:00";"2002-01-08 23:00:00+00:00";"11";"21";"27";"2021";"NON";"NON";"21587";"";"";"";"2021-10-06";"67698";""
"21589";"3199";"PLU";"COM";"2006-12-05 23:00:00+00:00";"2001-09-13 22:00:00+00:00";"39";"21";"27";"2021";"NON";"NON";"21589";"";"";"";"2021-10-06";"51422";""
"21590";"3131";"PLU";"COM";"2006-11-12 23:00:00+00:00";"1996-05-01 22:00:00+00:00";"33";"21";"27";"2021";"NON";"NON";"21590";"";"";"";"2021-10-06";"51423";""
"21591";"3199";"PLU";"COM";"2014-01-23 23:00:00+00:00";"2007-08-16 22:00:00+00:00";"39";"21";"27";"2021";"NON";"NON";"21591";"";"";"";"2021-10-06";"61560";""
"21592";"1199";"CC";"COM";"2009-01-27 23:00:00+00:00";"2006-11-06 23:00:00+00:00";"19";"21";"27";"2021";"NON";"NON";"21592";"";"";"";"2021-10-06";"68986";""
"21596";"3199";"PLU";"COM";"2009-07-15 22:00:00+00:00";"2005-06-30 22:00:00+00:00";"39";"21";"27";"2021";"NON";"NON";"21596";"";"";"";"2021-10-06";"51435";""
"21597";"3199";"PLU";"COM";"2011-03-08 23:00:00+00:00";"2006-10-05 22:00:00+00:00";"39";"21";"27";"2021";"NON";"NON";"21597";"";"";"";"2021-10-06";"49308";""
"21599";"3199";"PLU";"COM";"2013-12-12 23:00:00+00:00";"2009-02-22 23:00:00+00:00";"39";"21";"27";"2021";"NON";"NON";"21599";"";"";"";"2021-10-06";"61561";""
"21601";"1199";"CC";"COM";"2009-04-28 22:00:00+00:00";"2006-01-05 23:00:00+00:00";"19";"21";"27";"2021";"NON";"NON";"21601";"";"";"";"2021-10-06";"68987";""
"21603";"3199";"PLU";"COM";"2013-12-22 23:00:00+00:00";"2008-10-29 23:00:00+00:00";"39";"21";"27";"2021";"NON";"NON";"21603";"";"";"";"2021-10-06";"64408";""
"21605";"3299";"PLUi/PLUiS";"MET";"2019-12-18 23:00:00+00:00";"2015-12-16 23:00:00+00:00";"39";"21";"27";"2021";"NON";"OUI";"242100410";"";"";"";"2021-10-06";"144594";""
"21606";"3131";"PLU";"COM";"2015-02-10 23:00:00+00:00";"2012-02-27 23:00:00+00:00";"33";"21";"27";"2021";"NON";"NON";"21606";"";"";"";"2021-10-06";"111482";""
"21607";"3199";"PLU";"COM";"2007-03-19 23:00:00+00:00";"2001-07-04 22:00:00+00:00";"39";"21";"27";"2021";"NON";"NON";"21607";"";"";"";"2021-10-06";"51418";""
"21609";"3199";"PLU";"COM";"2009-06-16 22:00:00+00:00";"2001-12-11 23:00:00+00:00";"39";"21";"27";"2021";"NON";"NON";"21609";"";"";"";"2021-10-06";"51419";""
"21611";"3199";"PLU";"COM";"2003-10-16 22:00:00+00:00";"1999-11-24 23:00:00+00:00";"39";"21";"27";"2021";"NON";"NON";"21611";"";"";"";"2021-10-06";"60732";""
"21614";"3199";"PLU";"COM";"2018-07-05 22:00:00+00:00";"2014-12-18 23:00:00+00:00";"39";"21";"27";"2021";"NON";"NON";"21614";"";"";"";"2021-10-06";"135911";""
"21616";"3199";"PLU";"COM";"2018-12-19 23:00:00+00:00";"2016-02-03 23:00:00+00:00";"39";"21";"27";"2021";"NON";"NON";"21616";"";"";"";"2021-10-06";"141989";""
"21617";"3299";"PLUi/PLUiS";"MET";"2019-12-18 23:00:00+00:00";"2015-12-16 23:00:00+00:00";"39";"21";"27";"2021";"NON";"OUI";"242100410";"";"";"";"2021-10-06";"144594";""
"21618";"3199";"PLU";"COM";"2012-06-21 22:00:00+00:00";"2006-02-16 23:00:00+00:00";"39";"21";"27";"2021";"NON";"NON";"21618";"";"";"";"2021-10-06";"49309";""
"21622";"3199";"PLU";"COM";"2012-01-25 23:00:00+00:00";"2008-09-18 22:00:00+00:00";"39";"21";"27";"2021";"NON";"NON";"21622";"";"";"";"2021-10-06";"64410";""
"21623";"3199";"PLU";"COM";"2009-04-06 22:00:00+00:00";"2004-03-23 23:00:00+00:00";"39";"21";"27";"2021";"NON";"NON";"21623";"";"";"";"2021-10-06";"57194";""
"21627";"1499";"CC";"CC";"2016-01-18 23:00:00+00:00";"2015-02-02 23:00:00+00:00";"19";"21";"27";"2021";"NON";"NON";"21627";"";"";"";"2021-10-06";"76937";""
"21629";"3199";"PLU";"COM";"2014-07-02 22:00:00+00:00";"2008-06-09 22:00:00+00:00";"39";"21";"27";"2021";"NON";"NON";"21629";"";"";"";"2021-10-06";"50184";""
"21632";"3199";"PLU";"COM";"2015-05-27 22:00:00+00:00";"2012-03-15 23:00:00+00:00";"39";"21";"27";"2021";"NON";"NON";"21632";"";"";"";"2021-10-06";"111508";""
"21638";"3199";"PLU";"COM";"2019-09-04 22:00:00+00:00";"2015-09-09 22:00:00+00:00";"39";"21";"27";"2021";"NON";"NON";"21638";"";"";"";"2021-10-06";"141991";""
"21639";"3131";"PLU";"COM";"2012-01-10 23:00:00+00:00";"2009-07-16 22:00:00+00:00";"33";"21";"27";"2021";"NON";"NON";"21639";"";"";"";"2021-10-06";"50185";""
"21641";"1199";"CC";"COM";"2014-03-13 23:00:00+00:00";"2010-10-27 22:00:00+00:00";"19";"21";"27";"2021";"NON";"NON";"21641";"";"";"";"2021-10-06";"66763";""
"21642";"1199";"CC";"COM";"2019-01-10 23:00:00+00:00";"2015-10-12 22:00:00+00:00";"19";"21";"27";"2021";"NON";"NON";"21642";"";"";"";"2021-10-06";"141993";""
"21650";"1199";"CC";"COM";"2006-07-25 22:00:00+00:00";"2005-02-08 23:00:00+00:00";"19";"21";"27";"2021";"NON";"NON";"21650";"";"";"";"2021-10-06";"67699";""
"21656";"1199";"CC";"COM";"2019-09-05 22:00:00+00:00";"2017-11-13 23:00:00+00:00";"19";"21";"27";"2021";"NON";"NON";"21656";"";"";"";"2021-10-06";"163551";""
"21657";"3199";"PLU";"COM";"2006-12-11 23:00:00+00:00";"2001-12-10 23:00:00+00:00";"39";"21";"27";"2021";"NON";"NON";"21657";"";"";"";"2021-10-06";"51442";""
"21659";"1199";"CC";"COM";"2007-12-11 23:00:00+00:00";"2006-01-11 23:00:00+00:00";"19";"21";"27";"2021";"NON";"NON";"21659";"";"";"";"2021-10-06";"67700";""
"21661";"3199";"PLU";"COM";"2018-12-20 23:00:00+00:00";"2015-01-25 23:00:00+00:00";"39";"21";"27";"2021";"NON";"NON";"21661";"";"";"";"2021-10-06";"139603";""
"21663";"3434";"PLU";"CC";"2006-01-29 23:00:00+00:00";"2002-12-18 23:00:00+00:00";"33";"21";"27";"2021";"NON";"NON";"21663";"";"";"";"2021-10-06";"51440";""
"21684";"3131";"PLU";"COM";"2008-12-01 23:00:00+00:00";"2007-11-04 23:00:00+00:00";"33";"21";"27";"2021";"NON";"NON";"21684";"";"";"";"2021-10-06";"51436";""
"21685";"3199";"PLU";"COM";"2015-06-22 22:00:00+00:00";"2009-02-09 23:00:00+00:00";"39";"21";"27";"2021";"NON";"NON";"21685";"";"";"";"2021-10-06";"65148";""
"21687";"3199";"PLU";"COM";"2014-06-18 22:00:00+00:00";"2008-09-18 22:00:00+00:00";"39";"21";"27";"2021";"NON";"NON";"21687";"";"";"";"2021-10-06";"50186";""
"21688";"3199";"PLU";"COM";"2021-05-19 22:00:00+00:00";"2016-12-28 23:00:00+00:00";"39";"21";"27";"2021";"NON";"NON";"21688";"";"";"";"2021-10-06";"153141";""
"21691";"3199";"PLU";"COM";"2019-12-19 23:00:00+00:00";"2016-06-02 22:00:00+00:00";"39";"21";"27";"2021";"NON";"NON";"21691";"";"";"";"2021-10-06";"149426";""
"21692";"3199";"PLU";"COM";"2004-03-18 23:00:00+00:00";"2000-11-30 23:00:00+00:00";"39";"21";"27";"2021";"NON";"NON";"21692";"";"";"";"2021-10-06";"51444";""
"21698";"3199";"PLU";"COM";"2020-02-26 23:00:00+00:00";"2016-05-01 22:00:00+00:00";"39";"21";"27";"2021";"NON";"NON";"21698";"";"";"";"2021-10-06";"147616";""
"21699";"3131";"PLU";"COM";"2013-12-15 23:00:00+00:00";"2009-09-06 22:00:00+00:00";"33";"21";"27";"2021";"NON";"NON";"21699";"";"";"";"2021-10-06";"61563";""
"21701";"1199";"CC";"COM";"2012-09-06 22:00:00+00:00";"2007-11-19 23:00:00+00:00";"19";"21";"27";"2021";"NON";"NON";"21701";"";"";"";"2021-10-06";"65917";""
"21708";"3199";"PLU";"COM";"2008-02-19 23:00:00+00:00";"2003-12-10 23:00:00+00:00";"39";"21";"27";"2021";"NON";"NON";"21708";"";"";"";"2021-10-06";"53297";""
"21710";"3199";"PLU";"COM";"2006-11-07 23:00:00+00:00";"2001-07-13 22:00:00+00:00";"39";"21";"27";"2021";"NON";"NON";"21710";"";"";"";"2021-10-06";"53298";""
"21714";"3199";"PLU";"COM";"2020-03-03 23:00:00+00:00";"2014-02-16 23:00:00+00:00";"39";"21";"27";"2021";"NON";"NON";"21714";"";"";"";"2021-10-06";"127384";""
"22001";"3299";"PLUi/PLUiS";"CC";"2021-03-08 23:00:00+00:00";"2017-12-18 23:00:00+00:00";"39";"22";"53";"2021";"NON";"OUI";"200067460";"";"";"";"2021-10-06";"160465";""
"22002";"3131";"PLU";"COM";"2008-01-22 23:00:00+00:00";"2005-04-10 22:00:00+00:00";"33";"22";"53";"2021";"NON";"NON";"22002";"";"";"";"2021-10-06";"28810";""
"22003";"3299";"PLUi/PLUiS";"CA";"2020-01-26 23:00:00+00:00";"2017-03-12 23:00:00+00:00";"39";"22";"53";"2021";"NON";"OUI";"200068989";"";"";"";"2021-10-06";"156073";""
"22004";"3432";"PLU";"CA";"2012-03-14 23:00:00+00:00";"2006-02-15 23:00:00+00:00";"33";"22";"53";"2021";"NON";"NON";"200067981";"";"";"";"2021-10-06";"61564";""
"22005";"3432";"PLU";"CA";"2014-03-05 23:00:00+00:00";"2008-11-19 23:00:00+00:00";"33";"22";"53";"2021";"NON";"NON";"200067981";"";"";"";"2021-10-06";"64411";""
"22008";"3299";"PLUi/PLUiS";"CA";"2020-01-26 23:00:00+00:00";"2017-03-12 23:00:00+00:00";"39";"22";"53";"2021";"NON";"OUI";"200068989";"";"";"";"2021-10-06";"156073";""
"22011";"3299";"PLUi/PLUiS";"CC";"2021-06-28 22:00:00+00:00";"2017-04-10 22:00:00+00:00";"39";"22";"53";"2021";"NON";"OUI";"200069086";"";"";"";"2021-10-06";"156072";""
"22012";"3199";"PLU";"COM";"2017-06-26 22:00:00+00:00";"2014-10-06 22:00:00+00:00";"39";"22";"53";"2021";"NON";"NON";"22012";"";"";"";"2021-10-06";"133040";""
"22014";"3299";"PLUi/PLUiS";"CA";"2020-01-26 23:00:00+00:00";"2017-03-12 23:00:00+00:00";"39";"22";"53";"2021";"NON";"OUI";"200068989";"";"";"";"2021-10-06";"156073";""
"22015";"3131";"PLU";"COM";"2008-11-16 23:00:00+00:00";"2003-03-13 23:00:00+00:00";"33";"22";"53";"2021";"NON";"NON";"22015";"";"";"";"2021-10-06";"51448";""
"22016";"3131";"PLU";"COM";"2019-12-13 23:00:00+00:00";"2014-12-05 23:00:00+00:00";"33";"22";"53";"2021";"NON";"NON";"22016";"";"";"";"2021-10-06";"135985";""
"22019";"3299";"PLUi/PLUiS";"CC";"2021-06-28 22:00:00+00:00";"2017-04-10 22:00:00+00:00";"39";"22";"53";"2021";"NON";"OUI";"200069086";"";"";"";"2021-10-06";"156072";""
"22020";"3299";"PLUi/PLUiS";"CA";"2020-01-26 23:00:00+00:00";"2017-03-12 23:00:00+00:00";"39";"22";"53";"2021";"NON";"OUI";"200068989";"";"";"";"2021-10-06";"156073";""
"22021";"3299";"PLUi/PLUiS";"CA";"2020-01-26 23:00:00+00:00";"2017-03-12 23:00:00+00:00";"39";"22";"53";"2021";"NON";"OUI";"200068989";"";"";"";"2021-10-06";"156073";""
"22025";"1432";"CC";"CA";"2007-01-03 23:00:00+00:00";"2004-10-15 22:00:00+00:00";"13";"22";"53";"2021";"NON";"NON";"200067981";"";"";"";"2021-10-06";"67703";""
"22026";"3299";"PLUi/PLUiS";"CA";"2020-01-26 23:00:00+00:00";"2017-03-12 23:00:00+00:00";"39";"22";"53";"2021";"NON";"OUI";"200068989";"";"";"";"2021-10-06";"156073";""
"22027";"3299";"PLUi/PLUiS";"CC";"2021-03-08 23:00:00+00:00";"2017-12-18 23:00:00+00:00";"39";"22";"53";"2021";"NON";"OUI";"200067460";"";"";"";"2021-10-06";"160465";""
"22028";"1432";"CC";"CA";"2008-07-10 22:00:00+00:00";"2004-11-07 23:00:00+00:00";"13";"22";"53";"2021";"NON";"NON";"200065928";"";"";"";"2021-10-06";"68997";""
"22030";"1432";"CC";"CA";"2006-05-21 22:00:00+00:00";"2003-12-21 23:00:00+00:00";"13";"22";"53";"2021";"NON";"NON";"200065928";"";"";"";"2021-10-06";"68998";""
"22032";"3299";"PLUi/PLUiS";"CA";"2020-01-26 23:00:00+00:00";"2017-03-12 23:00:00+00:00";"39";"22";"53";"2021";"NON";"OUI";"200068989";"";"";"";"2021-10-06";"156073";""
"22033";"3299";"PLUi/PLUiS";"CC";"2021-03-08 23:00:00+00:00";"2017-12-18 23:00:00+00:00";"39";"22";"53";"2021";"NON";"OUI";"200067460";"";"";"";"2021-10-06";"160465";""
"22034";"3432";"PLU";"CA";"2016-11-27 23:00:00+00:00";"2009-02-16 23:00:00+00:00";"33";"22";"53";"2021";"NON";"NON";"200065928";"";"";"";"2021-10-06";"63835";""
"22035";"3299";"PLUi/PLUiS";"CA";"2020-01-26 23:00:00+00:00";"2017-03-12 23:00:00+00:00";"39";"22";"53";"2021";"NON";"OUI";"200068989";"";"";"";"2021-10-06";"156073";""
"22036";"3299";"PLUi/PLUiS";"CA";"2020-01-26 23:00:00+00:00";"2017-03-12 23:00:00+00:00";"39";"22";"53";"2021";"NON";"OUI";"200068989";"";"";"";"2021-10-06";"156073";""
"22037";"1432";"CC";"CA";"2010-09-08 22:00:00+00:00";"2008-05-20 22:00:00+00:00";"13";"22";"53";"2021";"NON";"NON";"200067981";"";"";"";"2021-10-06";"68988";""
"22039";"3299";"PLUi/PLUiS";"CC";"2021-03-08 23:00:00+00:00";"2017-12-18 23:00:00+00:00";"39";"22";"53";"2021";"NON";"OUI";"200067460";"";"";"";"2021-10-06";"160465";""
"22040";"3432";"PLU";"CA";"2010-09-20 22:00:00+00:00";"2007-10-14 22:00:00+00:00";"33";"22";"53";"2021";"NON";"NON";"200067981";"";"";"";"2021-10-06";"61568";""
"22043";"3299";"PLUi/PLUiS";"CC";"2021-03-08 23:00:00+00:00";"2017-12-18 23:00:00+00:00";"39";"22";"53";"2021";"NON";"OUI";"200067460";"";"";"";"2021-10-06";"160465";""
"22044";"3131";"PLU";"COM";"2011-02-24 23:00:00+00:00";"2004-09-16 22:00:00+00:00";"33";"22";"53";"2021";"NON";"NON";"22044";"";"";"";"2021-10-06";"61569";""
"22045";"3299";"PLUi/PLUiS";"CC";"2021-06-28 22:00:00+00:00";"2017-04-10 22:00:00+00:00";"39";"22";"53";"2021";"NON";"OUI";"200069086";"";"";"";"2021-10-06";"156072";""
"22046";"3299";"PLUi/PLUiS";"CC";"2021-03-08 23:00:00+00:00";"2017-12-18 23:00:00+00:00";"39";"22";"53";"2021";"NON";"OUI";"200067460";"";"";"";"2021-10-06";"160465";""
"22047";"3299";"PLUi/PLUiS";"CC";"2021-03-08 23:00:00+00:00";"2017-12-18 23:00:00+00:00";"39";"22";"53";"2021";"NON";"OUI";"200067460";"";"";"";"2021-10-06";"160465";""
"22048";"3299";"PLUi/PLUiS";"CA";"2020-01-26 23:00:00+00:00";"2017-03-12 23:00:00+00:00";"39";"22";"53";"2021";"NON";"OUI";"200068989";"";"";"";"2021-10-06";"156073";""
"22049";"3299";"PLUi/PLUiS";"CA";"2020-01-26 23:00:00+00:00";"2017-03-12 23:00:00+00:00";"39";"22";"53";"2021";"NON";"OUI";"200068989";"";"";"";"2021-10-06";"156073";""
"22050";"3299";"PLUi/PLUiS";"CA";"2020-01-26 23:00:00+00:00";"2017-03-12 23:00:00+00:00";"39";"22";"53";"2021";"NON";"OUI";"200068989";"";"";"";"2021-10-06";"156073";""
"22053";"1199";"CC";"COM";"2013-03-12 23:00:00+00:00";"2010-10-27 22:00:00+00:00";"19";"22";"53";"2021";"NON";"NON";"22053";"";"";"";"2021-10-06";"65621";""
"22054";"3199";"PLU";"COM";"2008-02-27 23:00:00+00:00";"2004-06-03 22:00:00+00:00";"39";"22";"53";"2021";"NON";"NON";"22054";"";"";"";"2021-10-06";"51456";""
"22055";"3432";"PLU";"CA";"2015-09-14 22:00:00+00:00";"2010-03-01 23:00:00+00:00";"33";"22";"53";"2021";"NON";"NON";"200069409";"";"";"";"2021-10-06";"63750";""
"22056";"3299";"PLUi/PLUiS";"CA";"2020-01-26 23:00:00+00:00";"2017-03-12 23:00:00+00:00";"39";"22";"53";"2021";"NON";"OUI";"200068989";"";"";"";"2021-10-06";"156073";""
"22057";"3299";"PLUi/PLUiS";"CC";"2021-06-28 22:00:00+00:00";"2017-04-10 22:00:00+00:00";"39";"22";"53";"2021";"NON";"OUI";"200069086";"";"";"";"2021-10-06";"156072";""
"22059";"3432";"PLU";"CA";"2021-07-07 22:00:00+00:00";"2008-11-12 23:00:00+00:00";"33";"22";"53";"2021";"NON";"NON";"200069409";"";"";"";"2021-10-06";"49982";""
"22060";"3299";"PLUi/PLUiS";"CC";"2021-03-08 23:00:00+00:00";"2017-12-18 23:00:00+00:00";"39";"22";"53";"2021";"NON";"OUI";"200067460";"";"";"";"2021-10-06";"160465";""
"22062";"3299";"PLUi/PLUiS";"CC";"2021-03-08 23:00:00+00:00";"2017-12-18 23:00:00+00:00";"39";"22";"53";"2021";"NON";"OUI";"200067460";"";"";"";"2021-10-06";"160465";""
"22063";"3299";"PLUi/PLUiS";"CC";"2021-06-28 22:00:00+00:00";"2017-04-10 22:00:00+00:00";"39";"22";"53";"2021";"NON";"OUI";"200069086";"";"";"";"2021-10-06";"156072";""
"22065";"3299";"PLUi/PLUiS";"CC";"2021-06-28 22:00:00+00:00";"2017-04-10 22:00:00+00:00";"39";"22";"53";"2021";"NON";"OUI";"200069086";"";"";"";"2021-10-06";"156072";""
"22067";"3432";"PLU";"CA";"2017-03-06 23:00:00+00:00";"2009-02-22 23:00:00+00:00";"33";"22";"53";"2021";"NON";"NON";"200067981";"";"";"";"2021-10-06";"61331";""
"22068";"3299";"PLUi/PLUiS";"CC";"2021-03-08 23:00:00+00:00";"2017-12-18 23:00:00+00:00";"39";"22";"53";"2021";"NON";"OUI";"200067460";"";"";"";"2021-10-06";"160465";""
"22069";"3299";"PLUi/PLUiS";"CA";"2020-01-26 23:00:00+00:00";"2017-03-12 23:00:00+00:00";"39";"22";"53";"2021";"NON";"OUI";"200068989";"";"";"";"2021-10-06";"156073";""
"22070";"3432";"PLU";"CA";"2014-02-23 23:00:00+00:00";"2006-11-19 23:00:00+00:00";"33";"22";"53";"2021";"NON";"NON";"200067981";"";"";"";"2021-10-06";"61570";""
"22071";"3299";"PLUi/PLUiS";"CA";"2020-01-26 23:00:00+00:00";"2017-03-12 23:00:00+00:00";"39";"22";"53";"2021";"NON";"OUI";"200068989";"";"";"";"2021-10-06";"156073";""
"22072";"1432";"CC";"CA";"2013-07-09 22:00:00+00:00";"2008-12-21 23:00:00+00:00";"13";"22";"53";"2021";"NON";"NON";"200067981";"";"";"";"2021-10-06";"66767";""
"22074";"3299";"PLUi/PLUiS";"CC";"2021-03-08 23:00:00+00:00";"2017-12-18 23:00:00+00:00";"39";"22";"53";"2021";"NON";"OUI";"200067460";"";"";"";"2021-10-06";"160465";""
"22075";"3299";"PLUi/PLUiS";"CC";"2021-03-08 23:00:00+00:00";"2017-12-18 23:00:00+00:00";"39";"22";"53";"2021";"NON";"OUI";"200067460";"";"";"";"2021-10-06";"160465";""
"22076";"3199";"PLU";"COM";"2009-05-03 22:00:00+00:00";"2005-03-28 22:00:00+00:00";"39";"22";"53";"2021";"NON";"NON";"22076";"";"";"";"2021-10-06";"51042";""
"22077";"3199";"PLU";"COM";"2011-05-09 22:00:00+00:00";"2006-04-24 22:00:00+00:00";"39";"22";"53";"2021";"NON";"NON";"22077";"";"";"";"2021-10-06";"61572";""
"22079";"3199";"PLU";"COM";"2010-02-15 23:00:00+00:00";"2004-10-18 22:00:00+00:00";"39";"22";"53";"2021";"NON";"NON";"22079";"";"";"";"2021-10-06";"56777";""
"22081";"3432";"PLU";"CA";"2014-03-09 23:00:00+00:00";"2011-01-30 23:00:00+00:00";"33";"22";"53";"2021";"NON";"NON";"200069409";"";"";"";"2021-10-06";"61333";""
"22082";"3299";"PLUi/PLUiS";"CA";"2020-01-26 23:00:00+00:00";"2017-03-12 23:00:00+00:00";"39";"22";"53";"2021";"NON";"OUI";"200068989";"";"";"";"2021-10-06";"156073";""
"22083";"3299";"PLUi/PLUiS";"CC";"2021-03-08 23:00:00+00:00";"2017-12-18 23:00:00+00:00";"39";"22";"53";"2021";"NON";"OUI";"200067460";"";"";"";"2021-10-06";"160465";""
"22084";"3131";"PLU";"COM";"2010-12-15 23:00:00+00:00";"2004-02-24 23:00:00+00:00";"33";"22";"53";"2021";"NON";"NON";"22084";"";"";"";"2021-10-06";"56779";""
"22085";"3432";"PLU";"CA";"2011-01-25 23:00:00+00:00";"2001-10-22 22:00:00+00:00";"33";"22";"53";"2021";"NON";"NON";"200065928";"";"";"";"2021-10-06";"61573";""
"22086";"3432";"PLU";"CA";"2016-09-14 22:00:00+00:00";"2009-06-12 22:00:00+00:00";"33";"22";"53";"2021";"NON";"NON";"200067981";"";"";"";"2021-10-06";"63839";""
"22090";"3432";"PLU";"CA";"2014-07-24 22:00:00+00:00";"2008-05-28 22:00:00+00:00";"33";"22";"53";"2021";"NON";"NON";"200065928";"";"";"";"2021-10-06";"49313";""
"22091";"1432";"CC";"CA";"2006-07-31 22:00:00+00:00";"2004-09-22 22:00:00+00:00";"13";"22";"53";"2021";"NON";"NON";"200067981";"";"";"";"2021-10-06";"68999";""
"22093";"3131";"PLU";"COM";"2014-03-05 23:00:00+00:00";"2008-02-13 23:00:00+00:00";"33";"22";"53";"2021";"NON";"NON";"22093";"";"";"";"2021-10-06";"50190";""
"22094";"3199";"PLU";"COM";"2019-12-22 23:00:00+00:00";"2017-04-26 22:00:00+00:00";"39";"22";"53";"2021";"NON";"NON";"22094";"";"";"";"2021-10-06";"160578";""
"22096";"3299";"PLUi/PLUiS";"CA";"2020-01-26 23:00:00+00:00";"2017-03-12 23:00:00+00:00";"39";"22";"53";"2021";"NON";"OUI";"200068989";"";"";"";"2021-10-06";"156073";""
"22097";"3299";"PLUi/PLUiS";"CA";"2020-01-26 23:00:00+00:00";"2017-03-12 23:00:00+00:00";"39";"22";"53";"2021";"NON";"OUI";"200068989";"";"";"";"2021-10-06";"156073";""
"22098";"3131";"PLU";"COM";"2005-02-23 23:00:00+00:00";"2001-12-12 23:00:00+00:00";"33";"22";"53";"2021";"NON";"NON";"22098";"";"";"";"2021-10-06";"51462";""
"22099";"3432";"PLU";"CA";"2021-03-10 23:00:00+00:00";"2008-12-19 23:00:00+00:00";"33";"22";"53";"2021";"NON";"NON";"200069409";"";"";"";"2021-10-06";"50187";""
"22101";"3432";"PLU";"CA";"2017-02-02 23:00:00+00:00";"2008-11-27 23:00:00+00:00";"33";"22";"53";"2021";"NON";"NON";"200065928";"";"";"";"2021-10-06";"63840";""
"22103";"3299";"PLUi/PLUiS";"CA";"2020-01-26 23:00:00+00:00";"2017-03-12 23:00:00+00:00";"39";"22";"53";"2021";"NON";"OUI";"200068989";"";"";"";"2021-10-06";"156073";""
"22104";"3299";"PLUi/PLUiS";"CA";"2020-01-26 23:00:00+00:00";"2017-03-12 23:00:00+00:00";"39";"22";"53";"2021";"NON";"OUI";"200068989";"";"";"";"2021-10-06";"156073";""
"22105";"3299";"PLUi/PLUiS";"CA";"2020-01-26 23:00:00+00:00";"2017-03-12 23:00:00+00:00";"39";"22";"53";"2021";"NON";"OUI";"200068989";"";"";"";"2021-10-06";"156073";""
"22106";"3432";"PLU";"CA";"2016-12-11 23:00:00+00:00";"2012-12-09 23:00:00+00:00";"33";"22";"53";"2021";"NON";"NON";"200069409";"";"";"";"2021-10-06";"120028";""
"22107";"1199";"CC";"COM";"2010-09-09 22:00:00+00:00";"2005-04-14 22:00:00+00:00";"19";"22";"53";"2021";"NON";"NON";"22107";"";"";"";"2021-10-06";"57469";""
"22109";"3432";"PLU";"CA";"2011-09-11 22:00:00+00:00";"2007-12-13 23:00:00+00:00";"33";"22";"53";"2021";"NON";"NON";"200067981";"";"";"";"2021-10-06";"49314";""
"22110";"3432";"PLU";"CA";"2006-05-11 22:00:00+00:00";"2002-12-12 23:00:00+00:00";"33";"22";"53";"2021";"NON";"NON";"200065928";"";"";"";"2021-10-06";"56780";""
"22111";"3432";"PLU";"CA";"2005-10-15 22:00:00+00:00";"1990-06-26 22:00:00+00:00";"33";"22";"53";"2021";"NON";"NON";"200065928";"";"";"";"2021-10-06";"51468";""
"22112";"3299";"PLUi/PLUiS";"CC";"2021-06-28 22:00:00+00:00";"2017-04-10 22:00:00+00:00";"39";"22";"53";"2021";"NON";"OUI";"200069086";"";"";"";"2021-10-06";"156072";""
"22113";"3432";"PLU";"CA";"2014-01-30 23:00:00+00:00";"2011-01-23 23:00:00+00:00";"33";"22";"53";"2021";"NON";"NON";"200065928";"";"";"";"2021-10-06";"70926";""
"22114";"3199";"PLU";"COM";"2008-09-08 22:00:00+00:00";"2004-02-22 23:00:00+00:00";"39";"22";"53";"2021";"NON";"NON";"22114";"";"";"";"2021-10-06";"51467";""
"22116";"3299";"PLUi/PLUiS";"CC";"2021-06-28 22:00:00+00:00";"2017-04-10 22:00:00+00:00";"39";"22";"53";"2021";"NON";"OUI";"200069086";"";"";"";"2021-10-06";"156072";""
"22117";"3432";"PLU";"CA";"2006-03-20 23:00:00+00:00";"2002-01-21 23:00:00+00:00";"33";"22";"53";"2021";"NON";"NON";"200069409";"";"";"";"2021-10-06";"51470";""
"22118";"3299";"PLUi/PLUiS";"CA";"2020-01-26 23:00:00+00:00";"2017-03-12 23:00:00+00:00";"39";"22";"53";"2021";"NON";"OUI";"200068989";"";"";"";"2021-10-06";"156073";""
"22119";"1432";"CC";"CA";"2008-03-03 23:00:00+00:00";"2005-03-24 23:00:00+00:00";"13";"22";"53";"2021";"NON";"NON";"200065928";"";"";"";"2021-10-06";"67706";""
"22121";"3299";"PLUi/PLUiS";"CC";"2021-06-28 22:00:00+00:00";"2017-04-10 22:00:00+00:00";"39";"22";"53";"2021";"NON";"OUI";"200069086";"";"";"";"2021-10-06";"156072";""
"22122";"3299";"PLUi/PLUiS";"CC";"2021-03-08 23:00:00+00:00";"2017-12-18 23:00:00+00:00";"39";"22";"53";"2021";"NON";"OUI";"200067460";"";"";"";"2021-10-06";"160465";""
"22127";"3432";"PLU";"CA";"2016-11-30 23:00:00+00:00";"2005-05-01 22:00:00+00:00";"33";"22";"53";"2021";"NON";"NON";"200065928";"";"";"";"2021-10-06";"61580";""
"22131";"3432";"PLU";"CA";"2012-07-26 22:00:00+00:00";"2007-06-06 22:00:00+00:00";"33";"22";"53";"2021";"NON";"NON";"200065928";"";"";"";"2021-10-06";"29396";""
"22133";"3299";"PLUi/PLUiS";"CC";"2021-03-08 23:00:00+00:00";"2017-12-18 23:00:00+00:00";"39";"22";"53";"2021";"NON";"OUI";"200067460";"";"";"";"2021-10-06";"160465";""
"22134";"3432";"PLU";"CA";"2017-03-21 23:00:00+00:00";"2013-05-30 22:00:00+00:00";"33";"22";"53";"2021";"NON";"NON";"200065928";"";"";"";"2021-10-06";"122059";""
"22135";"3432";"PLU";"CA";"2007-07-03 22:00:00+00:00";"2003-07-28 22:00:00+00:00";"33";"22";"53";"2021";"NON";"NON";"200067981";"";"";"";"2021-10-06";"51474";""
"22136";"3299";"PLUi/PLUiS";"CC";"2021-03-08 23:00:00+00:00";"2017-12-18 23:00:00+00:00";"39";"22";"53";"2021";"NON";"OUI";"200067460";"";"";"";"2021-10-06";"160465";""
"22143";"3299";"PLUi/PLUiS";"CA";"2020-01-26 23:00:00+00:00";"2017-03-12 23:00:00+00:00";"39";"22";"53";"2021";"NON";"OUI";"200068989";"";"";"";"2021-10-06";"156073";""
"22144";"3432";"PLU";"CA";"2007-06-24 22:00:00+00:00";"2002-02-26 23:00:00+00:00";"33";"22";"53";"2021";"NON";"NON";"200069409";"";"";"";"2021-10-06";"51476";""
"22145";"3299";"PLUi/PLUiS";"CA";"2020-01-26 23:00:00+00:00";"2017-03-12 23:00:00+00:00";"39";"22";"53";"2021";"NON";"OUI";"200068989";"";"";"";"2021-10-06";"156073";""
"22147";"3299";"PLUi/PLUiS";"CC";"2021-03-08 23:00:00+00:00";"2017-12-18 23:00:00+00:00";"39";"22";"53";"2021";"NON";"OUI";"200067460";"";"";"";"2021-10-06";"160465";""
"22148";"3299";"PLUi/PLUiS";"CC";"2021-03-08 23:00:00+00:00";"2017-12-18 23:00:00+00:00";"39";"22";"53";"2021";"NON";"OUI";"200067460";"";"";"";"2021-10-06";"160465";""
"22149";"3299";"PLUi/PLUiS";"CC";"2021-03-08 23:00:00+00:00";"2017-12-18 23:00:00+00:00";"39";"22";"53";"2021";"NON";"OUI";"200067460";"";"";"";"2021-10-06";"160465";""
"22150";"3299";"PLUi/PLUiS";"CC";"2021-06-28 22:00:00+00:00";"2017-04-10 22:00:00+00:00";"39";"22";"53";"2021";"NON";"OUI";"200069086";"";"";"";"2021-10-06";"156072";""
"22152";"3432";"PLU";"CA";"2008-06-11 22:00:00+00:00";"2003-03-27 23:00:00+00:00";"33";"22";"53";"2021";"NON";"NON";"200065928";"";"";"";"2021-10-06";"51480";""
"22155";"3299";"PLUi/PLUiS";"CC";"2021-03-08 23:00:00+00:00";"2017-12-18 23:00:00+00:00";"39";"22";"53";"2021";"NON";"OUI";"200067460";"";"";"";"2021-10-06";"160465";""
"22156";"1432";"CC";"CA";"2010-07-14 22:00:00+00:00";"2005-06-14 22:00:00+00:00";"13";"22";"53";"2021";"NON";"NON";"200067981";"";"";"";"2021-10-06";"68991";""
"22157";"3199";"PLU";"COM";"2008-02-11 23:00:00+00:00";"2003-03-12 23:00:00+00:00";"39";"22";"53";"2021";"NON";"NON";"22157";"";"";"";"2021-10-06";"56781";""
"22158";"3299";"PLUi/PLUiS";"CC";"2021-03-08 23:00:00+00:00";"2017-12-18 23:00:00+00:00";"39";"22";"53";"2021";"NON";"OUI";"200067460";"";"";"";"2021-10-06";"160465";""
"22160";"3199";"PLU";"COM";"2012-10-08 22:00:00+00:00";"2008-06-30 22:00:00+00:00";"39";"22";"53";"2021";"NON";"NON";"22160";"";"";"";"2021-10-06";"63842";""
"22161";"3432";"PLU";"CA";"2006-06-11 22:00:00+00:00";"1999-10-19 22:00:00+00:00";"33";"22";"53";"2021";"NON";"NON";"200067981";"";"";"";"2021-10-06";"51483";""
"22162";"3432";"PLU";"CA";"2008-01-20 23:00:00+00:00";"2002-07-16 22:00:00+00:00";"33";"22";"53";"2021";"NON";"NON";"200067981";"";"";"";"2021-10-06";"51484";""
"22163";"3199";"PLU";"COM";"2018-07-17 22:00:00+00:00";"2009-09-15 22:00:00+00:00";"39";"22";"53";"2021";"NON";"NON";"22163";"";"";"";"2021-10-06";"50191";""
"22164";"3432";"PLU";"CA";"2005-01-13 23:00:00+00:00";"2002-03-21 23:00:00+00:00";"33";"22";"53";"2021";"NON";"NON";"200067981";"";"";"";"2021-10-06";"51485";""
"22165";"3199";"PLU";"COM";"2008-02-13 23:00:00+00:00";"2005-02-09 23:00:00+00:00";"39";"22";"53";"2021";"NON";"NON";"22165";"";"";"";"2021-10-06";"51486";""
"22166";"3432";"PLU";"CA";"2011-04-13 22:00:00+00:00";"2000-12-03 23:00:00+00:00";"33";"22";"53";"2021";"NON";"NON";"200065928";"";"";"";"2021-10-06";"61582";""
"22168";"3432";"PLU";"CA";"2017-11-06 23:00:00+00:00";"2009-11-19 23:00:00+00:00";"33";"22";"53";"2021";"NON";"NON";"200065928";"";"";"";"2021-10-06";"61581";""
"22170";"3432";"PLU";"CA";"2020-02-26 23:00:00+00:00";"2016-02-10 23:00:00+00:00";"33";"22";"53";"2021";"NON";"NON";"200069409";"";"";"";"2021-10-06";"158467";""
"22171";"3432";"PLU";"CA";"2020-02-05 23:00:00+00:00";"2015-03-19 23:00:00+00:00";"33";"22";"53";"2021";"NON";"NON";"200069409";"";"";"";"2021-10-06";"139911";""
"22172";"3299";"PLUi/PLUiS";"CA";"2020-01-26 23:00:00+00:00";"2017-03-12 23:00:00+00:00";"39";"22";"53";"2021";"NON";"OUI";"200068989";"";"";"";"2021-10-06";"156073";""
"22174";"3299";"PLUi/PLUiS";"CA";"2020-01-26 23:00:00+00:00";"2017-03-12 23:00:00+00:00";"39";"22";"53";"2021";"NON";"OUI";"200068989";"";"";"";"2021-10-06";"156073";""
"22175";"3131";"PLU";"COM";"2008-02-27 23:00:00+00:00";"2002-06-05 22:00:00+00:00";"33";"22";"53";"2021";"NON";"NON";"22175";"";"";"";"2021-10-06";"51495";""
"22176";"3432";"PLU";"CA";"2018-05-30 22:00:00+00:00";"2011-06-27 22:00:00+00:00";"33";"22";"53";"2021";"NON";"NON";"200069409";"";"";"";"2021-10-06";"133146";""
"22177";"3299";"PLUi/PLUiS";"CC";"2021-06-28 22:00:00+00:00";"2017-04-10 22:00:00+00:00";"39";"22";"53";"2021";"NON";"OUI";"200069086";"";"";"";"2021-10-06";"156072";""
"22178";"3432";"PLU";"CA";"2009-02-22 23:00:00+00:00";"2002-02-10 23:00:00+00:00";"33";"22";"53";"2021";"NON";"NON";"200067981";"";"";"";"2021-10-06";"56787";""
"22179";"3299";"PLUi/PLUiS";"CA";"2020-01-26 23:00:00+00:00";"2017-03-12 23:00:00+00:00";"39";"22";"53";"2021";"NON";"OUI";"200068989";"";"";"";"2021-10-06";"156073";""
"22180";"3299";"PLUi/PLUiS";"CA";"2020-01-26 23:00:00+00:00";"2017-03-12 23:00:00+00:00";"39";"22";"53";"2021";"NON";"OUI";"200068989";"";"";"";"2021-10-06";"156073";""
"22182";"3299";"PLUi/PLUiS";"CC";"2021-06-28 22:00:00+00:00";"2017-04-10 22:00:00+00:00";"39";"22";"53";"2021";"NON";"OUI";"200069086";"";"";"";"2021-10-06";"156072";""
"22183";"3299";"PLUi/PLUiS";"CC";"2021-03-08 23:00:00+00:00";"2017-12-18 23:00:00+00:00";"39";"22";"53";"2021";"NON";"OUI";"200067460";"";"";"";"2021-10-06";"160465";""
"22184";"3199";"PLU";"COM";"2013-11-28 23:00:00+00:00";"2010-07-01 22:00:00+00:00";"39";"22";"53";"2021";"NON";"NON";"22184";"";"";"";"2021-10-06";"61590";""
"22185";"3131";"PLU";"COM";"2008-09-03 22:00:00+00:00";"2002-03-07 23:00:00+00:00";"33";"22";"53";"2021";"NON";"NON";"22185";"";"";"";"2021-10-06";"51492";""
"22186";"3199";"PLU";"COM";"2016-12-14 23:00:00+00:00";"2009-03-01 23:00:00+00:00";"39";"22";"53";"2021";"NON";"NON";"22186";"";"";"";"2021-10-06";"61585";""
"22187";"3432";"PLU";"CA";"2014-11-16 23:00:00+00:00";"2010-02-11 23:00:00+00:00";"33";"22";"53";"2021";"NON";"NON";"200069409";"";"";"";"2021-10-06";"61591";""
"22188";"3299";"PLUi/PLUiS";"CC";"2021-06-28 22:00:00+00:00";"2017-04-10 22:00:00+00:00";"39";"22";"53";"2021";"NON";"OUI";"200069086";"";"";"";"2021-10-06";"156072";""
"22190";"3299";"PLUi/PLUiS";"CA";"2020-01-26 23:00:00+00:00";"2017-03-12 23:00:00+00:00";"39";"22";"53";"2021";"NON";"OUI";"200068989";"";"";"";"2021-10-06";"156073";""
"22193";"3131";"PLU";"COM";"2004-06-30 22:00:00+00:00";"1991-10-17 23:00:00+00:00";"33";"22";"53";"2021";"NON";"NON";"22193";"";"";"";"2021-10-06";"51496";""
"22194";"3432";"PLU";"CA";"2017-03-22 23:00:00+00:00";"2011-10-26 22:00:00+00:00";"33";"22";"53";"2021";"NON";"NON";"200065928";"";"";"";"2021-10-06";"64412";""
"22195";"3432";"PLU";"CA";"2006-03-30 22:00:00+00:00";"2000-12-06 23:00:00+00:00";"33";"22";"53";"2021";"NON";"NON";"200065928";"";"";"";"2021-10-06";"51508";""
"22196";"3432";"PLU";"CA";"2017-06-27 22:00:00+00:00";"2015-02-17 23:00:00+00:00";"33";"22";"53";"2021";"NON";"NON";"200065928";"";"";"";"2021-10-06";"61586";""
"22197";"3299";"PLUi/PLUiS";"CA";"2020-01-26 23:00:00+00:00";"2017-03-12 23:00:00+00:00";"39";"22";"53";"2021";"NON";"OUI";"200068989";"";"";"";"2021-10-06";"156073";""
"22198";"3432";"PLU";"CA";"2014-03-12 23:00:00+00:00";"2002-01-24 23:00:00+00:00";"33";"22";"53";"2021";"NON";"NON";"200065928";"";"";"";"2021-10-06";"61587";""
"22200";"3299";"PLUi/PLUiS";"CA";"2020-01-26 23:00:00+00:00";"2017-03-12 23:00:00+00:00";"39";"22";"53";"2021";"NON";"OUI";"200068989";"";"";"";"2021-10-06";"156073";""
"22201";"3299";"PLUi/PLUiS";"CA";"2020-01-26 23:00:00+00:00";"2017-03-12 23:00:00+00:00";"39";"22";"53";"2021";"NON";"OUI";"200068989";"";"";"";"2021-10-06";"156073";""
"22203";"3432";"PLU";"CA";"2021-04-21 22:00:00+00:00";"2016-07-03 22:00:00+00:00";"33";"22";"53";"2021";"NON";"NON";"200069409";"";"";"";"2021-10-06";"165870";""
"22204";"3432";"PLU";"CA";"2011-01-26 23:00:00+00:00";"2001-12-19 23:00:00+00:00";"33";"22";"53";"2021";"NON";"NON";"200067981";"";"";"";"2021-10-06";"49315";""
"22205";"3299";"PLUi/PLUiS";"CA";"2020-01-26 23:00:00+00:00";"2017-03-12 23:00:00+00:00";"39";"22";"53";"2021";"NON";"OUI";"200068989";"";"";"";"2021-10-06";"156073";""
"22206";"3299";"PLUi/PLUiS";"CC";"2021-06-28 22:00:00+00:00";"2017-04-10 22:00:00+00:00";"39";"22";"53";"2021";"NON";"OUI";"200069086";"";"";"";"2021-10-06";"156072";""
"22207";"3432";"PLU";"CA";"2017-03-16 23:00:00+00:00";"2007-06-04 22:00:00+00:00";"33";"22";"53";"2021";"NON";"NON";"200065928";"";"";"";"2021-10-06";"61589";""
"22208";"3299";"PLUi/PLUiS";"CA";"2020-01-26 23:00:00+00:00";"2017-03-12 23:00:00+00:00";"39";"22";"53";"2021";"NON";"OUI";"200068989";"";"";"";"2021-10-06";"156073";""
"22209";"3131";"PLU";"COM";"2006-12-20 23:00:00+00:00";"2001-06-04 22:00:00+00:00";"33";"22";"53";"2021";"NON";"NON";"22209";"";"";"";"2021-10-06";"56788";""
"22210";"3432";"PLU";"CA";"2014-07-15 22:00:00+00:00";"2008-10-02 22:00:00+00:00";"33";"22";"53";"2021";"NON";"NON";"200067981";"";"";"";"2021-10-06";"64414";""
"22211";"3432";"PLU";"CA";"2017-09-25 22:00:00+00:00";"2013-05-16 22:00:00+00:00";"33";"22";"53";"2021";"NON";"NON";"200065928";"";"";"";"2021-10-06";"122041";""
"22212";"3432";"PLU";"CA";"2006-08-01 22:00:00+00:00";"2002-05-01 22:00:00+00:00";"33";"22";"53";"2021";"NON";"NON";"200067981";"";"";"";"2021-10-06";"51503";""
"22213";"3299";"PLUi/PLUiS";"CA";"2020-01-26 23:00:00+00:00";"2017-03-12 23:00:00+00:00";"39";"22";"53";"2021";"NON";"OUI";"200068989";"";"";"";"2021-10-06";"156073";""
"22214";"3432";"PLU";"CA";"2013-06-26 22:00:00+00:00";"2010-06-22 22:00:00+00:00";"33";"22";"53";"2021";"NON";"NON";"200067981";"";"";"";"2021-10-06";"64415";""
"22215";"3432";"PLU";"CA";"2011-12-12 23:00:00+00:00";"2007-09-10 22:00:00+00:00";"33";"22";"53";"2021";"NON";"NON";"200069409";"";"";"";"2021-10-06";"64416";""
"22217";"3432";"PLU";"CA";"2017-11-06 23:00:00+00:00";"2007-07-09 22:00:00+00:00";"33";"22";"53";"2021";"NON";"NON";"200065928";"";"";"";"2021-10-06";"49316";""
"22218";"3432";"PLU";"CA";"2019-12-09 23:00:00+00:00";"2014-11-20 23:00:00+00:00";"33";"22";"53";"2021";"NON";"NON";"200065928";"";"";"";"2021-10-06";"135965";""
"22219";"3299";"PLUi/PLUiS";"CC";"2021-03-08 23:00:00+00:00";"2017-12-18 23:00:00+00:00";"39";"22";"53";"2021";"NON";"OUI";"200067460";"";"";"";"2021-10-06";"160465";""
"22220";"3199";"PLU";"COM";"2009-08-26 22:00:00+00:00";"2002-03-25 23:00:00+00:00";"39";"22";"53";"2021";"NON";"NON";"22220";"";"";"";"2021-10-06";"56783";""
"22221";"3432";"PLU";"CA";"2012-04-22 22:00:00+00:00";"2004-06-06 22:00:00+00:00";"33";"22";"53";"2021";"NON";"NON";"200065928";"";"";"";"2021-10-06";"61592";""
"22222";"3299";"PLUi/PLUiS";"CC";"2021-06-28 22:00:00+00:00";"2017-04-10 22:00:00+00:00";"39";"22";"53";"2021";"NON";"OUI";"200069086";"";"";"";"2021-10-06";"156072";""
"22223";"3432";"PLU";"CA";"2006-11-12 23:00:00+00:00";"2001-12-09 23:00:00+00:00";"33";"22";"53";"2021";"NON";"NON";"200067981";"";"";"";"2021-10-06";"51510";""
"22224";"3432";"PLU";"CA";"2014-03-12 23:00:00+00:00";"2007-10-04 22:00:00+00:00";"33";"22";"53";"2021";"NON";"NON";"200065928";"";"";"";"2021-10-06";"61593";""
"22225";"3432";"PLU";"CA";"2006-03-09 23:00:00+00:00";"2006-03-09 23:00:00+00:00";"33";"22";"53";"2021";"NON";"NON";"200067981";"";"";"";"2021-10-06";"60200";""
"22226";"3432";"PLU";"CA";"2009-03-04 23:00:00+00:00";"2003-02-10 23:00:00+00:00";"33";"22";"53";"2021";"NON";"NON";"200065928";"";"";"";"2021-10-06";"56785";""
"22227";"3432";"PLU";"CA";"2017-06-27 22:00:00+00:00";"2011-01-26 23:00:00+00:00";"33";"22";"53";"2021";"NON";"NON";"200065928";"";"";"";"2021-10-06";"70859";""
"22228";"3432";"PLU";"CA";"2008-04-28 22:00:00+00:00";"2003-04-28 22:00:00+00:00";"33";"22";"53";"2021";"NON";"NON";"200065928";"";"";"";"2021-10-06";"51511";""
"22232";"3432";"PLU";"CA";"2009-12-10 23:00:00+00:00";"2003-03-10 23:00:00+00:00";"33";"22";"53";"2021";"NON";"NON";"200069409";"";"";"";"2021-10-06";"56584";""
"22233";"3432";"PLU";"CA";"2016-09-14 22:00:00+00:00";"2007-06-20 22:00:00+00:00";"33";"22";"53";"2021";"NON";"NON";"200067981";"";"";"";"2021-10-06";"61594";""
"22234";"3299";"PLUi/PLUiS";"CC";"2021-06-28 22:00:00+00:00";"2017-04-10 22:00:00+00:00";"39";"22";"53";"2021";"NON";"OUI";"200069086";"";"";"";"2021-10-06";"156072";""
"22236";"3299";"PLUi/PLUiS";"CC";"2021-06-28 22:00:00+00:00";"2017-04-10 22:00:00+00:00";"39";"22";"53";"2021";"NON";"OUI";"200069086";"";"";"";"2021-10-06";"156072";""
"22237";"3299";"PLUi/PLUiS";"CA";"2020-01-26 23:00:00+00:00";"2017-03-12 23:00:00+00:00";"39";"22";"53";"2021";"NON";"OUI";"200068989";"";"";"";"2021-10-06";"156073";""
"22239";"3299";"PLUi/PLUiS";"CA";"2020-01-26 23:00:00+00:00";"2017-03-12 23:00:00+00:00";"39";"22";"53";"2021";"NON";"OUI";"200068989";"";"";"";"2021-10-06";"156073";""
"22240";"3299";"PLUi/PLUiS";"CA";"2020-01-26 23:00:00+00:00";"2017-03-12 23:00:00+00:00";"39";"22";"53";"2021";"NON";"OUI";"200068989";"";"";"";"2021-10-06";"156073";""
"22241";"3299";"PLUi/PLUiS";"CC";"2021-03-08 23:00:00+00:00";"2017-12-18 23:00:00+00:00";"39";"22";"53";"2021";"NON";"OUI";"200067460";"";"";"";"2021-10-06";"160465";""
"22242";"3199";"PLU";"COM";"2014-02-18 23:00:00+00:00";"2008-11-13 23:00:00+00:00";"39";"22";"53";"2021";"NON";"NON";"22242";"";"";"";"2021-10-06";"61595";""
"22244";"3299";"PLUi/PLUiS";"CC";"2021-03-08 23:00:00+00:00";"2017-12-18 23:00:00+00:00";"39";"22";"53";"2021";"NON";"OUI";"200067460";"";"";"";"2021-10-06";"160465";""
"22245";"3432";"PLU";"CA";"2014-10-23 22:00:00+00:00";"2008-06-26 22:00:00+00:00";"33";"22";"53";"2021";"NON";"NON";"200065928";"";"";"";"2021-10-06";"50438";""
"22246";"3131";"PLU";"COM";"2010-04-08 22:00:00+00:00";"2005-12-08 23:00:00+00:00";"33";"22";"53";"2021";"NON";"NON";"22246";"";"";"";"2021-10-06";"51092";""
"22248";"3299";"PLUi/PLUiS";"CC";"2021-06-28 22:00:00+00:00";"2017-04-10 22:00:00+00:00";"39";"22";"53";"2021";"NON";"OUI";"200069086";"";"";"";"2021-10-06";"156072";""
"22250";"3432";"PLU";"CA";"2012-09-23 22:00:00+00:00";"2009-03-08 23:00:00+00:00";"33";"22";"53";"2021";"NON";"NON";"200067981";"";"";"";"2021-10-06";"61601";""
"22251";"3432";"PLU";"CA";"2019-05-22 22:00:00+00:00";"2016-01-28 23:00:00+00:00";"33";"22";"53";"2021";"NON";"NON";"200069409";"";"";"";"2021-10-06";"135970";""
"22254";"3432";"PLU";"CA";"2014-10-20 22:00:00+00:00";"2007-05-14 22:00:00+00:00";"33";"22";"53";"2021";"NON";"NON";"200065928";"";"";"";"2021-10-06";"61603";""
"22255";"3299";"PLUi/PLUiS";"CC";"2021-03-08 23:00:00+00:00";"2017-12-18 23:00:00+00:00";"39";"22";"53";"2021";"NON";"OUI";"200067460";"";"";"";"2021-10-06";"160465";""
"22256";"3432";"PLU";"CA";"2006-07-12 22:00:00+00:00";"2002-12-08 23:00:00+00:00";"33";"22";"53";"2021";"NON";"NON";"200067981";"";"";"";"2021-10-06";"51516";""
"22257";"3432";"PLU";"CA";"2012-09-26 22:00:00+00:00";"2008-07-28 22:00:00+00:00";"33";"22";"53";"2021";"NON";"NON";"200065928";"";"";"";"2021-10-06";"49318";""
"22258";"3199";"PLU";"COM";"2020-03-05 23:00:00+00:00";"2015-10-14 22:00:00+00:00";"39";"22";"53";"2021";"NON";"NON";"22258";"";"";"";"2021-10-06";"146065";""
"22259";"3299";"PLUi/PLUiS";"CA";"2020-01-26 23:00:00+00:00";"2017-03-12 23:00:00+00:00";"39";"22";"53";"2021";"NON";"OUI";"200068989";"";"";"";"2021-10-06";"156073";""
"22260";"3299";"PLUi/PLUiS";"CC";"2021-03-08 23:00:00+00:00";"2017-12-18 23:00:00+00:00";"39";"22";"53";"2021";"NON";"OUI";"200067460";"";"";"";"2021-10-06";"160465";""
"22261";"1199";"CC";"COM";"2007-09-20 22:00:00+00:00";"2005-10-25 22:00:00+00:00";"19";"22";"53";"2021";"NON";"NON";"22261";"";"";"";"2021-10-06";"67708";""
"22262";"3432";"PLU";"CA";"2009-12-21 23:00:00+00:00";"2004-09-16 22:00:00+00:00";"33";"22";"53";"2021";"NON";"NON";"200069409";"";"";"";"2021-10-06";"51519";""
"22263";"3299";"PLUi/PLUiS";"CA";"2020-01-26 23:00:00+00:00";"2017-03-12 23:00:00+00:00";"39";"22";"53";"2021";"NON";"OUI";"200068989";"";"";"";"2021-10-06";"156073";""
"22264";"3432";"PLU";"CA";"2016-04-18 22:00:00+00:00";"2008-10-12 22:00:00+00:00";"33";"22";"53";"2021";"NON";"NON";"200065928";"";"";"";"2021-10-06";"61597";""
"22265";"3432";"PLU";"CA";"2004-09-07 22:00:00+00:00";"2001-10-28 23:00:00+00:00";"33";"22";"53";"2021";"NON";"NON";"200065928";"";"";"";"2021-10-06";"51517";""
"22266";"3199";"PLU";"COM";"2015-01-13 23:00:00+00:00";"2009-09-15 22:00:00+00:00";"39";"22";"53";"2021";"NON";"NON";"22266";"";"";"";"2021-10-06";"63846";""
"22267";"1199";"CC";"COM";"2007-03-19 23:00:00+00:00";"2005-04-05 22:00:00+00:00";"19";"22";"53";"2021";"NON";"NON";"22267";"";"";"";"2021-10-06";"67709";""
"22268";"3299";"PLUi/PLUiS";"CA";"2020-01-26 23:00:00+00:00";"2017-03-12 23:00:00+00:00";"39";"22";"53";"2021";"NON";"OUI";"200068989";"";"";"";"2021-10-06";"156073";""
"22269";"3432";"PLU";"CA";"2015-04-15 22:00:00+00:00";"2009-05-04 22:00:00+00:00";"33";"22";"53";"2021";"NON";"NON";"200067981";"";"";"";"2021-10-06";"50194";""
"22271";"1432";"CC";"CA";"2007-12-24 23:00:00+00:00";"2004-06-09 22:00:00+00:00";"13";"22";"53";"2021";"NON";"NON";"200067981";"";"";"";"2021-10-06";"67710";""
"22272";"3432";"PLU";"CA";"2015-06-22 22:00:00+00:00";"2008-12-09 23:00:00+00:00";"33";"22";"53";"2021";"NON";"NON";"200067981";"";"";"";"2021-10-06";"63847";""
"22273";"3131";"PLU";"COM";"2005-06-05 22:00:00+00:00";"2001-10-14 22:00:00+00:00";"33";"22";"53";"2021";"NON";"NON";"22273";"";"";"";"2021-10-06";"51520";""
"22274";"3299";"PLUi/PLUiS";"CA";"2020-01-26 23:00:00+00:00";"2017-03-12 23:00:00+00:00";"39";"22";"53";"2021";"NON";"OUI";"200068989";"";"";"";"2021-10-06";"156073";""
"22275";"3299";"PLUi/PLUiS";"CC";"2021-03-08 23:00:00+00:00";"2017-12-18 23:00:00+00:00";"39";"22";"53";"2021";"NON";"OUI";"200067460";"";"";"";"2021-10-06";"160465";""
"22276";"1432";"CC";"CA";"2007-06-06 22:00:00+00:00";"2006-03-28 22:00:00+00:00";"13";"22";"53";"2021";"NON";"NON";"200069409";"";"";"";"2021-10-06";"67711";""
"22277";"3432";"PLU";"CA";"2005-12-21 23:00:00+00:00";"2001-05-21 22:00:00+00:00";"33";"22";"53";"2021";"NON";"NON";"200069409";"";"";"";"2021-10-06";"51523";""
"22278";"3432";"PLU";"CA";"2013-02-11 23:00:00+00:00";"2004-11-22 23:00:00+00:00";"33";"22";"53";"2021";"NON";"NON";"200069409";"";"";"";"2021-10-06";"8194";""
"22279";"3299";"PLUi/PLUiS";"CC";"2021-03-08 23:00:00+00:00";"2017-12-18 23:00:00+00:00";"39";"22";"53";"2021";"NON";"OUI";"200067460";"";"";"";"2021-10-06";"160465";""
"22280";"3299";"PLUi/PLUiS";"CA";"2020-01-26 23:00:00+00:00";"2017-03-12 23:00:00+00:00";"39";"22";"53";"2021";"NON";"OUI";"200068989";"";"";"";"2021-10-06";"156073";""
"22281";"3432";"PLU";"CA";"2008-02-10 23:00:00+00:00";"2005-06-20 22:00:00+00:00";"33";"22";"53";"2021";"NON";"NON";"200069409";"";"";"";"2021-10-06";"51526";""
"22282";"3299";"PLUi/PLUiS";"CA";"2020-01-26 23:00:00+00:00";"2017-03-12 23:00:00+00:00";"39";"22";"53";"2021";"NON";"OUI";"200068989";"";"";"";"2021-10-06";"156073";""
"22283";"3432";"PLU";"CA";"2006-06-28 22:00:00+00:00";"2002-10-07 22:00:00+00:00";"33";"22";"53";"2021";"NON";"NON";"200067981";"";"";"";"2021-10-06";"51524";""
"22285";"3299";"PLUi/PLUiS";"CC";"2021-05-17 22:00:00+00:00";"2015-12-14 23:00:00+00:00";"39";"22";"53";"2021";"NON";"OUI";"245614433";"";"";"";"2021-10-06";"147681";""
"22286";"3199";"PLU";"COM";"2004-08-22 22:00:00+00:00";"2001-07-04 22:00:00+00:00";"39";"22";"53";"2021";"NON";"NON";"22286";"";"";"";"2021-10-06";"51528";""
"22287";"3432";"PLU";"CA";"2012-01-24 23:00:00+00:00";"2001-10-25 22:00:00+00:00";"33";"22";"53";"2021";"NON";"NON";"200069409";"";"";"";"2021-10-06";"61600";""
"22288";"3299";"PLUi/PLUiS";"CC";"2021-03-08 23:00:00+00:00";"2017-12-18 23:00:00+00:00";"39";"22";"53";"2021";"NON";"OUI";"200067460";"";"";"";"2021-10-06";"160465";""
"22289";"3299";"PLUi/PLUiS";"CC";"2021-06-28 22:00:00+00:00";"2017-04-10 22:00:00+00:00";"39";"22";"53";"2021";"NON";"OUI";"200069086";"";"";"";"2021-10-06";"156072";""
"22291";"1432";"CC";"CA";"2013-11-12 23:00:00+00:00";"2009-02-25 23:00:00+00:00";"13";"22";"53";"2021";"NON";"NON";"200069409";"";"";"";"2021-10-06";"66595";""
"22293";"3299";"PLUi/PLUiS";"CC";"2021-06-28 22:00:00+00:00";"2017-04-10 22:00:00+00:00";"39";"22";"53";"2021";"NON";"OUI";"200069086";"";"";"";"2021-10-06";"156072";""
"22295";"3299";"PLUi/PLUiS";"CC";"2021-03-08 23:00:00+00:00";"2017-12-18 23:00:00+00:00";"39";"22";"53";"2021";"NON";"OUI";"200067460";"";"";"";"2021-10-06";"160465";""
"22299";"3299";"PLUi/PLUiS";"CA";"2020-01-26 23:00:00+00:00";"2017-03-12 23:00:00+00:00";"39";"22";"53";"2021";"NON";"OUI";"200068989";"";"";"";"2021-10-06";"156073";""
"22300";"3299";"PLUi/PLUiS";"CC";"2021-03-08 23:00:00+00:00";"2017-12-18 23:00:00+00:00";"39";"22";"53";"2021";"NON";"OUI";"200067460";"";"";"";"2021-10-06";"160465";""
"22302";"3299";"PLUi/PLUiS";"CA";"2020-01-26 23:00:00+00:00";"2017-03-12 23:00:00+00:00";"39";"22";"53";"2021";"NON";"OUI";"200068989";"";"";"";"2021-10-06";"156073";""
"22304";"3299";"PLUi/PLUiS";"CC";"2021-06-28 22:00:00+00:00";"2017-04-10 22:00:00+00:00";"39";"22";"53";"2021";"NON";"OUI";"200069086";"";"";"";"2021-10-06";"156072";""
"22305";"3299";"PLUi/PLUiS";"CA";"2020-01-26 23:00:00+00:00";"2017-03-12 23:00:00+00:00";"39";"22";"53";"2021";"NON";"OUI";"200068989";"";"";"";"2021-10-06";"156073";""
"22306";"3299";"PLUi/PLUiS";"CA";"2020-01-26 23:00:00+00:00";"2017-03-12 23:00:00+00:00";"39";"22";"53";"2021";"NON";"OUI";"200068989";"";"";"";"2021-10-06";"156073";""
"22307";"3432";"PLU";"CA";"2015-04-01 22:00:00+00:00";"2011-06-27 22:00:00+00:00";"33";"22";"53";"2021";"NON";"NON";"200069409";"";"";"";"2021-10-06";"92013";""
"22308";"3299";"PLUi/PLUiS";"CA";"2020-01-26 23:00:00+00:00";"2017-03-12 23:00:00+00:00";"39";"22";"53";"2021";"NON";"OUI";"200068989";"";"";"";"2021-10-06";"156073";""
"22309";"3299";"PLUi/PLUiS";"CC";"2021-03-08 23:00:00+00:00";"2017-12-18 23:00:00+00:00";"39";"22";"53";"2021";"NON";"OUI";"200067460";"";"";"";"2021-10-06";"160465";""
"22310";"3432";"PLU";"CA";"2007-02-25 23:00:00+00:00";"2003-05-11 22:00:00+00:00";"33";"22";"53";"2021";"NON";"NON";"200067981";"";"";"";"2021-10-06";"51533";""
"22311";"3299";"PLUi/PLUiS";"CA";"2020-01-26 23:00:00+00:00";"2017-03-12 23:00:00+00:00";"39";"22";"53";"2021";"NON";"OUI";"200068989";"";"";"";"2021-10-06";"156073";""
"22312";"3299";"PLUi/PLUiS";"CA";"2020-01-26 23:00:00+00:00";"2017-03-12 23:00:00+00:00";"39";"22";"53";"2021";"NON";"OUI";"200068989";"";"";"";"2021-10-06";"156073";""
"22313";"3299";"PLUi/PLUiS";"CC";"2021-03-08 23:00:00+00:00";"2017-12-18 23:00:00+00:00";"39";"22";"53";"2021";"NON";"OUI";"200067460";"";"";"";"2021-10-06";"160465";""
"22314";"3299";"PLUi/PLUiS";"CC";"2021-03-08 23:00:00+00:00";"2017-12-18 23:00:00+00:00";"39";"22";"53";"2021";"NON";"OUI";"200067460";"";"";"";"2021-10-06";"160465";""
"22315";"3299";"PLUi/PLUiS";"CA";"2020-01-26 23:00:00+00:00";"2017-03-12 23:00:00+00:00";"39";"22";"53";"2021";"NON";"OUI";"200068989";"";"";"";"2021-10-06";"156073";""
"22316";"3299";"PLUi/PLUiS";"CC";"2021-03-08 23:00:00+00:00";"2017-12-18 23:00:00+00:00";"39";"22";"53";"2021";"NON";"OUI";"200067460";"";"";"";"2021-10-06";"160465";""
"22317";"3299";"PLUi/PLUiS";"CA";"2020-01-26 23:00:00+00:00";"2017-03-12 23:00:00+00:00";"39";"22";"53";"2021";"NON";"OUI";"200068989";"";"";"";"2021-10-06";"156073";""
"22318";"3299";"PLUi/PLUiS";"CA";"2020-01-26 23:00:00+00:00";"2017-03-12 23:00:00+00:00";"39";"22";"53";"2021";"NON";"OUI";"200068989";"";"";"";"2021-10-06";"156073";""
"22319";"3432";"PLU";"CA";"2017-03-09 23:00:00+00:00";"2007-04-22 22:00:00+00:00";"33";"22";"53";"2021";"NON";"NON";"200065928";"";"";"";"2021-10-06";"61606";""
"22321";"3199";"PLU";"COM";"2016-02-01 23:00:00+00:00";"2010-12-12 23:00:00+00:00";"39";"22";"53";"2021";"NON";"NON";"22321";"";"";"";"2021-10-06";"63848";""
"22322";"3299";"PLUi/PLUiS";"CC";"2021-06-28 22:00:00+00:00";"2017-04-10 22:00:00+00:00";"39";"22";"53";"2021";"NON";"OUI";"200069086";"";"";"";"2021-10-06";"156072";""
"22323";"3299";"PLUi/PLUiS";"CA";"2020-01-26 23:00:00+00:00";"2017-03-12 23:00:00+00:00";"39";"22";"53";"2021";"NON";"OUI";"200068989";"";"";"";"2021-10-06";"156073";""
"22324";"3432";"PLU";"CA";"2010-02-25 23:00:00+00:00";"2001-04-11 22:00:00+00:00";"33";"22";"53";"2021";"NON";"NON";"200065928";"";"";"";"2021-10-06";"51529";""
"22325";"3432";"PLU";"CA";"2011-07-07 22:00:00+00:00";"2004-07-22 22:00:00+00:00";"33";"22";"53";"2021";"NON";"NON";"200069409";"";"";"";"2021-10-06";"61607";""
"22326";"3199";"PLU";"COM";"2008-10-27 23:00:00+00:00";"2005-11-07 23:00:00+00:00";"39";"22";"53";"2021";"NON";"NON";"22326";"";"";"";"2021-10-06";"51536";""
"22327";"3299";"PLUi/PLUiS";"CA";"2020-01-26 23:00:00+00:00";"2017-03-12 23:00:00+00:00";"39";"22";"53";"2021";"NON";"OUI";"200068989";"";"";"";"2021-10-06";"156073";""
"22330";"3299";"PLUi/PLUiS";"CC";"2021-03-08 23:00:00+00:00";"2017-12-18 23:00:00+00:00";"39";"22";"53";"2021";"NON";"OUI";"200067460";"";"";"";"2021-10-06";"160465";""
"22332";"1199";"CC";"COM";"2011-08-03 22:00:00+00:00";"2008-06-01 22:00:00+00:00";"19";"22";"53";"2021";"NON";"NON";"22332";"";"";"";"2021-10-06";"66773";""
"22333";"3299";"PLUi/PLUiS";"CC";"2021-03-08 23:00:00+00:00";"2017-12-18 23:00:00+00:00";"39";"22";"53";"2021";"NON";"OUI";"200067460";"";"";"";"2021-10-06";"160465";""
"22335";"1432";"CC";"CA";"2013-07-22 22:00:00+00:00";"2009-06-23 22:00:00+00:00";"13";"22";"53";"2021";"NON";"NON";"200067981";"";"";"";"2021-10-06";"66774";""
"22339";"3299";"PLUi/PLUiS";"CA";"2020-01-26 23:00:00+00:00";"2017-03-12 23:00:00+00:00";"39";"22";"53";"2021";"NON";"OUI";"200068989";"";"";"";"2021-10-06";"156073";""
"22340";"3432";"PLU";"CA";"2008-11-05 23:00:00+00:00";"2003-12-21 23:00:00+00:00";"33";"22";"53";"2021";"NON";"NON";"200065928";"";"";"";"2021-10-06";"51541";""
"22341";"3131";"PLU";"COM";"2003-06-05 22:00:00+00:00";"2000-03-15 23:00:00+00:00";"33";"22";"53";"2021";"NON";"NON";"22341";"";"";"";"2021-10-06";"51538";""
"22342";"3299";"PLUi/PLUiS";"CA";"2020-01-26 23:00:00+00:00";"2017-03-12 23:00:00+00:00";"39";"22";"53";"2021";"NON";"OUI";"200068989";"";"";"";"2021-10-06";"156073";""
"22343";"3432";"PLU";"CA";"2017-03-02 23:00:00+00:00";"2011-09-27 22:00:00+00:00";"33";"22";"53";"2021";"NON";"NON";"200065928";"";"";"";"2021-10-06";"157320";""
"22344";"3199";"PLU";"COM";"2007-12-18 23:00:00+00:00";"2000-10-26 22:00:00+00:00";"39";"22";"53";"2021";"NON";"NON";"22344";"";"";"";"2021-10-06";"51542";""
"22345";"3199";"PLU";"COM";"2014-11-26 23:00:00+00:00";"2008-09-17 22:00:00+00:00";"39";"22";"53";"2021";"NON";"NON";"22345";"";"";"";"2021-10-06";"50011";""
"22346";"3199";"PLU";"COM";"2012-10-24 22:00:00+00:00";"2008-12-17 23:00:00+00:00";"39";"22";"53";"2021";"NON";"NON";"22346";"";"";"";"2021-10-06";"63850";""
"22347";"3432";"PLU";"CA";"2017-06-27 22:00:00+00:00";"2012-03-05 23:00:00+00:00";"33";"22";"53";"2021";"NON";"NON";"200065928";"";"";"";"2021-10-06";"61612";""
"22348";"1199";"CC";"COM";"2005-05-19 22:00:00+00:00";"2003-05-18 22:00:00+00:00";"19";"22";"53";"2021";"NON";"NON";"22348";"";"";"";"2021-10-06";"67716";""
"22349";"3432";"PLU";"CA";"2009-10-11 22:00:00+00:00";"2003-11-05 23:00:00+00:00";"33";"22";"53";"2021";"NON";"NON";"200065928";"";"";"";"2021-10-06";"51543";""
"22350";"3432";"PLU";"CA";"2017-09-25 22:00:00+00:00";"2015-01-29 23:00:00+00:00";"33";"22";"53";"2021";"NON";"NON";"200065928";"";"";"";"2021-10-06";"163583";""
"22351";"3199";"PLU";"COM";"2004-07-07 22:00:00+00:00";"2000-07-04 22:00:00+00:00";"39";"22";"53";"2021";"NON";"NON";"22351";"";"";"";"2021-10-06";"51545";""
"22352";"3299";"PLUi/PLUiS";"CA";"2020-01-26 23:00:00+00:00";"2017-03-12 23:00:00+00:00";"39";"22";"53";"2021";"NON";"OUI";"200068989";"";"";"";"2021-10-06";"156073";""
"22353";"3432";"PLU";"CA";"2017-03-22 23:00:00+00:00";"2014-12-19 23:00:00+00:00";"33";"22";"53";"2021";"NON";"NON";"200065928";"";"";"";"2021-10-06";"61611";""
"22354";"3432";"PLU";"CA";"2010-03-11 23:00:00+00:00";"2005-02-15 23:00:00+00:00";"33";"22";"53";"2021";"NON";"NON";"200067981";"";"";"";"2021-10-06";"51547";""
"22356";"3299";"PLUi/PLUiS";"CC";"2021-06-28 22:00:00+00:00";"2017-04-10 22:00:00+00:00";"39";"22";"53";"2021";"NON";"OUI";"200069086";"";"";"";"2021-10-06";"156072";""
"22358";"1432";"CC";"CA";"2004-04-26 22:00:00+00:00";"2001-05-08 22:00:00+00:00";"13";"22";"53";"2021";"NON";"NON";"200067981";"";"";"";"2021-10-06";"67717";""
"22360";"3432";"PLU";"CA";"2009-09-08 22:00:00+00:00";"2004-06-13 22:00:00+00:00";"33";"22";"53";"2021";"NON";"NON";"200069409";"";"";"";"2021-10-06";"56789";""
"22361";"3299";"PLUi/PLUiS";"CC";"2021-06-28 22:00:00+00:00";"2017-04-10 22:00:00+00:00";"39";"22";"53";"2021";"NON";"OUI";"200069086";"";"";"";"2021-10-06";"156072";""
"22362";"3432";"PLU";"CA";"2020-02-03 23:00:00+00:00";"2015-02-22 23:00:00+00:00";"33";"22";"53";"2021";"NON";"NON";"200065928";"";"";"";"2021-10-06";"135979";""
"22363";"3432";"PLU";"CA";"2017-03-15 23:00:00+00:00";"2014-09-24 22:00:00+00:00";"33";"22";"53";"2021";"NON";"NON";"200065928";"";"";"";"2021-10-06";"132704";""
"22364";"3299";"PLUi/PLUiS";"CA";"2020-01-26 23:00:00+00:00";"2017-03-12 23:00:00+00:00";"39";"22";"53";"2021";"NON";"OUI";"200068989";"";"";"";"2021-10-06";"156073";""
"22365";"3199";"PLU";"COM";"2005-10-23 22:00:00+00:00";"2001-12-09 23:00:00+00:00";"39";"22";"53";"2021";"NON";"NON";"22365";"";"";"";"2021-10-06";"51550";""
"22368";"3199";"PLU";"COM";"2007-03-27 22:00:00+00:00";"2002-06-26 22:00:00+00:00";"39";"22";"53";"2021";"NON";"NON";"22368";"";"";"";"2021-10-06";"51552";""
"22369";"3199";"PLU";"COM";"2008-02-03 23:00:00+00:00";"2004-03-07 23:00:00+00:00";"39";"22";"53";"2021";"NON";"NON";"22369";"";"";"";"2021-10-06";"51553";""
"22370";"3299";"PLUi/PLUiS";"CC";"2021-06-28 22:00:00+00:00";"2017-04-10 22:00:00+00:00";"39";"22";"53";"2021";"NON";"OUI";"200069086";"";"";"";"2021-10-06";"156072";""
"22371";"3299";"PLUi/PLUiS";"CC";"2021-03-08 23:00:00+00:00";"2017-12-18 23:00:00+00:00";"39";"22";"53";"2021";"NON";"OUI";"200067460";"";"";"";"2021-10-06";"160465";""
"22372";"3432";"PLU";"CA";"2007-02-07 23:00:00+00:00";"2002-03-26 23:00:00+00:00";"33";"22";"53";"2021";"NON";"NON";"200069409";"";"";"";"2021-10-06";"51554";""
"22375";"3299";"PLUi/PLUiS";"CC";"2021-06-28 22:00:00+00:00";"2017-04-10 22:00:00+00:00";"39";"22";"53";"2021";"NON";"OUI";"200069086";"";"";"";"2021-10-06";"156072";""
"22376";"3299";"PLUi/PLUiS";"CC";"2021-03-08 23:00:00+00:00";"2017-12-18 23:00:00+00:00";"39";"22";"53";"2021";"NON";"OUI";"200067460";"";"";"";"2021-10-06";"160465";""
"22377";"3432";"PLU";"CA";"2020-02-05 23:00:00+00:00";"2016-04-20 22:00:00+00:00";"33";"22";"53";"2021";"NON";"NON";"200069409";"";"";"";"2021-10-06";"165864";""
"22378";"3299";"PLUi/PLUiS";"CC";"2021-06-28 22:00:00+00:00";"2017-04-10 22:00:00+00:00";"39";"22";"53";"2021";"NON";"OUI";"200069086";"";"";"";"2021-10-06";"156072";""
"22379";"3432";"PLU";"CA";"2017-03-15 23:00:00+00:00";"2008-04-28 22:00:00+00:00";"33";"22";"53";"2021";"NON";"NON";"200065928";"";"";"";"2021-10-06";"61614";""
"22380";"3299";"PLUi/PLUiS";"CA";"2020-01-26 23:00:00+00:00";"2017-03-12 23:00:00+00:00";"39";"22";"53";"2021";"NON";"OUI";"200068989";"";"";"";"2021-10-06";"156073";""
"22381";"1432";"CC";"CA";"2008-06-23 22:00:00+00:00";"2004-06-27 22:00:00+00:00";"13";"22";"53";"2021";"NON";"NON";"200065928";"";"";"";"2021-10-06";"69012";""
"22383";"3432";"PLU";"CA";"2011-04-19 22:00:00+00:00";"2004-12-06 23:00:00+00:00";"33";"22";"53";"2021";"NON";"NON";"200065928";"";"";"";"2021-10-06";"49322";""
"22384";"3299";"PLUi/PLUiS";"CC";"2021-03-08 23:00:00+00:00";"2017-12-18 23:00:00+00:00";"39";"22";"53";"2021";"NON";"OUI";"200067460";"";"";"";"2021-10-06";"160465";""
"22385";"3299";"PLUi/PLUiS";"CA";"2020-01-26 23:00:00+00:00";"2017-03-12 23:00:00+00:00";"39";"22";"53";"2021";"NON";"OUI";"200068989";"";"";"";"2021-10-06";"156073";""
"22387";"3432";"PLU";"CA";"2018-04-02 22:00:00+00:00";"2008-03-20 23:00:00+00:00";"33";"22";"53";"2021";"NON";"NON";"200065928";"";"";"";"2021-10-06";"49323";""
"22388";"3299";"PLUi/PLUiS";"CA";"2020-01-26 23:00:00+00:00";"2017-03-12 23:00:00+00:00";"39";"22";"53";"2021";"NON";"OUI";"200068989";"";"";"";"2021-10-06";"156073";""
"22389";"3432";"PLU";"CA";"2020-02-26 23:00:00+00:00";"2015-02-05 23:00:00+00:00";"33";"22";"53";"2021";"NON";"NON";"200069409";"";"";"";"2021-10-06";"139913";""
"22390";"1432";"CC";"CA";"2007-11-10 23:00:00+00:00";"2005-09-15 22:00:00+00:00";"13";"22";"53";"2021";"NON";"NON";"200067981";"";"";"";"2021-10-06";"67719";""
"22391";"3299";"PLUi/PLUiS";"CA";"2020-01-26 23:00:00+00:00";"2017-03-12 23:00:00+00:00";"39";"22";"53";"2021";"NON";"OUI";"200068989";"";"";"";"2021-10-06";"156073";""
"23001";"3499";"PLU";"CC";"2018-03-15 23:00:00+00:00";"2014-10-02 22:00:00+00:00";"39";"23";"75";"2021";"NON";"NON";"200067189";"";"";"";"2021-10-06";"135015";""
"23002";"1499";"CC";"CA";"2014-02-09 23:00:00+00:00";"2011-09-08 22:00:00+00:00";"19";"23";"75";"2021";"NON";"NON";"200034825";"";"";"";"2021-10-06";"92049";""
"23008";"3499";"PLU";"CC";"2008-04-14 22:00:00+00:00";"2002-01-17 23:00:00+00:00";"39";"23";"75";"2021";"NON";"NON";"200044014";"";"";"";"2021-10-06";"51559";""
"23015";"3299";"PLUi/PLUiS";"CC";"2019-12-15 23:00:00+00:00";"2015-09-27 22:00:00+00:00";"39";"23";"75";"2021";"NON";"OUI";"23015";"";"";"";"2021-10-06";"144550";""
"23018";"3299";"PLUi/PLUiS";"CC";"2019-12-15 23:00:00+00:00";"2015-09-27 22:00:00+00:00";"39";"23";"75";"2021";"NON";"OUI";"23018";"";"";"";"2021-10-06";"144550";""
"23021";"3432";"PLU";"CC";"2013-05-30 22:00:00+00:00";"2009-03-04 23:00:00+00:00";"33";"23";"75";"2021";"NON";"NON";"23021";"";"";"";"2021-10-06";"61617";""
"23030";"3499";"PLU";"CC";"2020-02-26 23:00:00+00:00";"2013-06-18 22:00:00+00:00";"39";"23";"75";"2021";"NON";"NON";"200067189";"";"";"";"2021-10-06";"126774";""
"23031";"3199";"PLU";"COM";"2017-03-29 22:00:00+00:00";"2011-01-27 23:00:00+00:00";"39";"23";"75";"2021";"NON";"NON";"23031";"";"";"";"2021-10-06";"61618";""
"23032";"3199";"PLU";"COM";"2017-12-13 23:00:00+00:00";"2011-05-23 22:00:00+00:00";"39";"23";"75";"2021";"NON";"NON";"23032";"";"";"";"2021-10-06";"92056";""
"23036";"1499";"CC";"CA";"2019-07-15 22:00:00+00:00";"2014-12-15 23:00:00+00:00";"19";"23";"75";"2021";"NON";"NON";"200034825";"";"";"";"2021-10-06";"126920";""
"23049";"1432";"CC";"CC";"2019-03-11 23:00:00+00:00";"2016-02-29 23:00:00+00:00";"13";"23";"75";"2021";"NON";"NON";"200041556";"";"";"";"2021-10-06";"154255";""
"23052";"3434";"PLU";"CA";"2006-07-17 22:00:00+00:00";"2000-10-06 22:00:00+00:00";"33";"23";"75";"2021";"NON";"NON";"200034825";"";"";"";"2021-10-06";"51568";""
"23056";"3432";"PLU";"CC";"2006-04-20 22:00:00+00:00";"2000-09-21 22:00:00+00:00";"33";"23";"75";"2021";"NON";"NON";"23056";"";"";"";"2021-10-06";"51569";""
"23057";"3432";"PLU";"CC";"2018-11-13 23:00:00+00:00";"2010-05-09 22:00:00+00:00";"33";"23";"75";"2021";"NON";"NON";"200041556";"";"";"";"2021-10-06";"61619";""
"23079";"3499";"PLU";"CC";"2005-07-27 22:00:00+00:00";"2002-01-16 23:00:00+00:00";"39";"23";"75";"2021";"NON";"NON";"200044014";"";"";"";"2021-10-06";"51573";""
"23081";"1432";"CC";"CC";"2013-03-17 23:00:00+00:00";"2010-11-09 23:00:00+00:00";"13";"23";"75";"2021";"NON";"NON";"200067593";"";"";"";"2021-10-06";"50478";""
"23082";"1432";"CC";"CC";"2006-10-05 22:00:00+00:00";"2002-05-07 22:00:00+00:00";"13";"23";"75";"2021";"NON";"NON";"23082";"";"";"";"2021-10-06";"67721";""
"23093";"3131";"PLU";"COM";"2004-09-23 22:00:00+00:00";"1997-07-02 22:00:00+00:00";"33";"23";"75";"2021";"NON";"NON";"23093";"";"";"";"2021-10-06";"51574";""
"23096";"3434";"PLU";"CA";"2011-06-22 22:00:00+00:00";"2002-04-24 22:00:00+00:00";"33";"23";"75";"2021";"NON";"NON";"200034825";"";"";"";"2021-10-06";"64419";""
"23100";"1199";"CC";"COM";"2019-11-11 23:00:00+00:00";"2018-06-20 22:00:00+00:00";"19";"23";"75";"2021";"NON";"NON";"23100";"";"";"";"2021-10-06";"166446";""
"23101";"1499";"CC";"CA";"2014-07-27 22:00:00+00:00";"2010-05-03 22:00:00+00:00";"19";"23";"75";"2021";"NON";"NON";"200034825";"";"";"";"2021-10-06";"50479";""
"23124";"3432";"PLU";"CC";"2005-02-06 23:00:00+00:00";"2000-02-10 23:00:00+00:00";"33";"23";"75";"2021";"NON";"NON";"23124";"";"";"";"2021-10-06";"51576";""
"23136";"1432";"CC";"CC";"2017-05-31 22:00:00+00:00";"2016-01-14 23:00:00+00:00";"13";"23";"75";"2021";"NON";"NON";"200041556";"";"";"";"2021-10-06";"154256";""
"23143";"3299";"PLUi/PLUiS";"CC";"2019-12-15 23:00:00+00:00";"2015-09-27 22:00:00+00:00";"39";"23";"75";"2021";"NON";"OUI";"23143";"";"";"";"2021-10-06";"144550";""
"23165";"3434";"PLU";"CC";"2007-12-27 23:00:00+00:00";"2002-10-03 22:00:00+00:00";"33";"23";"75";"2021";"NON";"NON";"200067189";"";"";"";"2021-10-06";"51579";""
"23174";"1199";"CC";"COM";"2019-08-28 22:00:00+00:00";"2017-10-19 22:00:00+00:00";"19";"23";"75";"2021";"NON";"NON";"23174";"";"";"";"2021-10-06";"160118";""
"23176";"3299";"PLUi/PLUiS";"CC";"2019-12-15 23:00:00+00:00";"2015-09-27 22:00:00+00:00";"39";"23";"75";"2021";"NON";"OUI";"23176";"";"";"";"2021-10-06";"144550";""
"23177";"3299";"PLUi/PLUiS";"CC";"2019-12-15 23:00:00+00:00";"2015-09-27 22:00:00+00:00";"39";"23";"75";"2021";"NON";"OUI";"23177";"";"";"";"2021-10-06";"144550";""
"23193";"3434";"PLU";"CA";"2011-02-22 23:00:00+00:00";"1998-10-14 22:00:00+00:00";"33";"23";"75";"2021";"NON";"NON";"200034825";"";"";"";"2021-10-06";"61621";""
"23195";"3434";"PLU";"CA";"2007-02-01 23:00:00+00:00";"2002-12-18 23:00:00+00:00";"33";"23";"75";"2021";"NON";"NON";"200034825";"";"";"";"2021-10-06";"51580";""
"23199";"3299";"PLUi/PLUiS";"CC";"2019-12-15 23:00:00+00:00";"2015-09-27 22:00:00+00:00";"39";"23";"75";"2021";"NON";"OUI";"23199";"";"";"";"2021-10-06";"144550";""
"23206";"1414";"CC";"CA";"2007-06-07 22:00:00+00:00";"2004-06-10 22:00:00+00:00";"11";"23";"75";"2021";"NON";"NON";"200034825";"";"";"";"2021-10-06";"69002";""
"23207";"3299";"PLUi/PLUiS";"CC";"2019-12-15 23:00:00+00:00";"2015-09-27 22:00:00+00:00";"39";"23";"75";"2021";"NON";"OUI";"23207";"";"";"";"2021-10-06";"144550";""
"23208";"1499";"CC";"CA";"2021-05-30 22:00:00+00:00";"2016-08-29 22:00:00+00:00";"19";"23";"75";"2021";"NON";"NON";"200034825";"";"";"";"2021-10-06";"154251";""
"23215";"1432";"CC";"CC";"2011-12-07 23:00:00+00:00";"2010-10-21 22:00:00+00:00";"13";"23";"75";"2021";"NON";"NON";"200066744";"";"";"";"2021-10-06";"66777";""
"23219";"3299";"PLUi/PLUiS";"CC";"2019-12-15 23:00:00+00:00";"2015-09-27 22:00:00+00:00";"39";"23";"75";"2021";"NON";"OUI";"23219";"";"";"";"2021-10-06";"144550";""
"23235";"3299";"PLUi/PLUiS";"CC";"2019-12-15 23:00:00+00:00";"2015-09-27 22:00:00+00:00";"39";"23";"75";"2021";"NON";"OUI";"23235";"";"";"";"2021-10-06";"144550";""
"23240";"3199";"PLU";"COM";"2017-12-13 23:00:00+00:00";"2011-05-30 22:00:00+00:00";"39";"23";"75";"2021";"NON";"NON";"23240";"";"";"";"2021-10-06";"61622";""
"23245";"3499";"PLU";"CA";"2019-10-23 22:00:00+00:00";"2006-09-10 22:00:00+00:00";"39";"23";"75";"2021";"NON";"NON";"200034825";"";"";"";"2021-10-06";"61623";""
"23248";"1499";"CC";"CA";"2021-05-30 22:00:00+00:00";"2016-09-29 22:00:00+00:00";"19";"23";"75";"2021";"NON";"NON";"200034825";"";"";"";"2021-10-06";"154253";""
"23250";"1499";"CC";"CA";"2008-12-17 23:00:00+00:00";"2007-07-10 22:00:00+00:00";"19";"23";"75";"2021";"NON";"NON";"23250";"";"";"";"2021-10-06";"67724";""
"23258";"3299";"PLUi/PLUiS";"CC";"2019-12-15 23:00:00+00:00";"2015-09-27 22:00:00+00:00";"39";"23";"75";"2021";"NON";"OUI";"23258";"";"";"";"2021-10-06";"144550";""
"23262";"1199";"CC";"COM";"2006-11-01 23:00:00+00:00";"2005-09-26 22:00:00+00:00";"19";"23";"75";"2021";"NON";"NON";"23262";"";"";"";"2021-10-06";"67725";""
"24001";"3433";"PLU";"CC";"2008-12-17 23:00:00+00:00";"2005-12-27 23:00:00+00:00";"33";"24";"75";"2021";"NON";"NON";"200071819";"";"";"";"2021-10-06";"101941";""
"24002";"3299";"PLUi/PLUiS";"CA";"2019-12-18 23:00:00+00:00";"2015-11-25 23:00:00+00:00";"39";"24";"75";"2021";"NON";"OUI";"24002";"";"";"";"2021-10-06";"144355";""
"24004";"1499";"CC";"CC";"2016-01-07 23:00:00+00:00";"2012-06-25 22:00:00+00:00";"19";"24";"75";"2021";"NON";"NON";"24004";"";"";"";"2021-10-06";"121437";""
"24005";"1432";"CC";"CC";"2009-11-09 23:00:00+00:00";"2005-09-15 22:00:00+00:00";"13";"24";"75";"2021";"NON";"NON";"200034833";"";"";"";"2021-10-06";"69004";""
"24006";"1432";"CC";"CC";"2015-04-19 22:00:00+00:00";"2012-10-17 22:00:00+00:00";"13";"24";"75";"2021";"NON";"NON";"24006";"";"";"";"2021-10-06";"124402";""
"24007";"1432";"CC";"CC";"2011-04-17 22:00:00+00:00";"2010-07-08 22:00:00+00:00";"13";"24";"75";"2021";"NON";"NON";"24007";"";"";"";"2021-10-06";"102476";""
"24008";"1432";"CC";"CC";"2008-12-17 23:00:00+00:00";"2004-09-15 22:00:00+00:00";"13";"24";"75";"2021";"NON";"NON";"24008";"";"";"";"2021-10-06";"69005";""
"24010";"3299";"PLUi/PLUiS";"CA";"2019-12-18 23:00:00+00:00";"2015-11-25 23:00:00+00:00";"39";"24";"75";"2021";"NON";"OUI";"24010";"";"";"";"2021-10-06";"144355";""
"24011";"3299";"PLUi/PLUiS";"CA";"2019-12-18 23:00:00+00:00";"2015-11-25 23:00:00+00:00";"39";"24";"75";"2021";"NON";"OUI";"24011";"";"";"";"2021-10-06";"144355";""
"24012";"1432";"CC";"CC";"2016-02-21 23:00:00+00:00";"2013-06-06 22:00:00+00:00";"13";"24";"75";"2021";"NON";"NON";"24012";"";"";"";"2021-10-06";"124019";""
"24014";"3299";"PLUi/PLUiS";"CC";"2020-03-04 23:00:00+00:00";"2014-12-03 23:00:00+00:00";"39";"24";"75";"2021";"NON";"OUI";"24014";"";"";"";"2021-10-06";"136215";""
"24015";"3299";"PLUi/PLUiS";"CC";"2020-03-04 23:00:00+00:00";"2014-12-03 23:00:00+00:00";"39";"24";"75";"2021";"NON";"OUI";"24015";"";"";"";"2021-10-06";"136215";""
"24016";"1499";"CC";"CC";"2014-04-06 22:00:00+00:00";"2010-09-23 22:00:00+00:00";"19";"24";"75";"2021";"NON";"NON";"200071819";"";"";"";"2021-10-06";"65622";""
"24018";"3499";"PLU";"CC";"2013-06-26 22:00:00+00:00";"2009-04-23 22:00:00+00:00";"39";"24";"75";"2021";"NON";"NON";"24018";"";"";"";"2021-10-06";"110187";""
"24019";"3499";"PLU";"CC";"2013-06-26 22:00:00+00:00";"2009-01-26 23:00:00+00:00";"39";"24";"75";"2021";"NON";"NON";"24019";"";"";"";"2021-10-06";"65068";""
"24020";"3499";"PLU";"CC";"2021-03-03 23:00:00+00:00";"2020-02-24 23:00:00+00:00";"39";"24";"75";"2021";"NON";"NON";"24020";"";"";"";"2021-10-06";"178234";""
"24021";"1499";"CC";"CC";"2011-10-16 22:00:00+00:00";"2010-08-23 22:00:00+00:00";"19";"24";"75";"2021";"NON";"NON";"24021";"";"";"";"2021-10-06";"91838";""
"24022";"1432";"CC";"CC";"2013-06-19 22:00:00+00:00";"2009-06-01 22:00:00+00:00";"13";"24";"75";"2021";"NON";"NON";"200034833";"";"";"";"2021-10-06";"102936";""
"24023";"1432";"CC";"CC";"2006-03-23 23:00:00+00:00";"2003-06-22 22:00:00+00:00";"13";"24";"75";"2021";"NON";"NON";"200034833";"";"";"";"2021-10-06";"69009";""
"24024";"1432";"CC";"CC";"2016-07-12 22:00:00+00:00";"2010-03-10 23:00:00+00:00";"13";"24";"75";"2021";"NON";"NON";"200040889";"";"";"";"2021-10-06";"102821";""
"24025";"3499";"PLU";"CC";"2013-06-26 22:00:00+00:00";"2009-03-26 23:00:00+00:00";"39";"24";"75";"2021";"NON";"NON";"24025";"";"";"";"2021-10-06";"65069";""
"24026";"3299";"PLUi/PLUiS";"CA";"2019-12-18 23:00:00+00:00";"2015-11-25 23:00:00+00:00";"39";"24";"75";"2021";"NON";"OUI";"24026";"";"";"";"2021-10-06";"144355";""
"24027";"1432";"CC";"CC";"2012-06-28 22:00:00+00:00";"2008-09-11 22:00:00+00:00";"13";"24";"75";"2021";"NON";"NON";"200034833";"";"";"";"2021-10-06";"102938";""
"24028";"1432";"CC";"CC";"2017-11-02 23:00:00+00:00";"2016-09-19 22:00:00+00:00";"13";"24";"75";"2021";"NON";"NON";"200034833";"";"";"";"2021-10-06";"158381";""
"24029";"1499";"CC";"CC";"2012-09-04 22:00:00+00:00";"2010-10-13 22:00:00+00:00";"19";"24";"75";"2021";"NON";"NON";"200069094";"";"";"";"2021-10-06";"102548";""
"24030";"1499";"CC";"CC";"2003-12-03 23:00:00+00:00";"2001-11-13 23:00:00+00:00";"19";"24";"75";"2021";"NON";"NON";"24030";"";"";"";"2021-10-06";"69014";""
"24031";"1399";"CC";"CC";"2016-06-29 22:00:00+00:00";"2014-08-10 22:00:00+00:00";"19";"24";"75";"2021";"NON";"NON";"24031";"";"";"";"2021-10-06";"127998";""
"24032";"1432";"CC";"CC";"2008-07-17 22:00:00+00:00";"2004-06-24 22:00:00+00:00";"13";"24";"75";"2021";"NON";"NON";"24032";"";"";"";"2021-10-06";"102546";""
"24034";"1399";"CC";"CC";"2016-06-29 22:00:00+00:00";"2014-08-10 22:00:00+00:00";"19";"24";"75";"2021";"NON";"NON";"24034";"";"";"";"2021-10-06";"127998";""
"24035";"1432";"CC";"CC";"2012-10-07 22:00:00+00:00";"2009-06-25 22:00:00+00:00";"13";"24";"75";"2021";"NON";"NON";"24035";"";"";"";"2021-10-06";"14607";""
"24036";"1432";"CC";"CC";"2007-10-03 22:00:00+00:00";"2002-07-04 22:00:00+00:00";"13";"24";"75";"2021";"NON";"NON";"24036";"";"";"";"2021-10-06";"69020";""
"24037";"3299";"PLUi/PLUiS";"CA";"2020-01-12 23:00:00+00:00";"2013-07-07 22:00:00+00:00";"39";"24";"75";"2021";"NON";"OUI";"200070647";"";"";"";"2021-10-06";"128219";""
"24038";"1432";"CC";"CC";"2003-12-17 23:00:00+00:00";"2002-05-16 22:00:00+00:00";"13";"24";"75";"2021";"NON";"NON";"24038";"";"";"";"2021-10-06";"69021";""
"24039";"1432";"CC";"CC";"2015-06-22 22:00:00+00:00";"2011-01-27 23:00:00+00:00";"13";"24";"75";"2021";"NON";"NON";"24039";"";"";"";"2021-10-06";"130581";""
"24042";"3299";"PLUi/PLUiS";"CC";"2020-01-27 23:00:00+00:00";"2014-12-16 23:00:00+00:00";"39";"24";"75";"2021";"NON";"OUI";"24042";"";"";"";"2021-10-06";"136237";""
"24045";"1432";"CC";"CC";"2011-09-06 22:00:00+00:00";"2009-03-04 23:00:00+00:00";"13";"24";"75";"2021";"NON";"NON";"200040889";"";"";"";"2021-10-06";"102822";""
"24046";"1499";"CC";"CC";"2008-09-01 22:00:00+00:00";"2004-06-14 22:00:00+00:00";"19";"24";"75";"2021";"NON";"NON";"24046";"";"";"";"2021-10-06";"91819";""
"24048";"3299";"PLUi/PLUiS";"CC";"2018-09-26 22:00:00+00:00";"2013-10-29 23:00:00+00:00";"39";"24";"75";"2021";"NON";"OUI";"200034197";"";"";"";"2021-10-06";"130928";""
"24050";"1432";"CC";"CC";"2009-03-30 22:00:00+00:00";"2004-12-21 23:00:00+00:00";"13";"24";"75";"2021";"NON";"NON";"24050";"";"";"";"2021-10-06";"14472";""
"24051";"3299";"PLUi/PLUiS";"CA";"2020-01-12 23:00:00+00:00";"2013-07-07 22:00:00+00:00";"39";"24";"75";"2021";"NON";"OUI";"200070647";"";"";"";"2021-10-06";"128219";""
"24053";"3299";"PLUi/PLUiS";"CA";"2019-12-18 23:00:00+00:00";"2015-11-25 23:00:00+00:00";"39";"24";"75";"2021";"NON";"OUI";"24053";"";"";"";"2021-10-06";"144355";""
"24054";"3299";"PLUi/PLUiS";"CA";"2020-01-12 23:00:00+00:00";"2013-07-07 22:00:00+00:00";"39";"24";"75";"2021";"NON";"OUI";"200070647";"";"";"";"2021-10-06";"128219";""
"24055";"3299";"PLUi/PLUiS";"CC";"2020-01-27 23:00:00+00:00";"2014-12-16 23:00:00+00:00";"39";"24";"75";"2021";"NON";"OUI";"24055";"";"";"";"2021-10-06";"136237";""
"24056";"1433";"CC";"CC";"2008-02-12 23:00:00+00:00";"2003-08-27 22:00:00+00:00";"13";"24";"75";"2021";"NON";"NON";"200071819";"";"";"";"2021-10-06";"70194";""
"24058";"1432";"CC";"CC";"2009-07-16 22:00:00+00:00";"2006-03-19 23:00:00+00:00";"13";"24";"75";"2021";"NON";"NON";"24058";"";"";"";"2021-10-06";"102477";""
"24059";"1499";"CC";"CC";"2011-12-14 23:00:00+00:00";"2009-10-07 22:00:00+00:00";"19";"24";"75";"2021";"NON";"NON";"200069094";"";"";"";"2021-10-06";"92598";""
"24061";"3299";"PLUi/PLUiS";"CA";"2019-12-18 23:00:00+00:00";"2015-11-25 23:00:00+00:00";"39";"24";"75";"2021";"NON";"OUI";"200040392";"";"";"";"2021-10-06";"144355";""
"24062";"1432";"CC";"CC";"2007-12-18 23:00:00+00:00";"2003-03-26 23:00:00+00:00";"13";"24";"75";"2021";"NON";"NON";"24062";"";"";"";"2021-10-06";"101642";""
"24063";"1432";"CC";"CC";"2015-07-27 22:00:00+00:00";"2010-03-25 23:00:00+00:00";"13";"24";"75";"2021";"NON";"NON";"24063";"";"";"";"2021-10-06";"98697";""
"24064";"3299";"PLUi/PLUiS";"CC";"2020-01-27 23:00:00+00:00";"2014-12-16 23:00:00+00:00";"39";"24";"75";"2021";"NON";"OUI";"24064";"";"";"";"2021-10-06";"136237";""
"24066";"1432";"CC";"CC";"2006-12-14 23:00:00+00:00";"2003-03-10 23:00:00+00:00";"13";"24";"75";"2021";"NON";"NON";"242401024";"";"";"";"2021-10-06";"69030";""
"24067";"3299";"PLUi/PLUiS";"CC";"2020-03-04 23:00:00+00:00";"2014-12-03 23:00:00+00:00";"39";"24";"75";"2021";"NON";"OUI";"24067";"";"";"";"2021-10-06";"136215";""
"24068";"3432";"PLU";"CC";"2009-02-23 23:00:00+00:00";"2003-07-07 22:00:00+00:00";"33";"24";"75";"2021";"NON";"NON";"200034833";"";"";"";"2021-10-06";"51589";""
"24069";"3299";"PLUi/PLUiS";"CC";"2020-01-27 23:00:00+00:00";"2014-12-16 23:00:00+00:00";"39";"24";"75";"2021";"NON";"OUI";"24069";"";"";"";"2021-10-06";"136237";""
"24070";"1499";"CC";"CC";"2015-03-22 23:00:00+00:00";"2010-09-23 22:00:00+00:00";"19";"24";"75";"2021";"NON";"NON";"200071819";"";"";"";"2021-10-06";"65624";""
"24071";"1499";"CC";"CC";"2014-11-05 23:00:00+00:00";"2010-12-13 23:00:00+00:00";"19";"24";"75";"2021";"NON";"NON";"200071819";"";"";"";"2021-10-06";"65625";""
"24073";"1432";"CC";"CC";"2004-03-14 23:00:00+00:00";"2002-05-14 22:00:00+00:00";"13";"24";"75";"2021";"NON";"NON";"200034833";"";"";"";"2021-10-06";"69032";""
"24074";"3432";"PLU";"CC";"2019-11-27 23:00:00+00:00";"2009-12-15 23:00:00+00:00";"33";"24";"75";"2021";"NON";"NON";"24074";"";"";"";"2021-10-06";"61636";""
"24075";"1432";"CC";"CC";"2015-06-22 22:00:00+00:00";"2011-06-27 22:00:00+00:00";"13";"24";"75";"2021";"NON";"NON";"24075";"";"";"";"2021-10-06";"99045";""
"24076";"3299";"PLUi/PLUiS";"CC";"2020-03-04 23:00:00+00:00";"2014-12-03 23:00:00+00:00";"39";"24";"75";"2021";"NON";"OUI";"24076";"";"";"";"2021-10-06";"136215";""
"24077";"1399";"CC";"CC";"2016-06-29 22:00:00+00:00";"2014-08-10 22:00:00+00:00";"19";"24";"75";"2021";"NON";"NON";"24077";"";"";"";"2021-10-06";"127998";""
"24080";"1432";"CC";"CC";"2018-11-11 23:00:00+00:00";"2015-12-20 23:00:00+00:00";"13";"24";"75";"2021";"NON";"NON";"200034833";"";"";"";"2021-10-06";"144396";""
"24081";"3432";"PLU";"CC";"2020-12-09 23:00:00+00:00";"2019-04-17 22:00:00+00:00";"33";"24";"75";"2021";"NON";"NON";"24081";"";"";"";"2021-10-06";"176435";""
"24082";"3432";"PLU";"CC";"2005-01-27 23:00:00+00:00";"2002-01-24 23:00:00+00:00";"33";"24";"75";"2021";"NON";"NON";"24082";"";"";"";"2021-10-06";"56647";""
"24083";"3299";"PLUi/PLUiS";"CC";"2018-09-26 22:00:00+00:00";"2013-10-29 23:00:00+00:00";"39";"24";"75";"2021";"NON";"OUI";"200034197";"";"";"";"2021-10-06";"130928";""
"24085";"1499";"CC";"CC";"2005-12-20 23:00:00+00:00";"2004-05-20 22:00:00+00:00";"19";"24";"75";"2021";"NON";"NON";"24085";"";"";"";"2021-10-06";"69037";""
"24087";"1432";"CC";"CC";"2007-06-03 22:00:00+00:00";"2002-12-18 23:00:00+00:00";"13";"24";"75";"2021";"NON";"NON";"24087";"";"";"";"2021-10-06";"69038";""
"24088";"1432";"CC";"CC";"2019-01-31 23:00:00+00:00";"2015-12-20 23:00:00+00:00";"13";"24";"75";"2021";"NON";"NON";"200034833";"";"";"";"2021-10-06";"144400";""
"24090";"1432";"CC";"CC";"2008-04-15 22:00:00+00:00";"2005-02-13 23:00:00+00:00";"13";"24";"75";"2021";"NON";"NON";"24090";"";"";"";"2021-10-06";"102044";""
"24091";"1432";"CC";"CC";"2017-05-18 22:00:00+00:00";"2005-05-22 22:00:00+00:00";"13";"24";"75";"2021";"NON";"NON";"24091";"";"";"";"2021-10-06";"67325";""
"24094";"3299";"PLUi/PLUiS";"CA";"2019-12-18 23:00:00+00:00";"2015-11-25 23:00:00+00:00";"39";"24";"75";"2021";"NON";"OUI";"200040392";"";"";"";"2021-10-06";"144355";""
"24095";"1432";"CC";"CC";"2007-10-15 22:00:00+00:00";"2003-03-30 22:00:00+00:00";"13";"24";"75";"2021";"NON";"NON";"24095";"";"";"";"2021-10-06";"14486";""
"24096";"3299";"PLUi/PLUiS";"CC";"2020-01-27 23:00:00+00:00";"2014-12-16 23:00:00+00:00";"39";"24";"75";"2021";"NON";"OUI";"24096";"";"";"";"2021-10-06";"136237";""
"24097";"1432";"CC";"CC";"2013-04-28 22:00:00+00:00";"2009-11-25 23:00:00+00:00";"13";"24";"75";"2021";"NON";"NON";"24097";"";"";"";"2021-10-06";"101545";""
"24098";"3299";"PLUi/PLUiS";"CA";"2019-12-18 23:00:00+00:00";"2015-11-25 23:00:00+00:00";"39";"24";"75";"2021";"NON";"OUI";"24098";"";"";"";"2021-10-06";"144355";""
"24100";"1414";"CC";"CC";"2016-11-03 23:00:00+00:00";"2010-09-23 22:00:00+00:00";"11";"24";"75";"2021";"NON";"NON";"200071819";"";"";"";"2021-10-06";"65630";""
"24101";"1433";"CC";"CC";"2008-06-29 22:00:00+00:00";"2002-07-11 22:00:00+00:00";"13";"24";"75";"2021";"NON";"NON";"200071819";"";"";"";"2021-10-06";"48607";""
"24102";"3299";"PLUi/PLUiS";"CA";"2019-12-18 23:00:00+00:00";"2015-11-25 23:00:00+00:00";"39";"24";"75";"2021";"NON";"OUI";"24102";"";"";"";"2021-10-06";"144355";""
"24104";"3432";"PLU";"CC";"2008-06-25 22:00:00+00:00";"2004-01-29 23:00:00+00:00";"33";"24";"75";"2021";"NON";"NON";"24104";"";"";"";"2021-10-06";"51591";""
"24105";"1432";"CC";"CC";"2008-04-15 22:00:00+00:00";"2005-02-13 23:00:00+00:00";"13";"24";"75";"2021";"NON";"NON";"24105";"";"";"";"2021-10-06";"102173";""
"24106";"3299";"PLUi/PLUiS";"CC";"2020-03-04 23:00:00+00:00";"2014-12-03 23:00:00+00:00";"39";"24";"75";"2021";"NON";"OUI";"24106";"";"";"";"2021-10-06";"136215";""
"24107";"3299";"PLUi/PLUiS";"CC";"2020-01-27 23:00:00+00:00";"2014-12-16 23:00:00+00:00";"39";"24";"75";"2021";"NON";"OUI";"24107";"";"";"";"2021-10-06";"136237";""
"24108";"3299";"PLUi/PLUiS";"CA";"2019-12-18 23:00:00+00:00";"2015-11-25 23:00:00+00:00";"39";"24";"75";"2021";"NON";"OUI";"24108";"";"";"";"2021-10-06";"144355";""
"24109";"1432";"CC";"CC";"2013-04-28 22:00:00+00:00";"2009-11-25 23:00:00+00:00";"13";"24";"75";"2021";"NON";"NON";"24109";"";"";"";"2021-10-06";"101616";""
"24110";"1432";"CC";"CC";"2011-07-21 22:00:00+00:00";"2009-11-25 23:00:00+00:00";"13";"24";"75";"2021";"NON";"NON";"24110";"";"";"";"2021-10-06";"101572";""
"24111";"3299";"PLUi/PLUiS";"CC";"2020-01-27 23:00:00+00:00";"2014-12-16 23:00:00+00:00";"39";"24";"75";"2021";"NON";"OUI";"24111";"";"";"";"2021-10-06";"136237";""
"24113";"1499";"CC";"CC";"2008-05-06 22:00:00+00:00";"2004-06-14 22:00:00+00:00";"19";"24";"75";"2021";"NON";"NON";"24113";"";"";"";"2021-10-06";"91820";""
"24115";"3299";"PLUi/PLUiS";"CA";"2019-12-18 23:00:00+00:00";"2015-11-25 23:00:00+00:00";"39";"24";"75";"2021";"NON";"OUI";"24115";"";"";"";"2021-10-06";"144355";""
"24116";"1499";"CC";"CC";"2008-01-17 23:00:00+00:00";"2001-11-11 23:00:00+00:00";"19";"24";"75";"2021";"NON";"NON";"24116";"";"";"";"2021-10-06";"69046";""
"24117";"1499";"CC";"CC";"2007-01-18 23:00:00+00:00";"2003-10-12 22:00:00+00:00";"19";"24";"75";"2021";"NON";"NON";"24117";"";"";"";"2021-10-06";"70195";""
"24119";"1432";"CC";"CC";"2016-03-02 23:00:00+00:00";"2009-11-25 23:00:00+00:00";"13";"24";"75";"2021";"NON";"NON";"24119";"";"";"";"2021-10-06";"101610";""
"24120";"1432";"CC";"CC";"2008-09-01 22:00:00+00:00";"2004-06-14 22:00:00+00:00";"13";"24";"75";"2021";"NON";"NON";"242401024";"";"";"";"2021-10-06";"91824";""
"24121";"1414";"CC";"CC";"2008-05-06 22:00:00+00:00";"2004-06-14 22:00:00+00:00";"11";"24";"75";"2021";"NON";"NON";"24121";"";"";"";"2021-10-06";"92034";""
"24123";"1399";"CC";"CC";"2016-06-29 22:00:00+00:00";"2014-08-10 22:00:00+00:00";"19";"24";"75";"2021";"NON";"NON";"24123";"";"";"";"2021-10-06";"127998";""
"24124";"1432";"CC";"CC";"2009-10-18 22:00:00+00:00";"2004-09-26 22:00:00+00:00";"13";"24";"75";"2021";"NON";"NON";"242401024";"";"";"";"2021-10-06";"70200";""
"24126";"3299";"PLUi/PLUiS";"CA";"2020-01-12 23:00:00+00:00";"2013-07-07 22:00:00+00:00";"39";"24";"75";"2021";"NON";"OUI";"200070647";"";"";"";"2021-10-06";"128219";""
"24128";"1432";"CC";"CC";"2011-04-07 22:00:00+00:00";"2010-06-30 22:00:00+00:00";"13";"24";"75";"2021";"NON";"NON";"24128";"";"";"";"2021-10-06";"102478";""
"24129";"3299";"PLUi/PLUiS";"CC";"2020-01-27 23:00:00+00:00";"2014-12-16 23:00:00+00:00";"39";"24";"75";"2021";"NON";"OUI";"24129";"";"";"";"2021-10-06";"136237";""
"24130";"3499";"PLU";"CC";"2020-02-24 23:00:00+00:00";"2014-05-22 22:00:00+00:00";"39";"24";"75";"2021";"NON";"NON";"24130";"";"";"";"2021-10-06";"147712";""
"24131";"1433";"CC";"CC";"2008-02-12 23:00:00+00:00";"2002-12-18 23:00:00+00:00";"13";"24";"75";"2021";"NON";"NON";"200071819";"";"";"";"2021-10-06";"129561";""
"24132";"1432";"CC";"CC";"2009-02-27 23:00:00+00:00";"2005-08-28 22:00:00+00:00";"13";"24";"75";"2021";"NON";"NON";"200040889";"";"";"";"2021-10-06";"102826";""
"24133";"1432";"CC";"CC";"2007-10-15 22:00:00+00:00";"2002-06-26 22:00:00+00:00";"13";"24";"75";"2021";"NON";"NON";"24133";"";"";"";"2021-10-06";"65375";""
"24134";"1432";"CC";"CC";"2011-11-20 23:00:00+00:00";"2006-07-04 22:00:00+00:00";"13";"24";"75";"2021";"NON";"NON";"242400752";"";"";"";"2021-10-06";"67256";""
"24135";"3299";"PLUi/PLUiS";"CA";"2019-12-18 23:00:00+00:00";"2015-11-25 23:00:00+00:00";"39";"24";"75";"2021";"NON";"OUI";"24135";"";"";"";"2021-10-06";"144355";""
"24136";"1499";"CC";"CC";"2008-05-06 22:00:00+00:00";"2004-06-14 22:00:00+00:00";"19";"24";"75";"2021";"NON";"NON";"24136";"";"";"";"2021-10-06";"92035";""
"24137";"1432";"CC";"CC";"2010-11-14 23:00:00+00:00";"2006-12-14 23:00:00+00:00";"13";"24";"75";"2021";"NON";"NON";"242401024";"";"";"";"2021-10-06";"103061";""
"24138";"3299";"PLUi/PLUiS";"CA";"2019-12-18 23:00:00+00:00";"2015-11-25 23:00:00+00:00";"39";"24";"75";"2021";"NON";"OUI";"24138";"";"";"";"2021-10-06";"144355";""
"24139";"3299";"PLUi/PLUiS";"CA";"2019-12-18 23:00:00+00:00";"2015-11-25 23:00:00+00:00";"39";"24";"75";"2021";"NON";"OUI";"24139";"";"";"";"2021-10-06";"144355";""
"24140";"3299";"PLUi/PLUiS";"CA";"2020-01-12 23:00:00+00:00";"2013-07-07 22:00:00+00:00";"39";"24";"75";"2021";"NON";"OUI";"200070647";"";"";"";"2021-10-06";"128219";""
"24141";"1432";"CC";"CC";"2014-01-13 23:00:00+00:00";"2009-11-25 23:00:00+00:00";"13";"24";"75";"2021";"NON";"NON";"24141";"";"";"";"2021-10-06";"101675";""
"24142";"3432";"PLU";"CC";"2016-06-05 22:00:00+00:00";"2011-04-03 22:00:00+00:00";"33";"24";"75";"2021";"NON";"NON";"24142";"";"";"";"2021-10-06";"104239";""
"24144";"1432";"CC";"CC";"2008-04-15 22:00:00+00:00";"2004-05-18 22:00:00+00:00";"13";"24";"75";"2021";"NON";"NON";"24144";"";"";"";"2021-10-06";"102177";""
"24145";"3299";"PLUi/PLUiS";"CA";"2020-01-12 23:00:00+00:00";"2013-07-07 22:00:00+00:00";"39";"24";"75";"2021";"NON";"OUI";"200070647";"";"";"";"2021-10-06";"128219";""
"24146";"3299";"PLUi/PLUiS";"CA";"2019-12-18 23:00:00+00:00";"2015-11-25 23:00:00+00:00";"39";"24";"75";"2021";"NON";"OUI";"200040392";"";"";"";"2021-10-06";"144355";""
"24147";"1432";"CC";"CC";"2009-10-20 22:00:00+00:00";"2007-09-23 22:00:00+00:00";"13";"24";"75";"2021";"NON";"NON";"242401024";"";"";"";"2021-10-06";"103062";""
"24148";"3299";"PLUi/PLUiS";"CA";"2020-01-12 23:00:00+00:00";"2013-07-07 22:00:00+00:00";"39";"24";"75";"2021";"NON";"OUI";"200070647";"";"";"";"2021-10-06";"128219";""
"24150";"1432";"CC";"CC";"2012-06-20 22:00:00+00:00";"2009-02-11 23:00:00+00:00";"13";"24";"75";"2021";"NON";"NON";"24150";"";"";"";"2021-10-06";"67330";""
"24152";"3432";"PLU";"CC";"2007-03-15 23:00:00+00:00";"2001-04-19 22:00:00+00:00";"33";"24";"75";"2021";"NON";"NON";"24152";"";"";"";"2021-10-06";"58059";""
"24153";"1499";"CC";"CC";"2003-12-04 23:00:00+00:00";"2001-12-20 23:00:00+00:00";"19";"24";"75";"2021";"NON";"NON";"24153";"";"";"";"2021-10-06";"70381";""
"24154";"1432";"CC";"CC";"2009-07-29 22:00:00+00:00";"2006-03-21 23:00:00+00:00";"13";"24";"75";"2021";"NON";"NON";"24154";"";"";"";"2021-10-06";"69053";""
"24155";"1399";"CC";"CC";"2016-06-29 22:00:00+00:00";"2014-08-10 22:00:00+00:00";"19";"24";"75";"2021";"NON";"NON";"24155";"";"";"";"2021-10-06";"127998";""
"24156";"3299";"PLUi/PLUiS";"CA";"2019-12-18 23:00:00+00:00";"2015-11-25 23:00:00+00:00";"39";"24";"75";"2021";"NON";"OUI";"24156";"";"";"";"2021-10-06";"144355";""
"24157";"3432";"PLU";"CC";"2007-10-11 22:00:00+00:00";"2004-06-24 22:00:00+00:00";"33";"24";"75";"2021";"NON";"NON";"24157";"";"";"";"2021-10-06";"102549";""
"24158";"1432";"CC";"CC";"2008-12-17 23:00:00+00:00";"2004-09-15 22:00:00+00:00";"13";"24";"75";"2021";"NON";"NON";"24158";"";"";"";"2021-10-06";"14506";""
"24159";"1432";"CC";"CC";"2013-02-07 23:00:00+00:00";"2008-07-29 22:00:00+00:00";"13";"24";"75";"2021";"NON";"NON";"24159";"";"";"";"2021-10-06";"104655";""
"24160";"3299";"PLUi/PLUiS";"CA";"2019-12-18 23:00:00+00:00";"2015-11-25 23:00:00+00:00";"39";"24";"75";"2021";"NON";"OUI";"200040392";"";"";"";"2021-10-06";"144355";""
"24161";"1399";"CC";"CC";"2016-06-29 22:00:00+00:00";"2014-08-10 22:00:00+00:00";"19";"24";"75";"2021";"NON";"NON";"200069094";"";"";"";"2021-10-06";"127998";""
"24162";"3299";"PLUi/PLUiS";"CA";"2019-12-18 23:00:00+00:00";"2015-11-25 23:00:00+00:00";"39";"24";"75";"2021";"NON";"OUI";"24162";"";"";"";"2021-10-06";"144355";""
"24163";"1499";"CC";"CC";"2008-05-06 22:00:00+00:00";"2004-02-19 23:00:00+00:00";"19";"24";"75";"2021";"NON";"NON";"200071819";"";"";"";"2021-10-06";"70208";""
"24165";"1432";"CC";"CC";"2006-02-20 23:00:00+00:00";"2003-01-26 23:00:00+00:00";"13";"24";"75";"2021";"NON";"NON";"24165";"";"";"";"2021-10-06";"14510";""
"24167";"3432";"PLU";"CC";"2019-01-20 23:00:00+00:00";"2010-12-05 23:00:00+00:00";"33";"24";"75";"2021";"NON";"NON";"200040889";"";"";"";"2021-10-06";"61643";""
"24168";"1432";"CC";"CC";"2008-12-16 23:00:00+00:00";"2005-08-28 22:00:00+00:00";"13";"24";"75";"2021";"NON";"NON";"200040889";"";"";"";"2021-10-06";"102925";""
"24171";"1432";"CC";"CC";"2012-03-11 23:00:00+00:00";"2006-07-04 22:00:00+00:00";"13";"24";"75";"2021";"NON";"NON";"242400752";"";"";"";"2021-10-06";"67332";""
"24172";"3299";"PLUi/PLUiS";"CC";"2020-03-04 23:00:00+00:00";"2014-12-03 23:00:00+00:00";"39";"24";"75";"2021";"NON";"OUI";"24172";"";"";"";"2021-10-06";"136215";""
"24174";"3299";"PLUi/PLUiS";"CC";"2020-03-04 23:00:00+00:00";"2014-12-03 23:00:00+00:00";"39";"24";"75";"2021";"NON";"OUI";"24174";"";"";"";"2021-10-06";"136215";""
"24175";"3299";"PLUi/PLUiS";"CC";"2020-03-04 23:00:00+00:00";"2014-12-03 23:00:00+00:00";"39";"24";"75";"2021";"NON";"OUI";"24175";"";"";"";"2021-10-06";"136215";""
"24176";"1432";"CC";"CC";"2017-04-06 22:00:00+00:00";"2013-05-15 22:00:00+00:00";"13";"24";"75";"2021";"NON";"NON";"200040889";"";"";"";"2021-10-06";"122441";""
"24177";"1432";"CC";"CC";"2015-09-22 22:00:00+00:00";"2013-10-23 22:00:00+00:00";"13";"24";"75";"2021";"NON";"NON";"200040889";"";"";"";"2021-10-06";"137386";""
"24179";"3499";"PLU";"CC";"2017-04-18 22:00:00+00:00";"2007-05-23 22:00:00+00:00";"39";"24";"75";"2021";"NON";"NON";"24179";"";"";"";"2021-10-06";"61645";""
"24182";"3299";"PLUi/PLUiS";"CA";"2020-01-12 23:00:00+00:00";"2013-07-07 22:00:00+00:00";"39";"24";"75";"2021";"NON";"OUI";"200070647";"";"";"";"2021-10-06";"128219";""
"24183";"3299";"PLUi/PLUiS";"CC";"2020-03-04 23:00:00+00:00";"2014-12-03 23:00:00+00:00";"39";"24";"75";"2021";"NON";"OUI";"24183";"";"";"";"2021-10-06";"136215";""
"24184";"1432";"CC";"CC";"2012-12-12 23:00:00+00:00";"2011-02-17 23:00:00+00:00";"13";"24";"75";"2021";"NON";"NON";"24184";"";"";"";"2021-10-06";"98714";""
"24186";"1432";"CC";"CC";"2007-06-04 22:00:00+00:00";"2002-09-23 22:00:00+00:00";"13";"24";"75";"2021";"NON";"NON";"200040889";"";"";"";"2021-10-06";"70218";""
"24188";"3499";"PLU";"CC";"2013-06-26 22:00:00+00:00";"2009-03-26 23:00:00+00:00";"39";"24";"75";"2021";"NON";"NON";"24188";"";"";"";"2021-10-06";"65076";""
"24189";"3299";"PLUi/PLUiS";"CC";"2018-09-26 22:00:00+00:00";"2013-10-29 23:00:00+00:00";"39";"24";"75";"2021";"NON";"OUI";"200034197";"";"";"";"2021-10-06";"130928";""
"24190";"3299";"PLUi/PLUiS";"CA";"2019-12-18 23:00:00+00:00";"2015-11-25 23:00:00+00:00";"39";"24";"75";"2021";"NON";"OUI";"200040392";"";"";"";"2021-10-06";"144355";""
"24191";"3299";"PLUi/PLUiS";"CA";"2020-01-12 23:00:00+00:00";"2013-07-07 22:00:00+00:00";"39";"24";"75";"2021";"NON";"OUI";"200070647";"";"";"";"2021-10-06";"128219";""
"24192";"1499";"CC";"CC";"2011-01-26 23:00:00+00:00";"2010-02-17 23:00:00+00:00";"19";"24";"75";"2021";"NON";"NON";"24192";"";"";"";"2021-10-06";"65641";""
"24193";"3299";"PLUi/PLUiS";"CA";"2020-01-12 23:00:00+00:00";"2013-07-07 22:00:00+00:00";"39";"24";"75";"2021";"NON";"OUI";"200070647";"";"";"";"2021-10-06";"128219";""
"24194";"3299";"PLUi/PLUiS";"CA";"2020-01-12 23:00:00+00:00";"2013-07-07 22:00:00+00:00";"39";"24";"75";"2021";"NON";"OUI";"200070647";"";"";"";"2021-10-06";"128219";""
"24195";"1432";"CC";"CC";"2010-08-29 22:00:00+00:00";"2005-07-11 22:00:00+00:00";"13";"24";"75";"2021";"NON";"NON";"200034833";"";"";"";"2021-10-06";"70221";""
"24196";"1432";"CC";"CC";"2009-10-04 22:00:00+00:00";"2005-02-20 23:00:00+00:00";"13";"24";"75";"2021";"NON";"NON";"242401024";"";"";"";"2021-10-06";"103065";""
"24197";"3299";"PLUi/PLUiS";"CA";"2020-01-12 23:00:00+00:00";"2013-07-07 22:00:00+00:00";"39";"24";"75";"2021";"NON";"OUI";"200070647";"";"";"";"2021-10-06";"128219";""
"24199";"1432";"CC";"CC";"2013-09-08 22:00:00+00:00";"2009-11-25 23:00:00+00:00";"13";"24";"75";"2021";"NON";"NON";"24199";"";"";"";"2021-10-06";"101547";""
"24200";"1432";"CC";"CC";"2006-06-18 22:00:00+00:00";"2002-01-17 23:00:00+00:00";"13";"24";"75";"2021";"NON";"NON";"24200";"";"";"";"2021-10-06";"102169";""
"24202";"1499";"CC";"CC";"2008-08-06 22:00:00+00:00";"2004-06-14 22:00:00+00:00";"19";"24";"75";"2021";"NON";"NON";"24202";"";"";"";"2021-10-06";"92036";""
"24205";"1432";"CC";"CC";"2006-06-18 22:00:00+00:00";"2003-11-09 23:00:00+00:00";"13";"24";"75";"2021";"NON";"NON";"24205";"";"";"";"2021-10-06";"65555";""
"24206";"1432";"CC";"CC";"2014-01-16 23:00:00+00:00";"2009-01-13 23:00:00+00:00";"13";"24";"75";"2021";"NON";"NON";"24206";"";"";"";"2021-10-06";"14523";""
"24207";"3432";"PLU";"CC";"2008-08-27 22:00:00+00:00";"2001-12-06 23:00:00+00:00";"33";"24";"75";"2021";"NON";"NON";"24207";"";"";"";"2021-10-06";"51606";""
"24208";"3299";"PLUi/PLUiS";"CA";"2019-12-18 23:00:00+00:00";"2015-11-25 23:00:00+00:00";"39";"24";"75";"2021";"NON";"OUI";"200040392";"";"";"";"2021-10-06";"144355";""
"24209";"1433";"CC";"CC";"2008-02-12 23:00:00+00:00";"2003-08-27 22:00:00+00:00";"13";"24";"75";"2021";"NON";"NON";"200071819";"";"";"";"2021-10-06";"14499";""
"24210";"1499";"CC";"CC";"2013-12-05 23:00:00+00:00";"2012-09-26 22:00:00+00:00";"19";"24";"75";"2021";"NON";"NON";"24210";"";"";"";"2021-10-06";"122984";""
"24211";"1399";"CC";"CC";"2016-06-29 22:00:00+00:00";"2014-08-10 22:00:00+00:00";"19";"24";"75";"2021";"NON";"NON";"24211";"";"";"";"2021-10-06";"127998";""
"24212";"1432";"CC";"CC";"2017-05-04 22:00:00+00:00";"2010-03-10 23:00:00+00:00";"13";"24";"75";"2021";"NON";"NON";"200040889";"";"";"";"2021-10-06";"102818";""
"24213";"1432";"CC";"CC";"2006-02-21 23:00:00+00:00";"2003-12-19 23:00:00+00:00";"13";"24";"75";"2021";"NON";"NON";"24213";"";"";"";"2021-10-06";"14529";""
"24214";"1433";"CC";"CC";"2013-09-18 22:00:00+00:00";"2011-02-22 23:00:00+00:00";"13";"24";"75";"2021";"NON";"NON";"200071819";"";"";"";"2021-10-06";"107868";""
"24215";"1432";"CC";"CC";"2018-04-04 22:00:00+00:00";"2011-03-14 23:00:00+00:00";"13";"24";"75";"2021";"NON";"NON";"24215";"";"";"";"2021-10-06";"137434";""
"24216";"1432";"CC";"CC";"2011-04-07 22:00:00+00:00";"2010-04-14 22:00:00+00:00";"13";"24";"75";"2021";"NON";"NON";"24216";"";"";"";"2021-10-06";"102481";""
"24217";"3299";"PLUi/PLUiS";"CC";"2020-03-04 23:00:00+00:00";"2014-12-03 23:00:00+00:00";"39";"24";"75";"2021";"NON";"OUI";"24217";"";"";"";"2021-10-06";"136215";""
"24218";"1432";"CC";"CC";"2013-01-27 23:00:00+00:00";"2010-01-28 23:00:00+00:00";"13";"24";"75";"2021";"NON";"NON";"24218";"";"";"";"2021-10-06";"65646";""
"24220";"3299";"PLUi/PLUiS";"CA";"2019-12-18 23:00:00+00:00";"2015-11-25 23:00:00+00:00";"39";"24";"75";"2021";"NON";"OUI";"200040392";"";"";"";"2021-10-06";"144355";""
"24221";"3299";"PLUi/PLUiS";"CC";"2020-01-27 23:00:00+00:00";"2014-12-16 23:00:00+00:00";"39";"24";"75";"2021";"NON";"OUI";"24221";"";"";"";"2021-10-06";"136237";""
"24222";"3299";"PLUi/PLUiS";"CA";"2020-01-12 23:00:00+00:00";"2013-07-07 22:00:00+00:00";"39";"24";"75";"2021";"NON";"OUI";"200070647";"";"";"";"2021-10-06";"128219";""
"24223";"3432";"PLU";"CC";"2009-12-01 23:00:00+00:00";"2004-05-09 22:00:00+00:00";"33";"24";"75";"2021";"NON";"NON";"200034833";"";"";"";"2021-10-06";"56915";""
"24224";"3299";"PLUi/PLUiS";"CA";"2020-01-12 23:00:00+00:00";"2013-07-07 22:00:00+00:00";"39";"24";"75";"2021";"NON";"OUI";"200070647";"";"";"";"2021-10-06";"128219";""
"24225";"3299";"PLUi/PLUiS";"CA";"2020-01-12 23:00:00+00:00";"2013-07-07 22:00:00+00:00";"39";"24";"75";"2021";"NON";"OUI";"200070647";"";"";"";"2021-10-06";"128219";""
"24226";"3299";"PLUi/PLUiS";"CC";"2018-09-26 22:00:00+00:00";"2013-10-29 23:00:00+00:00";"39";"24";"75";"2021";"NON";"OUI";"200034197";"";"";"";"2021-10-06";"130928";""
"24227";"1432";"CC";"CC";"2017-06-07 22:00:00+00:00";"2015-05-18 22:00:00+00:00";"13";"24";"75";"2021";"NON";"NON";"24227";"";"";"";"2021-10-06";"145482";""
"24228";"1432";"CC";"CC";"2007-12-10 23:00:00+00:00";"2005-03-21 23:00:00+00:00";"13";"24";"75";"2021";"NON";"NON";"200034833";"";"";"";"2021-10-06";"70235";""
"24229";"3499";"PLU";"CC";"2006-09-05 22:00:00+00:00";"2005-01-20 23:00:00+00:00";"39";"24";"75";"2021";"NON";"NON";"24229";"";"";"";"2021-10-06";"103153";""
"24230";"1432";"CC";"CC";"2004-09-08 22:00:00+00:00";"2001-12-06 23:00:00+00:00";"13";"24";"75";"2021";"NON";"NON";"24230";"";"";"";"2021-10-06";"70236";""
"24231";"1432";"CC";"CC";"2010-08-29 22:00:00+00:00";"2005-07-11 22:00:00+00:00";"13";"24";"75";"2021";"NON";"NON";"200034833";"";"";"";"2021-10-06";"70237";""
"24232";"1432";"CC";"CC";"2007-11-11 23:00:00+00:00";"2003-12-09 23:00:00+00:00";"13";"24";"75";"2021";"NON";"NON";"24232";"";"";"";"2021-10-06";"14553";""
"24234";"1499";"CC";"CC";"2019-11-26 23:00:00+00:00";"2014-09-04 22:00:00+00:00";"19";"24";"75";"2021";"NON";"NON";"200069094";"";"";"";"2021-10-06";"133090";""
"24236";"3432";"PLU";"CC";"2004-05-13 22:00:00+00:00";"2000-11-29 23:00:00+00:00";"33";"24";"75";"2021";"NON";"NON";"24236";"";"";"";"2021-10-06";"51608";""
"24237";"3299";"PLUi/PLUiS";"CA";"2020-01-12 23:00:00+00:00";"2013-07-07 22:00:00+00:00";"39";"24";"75";"2021";"NON";"OUI";"200070647";"";"";"";"2021-10-06";"128219";""
"24238";"1432";"CC";"CC";"2014-08-27 22:00:00+00:00";"2006-07-04 22:00:00+00:00";"13";"24";"75";"2021";"NON";"NON";"242400752";"";"";"";"2021-10-06";"67334";""
"24240";"3299";"PLUi/PLUiS";"CC";"2020-03-04 23:00:00+00:00";"2014-12-03 23:00:00+00:00";"39";"24";"75";"2021";"NON";"OUI";"24240";"";"";"";"2021-10-06";"136215";""
"24241";"3499";"PLU";"CC";"2013-06-26 22:00:00+00:00";"2009-01-26 23:00:00+00:00";"39";"24";"75";"2021";"NON";"NON";"24241";"";"";"";"2021-10-06";"65080";""
"24242";"1432";"CC";"CC";"2006-03-23 23:00:00+00:00";"2003-06-22 22:00:00+00:00";"13";"24";"75";"2021";"NON";"NON";"200034833";"";"";"";"2021-10-06";"69056";""
"24243";"3432";"PLU";"CC";"2008-04-09 22:00:00+00:00";"2005-02-13 23:00:00+00:00";"33";"24";"75";"2021";"NON";"NON";"24243";"";"";"";"2021-10-06";"102184";""
"24244";"1432";"CC";"CC";"2008-06-01 22:00:00+00:00";"2005-07-11 22:00:00+00:00";"13";"24";"75";"2021";"NON";"NON";"200034833";"";"";"";"2021-10-06";"69057";""
"24245";"1432";"CC";"CC";"2015-06-22 22:00:00+00:00";"2011-06-27 22:00:00+00:00";"13";"24";"75";"2021";"NON";"NON";"24245";"";"";"";"2021-10-06";"99052";""
"24246";"3299";"PLUi/PLUiS";"CA";"2020-01-12 23:00:00+00:00";"2013-07-07 22:00:00+00:00";"39";"24";"75";"2021";"NON";"OUI";"200070647";"";"";"";"2021-10-06";"128219";""
"24247";"1432";"CC";"CC";"2011-07-21 22:00:00+00:00";"2009-11-25 23:00:00+00:00";"13";"24";"75";"2021";"NON";"NON";"24247";"";"";"";"2021-10-06";"101686";""
"24248";"1433";"CC";"CC";"2008-02-12 23:00:00+00:00";"2003-08-27 22:00:00+00:00";"13";"24";"75";"2021";"NON";"NON";"200071819";"";"";"";"2021-10-06";"14562";""
"24251";"3299";"PLUi/PLUiS";"CA";"2019-12-18 23:00:00+00:00";"2015-11-25 23:00:00+00:00";"39";"24";"75";"2021";"NON";"OUI";"200040392";"";"";"";"2021-10-06";"144355";""
"24252";"1432";"CC";"CC";"2010-03-31 22:00:00+00:00";"2008-03-27 23:00:00+00:00";"13";"24";"75";"2021";"NON";"NON";"24252";"";"";"";"2021-10-06";"99562";""
"24253";"3299";"PLUi/PLUiS";"CC";"2020-01-27 23:00:00+00:00";"2014-12-16 23:00:00+00:00";"39";"24";"75";"2021";"NON";"OUI";"24253";"";"";"";"2021-10-06";"136237";""
"24254";"1432";"CC";"CC";"2007-06-03 22:00:00+00:00";"2002-09-30 22:00:00+00:00";"13";"24";"75";"2021";"NON";"NON";"24254";"";"";"";"2021-10-06";"69062";""
"24255";"1432";"CC";"CC";"2007-05-02 22:00:00+00:00";"2002-05-13 22:00:00+00:00";"13";"24";"75";"2021";"NON";"NON";"24255";"";"";"";"2021-10-06";"14566";""
"24256";"3299";"PLUi/PLUiS";"CA";"2019-12-18 23:00:00+00:00";"2015-11-25 23:00:00+00:00";"39";"24";"75";"2021";"NON";"OUI";"24256";"";"";"";"2021-10-06";"144355";""
"24257";"1432";"CC";"CC";"2009-09-23 22:00:00+00:00";"2005-07-11 22:00:00+00:00";"13";"24";"75";"2021";"NON";"NON";"200034833";"";"";"";"2021-10-06";"69064";""
"24259";"1399";"CC";"CC";"2016-06-29 22:00:00+00:00";"2014-08-10 22:00:00+00:00";"19";"24";"75";"2021";"NON";"NON";"24259";"";"";"";"2021-10-06";"127998";""
"24260";"1432";"CC";"CC";"2006-04-17 22:00:00+00:00";"2003-06-22 22:00:00+00:00";"13";"24";"75";"2021";"NON";"NON";"200034833";"";"";"";"2021-10-06";"69066";""
"24261";"3299";"PLUi/PLUiS";"CC";"2020-03-04 23:00:00+00:00";"2014-12-03 23:00:00+00:00";"39";"24";"75";"2021";"NON";"OUI";"24261";"";"";"";"2021-10-06";"136215";""
"24263";"1432";"CC";"CC";"2015-12-14 23:00:00+00:00";"2011-06-27 22:00:00+00:00";"13";"24";"75";"2021";"NON";"NON";"24263";"";"";"";"2021-10-06";"99057";""
"24264";"3432";"PLU";"CC";"2005-12-30 23:00:00+00:00";"2000-09-07 22:00:00+00:00";"33";"24";"75";"2021";"NON";"NON";"24264";"";"";"";"2021-10-06";"51612";""
"24266";"3299";"PLUi/PLUiS";"CA";"2019-12-18 23:00:00+00:00";"2015-11-25 23:00:00+00:00";"39";"24";"75";"2021";"NON";"OUI";"24266";"";"";"";"2021-10-06";"144355";""
"24267";"3299";"PLUi/PLUiS";"CA";"2020-01-12 23:00:00+00:00";"2013-07-07 22:00:00+00:00";"39";"24";"75";"2021";"NON";"OUI";"200070647";"";"";"";"2021-10-06";"128219";""
"24268";"1432";"CC";"CC";"2006-04-13 22:00:00+00:00";"2002-03-18 23:00:00+00:00";"13";"24";"75";"2021";"NON";"NON";"24268";"";"";"";"2021-10-06";"69069";""
"24269";"1432";"CC";"CC";"2008-04-16 22:00:00+00:00";"2002-07-21 22:00:00+00:00";"13";"24";"75";"2021";"NON";"NON";"24269";"";"";"";"2021-10-06";"14575";""
"24271";"1433";"CC";"CC";"2007-05-29 22:00:00+00:00";"2002-07-11 22:00:00+00:00";"13";"24";"75";"2021";"NON";"NON";"200071819";"";"";"";"2021-10-06";"14577";""
"24272";"3299";"PLUi/PLUiS";"CC";"2018-09-26 22:00:00+00:00";"2013-10-29 23:00:00+00:00";"39";"24";"75";"2021";"NON";"OUI";"200034197";"";"";"";"2021-10-06";"130928";""
"24273";"1432";"CC";"CC";"2007-02-14 23:00:00+00:00";"2004-05-26 22:00:00+00:00";"13";"24";"75";"2021";"NON";"NON";"200034833";"";"";"";"2021-10-06";"65390";""
"24274";"3299";"PLUi/PLUiS";"CA";"2020-01-12 23:00:00+00:00";"2013-07-07 22:00:00+00:00";"39";"24";"75";"2021";"NON";"OUI";"200070647";"";"";"";"2021-10-06";"128219";""
"24276";"3299";"PLUi/PLUiS";"CA";"2020-01-12 23:00:00+00:00";"2013-07-07 22:00:00+00:00";"39";"24";"75";"2021";"NON";"OUI";"200070647";"";"";"";"2021-10-06";"128219";""
"24277";"3299";"PLUi/PLUiS";"CA";"2020-01-12 23:00:00+00:00";"2013-07-07 22:00:00+00:00";"39";"24";"75";"2021";"NON";"OUI";"200070647";"";"";"";"2021-10-06";"128219";""
"24278";"1432";"CC";"CC";"2011-09-06 22:00:00+00:00";"2008-09-08 22:00:00+00:00";"13";"24";"75";"2021";"NON";"NON";"200040889";"";"";"";"2021-10-06";"102836";""
"24279";"1432";"CC";"CC";"2008-12-16 23:00:00+00:00";"2005-08-28 22:00:00+00:00";"13";"24";"75";"2021";"NON";"NON";"200040889";"";"";"";"2021-10-06";"102837";""
"24280";"3432";"PLU";"CC";"2002-02-17 23:00:00+00:00";"1990-04-08 22:00:00+00:00";"33";"24";"75";"2021";"NON";"NON";"200034833";"";"";"";"2021-10-06";"57439";""
"24281";"1432";"CC";"CC";"2011-09-14 22:00:00+00:00";"2008-09-15 22:00:00+00:00";"13";"24";"75";"2021";"NON";"NON";"200034833";"";"";"";"2021-10-06";"66781";""
"24282";"1432";"CC";"CC";"2016-11-24 23:00:00+00:00";"2011-10-12 22:00:00+00:00";"13";"24";"75";"2021";"NON";"NON";"200040889";"";"";"";"2021-10-06";"142132";""
"24284";"3499";"PLU";"CC";"2013-06-26 22:00:00+00:00";"2008-12-11 23:00:00+00:00";"39";"24";"75";"2021";"NON";"NON";"24284";"";"";"";"2021-10-06";"65083";""
"24285";"1399";"CC";"CC";"2016-06-29 22:00:00+00:00";"2014-08-10 22:00:00+00:00";"19";"24";"75";"2021";"NON";"NON";"24285";"";"";"";"2021-10-06";"127998";""
"24286";"3432";"PLU";"CC";"2008-06-11 22:00:00+00:00";"2005-02-13 23:00:00+00:00";"33";"24";"75";"2021";"NON";"NON";"24286";"";"";"";"2021-10-06";"102181";""
"24287";"1432";"CC";"CC";"2010-07-26 22:00:00+00:00";"2009-02-09 23:00:00+00:00";"13";"24";"75";"2021";"NON";"NON";"200040889";"";"";"";"2021-10-06";"102839";""
"24288";"3299";"PLUi/PLUiS";"CC";"2018-09-26 22:00:00+00:00";"2013-10-29 23:00:00+00:00";"39";"24";"75";"2021";"NON";"OUI";"200034197";"";"";"";"2021-10-06";"130928";""
"24289";"3299";"PLUi/PLUiS";"CC";"2018-09-26 22:00:00+00:00";"2013-10-29 23:00:00+00:00";"39";"24";"75";"2021";"NON";"OUI";"200034197";"";"";"";"2021-10-06";"130928";""
"24291";"3299";"PLUi/PLUiS";"CC";"2020-03-04 23:00:00+00:00";"2014-12-03 23:00:00+00:00";"39";"24";"75";"2021";"NON";"OUI";"24291";"";"";"";"2021-10-06";"136215";""
"24292";"3299";"PLUi/PLUiS";"CC";"2018-09-26 22:00:00+00:00";"2013-10-29 23:00:00+00:00";"39";"24";"75";"2021";"NON";"OUI";"200034197";"";"";"";"2021-10-06";"130928";""
"24293";"1432";"CC";"CC";"2012-10-07 22:00:00+00:00";"2009-07-07 22:00:00+00:00";"13";"24";"75";"2021";"NON";"NON";"24293";"";"";"";"2021-10-06";"14581";""
"24294";"3432";"PLU";"CC";"2009-04-01 22:00:00+00:00";"2000-05-17 22:00:00+00:00";"33";"24";"75";"2021";"NON";"NON";"24294";"";"";"";"2021-10-06";"51616";""
"24295";"3432";"PLU";"CC";"2007-02-01 23:00:00+00:00";"2001-09-09 22:00:00+00:00";"33";"24";"75";"2021";"NON";"NON";"24295";"";"";"";"2021-10-06";"51617";""
"24296";"3299";"PLUi/PLUiS";"CA";"2020-01-12 23:00:00+00:00";"2013-07-07 22:00:00+00:00";"39";"24";"75";"2021";"NON";"OUI";"200070647";"";"";"";"2021-10-06";"128219";""
"24297";"3432";"PLU";"CC";"2008-02-20 23:00:00+00:00";"2004-02-25 23:00:00+00:00";"33";"24";"75";"2021";"NON";"NON";"24297";"";"";"";"2021-10-06";"51621";""
"24299";"3499";"PLU";"CC";"2012-10-22 22:00:00+00:00";"2005-10-18 22:00:00+00:00";"39";"24";"75";"2021";"NON";"NON";"200069094";"";"";"";"2021-10-06";"61656";""
"24300";"1432";"CC";"CC";"2010-03-07 23:00:00+00:00";"2001-12-01 23:00:00+00:00";"13";"24";"75";"2021";"NON";"NON";"24300";"";"";"";"2021-10-06";"14587";""
"24301";"1432";"CC";"CC";"2009-06-18 22:00:00+00:00";"2005-02-02 23:00:00+00:00";"13";"24";"75";"2021";"NON";"NON";"24301";"";"";"";"2021-10-06";"70250";""
"24302";"1414";"CC";"CC";"2008-09-01 22:00:00+00:00";"2004-06-14 22:00:00+00:00";"11";"24";"75";"2021";"NON";"NON";"24302";"";"";"";"2021-10-06";"92038";""
"24303";"1432";"CC";"CC";"2016-03-02 23:00:00+00:00";"2011-11-16 23:00:00+00:00";"13";"24";"75";"2021";"NON";"NON";"24303";"";"";"";"2021-10-06";"101636";""
"24304";"1432";"CC";"CC";"2013-02-14 23:00:00+00:00";"2006-07-04 22:00:00+00:00";"13";"24";"75";"2021";"NON";"NON";"242400752";"";"";"";"2021-10-06";"67337";""
"24305";"1432";"CC";"CC";"2012-06-03 22:00:00+00:00";"2006-07-04 22:00:00+00:00";"13";"24";"75";"2021";"NON";"NON";"242400752";"";"";"";"2021-10-06";"67338";""
"24306";"3299";"PLUi/PLUiS";"CC";"2018-09-26 22:00:00+00:00";"2013-10-29 23:00:00+00:00";"39";"24";"75";"2021";"NON";"OUI";"200034197";"";"";"";"2021-10-06";"130928";""
"24307";"1432";"CC";"CC";"2012-05-14 22:00:00+00:00";"2008-08-27 22:00:00+00:00";"13";"24";"75";"2021";"NON";"NON";"200034833";"";"";"";"2021-10-06";"66782";""
"24308";"1432";"CC";"CC";"2017-06-25 22:00:00+00:00";"2014-04-23 22:00:00+00:00";"13";"24";"75";"2021";"NON";"NON";"242400752";"";"";"";"2021-10-06";"65557";""
"24309";"3432";"PLU";"CC";"2013-02-24 23:00:00+00:00";"2004-06-24 22:00:00+00:00";"33";"24";"75";"2021";"NON";"NON";"24309";"";"";"";"2021-10-06";"102539";""
"24311";"3433";"PLU";"CC";"2005-05-13 22:00:00+00:00";"2000-12-07 23:00:00+00:00";"33";"24";"75";"2021";"NON";"NON";"200071819";"";"";"";"2021-10-06";"101948";""
"24312";"3299";"PLUi/PLUiS";"CA";"2019-12-18 23:00:00+00:00";"2015-11-25 23:00:00+00:00";"39";"24";"75";"2021";"NON";"OUI";"24312";"";"";"";"2021-10-06";"144355";""
"24313";"1432";"CC";"CC";"2015-10-22 22:00:00+00:00";"2011-06-27 22:00:00+00:00";"13";"24";"75";"2021";"NON";"NON";"24313";"";"";"";"2021-10-06";"99062";""
"24314";"1432";"CC";"CC";"2004-11-25 23:00:00+00:00";"2001-09-30 22:00:00+00:00";"13";"24";"75";"2021";"NON";"NON";"24314";"";"";"";"2021-10-06";"69073";""
"24316";"1199";"CC";"COM";"2009-05-25 22:00:00+00:00";"2007-01-24 23:00:00+00:00";"19";"24";"75";"2021";"NON";"NON";"24316";"";"";"";"2021-10-06";"69074";""
"24317";"1432";"CC";"CC";"2008-09-04 22:00:00+00:00";"2004-12-19 23:00:00+00:00";"13";"24";"75";"2021";"NON";"NON";"24317";"";"";"";"2021-10-06";"69075";""
"24318";"3299";"PLUi/PLUiS";"CA";"2019-12-18 23:00:00+00:00";"2015-11-25 23:00:00+00:00";"39";"24";"75";"2021";"NON";"OUI";"200040392";"";"";"";"2021-10-06";"144355";""
"24319";"1432";"CC";"CC";"2009-09-21 22:00:00+00:00";"2002-04-11 22:00:00+00:00";"13";"24";"75";"2021";"NON";"NON";"24319";"";"";"";"2021-10-06";"102175";""
"24320";"1432";"CC";"CC";"2012-08-02 22:00:00+00:00";"2009-02-04 23:00:00+00:00";"13";"24";"75";"2021";"NON";"NON";"24320";"";"";"";"2021-10-06";"102007";""
"24321";"3499";"PLU";"CC";"2012-02-29 23:00:00+00:00";"2002-07-14 22:00:00+00:00";"39";"24";"75";"2021";"NON";"NON";"24321";"";"";"";"2021-10-06";"49332";""
"24322";"3299";"PLUi/PLUiS";"CA";"2019-12-18 23:00:00+00:00";"2015-11-25 23:00:00+00:00";"39";"24";"75";"2021";"NON";"OUI";"24322";"";"";"";"2021-10-06";"144355";""
"24323";"1432";"CC";"CC";"2011-04-07 22:00:00+00:00";"2010-07-28 22:00:00+00:00";"13";"24";"75";"2021";"NON";"NON";"24323";"";"";"";"2021-10-06";"102480";""
"24324";"1499";"CC";"CC";"2014-03-18 23:00:00+00:00";"2008-11-05 23:00:00+00:00";"19";"24";"75";"2021";"NON";"NON";"24324";"";"";"";"2021-10-06";"109177";""
"24326";"3299";"PLUi/PLUiS";"CC";"2020-03-04 23:00:00+00:00";"2014-12-03 23:00:00+00:00";"39";"24";"75";"2021";"NON";"OUI";"24326";"";"";"";"2021-10-06";"136215";""
"24327";"1432";"CC";"CC";"2006-03-23 23:00:00+00:00";"2003-06-22 22:00:00+00:00";"13";"24";"75";"2021";"NON";"NON";"200034833";"";"";"";"2021-10-06";"69078";""
"24328";"3499";"PLU";"CC";"2008-04-16 22:00:00+00:00";"2006-04-05 22:00:00+00:00";"39";"24";"75";"2021";"NON";"NON";"200071819";"";"";"";"2021-10-06";"101914";""
"24329";"1432";"CC";"CC";"2008-04-10 22:00:00+00:00";"2003-06-03 22:00:00+00:00";"13";"24";"75";"2021";"NON";"NON";"24329";"";"";"";"2021-10-06";"69079";""
"24330";"3299";"PLUi/PLUiS";"CC";"2020-03-04 23:00:00+00:00";"2014-12-03 23:00:00+00:00";"39";"24";"75";"2021";"NON";"OUI";"24330";"";"";"";"2021-10-06";"136215";""
"24331";"3299";"PLUi/PLUiS";"CA";"2020-01-12 23:00:00+00:00";"2013-07-07 22:00:00+00:00";"39";"24";"75";"2021";"NON";"OUI";"200070647";"";"";"";"2021-10-06";"128219";""
"24334";"1432";"CC";"CC";"2010-12-15 23:00:00+00:00";"2008-06-15 22:00:00+00:00";"13";"24";"75";"2021";"NON";"NON";"200034833";"";"";"";"2021-10-06";"69081";""
"24335";"3299";"PLUi/PLUiS";"CC";"2019-11-27 23:00:00+00:00";"2017-10-25 22:00:00+00:00";"39";"24";"75";"2021";"NON";"OUI";"24335";"";"";"";"2021-10-06";"149052";""
"24336";"1432";"CC";"CC";"2018-04-04 22:00:00+00:00";"2011-05-11 22:00:00+00:00";"13";"24";"75";"2021";"NON";"NON";"24336";"";"";"";"2021-10-06";"105015";""
"24337";"1432";"CC";"CC";"2007-11-11 23:00:00+00:00";"2003-12-09 23:00:00+00:00";"13";"24";"75";"2021";"NON";"NON";"24337";"";"";"";"2021-10-06";"69083";""
"24338";"1432";"CC";"CC";"2020-01-09 23:00:00+00:00";"2016-09-19 22:00:00+00:00";"13";"24";"75";"2021";"NON";"NON";"200034833";"";"";"";"2021-10-06";"158382";""
"24339";"1432";"CC";"CC";"2009-09-28 22:00:00+00:00";"2004-11-11 23:00:00+00:00";"13";"24";"75";"2021";"NON";"NON";"24339";"";"";"";"2021-10-06";"14598";""
"24340";"3299";"PLUi/PLUiS";"CA";"2020-01-12 23:00:00+00:00";"2013-07-07 22:00:00+00:00";"39";"24";"75";"2021";"NON";"OUI";"200070647";"";"";"";"2021-10-06";"128219";""
"24341";"1432";"CC";"CC";"2010-09-22 22:00:00+00:00";"2009-05-04 22:00:00+00:00";"13";"24";"75";"2021";"NON";"NON";"24341";"";"";"";"2021-10-06";"99612";""
"24345";"3299";"PLUi/PLUiS";"CA";"2020-01-12 23:00:00+00:00";"2013-07-07 22:00:00+00:00";"39";"24";"75";"2021";"NON";"OUI";"200070647";"";"";"";"2021-10-06";"128219";""
"24346";"3299";"PLUi/PLUiS";"CC";"2020-01-27 23:00:00+00:00";"2014-12-16 23:00:00+00:00";"39";"24";"75";"2021";"NON";"OUI";"24346";"";"";"";"2021-10-06";"136237";""
"24347";"1432";"CC";"CC";"2014-08-24 22:00:00+00:00";"2008-10-22 22:00:00+00:00";"13";"24";"75";"2021";"NON";"NON";"200034833";"";"";"";"2021-10-06";"66785";""
"24348";"1432";"CC";"CC";"2007-02-14 23:00:00+00:00";"2002-09-13 22:00:00+00:00";"13";"24";"75";"2021";"NON";"NON";"200040889";"";"";"";"2021-10-06";"70256";""
"24349";"3299";"PLUi/PLUiS";"CA";"2020-01-12 23:00:00+00:00";"2013-07-07 22:00:00+00:00";"39";"24";"75";"2021";"NON";"OUI";"200070647";"";"";"";"2021-10-06";"128219";""
"24350";"3299";"PLUi/PLUiS";"CA";"2019-12-18 23:00:00+00:00";"2015-11-25 23:00:00+00:00";"39";"24";"75";"2021";"NON";"OUI";"24350";"";"";"";"2021-10-06";"144355";""
"24351";"3299";"PLUi/PLUiS";"CA";"2020-01-12 23:00:00+00:00";"2013-07-07 22:00:00+00:00";"39";"24";"75";"2021";"NON";"OUI";"200070647";"";"";"";"2021-10-06";"128219";""
"24352";"3432";"PLU";"CC";"2008-02-14 23:00:00+00:00";"2004-09-15 22:00:00+00:00";"33";"24";"75";"2021";"NON";"NON";"24352";"";"";"";"2021-10-06";"102482";""
"24353";"3299";"PLUi/PLUiS";"CC";"2020-01-27 23:00:00+00:00";"2014-12-16 23:00:00+00:00";"39";"24";"75";"2021";"NON";"OUI";"24353";"";"";"";"2021-10-06";"136237";""
"24354";"3199";"PLU";"COM";"2015-11-29 23:00:00+00:00";"2011-02-02 23:00:00+00:00";"39";"24";"75";"2021";"NON";"NON";"24354";"";"";"";"2021-10-06";"102270";""
"24355";"1432";"CC";"CC";"2006-10-10 22:00:00+00:00";"2003-07-24 22:00:00+00:00";"13";"24";"75";"2021";"NON";"NON";"24355";"";"";"";"2021-10-06";"14548";""
"24356";"3299";"PLUi/PLUiS";"CC";"2020-03-04 23:00:00+00:00";"2014-12-03 23:00:00+00:00";"39";"24";"75";"2021";"NON";"OUI";"24356";"";"";"";"2021-10-06";"136215";""
"24357";"3299";"PLUi/PLUiS";"CA";"2020-01-12 23:00:00+00:00";"2013-07-07 22:00:00+00:00";"39";"24";"75";"2021";"NON";"OUI";"200070647";"";"";"";"2021-10-06";"128219";""
"24359";"1432";"CC";"CC";"2007-02-14 23:00:00+00:00";"2002-09-23 22:00:00+00:00";"13";"24";"75";"2021";"NON";"NON";"200040889";"";"";"";"2021-10-06";"70262";""
"24361";"1432";"CC";"CC";"2006-03-23 23:00:00+00:00";"2003-06-22 22:00:00+00:00";"13";"24";"75";"2021";"NON";"NON";"200034833";"";"";"";"2021-10-06";"70263";""
"24362";"3299";"PLUi/PLUiS";"CA";"2019-12-18 23:00:00+00:00";"2015-11-25 23:00:00+00:00";"39";"24";"75";"2021";"NON";"OUI";"200040392";"";"";"";"2021-10-06";"144355";""
"24364";"3299";"PLUi/PLUiS";"CC";"2020-03-04 23:00:00+00:00";"2014-12-03 23:00:00+00:00";"39";"24";"75";"2021";"NON";"OUI";"24364";"";"";"";"2021-10-06";"136215";""
"24365";"3299";"PLUi/PLUiS";"CA";"2019-12-18 23:00:00+00:00";"2015-11-25 23:00:00+00:00";"39";"24";"75";"2021";"NON";"OUI";"200040392";"";"";"";"2021-10-06";"144355";""
"24366";"1432";"CC";"CC";"2009-05-18 22:00:00+00:00";"2001-12-11 23:00:00+00:00";"13";"24";"75";"2021";"NON";"NON";"24366";"";"";"";"2021-10-06";"14609";""
"24367";"1432";"CC";"CC";"2011-06-23 22:00:00+00:00";"2009-01-28 23:00:00+00:00";"13";"24";"75";"2021";"NON";"NON";"24367";"";"";"";"2021-10-06";"102484";""
"24370";"3299";"PLUi/PLUiS";"CC";"2018-09-26 22:00:00+00:00";"2013-10-29 23:00:00+00:00";"39";"24";"75";"2021";"NON";"OUI";"200034197";"";"";"";"2021-10-06";"130928";""
"24371";"1432";"CC";"CC";"2008-09-23 22:00:00+00:00";"2004-03-02 23:00:00+00:00";"13";"24";"75";"2021";"NON";"NON";"24371";"";"";"";"2021-10-06";"14611";""
"24372";"3432";"PLU";"CC";"2008-04-17 22:00:00+00:00";"2001-09-06 22:00:00+00:00";"33";"24";"75";"2021";"NON";"NON";"24372";"";"";"";"2021-10-06";"56941";""
"24373";"1432";"CC";"CC";"2007-06-04 22:00:00+00:00";"2002-09-23 22:00:00+00:00";"13";"24";"75";"2021";"NON";"NON";"200040889";"";"";"";"2021-10-06";"70266";""
"24374";"1432";"CC";"CC";"2005-08-03 22:00:00+00:00";"2002-09-26 22:00:00+00:00";"13";"24";"75";"2021";"NON";"NON";"200040889";"";"";"";"2021-10-06";"102927";""
"24375";"1432";"CC";"CC";"2008-01-15 23:00:00+00:00";"2004-01-13 23:00:00+00:00";"13";"24";"75";"2021";"NON";"NON";"24375";"";"";"";"2021-10-06";"14613";""
"24376";"3199";"PLU";"COM";"2013-09-05 22:00:00+00:00";"2009-12-03 23:00:00+00:00";"39";"24";"75";"2021";"NON";"NON";"24376";"";"";"";"2021-10-06";"102271";""
"24377";"3299";"PLUi/PLUiS";"CC";"2020-03-04 23:00:00+00:00";"2014-12-03 23:00:00+00:00";"39";"24";"75";"2021";"NON";"OUI";"24377";"";"";"";"2021-10-06";"136215";""
"24378";"1432";"CC";"CC";"2010-08-29 22:00:00+00:00";"2005-07-11 22:00:00+00:00";"13";"24";"75";"2021";"NON";"NON";"200034833";"";"";"";"2021-10-06";"70269";""
"24379";"1432";"CC";"CC";"2008-10-06 22:00:00+00:00";"2007-03-22 23:00:00+00:00";"13";"24";"75";"2021";"NON";"NON";"200034833";"";"";"";"2021-10-06";"70270";""
"24380";"1432";"CC";"CC";"2006-02-20 23:00:00+00:00";"2003-01-26 23:00:00+00:00";"13";"24";"75";"2021";"NON";"NON";"24380";"";"";"";"2021-10-06";"14616";""
"24381";"1414";"CC";"CC";"2014-04-07 22:00:00+00:00";"2010-09-23 22:00:00+00:00";"11";"24";"75";"2021";"NON";"NON";"200071819";"";"";"";"2021-10-06";"65655";""
"24382";"1432";"CC";"CC";"2006-03-23 23:00:00+00:00";"2003-06-22 22:00:00+00:00";"13";"24";"75";"2021";"NON";"NON";"200034833";"";"";"";"2021-10-06";"70271";""
"24383";"1432";"CC";"CC";"2007-02-14 23:00:00+00:00";"2002-09-23 22:00:00+00:00";"13";"24";"75";"2021";"NON";"NON";"200040889";"";"";"";"2021-10-06";"70272";""
"24384";"1432";"CC";"CC";"2018-06-03 22:00:00+00:00";"2015-12-20 23:00:00+00:00";"13";"24";"75";"2021";"NON";"NON";"200034833";"";"";"";"2021-10-06";"144401";""
"24385";"1432";"CC";"CC";"2008-10-06 22:00:00+00:00";"2005-08-28 22:00:00+00:00";"13";"24";"75";"2021";"NON";"NON";"200040889";"";"";"";"2021-10-06";"102928";""
"24386";"1432";"CC";"CC";"2015-06-22 22:00:00+00:00";"2011-06-27 22:00:00+00:00";"13";"24";"75";"2021";"NON";"NON";"24386";"";"";"";"2021-10-06";"99069";""
"24388";"3299";"PLUi/PLUiS";"CC";"2020-03-04 23:00:00+00:00";"2014-12-03 23:00:00+00:00";"39";"24";"75";"2021";"NON";"OUI";"24388";"";"";"";"2021-10-06";"136215";""
"24390";"3299";"PLUi/PLUiS";"CA";"2019-12-18 23:00:00+00:00";"2015-11-25 23:00:00+00:00";"39";"24";"75";"2021";"NON";"OUI";"24390";"";"";"";"2021-10-06";"144355";""
"24392";"1432";"CC";"CC";"2014-05-26 22:00:00+00:00";"2011-10-10 22:00:00+00:00";"13";"24";"75";"2021";"NON";"NON";"24392";"";"";"";"2021-10-06";"106848";""
"24393";"1432";"CC";"CC";"2013-03-27 23:00:00+00:00";"2009-08-28 22:00:00+00:00";"13";"24";"75";"2021";"NON";"NON";"200034833";"";"";"";"2021-10-06";"66787";""
"24394";"3299";"PLUi/PLUiS";"CC";"2020-01-27 23:00:00+00:00";"2014-12-16 23:00:00+00:00";"39";"24";"75";"2021";"NON";"OUI";"24394";"";"";"";"2021-10-06";"136237";""
"24395";"1432";"CC";"CC";"2012-07-11 22:00:00+00:00";"2008-01-21 23:00:00+00:00";"13";"24";"75";"2021";"NON";"NON";"24395";"";"";"";"2021-10-06";"65656";""
"24396";"1432";"CC";"CC";"2004-12-05 23:00:00+00:00";"2003-10-02 22:00:00+00:00";"13";"24";"75";"2021";"NON";"NON";"24396";"";"";"";"2021-10-06";"70382";""
"24397";"1432";"CC";"CC";"2008-12-17 23:00:00+00:00";"2004-09-15 22:00:00+00:00";"13";"24";"75";"2021";"NON";"NON";"24397";"";"";"";"2021-10-06";"14624";""
"24398";"1499";"CC";"CC";"2013-12-22 23:00:00+00:00";"2010-09-23 22:00:00+00:00";"19";"24";"75";"2021";"NON";"NON";"200071819";"";"";"";"2021-10-06";"65657";""
"24401";"1414";"CC";"CC";"2008-09-01 22:00:00+00:00";"2004-06-14 22:00:00+00:00";"11";"24";"75";"2021";"NON";"NON";"24401";"";"";"";"2021-10-06";"92039";""
"24403";"3299";"PLUi/PLUiS";"CC";"2020-01-27 23:00:00+00:00";"2014-12-16 23:00:00+00:00";"39";"24";"75";"2021";"NON";"OUI";"24403";"";"";"";"2021-10-06";"136237";""
"24404";"3299";"PLUi/PLUiS";"CC";"2020-03-04 23:00:00+00:00";"2014-12-03 23:00:00+00:00";"39";"24";"75";"2021";"NON";"OUI";"24404";"";"";"";"2021-10-06";"136215";""
"24405";"1432";"CC";"CC";"2006-03-23 23:00:00+00:00";"2003-06-22 22:00:00+00:00";"13";"24";"75";"2021";"NON";"NON";"200034833";"";"";"";"2021-10-06";"69090";""
"24406";"1432";"CC";"CC";"2020-08-20 22:00:00+00:00";"2018-10-30 23:00:00+00:00";"13";"24";"75";"2021";"NON";"NON";"24406";"";"";"";"2021-10-06";"176440";""
"24407";"1432";"CC";"CC";"2006-04-17 22:00:00+00:00";"2003-06-22 22:00:00+00:00";"13";"24";"75";"2021";"NON";"NON";"200034833";"";"";"";"2021-10-06";"69091";""
"24408";"1432";"CC";"CC";"2012-12-27 23:00:00+00:00";"2010-02-14 23:00:00+00:00";"13";"24";"75";"2021";"NON";"NON";"242400752";"";"";"";"2021-10-06";"101494";""
"24409";"1499";"CC";"CC";"2010-09-30 22:00:00+00:00";"2009-02-16 23:00:00+00:00";"19";"24";"75";"2021";"NON";"NON";"200069094";"";"";"";"2021-10-06";"69092";""
"24410";"1433";"CC";"CC";"2015-11-05 23:00:00+00:00";"2011-09-18 22:00:00+00:00";"13";"24";"75";"2021";"NON";"NON";"200071819";"";"";"";"2021-10-06";"94803";""
"24411";"1433";"CC";"CC";"2008-02-12 23:00:00+00:00";"2003-08-27 22:00:00+00:00";"13";"24";"75";"2021";"NON";"NON";"200071819";"";"";"";"2021-10-06";"14639";""
"24412";"3432";"PLU";"CC";"2018-09-26 22:00:00+00:00";"2008-06-18 22:00:00+00:00";"33";"24";"75";"2021";"NON";"NON";"24412";"";"";"";"2021-10-06";"49336";""
"24413";"3299";"PLUi/PLUiS";"CA";"2020-01-12 23:00:00+00:00";"2013-07-07 22:00:00+00:00";"39";"24";"75";"2021";"NON";"OUI";"200070647";"";"";"";"2021-10-06";"128219";""
"24414";"1399";"CC";"CC";"2016-06-29 22:00:00+00:00";"2014-08-10 22:00:00+00:00";"19";"24";"75";"2021";"NON";"NON";"24414";"";"";"";"2021-10-06";"127998";""
"24415";"3299";"PLUi/PLUiS";"CC";"2018-09-26 22:00:00+00:00";"2013-10-29 23:00:00+00:00";"39";"24";"75";"2021";"NON";"OUI";"200034197";"";"";"";"2021-10-06";"130928";""
"24416";"1432";"CC";"CC";"2014-01-07 23:00:00+00:00";"2012-03-21 23:00:00+00:00";"13";"24";"75";"2021";"NON";"NON";"24416";"";"";"";"2021-10-06";"122985";""
"24418";"3432";"PLU";"CC";"2008-06-25 22:00:00+00:00";"2004-09-29 22:00:00+00:00";"33";"24";"75";"2021";"NON";"NON";"24418";"";"";"";"2021-10-06";"51632";""
"24419";"3299";"PLUi/PLUiS";"CA";"2020-01-12 23:00:00+00:00";"2013-07-07 22:00:00+00:00";"39";"24";"75";"2021";"NON";"OUI";"200070647";"";"";"";"2021-10-06";"128219";""
"24420";"3299";"PLUi/PLUiS";"CA";"2020-01-12 23:00:00+00:00";"2013-07-07 22:00:00+00:00";"39";"24";"75";"2021";"NON";"OUI";"200070647";"";"";"";"2021-10-06";"128219";""
"24421";"3299";"PLUi/PLUiS";"CA";"2019-12-18 23:00:00+00:00";"2015-11-25 23:00:00+00:00";"39";"24";"75";"2021";"NON";"OUI";"24421";"";"";"";"2021-10-06";"144355";""
"24422";"1399";"CC";"CC";"2016-06-29 22:00:00+00:00";"2014-08-10 22:00:00+00:00";"19";"24";"75";"2021";"NON";"NON";"24422";"";"";"";"2021-10-06";"127998";""
"24423";"1432";"CC";"CC";"2012-12-27 23:00:00+00:00";"2008-07-03 22:00:00+00:00";"13";"24";"75";"2021";"NON";"NON";"200040889";"";"";"";"2021-10-06";"102800";""
"24424";"1432";"CC";"CC";"2008-07-17 22:00:00+00:00";"2004-06-24 22:00:00+00:00";"13";"24";"75";"2021";"NON";"NON";"24424";"";"";"";"2021-10-06";"102550";""
"24425";"1432";"CC";"CC";"2011-08-10 22:00:00+00:00";"2006-07-04 22:00:00+00:00";"13";"24";"75";"2021";"NON";"NON";"242400752";"";"";"";"2021-10-06";"14647";""
"24426";"1399";"CC";"CC";"2016-06-29 22:00:00+00:00";"2014-08-10 22:00:00+00:00";"19";"24";"75";"2021";"NON";"NON";"200069094";"";"";"";"2021-10-06";"127998";""
"24428";"1432";"CC";"CC";"2012-08-09 22:00:00+00:00";"2010-01-15 23:00:00+00:00";"13";"24";"75";"2021";"NON";"NON";"24428";"";"";"";"2021-10-06";"65659";""
"24432";"3432";"PLU";"CC";"2013-09-23 22:00:00+00:00";"2009-11-03 23:00:00+00:00";"33";"24";"75";"2021";"NON";"NON";"24432";"";"";"";"2021-10-06";"61668";""
"24434";"1432";"CC";"CC";"2010-02-19 23:00:00+00:00";"2005-02-13 23:00:00+00:00";"13";"24";"75";"2021";"NON";"NON";"24434";"";"";"";"2021-10-06";"102171";""
"24436";"1499";"CC";"CC";"2010-11-01 23:00:00+00:00";"2010-04-21 22:00:00+00:00";"19";"24";"75";"2021";"NON";"NON";"200069094";"";"";"";"2021-10-06";"70293";""
"24437";"3299";"PLUi/PLUiS";"CA";"2020-01-12 23:00:00+00:00";"2013-07-07 22:00:00+00:00";"39";"24";"75";"2021";"NON";"OUI";"200070647";"";"";"";"2021-10-06";"128219";""
"24438";"1432";"CC";"CC";"2007-05-02 22:00:00+00:00";"2003-10-15 22:00:00+00:00";"13";"24";"75";"2021";"NON";"NON";"24438";"";"";"";"2021-10-06";"14660";""
"24441";"1432";"CC";"CC";"2011-09-06 22:00:00+00:00";"2009-03-04 23:00:00+00:00";"13";"24";"75";"2021";"NON";"NON";"200040889";"";"";"";"2021-10-06";"102929";""
"24442";"3432";"PLU";"CC";"2014-12-17 23:00:00+00:00";"2009-01-27 23:00:00+00:00";"33";"24";"75";"2021";"NON";"NON";"24442";"";"";"";"2021-10-06";"61665";""
"24443";"3299";"PLUi/PLUiS";"CC";"2020-03-04 23:00:00+00:00";"2014-12-03 23:00:00+00:00";"39";"24";"75";"2021";"NON";"OUI";"24443";"";"";"";"2021-10-06";"136215";""
"24445";"1432";"CC";"CC";"2006-03-23 23:00:00+00:00";"2003-06-22 22:00:00+00:00";"13";"24";"75";"2021";"NON";"NON";"200034833";"";"";"";"2021-10-06";"70296";""
"24446";"1432";"CC";"CC";"2011-03-01 23:00:00+00:00";"2005-07-11 22:00:00+00:00";"13";"24";"75";"2021";"NON";"NON";"200034833";"";"";"";"2021-10-06";"67345";""
"24448";"1432";"CC";"CC";"2013-07-09 22:00:00+00:00";"2010-10-25 22:00:00+00:00";"13";"24";"75";"2021";"NON";"NON";"242401024";"";"";"";"2021-10-06";"103066";""
"24449";"3432";"PLU";"CC";"2011-10-19 22:00:00+00:00";"2004-10-08 22:00:00+00:00";"33";"24";"75";"2021";"NON";"NON";"24449";"";"";"";"2021-10-06";"49338";""
"24450";"1432";"CC";"CC";"2005-05-26 22:00:00+00:00";"2002-12-09 23:00:00+00:00";"13";"24";"75";"2021";"NON";"NON";"24450";"";"";"";"2021-10-06";"65562";""
"24451";"3433";"PLU";"CC";"2008-12-17 23:00:00+00:00";"2005-12-27 23:00:00+00:00";"33";"24";"75";"2021";"NON";"NON";"200071819";"";"";"";"2021-10-06";"101951";""
"24452";"1432";"CC";"CC";"2014-01-13 23:00:00+00:00";"2009-11-25 23:00:00+00:00";"13";"24";"75";"2021";"NON";"NON";"24452";"";"";"";"2021-10-06";"101659";""
"24453";"1432";"CC";"CC";"2012-09-09 22:00:00+00:00";"2006-07-04 22:00:00+00:00";"13";"24";"75";"2021";"NON";"NON";"242400752";"";"";"";"2021-10-06";"49339";""
"24454";"3299";"PLUi/PLUiS";"CC";"2018-09-26 22:00:00+00:00";"2013-10-29 23:00:00+00:00";"39";"24";"75";"2021";"NON";"OUI";"200034197";"";"";"";"2021-10-06";"130928";""
"24455";"1432";"CC";"CC";"2009-02-12 23:00:00+00:00";"2005-06-20 22:00:00+00:00";"13";"24";"75";"2021";"NON";"NON";"24455";"";"";"";"2021-10-06";"102487";""
"24456";"1399";"CC";"CC";"2016-06-29 22:00:00+00:00";"2014-08-10 22:00:00+00:00";"19";"24";"75";"2021";"NON";"NON";"24456";"";"";"";"2021-10-06";"127998";""
"24457";"1499";"CC";"CC";"2008-03-12 23:00:00+00:00";"2005-04-05 22:00:00+00:00";"19";"24";"75";"2021";"NON";"NON";"200069094";"";"";"";"2021-10-06";"70300";""
"24458";"1433";"CC";"CC";"2014-02-03 23:00:00+00:00";"2011-11-22 23:00:00+00:00";"13";"24";"75";"2021";"NON";"NON";"200071819";"";"";"";"2021-10-06";"107867";""
"24459";"3299";"PLUi/PLUiS";"CA";"2019-12-18 23:00:00+00:00";"2015-11-25 23:00:00+00:00";"39";"24";"75";"2021";"NON";"OUI";"200040392";"";"";"";"2021-10-06";"144355";""
"24460";"1432";"CC";"CC";"2005-07-10 22:00:00+00:00";"2003-12-15 23:00:00+00:00";"13";"24";"75";"2021";"NON";"NON";"24460";"";"";"";"2021-10-06";"102488";""
"24461";"3299";"PLUi/PLUiS";"CC";"2018-09-26 22:00:00+00:00";"2013-10-29 23:00:00+00:00";"39";"24";"75";"2021";"NON";"OUI";"200034197";"";"";"";"2021-10-06";"130928";""
"24462";"3499";"PLU";"CC";"2004-04-20 22:00:00+00:00";"2002-10-18 22:00:00+00:00";"39";"24";"75";"2021";"NON";"NON";"200069094";"";"";"";"2021-10-06";"51637";""
"24463";"3432";"PLU";"CC";"2015-06-18 22:00:00+00:00";"2009-12-09 23:00:00+00:00";"33";"24";"75";"2021";"NON";"NON";"24463";"";"";"";"2021-10-06";"109784";""
"24464";"1432";"CC";"CC";"2010-03-05 23:00:00+00:00";"2004-10-15 22:00:00+00:00";"13";"24";"75";"2021";"NON";"NON";"242401024";"";"";"";"2021-10-06";"103067";""
"24465";"1499";"CC";"CC";"2008-07-16 22:00:00+00:00";"2005-03-31 22:00:00+00:00";"19";"24";"75";"2021";"NON";"NON";"200069094";"";"";"";"2021-10-06";"70305";""
"24466";"1499";"CC";"CC";"2008-10-29 23:00:00+00:00";"2001-12-31 23:00:00+00:00";"19";"24";"75";"2021";"NON";"NON";"24466";"";"";"";"2021-10-06";"70306";""
"24468";"3299";"PLUi/PLUiS";"CA";"2019-12-18 23:00:00+00:00";"2015-11-25 23:00:00+00:00";"39";"24";"75";"2021";"NON";"OUI";"200040392";"";"";"";"2021-10-06";"144355";""
"24470";"3432";"PLU";"CC";"2016-04-04 22:00:00+00:00";"2010-01-21 23:00:00+00:00";"33";"24";"75";"2021";"NON";"NON";"24470";"";"";"";"2021-10-06";"103429";""
"24471";"1432";"CC";"CC";"2013-12-08 23:00:00+00:00";"2011-02-20 23:00:00+00:00";"13";"24";"75";"2021";"NON";"NON";"24471";"";"";"";"2021-10-06";"99614";""
"24472";"3299";"PLUi/PLUiS";"CA";"2020-01-12 23:00:00+00:00";"2013-07-07 22:00:00+00:00";"39";"24";"75";"2021";"NON";"OUI";"200070647";"";"";"";"2021-10-06";"128219";""
"24473";"3499";"PLU";"CC";"2012-06-25 22:00:00+00:00";"2008-09-17 22:00:00+00:00";"39";"24";"75";"2021";"NON";"NON";"24473";"";"";"";"2021-10-06";"65090";""
"24474";"3299";"PLUi/PLUiS";"CC";"2020-01-27 23:00:00+00:00";"2014-12-16 23:00:00+00:00";"39";"24";"75";"2021";"NON";"OUI";"24474";"";"";"";"2021-10-06";"136237";""
"24477";"1432";"CC";"CC";"2009-07-26 22:00:00+00:00";"2007-06-13 22:00:00+00:00";"13";"24";"75";"2021";"NON";"NON";"24477";"";"";"";"2021-10-06";"70311";""
"24478";"1432";"CC";"CC";"2005-06-30 22:00:00+00:00";"2002-02-12 23:00:00+00:00";"13";"24";"75";"2021";"NON";"NON";"24478";"";"";"";"2021-10-06";"70312";""
"24479";"1433";"CC";"CC";"2016-04-13 22:00:00+00:00";"2011-09-18 22:00:00+00:00";"13";"24";"75";"2021";"NON";"NON";"200071819";"";"";"";"2021-10-06";"94802";""
"24480";"3299";"PLUi/PLUiS";"CA";"2019-12-18 23:00:00+00:00";"2015-11-25 23:00:00+00:00";"39";"24";"75";"2021";"NON";"OUI";"200040392";"";"";"";"2021-10-06";"144355";""
"24481";"1432";"CC";"CC";"2012-06-10 22:00:00+00:00";"2010-01-28 23:00:00+00:00";"13";"24";"75";"2021";"NON";"NON";"24481";"";"";"";"2021-10-06";"65664";""
"24482";"1432";"CC";"CC";"2014-01-13 23:00:00+00:00";"2009-11-25 23:00:00+00:00";"13";"24";"75";"2021";"NON";"NON";"24482";"";"";"";"2021-10-06";"101695";""
"24483";"1432";"CC";"CC";"2010-11-23 23:00:00+00:00";"2006-02-14 23:00:00+00:00";"13";"24";"75";"2021";"NON";"NON";"200040889";"";"";"";"2021-10-06";"102930";""
"24484";"3299";"PLUi/PLUiS";"CA";"2019-12-18 23:00:00+00:00";"2015-11-25 23:00:00+00:00";"39";"24";"75";"2021";"NON";"OUI";"24484";"";"";"";"2021-10-06";"144355";""
"24485";"1432";"CC";"CC";"2012-09-02 22:00:00+00:00";"2009-02-22 23:00:00+00:00";"13";"24";"75";"2021";"NON";"NON";"242400752";"";"";"";"2021-10-06";"98342";""
"24486";"1432";"CC";"CC";"2013-11-05 23:00:00+00:00";"2009-08-31 22:00:00+00:00";"13";"24";"75";"2021";"NON";"NON";"24486";"";"";"";"2021-10-06";"65667";""
"24487";"3299";"PLUi/PLUiS";"CA";"2020-01-12 23:00:00+00:00";"2013-07-07 22:00:00+00:00";"39";"24";"75";"2021";"NON";"OUI";"200070647";"";"";"";"2021-10-06";"128219";""
"24489";"1432";"CC";"CC";"2007-10-15 22:00:00+00:00";"2003-02-17 23:00:00+00:00";"13";"24";"75";"2021";"NON";"NON";"24489";"";"";"";"2021-10-06";"14682";""
"24490";"1199";"CC";"COM";"2012-05-31 22:00:00+00:00";"2009-03-18 23:00:00+00:00";"19";"24";"75";"2021";"NON";"NON";"24490";"";"";"";"2021-10-06";"66786";""
"24491";"1499";"CC";"CC";"2014-01-29 23:00:00+00:00";"2007-10-18 22:00:00+00:00";"19";"24";"75";"2021";"NON";"NON";"24491";"";"";"";"2021-10-06";"14683";""
"24492";"1432";"CC";"CC";"2008-12-16 23:00:00+00:00";"2005-08-28 22:00:00+00:00";"13";"24";"75";"2021";"NON";"NON";"200040889";"";"";"";"2021-10-06";"102932";""
"24493";"1432";"CC";"CC";"2004-06-06 22:00:00+00:00";"2002-06-17 22:00:00+00:00";"13";"24";"75";"2021";"NON";"NON";"242401024";"";"";"";"2021-10-06";"103068";""
"24494";"3299";"PLUi/PLUiS";"CC";"2018-09-26 22:00:00+00:00";"2013-10-29 23:00:00+00:00";"39";"24";"75";"2021";"NON";"OUI";"200034197";"";"";"";"2021-10-06";"130928";""
"24495";"1432";"CC";"CC";"2010-08-29 22:00:00+00:00";"2005-07-11 22:00:00+00:00";"13";"24";"75";"2021";"NON";"NON";"200034833";"";"";"";"2021-10-06";"69099";""
"24496";"1432";"CC";"CC";"2012-06-03 22:00:00+00:00";"2006-07-04 22:00:00+00:00";"13";"24";"75";"2021";"NON";"NON";"242400752";"";"";"";"2021-10-06";"67349";""
"24498";"1433";"CC";"CC";"2018-07-19 22:00:00+00:00";"2011-09-18 22:00:00+00:00";"13";"24";"75";"2021";"NON";"NON";"200071819";"";"";"";"2021-10-06";"94801";""
"24499";"3299";"PLUi/PLUiS";"CA";"2020-01-12 23:00:00+00:00";"2013-07-07 22:00:00+00:00";"39";"24";"75";"2021";"NON";"OUI";"200070647";"";"";"";"2021-10-06";"128219";""
"24500";"1432";"CC";"CC";"2015-06-28 22:00:00+00:00";"2009-09-27 22:00:00+00:00";"13";"24";"75";"2021";"NON";"NON";"24500";"";"";"";"2021-10-06";"102571";""
"24501";"3299";"PLUi/PLUiS";"CC";"2018-09-26 22:00:00+00:00";"2013-10-29 23:00:00+00:00";"39";"24";"75";"2021";"NON";"OUI";"200034197";"";"";"";"2021-10-06";"130928";""
"24502";"1432";"CC";"CC";"2008-07-17 22:00:00+00:00";"2004-06-24 22:00:00+00:00";"13";"24";"75";"2021";"NON";"NON";"24502";"";"";"";"2021-10-06";"102551";""
"24504";"1432";"CC";"CC";"2010-08-08 22:00:00+00:00";"2008-06-15 22:00:00+00:00";"13";"24";"75";"2021";"NON";"NON";"24504";"";"";"";"2021-10-06";"69102";""
"24505";"1432";"CC";"CC";"2008-12-17 23:00:00+00:00";"2004-09-15 22:00:00+00:00";"13";"24";"75";"2021";"NON";"NON";"24505";"";"";"";"2021-10-06";"14687";""
"24507";"1499";"CC";"CC";"2010-05-24 22:00:00+00:00";"2004-05-27 22:00:00+00:00";"19";"24";"75";"2021";"NON";"NON";"24507";"";"";"";"2021-10-06";"92040";""
"24508";"1432";"CC";"CC";"2008-10-27 23:00:00+00:00";"2005-02-13 23:00:00+00:00";"13";"24";"75";"2021";"NON";"NON";"24508";"";"";"";"2021-10-06";"102179";""
"24509";"1432";"CC";"CC";"2011-11-30 23:00:00+00:00";"2009-01-28 23:00:00+00:00";"13";"24";"75";"2021";"NON";"NON";"24509";"";"";"";"2021-10-06";"102489";""
"24510";"1432";"CC";"CC";"2006-02-02 23:00:00+00:00";"2003-07-03 22:00:00+00:00";"13";"24";"75";"2021";"NON";"NON";"24510";"";"";"";"2021-10-06";"14691";""
"24511";"1199";"CC";"COM";"2007-02-05 23:00:00+00:00";"2001-09-06 22:00:00+00:00";"19";"24";"75";"2021";"NON";"NON";"24511";"";"";"";"2021-10-06";"14692";""
"24512";"1432";"CC";"CC";"2012-04-02 22:00:00+00:00";"2009-04-05 22:00:00+00:00";"13";"24";"75";"2021";"NON";"NON";"24512";"";"";"";"2021-10-06";"99616";""
"24514";"3299";"PLUi/PLUiS";"CC";"2018-09-26 22:00:00+00:00";"2013-10-29 23:00:00+00:00";"39";"24";"75";"2021";"NON";"OUI";"200034197";"";"";"";"2021-10-06";"130928";""
"24516";"3432";"PLU";"CC";"2018-12-05 23:00:00+00:00";"2010-03-03 23:00:00+00:00";"33";"24";"75";"2021";"NON";"NON";"24516";"";"";"";"2021-10-06";"116968";""
"24518";"3299";"PLUi/PLUiS";"CA";"2019-12-18 23:00:00+00:00";"2015-11-25 23:00:00+00:00";"39";"24";"75";"2021";"NON";"OUI";"200040392";"";"";"";"2021-10-06";"144355";""
"24519";"1432";"CC";"CC";"2010-08-05 22:00:00+00:00";"2009-04-09 22:00:00+00:00";"13";"24";"75";"2021";"NON";"NON";"24519";"";"";"";"2021-10-06";"70318";""
"24520";"3432";"PLU";"CC";"2006-04-21 22:00:00+00:00";"2002-02-03 23:00:00+00:00";"33";"24";"75";"2021";"NON";"NON";"24520";"";"";"";"2021-10-06";"58095";""
"24521";"3299";"PLUi/PLUiS";"CA";"2019-12-18 23:00:00+00:00";"2015-11-25 23:00:00+00:00";"39";"24";"75";"2021";"NON";"OUI";"24521";"";"";"";"2021-10-06";"144355";""
"24522";"1432";"CC";"CC";"2008-12-17 23:00:00+00:00";"2004-09-15 22:00:00+00:00";"13";"24";"75";"2021";"NON";"NON";"24522";"";"";"";"2021-10-06";"70319";""
"24523";"3299";"PLUi/PLUiS";"CA";"2020-01-12 23:00:00+00:00";"2013-07-07 22:00:00+00:00";"39";"24";"75";"2021";"NON";"OUI";"200070647";"";"";"";"2021-10-06";"128219";""
"24524";"3299";"PLUi/PLUiS";"CC";"2020-03-04 23:00:00+00:00";"2014-12-03 23:00:00+00:00";"39";"24";"75";"2021";"NON";"OUI";"24524";"";"";"";"2021-10-06";"136215";""
"24525";"1433";"CC";"CC";"2008-02-12 23:00:00+00:00";"2003-08-27 22:00:00+00:00";"13";"24";"75";"2021";"NON";"NON";"200071819";"";"";"";"2021-10-06";"14695";""
"24526";"1432";"CC";"CC";"2009-04-01 22:00:00+00:00";"2004-09-15 22:00:00+00:00";"13";"24";"75";"2021";"NON";"NON";"24526";"";"";"";"2021-10-06";"14696";""
"24527";"3299";"PLUi/PLUiS";"CA";"2019-12-18 23:00:00+00:00";"2015-11-25 23:00:00+00:00";"39";"24";"75";"2021";"NON";"OUI";"24527";"";"";"";"2021-10-06";"144355";""
"24528";"1433";"CC";"CC";"2008-02-12 23:00:00+00:00";"2003-08-27 22:00:00+00:00";"13";"24";"75";"2021";"NON";"NON";"200071819";"";"";"";"2021-10-06";"14697";""
"24529";"3432";"PLU";"CC";"2012-12-21 23:00:00+00:00";"2009-11-02 23:00:00+00:00";"33";"24";"75";"2021";"NON";"NON";"24529";"";"";"";"2021-10-06";"61680";""
"24531";"3299";"PLUi/PLUiS";"CC";"2020-03-04 23:00:00+00:00";"2014-12-03 23:00:00+00:00";"39";"24";"75";"2021";"NON";"OUI";"24531";"";"";"";"2021-10-06";"136215";""
"24532";"3432";"PLU";"CC";"2015-07-16 22:00:00+00:00";"2009-05-03 22:00:00+00:00";"33";"24";"75";"2021";"NON";"NON";"200040889";"";"";"";"2021-10-06";"65054";""
"24533";"1199";"CC";"COM";"2006-03-30 22:00:00+00:00";"2003-11-23 23:00:00+00:00";"19";"24";"75";"2021";"NON";"NON";"24533";"";"";"";"2021-10-06";"14700";""
"24534";"3299";"PLUi/PLUiS";"CA";"2020-01-12 23:00:00+00:00";"2013-07-07 22:00:00+00:00";"39";"24";"75";"2021";"NON";"OUI";"200070647";"";"";"";"2021-10-06";"128219";""
"24535";"1432";"CC";"CC";"2005-04-20 22:00:00+00:00";"2001-05-16 22:00:00+00:00";"13";"24";"75";"2021";"NON";"NON";"24535";"";"";"";"2021-10-06";"70325";""
"24536";"1432";"CC";"CC";"2007-02-14 23:00:00+00:00";"2003-06-22 22:00:00+00:00";"13";"24";"75";"2021";"NON";"NON";"200040889";"";"";"";"2021-10-06";"70326";""
"24537";"1432";"CC";"CC";"2011-04-17 22:00:00+00:00";"2010-07-14 22:00:00+00:00";"13";"24";"75";"2021";"NON";"NON";"24537";"";"";"";"2021-10-06";"102490";""
"24538";"3432";"PLU";"CC";"2013-08-26 22:00:00+00:00";"2008-06-25 22:00:00+00:00";"33";"24";"75";"2021";"NON";"NON";"24538";"";"";"";"2021-10-06";"61682";""
"24540";"3299";"PLUi/PLUiS";"CA";"2019-12-18 23:00:00+00:00";"2015-11-25 23:00:00+00:00";"39";"24";"75";"2021";"NON";"OUI";"24540";"";"";"";"2021-10-06";"144355";""
"24542";"1432";"CC";"CC";"2010-08-29 22:00:00+00:00";"2005-07-11 22:00:00+00:00";"13";"24";"75";"2021";"NON";"NON";"200034833";"";"";"";"2021-10-06";"70327";""
"24543";"3432";"PLU";"CC";"2008-04-13 22:00:00+00:00";"2004-06-24 22:00:00+00:00";"33";"24";"75";"2021";"NON";"NON";"24543";"";"";"";"2021-10-06";"102553";""
"24544";"1432";"CC";"CC";"2018-01-03 23:00:00+00:00";"2012-08-21 22:00:00+00:00";"13";"24";"75";"2021";"NON";"NON";"24544";"";"";"";"2021-10-06";"141226";""
"24545";"1414";"CC";"CC";"2008-05-06 22:00:00+00:00";"2004-06-14 22:00:00+00:00";"11";"24";"75";"2021";"NON";"NON";"24545";"";"";"";"2021-10-06";"92041";""
"24547";"3499";"PLU";"CC";"2020-07-30 22:00:00+00:00";"2020-03-01 23:00:00+00:00";"39";"24";"75";"2021";"NON";"NON";"24547";"";"";"";"2021-10-06";"173661";""
"24548";"1499";"CC";"CC";"2016-12-04 23:00:00+00:00";"2013-10-03 22:00:00+00:00";"19";"24";"75";"2021";"NON";"NON";"200071819";"";"";"";"2021-10-06";"125063";""
"24549";"3299";"PLUi/PLUiS";"CA";"2020-01-12 23:00:00+00:00";"2013-07-07 22:00:00+00:00";"39";"24";"75";"2021";"NON";"OUI";"200070647";"";"";"";"2021-10-06";"128219";""
"24550";"3499";"PLU";"CC";"2011-03-14 23:00:00+00:00";"2005-08-17 22:00:00+00:00";"39";"24";"75";"2021";"NON";"NON";"24550";"";"";"";"2021-10-06";"61683";""
"24551";"3432";"PLU";"CC";"2004-07-06 22:00:00+00:00";"2001-09-27 22:00:00+00:00";"33";"24";"75";"2021";"NON";"NON";"242400752";"";"";"";"2021-10-06";"51643";""
"24552";"3299";"PLUi/PLUiS";"CC";"2020-03-04 23:00:00+00:00";"2014-12-03 23:00:00+00:00";"39";"24";"75";"2021";"NON";"OUI";"24552";"";"";"";"2021-10-06";"136215";""
"24553";"3432";"PLU";"CC";"2003-07-30 22:00:00+00:00";"1996-12-05 23:00:00+00:00";"33";"24";"75";"2021";"NON";"NON";"24553";"";"";"";"2021-10-06";"102187";""
"24554";"1432";"CC";"CC";"2013-04-28 22:00:00+00:00";"2009-11-25 23:00:00+00:00";"13";"24";"75";"2021";"NON";"NON";"24554";"";"";"";"2021-10-06";"101587";""
"24555";"1414";"CC";"CC";"2008-05-06 22:00:00+00:00";"2004-06-14 22:00:00+00:00";"11";"24";"75";"2021";"NON";"NON";"24555";"";"";"";"2021-10-06";"92043";""
"24557";"3299";"PLUi/PLUiS";"CA";"2019-12-18 23:00:00+00:00";"2015-11-25 23:00:00+00:00";"39";"24";"75";"2021";"NON";"OUI";"24557";"";"";"";"2021-10-06";"144355";""
"24559";"3299";"PLUi/PLUiS";"CC";"2020-03-04 23:00:00+00:00";"2014-12-03 23:00:00+00:00";"39";"24";"75";"2021";"NON";"OUI";"24559";"";"";"";"2021-10-06";"136215";""
"24562";"1432";"CC";"CC";"2014-08-21 22:00:00+00:00";"2012-07-25 22:00:00+00:00";"13";"24";"75";"2021";"NON";"NON";"24562";"";"";"";"2021-10-06";"112855";""
"24563";"3299";"PLUi/PLUiS";"CC";"2020-03-04 23:00:00+00:00";"2014-12-03 23:00:00+00:00";"39";"24";"75";"2021";"NON";"OUI";"24563";"";"";"";"2021-10-06";"136215";""
"24564";"3432";"PLU";"CC";"2008-09-18 22:00:00+00:00";"2005-06-27 22:00:00+00:00";"33";"24";"75";"2021";"NON";"NON";"24564";"";"";"";"2021-10-06";"102491";""
"24565";"1499";"CC";"CC";"2008-05-06 22:00:00+00:00";"2004-04-08 22:00:00+00:00";"19";"24";"75";"2021";"NON";"NON";"200071819";"";"";"";"2021-10-06";"70336";""
"24567";"1432";"CC";"CC";"2012-06-03 22:00:00+00:00";"2006-07-04 22:00:00+00:00";"13";"24";"75";"2021";"NON";"NON";"242400752";"";"";"";"2021-10-06";"67354";""
"24568";"3299";"PLUi/PLUiS";"CC";"2018-09-26 22:00:00+00:00";"2013-10-29 23:00:00+00:00";"39";"24";"75";"2021";"NON";"OUI";"200034197";"";"";"";"2021-10-06";"130928";""
"24569";"1432";"CC";"CC";"2016-03-02 23:00:00+00:00";"2009-11-25 23:00:00+00:00";"13";"24";"75";"2021";"NON";"NON";"24569";"";"";"";"2021-10-06";"101627";""
"24570";"1432";"CC";"CC";"2006-03-23 23:00:00+00:00";"2003-06-22 22:00:00+00:00";"13";"24";"75";"2021";"NON";"NON";"200034833";"";"";"";"2021-10-06";"70337";""
"24571";"3299";"PLUi/PLUiS";"CA";"2019-12-18 23:00:00+00:00";"2015-11-25 23:00:00+00:00";"39";"24";"75";"2021";"NON";"OUI";"200040392";"";"";"";"2021-10-06";"144355";""
"24572";"1432";"CC";"CC";"2010-08-29 22:00:00+00:00";"2005-07-11 22:00:00+00:00";"13";"24";"75";"2021";"NON";"NON";"200034833";"";"";"";"2021-10-06";"70338";""
"24575";"1432";"CC";"CC";"2011-12-04 23:00:00+00:00";"2003-09-25 22:00:00+00:00";"13";"24";"75";"2021";"NON";"NON";"24575";"";"";"";"2021-10-06";"14717";""
"24576";"3299";"PLUi/PLUiS";"CA";"2019-12-18 23:00:00+00:00";"2015-11-25 23:00:00+00:00";"39";"24";"75";"2021";"NON";"OUI";"200040392";"";"";"";"2021-10-06";"144355";""
"24580";"1499";"CC";"CC";"2011-08-30 22:00:00+00:00";"2008-09-15 22:00:00+00:00";"19";"24";"75";"2021";"NON";"NON";"24580";"";"";"";"2021-10-06";"49340";""
"24581";"1399";"CC";"CC";"2016-06-29 22:00:00+00:00";"2014-08-10 22:00:00+00:00";"19";"24";"75";"2021";"NON";"NON";"24581";"";"";"";"2021-10-06";"127998";""
"24582";"3299";"PLUi/PLUiS";"CC";"2020-01-27 23:00:00+00:00";"2014-12-16 23:00:00+00:00";"39";"24";"75";"2021";"NON";"OUI";"24582";"";"";"";"2021-10-06";"136237";""
"24584";"3299";"PLUi/PLUiS";"CC";"2018-09-26 22:00:00+00:00";"2013-10-29 23:00:00+00:00";"39";"24";"75";"2021";"NON";"OUI";"200034197";"";"";"";"2021-10-06";"130928";""
"24585";"1432";"CC";"CC";"2015-10-22 22:00:00+00:00";"2011-06-27 22:00:00+00:00";"13";"24";"75";"2021";"NON";"NON";"24585";"";"";"";"2021-10-06";"99156";""
"24586";"3432";"PLU";"CC";"2003-12-17 23:00:00+00:00";"1997-08-29 22:00:00+00:00";"33";"24";"75";"2021";"NON";"NON";"24586";"";"";"";"2021-10-06";"102492";""
"24587";"3432";"PLU";"CC";"2012-12-16 23:00:00+00:00";"2008-05-08 22:00:00+00:00";"33";"24";"75";"2021";"NON";"NON";"24587";"";"";"";"2021-10-06";"65287";""
"25001";"3199";"PLU";"COM";"2015-03-18 23:00:00+00:00";"2011-10-11 22:00:00+00:00";"39";"25";"27";"2021";"NON";"NON";"25001";"";"";"";"2021-10-06";"84791";""
"25004";"3199";"PLU";"COM";"2017-11-08 23:00:00+00:00";"2014-06-25 22:00:00+00:00";"39";"25";"27";"2021";"NON";"NON";"25004";"";"";"";"2021-10-06";"131000";""
"25005";"1199";"CC";"COM";"2014-01-23 23:00:00+00:00";"2011-02-24 23:00:00+00:00";"19";"25";"27";"2021";"NON";"NON";"25005";"";"";"";"2021-10-06";"71484";""
"25008";"3432";"PLU";"CC";"2008-02-21 23:00:00+00:00";"2004-06-06 22:00:00+00:00";"33";"25";"27";"2021";"NON";"NON";"247000722";"";"";"";"2021-10-06";"14311";""
"25011";"3199";"PLU";"COM";"2014-02-17 23:00:00+00:00";"2003-04-27 22:00:00+00:00";"39";"25";"27";"2021";"NON";"NON";"25011";"";"";"";"2021-10-06";"71702";""
"25012";"3199";"PLU";"COM";"2018-11-28 23:00:00+00:00";"2014-12-09 23:00:00+00:00";"39";"25";"27";"2021";"NON";"NON";"25012";"";"";"";"2021-10-06";"135095";""
"25014";"3432";"PLU";"CU";"2017-12-17 23:00:00+00:00";"2011-02-20 23:00:00+00:00";"33";"25";"27";"2021";"NON";"NON";"242500361";"";"";"";"2021-10-06";"61687";""
"25015";"3199";"PLU";"COM";"2004-08-26 22:00:00+00:00";"2001-12-06 23:00:00+00:00";"39";"25";"27";"2021";"NON";"NON";"25015";"";"";"";"2021-10-06";"51652";""
"25018";"1199";"CC";"COM";"2009-01-12 23:00:00+00:00";"2006-02-16 23:00:00+00:00";"19";"25";"27";"2021";"NON";"NON";"25018";"";"";"";"2021-10-06";"70343";""
"25019";"1199";"CC";"COM";"2006-02-06 23:00:00+00:00";"2003-03-27 23:00:00+00:00";"19";"25";"27";"2021";"NON";"NON";"25019";"";"";"";"2021-10-06";"67727";""
"25020";"3199";"PLU";"COM";"2010-06-30 22:00:00+00:00";"2003-02-17 23:00:00+00:00";"39";"25";"27";"2021";"NON";"NON";"25020";"";"";"";"2021-10-06";"51654";""
"25022";"3131";"PLU";"COM";"2008-06-24 22:00:00+00:00";"2002-02-28 23:00:00+00:00";"33";"25";"27";"2021";"NON";"NON";"25022";"";"";"";"2021-10-06";"51655";""
"25024";"3199";"PLU";"COM";"2013-08-28 22:00:00+00:00";"2008-10-22 22:00:00+00:00";"39";"25";"27";"2021";"NON";"NON";"25024";"";"";"";"2021-10-06";"61690";""
"25025";"1199";"CC";"COM";"2006-08-09 22:00:00+00:00";"2003-05-25 22:00:00+00:00";"19";"25";"27";"2021";"NON";"NON";"25025";"";"";"";"2021-10-06";"67728";""
"25026";"1432";"CC";"CC";"2008-10-01 22:00:00+00:00";"2006-05-11 22:00:00+00:00";"13";"25";"27";"2021";"NON";"NON";"25026";"";"";"";"2021-10-06";"67729";""
"25029";"1199";"CC";"COM";"2007-12-19 23:00:00+00:00";"2003-05-19 22:00:00+00:00";"19";"25";"27";"2021";"NON";"NON";"25029";"";"";"";"2021-10-06";"67730";""
"25030";"3432";"PLU";"CU";"2020-01-29 23:00:00+00:00";"2014-06-03 22:00:00+00:00";"33";"25";"27";"2021";"NON";"NON";"242500361";"";"";"";"2021-10-06";"130981";""
"25031";"3199";"PLU";"COM";"2015-11-08 23:00:00+00:00";"2013-05-12 22:00:00+00:00";"39";"25";"27";"2021";"NON";"NON";"25031";"";"";"";"2021-10-06";"172";""
"25032";"1199";"CC";"COM";"2013-06-11 22:00:00+00:00";"2012-01-09 23:00:00+00:00";"19";"25";"27";"2021";"NON";"NON";"25032";"";"";"";"2021-10-06";"109561";""
"25033";"1199";"CC";"COM";"2009-01-12 23:00:00+00:00";"2004-06-10 22:00:00+00:00";"19";"25";"27";"2021";"NON";"NON";"25033";"";"";"";"2021-10-06";"67732";""
"25035";"3432";"PLU";"CU";"2019-09-25 22:00:00+00:00";"2009-08-31 22:00:00+00:00";"33";"25";"27";"2021";"NON";"NON";"242500361";"";"";"";"2021-10-06";"85884";""
"25036";"3432";"PLU";"CU";"2018-05-23 22:00:00+00:00";"2013-12-19 23:00:00+00:00";"33";"25";"27";"2021";"NON";"NON";"242500361";"";"";"";"2021-10-06";"126974";""
"25038";"1199";"CC";"COM";"2016-05-22 22:00:00+00:00";"2012-06-28 22:00:00+00:00";"19";"25";"27";"2021";"NON";"NON";"25038";"";"";"";"2021-10-06";"109099";""
"25039";"1432";"CC";"CC";"2012-12-09 23:00:00+00:00";"2011-02-02 23:00:00+00:00";"13";"25";"27";"2021";"NON";"NON";"25039";"";"";"";"2021-10-06";"65671";""
"25040";"3199";"PLU";"COM";"2018-07-11 22:00:00+00:00";"2008-10-22 22:00:00+00:00";"39";"25";"27";"2021";"NON";"NON";"25040";"";"";"";"2021-10-06";"47636";""
"25042";"1131";"CC";"COM";"2011-04-06 22:00:00+00:00";"2005-03-30 22:00:00+00:00";"13";"25";"27";"2021";"NON";"NON";"25042";"";"";"";"2021-10-06";"65929";""
"25043";"3199";"PLU";"COM";"2006-09-28 22:00:00+00:00";"2004-01-29 23:00:00+00:00";"39";"25";"27";"2021";"NON";"NON";"25043";"";"";"";"2021-10-06";"51659";""
"25045";"1199";"CC";"COM";"2015-02-02 23:00:00+00:00";"2011-07-19 22:00:00+00:00";"19";"25";"27";"2021";"NON";"NON";"25045";"";"";"";"2021-10-06";"75976";""
"25047";"3131";"PLU";"COM";"2003-12-15 23:00:00+00:00";"1988-09-25 23:00:00+00:00";"33";"25";"27";"2021";"NON";"NON";"25047";"";"";"";"2021-10-06";"51650";""
"25048";"3199";"PLU";"COM";"2011-05-11 22:00:00+00:00";"2006-11-30 23:00:00+00:00";"39";"25";"27";"2021";"NON";"NON";"25048";"";"";"";"2021-10-06";"61692";""
"25049";"1199";"CC";"COM";"2020-01-21 23:00:00+00:00";"2018-04-04 22:00:00+00:00";"19";"25";"27";"2021";"NON";"NON";"25049";"";"";"";"2021-10-06";"164605";""
"25050";"3499";"PLU";"CC";"2018-11-05 23:00:00+00:00";"2014-04-16 22:00:00+00:00";"39";"25";"27";"2021";"NON";"NON";"25050";"";"";"";"2021-10-06";"130975";""
"25051";"1199";"CC";"COM";"2014-09-30 22:00:00+00:00";"2007-02-25 23:00:00+00:00";"19";"25";"27";"2021";"NON";"NON";"25051";"";"";"";"2021-10-06";"66790";""
"25052";"1432";"CC";"CC";"2011-12-07 23:00:00+00:00";"2008-03-27 23:00:00+00:00";"13";"25";"27";"2021";"NON";"NON";"25052";"";"";"";"2021-10-06";"66791";""
"25053";"1199";"CC";"COM";"2010-06-01 22:00:00+00:00";"2007-10-08 22:00:00+00:00";"19";"25";"27";"2021";"NON";"NON";"25053";"";"";"";"2021-10-06";"65931";""
"25055";"1199";"CC";"COM";"2008-12-29 23:00:00+00:00";"2005-12-14 23:00:00+00:00";"19";"25";"27";"2021";"NON";"NON";"25055";"";"";"";"2021-10-06";"69104";""
"25056";"3432";"PLU";"CU";"2011-05-05 22:00:00+00:00";"2008-09-24 22:00:00+00:00";"33";"25";"27";"2021";"NON";"NON";"242500361";"";"";"";"2021-10-06";"61686";""
"25057";"3199";"PLU";"COM";"2005-10-19 22:00:00+00:00";"1999-11-21 23:00:00+00:00";"39";"25";"27";"2021";"NON";"NON";"25057";"";"";"";"2021-10-06";"23750";""
"25059";"1199";"CC";"COM";"2011-05-30 22:00:00+00:00";"2002-12-12 23:00:00+00:00";"19";"25";"27";"2021";"NON";"NON";"25059";"";"";"";"2021-10-06";"16890";""
"25060";"1432";"CC";"CC";"2006-10-18 22:00:00+00:00";"2003-02-03 23:00:00+00:00";"13";"25";"27";"2021";"NON";"NON";"25060";"";"";"";"2021-10-06";"67733";""
"25061";"1199";"CC";"COM";"2008-06-26 22:00:00+00:00";"2006-07-25 22:00:00+00:00";"19";"25";"27";"2021";"NON";"NON";"25061";"";"";"";"2021-10-06";"67734";""
"25062";"1199";"CC";"COM";"2006-02-15 23:00:00+00:00";"2004-01-19 23:00:00+00:00";"19";"25";"27";"2021";"NON";"NON";"25062";"";"";"";"2021-10-06";"16891";""
"25063";"3131";"PLU";"COM";"2010-06-28 22:00:00+00:00";"2001-08-28 22:00:00+00:00";"33";"25";"27";"2021";"NON";"NON";"25063";"";"";"";"2021-10-06";"51651";""
"25066";"1199";"CC";"COM";"2008-01-09 23:00:00+00:00";"2006-10-08 22:00:00+00:00";"19";"25";"27";"2021";"NON";"NON";"25066";"";"";"";"2021-10-06";"67735";""
"25071";"1199";"CC";"COM";"2008-04-09 22:00:00+00:00";"2002-05-14 22:00:00+00:00";"19";"25";"27";"2021";"NON";"NON";"25071";"";"";"";"2021-10-06";"67736";""
"25073";"3432";"PLU";"CU";"2014-11-04 23:00:00+00:00";"2011-09-26 22:00:00+00:00";"33";"25";"27";"2021";"NON";"NON";"242500361";"";"";"";"2021-10-06";"84783";""
"25074";"3199";"PLU";"COM";"2014-12-03 23:00:00+00:00";"2011-01-16 23:00:00+00:00";"39";"25";"27";"2021";"NON";"NON";"25074";"";"";"";"2021-10-06";"65056";""
"25075";"1432";"CC";"CC";"2011-02-22 23:00:00+00:00";"2009-03-20 23:00:00+00:00";"13";"25";"27";"2021";"NON";"NON";"25075";"";"";"";"2021-10-06";"48007";""
"25078";"3432";"PLU";"CC";"2017-10-15 22:00:00+00:00";"2013-07-08 22:00:00+00:00";"33";"25";"27";"2021";"NON";"NON";"25078";"";"";"";"2021-10-06";"122718";""
"25079";"1432";"CC";"CC";"2007-04-17 22:00:00+00:00";"2003-08-28 22:00:00+00:00";"13";"25";"27";"2021";"NON";"NON";"25079";"";"";"";"2021-10-06";"67737";""
"25082";"3199";"PLU";"COM";"2008-07-24 22:00:00+00:00";"2001-06-21 22:00:00+00:00";"39";"25";"27";"2021";"NON";"NON";"25082";"";"";"";"2021-10-06";"51661";""
"25084";"3432";"PLU";"CU";"2014-02-09 23:00:00+00:00";"2011-10-02 22:00:00+00:00";"33";"25";"27";"2021";"NON";"NON";"242500361";"";"";"";"2021-10-06";"84770";""
"25085";"1432";"CC";"CC";"2011-10-17 22:00:00+00:00";"2009-09-23 22:00:00+00:00";"13";"25";"27";"2021";"NON";"NON";"25085";"";"";"";"2021-10-06";"94594";""
"25086";"3432";"PLU";"CU";"2007-06-28 22:00:00+00:00";"1996-11-21 23:00:00+00:00";"33";"25";"27";"2021";"NON";"NON";"242500361";"";"";"";"2021-10-06";"51668";""
"25088";"1199";"CC";"COM";"2008-07-17 22:00:00+00:00";"2004-10-21 22:00:00+00:00";"19";"25";"27";"2021";"NON";"NON";"25088";"";"";"";"2021-10-06";"67739";""
"25091";"1199";"CC";"COM";"2008-08-28 22:00:00+00:00";"2006-03-26 22:00:00+00:00";"19";"25";"27";"2021";"NON";"NON";"25091";"";"";"";"2021-10-06";"67740";""
"25092";"1199";"CC";"COM";"2015-02-09 23:00:00+00:00";"2011-07-19 22:00:00+00:00";"19";"25";"27";"2021";"NON";"NON";"25092";"";"";"";"2021-10-06";"75977";""
"25094";"3199";"PLU";"COM";"2016-07-26 22:00:00+00:00";"2010-10-21 22:00:00+00:00";"39";"25";"27";"2021";"NON";"NON";"25094";"";"";"";"2021-10-06";"50014";""
"25095";"3199";"PLU";"COM";"2019-03-21 23:00:00+00:00";"2015-12-03 23:00:00+00:00";"39";"25";"27";"2021";"NON";"NON";"25095";"";"";"";"2021-10-06";"147989";""
"25096";"1199";"CC";"COM";"2013-07-07 22:00:00+00:00";"2004-06-13 22:00:00+00:00";"19";"25";"27";"2021";"NON";"NON";"25096";"";"";"";"2021-10-06";"16896";""
"25097";"3199";"PLU";"COM";"2006-12-03 23:00:00+00:00";"2003-04-27 22:00:00+00:00";"39";"25";"27";"2021";"NON";"NON";"25097";"";"";"";"2021-10-06";"51664";""
"25098";"1199";"CC";"COM";"2011-02-14 23:00:00+00:00";"2004-09-23 22:00:00+00:00";"19";"25";"27";"2021";"NON";"NON";"25098";"";"";"";"2021-10-06";"69115";""
"25099";"1199";"CC";"COM";"2007-05-17 22:00:00+00:00";"2003-09-21 22:00:00+00:00";"19";"25";"27";"2021";"NON";"NON";"25099";"";"";"";"2021-10-06";"16899";""
"25100";"1432";"CC";"CC";"2007-06-05 22:00:00+00:00";"2004-07-05 22:00:00+00:00";"13";"25";"27";"2021";"NON";"NON";"25100";"";"";"";"2021-10-06";"67742";""
"25101";"1199";"CC";"COM";"2014-03-02 23:00:00+00:00";"2006-10-05 22:00:00+00:00";"19";"25";"27";"2021";"NON";"NON";"25101";"";"";"";"2021-10-06";"65935";""
"25103";"3432";"PLU";"CU";"2015-07-01 22:00:00+00:00";"2009-09-24 22:00:00+00:00";"33";"25";"27";"2021";"NON";"NON";"242500361";"";"";"";"2021-10-06";"61696";""
"25105";"3432";"PLU";"CU";"2017-09-20 22:00:00+00:00";"2005-03-28 22:00:00+00:00";"33";"25";"27";"2021";"NON";"NON";"242500361";"";"";"";"2021-10-06";"61693";""
"25108";"1199";"CC";"COM";"2016-03-07 23:00:00+00:00";"2013-12-01 23:00:00+00:00";"19";"25";"27";"2021";"NON";"NON";"25108";"";"";"";"2021-10-06";"126486";""
"25110";"3432";"PLU";"CC";"2014-03-06 23:00:00+00:00";"2010-01-03 23:00:00+00:00";"33";"25";"27";"2021";"NON";"NON";"25110";"";"";"";"2021-10-06";"61697";""
"25111";"3432";"PLU";"CU";"2020-03-01 23:00:00+00:00";"2007-10-24 22:00:00+00:00";"33";"25";"27";"2021";"NON";"NON";"242500361";"";"";"";"2021-10-06";"61694";""
"25112";"3432";"PLU";"CU";"2008-02-27 23:00:00+00:00";"2001-10-21 22:00:00+00:00";"33";"25";"27";"2021";"NON";"NON";"242500361";"";"";"";"2021-10-06";"51665";""
"25114";"3199";"PLU";"COM";"2014-11-06 23:00:00+00:00";"2011-07-14 22:00:00+00:00";"39";"25";"27";"2021";"NON";"NON";"25114";"";"";"";"2021-10-06";"73262";""
"25115";"3432";"PLU";"CU";"2017-01-04 23:00:00+00:00";"2011-03-24 23:00:00+00:00";"33";"25";"27";"2021";"NON";"NON";"242500361";"";"";"";"2021-10-06";"70963";""
"25119";"3432";"PLU";"CU";"2018-11-14 23:00:00+00:00";"2011-04-03 22:00:00+00:00";"33";"25";"27";"2021";"NON";"NON";"242500361";"";"";"";"2021-10-06";"70962";""
"25120";"1199";"CC";"COM";"2013-06-11 22:00:00+00:00";"2011-05-12 22:00:00+00:00";"19";"25";"27";"2021";"NON";"NON";"25120";"";"";"";"2021-10-06";"75974";""
"25121";"3199";"PLU";"COM";"2015-03-09 23:00:00+00:00";"2010-07-18 22:00:00+00:00";"39";"25";"27";"2021";"NON";"NON";"25121";"";"";"";"2021-10-06";"61698";""
"25122";"1432";"CC";"CC";"2008-03-10 23:00:00+00:00";"2006-02-02 23:00:00+00:00";"13";"25";"27";"2021";"NON";"NON";"25122";"";"";"";"2021-10-06";"67745";""
"25124";"1199";"CC";"COM";"2016-02-04 23:00:00+00:00";"2008-02-26 23:00:00+00:00";"19";"25";"27";"2021";"NON";"NON";"25124";"";"";"";"2021-10-06";"66793";""
"25125";"3199";"PLU";"COM";"2021-02-18 23:00:00+00:00";"2012-07-18 22:00:00+00:00";"39";"25";"27";"2021";"NON";"NON";"25125";"";"";"";"2021-10-06";"111603";""
"25126";"3199";"PLU";"COM";"2004-12-14 23:00:00+00:00";"1999-03-11 23:00:00+00:00";"39";"25";"27";"2021";"NON";"NON";"25126";"";"";"";"2021-10-06";"51669";""
"25127";"3199";"PLU";"COM";"2011-10-10 22:00:00+00:00";"2004-01-11 23:00:00+00:00";"39";"25";"27";"2021";"NON";"NON";"25127";"";"";"";"2021-10-06";"61699";""
"25131";"1199";"CC";"COM";"2013-09-17 22:00:00+00:00";"2011-01-17 23:00:00+00:00";"19";"25";"27";"2021";"NON";"NON";"25131";"";"";"";"2021-10-06";"66794";""
"25133";"3432";"PLU";"CU";"2019-09-25 22:00:00+00:00";"2009-12-28 23:00:00+00:00";"33";"25";"27";"2021";"NON";"NON";"242500361";"";"";"";"2021-10-06";"61695";""
"25136";"3432";"PLU";"CU";"2014-01-02 23:00:00+00:00";"2010-03-03 23:00:00+00:00";"33";"25";"27";"2021";"NON";"NON";"242500361";"";"";"";"2021-10-06";"63853";""
"25138";"1199";"CC";"COM";"2020-06-30 22:00:00+00:00";"2009-02-20 23:00:00+00:00";"19";"25";"27";"2021";"NON";"NON";"25138";"";"";"";"2021-10-06";"65672";""
"25139";"3199";"PLU";"COM";"2008-02-07 23:00:00+00:00";"2003-11-04 23:00:00+00:00";"39";"25";"27";"2021";"NON";"NON";"25139";"";"";"";"2021-10-06";"51670";""
"25142";"1199";"CC";"COM";"2008-03-27 23:00:00+00:00";"2004-09-02 22:00:00+00:00";"19";"25";"27";"2021";"NON";"NON";"25142";"";"";"";"2021-10-06";"67746";""
"25145";"1199";"CC";"COM";"2010-06-01 22:00:00+00:00";"2008-06-26 22:00:00+00:00";"19";"25";"27";"2021";"NON";"NON";"25145";"";"";"";"2021-10-06";"66795";""
"25147";"3432";"PLU";"CU";"2008-02-21 23:00:00+00:00";"2001-12-12 23:00:00+00:00";"33";"25";"27";"2021";"NON";"NON";"242500361";"";"";"";"2021-10-06";"51738";""
"25148";"1199";"CC";"COM";"2005-02-06 23:00:00+00:00";"2002-10-23 22:00:00+00:00";"19";"25";"27";"2021";"NON";"NON";"25148";"";"";"";"2021-10-06";"67747";""
"25149";"1199";"CC";"COM";"2008-01-15 23:00:00+00:00";"2004-11-04 23:00:00+00:00";"19";"25";"27";"2021";"NON";"NON";"25149";"";"";"";"2021-10-06";"67748";""
"25150";"1199";"CC";"COM";"2013-10-21 22:00:00+00:00";"2009-12-10 23:00:00+00:00";"19";"25";"27";"2021";"NON";"NON";"25150";"";"";"";"2021-10-06";"125225";""
"25151";"1432";"CC";"CC";"2008-05-04 22:00:00+00:00";"2005-06-07 22:00:00+00:00";"13";"25";"27";"2021";"NON";"NON";"25151";"";"";"";"2021-10-06";"67749";""
"25152";"3432";"PLU";"CU";"2018-05-23 22:00:00+00:00";"2014-07-23 22:00:00+00:00";"33";"25";"27";"2021";"NON";"NON";"242500361";"";"";"";"2021-10-06";"132526";""
"25153";"3432";"PLU";"CU";"2019-09-25 22:00:00+00:00";"2011-12-20 23:00:00+00:00";"33";"25";"27";"2021";"NON";"NON";"242500361";"";"";"";"2021-10-06";"104583";""
"25155";"3199";"PLU";"COM";"2020-06-10 22:00:00+00:00";"2014-05-14 22:00:00+00:00";"39";"25";"27";"2021";"NON";"NON";"25155";"";"";"";"2021-10-06";"130999";""
"25156";"3199";"PLU";"COM";"2020-06-11 22:00:00+00:00";"2017-04-06 22:00:00+00:00";"39";"25";"27";"2021";"NON";"NON";"25156";"";"";"";"2021-10-06";"132538";""
"25157";"3432";"PLU";"CC";"2008-09-14 22:00:00+00:00";"2004-04-19 22:00:00+00:00";"33";"25";"27";"2021";"NON";"NON";"25157";"";"";"";"2021-10-06";"51667";""
"25160";"3499";"PLU";"CC";"2019-04-17 22:00:00+00:00";"2015-03-18 23:00:00+00:00";"39";"25";"27";"2021";"NON";"NON";"25160";"";"";"";"2021-10-06";"139016";""
"25166";"3199";"PLU";"COM";"2019-02-04 23:00:00+00:00";"2011-07-12 22:00:00+00:00";"39";"25";"27";"2021";"NON";"NON";"25166";"";"";"";"2021-10-06";"73078";""
"25170";"3199";"PLU";"COM";"2020-02-20 23:00:00+00:00";"2014-10-16 22:00:00+00:00";"39";"25";"27";"2021";"NON";"NON";"25170";"";"";"";"2021-10-06";"133493";""
"25172";"1199";"CC";"COM";"2013-05-22 22:00:00+00:00";"2009-04-16 22:00:00+00:00";"19";"25";"27";"2021";"NON";"NON";"25172";"";"";"";"2021-10-06";"66796";""
"25173";"1199";"CC";"COM";"2015-03-10 23:00:00+00:00";"2011-04-07 22:00:00+00:00";"19";"25";"27";"2021";"NON";"NON";"25173";"";"";"";"2021-10-06";"71434";""
"25176";"1432";"CC";"CC";"2008-02-05 23:00:00+00:00";"2003-06-24 22:00:00+00:00";"13";"25";"27";"2021";"NON";"NON";"25176";"";"";"";"2021-10-06";"67751";""
"25177";"1199";"CC";"COM";"2010-11-04 23:00:00+00:00";"2009-10-01 22:00:00+00:00";"19";"25";"27";"2021";"NON";"NON";"25177";"";"";"";"2021-10-06";"109608";""
"25180";"3199";"PLU";"COM";"2015-12-29 23:00:00+00:00";"2009-09-09 22:00:00+00:00";"39";"25";"27";"2021";"NON";"NON";"25180";"";"";"";"2021-10-06";"61702";""
"25186";"3432";"PLU";"CU";"2021-04-07 22:00:00+00:00";"2009-08-31 22:00:00+00:00";"33";"25";"27";"2021";"NON";"NON";"242500361";"";"";"";"2021-10-06";"61703";""
"25187";"1199";"CC";"COM";"2009-01-12 23:00:00+00:00";"2002-01-07 23:00:00+00:00";"19";"25";"27";"2021";"NON";"NON";"25187";"";"";"";"2021-10-06";"67753";""
"25188";"3199";"PLU";"COM";"2016-12-13 23:00:00+00:00";"2012-02-08 23:00:00+00:00";"39";"25";"27";"2021";"NON";"NON";"25188";"";"";"";"2021-10-06";"104744";""
"25189";"1199";"CC";"COM";"2008-10-16 22:00:00+00:00";"2004-10-03 22:00:00+00:00";"19";"25";"27";"2021";"NON";"NON";"25189";"";"";"";"2021-10-06";"67754";""
"25190";"3199";"PLU";"COM";"2020-02-23 23:00:00+00:00";"2017-05-21 22:00:00+00:00";"39";"25";"27";"2021";"NON";"NON";"25190";"";"";"";"2021-10-06";"156539";""
"25191";"1199";"CC";"COM";"2008-07-17 22:00:00+00:00";"2003-02-06 23:00:00+00:00";"19";"25";"27";"2021";"NON";"NON";"25191";"";"";"";"2021-10-06";"67755";""
"25193";"3199";"PLU";"COM";"2018-02-04 23:00:00+00:00";"2014-10-05 22:00:00+00:00";"39";"25";"27";"2021";"NON";"NON";"25193";"";"";"";"2021-10-06";"133492";""
"25194";"1199";"CC";"COM";"2020-01-21 23:00:00+00:00";"2015-03-24 23:00:00+00:00";"19";"25";"27";"2021";"NON";"NON";"25194";"";"";"";"2021-10-06";"138820";""
"25195";"3432";"PLU";"CU";"2020-03-01 23:00:00+00:00";"2014-11-13 23:00:00+00:00";"33";"25";"27";"2021";"NON";"NON";"242500361";"";"";"";"2021-10-06";"134022";""
"25196";"3199";"PLU";"COM";"2020-11-15 23:00:00+00:00";"2017-04-12 22:00:00+00:00";"39";"25";"27";"2021";"NON";"NON";"25196";"";"";"";"2021-10-06";"61700";""
"25197";"3432";"PLU";"CU";"2017-05-17 22:00:00+00:00";"2014-06-02 22:00:00+00:00";"33";"25";"27";"2021";"NON";"NON";"242500361";"";"";"";"2021-10-06";"130976";""
"25198";"3199";"PLU";"COM";"2014-02-20 23:00:00+00:00";"2010-05-24 22:00:00+00:00";"39";"25";"27";"2021";"NON";"NON";"25198";"";"";"";"2021-10-06";"50015";""
"25200";"3432";"PLU";"CU";"2019-09-25 22:00:00+00:00";"2010-01-28 23:00:00+00:00";"33";"25";"27";"2021";"NON";"NON";"242500361";"";"";"";"2021-10-06";"109824";""
"25202";"1432";"CC";"CC";"2011-02-22 23:00:00+00:00";"2009-07-09 22:00:00+00:00";"13";"25";"27";"2021";"NON";"NON";"25202";"";"";"";"2021-10-06";"48008";""
"25204";"3432";"PLU";"CC";"2007-12-20 23:00:00+00:00";"2002-02-07 23:00:00+00:00";"33";"25";"27";"2021";"NON";"NON";"25204";"";"";"";"2021-10-06";"51675";""
"25207";"1199";"CC";"COM";"2011-12-08 23:00:00+00:00";"2009-09-10 22:00:00+00:00";"19";"25";"27";"2021";"NON";"NON";"25207";"";"";"";"2021-10-06";"94573";""
"25210";"1199";"CC";"COM";"2012-04-19 22:00:00+00:00";"2003-03-09 23:00:00+00:00";"19";"25";"27";"2021";"NON";"NON";"25210";"";"";"";"2021-10-06";"16911";""
"25212";"3432";"PLU";"CU";"2016-01-14 23:00:00+00:00";"2009-06-11 22:00:00+00:00";"33";"25";"27";"2021";"NON";"NON";"242500361";"";"";"";"2021-10-06";"105369";""
"25213";"1199";"CC";"COM";"2012-07-17 22:00:00+00:00";"2010-10-24 22:00:00+00:00";"19";"25";"27";"2021";"NON";"NON";"25213";"";"";"";"2021-10-06";"65673";""
"25214";"1199";"CC";"COM";"2006-11-27 23:00:00+00:00";"2005-11-29 23:00:00+00:00";"19";"25";"27";"2021";"NON";"NON";"25214";"";"";"";"2021-10-06";"67757";""
"25215";"1199";"CC";"COM";"2009-04-09 22:00:00+00:00";"2004-10-03 22:00:00+00:00";"19";"25";"27";"2021";"NON";"NON";"25215";"";"";"";"2021-10-06";"69116";""
"25216";"1199";"CC";"COM";"2008-07-17 22:00:00+00:00";"2002-09-12 22:00:00+00:00";"19";"25";"27";"2021";"NON";"NON";"25216";"";"";"";"2021-10-06";"67758";""
"25217";"3199";"PLU";"COM";"2013-12-04 23:00:00+00:00";"2009-01-28 23:00:00+00:00";"39";"25";"27";"2021";"NON";"NON";"25217";"";"";"";"2021-10-06";"107745";""
"25218";"1432";"CC";"CC";"2012-08-09 22:00:00+00:00";"2010-09-01 22:00:00+00:00";"13";"25";"27";"2021";"NON";"NON";"25218";"";"";"";"2021-10-06";"66799";""
"25220";"3199";"PLU";"COM";"2018-10-04 22:00:00+00:00";"2014-07-10 22:00:00+00:00";"39";"25";"27";"2021";"NON";"NON";"25220";"";"";"";"2021-10-06";"132525";""
"25222";"1432";"CC";"CC";"2015-12-21 23:00:00+00:00";"2007-09-13 22:00:00+00:00";"13";"25";"27";"2021";"NON";"NON";"25222";"";"";"";"2021-10-06";"65936";""
"25228";"3199";"PLU";"COM";"2006-07-10 22:00:00+00:00";"2002-10-02 22:00:00+00:00";"39";"25";"27";"2021";"NON";"NON";"25228";"";"";"";"2021-10-06";"51678";""
"25229";"1432";"CC";"CC";"2012-06-12 22:00:00+00:00";"2011-04-07 22:00:00+00:00";"13";"25";"27";"2021";"NON";"NON";"25229";"";"";"";"2021-10-06";"70970";""
"25230";"3199";"PLU";"COM";"2008-06-26 22:00:00+00:00";"2002-03-21 23:00:00+00:00";"39";"25";"27";"2021";"NON";"NON";"25230";"";"";"";"2021-10-06";"51682";""
"25234";"1199";"CC";"COM";"2008-03-27 23:00:00+00:00";"2006-03-28 22:00:00+00:00";"19";"25";"27";"2021";"NON";"NON";"25234";"";"";"";"2021-10-06";"67760";""
"25235";"1199";"CC";"COM";"2010-01-01 23:00:00+00:00";"2005-02-14 23:00:00+00:00";"19";"25";"27";"2021";"NON";"NON";"25235";"";"";"";"2021-10-06";"69117";""
"25236";"3199";"PLU";"COM";"2008-06-09 22:00:00+00:00";"2005-01-31 23:00:00+00:00";"39";"25";"27";"2021";"NON";"NON";"25236";"";"";"";"2021-10-06";"51683";""
"25237";"3199";"PLU";"COM";"2019-12-17 23:00:00+00:00";"2016-02-09 23:00:00+00:00";"39";"25";"27";"2021";"NON";"NON";"25237";"";"";"";"2021-10-06";"149856";""
"25240";"3499";"PLU";"CC";"2019-03-18 23:00:00+00:00";"2014-06-19 22:00:00+00:00";"39";"25";"27";"2021";"NON";"NON";"25240";"";"";"";"2021-10-06";"131005";""
"25243";"3432";"PLU";"CC";"2016-06-12 22:00:00+00:00";"2009-02-26 23:00:00+00:00";"33";"25";"27";"2021";"NON";"NON";"25243";"";"";"";"2021-10-06";"49341";""
"25245";"3432";"PLU";"CU";"2017-09-20 22:00:00+00:00";"2013-05-12 22:00:00+00:00";"33";"25";"27";"2021";"NON";"NON";"242500361";"";"";"";"2021-10-06";"122710";""
"25246";"1199";"CC";"COM";"2008-03-10 23:00:00+00:00";"2006-10-26 22:00:00+00:00";"19";"25";"27";"2021";"NON";"NON";"25246";"";"";"";"2021-10-06";"67761";""
"25247";"1199";"CC";"COM";"2014-04-02 22:00:00+00:00";"2011-02-24 23:00:00+00:00";"19";"25";"27";"2021";"NON";"NON";"25247";"";"";"";"2021-10-06";"70961";""
"25248";"1131";"CC";"COM";"2007-04-25 22:00:00+00:00";"2002-02-08 23:00:00+00:00";"13";"25";"27";"2021";"NON";"NON";"25248";"";"";"";"2021-10-06";"67762";""
"25252";"1199";"CC";"COM";"2006-11-05 23:00:00+00:00";"2004-08-22 22:00:00+00:00";"19";"25";"27";"2021";"NON";"NON";"25252";"";"";"";"2021-10-06";"67764";""
"25253";"3199";"PLU";"COM";"2018-11-15 23:00:00+00:00";"2011-01-20 23:00:00+00:00";"39";"25";"27";"2021";"NON";"NON";"25253";"";"";"";"2021-10-06";"50016";""
"25254";"3199";"PLU";"COM";"2017-05-25 22:00:00+00:00";"2011-04-20 22:00:00+00:00";"39";"25";"27";"2021";"NON";"NON";"25254";"";"";"";"2021-10-06";"71437";""
"25256";"3199";"PLU";"COM";"2020-06-15 22:00:00+00:00";"2014-11-30 23:00:00+00:00";"39";"25";"27";"2021";"NON";"NON";"25256";"";"";"";"2021-10-06";"134066";""
"25258";"3432";"PLU";"CU";"2016-06-05 22:00:00+00:00";"2012-01-04 23:00:00+00:00";"33";"25";"27";"2021";"NON";"NON";"242500361";"";"";"";"2021-10-06";"104580";""
"25259";"3432";"PLU";"CC";"2017-01-17 23:00:00+00:00";"2009-11-04 23:00:00+00:00";"33";"25";"27";"2021";"NON";"NON";"25259";"";"";"";"2021-10-06";"61704";""
"25263";"3199";"PLU";"COM";"2017-02-22 23:00:00+00:00";"2014-08-28 22:00:00+00:00";"39";"25";"27";"2021";"NON";"NON";"25263";"";"";"";"2021-10-06";"132536";""
"25265";"3432";"PLU";"CU";"2019-09-25 22:00:00+00:00";"2009-08-31 22:00:00+00:00";"33";"25";"27";"2021";"NON";"NON";"242500361";"";"";"";"2021-10-06";"61706";""
"25267";"3432";"PLU";"CU";"2010-05-06 22:00:00+00:00";"2005-12-08 23:00:00+00:00";"33";"25";"27";"2021";"NON";"NON";"242500361";"";"";"";"2021-10-06";"51686";""
"25271";"3199";"PLU";"COM";"2015-10-21 22:00:00+00:00";"2011-01-19 23:00:00+00:00";"39";"25";"27";"2021";"NON";"NON";"25271";"";"";"";"2021-10-06";"61707";""
"25273";"1199";"CC";"COM";"2007-07-31 22:00:00+00:00";"2004-03-28 22:00:00+00:00";"19";"25";"27";"2021";"NON";"NON";"25273";"";"";"";"2021-10-06";"67766";""
"25274";"1199";"CC";"COM";"2019-04-10 22:00:00+00:00";"2017-02-22 23:00:00+00:00";"19";"25";"27";"2021";"NON";"NON";"25274";"";"";"";"2021-10-06";"156538";""
"25275";"1199";"CC";"COM";"2012-01-02 23:00:00+00:00";"2002-01-23 23:00:00+00:00";"19";"25";"27";"2021";"NON";"NON";"25275";"";"";"";"2021-10-06";"16926";""
"25278";"1432";"CC";"CC";"2013-07-01 22:00:00+00:00";"2004-10-03 22:00:00+00:00";"13";"25";"27";"2021";"NON";"NON";"242504181";"";"";"";"2021-10-06";"73062";""
"25281";"1199";"CC";"COM";"2008-06-04 22:00:00+00:00";"2003-09-25 22:00:00+00:00";"19";"25";"27";"2021";"NON";"NON";"25281";"";"";"";"2021-10-06";"16927";""
"25282";"1432";"CC";"CC";"2006-10-10 22:00:00+00:00";"2003-01-15 23:00:00+00:00";"13";"25";"27";"2021";"NON";"NON";"25282";"";"";"";"2021-10-06";"65943";""
"25284";"3199";"PLU";"COM";"2007-01-29 23:00:00+00:00";"2001-09-27 22:00:00+00:00";"39";"25";"27";"2021";"NON";"NON";"25284";"";"";"";"2021-10-06";"51688";""
"25285";"3499";"PLU";"CC";"2021-06-27 22:00:00+00:00";"2017-02-06 23:00:00+00:00";"39";"25";"27";"2021";"NON";"NON";"25285";"";"";"";"2021-10-06";"155494";""
"25287";"3432";"PLU";"CU";"2012-07-05 22:00:00+00:00";"2003-12-04 23:00:00+00:00";"33";"25";"27";"2021";"NON";"NON";"242500361";"";"";"";"2021-10-06";"61708";""
"25288";"3432";"PLU";"CC";"2014-03-12 23:00:00+00:00";"2009-09-09 22:00:00+00:00";"33";"25";"27";"2021";"NON";"NON";"25288";"";"";"";"2021-10-06";"50196";""
"25293";"3432";"PLU";"CC";"2004-11-18 23:00:00+00:00";"1998-03-18 23:00:00+00:00";"33";"25";"27";"2021";"NON";"NON";"25293";"";"";"";"2021-10-06";"51689";""
"25295";"3199";"PLU";"COM";"2018-02-07 23:00:00+00:00";"2014-06-12 22:00:00+00:00";"39";"25";"27";"2021";"NON";"NON";"25295";"";"";"";"2021-10-06";"130978";""
"25297";"3432";"PLU";"CU";"2014-03-19 23:00:00+00:00";"2010-05-26 22:00:00+00:00";"33";"25";"27";"2021";"NON";"NON";"242500361";"";"";"";"2021-10-06";"50197";""
"25301";"3432";"PLU";"CC";"2015-07-15 22:00:00+00:00";"2008-05-29 22:00:00+00:00";"33";"25";"27";"2021";"NON";"NON";"25301";"";"";"";"2021-10-06";"50198";""
"25303";"3199";"PLU";"COM";"2017-10-04 22:00:00+00:00";"2014-09-03 22:00:00+00:00";"39";"25";"27";"2021";"NON";"NON";"25303";"";"";"";"2021-10-06";"132533";""
"25304";"3199";"PLU";"COM";"2014-02-22 23:00:00+00:00";"2010-06-24 22:00:00+00:00";"39";"25";"27";"2021";"NON";"NON";"25304";"";"";"";"2021-10-06";"61709";""
"25305";"1131";"CC";"COM";"2003-05-28 22:00:00+00:00";"2002-01-24 23:00:00+00:00";"13";"25";"27";"2021";"NON";"NON";"25305";"";"";"";"2021-10-06";"69118";""
"25308";"3199";"PLU";"COM";"2019-07-17 22:00:00+00:00";"2011-09-28 22:00:00+00:00";"39";"25";"27";"2021";"NON";"NON";"25308";"";"";"";"2021-10-06";"84780";""
"25309";"3432";"PLU";"CC";"2006-09-07 22:00:00+00:00";"2002-09-05 22:00:00+00:00";"33";"25";"27";"2021";"NON";"NON";"25309";"";"";"";"2021-10-06";"51696";""
"25311";"1199";"CC";"COM";"2017-03-29 22:00:00+00:00";"2008-09-18 22:00:00+00:00";"19";"25";"27";"2021";"NON";"NON";"25311";"";"";"";"2021-10-06";"65944";""
"25315";"3131";"PLU";"COM";"2005-10-13 22:00:00+00:00";"2001-07-05 22:00:00+00:00";"33";"25";"27";"2021";"NON";"NON";"25315";"";"";"";"2021-10-06";"51694";""
"25316";"3199";"PLU";"COM";"2014-03-05 23:00:00+00:00";"2009-02-11 23:00:00+00:00";"39";"25";"27";"2021";"NON";"NON";"25316";"";"";"";"2021-10-06";"50199";""
"25317";"1199";"CC";"COM";"2007-06-12 22:00:00+00:00";"2004-11-07 23:00:00+00:00";"19";"25";"27";"2021";"NON";"NON";"25317";"";"";"";"2021-10-06";"67768";""
"25318";"3199";"PLU";"COM";"2010-08-09 22:00:00+00:00";"2003-06-23 22:00:00+00:00";"39";"25";"27";"2021";"NON";"NON";"25318";"";"";"";"2021-10-06";"51695";""
"25320";"3199";"PLU";"COM";"2020-02-27 23:00:00+00:00";"2014-05-27 22:00:00+00:00";"39";"25";"27";"2021";"NON";"NON";"25320";"";"";"";"2021-10-06";"130977";""
"25321";"3499";"PLU";"CC";"2009-09-21 22:00:00+00:00";"2003-03-27 23:00:00+00:00";"39";"25";"27";"2021";"NON";"NON";"25321";"";"";"";"2021-10-06";"61710";""
"25323";"1199";"CC";"COM";"2009-04-09 22:00:00+00:00";"2004-02-13 23:00:00+00:00";"19";"25";"27";"2021";"NON";"NON";"25323";"";"";"";"2021-10-06";"69119";""
"25324";"1199";"CC";"COM";"2006-09-03 22:00:00+00:00";"2004-12-15 23:00:00+00:00";"19";"25";"27";"2021";"NON";"NON";"25324";"";"";"";"2021-10-06";"67769";""
"25326";"3199";"PLU";"COM";"2013-10-03 22:00:00+00:00";"2006-09-04 22:00:00+00:00";"39";"25";"27";"2021";"NON";"NON";"25326";"";"";"";"2021-10-06";"50200";""
"25328";"3432";"PLU";"CU";"2017-02-16 23:00:00+00:00";"2014-07-03 22:00:00+00:00";"33";"25";"27";"2021";"NON";"NON";"242500361";"";"";"";"2021-10-06";"130998";""
"25330";"1199";"CC";"COM";"2013-10-07 22:00:00+00:00";"2010-04-11 22:00:00+00:00";"19";"25";"27";"2021";"NON";"NON";"25330";"";"";"";"2021-10-06";"66803";""
"25332";"3199";"PLU";"COM";"2019-03-28 23:00:00+00:00";"2012-05-24 22:00:00+00:00";"39";"25";"27";"2021";"NON";"NON";"25332";"";"";"";"2021-10-06";"109080";""
"25333";"3432";"PLU";"CC";"2017-07-02 22:00:00+00:00";"2012-07-02 22:00:00+00:00";"33";"25";"27";"2021";"NON";"NON";"25333";"";"";"";"2021-10-06";"109545";""
"25334";"3432";"PLU";"CC";"2004-08-05 22:00:00+00:00";"2001-07-12 22:00:00+00:00";"33";"25";"27";"2021";"NON";"NON";"25334";"";"";"";"2021-10-06";"51700";""
"25335";"1199";"CC";"COM";"2009-02-08 23:00:00+00:00";"2005-02-03 23:00:00+00:00";"19";"25";"27";"2021";"NON";"NON";"25335";"";"";"";"2021-10-06";"69120";""
"25336";"3199";"PLU";"COM";"2008-02-14 23:00:00+00:00";"2005-03-17 23:00:00+00:00";"39";"25";"27";"2021";"NON";"NON";"25336";"";"";"";"2021-10-06";"51698";""
"25339";"3199";"PLU";"COM";"2007-11-27 23:00:00+00:00";"1993-03-30 22:00:00+00:00";"39";"25";"27";"2021";"NON";"NON";"25339";"";"";"";"2021-10-06";"51702";""
"25340";"1199";"CC";"COM";"2015-02-09 23:00:00+00:00";"2008-11-05 23:00:00+00:00";"19";"25";"27";"2021";"NON";"NON";"25340";"";"";"";"2021-10-06";"66804";""
"25345";"3199";"PLU";"COM";"2019-03-19 23:00:00+00:00";"2014-06-19 22:00:00+00:00";"39";"25";"27";"2021";"NON";"NON";"25345";"";"";"";"2021-10-06";"137500";""
"25346";"1199";"CC";"COM";"2007-01-11 23:00:00+00:00";"2003-06-26 22:00:00+00:00";"19";"25";"27";"2021";"NON";"NON";"25346";"";"";"";"2021-10-06";"67770";""
"25347";"3199";"PLU";"COM";"2016-05-23 22:00:00+00:00";"2011-10-27 22:00:00+00:00";"39";"25";"27";"2021";"NON";"NON";"25347";"";"";"";"2021-10-06";"84803";""
"25348";"3199";"PLU";"COM";"2017-12-17 23:00:00+00:00";"2013-10-13 22:00:00+00:00";"39";"25";"27";"2021";"NON";"NON";"25348";"";"";"";"2021-10-06";"125226";""
"25350";"3199";"PLU";"COM";"2011-02-24 23:00:00+00:00";"2002-05-30 22:00:00+00:00";"39";"25";"27";"2021";"NON";"NON";"25350";"";"";"";"2021-10-06";"30827";""
"25351";"1199";"CC";"COM";"2010-08-09 22:00:00+00:00";"2006-11-29 23:00:00+00:00";"19";"25";"27";"2021";"NON";"NON";"25351";"";"";"";"2021-10-06";"69105";""
"25356";"3131";"PLU";"COM";"2008-02-24 23:00:00+00:00";"2002-12-12 23:00:00+00:00";"33";"25";"27";"2021";"NON";"NON";"25356";"";"";"";"2021-10-06";"51703";""
"25357";"3199";"PLU";"COM";"2015-01-12 23:00:00+00:00";"2010-04-28 22:00:00+00:00";"39";"25";"27";"2021";"NON";"NON";"25357";"";"";"";"2021-10-06";"50017";""
"25360";"3199";"PLU";"COM";"2013-06-16 22:00:00+00:00";"2009-07-19 22:00:00+00:00";"39";"25";"27";"2021";"NON";"NON";"25360";"";"";"";"2021-10-06";"50018";""
"25361";"3199";"PLU";"COM";"2017-03-23 23:00:00+00:00";"2009-01-22 23:00:00+00:00";"39";"25";"27";"2021";"NON";"NON";"25361";"";"";"";"2021-10-06";"61713";""
"25364";"3432";"PLU";"CU";"2005-12-14 23:00:00+00:00";"1993-07-08 22:00:00+00:00";"33";"25";"27";"2021";"NON";"NON";"242500361";"";"";"";"2021-10-06";"51711";""
"25365";"1111";"CC";"COM";"2016-05-10 22:00:00+00:00";"2012-02-28 23:00:00+00:00";"11";"25";"27";"2021";"NON";"NON";"25365";"";"";"";"2021-10-06";"104746";""
"25366";"1199";"CC";"COM";"2013-06-09 22:00:00+00:00";"2011-04-18 22:00:00+00:00";"19";"25";"27";"2021";"NON";"NON";"25366";"";"";"";"2021-10-06";"71436";""
"25367";"3199";"PLU";"COM";"2019-03-27 23:00:00+00:00";"2014-09-25 22:00:00+00:00";"39";"25";"27";"2021";"NON";"NON";"25367";"";"";"";"2021-10-06";"132546";""
"25368";"3432";"PLU";"CU";"2007-11-01 23:00:00+00:00";"1999-03-25 23:00:00+00:00";"33";"25";"27";"2021";"NON";"NON";"242500361";"";"";"";"2021-10-06";"56798";""
"25370";"3199";"PLU";"COM";"2007-04-05 22:00:00+00:00";"2001-11-08 23:00:00+00:00";"39";"25";"27";"2021";"NON";"NON";"25370";"";"";"";"2021-10-06";"51705";""
"25371";"1432";"CC";"CU";"2008-02-14 23:00:00+00:00";"2005-08-31 22:00:00+00:00";"13";"25";"27";"2021";"NON";"NON";"242500361";"";"";"";"2021-10-06";"67771";""
"25374";"3199";"PLU";"COM";"2014-10-16 22:00:00+00:00";"2010-06-17 22:00:00+00:00";"39";"25";"27";"2021";"NON";"NON";"25374";"";"";"";"2021-10-06";"49233";""
"25375";"1199";"CC";"COM";"2008-08-28 22:00:00+00:00";"2003-03-26 23:00:00+00:00";"19";"25";"27";"2021";"NON";"NON";"25375";"";"";"";"2021-10-06";"67772";""
"25376";"1432";"CC";"CU";"2006-07-03 22:00:00+00:00";"2003-04-14 22:00:00+00:00";"13";"25";"27";"2021";"NON";"NON";"242500361";"";"";"";"2021-10-06";"67773";""
"25377";"3199";"PLU";"COM";"2015-07-30 22:00:00+00:00";"2010-02-25 23:00:00+00:00";"39";"25";"27";"2021";"NON";"NON";"25377";"";"";"";"2021-10-06";"50019";""
"25378";"1199";"CC";"COM";"2005-07-17 22:00:00+00:00";"2002-03-21 23:00:00+00:00";"19";"25";"27";"2021";"NON";"NON";"25378";"";"";"";"2021-10-06";"67774";""
"25380";"3131";"PLU";"COM";"2011-11-13 23:00:00+00:00";"2003-05-11 22:00:00+00:00";"33";"25";"27";"2021";"NON";"NON";"25380";"";"";"";"2021-10-06";"61714";""
"25381";"3432";"PLU";"CU";"2008-01-29 23:00:00+00:00";"2004-01-27 23:00:00+00:00";"33";"25";"27";"2021";"NON";"NON";"242500361";"";"";"";"2021-10-06";"51706";""
"25382";"1199";"CC";"COM";"2008-03-17 23:00:00+00:00";"2006-06-30 22:00:00+00:00";"19";"25";"27";"2021";"NON";"NON";"25382";"";"";"";"2021-10-06";"67775";""
"25383";"1199";"CC";"COM";"2006-11-26 23:00:00+00:00";"2004-06-03 22:00:00+00:00";"19";"25";"27";"2021";"NON";"NON";"25383";"";"";"";"2021-10-06";"67776";""
"25387";"3199";"PLU";"COM";"2015-06-16 22:00:00+00:00";"2011-05-17 22:00:00+00:00";"39";"25";"27";"2021";"NON";"NON";"25387";"";"";"";"2021-10-06";"71510";""
"25388";"3199";"PLU";"COM";"2017-03-19 23:00:00+00:00";"2014-12-14 23:00:00+00:00";"39";"25";"27";"2021";"NON";"NON";"25388";"";"";"";"2021-10-06";"135099";""
"25389";"3199";"PLU";"COM";"2019-06-26 22:00:00+00:00";"2011-09-29 22:00:00+00:00";"39";"25";"27";"2021";"NON";"NON";"25389";"";"";"";"2021-10-06";"104582";""
"25391";"3199";"PLU";"COM";"2014-03-16 23:00:00+00:00";"2009-02-25 23:00:00+00:00";"39";"25";"27";"2021";"NON";"NON";"25391";"";"";"";"2021-10-06";"50020";""
"25392";"3199";"PLU";"COM";"2017-06-01 22:00:00+00:00";"2012-04-05 22:00:00+00:00";"39";"25";"27";"2021";"NON";"NON";"25392";"";"";"";"2021-10-06";"107728";""
"25393";"1199";"CC";"COM";"2006-01-09 23:00:00+00:00";"2002-05-16 22:00:00+00:00";"19";"25";"27";"2021";"NON";"NON";"25393";"";"";"";"2021-10-06";"67778";""
"25394";"3199";"PLU";"COM";"2008-03-20 23:00:00+00:00";"2002-02-08 23:00:00+00:00";"39";"25";"27";"2021";"NON";"NON";"25394";"";"";"";"2021-10-06";"51708";""
"25395";"3432";"PLU";"CU";"2010-01-25 23:00:00+00:00";"2004-07-11 22:00:00+00:00";"33";"25";"27";"2021";"NON";"NON";"242500361";"";"";"";"2021-10-06";"51710";""
"25397";"3432";"PLU";"CU";"2013-04-24 22:00:00+00:00";"2008-04-10 22:00:00+00:00";"33";"25";"27";"2021";"NON";"NON";"242500361";"";"";"";"2021-10-06";"61715";""
"25400";"1199";"CC";"COM";"2013-07-07 22:00:00+00:00";"2008-05-15 22:00:00+00:00";"19";"25";"27";"2021";"NON";"NON";"25400";"";"";"";"2021-10-06";"66806";""
"25403";"3499";"PLU";"CC";"2019-03-17 23:00:00+00:00";"2011-08-30 22:00:00+00:00";"39";"25";"27";"2021";"NON";"NON";"25403";"";"";"";"2021-10-06";"75980";""
"25405";"3199";"PLU";"COM";"2021-03-28 22:00:00+00:00";"2014-11-20 23:00:00+00:00";"39";"25";"27";"2021";"NON";"NON";"25405";"";"";"";"2021-10-06";"134251";""
"25406";"3199";"PLU";"COM";"2016-01-10 23:00:00+00:00";"2010-11-14 23:00:00+00:00";"39";"25";"27";"2021";"NON";"NON";"25406";"";"";"";"2021-10-06";"61716";""
"25410";"3432";"PLU";"CU";"2014-12-21 23:00:00+00:00";"2011-09-29 22:00:00+00:00";"33";"25";"27";"2021";"NON";"NON";"242500361";"";"";"";"2021-10-06";"84774";""
"25411";"3499";"PLU";"CC";"2019-04-04 22:00:00+00:00";"2012-04-15 22:00:00+00:00";"39";"25";"27";"2021";"NON";"NON";"25411";"";"";"";"2021-10-06";"109656";""
"25413";"3199";"PLU";"COM";"2015-02-16 23:00:00+00:00";"2011-03-07 23:00:00+00:00";"39";"25";"27";"2021";"NON";"NON";"25413";"";"";"";"2021-10-06";"61712";""
"25414";"1199";"CC";"COM";"2017-04-25 22:00:00+00:00";"2014-12-17 23:00:00+00:00";"19";"25";"27";"2021";"NON";"NON";"25414";"";"";"";"2021-10-06";"137308";""
"25417";"1432";"CC";"CC";"2006-12-19 23:00:00+00:00";"2002-09-19 22:00:00+00:00";"13";"25";"27";"2021";"NON";"NON";"242504181";"";"";"";"2021-10-06";"67779";""
"25418";"3432";"PLU";"CU";"2019-05-22 22:00:00+00:00";"2009-07-09 22:00:00+00:00";"33";"25";"27";"2021";"NON";"NON";"242500361";"";"";"";"2021-10-06";"65093";""
"25421";"1199";"CC";"COM";"2012-12-19 23:00:00+00:00";"2004-12-16 23:00:00+00:00";"19";"25";"27";"2021";"NON";"NON";"25421";"";"";"";"2021-10-06";"16947";""
"25424";"3432";"PLU";"CC";"2017-04-03 22:00:00+00:00";"2011-11-20 23:00:00+00:00";"33";"25";"27";"2021";"NON";"NON";"242504181";"";"";"";"2021-10-06";"94602";""
"25425";"3199";"PLU";"COM";"2016-05-11 22:00:00+00:00";"2011-02-09 23:00:00+00:00";"39";"25";"27";"2021";"NON";"NON";"25425";"";"";"";"2021-10-06";"65094";""
"25426";"1111";"CC";"COM";"2007-06-05 22:00:00+00:00";"2005-02-23 23:00:00+00:00";"11";"25";"27";"2021";"NON";"NON";"25426";"";"";"";"2021-10-06";"67780";""
"25427";"1432";"CC";"CU";"2007-11-05 23:00:00+00:00";"2003-11-26 23:00:00+00:00";"13";"25";"27";"2021";"NON";"NON";"242500361";"";"";"";"2021-10-06";"67781";""
"25428";"3199";"PLU";"COM";"2005-01-26 23:00:00+00:00";"2001-06-13 22:00:00+00:00";"39";"25";"27";"2021";"NON";"NON";"25428";"";"";"";"2021-10-06";"51715";""
"25429";"3432";"PLU";"CU";"2008-02-20 23:00:00+00:00";"2002-10-28 23:00:00+00:00";"33";"25";"27";"2021";"NON";"NON";"242500361";"";"";"";"2021-10-06";"51717";""
"25431";"3199";"PLU";"COM";"2017-02-02 23:00:00+00:00";"2013-04-11 22:00:00+00:00";"39";"25";"27";"2021";"NON";"NON";"25431";"";"";"";"2021-10-06";"121497";""
"25432";"3432";"PLU";"CC";"2009-11-03 23:00:00+00:00";"2004-10-05 22:00:00+00:00";"33";"25";"27";"2021";"NON";"NON";"25432";"";"";"";"2021-10-06";"51719";""
"25434";"3199";"PLU";"COM";"2002-06-24 22:00:00+00:00";"1997-12-03 23:00:00+00:00";"39";"25";"27";"2021";"NON";"NON";"25434";"";"";"";"2021-10-06";"51714";""
"25437";"1199";"CC";"COM";"2011-08-18 22:00:00+00:00";"2004-10-03 22:00:00+00:00";"19";"25";"27";"2021";"NON";"NON";"25437";"";"";"";"2021-10-06";"67357";""
"25438";"3432";"PLU";"CU";"2021-06-27 22:00:00+00:00";"2016-06-08 22:00:00+00:00";"33";"25";"27";"2021";"NON";"NON";"242500361";"";"";"";"2021-10-06";"149839";""
"25444";"1432";"CC";"CU";"2012-01-02 23:00:00+00:00";"2009-02-12 23:00:00+00:00";"13";"25";"27";"2021";"NON";"NON";"242500361";"";"";"";"2021-10-06";"66808";""
"25448";"3432";"PLU";"CU";"2014-02-09 23:00:00+00:00";"2012-02-05 23:00:00+00:00";"33";"25";"27";"2021";"NON";"NON";"242500361";"";"";"";"2021-10-06";"104737";""
"25449";"1199";"CC";"COM";"2011-09-15 22:00:00+00:00";"2008-04-22 22:00:00+00:00";"19";"25";"27";"2021";"NON";"NON";"25449";"";"";"";"2021-10-06";"66809";""
"25452";"1199";"CC";"COM";"2009-04-29 22:00:00+00:00";"2007-06-26 22:00:00+00:00";"19";"25";"27";"2021";"NON";"NON";"25452";"";"";"";"2021-10-06";"69121";""
"25453";"3432";"PLU";"CC";"2007-12-17 23:00:00+00:00";"2002-02-07 23:00:00+00:00";"33";"25";"27";"2021";"NON";"NON";"25453";"";"";"";"2021-10-06";"51720";""
"25454";"3432";"PLU";"CU";"2013-03-11 23:00:00+00:00";"2003-01-14 23:00:00+00:00";"33";"25";"27";"2021";"NON";"NON";"242500361";"";"";"";"2021-10-06";"61717";""
"25456";"3199";"PLU";"COM";"2014-01-12 23:00:00+00:00";"2009-06-16 22:00:00+00:00";"39";"25";"27";"2021";"NON";"NON";"25456";"";"";"";"2021-10-06";"49345";""
"25459";"1199";"CC";"COM";"2006-10-08 22:00:00+00:00";"2004-07-04 22:00:00+00:00";"19";"25";"27";"2021";"NON";"NON";"25459";"";"";"";"2021-10-06";"67782";""
"25460";"3199";"PLU";"COM";"2018-10-28 23:00:00+00:00";"2013-01-28 23:00:00+00:00";"39";"25";"27";"2021";"NON";"NON";"25460";"";"";"";"2021-10-06";"120606";""
"25462";"3432";"PLU";"CC";"2011-12-06 23:00:00+00:00";"2006-12-19 23:00:00+00:00";"33";"25";"27";"2021";"NON";"NON";"25462";"";"";"";"2021-10-06";"61718";""
"25463";"3199";"PLU";"COM";"2005-07-07 22:00:00+00:00";"2002-02-28 23:00:00+00:00";"39";"25";"27";"2021";"NON";"NON";"25463";"";"";"";"2021-10-06";"51721";""
"25466";"3432";"PLU";"CU";"2017-02-02 23:00:00+00:00";"2013-03-28 23:00:00+00:00";"33";"25";"27";"2021";"NON";"NON";"242500361";"";"";"";"2021-10-06";"121495";""
"25467";"3432";"PLU";"CU";"2013-10-17 22:00:00+00:00";"2009-03-01 23:00:00+00:00";"33";"25";"27";"2021";"NON";"NON";"242500361";"";"";"";"2021-10-06";"61719";""
"25468";"1199";"CC";"COM";"2010-03-23 23:00:00+00:00";"2003-09-11 22:00:00+00:00";"19";"25";"27";"2021";"NON";"NON";"25468";"";"";"";"2021-10-06";"69107";""
"25469";"3199";"PLU";"COM";"2019-03-19 23:00:00+00:00";"2008-12-01 23:00:00+00:00";"39";"25";"27";"2021";"NON";"NON";"25469";"";"";"";"2021-10-06";"61720";""
"25471";"1199";"CC";"COM";"2018-09-03 22:00:00+00:00";"2014-11-09 23:00:00+00:00";"19";"25";"27";"2021";"NON";"NON";"25471";"";"";"";"2021-10-06";"65950";""
"25473";"3432";"PLU";"CU";"2014-03-02 23:00:00+00:00";"2009-04-29 22:00:00+00:00";"33";"25";"27";"2021";"NON";"NON";"242500361";"";"";"";"2021-10-06";"109663";""
"25474";"1199";"CC";"COM";"2009-08-19 22:00:00+00:00";"2005-05-30 22:00:00+00:00";"19";"25";"27";"2021";"NON";"NON";"25474";"";"";"";"2021-10-06";"69122";""
"25476";"1199";"CC";"COM";"2008-02-24 23:00:00+00:00";"2002-10-24 22:00:00+00:00";"19";"25";"27";"2021";"NON";"NON";"25476";"";"";"";"2021-10-06";"67783";""
"25477";"3432";"PLU";"CU";"2004-03-28 22:00:00+00:00";"2000-03-30 22:00:00+00:00";"33";"25";"27";"2021";"NON";"NON";"242500361";"";"";"";"2021-10-06";"51723";""
"25479";"3199";"PLU";"COM";"2016-10-04 22:00:00+00:00";"2009-12-03 23:00:00+00:00";"39";"25";"27";"2021";"NON";"NON";"25479";"";"";"";"2021-10-06";"49346";""
"25481";"3199";"PLU";"COM";"2014-05-13 22:00:00+00:00";"2002-03-06 23:00:00+00:00";"39";"25";"27";"2021";"NON";"NON";"25481";"";"";"";"2021-10-06";"49343";""
"25482";"3199";"PLU";"COM";"2017-12-14 23:00:00+00:00";"2012-10-25 22:00:00+00:00";"39";"25";"27";"2021";"NON";"NON";"25482";"";"";"";"2021-10-06";"114947";""
"25485";"1199";"CC";"COM";"2009-08-04 22:00:00+00:00";"2005-03-24 23:00:00+00:00";"19";"25";"27";"2021";"NON";"NON";"25485";"";"";"";"2021-10-06";"69123";""
"25489";"1199";"CC";"COM";"2009-12-03 23:00:00+00:00";"2008-06-11 22:00:00+00:00";"19";"25";"27";"2021";"NON";"NON";"25489";"";"";"";"2021-10-06";"69108";""
"25493";"1432";"CC";"CC";"2008-01-15 23:00:00+00:00";"2004-05-31 22:00:00+00:00";"13";"25";"27";"2021";"NON";"NON";"25493";"";"";"";"2021-10-06";"67784";""
"25494";"3199";"PLU";"COM";"2018-06-13 22:00:00+00:00";"2013-11-11 23:00:00+00:00";"39";"25";"27";"2021";"NON";"NON";"25494";"";"";"";"2021-10-06";"126475";""
"25495";"3432";"PLU";"CU";"2010-06-09 22:00:00+00:00";"2001-10-25 22:00:00+00:00";"33";"25";"27";"2021";"NON";"NON";"242500361";"";"";"";"2021-10-06";"51726";""
"25497";"1199";"CC";"COM";"2010-03-23 23:00:00+00:00";"2009-01-08 23:00:00+00:00";"19";"25";"27";"2021";"NON";"NON";"25497";"";"";"";"2021-10-06";"104939";""
"25502";"3432";"PLU";"CU";"2013-10-17 22:00:00+00:00";"2009-05-28 22:00:00+00:00";"33";"25";"27";"2021";"NON";"NON";"242500361";"";"";"";"2021-10-06";"65057";""
"25505";"3131";"PLU";"COM";"2011-02-17 23:00:00+00:00";"2001-01-06 23:00:00+00:00";"33";"25";"27";"2021";"NON";"NON";"25505";"";"";"";"2021-10-06";"61722";""
"25506";"1199";"CC";"COM";"2015-01-08 23:00:00+00:00";"2011-06-07 22:00:00+00:00";"19";"25";"27";"2021";"NON";"NON";"25506";"";"";"";"2021-10-06";"84767";""
"25508";"3199";"PLU";"COM";"2021-01-29 23:00:00+00:00";"2014-09-17 22:00:00+00:00";"39";"25";"27";"2021";"NON";"NON";"25508";"";"";"";"2021-10-06";"132543";""
"25510";"3199";"PLU";"COM";"2015-09-10 22:00:00+00:00";"2012-03-15 23:00:00+00:00";"39";"25";"27";"2021";"NON";"NON";"25510";"";"";"";"2021-10-06";"111635";""
"25512";"3199";"PLU";"COM";"2012-10-18 22:00:00+00:00";"2007-12-13 23:00:00+00:00";"39";"25";"27";"2021";"NON";"NON";"25512";"";"";"";"2021-10-06";"61723";""
"25514";"1199";"CC";"COM";"2006-11-24 23:00:00+00:00";"2003-10-20 22:00:00+00:00";"19";"25";"27";"2021";"NON";"NON";"25514";"";"";"";"2021-10-06";"67786";""
"25515";"1432";"CC";"CC";"2011-07-18 22:00:00+00:00";"2008-06-26 22:00:00+00:00";"13";"25";"27";"2021";"NON";"NON";"25515";"";"";"";"2021-10-06";"65951";""
"25516";"1199";"CC";"COM";"2014-04-23 22:00:00+00:00";"2009-09-10 22:00:00+00:00";"19";"25";"27";"2021";"NON";"NON";"25516";"";"";"";"2021-10-06";"66812";""
"25517";"1199";"CC";"COM";"2020-06-22 22:00:00+00:00";"2014-05-25 22:00:00+00:00";"19";"25";"27";"2021";"NON";"NON";"25517";"";"";"";"2021-10-06";"130979";""
"25518";"1199";"CC";"COM";"2009-12-03 23:00:00+00:00";"2005-02-17 23:00:00+00:00";"19";"25";"27";"2021";"NON";"NON";"25518";"";"";"";"2021-10-06";"69125";""
"25519";"3199";"PLU";"COM";"2017-07-07 22:00:00+00:00";"2014-06-26 22:00:00+00:00";"39";"25";"27";"2021";"NON";"NON";"25519";"";"";"";"2021-10-06";"61724";""
"25521";"3199";"PLU";"COM";"2018-02-21 23:00:00+00:00";"2012-03-29 22:00:00+00:00";"39";"25";"27";"2021";"NON";"NON";"25521";"";"";"";"2021-10-06";"105372";""
"25522";"1199";"CC";"COM";"2016-08-10 22:00:00+00:00";"2010-01-28 23:00:00+00:00";"19";"25";"27";"2021";"NON";"NON";"25522";"";"";"";"2021-10-06";"66813";""
"25523";"3199";"PLU";"COM";"2008-02-28 23:00:00+00:00";"2001-11-26 23:00:00+00:00";"39";"25";"27";"2021";"NON";"NON";"25523";"";"";"";"2021-10-06";"51730";""
"25524";"1199";"CC";"COM";"2006-06-21 22:00:00+00:00";"2002-01-17 23:00:00+00:00";"19";"25";"27";"2021";"NON";"NON";"25524";"";"";"";"2021-10-06";"16956";""
"25525";"3199";"PLU";"COM";"2018-06-13 22:00:00+00:00";"2014-07-03 22:00:00+00:00";"39";"25";"27";"2021";"NON";"NON";"25525";"";"";"";"2021-10-06";"130997";""
"25526";"3199";"PLU";"COM";"2004-09-06 22:00:00+00:00";"2001-05-14 22:00:00+00:00";"39";"25";"27";"2021";"NON";"NON";"25526";"";"";"";"2021-10-06";"51733";""
"25527";"3432";"PLU";"CU";"2009-06-07 22:00:00+00:00";"2003-05-25 22:00:00+00:00";"33";"25";"27";"2021";"NON";"NON";"242500361";"";"";"";"2021-10-06";"51728";""
"25528";"3199";"PLU";"COM";"2016-12-18 23:00:00+00:00";"2013-06-02 22:00:00+00:00";"39";"25";"27";"2021";"NON";"NON";"25528";"";"";"";"2021-10-06";"122711";""
"25529";"3199";"PLU";"COM";"2018-12-20 23:00:00+00:00";"2016-04-14 22:00:00+00:00";"39";"25";"27";"2021";"NON";"NON";"25529";"";"";"";"2021-10-06";"104747";""
"25532";"3432";"PLU";"CU";"2014-01-29 23:00:00+00:00";"2011-03-29 22:00:00+00:00";"33";"25";"27";"2021";"NON";"NON";"242500361";"";"";"";"2021-10-06";"70967";""
"25534";"3199";"PLU";"COM";"2015-09-30 22:00:00+00:00";"2012-03-07 23:00:00+00:00";"39";"25";"27";"2021";"NON";"NON";"25534";"";"";"";"2021-10-06";"104748";""
"25535";"1199";"CC";"COM";"2006-08-09 22:00:00+00:00";"2003-07-14 22:00:00+00:00";"19";"25";"27";"2021";"NON";"NON";"25535";"";"";"";"2021-10-06";"67789";""
"25539";"3199";"PLU";"COM";"2014-01-27 23:00:00+00:00";"2010-06-28 22:00:00+00:00";"39";"25";"27";"2021";"NON";"NON";"25539";"";"";"";"2021-10-06";"61725";""
"25540";"1199";"CC";"COM";"2009-01-08 23:00:00+00:00";"2002-07-24 22:00:00+00:00";"19";"25";"27";"2021";"NON";"NON";"25540";"";"";"";"2021-10-06";"67790";""
"25541";"3432";"PLU";"CC";"2014-02-20 23:00:00+00:00";"2010-05-06 22:00:00+00:00";"33";"25";"27";"2021";"NON";"NON";"25541";"";"";"";"2021-10-06";"50203";""
"25542";"3432";"PLU";"CU";"2014-02-19 23:00:00+00:00";"2010-03-09 23:00:00+00:00";"33";"25";"27";"2021";"NON";"NON";"242500361";"";"";"";"2021-10-06";"61726";""
"25547";"3199";"PLU";"COM";"2019-12-16 23:00:00+00:00";"2013-06-27 22:00:00+00:00";"39";"25";"27";"2021";"NON";"NON";"25547";"";"";"";"2021-10-06";"125215";""
"25548";"1199";"CC";"COM";"2006-02-15 23:00:00+00:00";"2002-02-22 23:00:00+00:00";"19";"25";"27";"2021";"NON";"NON";"25548";"";"";"";"2021-10-06";"16963";""
"25549";"1432";"CC";"CC";"2006-08-28 22:00:00+00:00";"2003-03-06 23:00:00+00:00";"13";"25";"27";"2021";"NON";"NON";"25549";"";"";"";"2021-10-06";"67791";""
"25553";"1199";"CC";"COM";"2003-11-23 23:00:00+00:00";"2002-01-10 23:00:00+00:00";"19";"25";"27";"2021";"NON";"NON";"25553";"";"";"";"2021-10-06";"67792";""
"25555";"3199";"PLU";"COM";"2020-02-17 23:00:00+00:00";"2015-05-11 22:00:00+00:00";"39";"25";"27";"2021";"NON";"NON";"25555";"";"";"";"2021-10-06";"138821";""
"25557";"3432";"PLU";"CU";"2014-06-02 22:00:00+00:00";"2008-07-08 22:00:00+00:00";"33";"25";"27";"2021";"NON";"NON";"242500361";"";"";"";"2021-10-06";"63855";""
"25558";"3199";"PLU";"COM";"2007-10-25 22:00:00+00:00";"2000-05-18 22:00:00+00:00";"39";"25";"27";"2021";"NON";"NON";"25558";"";"";"";"2021-10-06";"51735";""
"25559";"3199";"PLU";"COM";"2018-03-18 23:00:00+00:00";"2014-11-16 23:00:00+00:00";"39";"25";"27";"2021";"NON";"NON";"25559";"";"";"";"2021-10-06";"133494";""
"25560";"3432";"PLU";"CU";"2016-12-06 23:00:00+00:00";"2004-02-05 23:00:00+00:00";"33";"25";"27";"2021";"NON";"NON";"242500361";"";"";"";"2021-10-06";"61728";""
"25561";"3432";"PLU";"CU";"2020-01-29 23:00:00+00:00";"2014-09-04 22:00:00+00:00";"33";"25";"27";"2021";"NON";"NON";"242500361";"";"";"";"2021-10-06";"132531";""
"25562";"1199";"CC";"COM";"2018-01-21 23:00:00+00:00";"2014-06-19 22:00:00+00:00";"19";"25";"27";"2021";"NON";"NON";"25562";"";"";"";"2021-10-06";"130980";""
"25563";"1199";"CC";"COM";"2008-05-28 22:00:00+00:00";"2006-09-24 22:00:00+00:00";"19";"25";"27";"2021";"NON";"NON";"25563";"";"";"";"2021-10-06";"67793";""
"25564";"3432";"PLU";"CU";"2020-01-29 23:00:00+00:00";"2006-11-09 23:00:00+00:00";"33";"25";"27";"2021";"NON";"NON";"242500361";"";"";"";"2021-10-06";"61729";""
"25565";"1199";"CC";"COM";"2012-08-19 22:00:00+00:00";"2009-11-15 23:00:00+00:00";"19";"25";"27";"2021";"NON";"NON";"25565";"";"";"";"2021-10-06";"66814";""
"25566";"3199";"PLU";"COM";"2017-10-26 22:00:00+00:00";"2013-02-14 23:00:00+00:00";"39";"25";"27";"2021";"NON";"NON";"25566";"";"";"";"2021-10-06";"120607";""
"25569";"1199";"CC";"COM";"2006-04-23 22:00:00+00:00";"2002-03-21 23:00:00+00:00";"19";"25";"27";"2021";"NON";"NON";"25569";"";"";"";"2021-10-06";"67794";""
"25571";"1199";"CC";"COM";"2012-02-09 23:00:00+00:00";"2007-03-22 23:00:00+00:00";"19";"25";"27";"2021";"NON";"NON";"25571";"";"";"";"2021-10-06";"65952";""
"25575";"3432";"PLU";"CU";"2017-12-17 23:00:00+00:00";"2013-03-25 23:00:00+00:00";"33";"25";"27";"2021";"NON";"NON";"242500361";"";"";"";"2021-10-06";"61730";""
"25578";"3432";"PLU";"CC";"2008-01-30 23:00:00+00:00";"2004-12-09 23:00:00+00:00";"33";"25";"27";"2021";"NON";"NON";"25578";"";"";"";"2021-10-06";"51736";""
"25579";"1199";"CC";"COM";"2009-05-28 22:00:00+00:00";"2004-10-03 22:00:00+00:00";"19";"25";"27";"2021";"NON";"NON";"25579";"";"";"";"2021-10-06";"69126";""
"25580";"3199";"PLU";"COM";"2014-05-21 22:00:00+00:00";"2002-05-22 22:00:00+00:00";"39";"25";"27";"2021";"NON";"NON";"25580";"";"";"";"2021-10-06";"175";""
"25582";"1199";"CC";"COM";"2012-02-19 23:00:00+00:00";"2009-01-28 23:00:00+00:00";"19";"25";"27";"2021";"NON";"NON";"25582";"";"";"";"2021-10-06";"66815";""
"25583";"1131";"CC";"COM";"2007-12-03 23:00:00+00:00";"2005-05-26 22:00:00+00:00";"13";"25";"27";"2021";"NON";"NON";"25583";"";"";"";"2021-10-06";"67795";""
"25584";"1199";"CC";"COM";"2006-03-28 22:00:00+00:00";"2002-03-29 23:00:00+00:00";"19";"25";"27";"2021";"NON";"NON";"25584";"";"";"";"2021-10-06";"16965";""
"25586";"3199";"PLU";"COM";"2004-12-19 23:00:00+00:00";"2001-06-26 22:00:00+00:00";"39";"25";"27";"2021";"NON";"NON";"25586";"";"";"";"2021-10-06";"51737";""
"25588";"1199";"CC";"COM";"2011-10-06 22:00:00+00:00";"2008-06-09 22:00:00+00:00";"19";"25";"27";"2021";"NON";"NON";"25588";"";"";"";"2021-10-06";"16966";""
"25589";"1199";"CC";"COM";"2010-11-21 23:00:00+00:00";"2009-04-29 22:00:00+00:00";"19";"25";"27";"2021";"NON";"NON";"25589";"";"";"";"2021-10-06";"69127";""
"25592";"1432";"CC";"CC";"2008-02-03 23:00:00+00:00";"2004-05-24 22:00:00+00:00";"13";"25";"27";"2021";"NON";"NON";"25592";"";"";"";"2021-10-06";"16968";""
"25594";"3432";"PLU";"CU";"2019-09-25 22:00:00+00:00";"2015-11-13 23:00:00+00:00";"33";"25";"27";"2021";"NON";"NON";"242500361";"";"";"";"2021-10-06";"142466";""
"25595";"1199";"CC";"COM";"2012-11-13 23:00:00+00:00";"2011-07-07 22:00:00+00:00";"19";"25";"27";"2021";"NON";"NON";"25595";"";"";"";"2021-10-06";"145503";""
"25597";"1199";"CC";"COM";"2011-07-07 22:00:00+00:00";"2008-01-14 23:00:00+00:00";"19";"25";"27";"2021";"NON";"NON";"25597";"";"";"";"2021-10-06";"66816";""
"25598";"1432";"CC";"CU";"2010-10-28 22:00:00+00:00";"2007-02-08 23:00:00+00:00";"13";"25";"27";"2021";"NON";"NON";"242500361";"";"";"";"2021-10-06";"69128";""
"25599";"1199";"CC";"COM";"2009-07-16 22:00:00+00:00";"2006-12-02 23:00:00+00:00";"19";"25";"27";"2021";"NON";"NON";"25599";"";"";"";"2021-10-06";"69129";""
"25600";"1432";"CC";"CC";"2016-05-24 22:00:00+00:00";"2005-05-12 22:00:00+00:00";"13";"25";"27";"2021";"NON";"NON";"25600";"";"";"";"2021-10-06";"16971";""
"25601";"1432";"CC";"CC";"2013-01-08 23:00:00+00:00";"2010-11-16 23:00:00+00:00";"13";"25";"27";"2021";"NON";"NON";"25601";"";"";"";"2021-10-06";"65674";""
"25602";"1199";"CC";"COM";"2011-02-24 23:00:00+00:00";"2009-04-29 22:00:00+00:00";"19";"25";"27";"2021";"NON";"NON";"25602";"";"";"";"2021-10-06";"69110";""
"25604";"1199";"CC";"COM";"2012-07-04 22:00:00+00:00";"2006-12-02 23:00:00+00:00";"19";"25";"27";"2021";"NON";"NON";"25604";"";"";"";"2021-10-06";"66817";""
"25605";"1432";"CC";"CC";"2007-03-01 23:00:00+00:00";"2003-05-13 22:00:00+00:00";"13";"25";"27";"2021";"NON";"NON";"25605";"";"";"";"2021-10-06";"67798";""
"25607";"1199";"CC";"COM";"2019-06-30 22:00:00+00:00";"2014-11-27 23:00:00+00:00";"19";"25";"27";"2021";"NON";"NON";"25607";"";"";"";"2021-10-06";"144333";""
"25608";"1432";"CC";"CC";"2006-02-06 23:00:00+00:00";"2002-06-06 22:00:00+00:00";"13";"25";"27";"2021";"NON";"NON";"247000722";"";"";"";"2021-10-06";"67799";""
"25609";"3432";"PLU";"CC";"2010-01-24 23:00:00+00:00";"2004-12-15 23:00:00+00:00";"33";"25";"27";"2021";"NON";"NON";"25609";"";"";"";"2021-10-06";"51739";""
"25611";"3432";"PLU";"CU";"2015-10-25 23:00:00+00:00";"2011-07-20 22:00:00+00:00";"33";"25";"27";"2021";"NON";"NON";"242500361";"";"";"";"2021-10-06";"72150";""
"25612";"3432";"PLU";"CU";"2014-02-13 23:00:00+00:00";"2012-03-22 23:00:00+00:00";"33";"25";"27";"2021";"NON";"NON";"242500361";"";"";"";"2021-10-06";"105363";""
"25615";"1199";"CC";"COM";"2010-04-28 22:00:00+00:00";"2008-02-06 23:00:00+00:00";"19";"25";"27";"2021";"NON";"NON";"25615";"";"";"";"2021-10-06";"69111";""
"25616";"1432";"CC";"CU";"2008-01-06 23:00:00+00:00";"2006-03-02 23:00:00+00:00";"13";"25";"27";"2021";"NON";"NON";"242500361";"";"";"";"2021-10-06";"67800";""
"25617";"3199";"PLU";"COM";"2018-09-26 22:00:00+00:00";"2011-06-23 22:00:00+00:00";"39";"25";"27";"2021";"NON";"NON";"25617";"";"";"";"2021-10-06";"71738";""
"25618";"1199";"CC";"COM";"2013-01-08 23:00:00+00:00";"2002-03-28 23:00:00+00:00";"19";"25";"27";"2021";"NON";"NON";"25618";"";"";"";"2021-10-06";"16975";""
"25619";"3199";"PLU";"COM";"2016-03-28 22:00:00+00:00";"2010-07-25 22:00:00+00:00";"39";"25";"27";"2021";"NON";"NON";"25619";"";"";"";"2021-10-06";"63856";""
"25621";"1432";"CC";"CC";"2009-04-19 22:00:00+00:00";"2007-04-23 22:00:00+00:00";"13";"25";"27";"2021";"NON";"NON";"25621";"";"";"";"2021-10-06";"66818";""
"25622";"3199";"PLU";"COM";"2016-01-24 23:00:00+00:00";"2010-10-19 22:00:00+00:00";"39";"25";"27";"2021";"NON";"NON";"25622";"";"";"";"2021-10-06";"63857";""
"25624";"1199";"CC";"COM";"2008-10-30 23:00:00+00:00";"2005-12-10 23:00:00+00:00";"19";"25";"27";"2021";"NON";"NON";"25624";"";"";"";"2021-10-06";"67801";""
"25626";"1199";"CC";"COM";"2010-12-15 23:00:00+00:00";"2008-06-12 22:00:00+00:00";"19";"25";"27";"2021";"NON";"NON";"25626";"";"";"";"2021-10-06";"69112";""
"25627";"1432";"CC";"CC";"2013-02-10 23:00:00+00:00";"2010-03-30 22:00:00+00:00";"13";"25";"27";"2021";"NON";"NON";"25627";"";"";"";"2021-10-06";"66819";""
"25628";"1199";"CC";"COM";"2018-07-15 22:00:00+00:00";"2015-06-16 22:00:00+00:00";"19";"25";"27";"2021";"NON";"NON";"25628";"";"";"";"2021-10-06";"142465";""
"25629";"1199";"CC";"COM";"2009-12-03 23:00:00+00:00";"2004-11-17 23:00:00+00:00";"19";"25";"27";"2021";"NON";"NON";"25629";"";"";"";"2021-10-06";"69113";""
"25631";"3432";"PLU";"CU";"2020-01-29 23:00:00+00:00";"2008-06-09 22:00:00+00:00";"33";"25";"27";"2021";"NON";"NON";"242500361";"";"";"";"2021-10-06";"63858";""
"25632";"3199";"PLU";"COM";"2015-12-17 23:00:00+00:00";"2008-09-24 22:00:00+00:00";"39";"25";"27";"2021";"NON";"NON";"25632";"";"";"";"2021-10-06";"109171";""
"25633";"3199";"PLU";"COM";"2007-07-01 22:00:00+00:00";"2003-04-24 22:00:00+00:00";"39";"25";"27";"2021";"NON";"NON";"25633";"";"";"";"2021-10-06";"51744";""
"26001";"1432";"CC";"CC";"2011-03-31 22:00:00+00:00";"2007-02-18 23:00:00+00:00";"13";"26";"84";"2021";"NON";"NON";"242600534";"";"";"";"2021-10-06";"27800";""
"26002";"3199";"PLU";"COM";"2014-02-26 23:00:00+00:00";"2008-10-06 22:00:00+00:00";"39";"26";"84";"2021";"NON";"NON";"26002";"";"";"";"2021-10-06";"36101";""
"26004";"3199";"PLU";"COM";"2017-10-08 22:00:00+00:00";"2014-12-09 23:00:00+00:00";"39";"26";"84";"2021";"NON";"NON";"26004";"";"";"";"2021-10-06";"134715";""
"26005";"3432";"PLU";"CA";"2007-06-18 22:00:00+00:00";"2002-02-09 23:00:00+00:00";"33";"26";"84";"2021";"NON";"NON";"200040459";"";"";"";"2021-10-06";"18854";""
"26006";"3432";"PLU";"CC";"2017-06-26 22:00:00+00:00";"2009-11-08 23:00:00+00:00";"33";"26";"84";"2021";"NON";"NON";"26006";"";"";"";"2021-10-06";"39818";""
"26007";"3432";"PLU";"CC";"2020-09-28 22:00:00+00:00";"2005-03-02 23:00:00+00:00";"33";"26";"84";"2021";"NON";"NON";"26007";"";"";"";"2021-10-06";"10333";""
"26008";"3432";"PLU";"CA";"2007-03-18 23:00:00+00:00";"2003-02-02 23:00:00+00:00";"33";"26";"84";"2021";"NON";"NON";"200040459";"";"";"";"2021-10-06";"18845";""
"26009";"3199";"PLU";"COM";"2015-12-14 23:00:00+00:00";"2010-07-19 22:00:00+00:00";"39";"26";"84";"2021";"NON";"NON";"26009";"";"";"";"2021-10-06";"46503";""
"26010";"3199";"PLU";"COM";"2019-03-26 23:00:00+00:00";"2015-09-08 22:00:00+00:00";"39";"26";"84";"2021";"NON";"NON";"26010";"";"";"";"2021-10-06";"142559";""
"26011";"3199";"PLU";"COM";"2016-11-07 23:00:00+00:00";"2010-08-01 22:00:00+00:00";"39";"26";"84";"2021";"NON";"NON";"26011";"";"";"";"2021-10-06";"63859";""
"26014";"1199";"CC";"COM";"2005-10-18 22:00:00+00:00";"1997-03-05 23:00:00+00:00";"19";"26";"84";"2021";"NON";"NON";"26014";"";"";"";"2021-10-06";"10274";""
"26015";"1199";"CC";"COM";"2020-01-12 23:00:00+00:00";"2015-09-30 22:00:00+00:00";"19";"26";"84";"2021";"NON";"NON";"26015";"";"";"";"2021-10-06";"146901";""
"26019";"1199";"CC";"COM";"2012-10-18 22:00:00+00:00";"2008-09-21 22:00:00+00:00";"19";"26";"84";"2021";"NON";"NON";"26019";"";"";"";"2021-10-06";"35997";""
"26023";"3199";"PLU";"COM";"2017-07-17 22:00:00+00:00";"2014-09-07 22:00:00+00:00";"39";"26";"84";"2021";"NON";"NON";"26023";"";"";"";"2021-10-06";"132370";""
"26024";"3199";"PLU";"COM";"2020-03-04 23:00:00+00:00";"2015-12-14 23:00:00+00:00";"39";"26";"84";"2021";"NON";"NON";"26024";"";"";"";"2021-10-06";"144028";""
"26025";"1432";"CC";"CC";"2008-03-04 23:00:00+00:00";"2006-02-12 23:00:00+00:00";"13";"26";"84";"2021";"NON";"NON";"242600534";"";"";"";"2021-10-06";"19580";""
"26026";"1199";"CC";"COM";"2016-12-04 23:00:00+00:00";"2014-06-10 22:00:00+00:00";"19";"26";"84";"2021";"NON";"NON";"26026";"";"";"";"2021-10-06";"144286";""
"26028";"1199";"CC";"COM";"2004-11-22 23:00:00+00:00";"2001-10-17 22:00:00+00:00";"19";"26";"84";"2021";"NON";"NON";"26028";"";"";"";"2021-10-06";"10277";""
"26031";"3432";"PLU";"CA";"2018-12-16 23:00:00+00:00";"2015-12-22 23:00:00+00:00";"33";"26";"84";"2021";"NON";"NON";"26031";"";"";"";"2021-10-06";"144023";""
"26032";"3199";"PLU";"COM";"2019-01-30 23:00:00+00:00";"2012-02-02 23:00:00+00:00";"39";"26";"84";"2021";"NON";"NON";"26032";"";"";"";"2021-10-06";"104578";""
"26033";"3199";"PLU";"COM";"2013-07-31 22:00:00+00:00";"2008-11-02 23:00:00+00:00";"39";"26";"84";"2021";"NON";"NON";"26033";"";"";"";"2021-10-06";"36373";""
"26034";"3131";"PLU";"COM";"2006-06-27 22:00:00+00:00";"2002-03-26 23:00:00+00:00";"33";"26";"84";"2021";"NON";"NON";"26034";"";"";"";"2021-10-06";"12894";""
"26036";"1432";"CC";"CC";"2020-09-06 22:00:00+00:00";"2014-12-14 23:00:00+00:00";"13";"26";"84";"2021";"NON";"NON";"242600534";"";"";"";"2021-10-06";"19581";""
"26037";"3199";"PLU";"COM";"2017-09-26 22:00:00+00:00";"2014-06-30 22:00:00+00:00";"39";"26";"84";"2021";"NON";"NON";"26037";"";"";"";"2021-10-06";"131640";""
"26038";"3199";"PLU";"COM";"2020-03-08 23:00:00+00:00";"2015-03-01 23:00:00+00:00";"39";"26";"84";"2021";"NON";"NON";"26038";"";"";"";"2021-10-06";"140701";""
"26039";"3131";"PLU";"COM";"2004-11-17 23:00:00+00:00";"2003-01-27 23:00:00+00:00";"33";"26";"84";"2021";"NON";"NON";"26039";"";"";"";"2021-10-06";"12972";""
"26041";"3199";"PLU";"COM";"2017-12-17 23:00:00+00:00";"2010-03-08 23:00:00+00:00";"39";"26";"84";"2021";"NON";"NON";"26041";"";"";"";"2021-10-06";"39506";""
"26042";"3131";"PLU";"COM";"2008-02-24 23:00:00+00:00";"2004-05-23 22:00:00+00:00";"33";"26";"84";"2021";"NON";"NON";"26042";"";"";"";"2021-10-06";"17558";""
"26045";"3199";"PLU";"COM";"2018-12-18 23:00:00+00:00";"2016-05-01 22:00:00+00:00";"39";"26";"84";"2021";"NON";"NON";"26045";"";"";"";"2021-10-06";"148361";""
"26049";"3199";"PLU";"COM";"2017-11-13 23:00:00+00:00";"2014-06-17 22:00:00+00:00";"39";"26";"84";"2021";"NON";"NON";"26049";"";"";"";"2021-10-06";"130540";""
"26052";"1432";"CC";"CA";"2017-09-18 22:00:00+00:00";"2015-11-15 23:00:00+00:00";"13";"26";"84";"2021";"NON";"NON";"200040459";"";"";"";"2021-10-06";"144030";""
"26055";"1432";"CC";"CC";"2009-12-29 23:00:00+00:00";"2006-06-08 22:00:00+00:00";"13";"26";"84";"2021";"NON";"NON";"242600534";"";"";"";"2021-10-06";"22019";""
"26056";"3199";"PLU";"COM";"2010-08-24 22:00:00+00:00";"2001-12-12 23:00:00+00:00";"39";"26";"84";"2021";"NON";"NON";"26056";"";"";"";"2021-10-06";"18839";""
"26057";"3199";"PLU";"COM";"2013-04-07 22:00:00+00:00";"2009-12-06 23:00:00+00:00";"39";"26";"84";"2021";"NON";"NON";"26057";"";"";"";"2021-10-06";"40457";""
"26058";"3199";"PLU";"COM";"2019-03-12 23:00:00+00:00";"2015-02-22 23:00:00+00:00";"39";"26";"84";"2021";"NON";"NON";"26058";"";"";"";"2021-10-06";"137026";""
"26061";"1199";"CC";"COM";"2005-11-07 23:00:00+00:00";"2002-01-16 23:00:00+00:00";"19";"26";"84";"2021";"NON";"NON";"26061";"";"";"";"2021-10-06";"10235";""
"26063";"3131";"PLU";"COM";"2012-09-23 22:00:00+00:00";"1988-05-25 22:00:00+00:00";"33";"26";"84";"2021";"NON";"NON";"26063";"";"";"";"2021-10-06";"18895";""
"26064";"3131";"PLU";"COM";"2005-12-18 23:00:00+00:00";"2001-10-24 22:00:00+00:00";"33";"26";"84";"2021";"NON";"NON";"26064";"";"";"";"2021-10-06";"16288";""
"26065";"3432";"PLU";"CC";"2017-02-20 23:00:00+00:00";"2010-10-04 22:00:00+00:00";"33";"26";"84";"2021";"NON";"NON";"26065";"";"";"";"2021-10-06";"43105";""
"26069";"3432";"PLU";"CC";"2014-03-16 23:00:00+00:00";"2009-10-11 22:00:00+00:00";"33";"26";"84";"2021";"NON";"NON";"242600534";"";"";"";"2021-10-06";"39783";""
"26070";"3199";"PLU";"COM";"2017-11-06 23:00:00+00:00";"2009-02-26 23:00:00+00:00";"39";"26";"84";"2021";"NON";"NON";"26070";"";"";"";"2021-10-06";"37741";""
"26071";"3131";"PLU";"COM";"2010-02-28 23:00:00+00:00";"2005-09-01 22:00:00+00:00";"33";"26";"84";"2021";"NON";"NON";"26071";"";"";"";"2021-10-06";"16119";""
"26072";"3131";"PLU";"COM";"2006-03-27 22:00:00+00:00";"2002-05-22 22:00:00+00:00";"33";"26";"84";"2021";"NON";"NON";"26072";"";"";"";"2021-10-06";"15967";""
"26073";"3199";"PLU";"COM";"2019-08-01 22:00:00+00:00";"2014-07-30 22:00:00+00:00";"39";"26";"84";"2021";"NON";"NON";"26073";"";"";"";"2021-10-06";"131479";""
"26074";"3199";"PLU";"COM";"2008-06-03 22:00:00+00:00";"2005-02-22 23:00:00+00:00";"39";"26";"84";"2021";"NON";"NON";"26074";"";"";"";"2021-10-06";"16065";""
"26077";"3199";"PLU";"COM";"2018-02-12 23:00:00+00:00";"2013-03-18 23:00:00+00:00";"39";"26";"84";"2021";"NON";"NON";"26077";"";"";"";"2021-10-06";"120625";""
"26078";"3432";"PLU";"CA";"2010-06-06 22:00:00+00:00";"2006-03-12 23:00:00+00:00";"33";"26";"84";"2021";"NON";"NON";"200040459";"";"";"";"2021-10-06";"19669";""
"26079";"3199";"PLU";"COM";"2011-11-07 23:00:00+00:00";"2005-02-07 23:00:00+00:00";"39";"26";"84";"2021";"NON";"NON";"26079";"";"";"";"2021-10-06";"16005";""
"26081";"3199";"PLU";"COM";"2016-01-26 23:00:00+00:00";"2011-06-15 22:00:00+00:00";"39";"26";"84";"2021";"NON";"NON";"26081";"";"";"";"2021-10-06";"71319";""
"26083";"3199";"PLU";"COM";"2016-11-27 23:00:00+00:00";"2011-12-14 23:00:00+00:00";"39";"26";"84";"2021";"NON";"NON";"26083";"";"";"";"2021-10-06";"92926";""
"26084";"3131";"PLU";"COM";"2011-12-15 23:00:00+00:00";"2005-06-22 22:00:00+00:00";"33";"26";"84";"2021";"NON";"NON";"26084";"";"";"";"2021-10-06";"11149";""
"26085";"3432";"PLU";"CA";"2004-06-30 22:00:00+00:00";"2000-02-06 23:00:00+00:00";"33";"26";"84";"2021";"NON";"NON";"200040459";"";"";"";"2021-10-06";"18880";""
"26086";"3432";"PLU";"CC";"2020-07-22 22:00:00+00:00";"2012-09-03 22:00:00+00:00";"33";"26";"84";"2021";"NON";"NON";"242600534";"";"";"";"2021-10-06";"111822";""
"26087";"3199";"PLU";"COM";"2016-07-04 22:00:00+00:00";"2010-02-01 23:00:00+00:00";"39";"26";"84";"2021";"NON";"NON";"26087";"";"";"";"2021-10-06";"41176";""
"26088";"3131";"PLU";"COM";"2012-11-29 23:00:00+00:00";"2002-02-04 23:00:00+00:00";"33";"26";"84";"2021";"NON";"NON";"26088";"";"";"";"2021-10-06";"10649";""
"26092";"3199";"PLU";"COM";"2014-01-15 23:00:00+00:00";"2011-03-23 23:00:00+00:00";"39";"26";"84";"2021";"NON";"NON";"26092";"";"";"";"2021-10-06";"71300";""
"26093";"3199";"PLU";"COM";"2013-07-30 22:00:00+00:00";"2008-10-21 22:00:00+00:00";"39";"26";"84";"2021";"NON";"NON";"26093";"";"";"";"2021-10-06";"36291";""
"26094";"3199";"PLU";"COM";"2019-01-23 23:00:00+00:00";"2015-04-29 22:00:00+00:00";"39";"26";"84";"2021";"NON";"NON";"26094";"";"";"";"2021-10-06";"139446";""
"26095";"3432";"PLU";"CA";"2019-03-24 23:00:00+00:00";"2014-11-26 23:00:00+00:00";"33";"26";"84";"2021";"NON";"NON";"200040459";"";"";"";"2021-10-06";"134257";""
"26096";"3199";"PLU";"COM";"2013-08-07 22:00:00+00:00";"2008-06-10 22:00:00+00:00";"39";"26";"84";"2021";"NON";"NON";"26096";"";"";"";"2021-10-06";"35550";""
"26097";"3432";"PLU";"CC";"2006-04-23 22:00:00+00:00";"2001-09-23 22:00:00+00:00";"33";"26";"84";"2021";"NON";"NON";"26097";"";"";"";"2021-10-06";"10354";""
"26099";"3131";"PLU";"COM";"2011-06-15 22:00:00+00:00";"2007-12-20 23:00:00+00:00";"33";"26";"84";"2021";"NON";"NON";"26099";"";"";"";"2021-10-06";"33629";""
"26100";"3199";"PLU";"COM";"2020-02-12 23:00:00+00:00";"2015-12-09 23:00:00+00:00";"39";"26";"84";"2021";"NON";"NON";"26100";"";"";"";"2021-10-06";"143757";""
"26102";"1432";"CC";"CA";"2009-08-31 22:00:00+00:00";"2006-03-23 23:00:00+00:00";"13";"26";"84";"2021";"NON";"NON";"200040459";"";"";"";"2021-10-06";"21586";""
"26105";"1199";"CC";"COM";"2012-11-27 23:00:00+00:00";"2008-04-10 22:00:00+00:00";"19";"26";"84";"2021";"NON";"NON";"26105";"";"";"";"2021-10-06";"34879";""
"26106";"3432";"PLU";"CA";"2011-01-27 23:00:00+00:00";"2008-04-10 22:00:00+00:00";"33";"26";"84";"2021";"NON";"NON";"200040459";"";"";"";"2021-10-06";"35714";""
"26107";"3199";"PLU";"COM";"2016-05-22 22:00:00+00:00";"2011-07-03 22:00:00+00:00";"39";"26";"84";"2021";"NON";"NON";"26107";"";"";"";"2021-10-06";"72085";""
"26108";"3199";"PLU";"COM";"2019-09-19 22:00:00+00:00";"2015-06-25 22:00:00+00:00";"39";"26";"84";"2021";"NON";"NON";"26108";"";"";"";"2021-10-06";"162475";""
"26110";"1131";"CC";"COM";"2004-08-25 22:00:00+00:00";"2002-01-13 23:00:00+00:00";"13";"26";"84";"2021";"NON";"NON";"26110";"";"";"";"2021-10-06";"10284";""
"26113";"3432";"PLU";"CC";"2009-10-27 23:00:00+00:00";"2005-10-19 22:00:00+00:00";"33";"26";"84";"2021";"NON";"NON";"242600534";"";"";"";"2021-10-06";"19670";""
"26114";"3199";"PLU";"COM";"2014-07-08 22:00:00+00:00";"2013-02-17 23:00:00+00:00";"39";"26";"84";"2021";"NON";"NON";"26114";"";"";"";"2021-10-06";"129536";""
"26115";"1432";"CC";"CC";"2005-11-07 23:00:00+00:00";"2003-01-30 23:00:00+00:00";"13";"26";"84";"2021";"NON";"NON";"26115";"";"";"";"2021-10-06";"19564";""
"26116";"3199";"PLU";"COM";"2012-03-02 23:00:00+00:00";"2011-02-18 23:00:00+00:00";"39";"26";"84";"2021";"NON";"NON";"26116";"";"";"";"2021-10-06";"19007";""
"26118";"3199";"PLU";"COM";"2018-01-21 23:00:00+00:00";"2010-02-22 23:00:00+00:00";"39";"26";"84";"2021";"NON";"NON";"26118";"";"";"";"2021-10-06";"44164";""
"26119";"3199";"PLU";"COM";"2004-04-22 22:00:00+00:00";"2001-11-15 23:00:00+00:00";"39";"26";"84";"2021";"NON";"NON";"26119";"";"";"";"2021-10-06";"18587";""
"26121";"3432";"PLU";"CA";"2008-02-13 23:00:00+00:00";"2002-08-28 22:00:00+00:00";"33";"26";"84";"2021";"NON";"NON";"26121";"";"";"";"2021-10-06";"19001";""
"26122";"1199";"CC";"COM";"2008-06-30 22:00:00+00:00";"2006-01-05 23:00:00+00:00";"19";"26";"84";"2021";"NON";"NON";"26122";"";"";"";"2021-10-06";"21564";""
"26124";"3199";"PLU";"COM";"2014-02-05 23:00:00+00:00";"2010-06-23 22:00:00+00:00";"39";"26";"84";"2021";"NON";"NON";"26124";"";"";"";"2021-10-06";"61732";""
"26125";"3432";"PLU";"CC";"2018-03-26 22:00:00+00:00";"2011-07-11 22:00:00+00:00";"33";"26";"84";"2021";"NON";"NON";"26125";"";"";"";"2021-10-06";"74332";""
"26129";"3199";"PLU";"COM";"2017-02-19 23:00:00+00:00";"2013-11-04 23:00:00+00:00";"39";"26";"84";"2021";"NON";"NON";"26129";"";"";"";"2021-10-06";"11652";""
"26131";"1199";"CC";"COM";"2015-09-06 22:00:00+00:00";"2005-01-27 23:00:00+00:00";"19";"26";"84";"2021";"NON";"NON";"26131";"";"";"";"2021-10-06";"19583";""
"26133";"1199";"CC";"COM";"2012-12-26 23:00:00+00:00";"2006-08-03 22:00:00+00:00";"19";"26";"84";"2021";"NON";"NON";"26133";"";"";"";"2021-10-06";"21206";""
"26136";"1432";"CC";"CC";"2010-03-01 23:00:00+00:00";"2005-09-30 22:00:00+00:00";"13";"26";"84";"2021";"NON";"NON";"242600534";"";"";"";"2021-10-06";"19942";""
"26138";"3199";"PLU";"COM";"2019-07-07 22:00:00+00:00";"2015-11-08 23:00:00+00:00";"39";"26";"84";"2021";"NON";"NON";"26138";"";"";"";"2021-10-06";"142290";""
"26139";"3199";"PLU";"COM";"2018-03-28 22:00:00+00:00";"2014-11-19 23:00:00+00:00";"39";"26";"84";"2021";"NON";"NON";"26139";"";"";"";"2021-10-06";"133666";""
"26140";"3199";"PLU";"COM";"2020-03-02 23:00:00+00:00";"2017-10-02 22:00:00+00:00";"39";"26";"84";"2021";"NON";"NON";"26140";"";"";"";"2021-10-06";"158396";""
"26141";"3432";"PLU";"CC";"2013-06-09 22:00:00+00:00";"2009-07-06 22:00:00+00:00";"33";"26";"84";"2021";"NON";"NON";"26141";"";"";"";"2021-10-06";"38764";""
"26143";"3131";"PLU";"COM";"2011-03-02 23:00:00+00:00";"2005-02-03 23:00:00+00:00";"33";"26";"84";"2021";"NON";"NON";"26143";"";"";"";"2021-10-06";"13136";""
"26144";"3432";"PLU";"CC";"2007-11-27 23:00:00+00:00";"2004-05-24 22:00:00+00:00";"33";"26";"84";"2021";"NON";"NON";"26144";"";"";"";"2021-10-06";"19283";""
"26145";"3199";"PLU";"COM";"2018-09-10 22:00:00+00:00";"2010-06-28 22:00:00+00:00";"39";"26";"84";"2021";"NON";"NON";"26145";"";"";"";"2021-10-06";"47593";""
"26146";"3199";"PLU";"COM";"2019-05-05 22:00:00+00:00";"2016-10-12 22:00:00+00:00";"39";"26";"84";"2021";"NON";"NON";"26146";"";"";"";"2021-10-06";"153860";""
"26148";"3199";"PLU";"COM";"2018-09-24 22:00:00+00:00";"2014-11-18 23:00:00+00:00";"39";"26";"84";"2021";"NON";"NON";"26148";"";"";"";"2021-10-06";"133669";""
"26149";"3199";"PLU";"COM";"2012-02-12 23:00:00+00:00";"2008-12-07 23:00:00+00:00";"39";"26";"84";"2021";"NON";"NON";"26149";"";"";"";"2021-10-06";"37085";""
"26155";"3199";"PLU";"COM";"2016-11-14 23:00:00+00:00";"2012-01-25 23:00:00+00:00";"39";"26";"84";"2021";"NON";"NON";"26155";"";"";"";"2021-10-06";"103608";""
"26156";"1199";"CC";"COM";"2010-05-24 22:00:00+00:00";"2009-04-27 22:00:00+00:00";"19";"26";"84";"2021";"NON";"NON";"26156";"";"";"";"2021-10-06";"19573";""
"26157";"3432";"PLU";"CA";"2008-11-11 23:00:00+00:00";"2004-12-20 23:00:00+00:00";"33";"26";"84";"2021";"NON";"NON";"200040459";"";"";"";"2021-10-06";"19285";""
"26160";"3199";"PLU";"COM";"2017-10-08 22:00:00+00:00";"2014-12-14 23:00:00+00:00";"39";"26";"84";"2021";"NON";"NON";"26160";"";"";"";"2021-10-06";"134714";""
"26162";"3199";"PLU";"COM";"2019-12-12 23:00:00+00:00";"2015-03-12 23:00:00+00:00";"39";"26";"84";"2021";"NON";"NON";"26162";"";"";"";"2021-10-06";"137737";""
"26165";"3432";"PLU";"CC";"2012-09-02 22:00:00+00:00";"2007-05-20 22:00:00+00:00";"33";"26";"84";"2021";"NON";"NON";"26165";"";"";"";"2021-10-06";"27565";""
"26166";"3432";"PLU";"CC";"2018-07-10 22:00:00+00:00";"2015-07-05 22:00:00+00:00";"33";"26";"84";"2021";"NON";"NON";"26166";"";"";"";"2021-10-06";"131765";""
"26168";"3432";"PLU";"CC";"2007-12-17 23:00:00+00:00";"2003-01-21 23:00:00+00:00";"33";"26";"84";"2021";"NON";"NON";"242600534";"";"";"";"2021-10-06";"18977";""
"26169";"3199";"PLU";"COM";"2012-09-16 22:00:00+00:00";"2007-01-12 23:00:00+00:00";"39";"26";"84";"2021";"NON";"NON";"26169";"";"";"";"2021-10-06";"26277";""
"26170";"3199";"PLU";"COM";"2017-10-16 22:00:00+00:00";"2015-05-03 22:00:00+00:00";"39";"26";"84";"2021";"NON";"NON";"26170";"";"";"";"2021-10-06";"144469";""
"26171";"1432";"CC";"CA";"2007-03-06 23:00:00+00:00";"2005-04-12 22:00:00+00:00";"13";"26";"84";"2021";"NON";"NON";"200040459";"";"";"";"2021-10-06";"19586";""
"26172";"3199";"PLU";"COM";"2018-11-18 23:00:00+00:00";"2014-01-21 23:00:00+00:00";"39";"26";"84";"2021";"NON";"NON";"26172";"";"";"";"2021-10-06";"129332";""
"26173";"3199";"PLU";"COM";"2013-01-27 23:00:00+00:00";"2009-10-15 22:00:00+00:00";"39";"26";"84";"2021";"NON";"NON";"26173";"";"";"";"2021-10-06";"39663";""
"26174";"3199";"PLU";"COM";"2018-09-05 22:00:00+00:00";"2012-01-25 23:00:00+00:00";"39";"26";"84";"2021";"NON";"NON";"26174";"";"";"";"2021-10-06";"102663";""
"26175";"3432";"PLU";"CC";"2016-02-07 23:00:00+00:00";"2009-10-04 22:00:00+00:00";"33";"26";"84";"2021";"NON";"NON";"242600534";"";"";"";"2021-10-06";"39499";""
"26176";"3432";"PLU";"CA";"2004-08-17 22:00:00+00:00";"2001-10-03 22:00:00+00:00";"33";"26";"84";"2021";"NON";"NON";"200040459";"";"";"";"2021-10-06";"18974";""
"26177";"3199";"PLU";"COM";"2013-10-27 23:00:00+00:00";"2010-12-12 23:00:00+00:00";"39";"26";"84";"2021";"NON";"NON";"26177";"";"";"";"2021-10-06";"46106";""
"26179";"3199";"PLU";"COM";"2018-02-06 23:00:00+00:00";"2016-02-28 23:00:00+00:00";"39";"26";"84";"2021";"NON";"NON";"26179";"";"";"";"2021-10-06";"146664";""
"26180";"3199";"PLU";"COM";"2015-12-28 23:00:00+00:00";"2010-07-25 22:00:00+00:00";"39";"26";"84";"2021";"NON";"NON";"26180";"";"";"";"2021-10-06";"25235";""
"26183";"3199";"PLU";"COM";"2017-08-31 22:00:00+00:00";"2015-11-19 23:00:00+00:00";"39";"26";"84";"2021";"NON";"NON";"26183";"";"";"";"2021-10-06";"142507";""
"26185";"3432";"PLU";"CC";"2021-01-25 23:00:00+00:00";"2008-07-07 22:00:00+00:00";"33";"26";"84";"2021";"NON";"NON";"26185";"";"";"";"2021-10-06";"35555";""
"26188";"3199";"PLU";"COM";"2020-06-22 22:00:00+00:00";"2015-05-17 22:00:00+00:00";"39";"26";"84";"2021";"NON";"NON";"26188";"";"";"";"2021-10-06";"144032";""
"26191";"3432";"PLU";"CA";"2011-11-14 23:00:00+00:00";"2004-11-14 23:00:00+00:00";"33";"26";"84";"2021";"NON";"NON";"26191";"";"";"";"2021-10-06";"18962";""
"26194";"1199";"CC";"COM";"2009-12-20 23:00:00+00:00";"2006-01-09 23:00:00+00:00";"19";"26";"84";"2021";"NON";"NON";"26194";"";"";"";"2021-10-06";"11553";""
"26196";"3199";"PLU";"COM";"2015-12-13 23:00:00+00:00";"2010-09-06 22:00:00+00:00";"39";"26";"84";"2021";"NON";"NON";"26196";"";"";"";"2021-10-06";"43594";""
"26197";"3131";"PLU";"COM";"2013-09-15 22:00:00+00:00";"2012-01-08 23:00:00+00:00";"33";"26";"84";"2021";"NON";"NON";"26197";"";"";"";"2021-10-06";"96713";""
"26198";"3432";"PLU";"CA";"2014-09-14 22:00:00+00:00";"2009-06-14 22:00:00+00:00";"33";"26";"84";"2021";"NON";"NON";"200040459";"";"";"";"2021-10-06";"38420";""
"26199";"1199";"CC";"COM";"2020-10-15 22:00:00+00:00";"2011-04-29 22:00:00+00:00";"19";"26";"84";"2021";"NON";"NON";"26199";"";"";"";"2021-10-06";"71184";""
"26203";"1199";"CC";"COM";"2018-09-10 22:00:00+00:00";"2017-12-19 23:00:00+00:00";"19";"26";"84";"2021";"NON";"NON";"26203";"";"";"";"2021-10-06";"160232";""
"26204";"1432";"CC";"CC";"2015-10-11 22:00:00+00:00";"2011-01-16 23:00:00+00:00";"13";"26";"84";"2021";"NON";"NON";"242600534";"";"";"";"2021-10-06";"72106";""
"26205";"1432";"CC";"CC";"2009-09-10 22:00:00+00:00";"2004-09-19 22:00:00+00:00";"13";"26";"84";"2021";"NON";"NON";"242600534";"";"";"";"2021-10-06";"14773";""
"26206";"3199";"PLU";"COM";"2013-09-25 22:00:00+00:00";"2005-12-11 23:00:00+00:00";"39";"26";"84";"2021";"NON";"NON";"26206";"";"";"";"2021-10-06";"11575";""
"26207";"3199";"PLU";"COM";"2013-12-08 23:00:00+00:00";"2009-07-23 22:00:00+00:00";"39";"26";"84";"2021";"NON";"NON";"26207";"";"";"";"2021-10-06";"39189";""
"26213";"3199";"PLU";"COM";"2018-12-17 23:00:00+00:00";"2016-09-11 22:00:00+00:00";"39";"26";"84";"2021";"NON";"NON";"26213";"";"";"";"2021-10-06";"153505";""
"26215";"3432";"PLU";"CC";"2015-10-19 22:00:00+00:00";"2008-09-17 22:00:00+00:00";"33";"26";"84";"2021";"NON";"NON";"242600534";"";"";"";"2021-10-06";"35854";""
"26216";"3199";"PLU";"COM";"2016-03-20 23:00:00+00:00";"2010-12-13 23:00:00+00:00";"39";"26";"84";"2021";"NON";"NON";"26216";"";"";"";"2021-10-06";"46137";""
"26217";"1199";"CC";"COM";"2011-07-07 22:00:00+00:00";"2009-12-06 23:00:00+00:00";"19";"26";"84";"2021";"NON";"NON";"26217";"";"";"";"2021-10-06";"40943";""
"26218";"3199";"PLU";"COM";"2018-09-03 22:00:00+00:00";"2015-12-15 23:00:00+00:00";"39";"26";"84";"2021";"NON";"NON";"26218";"";"";"";"2021-10-06";"143755";""
"26219";"1199";"CC";"COM";"2008-06-03 22:00:00+00:00";"2005-12-15 23:00:00+00:00";"19";"26";"84";"2021";"NON";"NON";"26219";"";"";"";"2021-10-06";"10310";""
"26220";"3199";"PLU";"COM";"2019-10-08 22:00:00+00:00";"2014-07-08 22:00:00+00:00";"39";"26";"84";"2021";"NON";"NON";"26220";"";"";"";"2021-10-06";"131033";""
"26221";"1432";"CC";"CC";"2008-01-08 23:00:00+00:00";"2006-01-25 23:00:00+00:00";"13";"26";"84";"2021";"NON";"NON";"26221";"";"";"";"2021-10-06";"21563";""
"26223";"3131";"PLU";"COM";"2013-10-21 22:00:00+00:00";"2000-05-28 22:00:00+00:00";"33";"26";"84";"2021";"NON";"NON";"26223";"";"";"";"2021-10-06";"10307";""
"26224";"1199";"CC";"COM";"2017-06-22 22:00:00+00:00";"2015-07-09 22:00:00+00:00";"19";"26";"84";"2021";"NON";"NON";"26224";"";"";"";"2021-10-06";"144112";""
"26225";"1199";"CC";"COM";"2005-04-25 22:00:00+00:00";"2002-06-12 22:00:00+00:00";"19";"26";"84";"2021";"NON";"NON";"26225";"";"";"";"2021-10-06";"10305";""
"26229";"1199";"CC";"COM";"2019-11-11 23:00:00+00:00";"2016-10-20 22:00:00+00:00";"19";"26";"84";"2021";"NON";"NON";"26229";"";"";"";"2021-10-06";"154340";""
"26231";"3199";"PLU";"COM";"2020-02-24 23:00:00+00:00";"2013-04-29 22:00:00+00:00";"39";"26";"84";"2021";"NON";"NON";"26231";"";"";"";"2021-10-06";"115214";""
"26234";"3199";"PLU";"COM";"2019-08-28 22:00:00+00:00";"2015-12-15 23:00:00+00:00";"39";"26";"84";"2021";"NON";"NON";"26234";"";"";"";"2021-10-06";"144024";""
"26235";"3131";"PLU";"COM";"2013-01-14 23:00:00+00:00";"2004-12-06 23:00:00+00:00";"33";"26";"84";"2021";"NON";"NON";"26235";"";"";"";"2021-10-06";"205";""
"26240";"3432";"PLU";"CC";"2009-09-18 22:00:00+00:00";"2004-02-05 23:00:00+00:00";"33";"26";"84";"2021";"NON";"NON";"26240";"";"";"";"2021-10-06";"19053";""
"26241";"3432";"PLU";"CC";"2009-07-30 22:00:00+00:00";"2004-03-18 23:00:00+00:00";"33";"26";"84";"2021";"NON";"NON";"26241";"";"";"";"2021-10-06";"19290";""
"26243";"3131";"PLU";"COM";"2013-06-18 22:00:00+00:00";"2002-02-10 23:00:00+00:00";"33";"26";"84";"2021";"NON";"NON";"26243";"";"";"";"2021-10-06";"19056";""
"26247";"1199";"CC";"COM";"2018-11-18 23:00:00+00:00";"2012-03-12 23:00:00+00:00";"19";"26";"84";"2021";"NON";"NON";"26247";"";"";"";"2021-10-06";"104688";""
"26250";"3199";"PLU";"COM";"2008-11-02 23:00:00+00:00";"2005-01-16 23:00:00+00:00";"39";"26";"84";"2021";"NON";"NON";"26250";"";"";"";"2021-10-06";"10664";""
"26252";"3199";"PLU";"COM";"2017-02-05 23:00:00+00:00";"2014-09-14 22:00:00+00:00";"39";"26";"84";"2021";"NON";"NON";"26252";"";"";"";"2021-10-06";"132186";""
"26257";"3432";"PLU";"CA";"2012-05-09 22:00:00+00:00";"2002-12-05 23:00:00+00:00";"33";"26";"84";"2021";"NON";"NON";"26257";"";"";"";"2021-10-06";"17774";""
"26258";"3432";"PLU";"CC";"2017-11-28 23:00:00+00:00";"2014-11-26 23:00:00+00:00";"33";"26";"84";"2021";"NON";"NON";"26258";"";"";"";"2021-10-06";"133668";""
"26261";"3199";"PLU";"COM";"2020-03-11 23:00:00+00:00";"2015-12-13 23:00:00+00:00";"39";"26";"84";"2021";"NON";"NON";"26261";"";"";"";"2021-10-06";"144074";""
"26263";"1199";"CC";"COM";"2006-08-20 22:00:00+00:00";"2004-05-05 22:00:00+00:00";"19";"26";"84";"2021";"NON";"NON";"26263";"";"";"";"2021-10-06";"14768";""
"26270";"1199";"CC";"COM";"2014-09-08 22:00:00+00:00";"2011-05-02 22:00:00+00:00";"19";"26";"84";"2021";"NON";"NON";"26270";"";"";"";"2021-10-06";"71570";""
"26271";"3199";"PLU";"COM";"2011-03-28 22:00:00+00:00";"2005-10-02 22:00:00+00:00";"39";"26";"84";"2021";"NON";"NON";"26271";"";"";"";"2021-10-06";"10197";""
"26272";"1432";"CC";"CA";"2017-09-18 22:00:00+00:00";"2015-01-21 23:00:00+00:00";"13";"26";"84";"2021";"NON";"NON";"26272";"";"";"";"2021-10-06";"137032";""
"26273";"3199";"PLU";"COM";"2017-03-30 22:00:00+00:00";"2011-03-03 23:00:00+00:00";"39";"26";"84";"2021";"NON";"NON";"26273";"";"";"";"2021-10-06";"71301";""
"26275";"3131";"PLU";"COM";"2013-06-28 22:00:00+00:00";"2006-12-03 23:00:00+00:00";"33";"26";"84";"2021";"NON";"NON";"26275";"";"";"";"2021-10-06";"24098";""
"26276";"1199";"CC";"COM";"2006-07-05 22:00:00+00:00";"2002-05-01 22:00:00+00:00";"19";"26";"84";"2021";"NON";"NON";"26276";"";"";"";"2021-10-06";"19565";""
"26281";"3131";"PLU";"COM";"2013-07-07 22:00:00+00:00";"2010-10-17 22:00:00+00:00";"33";"26";"84";"2021";"NON";"NON";"26281";"";"";"";"2021-10-06";"45124";""
"26282";"3432";"PLU";"CC";"2010-12-02 23:00:00+00:00";"2007-07-19 22:00:00+00:00";"33";"26";"84";"2021";"NON";"NON";"242600534";"";"";"";"2021-10-06";"30434";""
"26284";"3199";"PLU";"COM";"2019-06-24 22:00:00+00:00";"2012-02-12 23:00:00+00:00";"39";"26";"84";"2021";"NON";"NON";"26284";"";"";"";"2021-10-06";"96710";""
"26285";"1199";"CC";"COM";"2019-05-02 22:00:00+00:00";"2014-10-16 22:00:00+00:00";"19";"26";"84";"2021";"NON";"NON";"26285";"";"";"";"2021-10-06";"141143";""
"26287";"3432";"PLU";"CA";"2006-08-31 22:00:00+00:00";"2002-03-26 23:00:00+00:00";"33";"26";"84";"2021";"NON";"NON";"200040459";"";"";"";"2021-10-06";"19084";""
"26289";"3199";"PLU";"COM";"2020-03-05 23:00:00+00:00";"2016-09-15 22:00:00+00:00";"39";"26";"84";"2021";"NON";"NON";"26289";"";"";"";"2021-10-06";"150820";""
"26290";"3199";"PLU";"COM";"2010-06-07 22:00:00+00:00";"2004-09-13 22:00:00+00:00";"39";"26";"84";"2021";"NON";"NON";"26290";"";"";"";"2021-10-06";"10665";""
"26291";"1432";"CC";"CC";"2020-03-30 22:00:00+00:00";"2016-09-23 22:00:00+00:00";"13";"26";"84";"2021";"NON";"NON";"242600534";"";"";"";"2021-10-06";"153790";""
"26294";"3199";"PLU";"COM";"2006-04-06 22:00:00+00:00";"2001-12-02 23:00:00+00:00";"39";"26";"84";"2021";"NON";"NON";"26294";"";"";"";"2021-10-06";"1714";""
"26295";"3199";"PLU";"COM";"2014-03-20 23:00:00+00:00";"2010-10-04 22:00:00+00:00";"39";"26";"84";"2021";"NON";"NON";"26295";"";"";"";"2021-10-06";"43438";""
"26298";"1199";"CC";"COM";"2013-02-11 23:00:00+00:00";"2007-07-18 22:00:00+00:00";"19";"26";"84";"2021";"NON";"NON";"26298";"";"";"";"2021-10-06";"30376";""
"26299";"1432";"CC";"CC";"2017-01-17 23:00:00+00:00";"2010-11-04 23:00:00+00:00";"13";"26";"84";"2021";"NON";"NON";"242600534";"";"";"";"2021-10-06";"43518";""
"26301";"3199";"PLU";"COM";"2014-03-10 23:00:00+00:00";"2009-01-27 23:00:00+00:00";"39";"26";"84";"2021";"NON";"NON";"26301";"";"";"";"2021-10-06";"37442";""
"26302";"3199";"PLU";"COM";"2012-11-25 23:00:00+00:00";"2008-12-07 23:00:00+00:00";"39";"26";"84";"2021";"NON";"NON";"26302";"";"";"";"2021-10-06";"37254";""
"26305";"3432";"PLU";"CA";"2007-07-29 22:00:00+00:00";"1996-06-02 22:00:00+00:00";"33";"26";"84";"2021";"NON";"NON";"200040459";"";"";"";"2021-10-06";"19191";""
"26306";"3199";"PLU";"COM";"2007-07-03 22:00:00+00:00";"2002-10-01 22:00:00+00:00";"39";"26";"84";"2021";"NON";"NON";"26306";"";"";"";"2021-10-06";"19188";""
"26307";"3131";"PLU";"COM";"2014-02-09 23:00:00+00:00";"2009-02-01 23:00:00+00:00";"33";"26";"84";"2021";"NON";"NON";"26307";"";"";"";"2021-10-06";"37441";""
"26309";"1199";"CC";"COM";"2015-12-09 23:00:00+00:00";"2012-04-15 22:00:00+00:00";"19";"26";"84";"2021";"NON";"NON";"26309";"";"";"";"2021-10-06";"107242";""
"26311";"3199";"PLU";"COM";"2017-02-05 23:00:00+00:00";"2011-05-10 22:00:00+00:00";"39";"26";"84";"2021";"NON";"NON";"26311";"";"";"";"2021-10-06";"71376";""
"26312";"1432";"CC";"CA";"2005-11-08 23:00:00+00:00";"2003-11-06 23:00:00+00:00";"13";"26";"84";"2021";"NON";"NON";"200040459";"";"";"";"2021-10-06";"19296";""
"26313";"3131";"PLU";"COM";"2009-02-04 23:00:00+00:00";"2007-02-12 23:00:00+00:00";"33";"26";"84";"2021";"NON";"NON";"26313";"";"";"";"2021-10-06";"25507";""
"26314";"1199";"CC";"COM";"2002-08-06 22:00:00+00:00";"1997-03-05 23:00:00+00:00";"19";"26";"84";"2021";"NON";"NON";"26314";"";"";"";"2021-10-06";"10315";""
"26315";"3199";"PLU";"COM";"2008-05-13 22:00:00+00:00";"2002-03-06 23:00:00+00:00";"39";"26";"84";"2021";"NON";"NON";"26315";"";"";"";"2021-10-06";"10581";""
"26316";"1199";"CC";"COM";"2005-04-05 22:00:00+00:00";"2001-09-17 22:00:00+00:00";"19";"26";"84";"2021";"NON";"NON";"26316";"";"";"";"2021-10-06";"10314";""
"26319";"1199";"CC";"COM";"2017-02-26 23:00:00+00:00";"2014-12-04 23:00:00+00:00";"19";"26";"84";"2021";"NON";"NON";"26319";"";"";"";"2021-10-06";"138352";""
"26320";"3199";"PLU";"COM";"2017-10-08 22:00:00+00:00";"2015-07-05 22:00:00+00:00";"39";"26";"84";"2021";"NON";"NON";"26320";"";"";"";"2021-10-06";"109104";""
"26321";"3432";"PLU";"CC";"2020-02-04 23:00:00+00:00";"2010-09-19 22:00:00+00:00";"33";"26";"84";"2021";"NON";"NON";"242600534";"";"";"";"2021-10-06";"42343";""
"26322";"1199";"CC";"COM";"2019-09-17 22:00:00+00:00";"2015-11-29 23:00:00+00:00";"19";"26";"84";"2021";"NON";"NON";"26322";"";"";"";"2021-10-06";"144031";""
"26323";"3199";"PLU";"COM";"2007-11-05 23:00:00+00:00";"2002-01-14 23:00:00+00:00";"39";"26";"84";"2021";"NON";"NON";"26323";"";"";"";"2021-10-06";"10626";""
"26324";"3131";"PLU";"COM";"2009-11-25 23:00:00+00:00";"2002-02-27 23:00:00+00:00";"33";"26";"84";"2021";"NON";"NON";"26324";"";"";"";"2021-10-06";"19319";""
"26325";"3199";"PLU";"COM";"2018-12-20 23:00:00+00:00";"2014-12-09 23:00:00+00:00";"39";"26";"84";"2021";"NON";"NON";"26325";"";"";"";"2021-10-06";"16179";""
"26326";"3131";"PLU";"COM";"2009-09-28 22:00:00+00:00";"2002-12-04 23:00:00+00:00";"33";"26";"84";"2021";"NON";"NON";"26326";"";"";"";"2021-10-06";"19298";""
"26327";"1432";"CC";"CC";"2016-02-02 23:00:00+00:00";"2011-06-06 22:00:00+00:00";"13";"26";"84";"2021";"NON";"NON";"242600534";"";"";"";"2021-10-06";"71421";""
"26329";"3131";"PLU";"COM";"2011-05-12 22:00:00+00:00";"2003-05-01 22:00:00+00:00";"33";"26";"84";"2021";"NON";"NON";"26329";"";"";"";"2021-10-06";"19200";""
"26330";"3199";"PLU";"COM";"2016-06-15 22:00:00+00:00";"2010-02-10 23:00:00+00:00";"39";"26";"84";"2021";"NON";"NON";"26330";"";"";"";"2021-10-06";"40944";""
"26331";"3131";"PLU";"COM";"2006-05-08 22:00:00+00:00";"2001-07-08 22:00:00+00:00";"33";"26";"84";"2021";"NON";"NON";"26331";"";"";"";"2021-10-06";"10244";""
"26332";"3199";"PLU";"COM";"2013-09-24 22:00:00+00:00";"2009-01-04 23:00:00+00:00";"39";"26";"84";"2021";"NON";"NON";"26332";"";"";"";"2021-10-06";"37253";""
"26333";"3199";"PLU";"COM";"2020-02-25 23:00:00+00:00";"2015-11-24 23:00:00+00:00";"39";"26";"84";"2021";"NON";"NON";"26333";"";"";"";"2021-10-06";"142612";""
"26336";"3432";"PLU";"CC";"2017-12-18 23:00:00+00:00";"2009-12-15 23:00:00+00:00";"33";"26";"84";"2021";"NON";"NON";"26336";"";"";"";"2021-10-06";"40458";""
"26337";"3432";"PLU";"CA";"2015-05-04 22:00:00+00:00";"2006-10-18 22:00:00+00:00";"33";"26";"84";"2021";"NON";"NON";"200040459";"";"";"";"2021-10-06";"20117";""
"26339";"3432";"PLU";"CA";"2008-07-21 22:00:00+00:00";"2000-09-04 22:00:00+00:00";"33";"26";"84";"2021";"NON";"NON";"200040459";"";"";"";"2021-10-06";"19215";""
"26340";"3199";"PLU";"COM";"2009-06-16 22:00:00+00:00";"2004-12-13 23:00:00+00:00";"39";"26";"84";"2021";"NON";"NON";"26340";"";"";"";"2021-10-06";"19211";""
"26341";"1199";"CC";"COM";"2005-05-23 22:00:00+00:00";"2002-03-27 23:00:00+00:00";"19";"26";"84";"2021";"NON";"NON";"26341";"";"";"";"2021-10-06";"10317";""
"26346";"3432";"PLU";"CC";"2014-10-15 22:00:00+00:00";"2004-05-16 22:00:00+00:00";"33";"26";"84";"2021";"NON";"NON";"26346";"";"";"";"2021-10-06";"19231";""
"26347";"3199";"PLU";"COM";"2010-05-18 22:00:00+00:00";"2004-12-19 23:00:00+00:00";"39";"26";"84";"2021";"NON";"NON";"26347";"";"";"";"2021-10-06";"10290";""
"26348";"3131";"PLU";"COM";"2007-12-19 23:00:00+00:00";"1998-06-21 22:00:00+00:00";"33";"26";"84";"2021";"NON";"NON";"26348";"";"";"";"2021-10-06";"19234";""
"26349";"1199";"CC";"COM";"2004-01-13 23:00:00+00:00";"2002-03-25 23:00:00+00:00";"19";"26";"84";"2021";"NON";"NON";"26349";"";"";"";"2021-10-06";"10318";""
"26352";"1432";"CC";"CA";"2017-02-07 23:00:00+00:00";"2009-01-15 23:00:00+00:00";"13";"26";"84";"2021";"NON";"NON";"200040459";"";"";"";"2021-10-06";"38685";""
"26353";"3432";"PLU";"CA";"2015-09-02 22:00:00+00:00";"2006-02-10 23:00:00+00:00";"33";"26";"84";"2021";"NON";"NON";"200040459";"";"";"";"2021-10-06";"20305";""
"26355";"3199";"PLU";"COM";"2017-01-24 23:00:00+00:00";"2014-06-29 22:00:00+00:00";"39";"26";"84";"2021";"NON";"NON";"26355";"";"";"";"2021-10-06";"130831";""
"26358";"3131";"PLU";"COM";"2006-12-17 23:00:00+00:00";"2005-05-22 22:00:00+00:00";"33";"26";"84";"2021";"NON";"NON";"26358";"";"";"";"2021-10-06";"11601";""
"26360";"3199";"PLU";"COM";"2014-11-05 23:00:00+00:00";"2006-09-13 22:00:00+00:00";"39";"26";"84";"2021";"NON";"NON";"26360";"";"";"";"2021-10-06";"22742";""
"26362";"3131";"PLU";"COM";"2013-12-15 23:00:00+00:00";"2009-11-04 23:00:00+00:00";"33";"26";"84";"2021";"NON";"NON";"26362";"";"";"";"2021-10-06";"39795";""
"26364";"3131";"PLU";"COM";"2016-02-10 23:00:00+00:00";"2010-12-06 23:00:00+00:00";"33";"26";"84";"2021";"NON";"NON";"26364";"";"";"";"2021-10-06";"45759";""
"26365";"3432";"PLU";"CC";"2016-03-01 23:00:00+00:00";"2010-09-28 22:00:00+00:00";"33";"26";"84";"2021";"NON";"NON";"26365";"";"";"";"2021-10-06";"45754";""
"26367";"3131";"PLU";"COM";"2009-02-22 23:00:00+00:00";"2004-03-29 22:00:00+00:00";"33";"26";"84";"2021";"NON";"NON";"26367";"";"";"";"2021-10-06";"19247";""
"26370";"1199";"CC";"COM";"2019-11-11 23:00:00+00:00";"2016-03-30 22:00:00+00:00";"19";"26";"84";"2021";"NON";"NON";"26370";"";"";"";"2021-10-06";"148232";""
"26376";"1199";"CC";"COM";"2016-03-28 22:00:00+00:00";"2008-12-16 23:00:00+00:00";"19";"26";"84";"2021";"NON";"NON";"26376";"";"";"";"2021-10-06";"37217";""
"26377";"3199";"PLU";"COM";"2019-12-12 23:00:00+00:00";"2015-12-13 23:00:00+00:00";"39";"26";"84";"2021";"NON";"NON";"26377";"";"";"";"2021-10-06";"143753";""
"26379";"3131";"PLU";"COM";"2011-08-01 22:00:00+00:00";"2005-02-02 23:00:00+00:00";"33";"26";"84";"2021";"NON";"NON";"26379";"";"";"";"2021-10-06";"72290";""
"26380";"1199";"CC";"COM";"2003-11-20 23:00:00+00:00";"2001-06-28 22:00:00+00:00";"19";"26";"84";"2021";"NON";"NON";"26380";"";"";"";"2021-10-06";"10320";""
"26381";"3199";"PLU";"COM";"2018-06-24 22:00:00+00:00";"2014-09-07 22:00:00+00:00";"39";"26";"84";"2021";"NON";"NON";"26381";"";"";"";"2021-10-06";"133667";""
"26382";"1199";"CC";"COM";"2015-10-11 22:00:00+00:00";"2013-03-07 23:00:00+00:00";"19";"26";"84";"2021";"NON";"NON";"26382";"";"";"";"2021-10-06";"121383";""
"27001";"1199";"CC";"COM";"2010-07-21 22:00:00+00:00";"2007-06-28 22:00:00+00:00";"19";"27";"28";"2021";"NON";"NON";"27001";"";"";"";"2021-10-06";"69132";""
"27002";"3299";"PLUi/PLUiS";"CA";"2019-12-16 23:00:00+00:00";"2018-02-19 23:00:00+00:00";"39";"27";"28";"2021";"NON";"OUI";"27002";"";"";"";"2021-10-06";"145722";""
"27003";"3399";"PLUi/PLUiS";"CA";"2019-11-27 23:00:00+00:00";"2018-02-21 23:00:00+00:00";"39";"27";"28";"2021";"OUI";"NON";"27003";"";"";"";"2021-10-06";"164947";""
"27004";"1199";"CC";"COM";"2013-10-21 22:00:00+00:00";"2008-09-18 22:00:00+00:00";"19";"27";"28";"2021";"NON";"NON";"27004";"";"";"";"2021-10-06";"65580";""
"27005";"3399";"PLUi/PLUiS";"CA";"2019-12-18 23:00:00+00:00";"2015-11-02 23:00:00+00:00";"39";"27";"28";"2021";"OUI";"NON";"200089456";"";"";"";"2021-10-06";"145728";""
"27008";"3399";"PLUi/PLUiS";"CA";"2019-11-27 23:00:00+00:00";"2018-02-21 23:00:00+00:00";"39";"27";"28";"2021";"OUI";"NON";"27008";"";"";"";"2021-10-06";"164947";""
"27009";"3399";"PLUi/PLUiS";"CC";"2016-12-12 23:00:00+00:00";"2012-01-12 23:00:00+00:00";"39";"27";"28";"2021";"OUI";"NON";"200066462";"";"";"";"2021-10-06";"118810";""
"27010";"3199";"PLU";"COM";"2008-04-08 22:00:00+00:00";"2005-06-01 22:00:00+00:00";"39";"27";"28";"2021";"NON";"NON";"27010";"";"";"";"2021-10-06";"51749";""
"27012";"3199";"PLU";"COM";"2017-11-30 23:00:00+00:00";"2015-05-12 22:00:00+00:00";"39";"27";"28";"2021";"NON";"NON";"27012";"";"";"";"2021-10-06";"145586";""
"27013";"3399";"PLUi/PLUiS";"CA";"2019-11-27 23:00:00+00:00";"2018-02-21 23:00:00+00:00";"39";"27";"28";"2021";"OUI";"NON";"27013";"";"";"";"2021-10-06";"164947";""
"27014";"3399";"PLUi/PLUiS";"CA";"2019-11-27 23:00:00+00:00";"2018-02-21 23:00:00+00:00";"39";"27";"28";"2021";"OUI";"NON";"27014";"";"";"";"2021-10-06";"164947";""
"27015";"3399";"PLUi/PLUiS";"CA";"2019-11-27 23:00:00+00:00";"2018-02-21 23:00:00+00:00";"39";"27";"28";"2021";"OUI";"NON";"27015";"";"";"";"2021-10-06";"164947";""
"27016";"3131";"PLU";"COM";"2007-10-04 22:00:00+00:00";"2003-04-10 22:00:00+00:00";"33";"27";"28";"2021";"NON";"NON";"27016";"";"";"";"2021-10-06";"51751";""
"27017";"3299";"PLUi/PLUiS";"CA";"2019-12-16 23:00:00+00:00";"2018-02-19 23:00:00+00:00";"39";"27";"28";"2021";"NON";"OUI";"200071454";"";"";"";"2021-10-06";"145722";""
"27018";"3399";"PLUi/PLUiS";"CC";"2019-12-15 23:00:00+00:00";"2017-06-25 22:00:00+00:00";"39";"27";"28";"2021";"OUI";"NON";"200065787";"";"";"";"2021-10-06";"155833";""
"27019";"1499";"CC";"CC";"2014-01-09 23:00:00+00:00";"2007-05-23 22:00:00+00:00";"19";"27";"28";"2021";"NON";"NON";"200066462";"";"";"";"2021-10-06";"65966";""
"27020";"3299";"PLUi/PLUiS";"CA";"2019-12-16 23:00:00+00:00";"2018-02-19 23:00:00+00:00";"39";"27";"28";"2021";"NON";"OUI";"200071454";"";"";"";"2021-10-06";"145722";""
"27022";"3399";"PLUi/PLUiS";"CA";"2019-12-18 23:00:00+00:00";"2015-11-02 23:00:00+00:00";"39";"27";"28";"2021";"OUI";"NON";"200089456";"";"";"";"2021-10-06";"145728";""
"27023";"3199";"PLU";"COM";"2008-02-26 23:00:00+00:00";"2005-11-16 23:00:00+00:00";"39";"27";"28";"2021";"NON";"NON";"27023";"";"";"";"2021-10-06";"51753";""
"27025";"3399";"PLUi/PLUiS";"CA";"2019-12-18 23:00:00+00:00";"2015-11-02 23:00:00+00:00";"39";"27";"28";"2021";"OUI";"NON";"200089456";"";"";"";"2021-10-06";"145728";""
"27026";"3199";"PLU";"COM";"2019-07-07 22:00:00+00:00";"2014-06-15 22:00:00+00:00";"39";"27";"28";"2021";"NON";"NON";"27026";"";"";"";"2021-10-06";"136131";""
"27027";"3299";"PLUi/PLUiS";"CA";"2019-12-16 23:00:00+00:00";"2018-02-19 23:00:00+00:00";"39";"27";"28";"2021";"NON";"OUI";"200071454";"";"";"";"2021-10-06";"145722";""
"27028";"3399";"PLUi/PLUiS";"CC";"2019-12-15 23:00:00+00:00";"2017-06-25 22:00:00+00:00";"39";"27";"28";"2021";"OUI";"NON";"200065787";"";"";"";"2021-10-06";"155833";""
"27031";"3299";"PLUi/PLUiS";"CA";"2019-12-16 23:00:00+00:00";"2018-02-19 23:00:00+00:00";"39";"27";"28";"2021";"NON";"OUI";"200071454";"";"";"";"2021-10-06";"145722";""
"27032";"1434";"CC";"CC";"2018-05-17 22:00:00+00:00";"2015-10-28 23:00:00+00:00";"13";"27";"28";"2021";"NON";"NON";"200066462";"";"";"";"2021-10-06";"145577";""
"27033";"3199";"PLU";"COM";"2013-01-14 23:00:00+00:00";"2009-03-23 23:00:00+00:00";"39";"27";"28";"2021";"NON";"NON";"27033";"";"";"";"2021-10-06";"49351";""
"27034";"3199";"PLU";"COM";"2015-02-15 23:00:00+00:00";"2010-12-08 23:00:00+00:00";"39";"27";"28";"2021";"NON";"NON";"27034";"";"";"";"2021-10-06";"49352";""
"27037";"1199";"CC";"COM";"2004-01-22 23:00:00+00:00";"2001-09-27 22:00:00+00:00";"19";"27";"28";"2021";"NON";"NON";"27037";"";"";"";"2021-10-06";"67811";""
"27038";"3499";"PLU";"CC";"2018-04-10 22:00:00+00:00";"2011-07-07 22:00:00+00:00";"39";"27";"28";"2021";"NON";"NON";"200066462";"";"";"";"2021-10-06";"98929";""
"27042";"3199";"PLU";"COM";"2016-01-31 23:00:00+00:00";"2011-09-04 22:00:00+00:00";"39";"27";"28";"2021";"NON";"NON";"27042";"";"";"";"2021-10-06";"98936";""
"27044";"3299";"PLUi/PLUiS";"CA";"2019-12-16 23:00:00+00:00";"2018-02-19 23:00:00+00:00";"39";"27";"28";"2021";"NON";"OUI";"200071454";"";"";"";"2021-10-06";"145722";""
"27045";"3199";"PLU";"COM";"2013-06-23 22:00:00+00:00";"2006-06-27 22:00:00+00:00";"39";"27";"28";"2021";"NON";"NON";"27045";"";"";"";"2021-10-06";"61742";""
"27048";"1199";"CC";"COM";"2006-11-27 23:00:00+00:00";"2002-06-05 22:00:00+00:00";"19";"27";"28";"2021";"NON";"NON";"27048";"";"";"";"2021-10-06";"67812";""
"27049";"1131";"CC";"COM";"2014-01-15 23:00:00+00:00";"2013-02-20 23:00:00+00:00";"13";"27";"28";"2021";"NON";"NON";"27049";"";"";"";"2021-10-06";"127671";""
"27050";"1199";"CC";"COM";"2011-03-14 23:00:00+00:00";"2008-06-26 22:00:00+00:00";"19";"27";"28";"2021";"NON";"NON";"27050";"";"";"";"2021-10-06";"65968";""
"27051";"3199";"PLU";"COM";"2020-03-04 23:00:00+00:00";"2014-11-23 23:00:00+00:00";"39";"27";"28";"2021";"NON";"NON";"27051";"";"";"";"2021-10-06";"145591";""
"27052";"1199";"CC";"COM";"2007-03-19 23:00:00+00:00";"2003-12-18 23:00:00+00:00";"19";"27";"28";"2021";"NON";"NON";"27052";"";"";"";"2021-10-06";"65299";""
"27053";"3399";"PLUi/PLUiS";"CA";"2019-11-27 23:00:00+00:00";"2018-02-21 23:00:00+00:00";"39";"27";"28";"2021";"OUI";"NON";"27053";"";"";"";"2021-10-06";"164947";""
"27054";"1499";"CC";"CC";"2018-11-20 23:00:00+00:00";"2014-10-05 22:00:00+00:00";"19";"27";"28";"2021";"NON";"NON";"200066462";"";"";"";"2021-10-06";"133004";""
"27055";"3199";"PLU";"COM";"2014-02-04 23:00:00+00:00";"2010-11-23 23:00:00+00:00";"39";"27";"28";"2021";"NON";"NON";"27055";"";"";"";"2021-10-06";"49355";""
"27056";"3131";"PLU";"COM";"2010-11-25 23:00:00+00:00";"2003-11-26 23:00:00+00:00";"33";"27";"28";"2021";"NON";"NON";"27056";"";"";"";"2021-10-06";"1740";""
"27059";"3199";"PLU";"COM";"2019-01-24 23:00:00+00:00";"2015-09-09 22:00:00+00:00";"39";"27";"28";"2021";"NON";"NON";"27059";"";"";"";"2021-10-06";"145592";""
"27062";"3432";"PLU";"CC";"2014-11-13 23:00:00+00:00";"2009-06-25 22:00:00+00:00";"33";"27";"28";"2021";"NON";"NON";"200066405";"";"";"";"2021-10-06";"61747";""
"27063";"1199";"CC";"COM";"2015-04-09 22:00:00+00:00";"2010-03-18 23:00:00+00:00";"19";"27";"28";"2021";"NON";"NON";"27063";"";"";"";"2021-10-06";"66822";""
"27065";"3432";"PLU";"CC";"2018-05-28 22:00:00+00:00";"2009-10-01 22:00:00+00:00";"33";"27";"28";"2021";"NON";"NON";"27065";"";"";"";"2021-10-06";"61739";""
"27066";"1199";"CC";"COM";"2013-03-25 23:00:00+00:00";"2007-02-04 23:00:00+00:00";"19";"27";"28";"2021";"NON";"NON";"27066";"";"";"";"2021-10-06";"65582";""
"27067";"3199";"PLU";"COM";"2020-12-10 23:00:00+00:00";"2016-12-08 23:00:00+00:00";"39";"27";"28";"2021";"NON";"NON";"27067";"";"";"";"2021-10-06";"153508";""
"27068";"3399";"PLUi/PLUiS";"CC";"2016-12-12 23:00:00+00:00";"2012-01-12 23:00:00+00:00";"39";"27";"28";"2021";"OUI";"NON";"200066462";"";"";"";"2021-10-06";"118810";""
"27069";"3399";"PLUi/PLUiS";"CC";"2016-12-12 23:00:00+00:00";"2012-01-12 23:00:00+00:00";"39";"27";"28";"2021";"OUI";"NON";"200066462";"";"";"";"2021-10-06";"118810";""
"27070";"3131";"PLU";"COM";"2011-12-01 23:00:00+00:00";"2007-04-16 22:00:00+00:00";"33";"27";"28";"2021";"NON";"NON";"27070";"";"";"";"2021-10-06";"49353";""
"27071";"1199";"CC";"COM";"2020-03-04 23:00:00+00:00";"2013-04-11 22:00:00+00:00";"19";"27";"28";"2021";"NON";"NON";"27071";"";"";"";"2021-10-06";"127674";""
"27072";"3199";"PLU";"COM";"2012-09-26 22:00:00+00:00";"2004-04-08 22:00:00+00:00";"39";"27";"28";"2021";"NON";"NON";"27072";"";"";"";"2021-10-06";"49354";""
"27073";"3299";"PLUi/PLUiS";"CA";"2019-12-16 23:00:00+00:00";"2018-02-19 23:00:00+00:00";"39";"27";"28";"2021";"NON";"OUI";"200071454";"";"";"";"2021-10-06";"145722";""
"27074";"1199";"CC";"COM";"2012-02-14 23:00:00+00:00";"2006-06-25 22:00:00+00:00";"19";"27";"28";"2021";"NON";"NON";"27074";"";"";"";"2021-10-06";"65969";""
"27075";"3399";"PLUi/PLUiS";"CC";"2016-12-12 23:00:00+00:00";"2012-01-12 23:00:00+00:00";"39";"27";"28";"2021";"OUI";"NON";"200066462";"";"";"";"2021-10-06";"118810";""
"27076";"3199";"PLU";"COM";"2005-04-28 22:00:00+00:00";"2000-04-19 22:00:00+00:00";"39";"27";"28";"2021";"NON";"NON";"27076";"";"";"";"2021-10-06";"51763";""
"27078";"1199";"CC";"COM";"2018-05-17 22:00:00+00:00";"2015-09-06 22:00:00+00:00";"19";"27";"28";"2021";"NON";"NON";"27078";"";"";"";"2021-10-06";"145569";""
"27081";"3299";"PLUi/PLUiS";"CA";"2019-12-16 23:00:00+00:00";"2018-02-19 23:00:00+00:00";"39";"27";"28";"2021";"NON";"OUI";"200071454";"";"";"";"2021-10-06";"145722";""
"27082";"3199";"PLU";"COM";"2005-05-08 22:00:00+00:00";"2002-10-20 22:00:00+00:00";"39";"27";"28";"2021";"NON";"NON";"27082";"";"";"";"2021-10-06";"51765";""
"27083";"3399";"PLUi/PLUiS";"CC";"2019-12-15 23:00:00+00:00";"2017-06-25 22:00:00+00:00";"39";"27";"28";"2021";"OUI";"NON";"200065787";"";"";"";"2021-10-06";"155833";""
"27085";"1432";"CC";"CC";"2005-12-05 23:00:00+00:00";"2004-03-18 23:00:00+00:00";"13";"27";"28";"2021";"NON";"NON";"200066405";"";"";"";"2021-10-06";"64899";""
"27089";"1432";"CC";"CC";"2011-12-18 23:00:00+00:00";"2006-12-13 23:00:00+00:00";"13";"27";"28";"2021";"NON";"NON";"200066405";"";"";"";"2021-10-06";"65970";""
"27090";"3432";"PLU";"CC";"2013-12-01 23:00:00+00:00";"2009-10-26 23:00:00+00:00";"33";"27";"28";"2021";"NON";"NON";"200066405";"";"";"";"2021-10-06";"61746";""
"27091";"3432";"PLU";"CC";"2016-02-22 23:00:00+00:00";"2011-06-27 22:00:00+00:00";"33";"27";"28";"2021";"NON";"NON";"200066405";"";"";"";"2021-10-06";"98948";""
"27094";"3199";"PLU";"COM";"2018-06-20 22:00:00+00:00";"2014-07-27 22:00:00+00:00";"39";"27";"28";"2021";"NON";"NON";"27094";"";"";"";"2021-10-06";"133058";""
"27095";"1199";"CC";"COM";"2009-12-09 23:00:00+00:00";"2009-01-13 23:00:00+00:00";"19";"27";"28";"2021";"NON";"NON";"27095";"";"";"";"2021-10-06";"69131";""
"27096";"3399";"PLUi/PLUiS";"CC";"2016-12-12 23:00:00+00:00";"2012-01-12 23:00:00+00:00";"39";"27";"28";"2021";"OUI";"NON";"200066462";"";"";"";"2021-10-06";"118810";""
"27097";"3199";"PLU";"COM";"2005-04-13 22:00:00+00:00";"2002-02-10 23:00:00+00:00";"39";"27";"28";"2021";"NON";"NON";"27097";"";"";"";"2021-10-06";"51768";""
"27098";"3199";"PLU";"COM";"2008-02-01 23:00:00+00:00";"2006-01-25 23:00:00+00:00";"39";"27";"28";"2021";"NON";"NON";"27098";"";"";"";"2021-10-06";"51769";""
"27099";"3299";"PLUi/PLUiS";"CA";"2019-12-16 23:00:00+00:00";"2018-02-19 23:00:00+00:00";"39";"27";"28";"2021";"NON";"OUI";"200071454";"";"";"";"2021-10-06";"145722";""
"27101";"1499";"CC";"CC";"2010-12-30 23:00:00+00:00";"2008-08-25 22:00:00+00:00";"19";"27";"28";"2021";"NON";"NON";"27101";"";"";"";"2021-10-06";"69133";""
"27102";"3432";"PLU";"CC";"2010-03-31 22:00:00+00:00";"2003-09-11 22:00:00+00:00";"33";"27";"28";"2021";"NON";"NON";"200066405";"";"";"";"2021-10-06";"51790";""
"27103";"3432";"PLU";"CC";"2011-04-13 22:00:00+00:00";"2005-04-20 22:00:00+00:00";"33";"27";"28";"2021";"NON";"NON";"200066405";"";"";"";"2021-10-06";"51772";""
"27104";"3199";"PLU";"COM";"2015-03-24 23:00:00+00:00";"2010-11-28 23:00:00+00:00";"39";"27";"28";"2021";"NON";"NON";"27104";"";"";"";"2021-10-06";"98955";""
"27105";"3432";"PLU";"CC";"2007-10-15 22:00:00+00:00";"2004-10-25 22:00:00+00:00";"33";"27";"28";"2021";"NON";"NON";"200066405";"";"";"";"2021-10-06";"51774";""
"27107";"3432";"PLU";"CC";"2013-11-24 23:00:00+00:00";"2003-09-29 22:00:00+00:00";"33";"27";"28";"2021";"NON";"NON";"200066405";"";"";"";"2021-10-06";"49356";""
"27108";"3434";"PLU";"CC";"2005-06-02 22:00:00+00:00";"1997-02-13 23:00:00+00:00";"33";"27";"28";"2021";"NON";"NON";"200066462";"";"";"";"2021-10-06";"51775";""
"27109";"1199";"CC";"COM";"2007-04-02 22:00:00+00:00";"2003-11-27 23:00:00+00:00";"19";"27";"28";"2021";"NON";"NON";"27109";"";"";"";"2021-10-06";"67818";""
"27110";"3399";"PLUi/PLUiS";"CC";"2019-12-15 23:00:00+00:00";"2017-06-25 22:00:00+00:00";"39";"27";"28";"2021";"OUI";"NON";"200065787";"";"";"";"2021-10-06";"155833";""
"27111";"3299";"PLUi/PLUiS";"CA";"2019-12-16 23:00:00+00:00";"2018-02-19 23:00:00+00:00";"39";"27";"28";"2021";"NON";"OUI";"200071454";"";"";"";"2021-10-06";"145722";""
"27112";"3499";"PLU";"CC";"2018-02-20 23:00:00+00:00";"2016-04-07 22:00:00+00:00";"39";"27";"28";"2021";"NON";"NON";"200066462";"";"";"";"2021-10-06";"148244";""
"27113";"1199";"CC";"COM";"2011-04-21 22:00:00+00:00";"2008-11-16 23:00:00+00:00";"19";"27";"28";"2021";"NON";"NON";"27113";"";"";"";"2021-10-06";"65971";""
"27114";"3199";"PLU";"COM";"2015-07-02 22:00:00+00:00";"2012-01-20 23:00:00+00:00";"39";"27";"28";"2021";"NON";"NON";"27114";"";"";"";"2021-10-06";"98958";""
"27115";"3499";"PLU";"CC";"2018-04-10 22:00:00+00:00";"2015-10-08 22:00:00+00:00";"39";"27";"28";"2021";"NON";"NON";"200066462";"";"";"";"2021-10-06";"148245";""
"27116";"3199";"PLU";"COM";"2018-09-25 22:00:00+00:00";"2011-12-11 23:00:00+00:00";"39";"27";"28";"2021";"NON";"NON";"27116";"";"";"";"2021-10-06";"98960";""
"27117";"3199";"PLU";"COM";"2007-08-30 22:00:00+00:00";"2002-02-28 23:00:00+00:00";"39";"27";"28";"2021";"NON";"NON";"27117";"";"";"";"2021-10-06";"51780";""
"27118";"1111";"CC";"COM";"2006-06-13 22:00:00+00:00";"2002-04-04 22:00:00+00:00";"11";"27";"28";"2021";"NON";"NON";"27118";"";"";"";"2021-10-06";"64842";""
"27119";"3199";"PLU";"COM";"2014-09-29 22:00:00+00:00";"2012-02-09 23:00:00+00:00";"39";"27";"28";"2021";"NON";"NON";"27119";"";"";"";"2021-10-06";"61744";""
"27120";"1111";"CC";"COM";"2010-12-20 23:00:00+00:00";"2007-03-18 23:00:00+00:00";"11";"27";"28";"2021";"NON";"NON";"27120";"";"";"";"2021-10-06";"69155";""
"27124";"3399";"PLUi/PLUiS";"CA";"2019-12-18 23:00:00+00:00";"2015-11-02 23:00:00+00:00";"39";"27";"28";"2021";"OUI";"NON";"200089456";"";"";"";"2021-10-06";"145728";""
"27125";"1199";"CC";"COM";"2010-04-19 22:00:00+00:00";"2007-06-21 22:00:00+00:00";"19";"27";"28";"2021";"NON";"NON";"27125";"";"";"";"2021-10-06";"69134";""
"27126";"3399";"PLUi/PLUiS";"CC";"2019-12-15 23:00:00+00:00";"2017-06-25 22:00:00+00:00";"39";"27";"28";"2021";"OUI";"NON";"200065787";"";"";"";"2021-10-06";"155833";""
"27127";"3199";"PLU";"COM";"2014-02-17 23:00:00+00:00";"2011-05-23 22:00:00+00:00";"39";"27";"28";"2021";"NON";"NON";"27127";"";"";"";"2021-10-06";"98963";""
"27132";"3299";"PLUi/PLUiS";"CA";"2019-12-16 23:00:00+00:00";"2018-02-19 23:00:00+00:00";"39";"27";"28";"2021";"NON";"OUI";"200071454";"";"";"";"2021-10-06";"145722";""
"27133";"3432";"PLU";"CC";"2011-06-21 22:00:00+00:00";"2006-07-11 22:00:00+00:00";"33";"27";"28";"2021";"NON";"NON";"200066405";"";"";"";"2021-10-06";"49358";""
"27136";"3199";"PLU";"COM";"2018-01-28 23:00:00+00:00";"2015-03-22 23:00:00+00:00";"39";"27";"28";"2021";"NON";"NON";"27136";"";"";"";"2021-10-06";"145606";""
"27137";"3399";"PLUi/PLUiS";"CC";"2016-12-12 23:00:00+00:00";"2012-01-12 23:00:00+00:00";"39";"27";"28";"2021";"OUI";"NON";"200066462";"";"";"";"2021-10-06";"118810";""
"27138";"1199";"CC";"COM";"2006-07-06 22:00:00+00:00";"2004-03-16 23:00:00+00:00";"19";"27";"28";"2021";"NON";"NON";"27138";"";"";"";"2021-10-06";"67823";""
"27139";"3399";"PLUi/PLUiS";"CC";"2016-12-12 23:00:00+00:00";"2012-01-12 23:00:00+00:00";"39";"27";"28";"2021";"OUI";"NON";"200066462";"";"";"";"2021-10-06";"118810";""
"27140";"3199";"PLU";"COM";"2020-02-12 23:00:00+00:00";"2014-11-23 23:00:00+00:00";"39";"27";"28";"2021";"NON";"NON";"27140";"";"";"";"2021-10-06";"136134";""
"27142";"3399";"PLUi/PLUiS";"CA";"2019-12-18 23:00:00+00:00";"2015-11-02 23:00:00+00:00";"39";"27";"28";"2021";"OUI";"NON";"200089456";"";"";"";"2021-10-06";"145728";""
"27144";"3299";"PLUi/PLUiS";"CA";"2019-12-16 23:00:00+00:00";"2018-02-19 23:00:00+00:00";"39";"27";"28";"2021";"NON";"OUI";"200071454";"";"";"";"2021-10-06";"145722";""
"27147";"3299";"PLUi/PLUiS";"CA";"2019-12-16 23:00:00+00:00";"2018-02-19 23:00:00+00:00";"39";"27";"28";"2021";"NON";"OUI";"200071454";"";"";"";"2021-10-06";"145722";""
"27151";"3199";"PLU";"COM";"2008-10-02 22:00:00+00:00";"2006-07-10 22:00:00+00:00";"39";"27";"28";"2021";"NON";"NON";"27151";"";"";"";"2021-10-06";"51788";""
"27152";"3199";"PLU";"COM";"2017-09-21 22:00:00+00:00";"2014-12-18 23:00:00+00:00";"39";"27";"28";"2021";"NON";"NON";"27152";"";"";"";"2021-10-06";"136135";""
"27153";"3199";"PLU";"COM";"2011-08-01 22:00:00+00:00";"2009-07-25 22:00:00+00:00";"39";"27";"28";"2021";"NON";"NON";"27153";"";"";"";"2021-10-06";"49359";""
"27154";"3299";"PLUi/PLUiS";"CA";"2019-12-16 23:00:00+00:00";"2018-02-19 23:00:00+00:00";"39";"27";"28";"2021";"NON";"OUI";"200071454";"";"";"";"2021-10-06";"145722";""
"27155";"1499";"CC";"CC";"2014-01-14 23:00:00+00:00";"2010-07-01 22:00:00+00:00";"19";"27";"28";"2021";"NON";"NON";"200066462";"";"";"";"2021-10-06";"66824";""
"27156";"3399";"PLUi/PLUiS";"CC";"2016-12-12 23:00:00+00:00";"2012-01-12 23:00:00+00:00";"39";"27";"28";"2021";"OUI";"NON";"200066462";"";"";"";"2021-10-06";"118810";""
"27157";"1499";"CC";"CC";"2013-02-27 23:00:00+00:00";"2008-12-10 23:00:00+00:00";"19";"27";"28";"2021";"NON";"NON";"200066462";"";"";"";"2021-10-06";"65989";""
"27158";"3299";"PLUi/PLUiS";"CA";"2019-12-16 23:00:00+00:00";"2018-02-19 23:00:00+00:00";"39";"27";"28";"2021";"NON";"OUI";"200071454";"";"";"";"2021-10-06";"145722";""
"27161";"3199";"PLU";"COM";"2015-02-01 23:00:00+00:00";"2009-10-25 23:00:00+00:00";"39";"27";"28";"2021";"NON";"NON";"27161";"";"";"";"2021-10-06";"49670";""
"27163";"3399";"PLUi/PLUiS";"CC";"2019-12-15 23:00:00+00:00";"2017-06-25 22:00:00+00:00";"39";"27";"28";"2021";"OUI";"NON";"200065787";"";"";"";"2021-10-06";"155833";""
"27164";"1199";"CC";"COM";"2010-04-05 22:00:00+00:00";"2009-09-06 22:00:00+00:00";"19";"27";"28";"2021";"NON";"NON";"27164";"";"";"";"2021-10-06";"69156";""
"27165";"3199";"PLU";"COM";"2020-03-02 23:00:00+00:00";"2007-07-02 22:00:00+00:00";"39";"27";"28";"2021";"NON";"NON";"27165";"";"";"";"2021-10-06";"61748";""
"27167";"3399";"PLUi/PLUiS";"CC";"2019-12-15 23:00:00+00:00";"2017-06-25 22:00:00+00:00";"39";"27";"28";"2021";"OUI";"NON";"200065787";"";"";"";"2021-10-06";"155833";""
"27168";"3399";"PLUi/PLUiS";"CA";"2019-11-27 23:00:00+00:00";"2018-02-21 23:00:00+00:00";"39";"27";"28";"2021";"OUI";"NON";"27168";"";"";"";"2021-10-06";"164947";""
"27170";"3199";"PLU";"COM";"2019-10-23 22:00:00+00:00";"2013-04-10 22:00:00+00:00";"39";"27";"28";"2021";"NON";"NON";"27170";"";"";"";"2021-10-06";"127681";""
"27171";"1199";"CC";"COM";"2007-09-27 22:00:00+00:00";"2006-12-20 23:00:00+00:00";"19";"27";"28";"2021";"NON";"NON";"27171";"";"";"";"2021-10-06";"67827";""
"27174";"3399";"PLUi/PLUiS";"CC";"2019-12-15 23:00:00+00:00";"2017-06-25 22:00:00+00:00";"39";"27";"28";"2021";"OUI";"NON";"200065787";"";"";"";"2021-10-06";"155833";""
"27176";"3199";"PLU";"COM";"2011-11-06 23:00:00+00:00";"2007-10-28 23:00:00+00:00";"39";"27";"28";"2021";"NON";"NON";"27176";"";"";"";"2021-10-06";"49362";""
"27177";"3299";"PLUi/PLUiS";"CA";"2019-12-16 23:00:00+00:00";"2018-02-19 23:00:00+00:00";"39";"27";"28";"2021";"NON";"OUI";"200071454";"";"";"";"2021-10-06";"145722";""
"27179";"3199";"PLU";"COM";"2019-06-19 22:00:00+00:00";"2015-04-15 22:00:00+00:00";"39";"27";"28";"2021";"NON";"NON";"27179";"";"";"";"2021-10-06";"145610";""
"27180";"3399";"PLUi/PLUiS";"CA";"2019-12-18 23:00:00+00:00";"2015-11-02 23:00:00+00:00";"39";"27";"28";"2021";"OUI";"NON";"200089456";"";"";"";"2021-10-06";"145728";""
"27181";"3299";"PLUi/PLUiS";"CA";"2019-12-16 23:00:00+00:00";"2018-02-19 23:00:00+00:00";"39";"27";"28";"2021";"NON";"OUI";"27181";"";"";"";"2021-10-06";"145722";""
"27182";"3499";"PLU";"CC";"2020-01-28 23:00:00+00:00";"2015-12-03 23:00:00+00:00";"39";"27";"28";"2021";"NON";"NON";"200066462";"";"";"";"2021-10-06";"145781";""
"27183";"3299";"PLUi/PLUiS";"CA";"2019-12-16 23:00:00+00:00";"2018-02-19 23:00:00+00:00";"39";"27";"28";"2021";"NON";"OUI";"200071454";"";"";"";"2021-10-06";"145722";""
"27184";"3399";"PLUi/PLUiS";"CA";"2019-11-27 23:00:00+00:00";"2018-02-21 23:00:00+00:00";"39";"27";"28";"2021";"OUI";"NON";"27184";"";"";"";"2021-10-06";"164947";""
"27185";"1199";"CC";"COM";"2004-02-04 23:00:00+00:00";"2001-11-01 23:00:00+00:00";"19";"27";"28";"2021";"NON";"NON";"27185";"";"";"";"2021-10-06";"67830";""
"27187";"1199";"CC";"COM";"2011-03-14 23:00:00+00:00";"2002-01-14 23:00:00+00:00";"19";"27";"28";"2021";"NON";"NON";"27187";"";"";"";"2021-10-06";"66825";""
"27188";"3399";"PLUi/PLUiS";"CA";"2019-11-27 23:00:00+00:00";"2018-02-21 23:00:00+00:00";"39";"27";"28";"2021";"OUI";"NON";"27188";"";"";"";"2021-10-06";"164947";""
"27189";"1199";"CC";"COM";"2019-04-01 22:00:00+00:00";"2016-11-23 23:00:00+00:00";"19";"27";"28";"2021";"NON";"NON";"27189";"";"";"";"2021-10-06";"152056";""
"27190";"3199";"PLU";"COM";"2015-12-15 23:00:00+00:00";"2012-06-10 22:00:00+00:00";"39";"27";"28";"2021";"NON";"NON";"27190";"";"";"";"2021-10-06";"118769";""
"27191";"3399";"PLUi/PLUiS";"CA";"2019-12-18 23:00:00+00:00";"2015-11-02 23:00:00+00:00";"39";"27";"28";"2021";"OUI";"NON";"200089456";"";"";"";"2021-10-06";"145728";""
"27192";"3199";"PLU";"COM";"2014-04-16 22:00:00+00:00";"2011-07-11 22:00:00+00:00";"39";"27";"28";"2021";"NON";"NON";"27192";"";"";"";"2021-10-06";"98972";""
"27193";"3299";"PLUi/PLUiS";"CA";"2019-12-16 23:00:00+00:00";"2018-02-19 23:00:00+00:00";"39";"27";"28";"2021";"NON";"OUI";"200071454";"";"";"";"2021-10-06";"145722";""
"27196";"3399";"PLUi/PLUiS";"CA";"2019-11-27 23:00:00+00:00";"2018-02-21 23:00:00+00:00";"39";"27";"28";"2021";"OUI";"NON";"27196";"";"";"";"2021-10-06";"164947";""
"27198";"1434";"CC";"CC";"2011-09-26 22:00:00+00:00";"2007-05-22 22:00:00+00:00";"13";"27";"28";"2021";"NON";"NON";"200066462";"";"";"";"2021-10-06";"65967";""
"27199";"3199";"PLU";"COM";"2019-10-10 22:00:00+00:00";"2015-02-04 23:00:00+00:00";"39";"27";"28";"2021";"NON";"NON";"27199";"";"";"";"2021-10-06";"145613";""
"27200";"3299";"PLUi/PLUiS";"CA";"2019-12-16 23:00:00+00:00";"2018-02-19 23:00:00+00:00";"39";"27";"28";"2021";"NON";"OUI";"200071454";"";"";"";"2021-10-06";"145722";""
"27202";"3199";"PLU";"COM";"2015-06-17 22:00:00+00:00";"2011-05-25 22:00:00+00:00";"39";"27";"28";"2021";"NON";"NON";"27202";"";"";"";"2021-10-06";"98974";""
"27204";"3199";"PLU";"COM";"2014-09-07 22:00:00+00:00";"2010-03-03 23:00:00+00:00";"39";"27";"28";"2021";"NON";"NON";"27204";"";"";"";"2021-10-06";"49365";""
"27205";"3199";"PLU";"COM";"2016-08-28 22:00:00+00:00";"2010-12-05 23:00:00+00:00";"39";"27";"28";"2021";"NON";"NON";"27205";"";"";"";"2021-10-06";"49366";""
"27206";"3299";"PLUi/PLUiS";"CA";"2019-12-16 23:00:00+00:00";"2018-02-19 23:00:00+00:00";"39";"27";"28";"2021";"NON";"OUI";"27206";"";"";"";"2021-10-06";"145722";""
"27209";"3399";"PLUi/PLUiS";"CC";"2019-12-15 23:00:00+00:00";"2017-06-25 22:00:00+00:00";"39";"27";"28";"2021";"OUI";"NON";"200065787";"";"";"";"2021-10-06";"155833";""
"27210";"1199";"CC";"COM";"2007-11-29 23:00:00+00:00";"2004-08-22 22:00:00+00:00";"19";"27";"28";"2021";"NON";"NON";"27210";"";"";"";"2021-10-06";"67832";""
"27212";"1199";"CC";"COM";"2005-10-02 22:00:00+00:00";"2002-03-10 23:00:00+00:00";"19";"27";"28";"2021";"NON";"NON";"27212";"";"";"";"2021-10-06";"67833";""
"27213";"3131";"PLU";"COM";"2019-02-19 23:00:00+00:00";"2015-10-22 22:00:00+00:00";"33";"27";"28";"2021";"NON";"NON";"27213";"";"";"";"2021-10-06";"160085";""
"27216";"3299";"PLUi/PLUiS";"CA";"2019-12-16 23:00:00+00:00";"2018-02-19 23:00:00+00:00";"39";"27";"28";"2021";"NON";"OUI";"200071454";"";"";"";"2021-10-06";"145722";""
"27217";"3199";"PLU";"COM";"2014-02-20 23:00:00+00:00";"2011-03-17 23:00:00+00:00";"39";"27";"28";"2021";"NON";"NON";"27217";"";"";"";"2021-10-06";"98978";""
"27218";"3199";"PLU";"COM";"2016-05-10 22:00:00+00:00";"2011-05-23 22:00:00+00:00";"39";"27";"28";"2021";"NON";"NON";"27218";"";"";"";"2021-10-06";"98975";""
"27219";"1199";"CC";"COM";"2003-11-09 23:00:00+00:00";"2002-01-25 23:00:00+00:00";"19";"27";"28";"2021";"NON";"NON";"27219";"";"";"";"2021-10-06";"67835";""
"27220";"3299";"PLUi/PLUiS";"CA";"2019-12-16 23:00:00+00:00";"2018-02-19 23:00:00+00:00";"39";"27";"28";"2021";"NON";"OUI";"200071454";"";"";"";"2021-10-06";"145722";""
"27224";"3199";"PLU";"COM";"2011-02-20 23:00:00+00:00";"2005-02-16 23:00:00+00:00";"39";"27";"28";"2021";"NON";"NON";"27224";"";"";"";"2021-10-06";"49364";""
"27226";"3199";"PLU";"COM";"2017-03-08 23:00:00+00:00";"2012-03-21 23:00:00+00:00";"39";"27";"28";"2021";"NON";"NON";"27226";"";"";"";"2021-10-06";"118770";""
"27227";"1432";"CC";"CC";"2012-07-26 22:00:00+00:00";"2009-05-17 22:00:00+00:00";"13";"27";"28";"2021";"NON";"NON";"200066405";"";"";"";"2021-10-06";"66826";""
"27228";"3432";"PLU";"CC";"2015-05-17 22:00:00+00:00";"2011-05-16 22:00:00+00:00";"33";"27";"28";"2021";"NON";"NON";"200066405";"";"";"";"2021-10-06";"98979";""
"27229";"3299";"PLUi/PLUiS";"CA";"2019-12-16 23:00:00+00:00";"2018-02-19 23:00:00+00:00";"39";"27";"28";"2021";"NON";"OUI";"200071454";"";"";"";"2021-10-06";"145722";""
"27230";"3199";"PLU";"COM";"2020-12-17 23:00:00+00:00";"2018-09-27 22:00:00+00:00";"39";"27";"28";"2021";"NON";"NON";"27230";"";"";"";"2021-10-06";"169530";""
"27231";"3199";"PLU";"COM";"2020-01-27 23:00:00+00:00";"2014-11-20 23:00:00+00:00";"39";"27";"28";"2021";"NON";"NON";"27231";"";"";"";"2021-10-06";"136138";""
"27232";"3199";"PLU";"COM";"2016-12-01 23:00:00+00:00";"2012-10-10 22:00:00+00:00";"39";"27";"28";"2021";"NON";"NON";"27232";"";"";"";"2021-10-06";"118771";""
"27233";"3432";"PLU";"CC";"2006-07-11 22:00:00+00:00";"2002-09-19 22:00:00+00:00";"33";"27";"28";"2021";"NON";"NON";"27233";"";"";"";"2021-10-06";"51813";""
"27234";"3299";"PLUi/PLUiS";"CA";"2019-12-16 23:00:00+00:00";"2018-02-19 23:00:00+00:00";"39";"27";"28";"2021";"NON";"OUI";"200071454";"";"";"";"2021-10-06";"145722";""
"27241";"3199";"PLU";"COM";"2012-12-19 23:00:00+00:00";"2009-06-17 22:00:00+00:00";"39";"27";"28";"2021";"NON";"NON";"27241";"";"";"";"2021-10-06";"50021";""
"27242";"3199";"PLU";"COM";"2014-01-22 23:00:00+00:00";"2008-11-26 23:00:00+00:00";"39";"27";"28";"2021";"NON";"NON";"27242";"";"";"";"2021-10-06";"129562";""
"27245";"1199";"CC";"COM";"2017-05-11 22:00:00+00:00";"2014-07-08 22:00:00+00:00";"19";"27";"28";"2021";"NON";"NON";"27245";"";"";"";"2021-10-06";"145736";""
"27247";"3199";"PLU";"COM";"2016-12-15 23:00:00+00:00";"2010-12-02 23:00:00+00:00";"39";"27";"28";"2021";"NON";"NON";"27247";"";"";"";"2021-10-06";"50439";""
"27249";"3399";"PLUi/PLUiS";"CA";"2019-12-18 23:00:00+00:00";"2015-11-02 23:00:00+00:00";"39";"27";"28";"2021";"OUI";"NON";"200089456";"";"";"";"2021-10-06";"145728";""
"27254";"3299";"PLUi/PLUiS";"CA";"2019-12-16 23:00:00+00:00";"2018-02-19 23:00:00+00:00";"39";"27";"28";"2021";"NON";"OUI";"27254";"";"";"";"2021-10-06";"145722";""
"27256";"3299";"PLUi/PLUiS";"CA";"2019-12-16 23:00:00+00:00";"2018-02-19 23:00:00+00:00";"39";"27";"28";"2021";"NON";"OUI";"200071454";"";"";"";"2021-10-06";"145722";""
"27258";"1199";"CC";"COM";"2005-12-15 23:00:00+00:00";"2003-07-31 22:00:00+00:00";"19";"27";"28";"2021";"NON";"NON";"27258";"";"";"";"2021-10-06";"171293";""
"27259";"3299";"PLUi/PLUiS";"CA";"2019-12-16 23:00:00+00:00";"2018-02-19 23:00:00+00:00";"39";"27";"28";"2021";"NON";"OUI";"200071454";"";"";"";"2021-10-06";"145722";""
"27261";"1111";"CC";"COM";"2003-12-03 23:00:00+00:00";"2002-04-04 22:00:00+00:00";"11";"27";"28";"2021";"NON";"NON";"27261";"";"";"";"2021-10-06";"67839";""
"27263";"3399";"PLUi/PLUiS";"CC";"2019-12-15 23:00:00+00:00";"2017-06-25 22:00:00+00:00";"39";"27";"28";"2021";"OUI";"NON";"200065787";"";"";"";"2021-10-06";"155833";""
"27266";"1199";"CC";"COM";"2007-11-29 23:00:00+00:00";"2005-05-17 22:00:00+00:00";"19";"27";"28";"2021";"NON";"NON";"27266";"";"";"";"2021-10-06";"67840";""
"27267";"3399";"PLUi/PLUiS";"CC";"2019-12-15 23:00:00+00:00";"2017-06-25 22:00:00+00:00";"39";"27";"28";"2021";"OUI";"NON";"200065787";"";"";"";"2021-10-06";"155833";""
"27271";"3299";"PLUi/PLUiS";"CA";"2019-12-16 23:00:00+00:00";"2018-02-19 23:00:00+00:00";"39";"27";"28";"2021";"NON";"OUI";"200071454";"";"";"";"2021-10-06";"145722";""
"27275";"3399";"PLUi/PLUiS";"CA";"2019-12-18 23:00:00+00:00";"2015-11-02 23:00:00+00:00";"39";"27";"28";"2021";"OUI";"NON";"200089456";"";"";"";"2021-10-06";"145728";""
"27276";"3199";"PLU";"COM";"2017-04-24 22:00:00+00:00";"2012-10-28 23:00:00+00:00";"39";"27";"28";"2021";"NON";"NON";"27276";"";"";"";"2021-10-06";"118775";""
"27277";"3299";"PLUi/PLUiS";"CA";"2019-12-16 23:00:00+00:00";"2018-02-19 23:00:00+00:00";"39";"27";"28";"2021";"NON";"OUI";"200071454";"";"";"";"2021-10-06";"145722";""
"27278";"3299";"PLUi/PLUiS";"CA";"2019-12-16 23:00:00+00:00";"2018-02-19 23:00:00+00:00";"39";"27";"28";"2021";"NON";"OUI";"200071454";"";"";"";"2021-10-06";"145722";""
"27279";"3131";"PLU";"COM";"2008-02-04 23:00:00+00:00";"2005-06-06 22:00:00+00:00";"33";"27";"28";"2021";"NON";"NON";"27279";"";"";"";"2021-10-06";"51823";""
"27280";"3299";"PLUi/PLUiS";"CA";"2019-12-16 23:00:00+00:00";"2018-02-19 23:00:00+00:00";"39";"27";"28";"2021";"NON";"OUI";"200071454";"";"";"";"2021-10-06";"145722";""
"27282";"3299";"PLUi/PLUiS";"CA";"2019-12-16 23:00:00+00:00";"2018-02-19 23:00:00+00:00";"39";"27";"28";"2021";"NON";"OUI";"27282";"";"";"";"2021-10-06";"145722";""
"27284";"3199";"PLU";"COM";"2020-12-13 23:00:00+00:00";"2017-09-25 22:00:00+00:00";"39";"27";"28";"2021";"NON";"NON";"27284";"";"";"";"2021-10-06";"160093";""
"27285";"3199";"PLU";"COM";"2018-11-26 23:00:00+00:00";"2011-06-20 22:00:00+00:00";"39";"27";"28";"2021";"NON";"NON";"27285";"";"";"";"2021-10-06";"99012";""
"27288";"3399";"PLUi/PLUiS";"CC";"2019-12-15 23:00:00+00:00";"2017-06-25 22:00:00+00:00";"39";"27";"28";"2021";"OUI";"NON";"200065787";"";"";"";"2021-10-06";"155833";""
"27291";"1499";"CC";"CC";"2013-08-22 22:00:00+00:00";"2010-04-13 22:00:00+00:00";"19";"27";"28";"2021";"NON";"NON";"200066462";"";"";"";"2021-10-06";"66827";""
"27294";"3199";"PLU";"COM";"2016-12-19 23:00:00+00:00";"2008-09-18 22:00:00+00:00";"39";"27";"28";"2021";"NON";"NON";"27294";"";"";"";"2021-10-06";"49369";""
"27295";"1199";"CC";"COM";"2006-03-06 23:00:00+00:00";"2002-04-04 22:00:00+00:00";"19";"27";"28";"2021";"NON";"NON";"27295";"";"";"";"2021-10-06";"67847";""
"27298";"1199";"CC";"COM";"2011-08-29 22:00:00+00:00";"2002-09-29 22:00:00+00:00";"19";"27";"28";"2021";"NON";"NON";"27298";"";"";"";"2021-10-06";"65977";""
"27299";"3299";"PLUi/PLUiS";"CA";"2019-12-16 23:00:00+00:00";"2018-02-19 23:00:00+00:00";"39";"27";"28";"2021";"NON";"OUI";"27299";"";"";"";"2021-10-06";"145722";""
"27301";"3299";"PLUi/PLUiS";"CA";"2019-12-16 23:00:00+00:00";"2018-02-19 23:00:00+00:00";"39";"27";"28";"2021";"NON";"OUI";"27301";"";"";"";"2021-10-06";"145722";""
"27302";"1199";"CC";"COM";"2004-08-19 22:00:00+00:00";"2001-12-12 23:00:00+00:00";"19";"27";"28";"2021";"NON";"NON";"27302";"";"";"";"2021-10-06";"67888";""
"27304";"1199";"CC";"COM";"2013-10-30 23:00:00+00:00";"2010-03-25 23:00:00+00:00";"19";"27";"28";"2021";"NON";"NON";"27304";"";"";"";"2021-10-06";"66828";""
"27306";"3299";"PLUi/PLUiS";"CA";"2019-12-16 23:00:00+00:00";"2018-02-19 23:00:00+00:00";"39";"27";"28";"2021";"NON";"OUI";"27306";"";"";"";"2021-10-06";"145722";""
"27307";"1199";"CC";"COM";"2008-03-19 23:00:00+00:00";"2004-11-07 23:00:00+00:00";"19";"27";"28";"2021";"NON";"NON";"27307";"";"";"";"2021-10-06";"67848";""
"27309";"3299";"PLUi/PLUiS";"CA";"2019-12-16 23:00:00+00:00";"2018-02-19 23:00:00+00:00";"39";"27";"28";"2021";"NON";"OUI";"27309";"";"";"";"2021-10-06";"145722";""
"27310";"3199";"PLU";"COM";"2017-04-06 22:00:00+00:00";"2012-10-28 23:00:00+00:00";"39";"27";"28";"2021";"NON";"NON";"27310";"";"";"";"2021-10-06";"118776";""
"27312";"3199";"PLU";"COM";"2019-04-02 22:00:00+00:00";"2013-09-10 22:00:00+00:00";"39";"27";"28";"2021";"NON";"NON";"27312";"";"";"";"2021-10-06";"127688";""
"27313";"1499";"CC";"CA";"2004-11-24 23:00:00+00:00";"2002-10-22 22:00:00+00:00";"19";"27";"28";"2021";"NON";"NON";"27313";"";"";"";"2021-10-06";"67850";""
"27315";"1199";"CC";"COM";"2012-07-30 22:00:00+00:00";"2008-06-17 22:00:00+00:00";"19";"27";"28";"2021";"NON";"NON";"27315";"";"";"";"2021-10-06";"65584";""
"27316";"3432";"PLU";"CC";"2008-02-10 23:00:00+00:00";"2004-04-25 22:00:00+00:00";"33";"27";"28";"2021";"NON";"NON";"200066405";"";"";"";"2021-10-06";"51834";""
"27317";"1432";"CC";"CC";"2008-12-11 23:00:00+00:00";"2005-05-19 22:00:00+00:00";"13";"27";"28";"2021";"NON";"NON";"200066405";"";"";"";"2021-10-06";"67851";""
"27318";"1199";"CC";"COM";"2014-03-23 23:00:00+00:00";"2012-03-19 23:00:00+00:00";"19";"27";"28";"2021";"NON";"NON";"27318";"";"";"";"2021-10-06";"118509";""
"27319";"1432";"CC";"CC";"2007-07-25 22:00:00+00:00";"2005-03-22 23:00:00+00:00";"13";"27";"28";"2021";"NON";"NON";"200066405";"";"";"";"2021-10-06";"67852";""
"27321";"3399";"PLUi/PLUiS";"CA";"2019-11-27 23:00:00+00:00";"2018-02-21 23:00:00+00:00";"39";"27";"28";"2021";"OUI";"NON";"27321";"";"";"";"2021-10-06";"164947";""
"27322";"3399";"PLUi/PLUiS";"CA";"2019-11-27 23:00:00+00:00";"2018-02-21 23:00:00+00:00";"39";"27";"28";"2021";"OUI";"NON";"27322";"";"";"";"2021-10-06";"164947";""
"27323";"3399";"PLUi/PLUiS";"CC";"2016-12-12 23:00:00+00:00";"2012-01-12 23:00:00+00:00";"39";"27";"28";"2021";"OUI";"NON";"200066462";"";"";"";"2021-10-06";"118810";""
"27324";"3199";"PLU";"COM";"2008-02-18 23:00:00+00:00";"2003-11-25 23:00:00+00:00";"39";"27";"28";"2021";"NON";"NON";"27324";"";"";"";"2021-10-06";"51836";""
"27325";"1199";"CC";"COM";"2007-07-30 22:00:00+00:00";"2004-06-06 22:00:00+00:00";"19";"27";"28";"2021";"NON";"NON";"27325";"";"";"";"2021-10-06";"67853";""
"27327";"1199";"CC";"COM";"2009-03-12 23:00:00+00:00";"2006-03-31 22:00:00+00:00";"19";"27";"28";"2021";"NON";"NON";"27327";"";"";"";"2021-10-06";"69138";""
"27329";"1199";"CC";"COM";"2009-11-15 23:00:00+00:00";"2007-01-08 23:00:00+00:00";"19";"27";"28";"2021";"NON";"NON";"27329";"";"";"";"2021-10-06";"69139";""
"27330";"3399";"PLUi/PLUiS";"CA";"2019-11-27 23:00:00+00:00";"2018-02-21 23:00:00+00:00";"39";"27";"28";"2021";"OUI";"NON";"27330";"";"";"";"2021-10-06";"164947";""
"27331";"3199";"PLU";"COM";"2013-12-16 23:00:00+00:00";"2008-12-04 23:00:00+00:00";"39";"27";"28";"2021";"NON";"NON";"27331";"";"";"";"2021-10-06";"49371";""
"27332";"3399";"PLUi/PLUiS";"CA";"2019-11-27 23:00:00+00:00";"2018-02-21 23:00:00+00:00";"39";"27";"28";"2021";"OUI";"NON";"27332";"";"";"";"2021-10-06";"164947";""
"27333";"3199";"PLU";"COM";"2012-10-04 22:00:00+00:00";"2006-06-08 22:00:00+00:00";"39";"27";"28";"2021";"NON";"NON";"27333";"";"";"";"2021-10-06";"49374";""
"27335";"3399";"PLUi/PLUiS";"CA";"2019-12-18 23:00:00+00:00";"2015-11-02 23:00:00+00:00";"39";"27";"28";"2021";"OUI";"NON";"200089456";"";"";"";"2021-10-06";"145728";""
"27336";"3199";"PLU";"COM";"2016-04-25 22:00:00+00:00";"2013-10-21 22:00:00+00:00";"39";"27";"28";"2021";"NON";"NON";"27336";"";"";"";"2021-10-06";"127690";""
"27337";"1199";"CC";"COM";"2007-07-26 22:00:00+00:00";"2003-11-20 23:00:00+00:00";"19";"27";"28";"2021";"NON";"NON";"27337";"";"";"";"2021-10-06";"67854";""
"27338";"1199";"CC";"COM";"2013-01-07 23:00:00+00:00";"2011-10-27 22:00:00+00:00";"19";"27";"28";"2021";"NON";"NON";"27338";"";"";"";"2021-10-06";"118508";""
"27339";"3199";"PLU";"COM";"2020-07-06 22:00:00+00:00";"2017-05-17 22:00:00+00:00";"39";"27";"28";"2021";"NON";"NON";"27339";"";"";"";"2021-10-06";"167012";""
"27341";"1499";"CC";"CC";"2009-11-15 23:00:00+00:00";"2008-02-01 23:00:00+00:00";"19";"27";"28";"2021";"NON";"NON";"200066462";"";"";"";"2021-10-06";"69141";""
"27343";"3199";"PLU";"COM";"2017-10-04 22:00:00+00:00";"2011-09-28 22:00:00+00:00";"39";"27";"28";"2021";"NON";"NON";"27343";"";"";"";"2021-10-06";"99025";""
"27346";"3199";"PLU";"COM";"2014-11-04 23:00:00+00:00";"2010-11-30 23:00:00+00:00";"39";"27";"28";"2021";"NON";"NON";"27346";"";"";"";"2021-10-06";"49376";""
"27347";"3299";"PLUi/PLUiS";"CA";"2019-12-16 23:00:00+00:00";"2018-02-19 23:00:00+00:00";"39";"27";"28";"2021";"NON";"OUI";"27347";"";"";"";"2021-10-06";"145722";""
"27348";"3399";"PLUi/PLUiS";"CA";"2019-11-27 23:00:00+00:00";"2018-02-21 23:00:00+00:00";"39";"27";"28";"2021";"OUI";"NON";"27348";"";"";"";"2021-10-06";"164947";""
"27349";"3399";"PLUi/PLUiS";"CC";"2019-12-15 23:00:00+00:00";"2017-06-25 22:00:00+00:00";"39";"27";"28";"2021";"OUI";"NON";"200065787";"";"";"";"2021-10-06";"155833";""
"27350";"3299";"PLUi/PLUiS";"CA";"2019-12-16 23:00:00+00:00";"2018-02-19 23:00:00+00:00";"39";"27";"28";"2021";"NON";"OUI";"27350";"";"";"";"2021-10-06";"145722";""
"27351";"3399";"PLUi/PLUiS";"CA";"2019-11-27 23:00:00+00:00";"2018-02-21 23:00:00+00:00";"39";"27";"28";"2021";"OUI";"NON";"27351";"";"";"";"2021-10-06";"164947";""
"27353";"3299";"PLUi/PLUiS";"CA";"2019-12-16 23:00:00+00:00";"2018-02-19 23:00:00+00:00";"39";"27";"28";"2021";"NON";"OUI";"27353";"";"";"";"2021-10-06";"145722";""
"27354";"3199";"PLU";"COM";"2008-12-21 23:00:00+00:00";"2002-05-06 22:00:00+00:00";"39";"27";"28";"2021";"NON";"NON";"27354";"";"";"";"2021-10-06";"51849";""
"27355";"3199";"PLU";"COM";"2018-03-28 22:00:00+00:00";"2015-04-08 22:00:00+00:00";"39";"27";"28";"2021";"NON";"NON";"27355";"";"";"";"2021-10-06";"145650";""
"27358";"3299";"PLUi/PLUiS";"CA";"2019-12-16 23:00:00+00:00";"2018-02-19 23:00:00+00:00";"39";"27";"28";"2021";"NON";"OUI";"27358";"";"";"";"2021-10-06";"145722";""
"27359";"3399";"PLUi/PLUiS";"CC";"2016-12-12 23:00:00+00:00";"2012-01-12 23:00:00+00:00";"39";"27";"28";"2021";"OUI";"NON";"200066462";"";"";"";"2021-10-06";"118810";""
"27360";"3299";"PLUi/PLUiS";"CA";"2019-12-16 23:00:00+00:00";"2018-02-19 23:00:00+00:00";"39";"27";"28";"2021";"NON";"OUI";"27360";"";"";"";"2021-10-06";"145722";""
"27361";"1199";"CC";"COM";"2013-01-07 23:00:00+00:00";"2003-04-24 22:00:00+00:00";"19";"27";"28";"2021";"NON";"NON";"27361";"";"";"";"2021-10-06";"171289";""
"27365";"3399";"PLUi/PLUiS";"CA";"2019-11-27 23:00:00+00:00";"2018-02-21 23:00:00+00:00";"39";"27";"28";"2021";"OUI";"NON";"27365";"";"";"";"2021-10-06";"164947";""
"27366";"3199";"PLU";"COM";"2015-03-01 23:00:00+00:00";"2010-12-05 23:00:00+00:00";"39";"27";"28";"2021";"NON";"NON";"27366";"";"";"";"2021-10-06";"65101";""
"27367";"3199";"PLU";"COM";"2011-11-30 23:00:00+00:00";"2005-04-04 22:00:00+00:00";"39";"27";"28";"2021";"NON";"NON";"27367";"";"";"";"2021-10-06";"49375";""
"27368";"3299";"PLUi/PLUiS";"CA";"2019-12-16 23:00:00+00:00";"2018-02-19 23:00:00+00:00";"39";"27";"28";"2021";"NON";"OUI";"27368";"";"";"";"2021-10-06";"145722";""
"27370";"3199";"PLU";"COM";"2019-01-16 23:00:00+00:00";"2014-07-23 22:00:00+00:00";"39";"27";"28";"2021";"NON";"NON";"27370";"";"";"";"2021-10-06";"133847";""
"27371";"1199";"CC";"COM";"2008-09-03 22:00:00+00:00";"2006-12-05 23:00:00+00:00";"19";"27";"28";"2021";"NON";"NON";"27371";"";"";"";"2021-10-06";"67855";""
"27372";"3199";"PLU";"COM";"2015-03-19 23:00:00+00:00";"2010-01-15 23:00:00+00:00";"39";"27";"28";"2021";"NON";"NON";"27372";"";"";"";"2021-10-06";"50205";""
"27373";"3199";"PLU";"COM";"2018-11-30 23:00:00+00:00";"2014-07-27 22:00:00+00:00";"39";"27";"28";"2021";"NON";"NON";"27373";"";"";"";"2021-10-06";"133848";""
"27374";"1199";"CC";"COM";"2008-02-17 23:00:00+00:00";"2006-11-09 23:00:00+00:00";"19";"27";"28";"2021";"NON";"NON";"27374";"";"";"";"2021-10-06";"67857";""
"27375";"3399";"PLUi/PLUiS";"CA";"2019-11-27 23:00:00+00:00";"2018-02-21 23:00:00+00:00";"39";"27";"28";"2021";"OUI";"NON";"27375";"";"";"";"2021-10-06";"164947";""
"27376";"3199";"PLU";"COM";"2021-05-06 22:00:00+00:00";"2018-09-13 22:00:00+00:00";"39";"27";"28";"2021";"NON";"NON";"27376";"";"";"";"2021-10-06";"166753";""
"27377";"3199";"PLU";"COM";"2014-09-04 22:00:00+00:00";"2010-03-11 23:00:00+00:00";"39";"27";"28";"2021";"NON";"NON";"27377";"";"";"";"2021-10-06";"61764";""
"27379";"3199";"PLU";"COM";"2009-02-25 23:00:00+00:00";"2005-06-30 22:00:00+00:00";"39";"27";"28";"2021";"NON";"NON";"27379";"";"";"";"2021-10-06";"51859";""
"27380";"1199";"CC";"COM";"2010-11-25 23:00:00+00:00";"2009-05-29 22:00:00+00:00";"19";"27";"28";"2021";"NON";"NON";"27380";"";"";"";"2021-10-06";"66830";""
"27381";"1199";"CC";"COM";"2007-06-21 22:00:00+00:00";"2005-05-26 22:00:00+00:00";"19";"27";"28";"2021";"NON";"NON";"27381";"";"";"";"2021-10-06";"67858";""
"27382";"3499";"PLU";"CA";"2016-01-31 23:00:00+00:00";"2010-09-05 22:00:00+00:00";"39";"27";"28";"2021";"NON";"NON";"27382";"";"";"";"2021-10-06";"99026";""
"27383";"1499";"CC";"CC";"2006-11-20 23:00:00+00:00";"2002-05-20 22:00:00+00:00";"19";"27";"28";"2021";"NON";"NON";"200066462";"";"";"";"2021-10-06";"67859";""
"27384";"1432";"CC";"CC";"2004-08-12 22:00:00+00:00";"2002-03-11 23:00:00+00:00";"13";"27";"28";"2021";"NON";"NON";"27384";"";"";"";"2021-10-06";"67860";""
"27385";"3399";"PLUi/PLUiS";"CC";"2019-12-15 23:00:00+00:00";"2017-06-25 22:00:00+00:00";"39";"27";"28";"2021";"OUI";"NON";"200065787";"";"";"";"2021-10-06";"155833";""
"27386";"3399";"PLUi/PLUiS";"CA";"2019-11-27 23:00:00+00:00";"2018-02-21 23:00:00+00:00";"39";"27";"28";"2021";"OUI";"NON";"27386";"";"";"";"2021-10-06";"164947";""
"27389";"1199";"CC";"COM";"2008-09-18 22:00:00+00:00";"2005-03-20 23:00:00+00:00";"19";"27";"28";"2021";"NON";"NON";"27389";"";"";"";"2021-10-06";"67862";""
"27390";"3299";"PLUi/PLUiS";"CA";"2019-12-16 23:00:00+00:00";"2018-02-19 23:00:00+00:00";"39";"27";"28";"2021";"NON";"OUI";"27390";"";"";"";"2021-10-06";"145722";""
"27391";"3299";"PLUi/PLUiS";"CA";"2019-12-16 23:00:00+00:00";"2018-02-19 23:00:00+00:00";"39";"27";"28";"2021";"NON";"OUI";"27391";"";"";"";"2021-10-06";"145722";""
"27393";"1199";"CC";"COM";"2012-09-11 22:00:00+00:00";"2007-10-29 23:00:00+00:00";"19";"27";"28";"2021";"NON";"NON";"27393";"";"";"";"2021-10-06";"171291";""
"27394";"3399";"PLUi/PLUiS";"CA";"2019-11-27 23:00:00+00:00";"2018-02-21 23:00:00+00:00";"39";"27";"28";"2021";"OUI";"NON";"27394";"";"";"";"2021-10-06";"164947";""
"27396";"3199";"PLU";"COM";"2017-01-08 23:00:00+00:00";"2012-02-19 23:00:00+00:00";"39";"27";"28";"2021";"NON";"NON";"27396";"";"";"";"2021-10-06";"118784";""
"27397";"3199";"PLU";"COM";"2015-10-01 22:00:00+00:00";"2011-10-06 22:00:00+00:00";"39";"27";"28";"2021";"NON";"NON";"27397";"";"";"";"2021-10-06";"99028";""
"27398";"3199";"PLU";"COM";"2012-04-04 22:00:00+00:00";"2007-11-06 23:00:00+00:00";"39";"27";"28";"2021";"NON";"NON";"27398";"";"";"";"2021-10-06";"61765";""
"27399";"1199";"CC";"COM";"2010-05-09 22:00:00+00:00";"2008-05-18 22:00:00+00:00";"19";"27";"28";"2021";"NON";"NON";"27399";"";"";"";"2021-10-06";"65982";""
"27401";"3299";"PLUi/PLUiS";"CA";"2019-12-16 23:00:00+00:00";"2018-02-19 23:00:00+00:00";"39";"27";"28";"2021";"NON";"OUI";"27401";"";"";"";"2021-10-06";"145722";""
"27403";"3399";"PLUi/PLUiS";"CA";"2019-11-27 23:00:00+00:00";"2018-02-21 23:00:00+00:00";"39";"27";"28";"2021";"OUI";"NON";"27403";"";"";"";"2021-10-06";"164947";""
"27405";"3199";"PLU";"COM";"2008-03-02 23:00:00+00:00";"2005-07-07 22:00:00+00:00";"39";"27";"28";"2021";"NON";"NON";"27405";"";"";"";"2021-10-06";"51857";""
"27406";"3299";"PLUi/PLUiS";"CA";"2019-12-16 23:00:00+00:00";"2018-02-19 23:00:00+00:00";"39";"27";"28";"2021";"NON";"OUI";"27406";"";"";"";"2021-10-06";"145722";""
"27407";"1199";"CC";"COM";"2009-06-17 22:00:00+00:00";"2007-03-19 23:00:00+00:00";"19";"27";"28";"2021";"NON";"NON";"27407";"";"";"";"2021-10-06";"69144";""
"27408";"1199";"CC";"COM";"2005-07-27 22:00:00+00:00";"2002-04-11 22:00:00+00:00";"19";"27";"28";"2021";"NON";"NON";"27408";"";"";"";"2021-10-06";"67864";""
"27410";"3299";"PLUi/PLUiS";"CA";"2019-12-16 23:00:00+00:00";"2018-02-19 23:00:00+00:00";"39";"27";"28";"2021";"NON";"OUI";"27410";"";"";"";"2021-10-06";"145722";""
"27411";"3299";"PLUi/PLUiS";"CA";"2019-12-16 23:00:00+00:00";"2018-02-19 23:00:00+00:00";"39";"27";"28";"2021";"NON";"OUI";"27411";"";"";"";"2021-10-06";"145722";""
"27412";"3399";"PLUi/PLUiS";"CA";"2019-11-27 23:00:00+00:00";"2018-02-21 23:00:00+00:00";"39";"27";"28";"2021";"OUI";"NON";"27412";"";"";"";"2021-10-06";"164947";""
"27413";"3399";"PLUi/PLUiS";"CC";"2019-12-15 23:00:00+00:00";"2017-06-25 22:00:00+00:00";"39";"27";"28";"2021";"OUI";"NON";"200065787";"";"";"";"2021-10-06";"155833";""
"27414";"3199";"PLU";"COM";"2009-11-02 23:00:00+00:00";"2005-06-08 22:00:00+00:00";"39";"27";"28";"2021";"NON";"NON";"27414";"";"";"";"2021-10-06";"51864";""
"27417";"3199";"PLU";"COM";"2015-01-22 23:00:00+00:00";"2008-06-22 22:00:00+00:00";"39";"27";"28";"2021";"NON";"NON";"27417";"";"";"";"2021-10-06";"49379";""
"27419";"3299";"PLUi/PLUiS";"CA";"2019-12-16 23:00:00+00:00";"2018-02-19 23:00:00+00:00";"39";"27";"28";"2021";"NON";"OUI";"27419";"";"";"";"2021-10-06";"145722";""
"27421";"3299";"PLUi/PLUiS";"CA";"2019-12-16 23:00:00+00:00";"2018-02-19 23:00:00+00:00";"39";"27";"28";"2021";"NON";"OUI";"27421";"";"";"";"2021-10-06";"145722";""
"27422";"3199";"PLU";"COM";"2017-01-18 23:00:00+00:00";"2009-10-05 22:00:00+00:00";"39";"27";"28";"2021";"NON";"NON";"27422";"";"";"";"2021-10-06";"65154";""
"27423";"3299";"PLUi/PLUiS";"CA";"2019-12-16 23:00:00+00:00";"2018-02-19 23:00:00+00:00";"39";"27";"28";"2021";"NON";"OUI";"27423";"";"";"";"2021-10-06";"145722";""
"27425";"3199";"PLU";"COM";"2012-11-28 23:00:00+00:00";"2008-12-11 23:00:00+00:00";"39";"27";"28";"2021";"NON";"NON";"27425";"";"";"";"2021-10-06";"49370";""
"27426";"3199";"PLU";"COM";"2020-02-04 23:00:00+00:00";"2015-10-26 23:00:00+00:00";"39";"27";"28";"2021";"NON";"NON";"27426";"";"";"";"2021-10-06";"145657";""
"27427";"3399";"PLUi/PLUiS";"CC";"2016-12-12 23:00:00+00:00";"2012-01-12 23:00:00+00:00";"39";"27";"28";"2021";"OUI";"NON";"200066462";"";"";"";"2021-10-06";"118810";""
"27428";"3199";"PLU";"COM";"2021-01-24 23:00:00+00:00";"2018-07-01 22:00:00+00:00";"39";"27";"28";"2021";"NON";"NON";"27428";"";"";"";"2021-10-06";"169004";""
"27430";"3199";"PLU";"COM";"2016-09-29 22:00:00+00:00";"2012-10-30 23:00:00+00:00";"39";"27";"28";"2021";"NON";"NON";"27430";"";"";"";"2021-10-06";"118786";""
"27431";"3399";"PLUi/PLUiS";"CC";"2016-12-12 23:00:00+00:00";"2012-01-12 23:00:00+00:00";"39";"27";"28";"2021";"OUI";"NON";"200066462";"";"";"";"2021-10-06";"118810";""
"27432";"1199";"CC";"COM";"2011-02-03 23:00:00+00:00";"2007-09-06 22:00:00+00:00";"19";"27";"28";"2021";"NON";"NON";"27432";"";"";"";"2021-10-06";"65984";""
"27435";"1199";"CC";"COM";"2006-05-22 22:00:00+00:00";"2001-04-15 22:00:00+00:00";"19";"27";"28";"2021";"NON";"NON";"27435";"";"";"";"2021-10-06";"65420";""
"27436";"3199";"PLU";"COM";"2020-11-08 23:00:00+00:00";"2010-11-30 23:00:00+00:00";"39";"27";"28";"2021";"NON";"NON";"27436";"";"";"";"2021-10-06";"99029";""
"27437";"3199";"PLU";"COM";"2017-03-07 23:00:00+00:00";"2012-12-17 23:00:00+00:00";"39";"27";"28";"2021";"NON";"NON";"27437";"";"";"";"2021-10-06";"127692";""
"27438";"3199";"PLU";"COM";"2020-02-25 23:00:00+00:00";"2015-02-18 23:00:00+00:00";"39";"27";"28";"2021";"NON";"NON";"27438";"";"";"";"2021-10-06";"145658";""
"27439";"3299";"PLUi/PLUiS";"CA";"2019-12-16 23:00:00+00:00";"2018-02-19 23:00:00+00:00";"39";"27";"28";"2021";"NON";"OUI";"27439";"";"";"";"2021-10-06";"145722";""
"27440";"3199";"PLU";"COM";"2020-01-26 23:00:00+00:00";"2015-06-30 22:00:00+00:00";"39";"27";"28";"2021";"NON";"NON";"27440";"";"";"";"2021-10-06";"145660";""
"27445";"3199";"PLU";"COM";"2018-02-11 23:00:00+00:00";"2015-02-02 23:00:00+00:00";"39";"27";"28";"2021";"NON";"NON";"27445";"";"";"";"2021-10-06";"145659";""
"27447";"1199";"CC";"COM";"2006-07-11 22:00:00+00:00";"2003-02-26 23:00:00+00:00";"19";"27";"28";"2021";"NON";"NON";"27447";"";"";"";"2021-10-06";"67842";""
"27448";"3199";"PLU";"COM";"2010-02-24 23:00:00+00:00";"2006-03-23 23:00:00+00:00";"39";"27";"28";"2021";"NON";"NON";"27448";"";"";"";"2021-10-06";"51866";""
"27451";"3299";"PLUi/PLUiS";"CA";"2019-12-16 23:00:00+00:00";"2018-02-19 23:00:00+00:00";"39";"27";"28";"2021";"NON";"OUI";"200071454";"";"";"";"2021-10-06";"145722";""
"27453";"3199";"PLU";"COM";"2016-10-12 22:00:00+00:00";"2010-12-01 23:00:00+00:00";"39";"27";"28";"2021";"NON";"NON";"27453";"";"";"";"2021-10-06";"99032";""
"27454";"3199";"PLU";"COM";"2014-11-17 23:00:00+00:00";"2010-11-29 23:00:00+00:00";"39";"27";"28";"2021";"NON";"NON";"27454";"";"";"";"2021-10-06";"61771";""
"27456";"3399";"PLUi/PLUiS";"CA";"2019-11-27 23:00:00+00:00";"2018-02-21 23:00:00+00:00";"39";"27";"28";"2021";"OUI";"NON";"27456";"";"";"";"2021-10-06";"164947";""
"27457";"1499";"CC";"CC";"2008-11-20 23:00:00+00:00";"2005-03-28 22:00:00+00:00";"19";"27";"28";"2021";"NON";"NON";"200066462";"";"";"";"2021-10-06";"67868";""
"27458";"3399";"PLUi/PLUiS";"CA";"2019-11-27 23:00:00+00:00";"2018-02-21 23:00:00+00:00";"39";"27";"28";"2021";"OUI";"NON";"27458";"";"";"";"2021-10-06";"164947";""
"27463";"3199";"PLU";"COM";"2016-06-27 22:00:00+00:00";"2006-05-10 22:00:00+00:00";"39";"27";"28";"2021";"NON";"NON";"27463";"";"";"";"2021-10-06";"61770";""
"27464";"3299";"PLUi/PLUiS";"CA";"2019-12-16 23:00:00+00:00";"2018-02-19 23:00:00+00:00";"39";"27";"28";"2021";"NON";"OUI";"200071454";"";"";"";"2021-10-06";"145722";""
"27465";"1199";"CC";"COM";"2006-01-30 23:00:00+00:00";"2003-06-03 22:00:00+00:00";"19";"27";"28";"2021";"NON";"NON";"27465";"";"";"";"2021-10-06";"67869";""
"27467";"3399";"PLUi/PLUiS";"CC";"2019-12-15 23:00:00+00:00";"2017-06-25 22:00:00+00:00";"39";"27";"28";"2021";"OUI";"NON";"200065787";"";"";"";"2021-10-06";"155833";""
"27468";"3399";"PLUi/PLUiS";"CC";"2019-12-15 23:00:00+00:00";"2017-06-25 22:00:00+00:00";"39";"27";"28";"2021";"OUI";"NON";"200065787";"";"";"";"2021-10-06";"155833";""
"27469";"3399";"PLUi/PLUiS";"CA";"2019-11-27 23:00:00+00:00";"2018-02-21 23:00:00+00:00";"39";"27";"28";"2021";"OUI";"NON";"27469";"";"";"";"2021-10-06";"164947";""
"27470";"3199";"PLU";"COM";"2015-05-11 22:00:00+00:00";"2010-12-01 23:00:00+00:00";"39";"27";"28";"2021";"NON";"NON";"27470";"";"";"";"2021-10-06";"50207";""
"27471";"3399";"PLUi/PLUiS";"CA";"2019-11-27 23:00:00+00:00";"2018-02-21 23:00:00+00:00";"39";"27";"28";"2021";"OUI";"NON";"27471";"";"";"";"2021-10-06";"164947";""
"27472";"1131";"CC";"COM";"2007-11-04 23:00:00+00:00";"2007-01-21 23:00:00+00:00";"13";"27";"28";"2021";"NON";"NON";"27472";"";"";"";"2021-10-06";"67870";""
"27473";"3199";"PLU";"COM";"2015-05-27 22:00:00+00:00";"2010-08-04 22:00:00+00:00";"39";"27";"28";"2021";"NON";"NON";"27473";"";"";"";"2021-10-06";"132600";""
"27474";"3399";"PLUi/PLUiS";"CA";"2019-11-27 23:00:00+00:00";"2018-02-21 23:00:00+00:00";"39";"27";"28";"2021";"OUI";"NON";"27474";"";"";"";"2021-10-06";"164947";""
"27476";"3399";"PLUi/PLUiS";"CC";"2019-12-15 23:00:00+00:00";"2017-06-25 22:00:00+00:00";"39";"27";"28";"2021";"OUI";"NON";"200065787";"";"";"";"2021-10-06";"155833";""
"27477";"3199";"PLU";"COM";"2020-02-19 23:00:00+00:00";"2015-09-02 22:00:00+00:00";"39";"27";"28";"2021";"NON";"NON";"27477";"";"";"";"2021-10-06";"145662";""
"27478";"3299";"PLUi/PLUiS";"CA";"2019-12-16 23:00:00+00:00";"2018-02-19 23:00:00+00:00";"39";"27";"28";"2021";"NON";"OUI";"200071454";"";"";"";"2021-10-06";"145722";""
"27480";"3199";"PLU";"COM";"2017-02-23 23:00:00+00:00";"2012-10-25 22:00:00+00:00";"39";"27";"28";"2021";"NON";"NON";"27480";"";"";"";"2021-10-06";"118790";""
"27481";"3499";"PLU";"CC";"2018-04-10 22:00:00+00:00";"2015-01-25 23:00:00+00:00";"39";"27";"28";"2021";"NON";"NON";"200066462";"";"";"";"2021-10-06";"145664";""
"27483";"3399";"PLUi/PLUiS";"CA";"2019-11-27 23:00:00+00:00";"2018-02-21 23:00:00+00:00";"39";"27";"28";"2021";"OUI";"NON";"27483";"";"";"";"2021-10-06";"164947";""
"27487";"3199";"PLU";"COM";"2010-09-14 22:00:00+00:00";"2003-03-24 23:00:00+00:00";"39";"27";"28";"2021";"NON";"NON";"27487";"";"";"";"2021-10-06";"51867";""
"27488";"1199";"CC";"COM";"2008-11-20 23:00:00+00:00";"2007-09-19 22:00:00+00:00";"19";"27";"28";"2021";"NON";"NON";"27488";"";"";"";"2021-10-06";"67871";""
"27489";"3299";"PLUi/PLUiS";"CA";"2019-12-16 23:00:00+00:00";"2018-02-19 23:00:00+00:00";"39";"27";"28";"2021";"NON";"OUI";"200071454";"";"";"";"2021-10-06";"145722";""
"27490";"3199";"PLU";"COM";"2016-01-26 23:00:00+00:00";"2008-06-26 22:00:00+00:00";"39";"27";"28";"2021";"NON";"NON";"27490";"";"";"";"2021-10-06";"49381";""
"27492";"1199";"CC";"COM";"2005-04-04 22:00:00+00:00";"2003-02-13 23:00:00+00:00";"19";"27";"28";"2021";"NON";"NON";"27492";"";"";"";"2021-10-06";"67872";""
"27493";"3131";"PLU";"COM";"2009-03-10 23:00:00+00:00";"2002-10-03 22:00:00+00:00";"33";"27";"28";"2021";"NON";"NON";"27493";"";"";"";"2021-10-06";"51871";""
"27495";"3199";"PLU";"COM";"2018-09-17 22:00:00+00:00";"2015-06-01 22:00:00+00:00";"39";"27";"28";"2021";"NON";"NON";"27495";"";"";"";"2021-10-06";"145670";""
"27496";"3199";"PLU";"COM";"2008-12-01 23:00:00+00:00";"2005-02-03 23:00:00+00:00";"39";"27";"28";"2021";"NON";"NON";"27496";"";"";"";"2021-10-06";"51882";""
"27497";"3499";"PLU";"CC";"2013-09-29 22:00:00+00:00";"2009-04-13 22:00:00+00:00";"39";"27";"28";"2021";"NON";"NON";"27497";"";"";"";"2021-10-06";"49383";""
"27498";"1199";"CC";"COM";"2011-03-10 23:00:00+00:00";"2007-06-24 22:00:00+00:00";"19";"27";"28";"2021";"NON";"NON";"27498";"";"";"";"2021-10-06";"65987";""
"27500";"3499";"PLU";"CC";"2008-05-15 22:00:00+00:00";"2003-07-08 22:00:00+00:00";"39";"27";"28";"2021";"NON";"NON";"27500";"";"";"";"2021-10-06";"51883";""
"27501";"3199";"PLU";"COM";"2017-12-06 23:00:00+00:00";"2011-06-14 22:00:00+00:00";"39";"27";"28";"2021";"NON";"NON";"27501";"";"";"";"2021-10-06";"99035";""
"27502";"3399";"PLUi/PLUiS";"CC";"2016-12-12 23:00:00+00:00";"2012-01-12 23:00:00+00:00";"39";"27";"28";"2021";"OUI";"NON";"200066462";"";"";"";"2021-10-06";"118810";""
"27504";"3299";"PLUi/PLUiS";"CA";"2019-12-16 23:00:00+00:00";"2018-02-19 23:00:00+00:00";"39";"27";"28";"2021";"NON";"OUI";"27504";"";"";"";"2021-10-06";"145722";""
"27507";"3299";"PLUi/PLUiS";"CA";"2019-12-16 23:00:00+00:00";"2018-02-19 23:00:00+00:00";"39";"27";"28";"2021";"NON";"OUI";"27507";"";"";"";"2021-10-06";"145722";""
"27508";"3399";"PLUi/PLUiS";"CC";"2016-12-12 23:00:00+00:00";"2012-01-12 23:00:00+00:00";"39";"27";"28";"2021";"OUI";"NON";"200066462";"";"";"";"2021-10-06";"118810";""
"27511";"3199";"PLU";"COM";"2008-07-03 22:00:00+00:00";"2002-02-28 23:00:00+00:00";"39";"27";"28";"2021";"NON";"NON";"27511";"";"";"";"2021-10-06";"51888";""
"27516";"1199";"CC";"COM";"2012-03-07 23:00:00+00:00";"2008-11-03 23:00:00+00:00";"19";"27";"28";"2021";"NON";"NON";"27516";"";"";"";"2021-10-06";"65678";""
"27517";"3399";"PLUi/PLUiS";"CA";"2019-12-18 23:00:00+00:00";"2015-11-02 23:00:00+00:00";"39";"27";"28";"2021";"OUI";"NON";"27517";"";"";"";"2021-10-06";"145728";""
"27518";"1432";"CC";"CC";"2010-05-19 22:00:00+00:00";"2006-08-22 22:00:00+00:00";"13";"27";"28";"2021";"NON";"NON";"200066405";"";"";"";"2021-10-06";"69147";""
"27520";"1199";"CC";"COM";"2009-02-04 23:00:00+00:00";"2005-02-10 23:00:00+00:00";"19";"27";"28";"2021";"NON";"NON";"27520";"";"";"";"2021-10-06";"69158";""
"27521";"1499";"CC";"CC";"2013-06-11 22:00:00+00:00";"2011-03-03 23:00:00+00:00";"19";"27";"28";"2021";"NON";"NON";"200066462";"";"";"";"2021-10-06";"98318";""
"27522";"1199";"CC";"COM";"2011-02-03 23:00:00+00:00";"2008-05-13 22:00:00+00:00";"19";"27";"28";"2021";"NON";"NON";"27522";"";"";"";"2021-10-06";"65988";""
"27524";"3199";"PLU";"COM";"2018-03-22 23:00:00+00:00";"2012-09-17 22:00:00+00:00";"39";"27";"28";"2021";"NON";"NON";"27524";"";"";"";"2021-10-06";"118793";""
"27527";"1199";"CC";"COM";"2010-08-17 22:00:00+00:00";"2004-01-22 23:00:00+00:00";"19";"27";"28";"2021";"NON";"NON";"27527";"";"";"";"2021-10-06";"69159";""
"27528";"3399";"PLUi/PLUiS";"CA";"2019-11-27 23:00:00+00:00";"2018-02-21 23:00:00+00:00";"39";"27";"28";"2021";"OUI";"NON";"27528";"";"";"";"2021-10-06";"164947";""
"27529";"3399";"PLUi/PLUiS";"CA";"2019-11-27 23:00:00+00:00";"2018-02-21 23:00:00+00:00";"39";"27";"28";"2021";"OUI";"NON";"27529";"";"";"";"2021-10-06";"164947";""
"27531";"1432";"CC";"CC";"2008-01-08 23:00:00+00:00";"2005-02-12 23:00:00+00:00";"13";"27";"28";"2021";"NON";"NON";"200066405";"";"";"";"2021-10-06";"67878";""
"27533";"3199";"PLU";"COM";"2008-11-03 23:00:00+00:00";"2005-06-16 22:00:00+00:00";"39";"27";"28";"2021";"NON";"NON";"27533";"";"";"";"2021-10-06";"51890";""
"27534";"3399";"PLUi/PLUiS";"CA";"2019-11-27 23:00:00+00:00";"2018-02-21 23:00:00+00:00";"39";"27";"28";"2021";"OUI";"NON";"27534";"";"";"";"2021-10-06";"164947";""
"27535";"3199";"PLU";"COM";"2014-03-16 23:00:00+00:00";"2010-06-03 22:00:00+00:00";"39";"27";"28";"2021";"NON";"NON";"27535";"";"";"";"2021-10-06";"49384";""
"27536";"1199";"CC";"COM";"2010-01-12 23:00:00+00:00";"2009-02-09 23:00:00+00:00";"19";"27";"28";"2021";"NON";"NON";"27536";"";"";"";"2021-10-06";"69160";""
"27537";"3399";"PLUi/PLUiS";"CA";"2019-11-27 23:00:00+00:00";"2018-02-21 23:00:00+00:00";"39";"27";"28";"2021";"OUI";"NON";"27537";"";"";"";"2021-10-06";"164947";""
"27538";"3199";"PLU";"COM";"2012-07-04 22:00:00+00:00";"2008-05-28 22:00:00+00:00";"39";"27";"28";"2021";"NON";"NON";"27538";"";"";"";"2021-10-06";"61777";""
"27539";"3399";"PLUi/PLUiS";"CA";"2019-12-18 23:00:00+00:00";"2015-11-02 23:00:00+00:00";"39";"27";"28";"2021";"OUI";"NON";"200089456";"";"";"";"2021-10-06";"145728";""
"27540";"3199";"PLU";"COM";"2013-05-29 22:00:00+00:00";"2006-09-14 22:00:00+00:00";"39";"27";"28";"2021";"NON";"NON";"27540";"";"";"";"2021-10-06";"61778";""
"27542";"1199";"CC";"COM";"2012-12-05 23:00:00+00:00";"2007-06-14 22:00:00+00:00";"19";"27";"28";"2021";"NON";"NON";"27542";"";"";"";"2021-10-06";"65990";""
"27543";"1131";"CC";"COM";"2010-05-09 22:00:00+00:00";"2005-12-15 23:00:00+00:00";"13";"27";"28";"2021";"NON";"NON";"27543";"";"";"";"2021-10-06";"69148";""
"27544";"3299";"PLUi/PLUiS";"CA";"2019-12-16 23:00:00+00:00";"2018-02-19 23:00:00+00:00";"39";"27";"28";"2021";"NON";"OUI";"200071454";"";"";"";"2021-10-06";"145722";""
"27545";"3399";"PLUi/PLUiS";"CA";"2019-11-27 23:00:00+00:00";"2018-02-21 23:00:00+00:00";"39";"27";"28";"2021";"OUI";"NON";"27545";"";"";"";"2021-10-06";"164947";""
"27546";"3299";"PLUi/PLUiS";"CA";"2019-12-16 23:00:00+00:00";"2018-02-19 23:00:00+00:00";"39";"27";"28";"2021";"NON";"OUI";"27546";"";"";"";"2021-10-06";"145722";""
"27547";"3199";"PLU";"COM";"2011-12-19 23:00:00+00:00";"2006-11-27 23:00:00+00:00";"39";"27";"28";"2021";"NON";"NON";"27547";"";"";"";"2021-10-06";"49385";""
"27548";"3299";"PLUi/PLUiS";"CA";"2019-12-16 23:00:00+00:00";"2018-02-19 23:00:00+00:00";"39";"27";"28";"2021";"NON";"OUI";"27548";"";"";"";"2021-10-06";"145722";""
"27550";"1199";"CC";"COM";"2008-01-08 23:00:00+00:00";"2003-04-24 22:00:00+00:00";"19";"27";"28";"2021";"NON";"NON";"27550";"";"";"";"2021-10-06";"67881";""
"27553";"3399";"PLUi/PLUiS";"CA";"2019-12-18 23:00:00+00:00";"2015-11-02 23:00:00+00:00";"39";"27";"28";"2021";"OUI";"NON";"200089456";"";"";"";"2021-10-06";"145728";""
"27554";"3131";"PLU";"COM";"2016-02-04 23:00:00+00:00";"2012-12-20 23:00:00+00:00";"33";"27";"28";"2021";"NON";"NON";"27554";"";"";"";"2021-10-06";"118791";""
"27555";"3299";"PLUi/PLUiS";"CA";"2019-12-16 23:00:00+00:00";"2018-02-19 23:00:00+00:00";"39";"27";"28";"2021";"NON";"OUI";"27555";"";"";"";"2021-10-06";"145722";""
"27557";"3199";"PLU";"COM";"2020-12-10 23:00:00+00:00";"2015-11-09 23:00:00+00:00";"39";"27";"28";"2021";"NON";"NON";"27557";"";"";"";"2021-10-06";"145789";""
"27558";"1432";"CC";"CC";"2021-03-09 23:00:00+00:00";"2015-02-05 23:00:00+00:00";"13";"27";"28";"2021";"NON";"NON";"200066405";"";"";"";"2021-10-06";"145573";""
"27560";"3299";"PLUi/PLUiS";"CA";"2019-12-16 23:00:00+00:00";"2018-02-19 23:00:00+00:00";"39";"27";"28";"2021";"NON";"OUI";"200071454";"";"";"";"2021-10-06";"145722";""
"27562";"3199";"PLU";"COM";"2017-05-11 22:00:00+00:00";"2013-02-06 23:00:00+00:00";"39";"27";"28";"2021";"NON";"NON";"27562";"";"";"";"2021-10-06";"127694";""
"27563";"3399";"PLUi/PLUiS";"CC";"2019-12-15 23:00:00+00:00";"2017-06-25 22:00:00+00:00";"39";"27";"28";"2021";"OUI";"NON";"200065787";"";"";"";"2021-10-06";"155833";""
"27565";"3499";"PLU";"CC";"2014-10-06 22:00:00+00:00";"2012-02-06 23:00:00+00:00";"39";"27";"28";"2021";"NON";"NON";"200066462";"";"";"";"2021-10-06";"118795";""
"27567";"3199";"PLU";"COM";"2016-09-25 22:00:00+00:00";"2012-11-22 23:00:00+00:00";"39";"27";"28";"2021";"NON";"NON";"27567";"";"";"";"2021-10-06";"127696";""
"27568";"1199";"CC";"COM";"2011-12-26 23:00:00+00:00";"2011-05-30 22:00:00+00:00";"19";"27";"28";"2021";"NON";"NON";"27568";"";"";"";"2021-10-06";"98349";""
"27570";"3299";"PLUi/PLUiS";"CA";"2019-12-16 23:00:00+00:00";"2018-02-19 23:00:00+00:00";"39";"27";"28";"2021";"NON";"OUI";"27570";"";"";"";"2021-10-06";"145722";""
"27571";"1199";"CC";"COM";"2004-08-12 22:00:00+00:00";"2002-01-24 23:00:00+00:00";"19";"27";"28";"2021";"NON";"NON";"27571";"";"";"";"2021-10-06";"67887";""
"27572";"3199";"PLU";"COM";"2008-04-13 22:00:00+00:00";"2002-04-18 22:00:00+00:00";"39";"27";"28";"2021";"NON";"NON";"27572";"";"";"";"2021-10-06";"51901";""
"27576";"1111";"CC";"COM";"2011-07-17 22:00:00+00:00";"2006-03-21 23:00:00+00:00";"11";"27";"28";"2021";"NON";"NON";"27576";"";"";"";"2021-10-06";"65991";""
"27577";"3432";"PLU";"CC";"2021-05-16 22:00:00+00:00";"2015-11-19 23:00:00+00:00";"33";"27";"28";"2021";"NON";"NON";"200066405";"";"";"";"2021-10-06";"145698";""
"27580";"3432";"PLU";"CC";"2007-08-30 22:00:00+00:00";"2002-12-18 23:00:00+00:00";"33";"27";"28";"2021";"NON";"NON";"200066405";"";"";"";"2021-10-06";"51903";""
"27582";"3432";"PLU";"CC";"2016-11-23 23:00:00+00:00";"2009-11-18 23:00:00+00:00";"33";"27";"28";"2021";"NON";"NON";"200066405";"";"";"";"2021-10-06";"61782";""
"27584";"1199";"CC";"COM";"2018-10-29 23:00:00+00:00";"2014-10-27 23:00:00+00:00";"19";"27";"28";"2021";"NON";"NON";"27584";"";"";"";"2021-10-06";"134941";""
"27586";"1432";"CC";"CC";"2008-10-22 22:00:00+00:00";"2005-09-14 22:00:00+00:00";"13";"27";"28";"2021";"NON";"NON";"200066405";"";"";"";"2021-10-06";"67890";""
"27587";"3399";"PLUi/PLUiS";"CC";"2019-12-15 23:00:00+00:00";"2017-06-25 22:00:00+00:00";"39";"27";"28";"2021";"OUI";"NON";"200065787";"";"";"";"2021-10-06";"155833";""
"27589";"3399";"PLUi/PLUiS";"CA";"2019-12-18 23:00:00+00:00";"2015-11-02 23:00:00+00:00";"39";"27";"28";"2021";"OUI";"NON";"200089456";"";"";"";"2021-10-06";"145728";""
"27591";"3199";"PLU";"COM";"2018-10-17 22:00:00+00:00";"2009-07-21 22:00:00+00:00";"39";"27";"28";"2021";"NON";"NON";"27591";"";"";"";"2021-10-06";"61783";""
"27592";"1199";"CC";"COM";"2012-11-28 23:00:00+00:00";"2010-10-07 22:00:00+00:00";"19";"27";"28";"2021";"NON";"NON";"27592";"";"";"";"2021-10-06";"66833";""
"27595";"3432";"PLU";"CC";"2009-03-11 23:00:00+00:00";"2004-09-08 22:00:00+00:00";"33";"27";"28";"2021";"NON";"NON";"200066405";"";"";"";"2021-10-06";"51906";""
"27598";"3399";"PLUi/PLUiS";"CA";"2019-11-27 23:00:00+00:00";"2018-02-21 23:00:00+00:00";"39";"27";"28";"2021";"OUI";"NON";"27598";"";"";"";"2021-10-06";"164947";""
"27599";"3399";"PLUi/PLUiS";"CA";"2019-12-18 23:00:00+00:00";"2015-11-02 23:00:00+00:00";"39";"27";"28";"2021";"OUI";"NON";"200089456";"";"";"";"2021-10-06";"145728";""
"27601";"3499";"PLU";"CC";"2019-12-15 23:00:00+00:00";"2015-11-22 23:00:00+00:00";"39";"27";"28";"2021";"NON";"NON";"27601";"";"";"";"2021-10-06";"145691";""
"27602";"3299";"PLUi/PLUiS";"CA";"2019-12-16 23:00:00+00:00";"2018-02-19 23:00:00+00:00";"39";"27";"28";"2021";"NON";"OUI";"200071454";"";"";"";"2021-10-06";"145722";""
"27603";"1199";"CC";"COM";"2012-02-14 23:00:00+00:00";"2009-02-05 23:00:00+00:00";"19";"27";"28";"2021";"NON";"NON";"27603";"";"";"";"2021-10-06";"66834";""
"27605";"3199";"PLU";"COM";"2018-06-18 22:00:00+00:00";"2013-03-04 23:00:00+00:00";"39";"27";"28";"2021";"NON";"NON";"27605";"";"";"";"2021-10-06";"127695";""
"27606";"3399";"PLUi/PLUiS";"CC";"2019-12-15 23:00:00+00:00";"2017-06-25 22:00:00+00:00";"39";"27";"28";"2021";"OUI";"NON";"200065787";"";"";"";"2021-10-06";"155833";""
"27609";"1199";"CC";"COM";"2012-07-19 22:00:00+00:00";"2007-11-15 23:00:00+00:00";"19";"27";"28";"2021";"NON";"NON";"27609";"";"";"";"2021-10-06";"65995";""
"27610";"1499";"CC";"CC";"2013-04-25 22:00:00+00:00";"2010-10-25 22:00:00+00:00";"19";"27";"28";"2021";"NON";"NON";"200066462";"";"";"";"2021-10-06";"66835";""
"27611";"3299";"PLUi/PLUiS";"CA";"2019-12-16 23:00:00+00:00";"2018-02-19 23:00:00+00:00";"39";"27";"28";"2021";"NON";"OUI";"27611";"";"";"";"2021-10-06";"145722";""
"27612";"3199";"PLU";"COM";"2006-10-04 22:00:00+00:00";"2003-10-08 22:00:00+00:00";"39";"27";"28";"2021";"NON";"NON";"27612";"";"";"";"2021-10-06";"51914";""
"27614";"3199";"PLU";"COM";"2007-11-04 23:00:00+00:00";"2005-06-27 22:00:00+00:00";"39";"27";"28";"2021";"NON";"NON";"27614";"";"";"";"2021-10-06";"51915";""
"27615";"3299";"PLUi/PLUiS";"CA";"2019-12-16 23:00:00+00:00";"2018-02-19 23:00:00+00:00";"39";"27";"28";"2021";"NON";"OUI";"27615";"";"";"";"2021-10-06";"145722";""
"27616";"3499";"PLU";"CA";"2016-05-25 22:00:00+00:00";"2009-12-10 23:00:00+00:00";"39";"27";"28";"2021";"NON";"NON";"27616";"";"";"";"2021-10-06";"63860";""
"27617";"3199";"PLU";"COM";"2016-11-30 23:00:00+00:00";"2012-11-14 23:00:00+00:00";"39";"27";"28";"2021";"NON";"NON";"27617";"";"";"";"2021-10-06";"118798";""
"27618";"1111";"CC";"COM";"2005-05-18 22:00:00+00:00";"2002-04-25 22:00:00+00:00";"11";"27";"28";"2021";"NON";"NON";"27618";"";"";"";"2021-10-06";"64901";""
"27620";"3399";"PLUi/PLUiS";"CC";"2019-12-15 23:00:00+00:00";"2017-06-25 22:00:00+00:00";"39";"27";"28";"2021";"OUI";"NON";"200065787";"";"";"";"2021-10-06";"155833";""
"27621";"3299";"PLUi/PLUiS";"CA";"2019-12-16 23:00:00+00:00";"2018-02-19 23:00:00+00:00";"39";"27";"28";"2021";"NON";"OUI";"27621";"";"";"";"2021-10-06";"145722";""
"27622";"3199";"PLU";"COM";"2020-03-09 23:00:00+00:00";"2015-12-10 23:00:00+00:00";"39";"27";"28";"2021";"NON";"NON";"27622";"";"";"";"2021-10-06";"145700";""
"27623";"3399";"PLUi/PLUiS";"CA";"2019-11-27 23:00:00+00:00";"2018-02-21 23:00:00+00:00";"39";"27";"28";"2021";"OUI";"NON";"27623";"";"";"";"2021-10-06";"164947";""
"27624";"3399";"PLUi/PLUiS";"CA";"2019-11-27 23:00:00+00:00";"2018-02-21 23:00:00+00:00";"39";"27";"28";"2021";"OUI";"NON";"27624";"";"";"";"2021-10-06";"164947";""
"27625";"1199";"CC";"COM";"2006-01-12 23:00:00+00:00";"2003-04-03 22:00:00+00:00";"19";"27";"28";"2021";"NON";"NON";"27625";"";"";"";"2021-10-06";"67894";""
"27627";"1199";"CC";"COM";"2006-07-23 22:00:00+00:00";"2003-07-24 22:00:00+00:00";"19";"27";"28";"2021";"NON";"NON";"27627";"";"";"";"2021-10-06";"67895";""
"27629";"3199";"PLU";"COM";"2021-05-10 22:00:00+00:00";"2018-04-24 22:00:00+00:00";"39";"27";"28";"2021";"NON";"NON";"27629";"";"";"";"2021-10-06";"166953";""
"27630";"1199";"CC";"COM";"2006-05-03 22:00:00+00:00";"2004-07-12 22:00:00+00:00";"19";"27";"28";"2021";"NON";"NON";"27630";"";"";"";"2021-10-06";"67896";""
"27631";"3399";"PLUi/PLUiS";"CC";"2019-12-15 23:00:00+00:00";"2017-06-25 22:00:00+00:00";"39";"27";"28";"2021";"OUI";"NON";"200065787";"";"";"";"2021-10-06";"155833";""
"27632";"3199";"PLU";"COM";"2017-10-02 22:00:00+00:00";"2012-11-27 23:00:00+00:00";"39";"27";"28";"2021";"NON";"NON";"27632";"";"";"";"2021-10-06";"127697";""
"27633";"3199";"PLU";"COM";"2012-02-09 23:00:00+00:00";"2007-06-28 22:00:00+00:00";"39";"27";"28";"2021";"NON";"NON";"27633";"";"";"";"2021-10-06";"49387";""
"27638";"3432";"PLU";"CC";"2015-04-22 22:00:00+00:00";"2011-02-09 23:00:00+00:00";"33";"27";"28";"2021";"NON";"NON";"200066405";"";"";"";"2021-10-06";"99051";""
"27641";"1111";"CC";"COM";"2011-11-03 23:00:00+00:00";"2002-03-17 23:00:00+00:00";"11";"27";"28";"2021";"NON";"NON";"27641";"";"";"";"2021-10-06";"65997";""
"27643";"3499";"PLU";"CC";"2013-11-18 23:00:00+00:00";"2008-11-03 23:00:00+00:00";"39";"27";"28";"2021";"NON";"NON";"200066462";"";"";"";"2021-10-06";"49388";""
"27644";"3199";"PLU";"COM";"2019-03-18 23:00:00+00:00";"2009-03-26 23:00:00+00:00";"39";"27";"28";"2021";"NON";"NON";"27644";"";"";"";"2021-10-06";"50208";""
"27650";"3199";"PLU";"COM";"2006-01-24 23:00:00+00:00";"2002-05-01 22:00:00+00:00";"39";"27";"28";"2021";"NON";"NON";"27650";"";"";"";"2021-10-06";"51924";""
"27652";"3299";"PLUi/PLUiS";"CA";"2019-12-16 23:00:00+00:00";"2018-02-19 23:00:00+00:00";"39";"27";"28";"2021";"NON";"OUI";"200071454";"";"";"";"2021-10-06";"145722";""
"27654";"3199";"PLU";"COM";"2009-05-17 22:00:00+00:00";"2005-03-14 23:00:00+00:00";"39";"27";"28";"2021";"NON";"NON";"27654";"";"";"";"2021-10-06";"51927";""
"27655";"3399";"PLUi/PLUiS";"CC";"2019-12-15 23:00:00+00:00";"2017-06-25 22:00:00+00:00";"39";"27";"28";"2021";"OUI";"NON";"200065787";"";"";"";"2021-10-06";"155833";""
"27656";"3399";"PLUi/PLUiS";"CC";"2019-12-15 23:00:00+00:00";"2017-06-25 22:00:00+00:00";"39";"27";"28";"2021";"OUI";"NON";"200065787";"";"";"";"2021-10-06";"155833";""
"27658";"3199";"PLU";"COM";"2016-09-26 22:00:00+00:00";"2012-10-03 22:00:00+00:00";"39";"27";"28";"2021";"NON";"NON";"27658";"";"";"";"2021-10-06";"118799";""
"27659";"3299";"PLUi/PLUiS";"CA";"2019-12-16 23:00:00+00:00";"2018-02-19 23:00:00+00:00";"39";"27";"28";"2021";"NON";"OUI";"200071454";"";"";"";"2021-10-06";"145722";""
"27660";"1199";"CC";"COM";"2007-05-20 22:00:00+00:00";"2004-08-06 22:00:00+00:00";"19";"27";"28";"2021";"NON";"NON";"27660";"";"";"";"2021-10-06";"67898";""
"27662";"3399";"PLUi/PLUiS";"CC";"2019-12-15 23:00:00+00:00";"2017-06-25 22:00:00+00:00";"39";"27";"28";"2021";"OUI";"NON";"200065787";"";"";"";"2021-10-06";"155833";""
"27663";"3199";"PLU";"COM";"2013-11-24 23:00:00+00:00";"2009-04-28 22:00:00+00:00";"39";"27";"28";"2021";"NON";"NON";"27663";"";"";"";"2021-10-06";"49389";""
"27664";"1199";"CC";"COM";"2008-11-30 23:00:00+00:00";"2007-07-08 22:00:00+00:00";"19";"27";"28";"2021";"NON";"NON";"27664";"";"";"";"2021-10-06";"67899";""
"27666";"3399";"PLUi/PLUiS";"CA";"2019-11-27 23:00:00+00:00";"2018-02-21 23:00:00+00:00";"39";"27";"28";"2021";"OUI";"NON";"27666";"";"";"";"2021-10-06";"164947";""
"27667";"1199";"CC";"COM";"2006-12-07 23:00:00+00:00";"2004-04-06 22:00:00+00:00";"19";"27";"28";"2021";"NON";"NON";"27667";"";"";"";"2021-10-06";"67901";""
"27668";"3299";"PLUi/PLUiS";"CA";"2019-12-16 23:00:00+00:00";"2018-02-19 23:00:00+00:00";"39";"27";"28";"2021";"NON";"OUI";"27668";"";"";"";"2021-10-06";"145722";""
"27669";"3432";"PLU";"CC";"2012-11-29 23:00:00+00:00";"2009-04-16 22:00:00+00:00";"33";"27";"28";"2021";"NON";"NON";"200066405";"";"";"";"2021-10-06";"50209";""
"27670";"3199";"PLU";"COM";"2014-12-21 23:00:00+00:00";"2010-12-05 23:00:00+00:00";"39";"27";"28";"2021";"NON";"NON";"27670";"";"";"";"2021-10-06";"61788";""
"27672";"3199";"PLU";"COM";"2009-07-09 22:00:00+00:00";"2003-03-01 23:00:00+00:00";"39";"27";"28";"2021";"NON";"NON";"27672";"";"";"";"2021-10-06";"51936";""
"27674";"1199";"CC";"COM";"2005-10-11 22:00:00+00:00";"2003-03-04 23:00:00+00:00";"19";"27";"28";"2021";"NON";"NON";"27674";"";"";"";"2021-10-06";"67902";""
"27676";"3399";"PLUi/PLUiS";"CA";"2019-12-18 23:00:00+00:00";"2015-11-02 23:00:00+00:00";"39";"27";"28";"2021";"OUI";"NON";"200089456";"";"";"";"2021-10-06";"145728";""
"27677";"3199";"PLU";"COM";"2015-02-16 23:00:00+00:00";"2009-07-07 22:00:00+00:00";"39";"27";"28";"2021";"NON";"NON";"27677";"";"";"";"2021-10-06";"50210";""
"27678";"3299";"PLUi/PLUiS";"CA";"2019-12-16 23:00:00+00:00";"2018-02-19 23:00:00+00:00";"39";"27";"28";"2021";"NON";"OUI";"27678";"";"";"";"2021-10-06";"145722";""
"27679";"3499";"PLU";"CC";"2016-09-25 22:00:00+00:00";"2010-09-19 22:00:00+00:00";"39";"27";"28";"2021";"NON";"NON";"200066462";"";"";"";"2021-10-06";"49372";""
"27681";"3199";"PLU";"COM";"2016-10-20 22:00:00+00:00";"2014-06-26 22:00:00+00:00";"39";"27";"28";"2021";"NON";"NON";"27681";"";"";"";"2021-10-06";"136156";""
"27682";"3199";"PLU";"COM";"2018-01-18 23:00:00+00:00";"2015-01-29 23:00:00+00:00";"39";"27";"28";"2021";"NON";"NON";"27682";"";"";"";"2021-10-06";"136157";""
"27684";"3299";"PLUi/PLUiS";"CA";"2019-12-16 23:00:00+00:00";"2018-02-19 23:00:00+00:00";"39";"27";"28";"2021";"NON";"OUI";"27684";"";"";"";"2021-10-06";"145722";""
"27685";"3399";"PLUi/PLUiS";"CC";"2016-12-12 23:00:00+00:00";"2012-01-12 23:00:00+00:00";"39";"27";"28";"2021";"OUI";"NON";"200066462";"";"";"";"2021-10-06";"118810";""
"27686";"3432";"PLU";"CC";"2012-08-26 22:00:00+00:00";"2010-06-15 22:00:00+00:00";"33";"27";"28";"2021";"NON";"NON";"200066405";"";"";"";"2021-10-06";"50211";""
"27689";"3199";"PLU";"COM";"2018-02-08 23:00:00+00:00";"2015-03-26 23:00:00+00:00";"39";"27";"28";"2021";"NON";"NON";"27689";"";"";"";"2021-10-06";"145713";""
"27690";"1199";"CC";"COM";"2009-09-06 22:00:00+00:00";"2006-11-07 23:00:00+00:00";"19";"27";"28";"2021";"NON";"NON";"27690";"";"";"";"2021-10-06";"69152";""
"27691";"3399";"PLUi/PLUiS";"CA";"2019-12-18 23:00:00+00:00";"2015-11-02 23:00:00+00:00";"39";"27";"28";"2021";"OUI";"NON";"200089456";"";"";"";"2021-10-06";"145728";""
"27693";"3499";"PLU";"CC";"2019-01-22 23:00:00+00:00";"2016-11-07 23:00:00+00:00";"39";"27";"28";"2021";"NON";"NON";"200066462";"";"";"";"2021-10-06";"152033";""
"27695";"1199";"CC";"COM";"2017-08-16 22:00:00+00:00";"2014-12-10 23:00:00+00:00";"19";"27";"28";"2021";"NON";"NON";"27695";"";"";"";"2021-10-06";"145578";""
"27696";"3199";"PLU";"COM";"2014-10-22 22:00:00+00:00";"2012-01-11 23:00:00+00:00";"39";"27";"28";"2021";"NON";"NON";"27696";"";"";"";"2021-10-06";"118802";""
"27697";"3399";"PLUi/PLUiS";"CA";"2019-11-27 23:00:00+00:00";"2018-02-21 23:00:00+00:00";"39";"27";"28";"2021";"OUI";"NON";"27697";"";"";"";"2021-10-06";"164947";""
"27698";"3199";"PLU";"COM";"2006-10-29 23:00:00+00:00";"2002-12-15 23:00:00+00:00";"39";"27";"28";"2021";"NON";"NON";"27698";"";"";"";"2021-10-06";"51942";""
"27699";"1432";"CC";"CC";"2010-12-20 23:00:00+00:00";"2006-10-17 22:00:00+00:00";"13";"27";"28";"2021";"NON";"NON";"200066405";"";"";"";"2021-10-06";"69153";""
"27700";"3399";"PLUi/PLUiS";"CA";"2019-11-27 23:00:00+00:00";"2018-02-21 23:00:00+00:00";"39";"27";"28";"2021";"OUI";"NON";"27700";"";"";"";"2021-10-06";"164947";""
"27701";"3399";"PLUi/PLUiS";"CA";"2019-11-27 23:00:00+00:00";"2018-02-21 23:00:00+00:00";"39";"27";"28";"2021";"OUI";"NON";"27701";"";"";"";"2021-10-06";"164947";""
"28001";"3199";"PLU";"COM";"2018-07-03 22:00:00+00:00";"2014-11-27 23:00:00+00:00";"39";"28";"24";"2021";"NON";"NON";"28001";"";"";"";"2021-10-06";"135438";""
"28003";"3131";"PLU";"COM";"2008-12-10 23:00:00+00:00";"2005-09-14 22:00:00+00:00";"33";"28";"24";"2021";"NON";"NON";"28003";"";"";"";"2021-10-06";"33206";""
"28004";"3199";"PLU";"COM";"2012-02-08 23:00:00+00:00";"2008-06-26 22:00:00+00:00";"39";"28";"24";"2021";"NON";"NON";"28004";"";"";"";"2021-10-06";"35599";""
"28005";"3131";"PLU";"COM";"2008-11-04 23:00:00+00:00";"2005-02-17 23:00:00+00:00";"33";"28";"24";"2021";"NON";"NON";"28005";"";"";"";"2021-10-06";"31168";""
"28006";"3199";"PLU";"COM";"2021-02-18 23:00:00+00:00";"2018-05-30 22:00:00+00:00";"39";"28";"24";"2021";"NON";"NON";"28006";"";"";"";"2021-10-06";"171049";""
"28007";"3199";"PLU";"COM";"2016-09-15 22:00:00+00:00";"2014-09-18 22:00:00+00:00";"39";"28";"24";"2021";"NON";"NON";"28007";"";"";"";"2021-10-06";"132633";""
"28008";"3199";"PLU";"COM";"2016-06-05 22:00:00+00:00";"2014-09-23 22:00:00+00:00";"39";"28";"24";"2021";"NON";"NON";"28008";"";"";"";"2021-10-06";"133116";""
"28012";"3432";"PLU";"CC";"2017-04-18 22:00:00+00:00";"2009-02-16 23:00:00+00:00";"33";"28";"24";"2021";"NON";"NON";"200069961";"";"";"";"2021-10-06";"113583";""
"28013";"3499";"PLU";"CC";"2016-12-21 23:00:00+00:00";"2014-10-08 22:00:00+00:00";"39";"28";"24";"2021";"NON";"NON";"200069953";"";"";"";"2021-10-06";"132862";""
"28014";"3199";"PLU";"COM";"2013-09-12 22:00:00+00:00";"2012-02-02 23:00:00+00:00";"39";"28";"24";"2021";"NON";"NON";"28014";"";"";"";"2021-10-06";"104035";""
"28015";"3434";"PLU";"CC";"2014-11-11 23:00:00+00:00";"2010-11-24 23:00:00+00:00";"33";"28";"24";"2021";"NON";"NON";"200069953";"";"";"";"2021-10-06";"71438";""
"28018";"3432";"PLU";"CC";"2005-09-29 22:00:00+00:00";"1999-06-24 22:00:00+00:00";"33";"28";"24";"2021";"NON";"NON";"28018";"";"";"";"2021-10-06";"32927";""
"28019";"3432";"PLU";"CC";"2009-11-15 23:00:00+00:00";"2006-01-15 23:00:00+00:00";"33";"28";"24";"2021";"NON";"NON";"200070159";"";"";"";"2021-10-06";"33394";""
"28021";"3232";"PLUi/PLUiS";"CC";"2020-12-13 23:00:00+00:00";"2016-01-24 23:00:00+00:00";"33";"28";"24";"2021";"NON";"OUI";"28021";"";"";"";"2021-10-06";"147851";""
"28022";"3199";"PLU";"COM";"2018-12-16 23:00:00+00:00";"2014-07-20 22:00:00+00:00";"39";"28";"24";"2021";"NON";"NON";"28022";"";"";"";"2021-10-06";"131308";""
"28024";"3199";"PLU";"COM";"2014-09-24 22:00:00+00:00";"1997-03-27 23:00:00+00:00";"39";"28";"24";"2021";"NON";"NON";"28024";"";"";"";"2021-10-06";"33405";""
"28026";"3432";"PLU";"CC";"2011-09-15 22:00:00+00:00";"2008-11-06 23:00:00+00:00";"33";"28";"24";"2021";"NON";"NON";"200070159";"";"";"";"2021-10-06";"36493";""
"28027";"3432";"PLU";"CC";"2007-03-27 22:00:00+00:00";"2003-03-22 23:00:00+00:00";"33";"28";"24";"2021";"NON";"NON";"200069961";"";"";"";"2021-10-06";"22353";""
"28028";"3432";"PLU";"CC";"2009-09-23 22:00:00+00:00";"2005-12-13 23:00:00+00:00";"33";"28";"24";"2021";"NON";"NON";"200070159";"";"";"";"2021-10-06";"33408";""
"28030";"3199";"PLU";"COM";"2020-01-05 23:00:00+00:00";"2011-07-28 22:00:00+00:00";"39";"28";"24";"2021";"NON";"NON";"28030";"";"";"";"2021-10-06";"75759";""
"28032";"3432";"PLU";"CC";"2013-05-15 22:00:00+00:00";"2009-05-11 22:00:00+00:00";"33";"28";"24";"2021";"NON";"NON";"200070159";"";"";"";"2021-10-06";"38234";""
"28033";"3433";"PLU";"CC";"2015-11-02 23:00:00+00:00";"2011-04-06 22:00:00+00:00";"33";"28";"24";"2021";"NON";"NON";"200070167";"";"";"";"2021-10-06";"71347";""
"28034";"3199";"PLU";"COM";"2010-04-26 22:00:00+00:00";"2004-07-01 22:00:00+00:00";"39";"28";"24";"2021";"NON";"NON";"28034";"";"";"";"2021-10-06";"32298";""
"28035";"3199";"PLU";"COM";"2020-02-12 23:00:00+00:00";"2016-03-30 22:00:00+00:00";"39";"28";"24";"2021";"NON";"NON";"28035";"";"";"";"2021-10-06";"147625";""
"28036";"3199";"PLU";"COM";"2017-09-14 22:00:00+00:00";"2015-05-28 22:00:00+00:00";"39";"28";"24";"2021";"NON";"NON";"28036";"";"";"";"2021-10-06";"151557";""
"28037";"3199";"PLU";"COM";"2013-10-24 22:00:00+00:00";"2009-03-19 23:00:00+00:00";"39";"28";"24";"2021";"NON";"NON";"28037";"";"";"";"2021-10-06";"38268";""
"28038";"3432";"PLU";"CC";"2013-12-12 23:00:00+00:00";"2009-10-28 23:00:00+00:00";"33";"28";"24";"2021";"NON";"NON";"28038";"";"";"";"2021-10-06";"39825";""
"28039";"3499";"PLU";"CC";"2007-04-19 22:00:00+00:00";"2003-03-27 23:00:00+00:00";"39";"28";"24";"2021";"NON";"NON";"200069953";"";"";"";"2021-10-06";"20570";""
"28040";"3232";"PLUi/PLUiS";"CC";"2020-12-13 23:00:00+00:00";"2016-01-24 23:00:00+00:00";"33";"28";"24";"2021";"NON";"OUI";"28040";"";"";"";"2021-10-06";"147851";""
"28041";"3232";"PLUi/PLUiS";"CC";"2020-12-13 23:00:00+00:00";"2016-01-24 23:00:00+00:00";"33";"28";"24";"2021";"NON";"OUI";"28041";"";"";"";"2021-10-06";"147851";""
"28045";"3199";"PLU";"COM";"2014-02-16 23:00:00+00:00";"2012-09-09 22:00:00+00:00";"39";"28";"24";"2021";"NON";"NON";"28045";"";"";"";"2021-10-06";"112402";""
"28047";"3199";"PLU";"COM";"2012-12-19 23:00:00+00:00";"2007-02-28 23:00:00+00:00";"39";"28";"24";"2021";"NON";"NON";"28047";"";"";"";"2021-10-06";"30541";""
"28048";"1199";"CC";"COM";"2008-03-16 23:00:00+00:00";"2006-01-29 23:00:00+00:00";"19";"28";"24";"2021";"NON";"NON";"28048";"";"";"";"2021-10-06";"14781";""
"28049";"3199";"PLU";"COM";"2011-04-21 22:00:00+00:00";"2006-12-17 23:00:00+00:00";"39";"28";"24";"2021";"NON";"NON";"28049";"";"";"";"2021-10-06";"24345";""
"28050";"3199";"PLU";"COM";"2018-10-30 23:00:00+00:00";"2014-09-25 22:00:00+00:00";"39";"28";"24";"2021";"NON";"NON";"28050";"";"";"";"2021-10-06";"136686";""
"28051";"3131";"PLU";"COM";"2014-06-04 22:00:00+00:00";"2008-11-16 23:00:00+00:00";"33";"28";"24";"2021";"NON";"NON";"28051";"";"";"";"2021-10-06";"36688";""
"28052";"3131";"PLU";"COM";"2007-03-15 23:00:00+00:00";"2003-06-19 22:00:00+00:00";"33";"28";"24";"2021";"NON";"NON";"28052";"";"";"";"2021-10-06";"16513";""
"28053";"3199";"PLU";"COM";"2019-02-07 23:00:00+00:00";"2014-10-15 22:00:00+00:00";"39";"28";"24";"2021";"NON";"NON";"28053";"";"";"";"2021-10-06";"132989";""
"28054";"3199";"PLU";"COM";"2014-02-17 23:00:00+00:00";"2012-02-16 23:00:00+00:00";"39";"28";"24";"2021";"NON";"NON";"28054";"";"";"";"2021-10-06";"104635";""
"28055";"3199";"PLU";"COM";"2014-02-19 23:00:00+00:00";"2012-08-29 22:00:00+00:00";"39";"28";"24";"2021";"NON";"NON";"28055";"";"";"";"2021-10-06";"120120";""
"28057";"1199";"CC";"COM";"2007-10-15 22:00:00+00:00";"2005-07-03 22:00:00+00:00";"19";"28";"24";"2021";"NON";"NON";"28057";"";"";"";"2021-10-06";"26845";""
"28058";"3399";"PLUi/PLUiS";"CC";"2020-02-19 23:00:00+00:00";"2015-11-05 23:00:00+00:00";"39";"28";"24";"2021";"OUI";"NON";"200069953";"";"";"";"2021-10-06";"142456";""
"28059";"3199";"PLU";"COM";"2012-11-27 23:00:00+00:00";"2007-09-03 22:00:00+00:00";"39";"28";"24";"2021";"NON";"NON";"28059";"";"";"";"2021-10-06";"30695";""
"28060";"1199";"CC";"COM";"2005-11-08 23:00:00+00:00";"2004-01-20 23:00:00+00:00";"19";"28";"24";"2021";"NON";"NON";"28060";"";"";"";"2021-10-06";"33439";""
"28061";"3432";"PLU";"CC";"2014-03-17 23:00:00+00:00";"2010-09-20 22:00:00+00:00";"33";"28";"24";"2021";"NON";"NON";"200069961";"";"";"";"2021-10-06";"45994";""
"28062";"3199";"PLU";"COM";"2019-04-24 22:00:00+00:00";"2015-12-16 23:00:00+00:00";"39";"28";"24";"2021";"NON";"NON";"28062";"";"";"";"2021-10-06";"141844";""
"28064";"3199";"PLU";"COM";"2019-11-06 23:00:00+00:00";"2015-01-21 23:00:00+00:00";"39";"28";"24";"2021";"NON";"NON";"28064";"";"";"";"2021-10-06";"138244";""
"28067";"3232";"PLUi/PLUiS";"CC";"2020-12-13 23:00:00+00:00";"2016-01-24 23:00:00+00:00";"33";"28";"24";"2021";"NON";"OUI";"28067";"";"";"";"2021-10-06";"147851";""
"28068";"1199";"CC";"COM";"2008-11-04 23:00:00+00:00";"2006-11-09 23:00:00+00:00";"19";"28";"24";"2021";"NON";"NON";"28068";"";"";"";"2021-10-06";"22864";""
"28070";"3199";"PLU";"COM";"2013-05-21 22:00:00+00:00";"2011-09-13 22:00:00+00:00";"39";"28";"24";"2021";"NON";"NON";"28070";"";"";"";"2021-10-06";"105151";""
"28071";"3433";"PLU";"CC";"2009-09-23 22:00:00+00:00";"2003-10-01 22:00:00+00:00";"33";"28";"24";"2021";"NON";"NON";"200070167";"";"";"";"2021-10-06";"23997";""
"28075";"3332";"PLUi/PLUiS";"CC";"2019-12-15 23:00:00+00:00";"2010-06-23 22:00:00+00:00";"33";"28";"24";"2021";"OUI";"NON";"200069961";"";"";"";"2021-10-06";"48908";""
"28076";"3199";"PLU";"COM";"2020-01-23 23:00:00+00:00";"2017-02-09 23:00:00+00:00";"39";"28";"24";"2021";"NON";"NON";"28076";"";"";"";"2021-10-06";"159733";""
"28077";"3332";"PLUi/PLUiS";"CC";"2013-04-14 22:00:00+00:00";"2007-06-17 22:00:00+00:00";"33";"28";"24";"2021";"OUI";"NON";"200069912";"";"";"";"2021-10-06";"48752";""
"28079";"3432";"PLU";"CC";"2014-04-28 22:00:00+00:00";"2008-09-21 22:00:00+00:00";"33";"28";"24";"2021";"NON";"NON";"200006971";"";"";"";"2021-10-06";"35995";""
"28081";"3232";"PLUi/PLUiS";"CC";"2020-12-13 23:00:00+00:00";"2016-01-24 23:00:00+00:00";"33";"28";"24";"2021";"NON";"OUI";"28081";"";"";"";"2021-10-06";"147851";""
"28082";"3199";"PLU";"COM";"2019-01-13 23:00:00+00:00";"2012-10-28 23:00:00+00:00";"39";"28";"24";"2021";"NON";"NON";"28082";"";"";"";"2021-10-06";"114515";""
"28084";"3199";"PLU";"COM";"2020-03-08 23:00:00+00:00";"2015-12-07 23:00:00+00:00";"39";"28";"24";"2021";"NON";"NON";"28084";"";"";"";"2021-10-06";"139992";""
"28085";"3199";"PLU";"COM";"2015-06-23 22:00:00+00:00";"2009-12-16 23:00:00+00:00";"39";"28";"24";"2021";"NON";"NON";"28085";"";"";"";"2021-10-06";"40748";""
"28087";"3199";"PLU";"COM";"2018-11-29 23:00:00+00:00";"2014-11-13 23:00:00+00:00";"39";"28";"24";"2021";"NON";"NON";"28087";"";"";"";"2021-10-06";"134183";""
"28088";"3332";"PLUi/PLUiS";"CC";"2019-12-15 23:00:00+00:00";"2010-06-23 22:00:00+00:00";"33";"28";"24";"2021";"OUI";"NON";"200069961";"";"";"";"2021-10-06";"48908";""
"28089";"3199";"PLU";"COM";"2018-05-29 22:00:00+00:00";"2014-11-11 23:00:00+00:00";"39";"28";"24";"2021";"NON";"NON";"28089";"";"";"";"2021-10-06";"136587";""
"28091";"3232";"PLUi/PLUiS";"CC";"2020-12-13 23:00:00+00:00";"2016-01-24 23:00:00+00:00";"33";"28";"24";"2021";"NON";"OUI";"28091";"";"";"";"2021-10-06";"147851";""
"28092";"1499";"CC";"CC";"2008-04-24 22:00:00+00:00";"2006-12-18 23:00:00+00:00";"19";"28";"24";"2021";"NON";"NON";"200069953";"";"";"";"2021-10-06";"24347";""
"28094";"3399";"PLUi/PLUiS";"CC";"2020-02-19 23:00:00+00:00";"2015-11-05 23:00:00+00:00";"39";"28";"24";"2021";"OUI";"NON";"200069953";"";"";"";"2021-10-06";"142456";""
"28095";"1199";"CC";"COM";"2005-01-04 23:00:00+00:00";"2004-05-16 22:00:00+00:00";"19";"28";"24";"2021";"NON";"NON";"28095";"";"";"";"2021-10-06";"33464";""
"28096";"3199";"PLU";"COM";"2017-11-30 23:00:00+00:00";"2014-06-19 22:00:00+00:00";"39";"28";"24";"2021";"NON";"NON";"28096";"";"";"";"2021-10-06";"135949";""
"28098";"3131";"PLU";"COM";"2006-06-25 22:00:00+00:00";"2003-09-18 22:00:00+00:00";"33";"28";"24";"2021";"NON";"NON";"28098";"";"";"";"2021-10-06";"33481";""
"28099";"3232";"PLUi/PLUiS";"CC";"2020-12-13 23:00:00+00:00";"2016-01-24 23:00:00+00:00";"33";"28";"24";"2021";"NON";"OUI";"28099";"";"";"";"2021-10-06";"147851";""
"28100";"1199";"CC";"COM";"2003-11-25 23:00:00+00:00";"1998-12-16 23:00:00+00:00";"19";"28";"24";"2021";"NON";"NON";"28100";"";"";"";"2021-10-06";"33483";""
"28102";"3199";"PLU";"COM";"2011-01-26 23:00:00+00:00";"2006-11-02 23:00:00+00:00";"39";"28";"24";"2021";"NON";"NON";"28102";"";"";"";"2021-10-06";"24007";""
"28103";"3432";"PLU";"CC";"2013-09-22 22:00:00+00:00";"2008-12-02 23:00:00+00:00";"33";"28";"24";"2021";"NON";"NON";"200069961";"";"";"";"2021-10-06";"36081";""
"28104";"3199";"PLU";"COM";"2019-11-18 23:00:00+00:00";"2014-06-16 22:00:00+00:00";"39";"28";"24";"2021";"NON";"NON";"28104";"";"";"";"2021-10-06";"130661";""
"28105";"1433";"CC";"CC";"2007-03-25 22:00:00+00:00";"2004-10-25 22:00:00+00:00";"13";"28";"24";"2021";"NON";"NON";"200070167";"";"";"";"2021-10-06";"14786";""
"28106";"1432";"CC";"CC";"2005-10-10 22:00:00+00:00";"2001-10-10 22:00:00+00:00";"13";"28";"24";"2021";"NON";"NON";"200069961";"";"";"";"2021-10-06";"35740";""
"28107";"3199";"PLU";"COM";"2013-06-10 22:00:00+00:00";"2008-10-20 22:00:00+00:00";"39";"28";"24";"2021";"NON";"NON";"28107";"";"";"";"2021-10-06";"35170";""
"28109";"1433";"CC";"CC";"2009-06-28 22:00:00+00:00";"2007-08-30 22:00:00+00:00";"13";"28";"24";"2021";"NON";"NON";"200070167";"";"";"";"2021-10-06";"29506";""
"28110";"3199";"PLU";"COM";"2012-12-09 23:00:00+00:00";"2011-09-11 22:00:00+00:00";"39";"28";"24";"2021";"NON";"NON";"28110";"";"";"";"2021-10-06";"96468";""
"28113";"3399";"PLUi/PLUiS";"CC";"2020-02-19 23:00:00+00:00";"2015-11-05 23:00:00+00:00";"39";"28";"24";"2021";"OUI";"NON";"200069953";"";"";"";"2021-10-06";"142456";""
"28114";"3432";"PLU";"CC";"2009-06-26 22:00:00+00:00";"2006-01-29 23:00:00+00:00";"33";"28";"24";"2021";"NON";"NON";"200070159";"";"";"";"2021-10-06";"34773";""
"28116";"3232";"PLUi/PLUiS";"CC";"2020-12-13 23:00:00+00:00";"2016-01-24 23:00:00+00:00";"33";"28";"24";"2021";"NON";"OUI";"28116";"";"";"";"2021-10-06";"147851";""
"28117";"3199";"PLU";"COM";"2017-08-30 22:00:00+00:00";"2012-09-12 22:00:00+00:00";"39";"28";"24";"2021";"NON";"NON";"28117";"";"";"";"2021-10-06";"123008";""
"28118";"3399";"PLUi/PLUiS";"CC";"2020-02-19 23:00:00+00:00";"2015-11-05 23:00:00+00:00";"39";"28";"24";"2021";"OUI";"NON";"200069953";"";"";"";"2021-10-06";"142456";""
"28119";"1433";"CC";"CC";"2012-07-22 22:00:00+00:00";"2008-10-27 23:00:00+00:00";"13";"28";"24";"2021";"NON";"NON";"200070167";"";"";"";"2021-10-06";"36403";""
"28122";"3199";"PLU";"COM";"2014-03-19 23:00:00+00:00";"2010-12-14 23:00:00+00:00";"39";"28";"24";"2021";"NON";"NON";"28122";"";"";"";"2021-10-06";"103172";""
"28123";"3432";"PLU";"CC";"2016-10-16 22:00:00+00:00";"2011-07-03 22:00:00+00:00";"33";"28";"24";"2021";"NON";"NON";"200069961";"";"";"";"2021-10-06";"71705";""
"28124";"3199";"PLU";"COM";"2020-10-08 22:00:00+00:00";"2014-10-24 22:00:00+00:00";"39";"28";"24";"2021";"NON";"NON";"28124";"";"";"";"2021-10-06";"133438";""
"28127";"1131";"CC";"COM";"2015-02-21 23:00:00+00:00";"2007-06-21 22:00:00+00:00";"13";"28";"24";"2021";"NON";"NON";"28127";"";"";"";"2021-10-06";"32294";""
"28128";"3199";"PLU";"COM";"2019-09-16 22:00:00+00:00";"2014-09-22 22:00:00+00:00";"39";"28";"24";"2021";"NON";"NON";"28128";"";"";"";"2021-10-06";"136687";""
"28129";"3199";"PLU";"COM";"2006-11-19 23:00:00+00:00";"2002-10-20 22:00:00+00:00";"39";"28";"24";"2021";"NON";"NON";"28129";"";"";"";"2021-10-06";"23900";""
"28130";"3332";"PLUi/PLUiS";"CC";"2008-12-18 23:00:00+00:00";"2004-12-16 23:00:00+00:00";"33";"28";"24";"2021";"OUI";"NON";"200069912";"";"";"";"2021-10-06";"48753";""
"28132";"3432";"PLU";"CC";"2011-04-27 22:00:00+00:00";"2007-01-14 23:00:00+00:00";"33";"28";"24";"2021";"NON";"NON";"200069961";"";"";"";"2021-10-06";"32727";""
"28134";"3199";"PLU";"COM";"2012-09-26 22:00:00+00:00";"2007-11-07 23:00:00+00:00";"39";"28";"24";"2021";"NON";"NON";"28134";"";"";"";"2021-10-06";"16247";""
"28135";"3399";"PLUi/PLUiS";"CC";"2019-03-13 23:00:00+00:00";"2015-02-18 23:00:00+00:00";"39";"28";"24";"2021";"OUI";"NON";"200069953";"";"";"";"2021-10-06";"137503";""
"28136";"3199";"PLU";"COM";"2020-02-18 23:00:00+00:00";"2014-11-16 23:00:00+00:00";"39";"28";"24";"2021";"NON";"NON";"28136";"";"";"";"2021-10-06";"134749";""
"28137";"3499";"PLU";"CC";"2013-12-16 23:00:00+00:00";"2008-12-04 23:00:00+00:00";"39";"28";"24";"2021";"NON";"NON";"200069953";"";"";"";"2021-10-06";"36829";""
"28139";"3232";"PLUi/PLUiS";"CC";"2020-12-13 23:00:00+00:00";"2016-01-24 23:00:00+00:00";"33";"28";"24";"2021";"NON";"OUI";"28139";"";"";"";"2021-10-06";"147851";""
"28140";"3399";"PLUi/PLUiS";"CC";"2019-03-13 23:00:00+00:00";"2015-02-18 23:00:00+00:00";"39";"28";"24";"2021";"OUI";"NON";"200069953";"";"";"";"2021-10-06";"137503";""
"28141";"1199";"CC";"COM";"2008-07-23 22:00:00+00:00";"2006-10-25 22:00:00+00:00";"19";"28";"24";"2021";"NON";"NON";"28141";"";"";"";"2021-10-06";"23994";""
"28142";"3232";"PLUi/PLUiS";"CC";"2020-12-13 23:00:00+00:00";"2016-01-24 23:00:00+00:00";"33";"28";"24";"2021";"NON";"OUI";"28142";"";"";"";"2021-10-06";"147851";""
"28144";"1432";"CC";"CC";"2012-06-06 22:00:00+00:00";"2009-05-14 22:00:00+00:00";"13";"28";"24";"2021";"NON";"NON";"28144";"";"";"";"2021-10-06";"39366";""
"28146";"3399";"PLUi/PLUiS";"CC";"2020-02-19 23:00:00+00:00";"2015-11-05 23:00:00+00:00";"39";"28";"24";"2021";"OUI";"NON";"200069953";"";"";"";"2021-10-06";"142456";""
"28148";"3232";"PLUi/PLUiS";"CC";"2020-12-13 23:00:00+00:00";"2016-01-24 23:00:00+00:00";"33";"28";"24";"2021";"NON";"OUI";"28148";"";"";"";"2021-10-06";"147851";""
"28149";"3332";"PLUi/PLUiS";"CC";"2013-04-14 22:00:00+00:00";"2007-06-17 22:00:00+00:00";"33";"28";"24";"2021";"OUI";"NON";"200069912";"";"";"";"2021-10-06";"48752";""
"28154";"3232";"PLUi/PLUiS";"CC";"2020-12-13 23:00:00+00:00";"2016-01-24 23:00:00+00:00";"33";"28";"24";"2021";"NON";"OUI";"28154";"";"";"";"2021-10-06";"147851";""
"28155";"3199";"PLU";"COM";"2017-05-18 22:00:00+00:00";"2014-10-06 22:00:00+00:00";"39";"28";"24";"2021";"NON";"NON";"28155";"";"";"";"2021-10-06";"132968";""
"28156";"3433";"PLU";"CC";"2010-03-25 23:00:00+00:00";"2006-12-07 23:00:00+00:00";"33";"28";"24";"2021";"NON";"NON";"200070167";"";"";"";"2021-10-06";"30553";""
"28157";"3432";"PLU";"CC";"2009-06-23 22:00:00+00:00";"2005-12-12 23:00:00+00:00";"33";"28";"24";"2021";"NON";"NON";"200070159";"";"";"";"2021-10-06";"34774";""
"28158";"3199";"PLU";"COM";"2006-05-17 22:00:00+00:00";"2002-01-27 23:00:00+00:00";"39";"28";"24";"2021";"NON";"NON";"28158";"";"";"";"2021-10-06";"24921";""
"28159";"3332";"PLUi/PLUiS";"CC";"2008-12-18 23:00:00+00:00";"2004-12-16 23:00:00+00:00";"33";"28";"24";"2021";"OUI";"NON";"200069912";"";"";"";"2021-10-06";"48753";""
"28160";"3199";"PLU";"COM";"2008-02-28 23:00:00+00:00";"2005-06-02 22:00:00+00:00";"39";"28";"24";"2021";"NON";"NON";"28160";"";"";"";"2021-10-06";"30556";""
"28161";"3499";"PLU";"CC";"2013-02-21 23:00:00+00:00";"2008-09-10 22:00:00+00:00";"39";"28";"24";"2021";"NON";"NON";"200070167";"";"";"";"2021-10-06";"35881";""
"28162";"1199";"CC";"COM";"2020-01-06 23:00:00+00:00";"2016-05-24 22:00:00+00:00";"19";"28";"24";"2021";"NON";"NON";"28162";"";"";"";"2021-10-06";"149125";""
"28163";"1199";"CC";"COM";"2012-02-20 23:00:00+00:00";"2010-02-22 23:00:00+00:00";"19";"28";"24";"2021";"NON";"NON";"28163";"";"";"";"2021-10-06";"41354";""
"28164";"3432";"PLU";"CC";"2012-12-20 23:00:00+00:00";"2011-03-03 23:00:00+00:00";"33";"28";"24";"2021";"NON";"NON";"200070159";"";"";"";"2021-10-06";"72071";""
"28166";"3232";"PLUi/PLUiS";"CC";"2020-12-13 23:00:00+00:00";"2016-01-24 23:00:00+00:00";"33";"28";"24";"2021";"NON";"OUI";"28166";"";"";"";"2021-10-06";"147851";""
"28167";"3232";"PLUi/PLUiS";"CC";"2020-12-13 23:00:00+00:00";"2016-01-24 23:00:00+00:00";"33";"28";"24";"2021";"NON";"OUI";"28167";"";"";"";"2021-10-06";"147851";""
"28168";"3499";"PLU";"CC";"2017-03-29 22:00:00+00:00";"2010-11-08 23:00:00+00:00";"39";"28";"24";"2021";"NON";"NON";"200069953";"";"";"";"2021-10-06";"48026";""
"28169";"3432";"PLU";"CC";"2012-03-26 22:00:00+00:00";"2010-03-28 22:00:00+00:00";"33";"28";"24";"2021";"NON";"NON";"200070159";"";"";"";"2021-10-06";"78923";""
"28170";"3199";"PLU";"COM";"2014-01-20 23:00:00+00:00";"2012-10-03 22:00:00+00:00";"39";"28";"24";"2021";"NON";"NON";"28170";"";"";"";"2021-10-06";"114555";""
"28171";"3199";"PLU";"COM";"2014-01-08 23:00:00+00:00";"2005-08-31 22:00:00+00:00";"39";"28";"24";"2021";"NON";"NON";"28171";"";"";"";"2021-10-06";"34407";""
"28172";"3399";"PLUi/PLUiS";"CC";"2019-03-13 23:00:00+00:00";"2015-02-18 23:00:00+00:00";"39";"28";"24";"2021";"OUI";"NON";"200069953";"";"";"";"2021-10-06";"137503";""
"28173";"3199";"PLU";"COM";"2017-07-09 22:00:00+00:00";"2011-06-27 22:00:00+00:00";"39";"28";"24";"2021";"NON";"NON";"28173";"";"";"";"2021-10-06";"72029";""
"28176";"1199";"CC";"COM";"2008-01-14 23:00:00+00:00";"2006-01-30 23:00:00+00:00";"19";"28";"24";"2021";"NON";"NON";"28176";"";"";"";"2021-10-06";"24000";""
"28177";"3199";"PLU";"COM";"2017-05-01 22:00:00+00:00";"2012-10-18 22:00:00+00:00";"39";"28";"24";"2021";"NON";"NON";"28177";"";"";"";"2021-10-06";"114074";""
"28178";"3131";"PLU";"COM";"2006-10-12 22:00:00+00:00";"2003-01-24 23:00:00+00:00";"33";"28";"24";"2021";"NON";"NON";"28178";"";"";"";"2021-10-06";"21388";""
"28180";"3199";"PLU";"COM";"2014-01-30 23:00:00+00:00";"2009-02-18 23:00:00+00:00";"39";"28";"24";"2021";"NON";"NON";"28180";"";"";"";"2021-10-06";"37618";""
"28182";"1432";"CC";"CC";"2007-06-05 22:00:00+00:00";"2006-11-23 23:00:00+00:00";"13";"28";"24";"2021";"NON";"NON";"200069961";"";"";"";"2021-10-06";"24002";""
"28183";"3432";"PLU";"CC";"2009-02-25 23:00:00+00:00";"2006-01-11 23:00:00+00:00";"33";"28";"24";"2021";"NON";"NON";"200070159";"";"";"";"2021-10-06";"35235";""
"28184";"3432";"PLU";"CC";"2009-02-18 23:00:00+00:00";"2006-01-11 23:00:00+00:00";"33";"28";"24";"2021";"NON";"NON";"200070159";"";"";"";"2021-10-06";"35166";""
"28185";"3199";"PLU";"COM";"2019-09-30 22:00:00+00:00";"2014-09-18 22:00:00+00:00";"39";"28";"24";"2021";"NON";"NON";"28185";"";"";"";"2021-10-06";"136690";""
"28187";"3199";"PLU";"COM";"2018-12-05 23:00:00+00:00";"2014-12-15 23:00:00+00:00";"39";"28";"24";"2021";"NON";"NON";"28187";"";"";"";"2021-10-06";"134597";""
"28188";"3499";"PLU";"CC";"2019-07-10 22:00:00+00:00";"2014-10-09 22:00:00+00:00";"39";"28";"24";"2021";"NON";"NON";"200069953";"";"";"";"2021-10-06";"134729";""
"28189";"3432";"PLU";"CC";"2012-02-23 23:00:00+00:00";"2008-12-11 23:00:00+00:00";"33";"28";"24";"2021";"NON";"NON";"200070159";"";"";"";"2021-10-06";"37292";""
"28190";"3432";"PLU";"CC";"2009-07-05 22:00:00+00:00";"2006-01-24 23:00:00+00:00";"33";"28";"24";"2021";"NON";"NON";"200070159";"";"";"";"2021-10-06";"34772";""
"28191";"3399";"PLUi/PLUiS";"CC";"2019-03-13 23:00:00+00:00";"2015-02-18 23:00:00+00:00";"39";"28";"24";"2021";"OUI";"NON";"200069953";"";"";"";"2021-10-06";"137503";""
"28194";"1199";"CC";"COM";"2004-09-05 22:00:00+00:00";"2002-02-10 23:00:00+00:00";"19";"28";"24";"2021";"NON";"NON";"28194";"";"";"";"2021-10-06";"35741";""
"28195";"3199";"PLU";"COM";"2013-06-20 22:00:00+00:00";"2008-06-19 22:00:00+00:00";"39";"28";"24";"2021";"NON";"NON";"28195";"";"";"";"2021-10-06";"37838";""
"28196";"3232";"PLUi/PLUiS";"CC";"2020-12-13 23:00:00+00:00";"2016-01-24 23:00:00+00:00";"33";"28";"24";"2021";"NON";"OUI";"28196";"";"";"";"2021-10-06";"147851";""
"28197";"3432";"PLU";"CC";"2008-12-04 23:00:00+00:00";"2006-06-28 22:00:00+00:00";"33";"28";"24";"2021";"NON";"NON";"200070159";"";"";"";"2021-10-06";"17802";""
"28198";"3332";"PLUi/PLUiS";"CC";"2019-12-15 23:00:00+00:00";"2010-06-23 22:00:00+00:00";"33";"28";"24";"2021";"OUI";"NON";"200069961";"";"";"";"2021-10-06";"48908";""
"28199";"3432";"PLU";"CC";"2019-04-14 22:00:00+00:00";"2014-09-10 22:00:00+00:00";"33";"28";"24";"2021";"NON";"NON";"200070159";"";"";"";"2021-10-06";"135455";""
"28200";"3332";"PLUi/PLUiS";"CC";"2008-12-18 23:00:00+00:00";"2004-12-16 23:00:00+00:00";"33";"28";"24";"2021";"OUI";"NON";"200069912";"";"";"";"2021-10-06";"48753";""
"28201";"3199";"PLU";"COM";"2021-03-30 22:00:00+00:00";"2018-05-30 22:00:00+00:00";"39";"28";"24";"2021";"NON";"NON";"28201";"";"";"";"2021-10-06";"173021";""
"28202";"3332";"PLUi/PLUiS";"CC";"2013-04-14 22:00:00+00:00";"2007-06-17 22:00:00+00:00";"33";"28";"24";"2021";"OUI";"NON";"200069912";"";"";"";"2021-10-06";"48752";""
"28203";"3232";"PLUi/PLUiS";"CC";"2020-12-13 23:00:00+00:00";"2016-01-24 23:00:00+00:00";"33";"28";"24";"2021";"NON";"OUI";"28203";"";"";"";"2021-10-06";"147851";""
"28208";"3499";"PLU";"CC";"2021-07-06 22:00:00+00:00";"2012-04-18 22:00:00+00:00";"39";"28";"24";"2021";"NON";"NON";"200069953";"";"";"";"2021-10-06";"106574";""
"28209";"3199";"PLU";"COM";"2018-02-18 23:00:00+00:00";"2015-01-27 23:00:00+00:00";"39";"28";"24";"2021";"NON";"NON";"28209";"";"";"";"2021-10-06";"137263";""
"28210";"3432";"PLU";"CC";"2018-07-08 22:00:00+00:00";"2015-11-09 23:00:00+00:00";"33";"28";"24";"2021";"NON";"NON";"200070159";"";"";"";"2021-10-06";"142452";""
"28211";"3432";"PLU";"CC";"2013-06-19 22:00:00+00:00";"2008-09-22 22:00:00+00:00";"33";"28";"24";"2021";"NON";"NON";"200069961";"";"";"";"2021-10-06";"36042";""
"28212";"3432";"PLU";"CC";"2009-09-06 22:00:00+00:00";"2005-11-20 23:00:00+00:00";"33";"28";"24";"2021";"NON";"NON";"200070159";"";"";"";"2021-10-06";"34771";""
"28213";"3399";"PLUi/PLUiS";"CC";"2020-02-19 23:00:00+00:00";"2015-11-05 23:00:00+00:00";"39";"28";"24";"2021";"OUI";"NON";"200069953";"";"";"";"2021-10-06";"142456";""
"28214";"3433";"PLU";"CC";"2007-09-19 22:00:00+00:00";"2003-10-01 22:00:00+00:00";"33";"28";"24";"2021";"NON";"NON";"200070167";"";"";"";"2021-10-06";"31121";""
"28216";"3199";"PLU";"COM";"2009-02-08 23:00:00+00:00";"2005-09-11 22:00:00+00:00";"39";"28";"24";"2021";"NON";"NON";"28216";"";"";"";"2021-10-06";"33207";""
"28217";"3332";"PLUi/PLUiS";"CC";"2008-12-18 23:00:00+00:00";"2004-12-16 23:00:00+00:00";"33";"28";"24";"2021";"OUI";"NON";"200069912";"";"";"";"2021-10-06";"48753";""
"28218";"3131";"PLU";"COM";"2012-06-26 22:00:00+00:00";"2008-09-17 22:00:00+00:00";"33";"28";"24";"2021";"NON";"NON";"28218";"";"";"";"2021-10-06";"36104";""
"28219";"3432";"PLU";"CC";"2011-04-28 22:00:00+00:00";"2008-07-30 22:00:00+00:00";"33";"28";"24";"2021";"NON";"NON";"200006971";"";"";"";"2021-10-06";"45852";""
"28220";"3199";"PLU";"COM";"2012-05-02 22:00:00+00:00";"2007-06-06 22:00:00+00:00";"39";"28";"24";"2021";"NON";"NON";"28220";"";"";"";"2021-10-06";"30537";""
"28222";"3232";"PLUi/PLUiS";"CC";"2020-12-13 23:00:00+00:00";"2016-01-24 23:00:00+00:00";"33";"28";"24";"2021";"NON";"OUI";"28222";"";"";"";"2021-10-06";"147851";""
"28223";"3199";"PLU";"COM";"2014-02-26 23:00:00+00:00";"2010-01-28 23:00:00+00:00";"39";"28";"24";"2021";"NON";"NON";"28223";"";"";"";"2021-10-06";"40755";""
"28225";"3232";"PLUi/PLUiS";"CC";"2020-12-13 23:00:00+00:00";"2016-01-24 23:00:00+00:00";"33";"28";"24";"2021";"NON";"OUI";"28225";"";"";"";"2021-10-06";"147851";""
"28226";"3199";"PLU";"COM";"2017-09-21 22:00:00+00:00";"2014-09-04 22:00:00+00:00";"39";"28";"24";"2021";"NON";"NON";"28226";"";"";"";"2021-10-06";"132072";""
"28227";"3199";"PLU";"COM";"2020-02-18 23:00:00+00:00";"2014-11-23 23:00:00+00:00";"39";"28";"24";"2021";"NON";"NON";"28227";"";"";"";"2021-10-06";"136688";""
"28229";"3199";"PLU";"COM";"2014-02-23 23:00:00+00:00";"2009-07-01 22:00:00+00:00";"39";"28";"24";"2021";"NON";"NON";"28229";"";"";"";"2021-10-06";"38714";""
"28230";"1499";"CC";"CC";"2008-04-13 22:00:00+00:00";"2006-12-05 23:00:00+00:00";"19";"28";"24";"2021";"NON";"NON";"200069953";"";"";"";"2021-10-06";"23993";""
"28231";"3199";"PLU";"COM";"2015-06-17 22:00:00+00:00";"2011-06-23 22:00:00+00:00";"39";"28";"24";"2021";"NON";"NON";"28231";"";"";"";"2021-10-06";"71706";""
"28234";"3232";"PLUi/PLUiS";"CC";"2020-12-13 23:00:00+00:00";"2016-01-24 23:00:00+00:00";"33";"28";"24";"2021";"NON";"OUI";"28234";"";"";"";"2021-10-06";"147851";""
"28235";"3199";"PLU";"COM";"2017-11-30 23:00:00+00:00";"2015-04-23 22:00:00+00:00";"39";"28";"24";"2021";"NON";"NON";"28235";"";"";"";"2021-10-06";"137604";""
"28236";"3432";"PLU";"CC";"2011-05-26 22:00:00+00:00";"2006-02-16 23:00:00+00:00";"33";"28";"24";"2021";"NON";"NON";"28236";"";"";"";"2021-10-06";"32719";""
"28239";"3199";"PLU";"COM";"2014-01-27 23:00:00+00:00";"2012-02-13 23:00:00+00:00";"39";"28";"24";"2021";"NON";"NON";"28239";"";"";"";"2021-10-06";"104078";""
"28240";"1433";"CC";"CC";"2009-06-26 22:00:00+00:00";"2007-01-24 23:00:00+00:00";"13";"28";"24";"2021";"NON";"NON";"200070167";"";"";"";"2021-10-06";"25410";""
"28242";"3232";"PLUi/PLUiS";"CC";"2020-12-13 23:00:00+00:00";"2016-01-24 23:00:00+00:00";"33";"28";"24";"2021";"NON";"OUI";"28242";"";"";"";"2021-10-06";"147851";""
"28243";"3432";"PLU";"CC";"2008-12-10 23:00:00+00:00";"2006-01-03 23:00:00+00:00";"33";"28";"24";"2021";"NON";"NON";"200070159";"";"";"";"2021-10-06";"17801";""
"28245";"3199";"PLU";"COM";"2018-07-11 22:00:00+00:00";"2014-11-12 23:00:00+00:00";"39";"28";"24";"2021";"NON";"NON";"28245";"";"";"";"2021-10-06";"136685";""
"28246";"1199";"CC";"COM";"2009-09-02 22:00:00+00:00";"2007-09-27 22:00:00+00:00";"19";"28";"24";"2021";"NON";"NON";"28246";"";"";"";"2021-10-06";"14808";""
"28247";"3199";"PLU";"COM";"2012-04-04 22:00:00+00:00";"2005-06-26 22:00:00+00:00";"39";"28";"24";"2021";"NON";"NON";"28247";"";"";"";"2021-10-06";"37479";""
"28248";"3332";"PLUi/PLUiS";"CC";"2008-12-18 23:00:00+00:00";"2004-12-16 23:00:00+00:00";"33";"28";"24";"2021";"OUI";"NON";"200069912";"";"";"";"2021-10-06";"48753";""
"28249";"3499";"PLU";"CC";"2018-10-17 22:00:00+00:00";"2016-12-20 23:00:00+00:00";"39";"28";"24";"2021";"NON";"NON";"200069953";"";"";"";"2021-10-06";"161445";""
"28251";"3199";"PLU";"COM";"2020-10-29 23:00:00+00:00";"2015-10-29 23:00:00+00:00";"39";"28";"24";"2021";"NON";"NON";"28251";"";"";"";"2021-10-06";"154728";""
"28252";"3432";"PLU";"CC";"2010-07-08 22:00:00+00:00";"2007-06-28 22:00:00+00:00";"33";"28";"24";"2021";"NON";"NON";"28252";"";"";"";"2021-10-06";"31000";""
"28253";"3199";"PLU";"COM";"2019-06-19 22:00:00+00:00";"2017-04-10 22:00:00+00:00";"39";"28";"24";"2021";"NON";"NON";"28253";"";"";"";"2021-10-06";"156056";""
"28254";"1199";"CC";"COM";"2006-04-24 22:00:00+00:00";"2003-06-17 22:00:00+00:00";"19";"28";"24";"2021";"NON";"NON";"28254";"";"";"";"2021-10-06";"14811";""
"28256";"3432";"PLU";"CC";"2011-10-12 22:00:00+00:00";"2007-01-14 23:00:00+00:00";"33";"28";"24";"2021";"NON";"NON";"200069961";"";"";"";"2021-10-06";"24898";""
"28261";"3232";"PLUi/PLUiS";"CC";"2020-12-13 23:00:00+00:00";"2016-01-24 23:00:00+00:00";"33";"28";"24";"2021";"NON";"OUI";"200058360";"";"";"";"2021-10-06";"147851";""
"28264";"1433";"CC";"CC";"2005-06-06 22:00:00+00:00";"2001-09-23 22:00:00+00:00";"13";"28";"24";"2021";"NON";"NON";"200070167";"";"";"";"2021-10-06";"38349";""
"28267";"3199";"PLU";"COM";"2018-11-07 23:00:00+00:00";"2014-11-12 23:00:00+00:00";"39";"28";"24";"2021";"NON";"NON";"28267";"";"";"";"2021-10-06";"134731";""
"28269";"3199";"PLU";"COM";"2004-01-14 23:00:00+00:00";"2001-12-13 23:00:00+00:00";"39";"28";"24";"2021";"NON";"NON";"28269";"";"";"";"2021-10-06";"41517";""
"28270";"3199";"PLU";"COM";"2016-01-27 23:00:00+00:00";"2014-05-19 22:00:00+00:00";"39";"28";"24";"2021";"NON";"NON";"28270";"";"";"";"2021-10-06";"131053";""
"28271";"3332";"PLUi/PLUiS";"CC";"2013-04-14 22:00:00+00:00";"2007-06-17 22:00:00+00:00";"33";"28";"24";"2021";"OUI";"NON";"200069912";"";"";"";"2021-10-06";"48752";""
"28272";"3232";"PLUi/PLUiS";"CC";"2020-12-13 23:00:00+00:00";"2016-01-24 23:00:00+00:00";"33";"28";"24";"2021";"NON";"OUI";"200058360";"";"";"";"2021-10-06";"147851";""
"28274";"1432";"CC";"CC";"2010-11-30 23:00:00+00:00";"2008-11-06 23:00:00+00:00";"13";"28";"24";"2021";"NON";"NON";"200070159";"";"";"";"2021-10-06";"36381";""
"28275";"3399";"PLUi/PLUiS";"CC";"2020-02-19 23:00:00+00:00";"2015-11-05 23:00:00+00:00";"39";"28";"24";"2021";"OUI";"NON";"200069953";"";"";"";"2021-10-06";"142456";""
"28276";"3432";"PLU";"CC";"2011-09-26 22:00:00+00:00";"2008-12-03 23:00:00+00:00";"33";"28";"24";"2021";"NON";"NON";"200070159";"";"";"";"2021-10-06";"37273";""
"28278";"3199";"PLU";"COM";"2007-03-07 23:00:00+00:00";"2003-05-21 22:00:00+00:00";"39";"28";"24";"2021";"NON";"NON";"28278";"";"";"";"2021-10-06";"37671";""
"28279";"3399";"PLUi/PLUiS";"CC";"2020-02-19 23:00:00+00:00";"2015-11-05 23:00:00+00:00";"39";"28";"24";"2021";"OUI";"NON";"200069953";"";"";"";"2021-10-06";"142456";""
"28280";"3432";"PLU";"CC";"2009-07-01 22:00:00+00:00";"2004-06-24 22:00:00+00:00";"33";"28";"24";"2021";"NON";"NON";"28280";"";"";"";"2021-10-06";"220";""
"28281";"3199";"PLU";"COM";"2008-10-15 22:00:00+00:00";"2002-01-24 23:00:00+00:00";"39";"28";"24";"2021";"NON";"NON";"28281";"";"";"";"2021-10-06";"24010";""
"28282";"1433";"CC";"CC";"2011-01-13 23:00:00+00:00";"2008-09-18 22:00:00+00:00";"13";"28";"24";"2021";"NON";"NON";"200070167";"";"";"";"2021-10-06";"36012";""
"28283";"3432";"PLU";"CC";"2009-09-17 22:00:00+00:00";"2006-01-10 23:00:00+00:00";"33";"28";"24";"2021";"NON";"NON";"200070159";"";"";"";"2021-10-06";"33334";""
"28284";"3432";"PLU";"CC";"2010-06-21 22:00:00+00:00";"2006-01-18 23:00:00+00:00";"33";"28";"24";"2021";"NON";"NON";"200070159";"";"";"";"2021-10-06";"24006";""
"28285";"1199";"CC";"COM";"2008-03-19 23:00:00+00:00";"2006-09-21 22:00:00+00:00";"19";"28";"24";"2021";"NON";"NON";"28285";"";"";"";"2021-10-06";"24865";""
"28286";"3199";"PLU";"COM";"2012-12-18 23:00:00+00:00";"2009-01-21 23:00:00+00:00";"39";"28";"24";"2021";"NON";"NON";"28286";"";"";"";"2021-10-06";"37290";""
"28287";"3432";"PLU";"CC";"2007-06-18 22:00:00+00:00";"2004-05-10 22:00:00+00:00";"33";"28";"24";"2021";"NON";"NON";"200070159";"";"";"";"2021-10-06";"43114";""
"28289";"3131";"PLU";"COM";"2004-07-15 22:00:00+00:00";"2000-03-30 22:00:00+00:00";"33";"28";"24";"2021";"NON";"NON";"28289";"";"";"";"2021-10-06";"35603";""
"28290";"3232";"PLUi/PLUiS";"CC";"2020-12-13 23:00:00+00:00";"2016-01-24 23:00:00+00:00";"33";"28";"24";"2021";"NON";"OUI";"28290";"";"";"";"2021-10-06";"147851";""
"28291";"3432";"PLU";"CC";"2012-03-19 23:00:00+00:00";"2007-01-15 23:00:00+00:00";"33";"28";"24";"2021";"NON";"NON";"200070159";"";"";"";"2021-10-06";"25056";""
"28292";"3199";"PLU";"COM";"2017-07-11 22:00:00+00:00";"2014-06-04 22:00:00+00:00";"39";"28";"24";"2021";"NON";"NON";"28292";"";"";"";"2021-10-06";"136682";""
"28293";"3199";"PLU";"COM";"2018-03-28 22:00:00+00:00";"2015-12-14 23:00:00+00:00";"39";"28";"24";"2021";"NON";"NON";"28293";"";"";"";"2021-10-06";"145088";""
"28296";"3432";"PLU";"CC";"2010-06-01 22:00:00+00:00";"2006-03-28 22:00:00+00:00";"33";"28";"24";"2021";"NON";"NON";"200070159";"";"";"";"2021-10-06";"15157";""
"28298";"3499";"PLU";"CC";"2020-02-19 23:00:00+00:00";"2015-01-26 23:00:00+00:00";"39";"28";"24";"2021";"NON";"NON";"200069953";"";"";"";"2021-10-06";"138242";""
"28299";"3399";"PLUi/PLUiS";"CC";"2020-02-19 23:00:00+00:00";"2015-11-05 23:00:00+00:00";"39";"28";"24";"2021";"OUI";"NON";"200069953";"";"";"";"2021-10-06";"142456";""
"28300";"3432";"PLU";"CC";"2008-11-24 23:00:00+00:00";"2006-05-16 22:00:00+00:00";"33";"28";"24";"2021";"NON";"NON";"200070159";"";"";"";"2021-10-06";"16253";""
"28301";"3199";"PLU";"COM";"2018-02-20 23:00:00+00:00";"2014-11-16 23:00:00+00:00";"39";"28";"24";"2021";"NON";"NON";"28301";"";"";"";"2021-10-06";"135460";""
"28302";"3232";"PLUi/PLUiS";"CC";"2020-12-13 23:00:00+00:00";"2016-01-24 23:00:00+00:00";"33";"28";"24";"2021";"NON";"OUI";"28302";"";"";"";"2021-10-06";"147851";""
"28303";"3432";"PLU";"CC";"2015-07-27 22:00:00+00:00";"2011-11-22 23:00:00+00:00";"33";"28";"24";"2021";"NON";"NON";"200070159";"";"";"";"2021-10-06";"90301";""
"28308";"3199";"PLU";"COM";"2010-12-11 23:00:00+00:00";"2008-09-21 22:00:00+00:00";"39";"28";"24";"2021";"NON";"NON";"28308";"";"";"";"2021-10-06";"36105";""
"28309";"3199";"PLU";"COM";"2018-07-17 22:00:00+00:00";"2015-09-08 22:00:00+00:00";"39";"28";"24";"2021";"NON";"NON";"28309";"";"";"";"2021-10-06";"141718";""
"28310";"3332";"PLUi/PLUiS";"CC";"2013-04-14 22:00:00+00:00";"2007-06-17 22:00:00+00:00";"33";"28";"24";"2021";"OUI";"NON";"200069912";"";"";"";"2021-10-06";"48752";""
"28313";"1432";"CC";"CC";"2010-12-19 23:00:00+00:00";"2008-12-10 23:00:00+00:00";"13";"28";"24";"2021";"NON";"NON";"200070159";"";"";"";"2021-10-06";"36858";""
"28314";"3332";"PLUi/PLUiS";"CC";"2013-04-14 22:00:00+00:00";"2007-06-17 22:00:00+00:00";"33";"28";"24";"2021";"OUI";"NON";"200069912";"";"";"";"2021-10-06";"48752";""
"28316";"3332";"PLUi/PLUiS";"CC";"2013-04-14 22:00:00+00:00";"2007-06-17 22:00:00+00:00";"33";"28";"24";"2021";"OUI";"NON";"200069912";"";"";"";"2021-10-06";"48752";""
"28317";"1131";"CC";"COM";"2006-01-23 23:00:00+00:00";"2002-09-26 22:00:00+00:00";"13";"28";"24";"2021";"NON";"NON";"28317";"";"";"";"2021-10-06";"46153";""
"28322";"1499";"CC";"CC";"2008-11-04 23:00:00+00:00";"2006-08-06 22:00:00+00:00";"19";"28";"24";"2021";"NON";"NON";"28322";"";"";"";"2021-10-06";"19650";""
"28323";"3199";"PLU";"COM";"2017-06-29 22:00:00+00:00";"2014-09-04 22:00:00+00:00";"39";"28";"24";"2021";"NON";"NON";"28323";"";"";"";"2021-10-06";"139022";""
"28324";"3232";"PLUi/PLUiS";"CC";"2020-12-13 23:00:00+00:00";"2016-01-24 23:00:00+00:00";"33";"28";"24";"2021";"NON";"OUI";"28324";"";"";"";"2021-10-06";"147851";""
"28325";"3199";"PLU";"COM";"2010-05-05 22:00:00+00:00";"2006-05-08 22:00:00+00:00";"39";"28";"24";"2021";"NON";"NON";"28325";"";"";"";"2021-10-06";"43115";""
"28326";"3232";"PLUi/PLUiS";"CC";"2020-12-13 23:00:00+00:00";"2016-01-24 23:00:00+00:00";"33";"28";"24";"2021";"NON";"OUI";"28326";"";"";"";"2021-10-06";"147851";""
"28329";"1432";"CC";"CC";"2009-04-22 22:00:00+00:00";"2007-01-14 23:00:00+00:00";"13";"28";"24";"2021";"NON";"NON";"200069961";"";"";"";"2021-10-06";"24896";""
"28330";"3432";"PLU";"CC";"2011-04-27 22:00:00+00:00";"2007-01-14 23:00:00+00:00";"33";"28";"24";"2021";"NON";"NON";"200069961";"";"";"";"2021-10-06";"24899";""
"28331";"1433";"CC";"CC";"2015-11-01 23:00:00+00:00";"2010-07-07 22:00:00+00:00";"13";"28";"24";"2021";"NON";"NON";"200070167";"";"";"";"2021-10-06";"41918";""
"28332";"3199";"PLU";"COM";"2015-12-17 23:00:00+00:00";"2013-12-12 23:00:00+00:00";"39";"28";"24";"2021";"NON";"NON";"28332";"";"";"";"2021-10-06";"135611";""
"28333";"3232";"PLUi/PLUiS";"CC";"2020-12-13 23:00:00+00:00";"2016-01-24 23:00:00+00:00";"33";"28";"24";"2021";"NON";"OUI";"28333";"";"";"";"2021-10-06";"147851";""
"28334";"3332";"PLUi/PLUiS";"CC";"2019-12-15 23:00:00+00:00";"2010-06-23 22:00:00+00:00";"33";"28";"24";"2021";"OUI";"NON";"200069961";"";"";"";"2021-10-06";"48908";""
"28335";"1433";"CC";"CC";"2010-02-28 23:00:00+00:00";"2007-12-06 23:00:00+00:00";"13";"28";"24";"2021";"NON";"NON";"200070167";"";"";"";"2021-10-06";"33369";""
"28336";"3232";"PLUi/PLUiS";"CC";"2020-12-13 23:00:00+00:00";"2016-01-24 23:00:00+00:00";"33";"28";"24";"2021";"NON";"OUI";"28336";"";"";"";"2021-10-06";"147851";""
"28337";"3199";"PLU";"COM";"2017-12-18 23:00:00+00:00";"2015-03-10 23:00:00+00:00";"39";"28";"24";"2021";"NON";"NON";"28337";"";"";"";"2021-10-06";"137747";""
"28339";"3232";"PLUi/PLUiS";"CC";"2020-12-13 23:00:00+00:00";"2016-01-24 23:00:00+00:00";"33";"28";"24";"2021";"NON";"OUI";"28339";"";"";"";"2021-10-06";"147851";""
"28341";"3199";"PLU";"COM";"2020-01-28 23:00:00+00:00";"2015-01-11 23:00:00+00:00";"39";"28";"24";"2021";"NON";"NON";"28341";"";"";"";"2021-10-06";"137261";""
"28343";"3399";"PLUi/PLUiS";"CC";"2020-02-19 23:00:00+00:00";"2015-11-05 23:00:00+00:00";"39";"28";"24";"2021";"OUI";"NON";"200069953";"";"";"";"2021-10-06";"142456";""
"28344";"1199";"CC";"COM";"2009-09-20 22:00:00+00:00";"2007-12-16 23:00:00+00:00";"19";"28";"24";"2021";"NON";"NON";"28344";"";"";"";"2021-10-06";"34932";""
"28347";"3199";"PLU";"COM";"2019-12-10 23:00:00+00:00";"2015-04-22 22:00:00+00:00";"39";"28";"24";"2021";"NON";"NON";"28347";"";"";"";"2021-10-06";"138648";""
"28348";"3199";"PLU";"COM";"2018-05-29 22:00:00+00:00";"2007-03-15 23:00:00+00:00";"39";"28";"24";"2021";"NON";"NON";"28348";"";"";"";"2021-10-06";"26683";""
"28349";"3399";"PLUi/PLUiS";"CC";"2020-02-19 23:00:00+00:00";"2015-11-05 23:00:00+00:00";"39";"28";"24";"2021";"OUI";"NON";"200069953";"";"";"";"2021-10-06";"142456";""
"28350";"3232";"PLUi/PLUiS";"CC";"2020-12-13 23:00:00+00:00";"2016-01-24 23:00:00+00:00";"33";"28";"24";"2021";"NON";"OUI";"28350";"";"";"";"2021-10-06";"147851";""
"28351";"3199";"PLU";"COM";"2016-07-10 22:00:00+00:00";"2014-10-08 22:00:00+00:00";"39";"28";"24";"2021";"NON";"NON";"28351";"";"";"";"2021-10-06";"132925";""
"28352";"3399";"PLUi/PLUiS";"CC";"2019-03-13 23:00:00+00:00";"2015-02-18 23:00:00+00:00";"39";"28";"24";"2021";"OUI";"NON";"200069953";"";"";"";"2021-10-06";"137503";""
"28353";"3199";"PLU";"COM";"2014-02-19 23:00:00+00:00";"2009-05-26 22:00:00+00:00";"39";"28";"24";"2021";"NON";"NON";"28353";"";"";"";"2021-10-06";"38519";""
"28355";"3199";"PLU";"COM";"2017-03-30 22:00:00+00:00";"2014-09-04 22:00:00+00:00";"39";"28";"24";"2021";"NON";"NON";"28355";"";"";"";"2021-10-06";"132937";""
"28357";"3499";"PLU";"CC";"2013-12-02 23:00:00+00:00";"2010-09-14 22:00:00+00:00";"39";"28";"24";"2021";"NON";"NON";"200069953";"";"";"";"2021-10-06";"42423";""
"28358";"3199";"PLU";"COM";"2018-12-11 23:00:00+00:00";"2016-10-02 22:00:00+00:00";"39";"28";"24";"2021";"NON";"NON";"28358";"";"";"";"2021-10-06";"154756";""
"28359";"3199";"PLU";"COM";"2018-12-12 23:00:00+00:00";"2016-06-22 22:00:00+00:00";"39";"28";"24";"2021";"NON";"NON";"28359";"";"";"";"2021-10-06";"157247";""
"28360";"3199";"PLU";"COM";"2017-05-21 22:00:00+00:00";"2014-10-05 22:00:00+00:00";"39";"28";"24";"2021";"NON";"NON";"28360";"";"";"";"2021-10-06";"133236";""
"28362";"3433";"PLU";"CC";"2014-03-19 23:00:00+00:00";"2009-10-15 22:00:00+00:00";"33";"28";"24";"2021";"NON";"NON";"200070167";"";"";"";"2021-10-06";"39636";""
"28363";"3432";"PLU";"CC";"2014-10-13 22:00:00+00:00";"2011-10-20 22:00:00+00:00";"33";"28";"24";"2021";"NON";"NON";"200070159";"";"";"";"2021-10-06";"84993";""
"28365";"1199";"CC";"COM";"2008-03-24 23:00:00+00:00";"2006-10-09 22:00:00+00:00";"19";"28";"24";"2021";"NON";"NON";"28365";"";"";"";"2021-10-06";"21625";""
"28367";"3432";"PLU";"CC";"2014-06-19 22:00:00+00:00";"2006-01-18 23:00:00+00:00";"33";"28";"24";"2021";"NON";"NON";"200070159";"";"";"";"2021-10-06";"26093";""
"28368";"3332";"PLUi/PLUiS";"CC";"2008-12-18 23:00:00+00:00";"2004-12-16 23:00:00+00:00";"33";"28";"24";"2021";"OUI";"NON";"200069912";"";"";"";"2021-10-06";"48753";""
"28369";"3199";"PLU";"COM";"2009-04-23 22:00:00+00:00";"2005-10-06 22:00:00+00:00";"39";"28";"24";"2021";"NON";"NON";"28369";"";"";"";"2021-10-06";"33794";""
"28370";"1199";"CC";"COM";"2009-05-24 22:00:00+00:00";"2006-04-05 22:00:00+00:00";"19";"28";"24";"2021";"NON";"NON";"28370";"";"";"";"2021-10-06";"15145";""
"28371";"3199";"PLU";"COM";"2012-06-27 22:00:00+00:00";"2007-11-14 23:00:00+00:00";"39";"28";"24";"2021";"NON";"NON";"28371";"";"";"";"2021-10-06";"32884";""
"28372";"3399";"PLUi/PLUiS";"CC";"2020-02-19 23:00:00+00:00";"2015-11-05 23:00:00+00:00";"39";"28";"24";"2021";"OUI";"NON";"200069953";"";"";"";"2021-10-06";"142456";""
"28373";"3332";"PLUi/PLUiS";"CC";"2008-12-18 23:00:00+00:00";"2004-12-16 23:00:00+00:00";"33";"28";"24";"2021";"OUI";"NON";"200069912";"";"";"";"2021-10-06";"48753";""
"28374";"3199";"PLU";"COM";"2020-11-23 23:00:00+00:00";"2018-03-21 23:00:00+00:00";"39";"28";"24";"2021";"NON";"NON";"28374";"";"";"";"2021-10-06";"173040";""
"28375";"3199";"PLU";"COM";"2017-12-14 23:00:00+00:00";"2015-10-07 22:00:00+00:00";"39";"28";"24";"2021";"NON";"NON";"28375";"";"";"";"2021-10-06";"141839";""
"28377";"3131";"PLU";"COM";"2019-02-27 23:00:00+00:00";"2014-10-30 23:00:00+00:00";"33";"28";"24";"2021";"NON";"NON";"28377";"";"";"";"2021-10-06";"133278";""
"28379";"3499";"PLU";"CC";"2016-02-15 23:00:00+00:00";"2010-06-21 22:00:00+00:00";"39";"28";"24";"2021";"NON";"NON";"200069953";"";"";"";"2021-10-06";"42136";""
"28380";"3199";"PLU";"COM";"2015-05-11 22:00:00+00:00";"2010-01-27 23:00:00+00:00";"39";"28";"24";"2021";"NON";"NON";"28380";"";"";"";"2021-10-06";"45847";""
"28382";"3432";"PLU";"CC";"2010-01-17 23:00:00+00:00";"2006-01-18 23:00:00+00:00";"33";"28";"24";"2021";"NON";"NON";"200070159";"";"";"";"2021-10-06";"36610";""
"28383";"3199";"PLU";"COM";"2012-03-19 23:00:00+00:00";"2006-12-04 23:00:00+00:00";"39";"28";"24";"2021";"NON";"NON";"28383";"";"";"";"2021-10-06";"24351";""
"28385";"3232";"PLUi/PLUiS";"CC";"2020-12-13 23:00:00+00:00";"2016-01-24 23:00:00+00:00";"33";"28";"24";"2021";"NON";"OUI";"28385";"";"";"";"2021-10-06";"147851";""
"28386";"3199";"PLU";"COM";"2020-07-09 22:00:00+00:00";"2014-09-17 22:00:00+00:00";"39";"28";"24";"2021";"NON";"NON";"28386";"";"";"";"2021-10-06";"141602";""
"28387";"3433";"PLU";"CC";"2013-11-07 23:00:00+00:00";"2008-11-06 23:00:00+00:00";"33";"28";"24";"2021";"NON";"NON";"200070167";"";"";"";"2021-10-06";"36400";""
"28388";"3199";"PLU";"COM";"2014-02-26 23:00:00+00:00";"2009-12-07 23:00:00+00:00";"39";"28";"24";"2021";"NON";"NON";"28388";"";"";"";"2021-10-06";"40772";""
"28389";"3432";"PLU";"CC";"2010-09-15 22:00:00+00:00";"2007-02-28 23:00:00+00:00";"33";"28";"24";"2021";"NON";"NON";"200069961";"";"";"";"2021-10-06";"24830";""
"28390";"3432";"PLU";"CC";"2010-03-28 22:00:00+00:00";"2006-01-13 23:00:00+00:00";"33";"28";"24";"2021";"NON";"NON";"200070159";"";"";"";"2021-10-06";"34770";""
"28391";"3432";"PLU";"CC";"2008-04-23 22:00:00+00:00";"1999-10-27 22:00:00+00:00";"33";"28";"24";"2021";"NON";"NON";"200070159";"";"";"";"2021-10-06";"30589";""
"28392";"3432";"PLU";"CC";"2008-12-09 23:00:00+00:00";"2006-12-22 23:00:00+00:00";"33";"28";"24";"2021";"NON";"NON";"200070159";"";"";"";"2021-10-06";"34687";""
"28393";"3199";"PLU";"COM";"2018-04-24 22:00:00+00:00";"2014-07-02 22:00:00+00:00";"39";"28";"24";"2021";"NON";"NON";"28393";"";"";"";"2021-10-06";"131437";""
"28395";"1432";"CC";"CC";"2007-10-14 22:00:00+00:00";"2004-03-09 23:00:00+00:00";"13";"28";"24";"2021";"NON";"NON";"28395";"";"";"";"2021-10-06";"16241";""
"28398";"3432";"PLU";"CC";"2017-06-27 22:00:00+00:00";"2012-04-01 22:00:00+00:00";"33";"28";"24";"2021";"NON";"NON";"200069961";"";"";"";"2021-10-06";"109240";""
"28401";"1433";"CC";"CC";"2004-06-16 22:00:00+00:00";"2002-02-28 23:00:00+00:00";"13";"28";"24";"2021";"NON";"NON";"200070167";"";"";"";"2021-10-06";"46168";""
"28403";"3199";"PLU";"COM";"2015-02-16 23:00:00+00:00";"2010-12-15 23:00:00+00:00";"39";"28";"24";"2021";"NON";"NON";"28403";"";"";"";"2021-10-06";"71345";""
"28404";"3199";"PLU";"COM";"2012-09-25 22:00:00+00:00";"2008-02-05 23:00:00+00:00";"39";"28";"24";"2021";"NON";"NON";"28404";"";"";"";"2021-10-06";"34383";""
"28405";"3199";"PLU";"COM";"2014-01-12 23:00:00+00:00";"2012-02-07 23:00:00+00:00";"39";"28";"24";"2021";"NON";"NON";"28405";"";"";"";"2021-10-06";"104036";""
"28406";"3432";"PLU";"CC";"2011-04-19 22:00:00+00:00";"2006-12-17 23:00:00+00:00";"33";"28";"24";"2021";"NON";"NON";"200070159";"";"";"";"2021-10-06";"24349";""
"28407";"1432";"CC";"CC";"2010-02-28 23:00:00+00:00";"2007-01-14 23:00:00+00:00";"13";"28";"24";"2021";"NON";"NON";"28407";"";"";"";"2021-10-06";"14839";""
"28409";"3232";"PLUi/PLUiS";"CC";"2020-12-13 23:00:00+00:00";"2016-01-24 23:00:00+00:00";"33";"28";"24";"2021";"NON";"OUI";"28409";"";"";"";"2021-10-06";"147851";""
"28410";"1432";"CC";"CC";"2006-02-06 23:00:00+00:00";"2004-06-06 22:00:00+00:00";"13";"28";"24";"2021";"NON";"NON";"200069961";"";"";"";"2021-10-06";"46176";""
"28414";"3232";"PLUi/PLUiS";"CC";"2020-12-13 23:00:00+00:00";"2016-01-24 23:00:00+00:00";"33";"28";"24";"2021";"NON";"OUI";"28414";"";"";"";"2021-10-06";"147851";""
"28415";"3199";"PLU";"COM";"2013-01-17 23:00:00+00:00";"2010-06-24 22:00:00+00:00";"39";"28";"24";"2021";"NON";"NON";"28415";"";"";"";"2021-10-06";"41865";""
"28421";"3199";"PLU";"COM";"2019-07-01 22:00:00+00:00";"2015-09-14 22:00:00+00:00";"39";"28";"24";"2021";"NON";"NON";"28421";"";"";"";"2021-10-06";"141251";""
"28422";"3432";"PLU";"CC";"2010-10-21 22:00:00+00:00";"2006-12-21 23:00:00+00:00";"33";"28";"24";"2021";"NON";"NON";"200070159";"";"";"";"2021-10-06";"24450";""
"28423";"3499";"PLU";"CC";"2014-10-09 22:00:00+00:00";"2010-10-07 22:00:00+00:00";"39";"28";"24";"2021";"NON";"NON";"200069953";"";"";"";"2021-10-06";"45848";""
"28424";"3432";"PLU";"CC";"2005-06-22 22:00:00+00:00";"1999-12-14 23:00:00+00:00";"33";"28";"24";"2021";"NON";"NON";"200069961";"";"";"";"2021-10-06";"46062";""
"28425";"3499";"PLU";"CC";"2020-09-23 22:00:00+00:00";"2019-09-18 22:00:00+00:00";"39";"28";"24";"2021";"NON";"NON";"200069953";"";"";"";"2021-10-06";"175570";""
"28426";"3432";"PLU";"CC";"2012-09-05 22:00:00+00:00";"2008-09-30 22:00:00+00:00";"33";"28";"24";"2021";"NON";"NON";"200070159";"";"";"";"2021-10-06";"36103";""
"29001";"3299";"PLUi/PLUiS";"CC";"2020-02-16 23:00:00+00:00";"2015-12-20 23:00:00+00:00";"39";"29";"53";"2021";"NON";"OUI";"200066868";"";"";"";"2021-10-06";"144119";""
"29002";"3432";"PLU";"CA";"2017-10-18 22:00:00+00:00";"2008-06-04 22:00:00+00:00";"33";"29";"53";"2021";"NON";"NON";"242900694";"";"";"";"2021-10-06";"43225";""
"29003";"3199";"PLU";"COM";"2021-06-28 22:00:00+00:00";"2017-12-27 23:00:00+00:00";"39";"29";"53";"2021";"NON";"NON";"29003";"";"";"";"2021-10-06";"42720";""
"29004";"3432";"PLU";"CA";"2015-09-24 22:00:00+00:00";"2001-10-04 22:00:00+00:00";"33";"29";"53";"2021";"NON";"NON";"242900694";"";"";"";"2021-10-06";"14125";""
"29005";"3432";"PLU";"CA";"2014-03-02 23:00:00+00:00";"2009-06-29 22:00:00+00:00";"33";"29";"53";"2021";"NON";"NON";"242900694";"";"";"";"2021-10-06";"43231";""
"29006";"3199";"PLU";"COM";"2017-03-23 23:00:00+00:00";"2010-12-09 23:00:00+00:00";"39";"29";"53";"2021";"NON";"NON";"29006";"";"";"";"2021-10-06";"38539";""
"29007";"3131";"PLU";"COM";"2005-08-30 22:00:00+00:00";"2001-12-18 23:00:00+00:00";"33";"29";"53";"2021";"NON";"NON";"29007";"";"";"";"2021-10-06";"14126";""
"29008";"3199";"PLU";"COM";"2018-09-23 22:00:00+00:00";"2015-09-23 22:00:00+00:00";"39";"29";"53";"2021";"NON";"NON";"29008";"";"";"";"2021-10-06";"141438";""
"29010";"3199";"PLU";"COM";"2011-10-02 22:00:00+00:00";"2009-02-15 23:00:00+00:00";"39";"29";"53";"2021";"NON";"NON";"29010";"";"";"";"2021-10-06";"38546";""
"29011";"3299";"PLUi/PLUiS";"MET";"2014-01-19 23:00:00+00:00";"2010-10-21 22:00:00+00:00";"39";"29";"53";"2021";"NON";"OUI";"29011";"";"";"";"2021-10-06";"49042";""
"29013";"1199";"CC";"COM";"2013-01-27 23:00:00+00:00";"2008-05-19 22:00:00+00:00";"19";"29";"53";"2021";"NON";"NON";"29013";"";"";"";"2021-10-06";"35309";""
"29014";"3299";"PLUi/PLUiS";"CA";"2020-02-09 23:00:00+00:00";"2015-12-20 23:00:00+00:00";"39";"29";"53";"2021";"NON";"OUI";"242900835";"";"";"";"2021-10-06";"148013";""
"29015";"3299";"PLUi/PLUiS";"CC";"2020-01-29 23:00:00+00:00";"2015-12-16 23:00:00+00:00";"39";"29";"53";"2021";"NON";"OUI";"29015";"";"";"";"2021-10-06";"144873";""
"29016";"1199";"CC";"COM";"2010-12-13 23:00:00+00:00";"2006-12-13 23:00:00+00:00";"19";"29";"53";"2021";"NON";"NON";"29016";"";"";"";"2021-10-06";"24335";""
"29017";"3432";"PLU";"CC";"2006-07-05 22:00:00+00:00";"2002-01-23 23:00:00+00:00";"33";"29";"53";"2021";"NON";"NON";"29017";"";"";"";"2021-10-06";"14133";""
"29018";"3199";"PLU";"COM";"2011-01-12 23:00:00+00:00";"2004-09-09 22:00:00+00:00";"39";"29";"53";"2021";"NON";"NON";"29018";"";"";"";"2021-10-06";"14134";""
"29019";"3299";"PLUi/PLUiS";"MET";"2014-01-19 23:00:00+00:00";"2010-10-21 22:00:00+00:00";"39";"29";"53";"2021";"NON";"OUI";"29019";"";"";"";"2021-10-06";"49042";""
"29020";"3199";"PLU";"COM";"2013-05-15 22:00:00+00:00";"2008-06-04 22:00:00+00:00";"39";"29";"53";"2021";"NON";"NON";"29020";"";"";"";"2021-10-06";"61801";""
"29021";"3432";"PLU";"CC";"2007-04-25 22:00:00+00:00";"2003-03-26 23:00:00+00:00";"33";"29";"53";"2021";"NON";"NON";"29021";"";"";"";"2021-10-06";"1039";""
"29022";"3299";"PLUi/PLUiS";"CC";"2020-02-16 23:00:00+00:00";"2015-12-20 23:00:00+00:00";"39";"29";"53";"2021";"NON";"OUI";"200066868";"";"";"";"2021-10-06";"144119";""
"29023";"3299";"PLUi/PLUiS";"CA";"2020-02-09 23:00:00+00:00";"2015-12-20 23:00:00+00:00";"39";"29";"53";"2021";"NON";"OUI";"242900835";"";"";"";"2021-10-06";"148013";""
"29024";"3199";"PLU";"COM";"2019-10-20 22:00:00+00:00";"2013-12-15 23:00:00+00:00";"39";"29";"53";"2021";"NON";"NON";"29024";"";"";"";"2021-10-06";"127098";""
"29025";"3432";"PLU";"CC";"2017-10-02 22:00:00+00:00";"2008-10-27 23:00:00+00:00";"33";"29";"53";"2021";"NON";"NON";"29025";"";"";"";"2021-10-06";"36303";""
"29026";"3432";"PLU";"CC";"2017-03-29 22:00:00+00:00";"2011-03-23 23:00:00+00:00";"33";"29";"53";"2021";"NON";"NON";"29026";"";"";"";"2021-10-06";"102042";""
"29027";"3131";"PLU";"COM";"2010-05-30 22:00:00+00:00";"2001-11-14 23:00:00+00:00";"33";"29";"53";"2021";"NON";"NON";"29027";"";"";"";"2021-10-06";"14141";""
"29028";"3199";"PLU";"COM";"2008-05-26 22:00:00+00:00";"2002-04-18 22:00:00+00:00";"39";"29";"53";"2021";"NON";"NON";"29028";"";"";"";"2021-10-06";"24240";""
"29029";"3199";"PLU";"COM";"2005-02-13 23:00:00+00:00";"2001-09-13 22:00:00+00:00";"39";"29";"53";"2021";"NON";"NON";"29029";"";"";"";"2021-10-06";"14142";""
"29030";"3432";"PLU";"CC";"2006-07-09 22:00:00+00:00";"2003-02-16 23:00:00+00:00";"33";"29";"53";"2021";"NON";"NON";"200067072";"";"";"";"2021-10-06";"14143";""
"29031";"3432";"PLU";"CA";"2013-12-18 23:00:00+00:00";"2008-06-11 22:00:00+00:00";"33";"29";"53";"2021";"NON";"NON";"242900694";"";"";"";"2021-10-06";"35809";""
"29032";"3199";"PLU";"COM";"2015-11-02 23:00:00+00:00";"2012-05-20 22:00:00+00:00";"39";"29";"53";"2021";"NON";"NON";"29032";"";"";"";"2021-10-06";"38317";""
"29034";"3299";"PLUi/PLUiS";"CA";"2020-02-09 23:00:00+00:00";"2015-12-20 23:00:00+00:00";"39";"29";"53";"2021";"NON";"OUI";"242900835";"";"";"";"2021-10-06";"148013";""
"29035";"3299";"PLUi/PLUiS";"CC";"2020-01-29 23:00:00+00:00";"2015-12-16 23:00:00+00:00";"39";"29";"53";"2021";"NON";"OUI";"29035";"";"";"";"2021-10-06";"144873";""
"29036";"1199";"CC";"COM";"2006-04-23 22:00:00+00:00";"2003-02-17 23:00:00+00:00";"19";"29";"53";"2021";"NON";"NON";"29036";"";"";"";"2021-10-06";"14102";""
"29037";"3199";"PLU";"COM";"2018-03-20 23:00:00+00:00";"2012-01-24 23:00:00+00:00";"39";"29";"53";"2021";"NON";"NON";"29037";"";"";"";"2021-10-06";"102283";""
"29038";"1199";"CC";"COM";"2006-04-09 22:00:00+00:00";"2003-03-23 23:00:00+00:00";"19";"29";"53";"2021";"NON";"NON";"29038";"";"";"";"2021-10-06";"14147";""
"29039";"3131";"PLU";"COM";"2007-10-11 22:00:00+00:00";"2004-04-29 22:00:00+00:00";"33";"29";"53";"2021";"NON";"NON";"29039";"";"";"";"2021-10-06";"21756";""
"29040";"3432";"PLU";"CC";"2013-03-27 23:00:00+00:00";"2011-10-12 22:00:00+00:00";"33";"29";"53";"2021";"NON";"NON";"29040";"";"";"";"2021-10-06";"90490";""
"29041";"3199";"PLU";"COM";"2009-04-14 22:00:00+00:00";"2005-12-14 23:00:00+00:00";"39";"29";"53";"2021";"NON";"NON";"29041";"";"";"";"2021-10-06";"24261";""
"29042";"3299";"PLUi/PLUiS";"CC";"2020-02-16 23:00:00+00:00";"2015-12-20 23:00:00+00:00";"39";"29";"53";"2021";"NON";"OUI";"200066868";"";"";"";"2021-10-06";"144119";""
"29043";"3299";"PLUi/PLUiS";"CC";"2020-02-27 23:00:00+00:00";"2015-12-10 23:00:00+00:00";"39";"29";"53";"2021";"NON";"OUI";"29043";"";"";"";"2021-10-06";"145626";""
"29045";"3299";"PLUi/PLUiS";"CC";"2020-02-27 23:00:00+00:00";"2015-12-10 23:00:00+00:00";"39";"29";"53";"2021";"NON";"OUI";"29045";"";"";"";"2021-10-06";"145626";""
"29046";"3199";"PLU";"COM";"2017-10-25 22:00:00+00:00";"2010-02-25 23:00:00+00:00";"39";"29";"53";"2021";"NON";"NON";"29046";"";"";"";"2021-10-06";"41062";""
"29047";"3299";"PLUi/PLUiS";"CC";"2020-01-29 23:00:00+00:00";"2015-12-16 23:00:00+00:00";"39";"29";"53";"2021";"NON";"OUI";"29047";"";"";"";"2021-10-06";"144873";""
"29048";"3199";"PLU";"COM";"2021-04-25 22:00:00+00:00";"2014-09-16 22:00:00+00:00";"39";"29";"53";"2021";"NON";"NON";"29048";"";"";"";"2021-10-06";"132174";""
"29049";"3199";"PLU";"COM";"2019-07-03 22:00:00+00:00";"2015-01-21 23:00:00+00:00";"39";"29";"53";"2021";"NON";"NON";"29049";"";"";"";"2021-10-06";"136508";""
"29051";"3199";"PLU";"COM";"2014-01-26 23:00:00+00:00";"2012-09-23 22:00:00+00:00";"39";"29";"53";"2021";"NON";"NON";"29051";"";"";"";"2021-10-06";"36890";""
"29053";"3299";"PLUi/PLUiS";"CC";"2020-02-16 23:00:00+00:00";"2015-12-20 23:00:00+00:00";"39";"29";"53";"2021";"NON";"OUI";"200066868";"";"";"";"2021-10-06";"144119";""
"29054";"3199";"PLU";"COM";"2007-09-13 22:00:00+00:00";"2003-05-08 22:00:00+00:00";"39";"29";"53";"2021";"NON";"NON";"29054";"";"";"";"2021-10-06";"15985";""
"29055";"3432";"PLU";"CC";"2015-02-23 23:00:00+00:00";"2012-01-25 23:00:00+00:00";"33";"29";"53";"2021";"NON";"NON";"29055";"";"";"";"2021-10-06";"102502";""
"29056";"3299";"PLUi/PLUiS";"CC";"2020-02-27 23:00:00+00:00";"2015-12-10 23:00:00+00:00";"39";"29";"53";"2021";"NON";"OUI";"29056";"";"";"";"2021-10-06";"145626";""
"29057";"3199";"PLU";"COM";"2019-05-21 22:00:00+00:00";"2015-02-24 23:00:00+00:00";"39";"29";"53";"2021";"NON";"NON";"29057";"";"";"";"2021-10-06";"41626";""
"29059";"3299";"PLUi/PLUiS";"CA";"2020-02-09 23:00:00+00:00";"2015-12-20 23:00:00+00:00";"39";"29";"53";"2021";"NON";"OUI";"242900835";"";"";"";"2021-10-06";"148013";""
"29060";"3199";"PLU";"COM";"2017-12-13 23:00:00+00:00";"2010-12-06 23:00:00+00:00";"39";"29";"53";"2021";"NON";"NON";"29060";"";"";"";"2021-10-06";"44756";""
"29061";"3299";"PLUi/PLUiS";"MET";"2014-01-19 23:00:00+00:00";"2010-10-21 22:00:00+00:00";"39";"29";"53";"2021";"NON";"OUI";"29061";"";"";"";"2021-10-06";"49042";""
"29064";"3432";"PLU";"CC";"2006-06-11 22:00:00+00:00";"2002-12-25 23:00:00+00:00";"33";"29";"53";"2021";"NON";"NON";"29064";"";"";"";"2021-10-06";"14166";""
"29066";"3199";"PLU";"COM";"2017-03-02 23:00:00+00:00";"2012-01-19 23:00:00+00:00";"39";"29";"53";"2021";"NON";"NON";"29066";"";"";"";"2021-10-06";"104803";""
"29067";"3299";"PLUi/PLUiS";"CA";"2020-02-09 23:00:00+00:00";"2015-12-20 23:00:00+00:00";"39";"29";"53";"2021";"NON";"OUI";"242900835";"";"";"";"2021-10-06";"148013";""
"29068";"1131";"CC";"COM";"2008-08-13 22:00:00+00:00";"2007-07-04 22:00:00+00:00";"13";"29";"53";"2021";"NON";"NON";"29068";"";"";"";"2021-10-06";"32521";""
"29069";"3299";"PLUi/PLUiS";"MET";"2014-01-19 23:00:00+00:00";"2010-10-21 22:00:00+00:00";"39";"29";"53";"2021";"NON";"OUI";"29069";"";"";"";"2021-10-06";"49042";""
"29070";"1111";"CC";"COM";"2006-01-25 23:00:00+00:00";"2002-06-23 22:00:00+00:00";"11";"29";"53";"2021";"NON";"NON";"29070";"";"";"";"2021-10-06";"14172";""
"29071";"1432";"CC";"CA";"2004-10-07 22:00:00+00:00";"2002-02-17 23:00:00+00:00";"13";"29";"53";"2021";"NON";"NON";"242900694";"";"";"";"2021-10-06";"14173";""
"29072";"3131";"PLU";"COM";"2004-02-12 23:00:00+00:00";"1998-12-07 23:00:00+00:00";"33";"29";"53";"2021";"NON";"NON";"29072";"";"";"";"2021-10-06";"14174";""
"29073";"3299";"PLUi/PLUiS";"CA";"2020-02-09 23:00:00+00:00";"2015-12-20 23:00:00+00:00";"39";"29";"53";"2021";"NON";"OUI";"242900835";"";"";"";"2021-10-06";"148013";""
"29074";"1111";"CC";"COM";"2007-11-15 23:00:00+00:00";"2002-12-04 23:00:00+00:00";"11";"29";"53";"2021";"NON";"NON";"29074";"";"";"";"2021-10-06";"14104";""
"29075";"3299";"PLUi/PLUiS";"MET";"2014-01-19 23:00:00+00:00";"2010-10-21 22:00:00+00:00";"39";"29";"53";"2021";"NON";"OUI";"29075";"";"";"";"2021-10-06";"49042";""
"29076";"3432";"PLU";"CC";"2018-04-03 22:00:00+00:00";"2013-04-01 22:00:00+00:00";"33";"29";"53";"2021";"NON";"NON";"29076";"";"";"";"2021-10-06";"121088";""
"29077";"3432";"PLU";"CC";"2018-01-23 23:00:00+00:00";"2013-07-03 22:00:00+00:00";"33";"29";"53";"2021";"NON";"NON";"29077";"";"";"";"2021-10-06";"123011";""
"29078";"3299";"PLUi/PLUiS";"CC";"2020-02-27 23:00:00+00:00";"2015-12-10 23:00:00+00:00";"39";"29";"53";"2021";"NON";"OUI";"29078";"";"";"";"2021-10-06";"145626";""
"29079";"3299";"PLUi/PLUiS";"CA";"2020-02-09 23:00:00+00:00";"2015-12-20 23:00:00+00:00";"39";"29";"53";"2021";"NON";"OUI";"242900835";"";"";"";"2021-10-06";"148013";""
"29080";"3299";"PLUi/PLUiS";"CC";"2020-02-27 23:00:00+00:00";"2015-12-10 23:00:00+00:00";"39";"29";"53";"2021";"NON";"OUI";"29080";"";"";"";"2021-10-06";"145626";""
"29081";"3131";"PLU";"COM";"2007-08-29 22:00:00+00:00";"2002-02-03 23:00:00+00:00";"33";"29";"53";"2021";"NON";"NON";"29081";"";"";"";"2021-10-06";"21811";""
"29082";"3432";"PLU";"CC";"2012-10-25 22:00:00+00:00";"2009-01-28 23:00:00+00:00";"33";"29";"53";"2021";"NON";"NON";"200067072";"";"";"";"2021-10-06";"37380";""
"29084";"3432";"PLU";"CC";"2006-07-11 22:00:00+00:00";"2003-10-06 22:00:00+00:00";"33";"29";"53";"2021";"NON";"NON";"29084";"";"";"";"2021-10-06";"14182";""
"29085";"3199";"PLU";"COM";"2018-03-29 22:00:00+00:00";"2011-07-02 22:00:00+00:00";"39";"29";"53";"2021";"NON";"NON";"29085";"";"";"";"2021-10-06";"72034";""
"29086";"3299";"PLUi/PLUiS";"CC";"2020-02-27 23:00:00+00:00";"2015-12-10 23:00:00+00:00";"39";"29";"53";"2021";"NON";"OUI";"29086";"";"";"";"2021-10-06";"145626";""
"29087";"1199";"CC";"COM";"2008-02-17 23:00:00+00:00";"2003-11-17 23:00:00+00:00";"19";"29";"53";"2021";"NON";"NON";"29087";"";"";"";"2021-10-06";"14105";""
"29089";"3131";"PLU";"COM";"2010-03-11 23:00:00+00:00";"2007-11-20 23:00:00+00:00";"33";"29";"53";"2021";"NON";"NON";"29089";"";"";"";"2021-10-06";"33008";""
"29090";"3199";"PLU";"COM";"2015-04-27 22:00:00+00:00";"2009-01-26 23:00:00+00:00";"39";"29";"53";"2021";"NON";"NON";"29090";"";"";"";"2021-10-06";"41297";""
"29091";"3432";"PLU";"CC";"2017-03-21 23:00:00+00:00";"2012-07-02 22:00:00+00:00";"33";"29";"53";"2021";"NON";"NON";"29091";"";"";"";"2021-10-06";"14191";""
"29093";"3432";"PLU";"CC";"2016-12-05 23:00:00+00:00";"2015-02-04 23:00:00+00:00";"33";"29";"53";"2021";"NON";"NON";"29093";"";"";"";"2021-10-06";"137190";""
"29095";"3299";"PLUi/PLUiS";"CC";"2020-01-29 23:00:00+00:00";"2015-12-16 23:00:00+00:00";"39";"29";"53";"2021";"NON";"OUI";"29095";"";"";"";"2021-10-06";"144873";""
"29097";"3131";"PLU";"COM";"2004-10-05 22:00:00+00:00";"2001-10-02 22:00:00+00:00";"33";"29";"53";"2021";"NON";"NON";"29097";"";"";"";"2021-10-06";"14194";""
"29098";"3432";"PLU";"CC";"2014-02-18 23:00:00+00:00";"2010-12-16 23:00:00+00:00";"33";"29";"53";"2021";"NON";"NON";"29098";"";"";"";"2021-10-06";"46714";""
"29099";"3432";"PLU";"CC";"2009-06-28 22:00:00+00:00";"2003-11-11 23:00:00+00:00";"33";"29";"53";"2021";"NON";"NON";"29099";"";"";"";"2021-10-06";"14195";""
"29100";"1432";"CC";"CC";"2007-08-27 22:00:00+00:00";"2006-01-23 23:00:00+00:00";"13";"29";"53";"2021";"NON";"NON";"29100";"";"";"";"2021-10-06";"14197";""
"29101";"3299";"PLUi/PLUiS";"CC";"2020-01-29 23:00:00+00:00";"2015-12-16 23:00:00+00:00";"39";"29";"53";"2021";"NON";"OUI";"29101";"";"";"";"2021-10-06";"144873";""
"29102";"1199";"CC";"COM";"2006-04-11 22:00:00+00:00";"2001-08-30 22:00:00+00:00";"19";"29";"53";"2021";"NON";"NON";"29102";"";"";"";"2021-10-06";"14201";""
"29103";"3299";"PLUi/PLUiS";"CC";"2020-02-27 23:00:00+00:00";"2015-12-10 23:00:00+00:00";"39";"29";"53";"2021";"NON";"OUI";"29103";"";"";"";"2021-10-06";"145626";""
"29104";"3299";"PLUi/PLUiS";"CC";"2020-02-16 23:00:00+00:00";"2015-12-20 23:00:00+00:00";"39";"29";"53";"2021";"NON";"OUI";"200066868";"";"";"";"2021-10-06";"144119";""
"29105";"3199";"PLU";"COM";"2017-03-23 23:00:00+00:00";"2008-12-11 23:00:00+00:00";"39";"29";"53";"2021";"NON";"NON";"29105";"";"";"";"2021-10-06";"37342";""
"29106";"3199";"PLU";"COM";"2017-03-23 23:00:00+00:00";"2012-12-13 23:00:00+00:00";"39";"29";"53";"2021";"NON";"NON";"29106";"";"";"";"2021-10-06";"116097";""
"29107";"1111";"CC";"COM";"2005-01-03 23:00:00+00:00";"2002-02-11 23:00:00+00:00";"11";"29";"53";"2021";"NON";"NON";"29107";"";"";"";"2021-10-06";"14204";""
"29108";"3131";"PLU";"COM";"2005-09-15 22:00:00+00:00";"2001-12-13 23:00:00+00:00";"33";"29";"53";"2021";"NON";"NON";"29108";"";"";"";"2021-10-06";"14205";""
"29109";"3432";"PLU";"CC";"2017-09-26 22:00:00+00:00";"2014-11-17 23:00:00+00:00";"33";"29";"53";"2021";"NON";"NON";"29109";"";"";"";"2021-10-06";"133731";""
"29110";"3199";"PLU";"COM";"2014-10-20 22:00:00+00:00";"2011-11-28 23:00:00+00:00";"39";"29";"53";"2021";"NON";"NON";"29110";"";"";"";"2021-10-06";"30851";""
"29111";"1432";"CC";"CC";"2004-08-05 22:00:00+00:00";"2001-07-09 22:00:00+00:00";"13";"29";"53";"2021";"NON";"NON";"200067072";"";"";"";"2021-10-06";"25780";""
"29112";"3432";"PLU";"CC";"2011-11-02 23:00:00+00:00";"2004-04-26 22:00:00+00:00";"33";"29";"53";"2021";"NON";"NON";"29112";"";"";"";"2021-10-06";"14208";""
"29113";"3299";"PLUi/PLUiS";"CA";"2020-02-09 23:00:00+00:00";"2015-12-20 23:00:00+00:00";"39";"29";"53";"2021";"NON";"OUI";"242900835";"";"";"";"2021-10-06";"148013";""
"29114";"3299";"PLUi/PLUiS";"CA";"2020-02-09 23:00:00+00:00";"2015-12-20 23:00:00+00:00";"39";"29";"53";"2021";"NON";"OUI";"242900835";"";"";"";"2021-10-06";"148013";""
"29116";"3299";"PLUi/PLUiS";"CC";"2020-02-27 23:00:00+00:00";"2015-12-10 23:00:00+00:00";"39";"29";"53";"2021";"NON";"OUI";"29116";"";"";"";"2021-10-06";"145626";""
"29117";"3299";"PLUi/PLUiS";"CC";"2020-01-29 23:00:00+00:00";"2015-12-16 23:00:00+00:00";"39";"29";"53";"2021";"NON";"OUI";"29117";"";"";"";"2021-10-06";"144873";""
"29119";"3432";"PLU";"CC";"2007-11-21 23:00:00+00:00";"2002-12-04 23:00:00+00:00";"33";"29";"53";"2021";"NON";"NON";"29119";"";"";"";"2021-10-06";"25802";""
"29120";"3299";"PLUi/PLUiS";"CC";"2020-02-16 23:00:00+00:00";"2015-12-20 23:00:00+00:00";"39";"29";"53";"2021";"NON";"OUI";"200066868";"";"";"";"2021-10-06";"144119";""
"29124";"3432";"PLU";"CC";"2018-12-18 23:00:00+00:00";"2014-12-16 23:00:00+00:00";"33";"29";"53";"2021";"NON";"NON";"29124";"";"";"";"2021-10-06";"123787";""
"29125";"1199";"CC";"COM";"2005-02-07 23:00:00+00:00";"2001-04-10 22:00:00+00:00";"19";"29";"53";"2021";"NON";"NON";"29125";"";"";"";"2021-10-06";"24279";""
"29126";"3299";"PLUi/PLUiS";"CC";"2020-01-29 23:00:00+00:00";"2015-12-16 23:00:00+00:00";"39";"29";"53";"2021";"NON";"OUI";"29126";"";"";"";"2021-10-06";"144873";""
"29128";"1111";"CC";"COM";"2011-08-01 22:00:00+00:00";"2010-09-12 22:00:00+00:00";"11";"29";"53";"2021";"NON";"NON";"29128";"";"";"";"2021-10-06";"46452";""
"29130";"3432";"PLU";"CC";"2021-03-30 22:00:00+00:00";"2015-11-01 23:00:00+00:00";"33";"29";"53";"2021";"NON";"NON";"29130";"";"";"";"2021-10-06";"142321";""
"29131";"1199";"CC";"COM";"2004-05-12 22:00:00+00:00";"2001-11-15 23:00:00+00:00";"19";"29";"53";"2021";"NON";"NON";"29131";"";"";"";"2021-10-06";"25849";""
"29132";"3299";"PLUi/PLUiS";"CA";"2020-02-09 23:00:00+00:00";"2015-12-20 23:00:00+00:00";"39";"29";"53";"2021";"NON";"OUI";"242900835";"";"";"";"2021-10-06";"148013";""
"29133";"3299";"PLUi/PLUiS";"CA";"2020-02-09 23:00:00+00:00";"2015-12-20 23:00:00+00:00";"39";"29";"53";"2021";"NON";"OUI";"242900835";"";"";"";"2021-10-06";"148013";""
"29134";"3199";"PLU";"COM";"2012-07-16 22:00:00+00:00";"2003-09-03 22:00:00+00:00";"39";"29";"53";"2021";"NON";"NON";"29134";"";"";"";"2021-10-06";"24192";""
"29135";"3131";"PLU";"COM";"2018-06-14 22:00:00+00:00";"2015-03-05 23:00:00+00:00";"33";"29";"53";"2021";"NON";"NON";"29135";"";"";"";"2021-10-06";"137599";""
"29137";"3299";"PLUi/PLUiS";"CC";"2020-02-27 23:00:00+00:00";"2015-12-10 23:00:00+00:00";"39";"29";"53";"2021";"NON";"OUI";"29137";"";"";"";"2021-10-06";"145626";""
"29139";"1111";"CC";"COM";"2006-03-28 22:00:00+00:00";"2004-01-27 23:00:00+00:00";"11";"29";"53";"2021";"NON";"NON";"29139";"";"";"";"2021-10-06";"14109";""
"29140";"3299";"PLUi/PLUiS";"CC";"2020-02-27 23:00:00+00:00";"2015-12-10 23:00:00+00:00";"39";"29";"53";"2021";"NON";"OUI";"29140";"";"";"";"2021-10-06";"145626";""
"29142";"1432";"CC";"CC";"2009-01-11 23:00:00+00:00";"2007-12-13 23:00:00+00:00";"13";"29";"53";"2021";"NON";"NON";"29142";"";"";"";"2021-10-06";"34124";""
"29143";"1199";"CC";"COM";"2019-02-20 23:00:00+00:00";"2012-02-29 23:00:00+00:00";"19";"29";"53";"2021";"NON";"NON";"29143";"";"";"";"2021-10-06";"104294";""
"29144";"3299";"PLUi/PLUiS";"CC";"2020-02-27 23:00:00+00:00";"2015-12-10 23:00:00+00:00";"39";"29";"53";"2021";"NON";"OUI";"29144";"";"";"";"2021-10-06";"145626";""
"29145";"1199";"CC";"COM";"2019-12-25 23:00:00+00:00";"2014-12-17 23:00:00+00:00";"19";"29";"53";"2021";"NON";"NON";"29145";"";"";"";"2021-10-06";"137675";""
"29146";"3199";"PLU";"COM";"2018-03-04 23:00:00+00:00";"2014-05-19 22:00:00+00:00";"39";"29";"53";"2021";"NON";"NON";"29146";"";"";"";"2021-10-06";"14226";""
"29147";"3432";"PLU";"CA";"2018-09-26 22:00:00+00:00";"2013-01-09 23:00:00+00:00";"33";"29";"53";"2021";"NON";"NON";"242900694";"";"";"";"2021-10-06";"118504";""
"29148";"1432";"CC";"CC";"2011-09-26 22:00:00+00:00";"2009-11-22 23:00:00+00:00";"13";"29";"53";"2021";"NON";"NON";"200067072";"";"";"";"2021-10-06";"40413";""
"29150";"3432";"PLU";"CA";"2018-12-19 23:00:00+00:00";"2017-03-21 23:00:00+00:00";"33";"29";"53";"2021";"NON";"NON";"242900694";"";"";"";"2021-10-06";"158563";""
"29151";"3299";"PLUi/PLUiS";"CA";"2020-02-09 23:00:00+00:00";"2015-12-20 23:00:00+00:00";"39";"29";"53";"2021";"NON";"OUI";"242900835";"";"";"";"2021-10-06";"148013";""
"29152";"3199";"PLU";"COM";"2006-01-23 23:00:00+00:00";"2003-02-20 23:00:00+00:00";"39";"29";"53";"2021";"NON";"NON";"29152";"";"";"";"2021-10-06";"14235";""
"29153";"3199";"PLU";"COM";"2017-09-28 22:00:00+00:00";"2012-02-23 23:00:00+00:00";"39";"29";"53";"2021";"NON";"NON";"29153";"";"";"";"2021-10-06";"24316";""
"29156";"3299";"PLUi/PLUiS";"CC";"2020-02-27 23:00:00+00:00";"2015-12-10 23:00:00+00:00";"39";"29";"53";"2021";"NON";"OUI";"29156";"";"";"";"2021-10-06";"145626";""
"29158";"3131";"PLU";"COM";"2015-01-29 23:00:00+00:00";"2013-03-14 23:00:00+00:00";"33";"29";"53";"2021";"NON";"NON";"29158";"";"";"";"2021-10-06";"121172";""
"29159";"1199";"CC";"COM";"2020-10-01 22:00:00+00:00";"2017-10-25 22:00:00+00:00";"19";"29";"53";"2021";"NON";"NON";"29159";"";"";"";"2021-10-06";"158917";""
"29160";"3299";"PLUi/PLUiS";"CC";"2020-01-29 23:00:00+00:00";"2015-12-16 23:00:00+00:00";"39";"29";"53";"2021";"NON";"OUI";"29160";"";"";"";"2021-10-06";"144873";""
"29161";"3199";"PLU";"COM";"2018-10-21 22:00:00+00:00";"2011-07-03 22:00:00+00:00";"39";"29";"53";"2021";"NON";"NON";"29161";"";"";"";"2021-10-06";"77664";""
"29162";"3432";"PLU";"CC";"2019-06-24 22:00:00+00:00";"2015-09-16 22:00:00+00:00";"33";"29";"53";"2021";"NON";"NON";"29162";"";"";"";"2021-10-06";"141259";""
"29163";"3299";"PLUi/PLUiS";"CA";"2020-02-09 23:00:00+00:00";"2015-12-20 23:00:00+00:00";"39";"29";"53";"2021";"NON";"OUI";"242900835";"";"";"";"2021-10-06";"148013";""
"29165";"3131";"PLU";"COM";"2006-07-11 22:00:00+00:00";"1999-09-19 22:00:00+00:00";"33";"29";"53";"2021";"NON";"NON";"29165";"";"";"";"2021-10-06";"19449";""
"29166";"3432";"PLU";"CC";"2018-06-25 22:00:00+00:00";"2009-01-28 23:00:00+00:00";"33";"29";"53";"2021";"NON";"NON";"29166";"";"";"";"2021-10-06";"16366";""
"29167";"3199";"PLU";"COM";"2019-12-10 23:00:00+00:00";"2015-12-14 23:00:00+00:00";"39";"29";"53";"2021";"NON";"NON";"29167";"";"";"";"2021-10-06";"143065";""
"29168";"3199";"PLU";"COM";"2013-02-19 23:00:00+00:00";"2002-03-25 23:00:00+00:00";"39";"29";"53";"2021";"NON";"NON";"29168";"";"";"";"2021-10-06";"14250";""
"29169";"3199";"PLU";"COM";"2017-06-28 22:00:00+00:00";"2011-12-13 23:00:00+00:00";"39";"29";"53";"2021";"NON";"NON";"29169";"";"";"";"2021-10-06";"93154";""
"29170";"3199";"PLU";"COM";"2017-06-28 22:00:00+00:00";"2011-06-23 22:00:00+00:00";"39";"29";"53";"2021";"NON";"NON";"29170";"";"";"";"2021-10-06";"74671";""
"29172";"3432";"PLU";"CC";"2014-03-02 23:00:00+00:00";"2012-11-16 23:00:00+00:00";"33";"29";"53";"2021";"NON";"NON";"29172";"";"";"";"2021-10-06";"24355";""
"29173";"3199";"PLU";"COM";"2012-12-09 23:00:00+00:00";"2008-05-15 22:00:00+00:00";"39";"29";"53";"2021";"NON";"NON";"29173";"";"";"";"2021-10-06";"34882";""
"29174";"3131";"PLU";"COM";"2008-07-08 22:00:00+00:00";"2003-06-23 22:00:00+00:00";"33";"29";"53";"2021";"NON";"NON";"29174";"";"";"";"2021-10-06";"24402";""
"29175";"1199";"CC";"COM";"2010-12-06 23:00:00+00:00";"2001-11-19 23:00:00+00:00";"19";"29";"53";"2021";"NON";"NON";"29175";"";"";"";"2021-10-06";"14112";""
"29176";"3432";"PLU";"CC";"2016-04-10 22:00:00+00:00";"2008-09-28 22:00:00+00:00";"33";"29";"53";"2021";"NON";"NON";"29176";"";"";"";"2021-10-06";"36358";""
"29177";"3432";"PLU";"CC";"2014-10-05 22:00:00+00:00";"2009-07-05 22:00:00+00:00";"33";"29";"53";"2021";"NON";"NON";"29177";"";"";"";"2021-10-06";"39424";""
"29178";"3432";"PLU";"CC";"2012-02-15 23:00:00+00:00";"2006-02-02 23:00:00+00:00";"33";"29";"53";"2021";"NON";"NON";"29178";"";"";"";"2021-10-06";"32910";""
"29179";"3432";"PLU";"CC";"2006-03-02 23:00:00+00:00";"2001-09-13 22:00:00+00:00";"33";"29";"53";"2021";"NON";"NON";"29179";"";"";"";"2021-10-06";"19461";""
"29180";"3299";"PLUi/PLUiS";"CC";"2020-02-27 23:00:00+00:00";"2015-12-10 23:00:00+00:00";"39";"29";"53";"2021";"NON";"OUI";"29180";"";"";"";"2021-10-06";"145626";""
"29181";"3299";"PLUi/PLUiS";"CC";"2020-02-27 23:00:00+00:00";"2015-12-10 23:00:00+00:00";"39";"29";"53";"2021";"NON";"OUI";"29181";"";"";"";"2021-10-06";"145626";""
"29182";"3299";"PLUi/PLUiS";"CA";"2020-02-09 23:00:00+00:00";"2015-12-20 23:00:00+00:00";"39";"29";"53";"2021";"NON";"OUI";"242900835";"";"";"";"2021-10-06";"148013";""
"29183";"3299";"PLUi/PLUiS";"CA";"2020-02-09 23:00:00+00:00";"2015-12-20 23:00:00+00:00";"39";"29";"53";"2021";"NON";"OUI";"242900835";"";"";"";"2021-10-06";"148013";""
"29184";"3432";"PLU";"CC";"2018-04-17 22:00:00+00:00";"2015-02-26 23:00:00+00:00";"33";"29";"53";"2021";"NON";"NON";"200067072";"";"";"";"2021-10-06";"137996";""
"29185";"3432";"PLU";"CC";"2007-05-22 22:00:00+00:00";"2002-03-26 23:00:00+00:00";"33";"29";"53";"2021";"NON";"NON";"200067072";"";"";"";"2021-10-06";"19465";""
"29186";"3299";"PLUi/PLUiS";"CA";"2020-02-09 23:00:00+00:00";"2015-12-20 23:00:00+00:00";"39";"29";"53";"2021";"NON";"OUI";"242900835";"";"";"";"2021-10-06";"148013";""
"29187";"1199";"CC";"COM";"2019-06-26 22:00:00+00:00";"2015-11-01 23:00:00+00:00";"19";"29";"53";"2021";"NON";"NON";"29187";"";"";"";"2021-10-06";"142268";""
"29188";"3299";"PLUi/PLUiS";"CA";"2020-02-09 23:00:00+00:00";"2015-12-20 23:00:00+00:00";"39";"29";"53";"2021";"NON";"OUI";"242900835";"";"";"";"2021-10-06";"148013";""
"29189";"3299";"PLUi/PLUiS";"MET";"2014-01-19 23:00:00+00:00";"2010-10-21 22:00:00+00:00";"39";"29";"53";"2021";"NON";"OUI";"29189";"";"";"";"2021-10-06";"49042";""
"29190";"3432";"PLU";"CC";"2018-02-27 23:00:00+00:00";"2011-12-20 23:00:00+00:00";"33";"29";"53";"2021";"NON";"NON";"29190";"";"";"";"2021-10-06";"37060";""
"29191";"3299";"PLUi/PLUiS";"CA";"2020-02-09 23:00:00+00:00";"2015-12-20 23:00:00+00:00";"39";"29";"53";"2021";"NON";"OUI";"242900835";"";"";"";"2021-10-06";"148013";""
"29192";"3432";"PLU";"CC";"2008-11-11 23:00:00+00:00";"2003-02-19 23:00:00+00:00";"33";"29";"53";"2021";"NON";"NON";"200067072";"";"";"";"2021-10-06";"23778";""
"29193";"1111";"CC";"COM";"2017-12-17 23:00:00+00:00";"2013-11-13 23:00:00+00:00";"11";"29";"53";"2021";"NON";"NON";"29193";"";"";"";"2021-10-06";"152695";""
"29195";"3299";"PLUi/PLUiS";"CC";"2020-01-29 23:00:00+00:00";"2015-12-16 23:00:00+00:00";"39";"29";"53";"2021";"NON";"OUI";"29195";"";"";"";"2021-10-06";"144873";""
"29196";"3299";"PLUi/PLUiS";"CC";"2020-01-29 23:00:00+00:00";"2015-12-16 23:00:00+00:00";"39";"29";"53";"2021";"NON";"OUI";"29196";"";"";"";"2021-10-06";"144873";""
"29197";"3131";"PLU";"COM";"2011-10-19 22:00:00+00:00";"2001-07-10 22:00:00+00:00";"33";"29";"53";"2021";"NON";"NON";"29197";"";"";"";"2021-10-06";"23183";""
"29198";"3432";"PLU";"CC";"2014-07-02 22:00:00+00:00";"2011-04-13 22:00:00+00:00";"33";"29";"53";"2021";"NON";"NON";"29198";"";"";"";"2021-10-06";"47644";""
"29199";"3299";"PLUi/PLUiS";"CA";"2020-02-09 23:00:00+00:00";"2015-12-20 23:00:00+00:00";"39";"29";"53";"2021";"NON";"OUI";"242900835";"";"";"";"2021-10-06";"148013";""
"29201";"3432";"PLU";"CC";"2010-02-08 23:00:00+00:00";"2004-01-29 23:00:00+00:00";"33";"29";"53";"2021";"NON";"NON";"29201";"";"";"";"2021-10-06";"26513";""
"29202";"3299";"PLUi/PLUiS";"CA";"2020-02-09 23:00:00+00:00";"2015-12-20 23:00:00+00:00";"39";"29";"53";"2021";"NON";"OUI";"242900835";"";"";"";"2021-10-06";"148013";""
"29204";"1111";"CC";"COM";"2013-01-03 23:00:00+00:00";"2011-07-06 22:00:00+00:00";"11";"29";"53";"2021";"NON";"NON";"29204";"";"";"";"2021-10-06";"80251";""
"29205";"3131";"PLU";"COM";"2007-07-02 22:00:00+00:00";"2002-03-18 23:00:00+00:00";"33";"29";"53";"2021";"NON";"NON";"29205";"";"";"";"2021-10-06";"22504";""
"29206";"3432";"PLU";"CC";"2012-03-07 23:00:00+00:00";"2005-09-21 22:00:00+00:00";"33";"29";"53";"2021";"NON";"NON";"200067072";"";"";"";"2021-10-06";"14266";""
"29207";"3299";"PLUi/PLUiS";"CA";"2020-02-09 23:00:00+00:00";"2015-12-20 23:00:00+00:00";"39";"29";"53";"2021";"NON";"OUI";"242900835";"";"";"";"2021-10-06";"148013";""
"29208";"1432";"CC";"CC";"2004-07-11 22:00:00+00:00";"2004-01-26 23:00:00+00:00";"13";"29";"53";"2021";"NON";"NON";"29208";"";"";"";"2021-10-06";"39767";""
"29209";"3299";"PLUi/PLUiS";"CC";"2020-01-29 23:00:00+00:00";"2015-12-16 23:00:00+00:00";"39";"29";"53";"2021";"NON";"OUI";"29209";"";"";"";"2021-10-06";"144873";""
"29210";"3199";"PLU";"COM";"2020-01-12 23:00:00+00:00";"2013-09-29 22:00:00+00:00";"39";"29";"53";"2021";"NON";"NON";"29210";"";"";"";"2021-10-06";"127571";""
"29212";"3299";"PLUi/PLUiS";"MET";"2014-01-19 23:00:00+00:00";"2010-10-21 22:00:00+00:00";"39";"29";"53";"2021";"NON";"OUI";"29212";"";"";"";"2021-10-06";"49042";""
"29213";"3131";"PLU";"COM";"2008-06-29 22:00:00+00:00";"2005-10-24 22:00:00+00:00";"33";"29";"53";"2021";"NON";"NON";"29213";"";"";"";"2021-10-06";"16517";""
"29214";"3131";"PLU";"COM";"2008-04-13 22:00:00+00:00";"2003-11-27 23:00:00+00:00";"33";"29";"53";"2021";"NON";"NON";"29214";"";"";"";"2021-10-06";"24420";""
"29215";"3199";"PLU";"COM";"2014-02-02 23:00:00+00:00";"2005-12-11 23:00:00+00:00";"39";"29";"53";"2021";"NON";"NON";"29215";"";"";"";"2021-10-06";"24430";""
"29216";"3199";"PLU";"COM";"2020-02-18 23:00:00+00:00";"2015-12-15 23:00:00+00:00";"39";"29";"53";"2021";"NON";"NON";"29216";"";"";"";"2021-10-06";"145988";""
"29217";"3199";"PLU";"COM";"2019-09-19 22:00:00+00:00";"2014-10-30 23:00:00+00:00";"39";"29";"53";"2021";"NON";"NON";"29217";"";"";"";"2021-10-06";"133277";""
"29218";"3199";"PLU";"COM";"2009-10-22 22:00:00+00:00";"2001-11-26 23:00:00+00:00";"39";"29";"53";"2021";"NON";"NON";"29218";"";"";"";"2021-10-06";"21572";""
"29220";"3199";"PLU";"COM";"2017-10-16 22:00:00+00:00";"2013-02-17 23:00:00+00:00";"39";"29";"53";"2021";"NON";"NON";"29220";"";"";"";"2021-10-06";"32524";""
"29221";"3432";"PLU";"CC";"2010-12-16 23:00:00+00:00";"2006-09-07 22:00:00+00:00";"33";"29";"53";"2021";"NON";"NON";"29221";"";"";"";"2021-10-06";"26772";""
"29224";"3199";"PLU";"COM";"2007-12-19 23:00:00+00:00";"2003-07-15 22:00:00+00:00";"39";"29";"53";"2021";"NON";"NON";"29224";"";"";"";"2021-10-06";"24795";""
"29225";"3131";"PLU";"COM";"2006-10-19 22:00:00+00:00";"2004-11-11 23:00:00+00:00";"33";"29";"53";"2021";"NON";"NON";"29225";"";"";"";"2021-10-06";"14276";""
"29226";"3199";"PLU";"COM";"2018-04-05 22:00:00+00:00";"2011-11-29 23:00:00+00:00";"39";"29";"53";"2021";"NON";"NON";"29226";"";"";"";"2021-10-06";"93158";""
"29227";"3131";"PLU";"COM";"2008-09-21 22:00:00+00:00";"2004-02-24 23:00:00+00:00";"33";"29";"53";"2021";"NON";"NON";"29227";"";"";"";"2021-10-06";"21573";""
"29229";"1111";"CC";"COM";"2012-08-28 22:00:00+00:00";"2011-09-29 22:00:00+00:00";"11";"29";"53";"2021";"NON";"NON";"29229";"";"";"";"2021-10-06";"81705";""
"29230";"1432";"CC";"CA";"2007-03-25 22:00:00+00:00";"2003-11-25 23:00:00+00:00";"13";"29";"53";"2021";"NON";"NON";"242900694";"";"";"";"2021-10-06";"14115";""
"29232";"3199";"PLU";"COM";"2017-03-15 23:00:00+00:00";"2014-09-25 22:00:00+00:00";"39";"29";"53";"2021";"NON";"NON";"29232";"";"";"";"2021-10-06";"45736";""
"29233";"3432";"PLU";"CA";"2015-06-30 22:00:00+00:00";"2012-06-26 22:00:00+00:00";"33";"29";"53";"2021";"NON";"NON";"242900694";"";"";"";"2021-10-06";"29176";""
"29234";"3432";"PLU";"CA";"2017-10-18 22:00:00+00:00";"2011-05-25 22:00:00+00:00";"33";"29";"53";"2021";"NON";"NON";"242900694";"";"";"";"2021-10-06";"71234";""
"29235";"3299";"PLUi/PLUiS";"MET";"2014-01-19 23:00:00+00:00";"2010-10-21 22:00:00+00:00";"39";"29";"53";"2021";"NON";"OUI";"29235";"";"";"";"2021-10-06";"49042";""
"29236";"3432";"PLU";"CA";"2013-12-16 23:00:00+00:00";"2008-02-20 23:00:00+00:00";"33";"29";"53";"2021";"NON";"NON";"242900694";"";"";"";"2021-10-06";"43247";""
"29237";"3299";"PLUi/PLUiS";"CC";"2020-02-27 23:00:00+00:00";"2015-12-10 23:00:00+00:00";"39";"29";"53";"2021";"NON";"OUI";"29237";"";"";"";"2021-10-06";"145626";""
"29238";"3299";"PLUi/PLUiS";"CC";"2020-02-16 23:00:00+00:00";"2015-12-20 23:00:00+00:00";"39";"29";"53";"2021";"NON";"OUI";"200066868";"";"";"";"2021-10-06";"144119";""
"29239";"3432";"PLU";"CC";"2010-04-18 22:00:00+00:00";"2009-03-01 23:00:00+00:00";"33";"29";"53";"2021";"NON";"NON";"200067072";"";"";"";"2021-10-06";"39604";""
"29240";"3299";"PLUi/PLUiS";"CC";"2020-02-16 23:00:00+00:00";"2015-12-20 23:00:00+00:00";"39";"29";"53";"2021";"NON";"OUI";"200066868";"";"";"";"2021-10-06";"144119";""
"29243";"1432";"CC";"CC";"2003-03-27 23:00:00+00:00";"2001-12-13 23:00:00+00:00";"13";"29";"53";"2021";"NON";"NON";"29243";"";"";"";"2021-10-06";"24871";""
"29244";"1199";"CC";"COM";"2007-03-11 23:00:00+00:00";"2007-01-18 23:00:00+00:00";"19";"29";"53";"2021";"NON";"NON";"29244";"";"";"";"2021-10-06";"26711";""
"29245";"3299";"PLUi/PLUiS";"CC";"2020-02-27 23:00:00+00:00";"2015-12-10 23:00:00+00:00";"39";"29";"53";"2021";"NON";"OUI";"29245";"";"";"";"2021-10-06";"145626";""
"29246";"3299";"PLUi/PLUiS";"CC";"2020-02-27 23:00:00+00:00";"2015-12-10 23:00:00+00:00";"39";"29";"53";"2021";"NON";"OUI";"29246";"";"";"";"2021-10-06";"145626";""
"29250";"3199";"PLU";"COM";"2008-11-27 23:00:00+00:00";"2005-05-19 22:00:00+00:00";"39";"29";"53";"2021";"NON";"NON";"29250";"";"";"";"2021-10-06";"24881";""
"29251";"3299";"PLUi/PLUiS";"CA";"2020-02-09 23:00:00+00:00";"2015-12-20 23:00:00+00:00";"39";"29";"53";"2021";"NON";"OUI";"242900835";"";"";"";"2021-10-06";"148013";""
"29252";"3199";"PLU";"COM";"2014-03-19 23:00:00+00:00";"2012-06-28 22:00:00+00:00";"39";"29";"53";"2021";"NON";"NON";"29252";"";"";"";"2021-10-06";"110602";""
"29254";"3299";"PLUi/PLUiS";"CA";"2020-02-09 23:00:00+00:00";"2015-12-20 23:00:00+00:00";"39";"29";"53";"2021";"NON";"OUI";"242900835";"";"";"";"2021-10-06";"148013";""
"29255";"3432";"PLU";"CC";"2015-03-11 23:00:00+00:00";"2009-09-29 22:00:00+00:00";"33";"29";"53";"2021";"NON";"NON";"29255";"";"";"";"2021-10-06";"40464";""
"29256";"3432";"PLU";"CC";"2017-12-19 23:00:00+00:00";"2006-06-13 22:00:00+00:00";"33";"29";"53";"2021";"NON";"NON";"29256";"";"";"";"2021-10-06";"19471";""
"29257";"3299";"PLUi/PLUiS";"CC";"2020-01-29 23:00:00+00:00";"2015-12-16 23:00:00+00:00";"39";"29";"53";"2021";"NON";"OUI";"29257";"";"";"";"2021-10-06";"144873";""
"29259";"3432";"PLU";"CC";"2015-04-28 22:00:00+00:00";"2012-07-02 22:00:00+00:00";"33";"29";"53";"2021";"NON";"NON";"200067072";"";"";"";"2021-10-06";"15303";""
"29260";"3432";"PLU";"CC";"2017-02-26 23:00:00+00:00";"2014-09-14 22:00:00+00:00";"33";"29";"53";"2021";"NON";"NON";"29260";"";"";"";"2021-10-06";"133265";""
"29261";"1199";"CC";"COM";"2008-07-07 22:00:00+00:00";"2006-02-09 23:00:00+00:00";"19";"29";"53";"2021";"NON";"NON";"29261";"";"";"";"2021-10-06";"24900";""
"29262";"1199";"CC";"COM";"2005-04-19 22:00:00+00:00";"2003-12-01 23:00:00+00:00";"19";"29";"53";"2021";"NON";"NON";"29262";"";"";"";"2021-10-06";"26810";""
"29263";"1414";"CC";"CC";"2008-11-27 23:00:00+00:00";"2005-06-02 22:00:00+00:00";"11";"29";"53";"2021";"NON";"NON";"29263";"";"";"";"2021-10-06";"14301";""
"29264";"1111";"CC";"COM";"2004-05-13 22:00:00+00:00";"2001-12-19 23:00:00+00:00";"11";"29";"53";"2021";"NON";"NON";"29264";"";"";"";"2021-10-06";"26817";""
"29265";"3299";"PLUi/PLUiS";"CA";"2020-02-09 23:00:00+00:00";"2015-12-20 23:00:00+00:00";"39";"29";"53";"2021";"NON";"OUI";"242900835";"";"";"";"2021-10-06";"148013";""
"29266";"3299";"PLUi/PLUiS";"CA";"2020-02-09 23:00:00+00:00";"2015-12-20 23:00:00+00:00";"39";"29";"53";"2021";"NON";"OUI";"242900835";"";"";"";"2021-10-06";"148013";""
"29268";"3299";"PLUi/PLUiS";"CC";"2020-02-27 23:00:00+00:00";"2015-12-10 23:00:00+00:00";"39";"29";"53";"2021";"NON";"OUI";"29268";"";"";"";"2021-10-06";"145626";""
"29269";"1432";"CC";"CA";"2019-04-22 22:00:00+00:00";"2004-08-26 22:00:00+00:00";"13";"29";"53";"2021";"NON";"NON";"242900694";"";"";"";"2021-10-06";"14118";""
"29270";"3299";"PLUi/PLUiS";"CC";"2020-02-27 23:00:00+00:00";"2015-12-10 23:00:00+00:00";"39";"29";"53";"2021";"NON";"OUI";"29270";"";"";"";"2021-10-06";"145626";""
"29271";"1199";"CC";"COM";"2016-02-07 23:00:00+00:00";"2012-03-29 22:00:00+00:00";"19";"29";"53";"2021";"NON";"NON";"29271";"";"";"";"2021-10-06";"105755";""
"29272";"3199";"PLU";"COM";"2018-02-22 23:00:00+00:00";"2013-11-28 23:00:00+00:00";"39";"29";"53";"2021";"NON";"NON";"29272";"";"";"";"2021-10-06";"126209";""
"29273";"3432";"PLU";"CC";"2008-05-04 22:00:00+00:00";"2003-02-17 23:00:00+00:00";"33";"29";"53";"2021";"NON";"NON";"200067072";"";"";"";"2021-10-06";"23761";""
"29274";"3432";"PLU";"CA";"2020-02-05 23:00:00+00:00";"2015-09-28 22:00:00+00:00";"33";"29";"53";"2021";"NON";"NON";"242900694";"";"";"";"2021-10-06";"146715";""
"29276";"3432";"PLU";"CC";"2014-06-19 22:00:00+00:00";"2012-07-04 22:00:00+00:00";"33";"29";"53";"2021";"NON";"NON";"200067072";"";"";"";"2021-10-06";"36030";""
"29277";"3199";"PLU";"COM";"2011-03-15 23:00:00+00:00";"2008-05-26 22:00:00+00:00";"39";"29";"53";"2021";"NON";"NON";"29277";"";"";"";"2021-10-06";"38464";""
"29278";"3199";"PLU";"COM";"2006-01-04 23:00:00+00:00";"2001-08-22 22:00:00+00:00";"39";"29";"53";"2021";"NON";"NON";"29278";"";"";"";"2021-10-06";"24917";""
"29279";"3299";"PLUi/PLUiS";"CA";"2020-02-09 23:00:00+00:00";"2015-12-20 23:00:00+00:00";"39";"29";"53";"2021";"NON";"OUI";"242900835";"";"";"";"2021-10-06";"148013";""
"29280";"3299";"PLUi/PLUiS";"CC";"2020-02-16 23:00:00+00:00";"2015-12-20 23:00:00+00:00";"39";"29";"53";"2021";"NON";"OUI";"200066868";"";"";"";"2021-10-06";"144119";""
"29281";"1111";"CC";"COM";"2005-07-20 22:00:00+00:00";"2003-05-18 22:00:00+00:00";"11";"29";"53";"2021";"NON";"NON";"29281";"";"";"";"2021-10-06";"24877";""
"29284";"3199";"PLU";"COM";"2019-12-19 23:00:00+00:00";"2015-07-09 22:00:00+00:00";"39";"29";"53";"2021";"NON";"NON";"29284";"";"";"";"2021-10-06";"140686";""
"29285";"1432";"CC";"CC";"2004-06-20 22:00:00+00:00";"2003-05-13 22:00:00+00:00";"13";"29";"53";"2021";"NON";"NON";"200067072";"";"";"";"2021-10-06";"26890";""
"29286";"3299";"PLUi/PLUiS";"CC";"2020-02-27 23:00:00+00:00";"2015-12-10 23:00:00+00:00";"39";"29";"53";"2021";"NON";"OUI";"29286";"";"";"";"2021-10-06";"145626";""
"29287";"3432";"PLU";"CC";"2007-04-25 22:00:00+00:00";"2003-10-23 22:00:00+00:00";"33";"29";"53";"2021";"NON";"NON";"200067072";"";"";"";"2021-10-06";"14318";""
"29288";"3432";"PLU";"CC";"2013-09-18 22:00:00+00:00";"2009-05-13 22:00:00+00:00";"33";"29";"53";"2021";"NON";"NON";"29288";"";"";"";"2021-10-06";"38460";""
"29290";"3299";"PLUi/PLUiS";"CC";"2020-01-29 23:00:00+00:00";"2015-12-16 23:00:00+00:00";"39";"29";"53";"2021";"NON";"OUI";"29290";"";"";"";"2021-10-06";"144873";""
"29291";"1199";"CC";"COM";"2010-06-24 22:00:00+00:00";"2006-12-17 23:00:00+00:00";"19";"29";"53";"2021";"NON";"NON";"29291";"";"";"";"2021-10-06";"24747";""
"29292";"3199";"PLU";"COM";"2013-11-03 23:00:00+00:00";"1998-07-29 22:00:00+00:00";"39";"29";"53";"2021";"NON";"NON";"29292";"";"";"";"2021-10-06";"24463";""
"29293";"3199";"PLU";"COM";"2017-04-24 22:00:00+00:00";"2010-09-16 22:00:00+00:00";"39";"29";"53";"2021";"NON";"NON";"29293";"";"";"";"2021-10-06";"102287";""
"29294";"3299";"PLUi/PLUiS";"CC";"2020-02-27 23:00:00+00:00";"2015-12-10 23:00:00+00:00";"39";"29";"53";"2021";"NON";"OUI";"29294";"";"";"";"2021-10-06";"145626";""
"29295";"3299";"PLUi/PLUiS";"CC";"2020-02-27 23:00:00+00:00";"2015-12-10 23:00:00+00:00";"39";"29";"53";"2021";"NON";"OUI";"29295";"";"";"";"2021-10-06";"145626";""
"29296";"3199";"PLU";"COM";"2004-10-06 22:00:00+00:00";"2001-10-03 22:00:00+00:00";"39";"29";"53";"2021";"NON";"NON";"29296";"";"";"";"2021-10-06";"24464";""
"29297";"3432";"PLU";"CA";"2004-11-15 23:00:00+00:00";"1999-03-28 22:00:00+00:00";"33";"29";"53";"2021";"NON";"NON";"242900694";"";"";"";"2021-10-06";"14320";""
"29298";"3199";"PLU";"COM";"2010-01-28 23:00:00+00:00";"2003-06-19 22:00:00+00:00";"39";"29";"53";"2021";"NON";"NON";"29298";"";"";"";"2021-10-06";"23182";""
"29299";"1432";"CC";"CC";"2005-10-02 22:00:00+00:00";"2003-06-23 22:00:00+00:00";"13";"29";"53";"2021";"NON";"NON";"29299";"";"";"";"2021-10-06";"26965";""
"29300";"1432";"CC";"CA";"2010-07-04 22:00:00+00:00";"2003-01-21 23:00:00+00:00";"13";"29";"53";"2021";"NON";"NON";"242900694";"";"";"";"2021-10-06";"14121";""
"29301";"1111";"CC";"COM";"2009-02-19 23:00:00+00:00";"2008-06-26 22:00:00+00:00";"11";"29";"53";"2021";"NON";"NON";"29301";"";"";"";"2021-10-06";"36027";""
"29302";"3299";"PLUi/PLUiS";"CC";"2020-02-16 23:00:00+00:00";"2015-12-20 23:00:00+00:00";"39";"29";"53";"2021";"NON";"OUI";"200066868";"";"";"";"2021-10-06";"144119";""
"2A004";"3199";"PLU";"COM";"2019-11-24 23:00:00+00:00";"2015-10-25 23:00:00+00:00";"39";"2A";"94";"2021";"NON";"NON";"2A004";"";"";"";"2021-10-06";"138104";""
"2A006";"3131";"PLU";"COM";"2013-03-18 23:00:00+00:00";"2011-06-21 22:00:00+00:00";"33";"2A";"94";"2021";"NON";"NON";"2A006";"";"";"";"2021-10-06";"102470";""
"2A018";"1199";"CC";"COM";"2021-03-30 22:00:00+00:00";"2018-03-23 23:00:00+00:00";"19";"2A";"94";"2021";"NON";"NON";"2A018";"";"";"";"2021-10-06";"167799";""
"2A031";"1199";"CC";"COM";"2016-02-14 23:00:00+00:00";"2012-06-14 22:00:00+00:00";"19";"2A";"94";"2021";"NON";"NON";"2A031";"";"";"";"2021-10-06";"119039";""
"2A032";"3131";"PLU";"COM";"2007-05-28 22:00:00+00:00";"2002-05-28 22:00:00+00:00";"33";"2A";"94";"2021";"NON";"NON";"2A032";"";"";"";"2021-10-06";"60112";""
"2A040";"1199";"CC";"COM";"2016-04-12 22:00:00+00:00";"2011-05-23 22:00:00+00:00";"19";"2A";"94";"2021";"NON";"NON";"2A040";"";"";"";"2021-10-06";"98072";""
"2A041";"3131";"PLU";"COM";"2006-07-12 22:00:00+00:00";"2002-01-23 23:00:00+00:00";"33";"2A";"94";"2021";"NON";"NON";"2A041";"";"";"";"2021-10-06";"58221";""
"2A062";"3199";"PLU";"COM";"2021-04-13 22:00:00+00:00";"2012-10-30 23:00:00+00:00";"39";"2A";"94";"2021";"NON";"NON";"2A062";"";"";"";"2021-10-06";"118346";""
"2A070";"3199";"PLU";"COM";"2019-03-08 23:00:00+00:00";"2014-07-24 22:00:00+00:00";"39";"2A";"94";"2021";"NON";"NON";"2A070";"";"";"";"2021-10-06";"112727";""
"2A071";"1199";"CC";"COM";"2019-10-06 22:00:00+00:00";"2017-10-21 22:00:00+00:00";"19";"2A";"94";"2021";"NON";"NON";"2A071";"";"";"";"2021-10-06";"167808";""
"2A090";"3131";"PLU";"COM";"2013-06-26 22:00:00+00:00";"2001-10-07 22:00:00+00:00";"33";"2A";"94";"2021";"NON";"NON";"2A090";"";"";"";"2021-10-06";"49396";""
"2A092";"1199";"CC";"COM";"2007-10-01 22:00:00+00:00";"2001-12-03 23:00:00+00:00";"19";"2A";"94";"2021";"NON";"NON";"2A092";"";"";"";"2021-10-06";"15007";""
"2A100";"1199";"CC";"COM";"2019-12-03 23:00:00+00:00";"2016-03-20 23:00:00+00:00";"19";"2A";"94";"2021";"NON";"NON";"2A100";"";"";"";"2021-10-06";"150478";""
"2A103";"3131";"PLU";"COM";"2006-07-10 22:00:00+00:00";"2003-03-30 22:00:00+00:00";"33";"2A";"94";"2021";"NON";"NON";"2A103";"";"";"";"2021-10-06";"51959";""
"2A104";"1131";"CC";"COM";"2008-02-19 23:00:00+00:00";"2002-06-25 22:00:00+00:00";"13";"2A";"94";"2021";"NON";"NON";"2A104";"";"";"";"2021-10-06";"69162";""
"2A108";"1199";"CC";"COM";"2013-11-06 23:00:00+00:00";"2001-09-02 22:00:00+00:00";"19";"2A";"94";"2021";"NON";"NON";"2A108";"";"";"";"2021-10-06";"15010";""
"2A114";"1131";"CC";"COM";"2007-03-08 23:00:00+00:00";"2003-11-04 23:00:00+00:00";"13";"2A";"94";"2021";"NON";"NON";"2A114";"";"";"";"2021-10-06";"69172";""
"2A115";"1111";"CC";"COM";"2011-06-05 22:00:00+00:00";"2002-12-07 23:00:00+00:00";"11";"2A";"94";"2021";"NON";"NON";"2A115";"";"";"";"2021-10-06";"15013";""
"2A117";"1199";"CC";"COM";"2019-07-03 22:00:00+00:00";"2012-01-20 23:00:00+00:00";"19";"2A";"94";"2021";"NON";"NON";"2A117";"";"";"";"2021-10-06";"102762";""
"2A118";"1199";"CC";"COM";"2021-01-12 23:00:00+00:00";"2018-03-09 23:00:00+00:00";"19";"2A";"94";"2021";"NON";"NON";"2A118";"";"";"";"2021-10-06";"167807";""
"2A127";"1199";"CC";"COM";"2020-01-30 23:00:00+00:00";"2013-06-21 22:00:00+00:00";"19";"2A";"94";"2021";"NON";"NON";"2A127";"";"";"";"2021-10-06";"123546";""
"2A129";"1111";"CC";"COM";"2013-01-30 23:00:00+00:00";"2008-05-08 22:00:00+00:00";"11";"2A";"94";"2021";"NON";"NON";"2A129";"";"";"";"2021-10-06";"66644";""
"2A139";"3131";"PLU";"COM";"2007-09-27 22:00:00+00:00";"2003-06-22 22:00:00+00:00";"33";"2A";"94";"2021";"NON";"NON";"2A139";"";"";"";"2021-10-06";"58223";""
"2A142";"3199";"PLU";"COM";"2012-01-29 23:00:00+00:00";"2002-03-08 23:00:00+00:00";"39";"2A";"94";"2021";"NON";"NON";"2A142";"";"";"";"2021-10-06";"61812";""
"2A163";"1131";"CC";"COM";"2008-01-09 23:00:00+00:00";"2003-09-11 22:00:00+00:00";"13";"2A";"94";"2021";"NON";"NON";"2A163";"";"";"";"2021-10-06";"67912";""
"2A181";"3199";"PLU";"COM";"2016-04-07 22:00:00+00:00";"2012-09-23 22:00:00+00:00";"39";"2A";"94";"2021";"NON";"NON";"2A181";"";"";"";"2021-10-06";"112726";""
"2A186";"1199";"CC";"COM";"2017-08-20 22:00:00+00:00";"2010-12-05 23:00:00+00:00";"19";"2A";"94";"2021";"NON";"NON";"2A186";"";"";"";"2021-10-06";"66839";""
"2A191";"1111";"CC";"COM";"2008-01-16 23:00:00+00:00";"2001-11-02 23:00:00+00:00";"11";"2A";"94";"2021";"NON";"NON";"2A191";"";"";"";"2021-10-06";"67913";""
"2A198";"3131";"PLU";"COM";"2010-08-30 22:00:00+00:00";"1998-06-26 22:00:00+00:00";"33";"2A";"94";"2021";"NON";"NON";"2A198";"";"";"";"2021-10-06";"56680";""
"2A203";"3199";"PLU";"COM";"2019-12-05 23:00:00+00:00";"2014-09-20 22:00:00+00:00";"39";"2A";"94";"2021";"NON";"NON";"2A203";"";"";"";"2021-10-06";"132483";""
"2A211";"1199";"CC";"COM";"2021-09-02 22:00:00+00:00";"2017-12-15 23:00:00+00:00";"19";"2A";"94";"2021";"NON";"NON";"2A211";"";"";"";"2021-10-06";"161135";""
"2A215";"1131";"CC";"COM";"2008-07-01 22:00:00+00:00";"2003-11-13 23:00:00+00:00";"13";"2A";"94";"2021";"NON";"NON";"2A215";"";"";"";"2021-10-06";"69163";""
"2A228";"3131";"PLU";"COM";"2007-11-13 23:00:00+00:00";"2000-03-08 23:00:00+00:00";"33";"2A";"94";"2021";"NON";"NON";"2A228";"";"";"";"2021-10-06";"57197";""
"2A249";"3199";"PLU";"COM";"2006-10-22 22:00:00+00:00";"2006-10-22 22:00:00+00:00";"39";"2A";"94";"2021";"NON";"NON";"2A249";"";"";"";"2021-10-06";"60111";""
"2A253";"1199";"CC";"COM";"2020-01-27 23:00:00+00:00";"2015-07-09 22:00:00+00:00";"19";"2A";"94";"2021";"NON";"NON";"2A253";"";"";"";"2021-10-06";"140220";""
"2A254";"1111";"CC";"COM";"2007-07-03 22:00:00+00:00";"2001-06-29 22:00:00+00:00";"11";"2A";"94";"2021";"NON";"NON";"2A254";"";"";"";"2021-10-06";"67914";""
"2A268";"1199";"CC";"COM";"2019-06-27 22:00:00+00:00";"2016-04-18 22:00:00+00:00";"19";"2A";"94";"2021";"NON";"NON";"2A268";"";"";"";"2021-10-06";"149097";""
"2A269";"3131";"PLU";"COM";"2006-10-29 23:00:00+00:00";"2005-05-24 22:00:00+00:00";"33";"2A";"94";"2021";"NON";"NON";"2A269";"";"";"";"2021-10-06";"51969";""
"2A270";"1199";"CC";"COM";"2018-11-20 23:00:00+00:00";"2014-10-17 22:00:00+00:00";"19";"2A";"94";"2021";"NON";"NON";"2A270";"";"";"";"2021-10-06";"138543";""
"2A271";"1131";"CC";"COM";"2005-03-09 23:00:00+00:00";"2002-11-21 23:00:00+00:00";"13";"2A";"94";"2021";"NON";"NON";"2A271";"";"";"";"2021-10-06";"64905";""
"2A279";"3199";"PLU";"COM";"2016-10-09 22:00:00+00:00";"2010-03-12 23:00:00+00:00";"39";"2A";"94";"2021";"NON";"NON";"2A279";"";"";"";"2021-10-06";"118452";""
"2A284";"1111";"CC";"COM";"2009-06-17 22:00:00+00:00";"2007-09-28 22:00:00+00:00";"11";"2A";"94";"2021";"NON";"NON";"2A284";"";"";"";"2021-10-06";"65682";""
"2A288";"3131";"PLU";"COM";"2008-03-06 23:00:00+00:00";"2002-04-03 22:00:00+00:00";"33";"2A";"94";"2021";"NON";"NON";"2A288";"";"";"";"2021-10-06";"58229";""
"2A295";"1199";"CC";"COM";"2016-05-09 22:00:00+00:00";"2012-04-14 22:00:00+00:00";"19";"2A";"94";"2021";"NON";"NON";"2A295";"";"";"";"2021-10-06";"129566";""
"2A300";"3199";"PLU";"COM";"2013-04-06 22:00:00+00:00";"2007-03-11 23:00:00+00:00";"39";"2A";"94";"2021";"NON";"NON";"2A300";"";"";"";"2021-10-06";"118462";""
"2A312";"1111";"CC";"COM";"2016-05-09 22:00:00+00:00";"2006-10-16 22:00:00+00:00";"11";"2A";"94";"2021";"NON";"NON";"2A312";"";"";"";"2021-10-06";"70913";""
"2A323";"1131";"CC";"COM";"2009-07-29 22:00:00+00:00";"2008-12-14 23:00:00+00:00";"13";"2A";"94";"2021";"NON";"NON";"2A323";"";"";"";"2021-10-06";"105970";""
"2A326";"3131";"PLU";"COM";"2009-08-06 22:00:00+00:00";"2002-10-17 22:00:00+00:00";"33";"2A";"94";"2021";"NON";"NON";"2A326";"";"";"";"2021-10-06";"51968";""
"2A336";"1131";"CC";"COM";"2005-08-24 22:00:00+00:00";"2002-11-10 23:00:00+00:00";"13";"2A";"94";"2021";"NON";"NON";"2A336";"";"";"";"2021-10-06";"67916";""
"2A345";"1131";"CC";"COM";"2009-04-13 22:00:00+00:00";"2007-06-30 22:00:00+00:00";"13";"2A";"94";"2021";"NON";"NON";"2A345";"";"";"";"2021-10-06";"69177";""
"2A349";"1199";"CC";"COM";"2021-09-02 22:00:00+00:00";"2015-01-20 23:00:00+00:00";"19";"2A";"94";"2021";"NON";"NON";"2A349";"";"";"";"2021-10-06";"167826";""
"2A351";"3131";"PLU";"COM";"2006-12-25 23:00:00+00:00";"2001-06-28 22:00:00+00:00";"33";"2A";"94";"2021";"NON";"NON";"2A351";"";"";"";"2021-10-06";"51970";""
"2A362";"1131";"CC";"COM";"2004-01-06 23:00:00+00:00";"2001-06-28 22:00:00+00:00";"13";"2A";"94";"2021";"NON";"NON";"2A362";"";"";"";"2021-10-06";"70374";""
"2B002";"3131";"PLU";"COM";"2013-06-14 22:00:00+00:00";"2009-08-20 22:00:00+00:00";"33";"2B";"94";"2021";"NON";"NON";"2B002";"";"";"";"2021-10-06";"50215";""
"2B009";"3131";"PLU";"COM";"2009-03-12 23:00:00+00:00";"2002-03-28 23:00:00+00:00";"33";"2B";"94";"2021";"NON";"NON";"2B009";"";"";"";"2021-10-06";"51964";""
"2B025";"1199";"CC";"COM";"2014-06-05 22:00:00+00:00";"2003-11-03 23:00:00+00:00";"19";"2B";"94";"2021";"NON";"NON";"2B025";"";"";"";"2021-10-06";"67365";""
"2B029";"1111";"CC";"COM";"2012-02-27 23:00:00+00:00";"2008-10-12 22:00:00+00:00";"11";"2B";"94";"2021";"NON";"NON";"2B029";"";"";"";"2021-10-06";"65684";""
"2B030";"3199";"PLU";"COM";"2020-07-29 22:00:00+00:00";"2015-06-17 22:00:00+00:00";"39";"2B";"94";"2021";"NON";"NON";"2B030";"";"";"";"2021-10-06";"146228";""
"2B033";"3131";"PLU";"COM";"2009-12-17 23:00:00+00:00";"2003-03-30 22:00:00+00:00";"33";"2B";"94";"2021";"NON";"NON";"2B033";"";"";"";"2021-10-06";"51965";""
"2B034";"3131";"PLU";"COM";"2013-10-06 22:00:00+00:00";"2003-09-25 22:00:00+00:00";"33";"2B";"94";"2021";"NON";"NON";"2B034";"";"";"";"2021-10-06";"61817";""
"2B039";"1111";"CC";"COM";"2007-01-18 23:00:00+00:00";"2004-06-24 22:00:00+00:00";"11";"2B";"94";"2021";"NON";"NON";"2B039";"";"";"";"2021-10-06";"67917";""
"2B043";"3131";"PLU";"COM";"2011-02-08 23:00:00+00:00";"2004-01-27 23:00:00+00:00";"33";"2B";"94";"2021";"NON";"NON";"2B043";"";"";"";"2021-10-06";"61820";""
"2B047";"1111";"CC";"COM";"2011-04-20 22:00:00+00:00";"2002-11-07 23:00:00+00:00";"11";"2B";"94";"2021";"NON";"NON";"2B047";"";"";"";"2021-10-06";"67366";""
"2B049";"3131";"PLU";"COM";"2015-09-06 22:00:00+00:00";"2014-06-15 22:00:00+00:00";"33";"2B";"94";"2021";"NON";"NON";"2B049";"";"";"";"2021-10-06";"141687";""
"2B050";"3199";"PLU";"COM";"2021-03-25 23:00:00+00:00";"2015-02-25 23:00:00+00:00";"39";"2B";"94";"2021";"NON";"NON";"2B050";"";"";"";"2021-10-06";"64422";""
"2B055";"1199";"CC";"COM";"2011-01-06 23:00:00+00:00";"2006-10-09 22:00:00+00:00";"19";"2B";"94";"2021";"NON";"NON";"2B055";"";"";"";"2021-10-06";"69187";""
"2B058";"3199";"PLU";"COM";"2018-03-02 23:00:00+00:00";"2015-06-07 22:00:00+00:00";"39";"2B";"94";"2021";"NON";"NON";"2B058";"";"";"";"2021-10-06";"146229";""
"2B059";"1111";"CC";"COM";"2011-03-08 23:00:00+00:00";"2010-09-17 22:00:00+00:00";"11";"2B";"94";"2021";"NON";"NON";"2B059";"";"";"";"2021-10-06";"65685";""
"2B074";"1199";"CC";"COM";"2015-05-28 22:00:00+00:00";"2013-01-09 23:00:00+00:00";"19";"2B";"94";"2021";"NON";"NON";"2B074";"";"";"";"2021-10-06";"49402";""
"2B077";"3131";"PLU";"COM";"2011-09-14 22:00:00+00:00";"2008-09-02 22:00:00+00:00";"33";"2B";"94";"2021";"NON";"NON";"2B077";"";"";"";"2021-10-06";"61822";""
"2B079";"1199";"CC";"COM";"2012-09-27 22:00:00+00:00";"2004-03-12 23:00:00+00:00";"19";"2B";"94";"2021";"NON";"NON";"2B079";"";"";"";"2021-10-06";"67367";""
"2B080";"1199";"CC";"COM";"2011-10-20 22:00:00+00:00";"2002-11-08 23:00:00+00:00";"19";"2B";"94";"2021";"NON";"NON";"2B080";"";"";"";"2021-10-06";"67368";""
"2B083";"1111";"CC";"COM";"2011-11-27 23:00:00+00:00";"2006-08-28 22:00:00+00:00";"11";"2B";"94";"2021";"NON";"NON";"2B083";"";"";"";"2021-10-06";"66016";""
"2B084";"1111";"CC";"COM";"2009-03-05 23:00:00+00:00";"2004-12-28 23:00:00+00:00";"11";"2B";"94";"2021";"NON";"NON";"2B084";"";"";"";"2021-10-06";"69178";""
"2B086";"3131";"PLU";"COM";"2010-06-08 22:00:00+00:00";"2003-04-03 22:00:00+00:00";"33";"2B";"94";"2021";"NON";"NON";"2B086";"";"";"";"2021-10-06";"51972";""
"2B087";"3131";"PLU";"COM";"2010-08-01 22:00:00+00:00";"2001-06-20 22:00:00+00:00";"33";"2B";"94";"2021";"NON";"NON";"2B087";"";"";"";"2021-10-06";"51973";""
"2B088";"1111";"CC";"COM";"2011-07-10 22:00:00+00:00";"2004-04-29 22:00:00+00:00";"11";"2B";"94";"2021";"NON";"NON";"2B088";"";"";"";"2021-10-06";"67369";""
"2B093";"3131";"PLU";"COM";"2007-03-01 23:00:00+00:00";"2001-11-23 23:00:00+00:00";"33";"2B";"94";"2021";"NON";"NON";"2B093";"";"";"";"2021-10-06";"56970";""
"2B096";"3131";"PLU";"COM";"2012-07-30 22:00:00+00:00";"2007-06-03 22:00:00+00:00";"33";"2B";"94";"2021";"NON";"NON";"2B096";"";"";"";"2021-10-06";"95409";""
"2B105";"1199";"CC";"COM";"2021-04-19 22:00:00+00:00";"2015-07-10 22:00:00+00:00";"19";"2B";"94";"2021";"NON";"NON";"2B105";"";"";"";"2021-10-06";"140196";""
"2B107";"3131";"PLU";"COM";"2005-07-28 22:00:00+00:00";"2001-08-15 22:00:00+00:00";"33";"2B";"94";"2021";"NON";"NON";"2B107";"";"";"";"2021-10-06";"51975";""
"2B109";"3199";"PLU";"COM";"2005-12-15 23:00:00+00:00";"2002-09-19 22:00:00+00:00";"39";"2B";"94";"2021";"NON";"NON";"2B109";"";"";"";"2021-10-06";"58236";""
"2B112";"1111";"CC";"COM";"2012-10-22 22:00:00+00:00";"2008-08-08 22:00:00+00:00";"11";"2B";"94";"2021";"NON";"NON";"2B112";"";"";"";"2021-10-06";"65686";""
"2B116";"1199";"CC";"COM";"2020-06-11 22:00:00+00:00";"2015-06-19 22:00:00+00:00";"19";"2B";"94";"2021";"NON";"NON";"2B116";"";"";"";"2021-10-06";"140320";""
"2B120";"3199";"PLU";"COM";"2020-07-01 22:00:00+00:00";"2012-09-27 22:00:00+00:00";"39";"2B";"94";"2021";"NON";"NON";"2B120";"";"";"";"2021-10-06";"116510";""
"2B123";"3131";"PLU";"COM";"2013-04-29 22:00:00+00:00";"2010-12-13 23:00:00+00:00";"33";"2B";"94";"2021";"NON";"NON";"2B123";"";"";"";"2021-10-06";"61824";""
"2B136";"3199";"PLU";"COM";"2020-10-01 22:00:00+00:00";"2010-11-08 23:00:00+00:00";"39";"2B";"94";"2021";"NON";"NON";"2B136";"";"";"";"2021-10-06";"50023";""
"2B138";"1111";"CC";"COM";"2013-03-27 23:00:00+00:00";"2011-04-27 22:00:00+00:00";"11";"2B";"94";"2021";"NON";"NON";"2B138";"";"";"";"2021-10-06";"95197";""
"2B143";"3131";"PLU";"COM";"2012-05-22 22:00:00+00:00";"2010-11-24 23:00:00+00:00";"33";"2B";"94";"2021";"NON";"NON";"2B143";"";"";"";"2021-10-06";"61826";""
"2B148";"3131";"PLU";"COM";"2009-01-05 23:00:00+00:00";"2002-02-27 23:00:00+00:00";"33";"2B";"94";"2021";"NON";"NON";"2B148";"";"";"";"2021-10-06";"51977";""
"2B149";"1199";"CC";"COM";"2012-04-16 22:00:00+00:00";"2008-04-12 22:00:00+00:00";"19";"2B";"94";"2021";"NON";"NON";"2B149";"";"";"";"2021-10-06";"67371";""
"2B152";"3199";"PLU";"COM";"2021-04-08 22:00:00+00:00";"2016-02-11 23:00:00+00:00";"39";"2B";"94";"2021";"NON";"NON";"2B152";"";"";"";"2021-10-06";"146231";""
"2B153";"1199";"CC";"COM";"2020-06-11 22:00:00+00:00";"2015-04-10 22:00:00+00:00";"19";"2B";"94";"2021";"NON";"NON";"2B153";"";"";"";"2021-10-06";"66843";""
"2B162";"1111";"CC";"COM";"2014-05-19 22:00:00+00:00";"2004-07-19 22:00:00+00:00";"11";"2B";"94";"2021";"NON";"NON";"2B162";"";"";"";"2021-10-06";"66017";""
"2B166";"1131";"CC";"COM";"2011-11-16 23:00:00+00:00";"2011-05-05 22:00:00+00:00";"13";"2B";"94";"2021";"NON";"NON";"2B166";"";"";"";"2021-10-06";"95337";""
"2B168";"3131";"PLU";"COM";"2014-02-02 23:00:00+00:00";"2013-01-28 23:00:00+00:00";"33";"2B";"94";"2021";"NON";"NON";"2B168";"";"";"";"2021-10-06";"129681";""
"2B172";"1199";"CC";"COM";"2020-01-05 23:00:00+00:00";"2015-11-12 23:00:00+00:00";"19";"2B";"94";"2021";"NON";"NON";"2B172";"";"";"";"2021-10-06";"67373";""
"2B173";"1111";"CC";"COM";"2008-04-28 22:00:00+00:00";"2002-07-22 22:00:00+00:00";"11";"2B";"94";"2021";"NON";"NON";"2B173";"";"";"";"2021-10-06";"69188";""
"2B182";"3131";"PLU";"COM";"2005-04-16 22:00:00+00:00";"2001-10-19 22:00:00+00:00";"33";"2B";"94";"2021";"NON";"NON";"2B182";"";"";"";"2021-10-06";"51979";""
"2B185";"3199";"PLU";"COM";"2020-10-29 23:00:00+00:00";"2015-03-17 23:00:00+00:00";"39";"2B";"94";"2021";"NON";"NON";"2B185";"";"";"";"2021-10-06";"155158";""
"2B188";"3131";"PLU";"COM";"2009-01-23 23:00:00+00:00";"2004-09-21 22:00:00+00:00";"33";"2B";"94";"2021";"NON";"NON";"2B188";"";"";"";"2021-10-06";"51980";""
"2B190";"1111";"CC";"COM";"2011-04-15 22:00:00+00:00";"2004-10-09 22:00:00+00:00";"11";"2B";"94";"2021";"NON";"NON";"2B190";"";"";"";"2021-10-06";"66018";""
"2B202";"1199";"CC";"COM";"2011-06-29 22:00:00+00:00";"2008-04-27 22:00:00+00:00";"19";"2B";"94";"2021";"NON";"NON";"2B202";"";"";"";"2021-10-06";"50218";""
"2B207";"3131";"PLU";"COM";"2008-04-28 22:00:00+00:00";"2003-10-09 22:00:00+00:00";"33";"2B";"94";"2021";"NON";"NON";"2B207";"";"";"";"2021-10-06";"51981";""
"2B210";"1199";"CC";"COM";"2016-01-25 23:00:00+00:00";"2011-04-29 22:00:00+00:00";"19";"2B";"94";"2021";"NON";"NON";"2B210";"";"";"";"2021-10-06";"95219";""
"2B220";"1199";"CC";"COM";"2015-08-16 22:00:00+00:00";"2003-11-03 23:00:00+00:00";"19";"2B";"94";"2021";"NON";"NON";"2B220";"";"";"";"2021-10-06";"66000";""
"2B223";"3131";"PLU";"COM";"2013-06-26 22:00:00+00:00";"2007-06-21 22:00:00+00:00";"33";"2B";"94";"2021";"NON";"NON";"2B223";"";"";"";"2021-10-06";"49391";""
"2B231";"1199";"CC";"COM";"2009-11-29 23:00:00+00:00";"2003-10-26 23:00:00+00:00";"19";"2B";"94";"2021";"NON";"NON";"2B231";"";"";"";"2021-10-06";"69164";""
"2B235";"1111";"CC";"COM";"2005-07-11 22:00:00+00:00";"2001-04-01 22:00:00+00:00";"11";"2B";"94";"2021";"NON";"NON";"2B235";"";"";"";"2021-10-06";"65425";""
"2B236";"1111";"CC";"COM";"2011-05-31 22:00:00+00:00";"2007-03-23 23:00:00+00:00";"11";"2B";"94";"2021";"NON";"NON";"2B236";"";"";"";"2021-10-06";"66001";""
"2B238";"1131";"CC";"COM";"2016-09-05 22:00:00+00:00";"2007-08-22 22:00:00+00:00";"13";"2B";"94";"2021";"NON";"NON";"2B238";"";"";"";"2021-10-06";"66002";""
"2B239";"1199";"CC";"COM";"2020-03-11 23:00:00+00:00";"2017-12-06 23:00:00+00:00";"19";"2B";"94";"2021";"NON";"NON";"2B239";"";"";"";"2021-10-06";"163569";""
"2B242";"3131";"PLU";"COM";"2008-09-02 22:00:00+00:00";"2002-09-16 22:00:00+00:00";"33";"2B";"94";"2021";"NON";"NON";"2B242";"";"";"";"2021-10-06";"51946";""
"2B248";"1199";"CC";"COM";"2019-01-27 23:00:00+00:00";"2011-08-02 22:00:00+00:00";"19";"2B";"94";"2021";"NON";"NON";"2B248";"";"";"";"2021-10-06";"95221";""
"2B250";"1199";"CC";"COM";"2021-01-31 23:00:00+00:00";"2014-06-19 22:00:00+00:00";"19";"2B";"94";"2021";"NON";"NON";"2B250";"";"";"";"2021-10-06";"95148";""
"2B251";"3131";"PLU";"COM";"2006-10-29 23:00:00+00:00";"2001-10-25 22:00:00+00:00";"33";"2B";"94";"2021";"NON";"NON";"2B251";"";"";"";"2021-10-06";"51947";""
"2B255";"1199";"CC";"COM";"2013-04-29 22:00:00+00:00";"2008-11-28 23:00:00+00:00";"19";"2B";"94";"2021";"NON";"NON";"2B255";"";"";"";"2021-10-06";"67360";""
"2B260";"1199";"CC";"COM";"2020-03-01 23:00:00+00:00";"2013-04-11 22:00:00+00:00";"19";"2B";"94";"2021";"NON";"NON";"2B260";"";"";"";"2021-10-06";"146132";""
"2B263";"1199";"CC";"COM";"2012-12-12 23:00:00+00:00";"2007-07-01 22:00:00+00:00";"19";"2B";"94";"2021";"NON";"NON";"2B263";"";"";"";"2021-10-06";"66004";""
"2B265";"1111";"CC";"COM";"2007-02-18 23:00:00+00:00";"2006-02-27 23:00:00+00:00";"11";"2B";"94";"2021";"NON";"NON";"2B265";"";"";"";"2021-10-06";"95152";""
"2B275";"1199";"CC";"COM";"2013-02-25 23:00:00+00:00";"2010-08-25 22:00:00+00:00";"19";"2B";"94";"2021";"NON";"NON";"2B275";"";"";"";"2021-10-06";"67361";""
"2B277";"1199";"CC";"COM";"2012-10-10 22:00:00+00:00";"2007-07-01 22:00:00+00:00";"19";"2B";"94";"2021";"NON";"NON";"2B277";"";"";"";"2021-10-06";"66006";""
"2B281";"3199";"PLU";"COM";"2018-05-30 22:00:00+00:00";"2015-05-17 22:00:00+00:00";"39";"2B";"94";"2021";"NON";"NON";"2B281";"";"";"";"2021-10-06";"146226";""
"2B283";"3131";"PLU";"COM";"2008-09-12 22:00:00+00:00";"2003-08-01 22:00:00+00:00";"33";"2B";"94";"2021";"NON";"NON";"2B283";"";"";"";"2021-10-06";"51948";""
"2B287";"1199";"CC";"COM";"2012-08-20 22:00:00+00:00";"2005-12-28 23:00:00+00:00";"19";"2B";"94";"2021";"NON";"NON";"2B287";"";"";"";"2021-10-06";"66007";""
"2B293";"1199";"CC";"COM";"2015-12-02 23:00:00+00:00";"2012-03-13 23:00:00+00:00";"19";"2B";"94";"2021";"NON";"NON";"2B293";"";"";"";"2021-10-06";"103413";""
"2B296";"1131";"CC";"COM";"2011-03-20 23:00:00+00:00";"2006-07-23 22:00:00+00:00";"13";"2B";"94";"2021";"NON";"NON";"2B296";"";"";"";"2021-10-06";"95156";""
"2B301";"1199";"CC";"COM";"2021-08-03 22:00:00+00:00";"2017-03-12 23:00:00+00:00";"19";"2B";"94";"2021";"NON";"NON";"2B301";"";"";"";"2021-10-06";"153118";""
"2B302";"1199";"CC";"COM";"2012-11-29 23:00:00+00:00";"2011-07-23 22:00:00+00:00";"19";"2B";"94";"2021";"NON";"NON";"2B302";"";"";"";"2021-10-06";"95359";""
"2B305";"3131";"PLU";"COM";"2013-01-10 23:00:00+00:00";"2010-10-19 22:00:00+00:00";"33";"2B";"94";"2021";"NON";"NON";"2B305";"";"";"";"2021-10-06";"50219";""
"2B307";"3131";"PLU";"COM";"2007-11-27 23:00:00+00:00";"2002-01-28 23:00:00+00:00";"33";"2B";"94";"2021";"NON";"NON";"2B307";"";"";"";"2021-10-06";"51982";""
"2B309";"3199";"PLU";"COM";"2013-02-20 23:00:00+00:00";"2006-05-30 22:00:00+00:00";"39";"2B";"94";"2021";"NON";"NON";"2B309";"";"";"";"2021-10-06";"61839";""
"2B313";"3131";"PLU";"COM";"2013-03-28 23:00:00+00:00";"2010-12-21 23:00:00+00:00";"33";"2B";"94";"2021";"NON";"NON";"2B313";"";"";"";"2021-10-06";"61831";""
"2B316";"3131";"PLU";"COM";"2006-03-17 23:00:00+00:00";"2002-10-11 22:00:00+00:00";"33";"2B";"94";"2021";"NON";"NON";"2B316";"";"";"";"2021-10-06";"51984";""
"2B332";"3199";"PLU";"COM";"2021-06-11 22:00:00+00:00";"2015-02-16 23:00:00+00:00";"39";"2B";"94";"2021";"NON";"NON";"2B332";"";"";"";"2021-10-06";"137223";""
"2B333";"1111";"CC";"COM";"2011-11-20 23:00:00+00:00";"2008-04-23 22:00:00+00:00";"11";"2B";"94";"2021";"NON";"NON";"2B333";"";"";"";"2021-10-06";"67376";""
"2B339";"1111";"CC";"COM";"2010-06-01 22:00:00+00:00";"2006-07-25 22:00:00+00:00";"11";"2B";"94";"2021";"NON";"NON";"2B339";"";"";"";"2021-10-06";"69189";""
"2B340";"1199";"CC";"COM";"2016-10-04 22:00:00+00:00";"2010-11-11 23:00:00+00:00";"19";"2B";"94";"2021";"NON";"NON";"2B340";"";"";"";"2021-10-06";"95201";""
"2B341";"1199";"CC";"COM";"2006-12-14 23:00:00+00:00";"2001-10-07 22:00:00+00:00";"19";"2B";"94";"2021";"NON";"NON";"2B341";"";"";"";"2021-10-06";"69190";""
"2B343";"3131";"PLU";"COM";"2013-06-20 22:00:00+00:00";"2008-10-08 22:00:00+00:00";"33";"2B";"94";"2021";"NON";"NON";"2B343";"";"";"";"2021-10-06";"50222";""
"2B346";"3131";"PLU";"COM";"2013-05-30 22:00:00+00:00";"2010-06-14 22:00:00+00:00";"33";"2B";"94";"2021";"NON";"NON";"2B346";"";"";"";"2021-10-06";"93819";""
"2B347";"1111";"CC";"COM";"2009-05-13 22:00:00+00:00";"2007-03-30 22:00:00+00:00";"11";"2B";"94";"2021";"NON";"NON";"2B347";"";"";"";"2021-10-06";"69191";""
"2B350";"1199";"CC";"COM";"2007-12-06 23:00:00+00:00";"2001-06-18 22:00:00+00:00";"19";"2B";"94";"2021";"NON";"NON";"2B350";"";"";"";"2021-10-06";"95208";""
"2B352";"1111";"CC";"COM";"2010-03-07 23:00:00+00:00";"2006-12-04 23:00:00+00:00";"11";"2B";"94";"2021";"NON";"NON";"2B352";"";"";"";"2021-10-06";"69193";""
"2B353";"3131";"PLU";"COM";"2008-09-24 22:00:00+00:00";"2003-06-02 22:00:00+00:00";"33";"2B";"94";"2021";"NON";"NON";"2B353";"";"";"";"2021-10-06";"51983";""
"2B354";"1199";"CC";"COM";"2021-09-20 22:00:00+00:00";"2015-04-13 22:00:00+00:00";"19";"2B";"94";"2021";"NON";"NON";"2B354";"";"";"";"2021-10-06";"67377";""
"2B356";"1199";"CC";"COM";"2012-04-05 22:00:00+00:00";"2004-11-19 23:00:00+00:00";"19";"2B";"94";"2021";"NON";"NON";"2B356";"";"";"";"2021-10-06";"66026";""
"2B361";"1111";"CC";"COM";"2004-09-12 22:00:00+00:00";"2001-04-01 22:00:00+00:00";"11";"2B";"94";"2021";"NON";"NON";"2B361";"";"";"";"2021-10-06";"65433";""
"2B366";"1199";"CC";"COM";"2006-03-15 23:00:00+00:00";"2002-03-30 23:00:00+00:00";"19";"2B";"94";"2021";"NON";"NON";"2B366";"";"";"";"2021-10-06";"67919";""
"30001";"3199";"PLU";"COM";"2006-06-15 22:00:00+00:00";"2003-02-06 23:00:00+00:00";"39";"30";"76";"2021";"NON";"NON";"30001";"";"";"";"2021-10-06";"51986";""
"30002";"1199";"CC";"COM";"2005-11-01 23:00:00+00:00";"2001-09-02 22:00:00+00:00";"19";"30";"76";"2021";"NON";"NON";"30002";"";"";"";"2021-10-06";"69194";""
"30003";"3131";"PLU";"COM";"2003-07-30 22:00:00+00:00";"2001-07-25 22:00:00+00:00";"33";"30";"76";"2021";"NON";"NON";"30003";"";"";"";"2021-10-06";"51988";""
"30004";"3199";"PLU";"COM";"2019-01-22 23:00:00+00:00";"2014-07-27 22:00:00+00:00";"39";"30";"76";"2021";"NON";"NON";"30004";"";"";"";"2021-10-06";"131522";""
"30005";"3199";"PLU";"COM";"2010-10-03 22:00:00+00:00";"2004-12-08 23:00:00+00:00";"39";"30";"76";"2021";"NON";"NON";"30005";"";"";"";"2021-10-06";"51987";""
"30006";"3199";"PLU";"COM";"2017-03-26 22:00:00+00:00";"2010-07-05 22:00:00+00:00";"39";"30";"76";"2021";"NON";"NON";"30006";"";"";"";"2021-10-06";"61849";""
"30007";"3131";"PLU";"COM";"2013-06-23 22:00:00+00:00";"2003-06-29 22:00:00+00:00";"33";"30";"76";"2021";"NON";"NON";"30007";"";"";"";"2021-10-06";"238";""
"30008";"3131";"PLU";"COM";"2007-05-14 22:00:00+00:00";"2001-09-12 22:00:00+00:00";"33";"30";"76";"2021";"NON";"NON";"30008";"";"";"";"2021-10-06";"51989";""
"30010";"3131";"PLU";"COM";"2014-04-17 22:00:00+00:00";"2013-02-07 23:00:00+00:00";"33";"30";"76";"2021";"NON";"NON";"30010";"";"";"";"2021-10-06";"120306";""
"30011";"3199";"PLU";"COM";"2020-11-11 23:00:00+00:00";"2017-07-03 22:00:00+00:00";"39";"30";"76";"2021";"NON";"NON";"30011";"";"";"";"2021-10-06";"157318";""
"30012";"3199";"PLU";"COM";"2019-05-13 22:00:00+00:00";"2009-01-20 23:00:00+00:00";"39";"30";"76";"2021";"NON";"NON";"30012";"";"";"";"2021-10-06";"61847";""
"30013";"3131";"PLU";"COM";"2003-02-25 23:00:00+00:00";"2001-05-09 22:00:00+00:00";"33";"30";"76";"2021";"NON";"NON";"30013";"";"";"";"2021-10-06";"58261";""
"30014";"3131";"PLU";"COM";"2007-09-25 22:00:00+00:00";"2002-06-11 22:00:00+00:00";"33";"30";"76";"2021";"NON";"NON";"30014";"";"";"";"2021-10-06";"51990";""
"30015";"1499";"CC";"CC";"2014-03-04 23:00:00+00:00";"2008-10-02 22:00:00+00:00";"19";"30";"76";"2021";"NON";"NON";"30015";"";"";"";"2021-10-06";"66027";""
"30016";"1499";"CC";"CC";"2018-11-27 23:00:00+00:00";"2014-09-07 22:00:00+00:00";"19";"30";"76";"2021";"NON";"NON";"30016";"";"";"";"2021-10-06";"66845";""
"30017";"1499";"CC";"CC";"2014-04-21 22:00:00+00:00";"2008-04-03 22:00:00+00:00";"19";"30";"76";"2021";"NON";"NON";"30017";"";"";"";"2021-10-06";"66028";""
"30018";"3199";"PLU";"COM";"2014-07-09 22:00:00+00:00";"2008-09-21 22:00:00+00:00";"39";"30";"76";"2021";"NON";"NON";"30018";"";"";"";"2021-10-06";"61850";""
"30019";"3131";"PLU";"COM";"2019-05-20 22:00:00+00:00";"2015-03-17 23:00:00+00:00";"33";"30";"76";"2021";"NON";"NON";"30019";"";"";"";"2021-10-06";"138327";""
"30020";"3131";"PLU";"COM";"2013-01-27 23:00:00+00:00";"2005-07-10 22:00:00+00:00";"33";"30";"76";"2021";"NON";"NON";"30020";"";"";"";"2021-10-06";"61851";""
"30023";"3199";"PLU";"COM";"2018-12-02 23:00:00+00:00";"2015-11-03 23:00:00+00:00";"39";"30";"76";"2021";"NON";"NON";"30023";"";"";"";"2021-10-06";"142194";""
"30024";"1499";"CC";"CC";"2011-01-25 23:00:00+00:00";"2008-09-22 22:00:00+00:00";"19";"30";"76";"2021";"NON";"NON";"30024";"";"";"";"2021-10-06";"66846";""
"30026";"3499";"PLU";"CC";"2012-12-16 23:00:00+00:00";"2004-07-07 22:00:00+00:00";"39";"30";"76";"2021";"NON";"NON";"30026";"";"";"";"2021-10-06";"61855";""
"30027";"3199";"PLU";"COM";"2019-02-19 23:00:00+00:00";"2015-01-26 23:00:00+00:00";"39";"30";"76";"2021";"NON";"NON";"30027";"";"";"";"2021-10-06";"133957";""
"30028";"3199";"PLU";"COM";"2013-07-26 22:00:00+00:00";"2008-12-19 23:00:00+00:00";"39";"30";"76";"2021";"NON";"NON";"30028";"";"";"";"2021-10-06";"61854";""
"30029";"3131";"PLU";"COM";"2005-11-29 23:00:00+00:00";"2001-06-26 22:00:00+00:00";"33";"30";"76";"2021";"NON";"NON";"30029";"";"";"";"2021-10-06";"51992";""
"30031";"3199";"PLU";"COM";"2020-02-26 23:00:00+00:00";"2019-03-20 23:00:00+00:00";"39";"30";"76";"2021";"NON";"NON";"30031";"";"";"";"2021-10-06";"137887";""
"30032";"3199";"PLU";"COM";"2016-12-20 23:00:00+00:00";"2014-07-16 22:00:00+00:00";"39";"30";"76";"2021";"NON";"NON";"30032";"";"";"";"2021-10-06";"131711";""
"30033";"3199";"PLU";"COM";"2005-12-12 23:00:00+00:00";"1998-09-03 22:00:00+00:00";"39";"30";"76";"2021";"NON";"NON";"30033";"";"";"";"2021-10-06";"51993";""
"30034";"3131";"PLU";"COM";"2011-06-29 22:00:00+00:00";"2002-12-04 23:00:00+00:00";"33";"30";"76";"2021";"NON";"NON";"30034";"";"";"";"2021-10-06";"61859";""
"30035";"3199";"PLU";"COM";"2012-08-05 22:00:00+00:00";"2010-05-31 22:00:00+00:00";"39";"30";"76";"2021";"NON";"NON";"30035";"";"";"";"2021-10-06";"61864";""
"30036";"3199";"PLU";"COM";"2017-09-04 22:00:00+00:00";"2006-09-24 22:00:00+00:00";"39";"30";"76";"2021";"NON";"NON";"30036";"";"";"";"2021-10-06";"23898";""
"30037";"3199";"PLU";"COM";"2019-01-28 23:00:00+00:00";"2015-06-22 22:00:00+00:00";"39";"30";"76";"2021";"NON";"NON";"30037";"";"";"";"2021-10-06";"61860";""
"30040";"1499";"CC";"CC";"2012-06-28 22:00:00+00:00";"2011-08-25 22:00:00+00:00";"19";"30";"76";"2021";"NON";"NON";"30040";"";"";"";"2021-10-06";"109335";""
"30041";"3199";"PLU";"COM";"2012-01-31 23:00:00+00:00";"2006-01-18 23:00:00+00:00";"39";"30";"76";"2021";"NON";"NON";"30041";"";"";"";"2021-10-06";"61862";""
"30042";"3131";"PLU";"COM";"2010-08-26 22:00:00+00:00";"2002-01-16 23:00:00+00:00";"33";"30";"76";"2021";"NON";"NON";"30042";"";"";"";"2021-10-06";"58256";""
"30043";"3199";"PLU";"COM";"2017-07-10 22:00:00+00:00";"2015-09-07 22:00:00+00:00";"39";"30";"76";"2021";"NON";"NON";"30043";"";"";"";"2021-10-06";"61863";""
"30044";"3199";"PLU";"COM";"2020-02-20 23:00:00+00:00";"2012-12-18 23:00:00+00:00";"39";"30";"76";"2021";"NON";"NON";"30044";"";"";"";"2021-10-06";"116872";""
"30045";"1199";"CC";"COM";"2020-07-26 22:00:00+00:00";"2003-12-14 23:00:00+00:00";"19";"30";"76";"2021";"NON";"NON";"30045";"";"";"";"2021-10-06";"170804";""
"30046";"1111";"CC";"COM";"2010-05-17 22:00:00+00:00";"2009-04-28 22:00:00+00:00";"11";"30";"76";"2021";"NON";"NON";"30046";"";"";"";"2021-10-06";"70375";""
"30047";"3199";"PLU";"COM";"2015-11-25 23:00:00+00:00";"2009-04-23 22:00:00+00:00";"39";"30";"76";"2021";"NON";"NON";"30047";"";"";"";"2021-10-06";"61871";""
"30048";"3199";"PLU";"COM";"2016-04-10 22:00:00+00:00";"2009-09-01 22:00:00+00:00";"39";"30";"76";"2021";"NON";"NON";"30048";"";"";"";"2021-10-06";"61866";""
"30049";"3199";"PLU";"COM";"2018-02-20 23:00:00+00:00";"2012-04-03 22:00:00+00:00";"39";"30";"76";"2021";"NON";"NON";"30049";"";"";"";"2021-10-06";"107029";""
"30050";"1199";"CC";"COM";"2016-07-06 22:00:00+00:00";"2014-06-19 22:00:00+00:00";"19";"30";"76";"2021";"NON";"NON";"30050";"";"";"";"2021-10-06";"126697";""
"30051";"3131";"PLU";"COM";"2013-06-19 22:00:00+00:00";"2008-06-26 22:00:00+00:00";"33";"30";"76";"2021";"NON";"NON";"30051";"";"";"";"2021-10-06";"49407";""
"30052";"1499";"CC";"CC";"2019-09-10 22:00:00+00:00";"2015-04-08 22:00:00+00:00";"19";"30";"76";"2021";"NON";"NON";"30052";"";"";"";"2021-10-06";"138324";""
"30055";"3199";"PLU";"COM";"2015-04-12 22:00:00+00:00";"2011-06-26 22:00:00+00:00";"39";"30";"76";"2021";"NON";"NON";"30055";"";"";"";"2021-10-06";"78550";""
"30056";"3199";"PLU";"COM";"2018-02-05 23:00:00+00:00";"2014-05-12 22:00:00+00:00";"39";"30";"76";"2021";"NON";"NON";"30056";"";"";"";"2021-10-06";"49409";""
"30057";"3131";"PLU";"COM";"2005-05-01 22:00:00+00:00";"2001-06-27 22:00:00+00:00";"33";"30";"76";"2021";"NON";"NON";"30057";"";"";"";"2021-10-06";"51996";""
"30059";"3199";"PLU";"COM";"2012-02-26 23:00:00+00:00";"2005-03-09 23:00:00+00:00";"39";"30";"76";"2021";"NON";"NON";"30059";"";"";"";"2021-10-06";"61869";""
"30060";"3199";"PLU";"COM";"2016-10-05 22:00:00+00:00";"2010-09-19 22:00:00+00:00";"39";"30";"76";"2021";"NON";"NON";"30060";"";"";"";"2021-10-06";"61872";""
"30061";"3199";"PLU";"COM";"2013-02-19 23:00:00+00:00";"2009-11-30 23:00:00+00:00";"39";"30";"76";"2021";"NON";"NON";"30061";"";"";"";"2021-10-06";"61875";""
"30062";"3199";"PLU";"COM";"2019-09-11 22:00:00+00:00";"2008-07-20 22:00:00+00:00";"39";"30";"76";"2021";"NON";"NON";"30062";"";"";"";"2021-10-06";"61870";""
"30064";"3499";"PLU";"CC";"2008-10-16 22:00:00+00:00";"2005-08-18 22:00:00+00:00";"39";"30";"76";"2021";"NON";"NON";"30064";"";"";"";"2021-10-06";"51999";""
"30065";"1131";"CC";"COM";"2013-07-31 22:00:00+00:00";"2002-03-07 23:00:00+00:00";"13";"30";"76";"2021";"NON";"NON";"30065";"";"";"";"2021-10-06";"66847";""
"30066";"1199";"CC";"COM";"2014-09-16 22:00:00+00:00";"2011-11-13 23:00:00+00:00";"19";"30";"76";"2021";"NON";"NON";"30066";"";"";"";"2021-10-06";"118345";""
"30067";"3199";"PLU";"COM";"2012-04-26 22:00:00+00:00";"2002-06-27 22:00:00+00:00";"39";"30";"76";"2021";"NON";"NON";"30067";"";"";"";"2021-10-06";"61873";""
"30068";"3199";"PLU";"COM";"2019-01-14 23:00:00+00:00";"2015-07-01 22:00:00+00:00";"39";"30";"76";"2021";"NON";"NON";"30068";"";"";"";"2021-10-06";"61874";""
"30069";"3199";"PLU";"COM";"2007-06-27 22:00:00+00:00";"2001-08-16 22:00:00+00:00";"39";"30";"76";"2021";"NON";"NON";"30069";"";"";"";"2021-10-06";"51997";""
"30070";"3199";"PLU";"COM";"2013-12-18 23:00:00+00:00";"2010-04-07 22:00:00+00:00";"39";"30";"76";"2021";"NON";"NON";"30070";"";"";"";"2021-10-06";"63692";""
"30071";"3131";"PLU";"COM";"2008-02-14 23:00:00+00:00";"2002-03-12 23:00:00+00:00";"33";"30";"76";"2021";"NON";"NON";"30071";"";"";"";"2021-10-06";"51998";""
"30073";"3131";"PLU";"COM";"2003-07-02 22:00:00+00:00";"2001-07-25 22:00:00+00:00";"33";"30";"76";"2021";"NON";"NON";"30073";"";"";"";"2021-10-06";"58293";""
"30075";"3199";"PLU";"COM";"2016-09-28 22:00:00+00:00";"2008-05-29 22:00:00+00:00";"39";"30";"76";"2021";"NON";"NON";"30075";"";"";"";"2021-10-06";"61876";""
"30077";"3131";"PLU";"COM";"2008-01-13 23:00:00+00:00";"2003-09-21 22:00:00+00:00";"33";"30";"76";"2021";"NON";"NON";"30077";"";"";"";"2021-10-06";"52000";""
"30080";"1199";"CC";"COM";"2004-06-02 22:00:00+00:00";"2001-09-12 22:00:00+00:00";"19";"30";"76";"2021";"NON";"NON";"30080";"";"";"";"2021-10-06";"67920";""
"30081";"3199";"PLU";"COM";"2012-03-20 23:00:00+00:00";"2003-03-12 23:00:00+00:00";"39";"30";"76";"2021";"NON";"NON";"30081";"";"";"";"2021-10-06";"49412";""
"30083";"3199";"PLU";"COM";"2017-07-02 22:00:00+00:00";"2010-04-11 22:00:00+00:00";"39";"30";"76";"2021";"NON";"NON";"30083";"";"";"";"2021-10-06";"61877";""
"30086";"3199";"PLU";"COM";"2014-10-16 22:00:00+00:00";"2009-05-17 22:00:00+00:00";"39";"30";"76";"2021";"NON";"NON";"30086";"";"";"";"2021-10-06";"61896";""
"30087";"1199";"CC";"COM";"2007-12-22 23:00:00+00:00";"2004-01-29 23:00:00+00:00";"19";"30";"76";"2021";"NON";"NON";"30087";"";"";"";"2021-10-06";"67921";""
"30088";"1131";"CC";"COM";"2005-12-30 23:00:00+00:00";"2001-04-23 22:00:00+00:00";"13";"30";"76";"2021";"NON";"NON";"30088";"";"";"";"2021-10-06";"67922";""
"30089";"3199";"PLU";"COM";"2019-02-25 23:00:00+00:00";"2007-09-13 22:00:00+00:00";"39";"30";"76";"2021";"NON";"NON";"30089";"";"";"";"2021-10-06";"61879";""
"30091";"3199";"PLU";"COM";"2013-05-28 22:00:00+00:00";"2007-01-22 23:00:00+00:00";"39";"30";"76";"2021";"NON";"NON";"30091";"";"";"";"2021-10-06";"61881";""
"30092";"3199";"PLU";"COM";"2008-02-27 23:00:00+00:00";"2002-05-22 22:00:00+00:00";"39";"30";"76";"2021";"NON";"NON";"30092";"";"";"";"2021-10-06";"52002";""
"30093";"3199";"PLU";"COM";"2013-11-21 23:00:00+00:00";"2004-05-11 22:00:00+00:00";"39";"30";"76";"2021";"NON";"NON";"30093";"";"";"";"2021-10-06";"61882";""
"30094";"3199";"PLU";"COM";"2006-01-03 23:00:00+00:00";"2002-01-08 23:00:00+00:00";"39";"30";"76";"2021";"NON";"NON";"30094";"";"";"";"2021-10-06";"52003";""
"30095";"3131";"PLU";"COM";"2012-09-27 22:00:00+00:00";"2004-08-26 22:00:00+00:00";"33";"30";"76";"2021";"NON";"NON";"30095";"";"";"";"2021-10-06";"61883";""
"30097";"1111";"CC";"COM";"2004-06-07 22:00:00+00:00";"2001-08-16 22:00:00+00:00";"11";"30";"76";"2021";"NON";"NON";"30097";"";"";"";"2021-10-06";"67923";""
"30100";"3199";"PLU";"COM";"2019-04-02 22:00:00+00:00";"2015-01-25 23:00:00+00:00";"39";"30";"76";"2021";"NON";"NON";"30100";"";"";"";"2021-10-06";"61885";""
"30101";"3199";"PLU";"COM";"2017-01-10 23:00:00+00:00";"2012-05-14 22:00:00+00:00";"39";"30";"76";"2021";"NON";"NON";"30101";"";"";"";"2021-10-06";"109310";""
"30103";"3199";"PLU";"COM";"2015-08-24 22:00:00+00:00";"2005-03-31 22:00:00+00:00";"39";"30";"76";"2021";"NON";"NON";"30103";"";"";"";"2021-10-06";"61886";""
"30104";"3131";"PLU";"COM";"2012-12-11 23:00:00+00:00";"2003-07-10 22:00:00+00:00";"33";"30";"76";"2021";"NON";"NON";"30104";"";"";"";"2021-10-06";"61887";""
"30105";"1199";"CC";"COM";"2019-07-11 22:00:00+00:00";"2005-03-24 23:00:00+00:00";"19";"30";"76";"2021";"NON";"NON";"30105";"";"";"";"2021-10-06";"66030";""
"30106";"3199";"PLU";"COM";"2020-03-05 23:00:00+00:00";"2017-11-16 23:00:00+00:00";"39";"30";"76";"2021";"NON";"NON";"30106";"";"";"";"2021-10-06";"150446";""
"30111";"3199";"PLU";"COM";"2013-11-26 23:00:00+00:00";"2009-12-01 23:00:00+00:00";"39";"30";"76";"2021";"NON";"NON";"30111";"";"";"";"2021-10-06";"61903";""
"30112";"3199";"PLU";"COM";"2018-04-09 22:00:00+00:00";"2015-12-01 23:00:00+00:00";"39";"30";"76";"2021";"NON";"NON";"30112";"";"";"";"2021-10-06";"64424";""
"30113";"3199";"PLU";"COM";"2008-08-04 22:00:00+00:00";"2004-05-06 22:00:00+00:00";"39";"30";"76";"2021";"NON";"NON";"30113";"";"";"";"2021-10-06";"52008";""
"30114";"3199";"PLU";"COM";"2007-06-27 22:00:00+00:00";"2002-02-17 23:00:00+00:00";"39";"30";"76";"2021";"NON";"NON";"30114";"";"";"";"2021-10-06";"52009";""
"30115";"3199";"PLU";"COM";"2012-03-12 23:00:00+00:00";"2008-05-12 22:00:00+00:00";"39";"30";"76";"2021";"NON";"NON";"30115";"";"";"";"2021-10-06";"61890";""
"30116";"3199";"PLU";"COM";"2005-01-02 23:00:00+00:00";"2001-09-30 22:00:00+00:00";"39";"30";"76";"2021";"NON";"NON";"30116";"";"";"";"2021-10-06";"52010";""
"30117";"3199";"PLU";"COM";"2017-03-13 23:00:00+00:00";"2015-10-07 22:00:00+00:00";"39";"30";"76";"2021";"NON";"NON";"30117";"";"";"";"2021-10-06";"61891";""
"30119";"3199";"PLU";"COM";"2019-12-09 23:00:00+00:00";"2015-05-21 22:00:00+00:00";"39";"30";"76";"2021";"NON";"NON";"30119";"";"";"";"2021-10-06";"139313";""
"30120";"3131";"PLU";"COM";"2008-02-21 23:00:00+00:00";"2005-06-23 22:00:00+00:00";"33";"30";"76";"2021";"NON";"NON";"30120";"";"";"";"2021-10-06";"52012";""
"30122";"3199";"PLU";"COM";"2013-04-17 22:00:00+00:00";"2003-09-24 22:00:00+00:00";"39";"30";"76";"2021";"NON";"NON";"30122";"";"";"";"2021-10-06";"61892";""
"30123";"3199";"PLU";"COM";"2018-03-26 22:00:00+00:00";"2015-04-01 22:00:00+00:00";"39";"30";"76";"2021";"NON";"NON";"30123";"";"";"";"2021-10-06";"61893";""
"30124";"1199";"CC";"COM";"2011-10-18 22:00:00+00:00";"2002-02-24 23:00:00+00:00";"19";"30";"76";"2021";"NON";"NON";"30124";"";"";"";"2021-10-06";"66848";""
"30125";"3199";"PLU";"COM";"2012-06-18 22:00:00+00:00";"2005-12-11 23:00:00+00:00";"39";"30";"76";"2021";"NON";"NON";"30125";"";"";"";"2021-10-06";"61895";""
"30126";"3199";"PLU";"COM";"2017-09-25 22:00:00+00:00";"2008-11-25 23:00:00+00:00";"39";"30";"76";"2021";"NON";"NON";"30126";"";"";"";"2021-10-06";"64425";""
"30127";"3199";"PLU";"COM";"2012-12-17 23:00:00+00:00";"2005-12-04 23:00:00+00:00";"39";"30";"76";"2021";"NON";"NON";"30127";"";"";"";"2021-10-06";"61897";""
"30128";"3199";"PLU";"COM";"2016-02-23 23:00:00+00:00";"2008-06-22 22:00:00+00:00";"39";"30";"76";"2021";"NON";"NON";"30128";"";"";"";"2021-10-06";"61898";""
"30130";"3199";"PLU";"COM";"2012-06-17 22:00:00+00:00";"2001-09-23 22:00:00+00:00";"39";"30";"76";"2021";"NON";"NON";"30130";"";"";"";"2021-10-06";"61900";""
"30131";"3199";"PLU";"COM";"2011-07-03 22:00:00+00:00";"2003-11-26 23:00:00+00:00";"39";"30";"76";"2021";"NON";"NON";"30131";"";"";"";"2021-10-06";"52007";""
"30132";"3199";"PLU";"COM";"2014-01-15 23:00:00+00:00";"2003-06-18 22:00:00+00:00";"39";"30";"76";"2021";"NON";"NON";"30132";"";"";"";"2021-10-06";"61901";""
"30133";"3131";"PLU";"COM";"2011-05-30 22:00:00+00:00";"2003-03-26 23:00:00+00:00";"33";"30";"76";"2021";"NON";"NON";"30133";"";"";"";"2021-10-06";"61902";""
"30134";"1199";"CC";"COM";"2004-08-28 22:00:00+00:00";"2002-01-28 23:00:00+00:00";"19";"30";"76";"2021";"NON";"NON";"30134";"";"";"";"2021-10-06";"67924";""
"30135";"3131";"PLU";"COM";"2007-09-27 22:00:00+00:00";"2003-01-23 23:00:00+00:00";"33";"30";"76";"2021";"NON";"NON";"30135";"";"";"";"2021-10-06";"52013";""
"30136";"3199";"PLU";"COM";"2008-02-24 23:00:00+00:00";"2005-04-21 22:00:00+00:00";"39";"30";"76";"2021";"NON";"NON";"30136";"";"";"";"2021-10-06";"52014";""
"30137";"3199";"PLU";"COM";"2020-02-26 23:00:00+00:00";"2017-02-14 23:00:00+00:00";"39";"30";"76";"2021";"NON";"NON";"30137";"";"";"";"2021-10-06";"147626";""
"30138";"3199";"PLU";"COM";"2016-12-14 23:00:00+00:00";"2009-05-11 22:00:00+00:00";"39";"30";"76";"2021";"NON";"NON";"30138";"";"";"";"2021-10-06";"64426";""
"30139";"1199";"CC";"COM";"2014-12-17 23:00:00+00:00";"2010-08-15 22:00:00+00:00";"19";"30";"76";"2021";"NON";"NON";"30139";"";"";"";"2021-10-06";"65696";""
"30141";"3131";"PLU";"COM";"2011-06-08 22:00:00+00:00";"2006-09-27 22:00:00+00:00";"33";"30";"76";"2021";"NON";"NON";"30141";"";"";"";"2021-10-06";"61904";""
"30144";"3199";"PLU";"COM";"2009-01-27 23:00:00+00:00";"2003-07-02 22:00:00+00:00";"39";"30";"76";"2021";"NON";"NON";"30144";"";"";"";"2021-10-06";"57199";""
"30148";"3199";"PLU";"COM";"2014-02-13 23:00:00+00:00";"2010-03-10 23:00:00+00:00";"39";"30";"76";"2021";"NON";"NON";"30148";"";"";"";"2021-10-06";"105487";""
"30149";"3199";"PLU";"COM";"2020-02-27 23:00:00+00:00";"2014-05-22 22:00:00+00:00";"39";"30";"76";"2021";"NON";"NON";"30149";"";"";"";"2021-10-06";"64428";""
"30150";"3131";"PLU";"COM";"2013-02-27 23:00:00+00:00";"2007-01-21 23:00:00+00:00";"33";"30";"76";"2021";"NON";"NON";"30150";"";"";"";"2021-10-06";"61908";""
"30151";"3199";"PLU";"COM";"2013-02-18 23:00:00+00:00";"2004-01-14 23:00:00+00:00";"39";"30";"76";"2021";"NON";"NON";"30151";"";"";"";"2021-10-06";"61909";""
"30154";"1499";"CC";"CC";"2007-01-13 23:00:00+00:00";"2002-03-14 23:00:00+00:00";"19";"30";"76";"2021";"NON";"NON";"30154";"";"";"";"2021-10-06";"67925";""
"30155";"3131";"PLU";"COM";"2006-12-20 23:00:00+00:00";"2001-10-05 22:00:00+00:00";"33";"30";"76";"2021";"NON";"NON";"30155";"";"";"";"2021-10-06";"52018";""
"30156";"3131";"PLU";"COM";"2014-03-05 23:00:00+00:00";"2007-01-30 23:00:00+00:00";"33";"30";"76";"2021";"NON";"NON";"30156";"";"";"";"2021-10-06";"61910";""
"30160";"3199";"PLU";"COM";"2021-02-01 23:00:00+00:00";"2017-06-18 22:00:00+00:00";"39";"30";"76";"2021";"NON";"NON";"30160";"";"";"";"2021-10-06";"130426";""
"30162";"3199";"PLU";"COM";"2019-07-07 22:00:00+00:00";"2014-05-04 22:00:00+00:00";"39";"30";"76";"2021";"NON";"NON";"30162";"";"";"";"2021-10-06";"130509";""
"30163";"1199";"CC";"COM";"2017-05-17 22:00:00+00:00";"2014-12-17 23:00:00+00:00";"19";"30";"76";"2021";"NON";"NON";"30163";"";"";"";"2021-10-06";"135501";""
"30164";"3199";"PLU";"COM";"2015-04-08 22:00:00+00:00";"2009-03-26 23:00:00+00:00";"39";"30";"76";"2021";"NON";"NON";"30164";"";"";"";"2021-10-06";"61925";""
"30166";"3199";"PLU";"COM";"2017-02-07 23:00:00+00:00";"2010-05-26 22:00:00+00:00";"39";"30";"76";"2021";"NON";"NON";"30166";"";"";"";"2021-10-06";"61928";""
"30167";"1199";"CC";"COM";"2017-05-17 22:00:00+00:00";"2014-12-10 23:00:00+00:00";"19";"30";"76";"2021";"NON";"NON";"30167";"";"";"";"2021-10-06";"134949";""
"30169";"3199";"PLU";"COM";"2017-04-12 22:00:00+00:00";"2014-09-24 22:00:00+00:00";"39";"30";"76";"2021";"NON";"NON";"30169";"";"";"";"2021-10-06";"61914";""
"30171";"3131";"PLU";"COM";"2009-02-12 23:00:00+00:00";"2001-12-20 23:00:00+00:00";"33";"30";"76";"2021";"NON";"NON";"30171";"";"";"";"2021-10-06";"52030";""
"30172";"3131";"PLU";"COM";"2009-03-26 23:00:00+00:00";"2002-12-29 23:00:00+00:00";"33";"30";"76";"2021";"NON";"NON";"30172";"";"";"";"2021-10-06";"52031";""
"30173";"3199";"PLU";"COM";"2021-03-16 23:00:00+00:00";"2017-09-26 22:00:00+00:00";"39";"30";"76";"2021";"NON";"NON";"30173";"";"";"";"2021-10-06";"158364";""
"30174";"3131";"PLU";"COM";"2011-09-13 22:00:00+00:00";"2002-02-14 23:00:00+00:00";"33";"30";"76";"2021";"NON";"NON";"30174";"";"";"";"2021-10-06";"61916";""
"30175";"1199";"CC";"COM";"2009-04-04 22:00:00+00:00";"2002-11-28 23:00:00+00:00";"19";"30";"76";"2021";"NON";"NON";"30175";"";"";"";"2021-10-06";"69180";""
"30176";"1499";"CC";"CC";"2018-04-10 22:00:00+00:00";"2014-06-24 22:00:00+00:00";"19";"30";"76";"2021";"NON";"NON";"30176";"";"";"";"2021-10-06";"121550";""
"30177";"3199";"PLU";"COM";"2017-11-28 23:00:00+00:00";"2012-07-04 22:00:00+00:00";"39";"30";"76";"2021";"NON";"NON";"30177";"";"";"";"2021-10-06";"109314";""
"30178";"3131";"PLU";"COM";"2011-08-29 22:00:00+00:00";"2003-12-01 23:00:00+00:00";"33";"30";"76";"2021";"NON";"NON";"30178";"";"";"";"2021-10-06";"61918";""
"30179";"3131";"PLU";"COM";"2006-06-28 22:00:00+00:00";"1995-11-26 23:00:00+00:00";"33";"30";"76";"2021";"NON";"NON";"30179";"";"";"";"2021-10-06";"58332";""
"30180";"3199";"PLU";"COM";"2017-03-20 23:00:00+00:00";"2010-02-03 23:00:00+00:00";"39";"30";"76";"2021";"NON";"NON";"30180";"";"";"";"2021-10-06";"64429";""
"30181";"1131";"CC";"COM";"2004-10-23 22:00:00+00:00";"2001-05-30 22:00:00+00:00";"13";"30";"76";"2021";"NON";"NON";"30181";"";"";"";"2021-10-06";"65303";""
"30182";"3199";"PLU";"COM";"2017-01-23 23:00:00+00:00";"2014-12-08 23:00:00+00:00";"39";"30";"76";"2021";"NON";"NON";"30182";"";"";"";"2021-10-06";"137055";""
"30183";"1199";"CC";"COM";"2016-12-26 23:00:00+00:00";"2014-09-24 22:00:00+00:00";"19";"30";"76";"2021";"NON";"NON";"30183";"";"";"";"2021-10-06";"132817";""
"30184";"3199";"PLU";"COM";"2019-05-02 22:00:00+00:00";"2003-05-05 22:00:00+00:00";"39";"30";"76";"2021";"NON";"NON";"30184";"";"";"";"2021-10-06";"61921";""
"30185";"3199";"PLU";"COM";"2019-05-26 22:00:00+00:00";"2014-03-06 23:00:00+00:00";"39";"30";"76";"2021";"NON";"NON";"30185";"";"";"";"2021-10-06";"129001";""
"30186";"3199";"PLU";"COM";"2010-10-19 22:00:00+00:00";"2004-11-15 23:00:00+00:00";"39";"30";"76";"2021";"NON";"NON";"30186";"";"";"";"2021-10-06";"52024";""
"30189";"3199";"PLU";"COM";"2018-07-06 22:00:00+00:00";"2010-05-28 22:00:00+00:00";"39";"30";"76";"2021";"NON";"NON";"30189";"";"";"";"2021-10-06";"61920";""
"30191";"3199";"PLU";"COM";"2011-04-10 22:00:00+00:00";"2006-02-27 23:00:00+00:00";"39";"30";"76";"2021";"NON";"NON";"30191";"";"";"";"2021-10-06";"61923";""
"30192";"3199";"PLU";"COM";"2014-03-16 23:00:00+00:00";"2008-12-21 23:00:00+00:00";"39";"30";"76";"2021";"NON";"NON";"30192";"";"";"";"2021-10-06";"65165";""
"30193";"3199";"PLU";"COM";"2018-12-19 23:00:00+00:00";"2014-11-19 23:00:00+00:00";"39";"30";"76";"2021";"NON";"NON";"30193";"";"";"";"2021-10-06";"133982";""
"30194";"1199";"CC";"COM";"2020-08-06 22:00:00+00:00";"2015-01-15 23:00:00+00:00";"19";"30";"76";"2021";"NON";"NON";"30194";"";"";"";"2021-10-06";"137980";""
"30195";"3131";"PLU";"COM";"2009-05-14 22:00:00+00:00";"2000-04-10 22:00:00+00:00";"33";"30";"76";"2021";"NON";"NON";"30195";"";"";"";"2021-10-06";"57200";""
"30196";"3199";"PLU";"COM";"2017-07-05 22:00:00+00:00";"2014-10-01 22:00:00+00:00";"39";"30";"76";"2021";"NON";"NON";"30196";"";"";"";"2021-10-06";"133955";""
"30197";"3199";"PLU";"COM";"2019-12-16 23:00:00+00:00";"2013-10-02 22:00:00+00:00";"39";"30";"76";"2021";"NON";"NON";"30197";"";"";"";"2021-10-06";"125093";""
"30198";"1199";"CC";"COM";"2013-07-31 22:00:00+00:00";"2007-05-15 22:00:00+00:00";"19";"30";"76";"2021";"NON";"NON";"30198";"";"";"";"2021-10-06";"66033";""
"30200";"3199";"PLU";"COM";"2013-06-26 22:00:00+00:00";"2005-11-24 23:00:00+00:00";"39";"30";"76";"2021";"NON";"NON";"30200";"";"";"";"2021-10-06";"61927";""
"30202";"3199";"PLU";"COM";"2015-02-25 23:00:00+00:00";"2008-05-06 22:00:00+00:00";"39";"30";"76";"2021";"NON";"NON";"30202";"";"";"";"2021-10-06";"61929";""
"30203";"3199";"PLU";"COM";"2013-04-21 22:00:00+00:00";"2003-04-03 22:00:00+00:00";"39";"30";"76";"2021";"NON";"NON";"30203";"";"";"";"2021-10-06";"61930";""
"30204";"1199";"CC";"COM";"2020-06-03 22:00:00+00:00";"2015-03-16 23:00:00+00:00";"19";"30";"76";"2021";"NON";"NON";"30204";"";"";"";"2021-10-06";"138754";""
"30206";"3131";"PLU";"COM";"2005-03-23 23:00:00+00:00";"2001-10-26 22:00:00+00:00";"33";"30";"76";"2021";"NON";"NON";"30206";"";"";"";"2021-10-06";"52032";""
"30210";"3131";"PLU";"COM";"2007-12-26 23:00:00+00:00";"2002-06-04 22:00:00+00:00";"33";"30";"76";"2021";"NON";"NON";"30210";"";"";"";"2021-10-06";"52034";""
"30211";"3199";"PLU";"COM";"2020-01-29 23:00:00+00:00";"2010-07-06 22:00:00+00:00";"39";"30";"76";"2021";"NON";"NON";"30211";"";"";"";"2021-10-06";"61922";""
"30212";"3131";"PLU";"COM";"2021-02-11 23:00:00+00:00";"2015-06-22 22:00:00+00:00";"33";"30";"76";"2021";"NON";"NON";"30212";"";"";"";"2021-10-06";"61932";""
"30214";"3199";"PLU";"COM";"2020-01-28 23:00:00+00:00";"2017-05-16 22:00:00+00:00";"39";"30";"76";"2021";"NON";"NON";"30214";"";"";"";"2021-10-06";"156499";""
"30215";"1199";"CC";"COM";"2011-01-29 23:00:00+00:00";"2004-11-24 23:00:00+00:00";"19";"30";"76";"2021";"NON";"NON";"30215";"";"";"";"2021-10-06";"69183";""
"30216";"1131";"CC";"COM";"2005-04-09 22:00:00+00:00";"2003-06-13 22:00:00+00:00";"13";"30";"76";"2021";"NON";"NON";"30216";"";"";"";"2021-10-06";"67926";""
"30217";"3199";"PLU";"COM";"2017-03-22 23:00:00+00:00";"2003-03-09 23:00:00+00:00";"39";"30";"76";"2021";"NON";"NON";"30217";"";"";"";"2021-10-06";"61933";""
"30218";"1199";"CC";"COM";"2013-09-23 22:00:00+00:00";"2009-10-18 22:00:00+00:00";"19";"30";"76";"2021";"NON";"NON";"30218";"";"";"";"2021-10-06";"126707";""
"30219";"1499";"CC";"CC";"2010-08-29 22:00:00+00:00";"2008-03-28 23:00:00+00:00";"19";"30";"76";"2021";"NON";"NON";"30219";"";"";"";"2021-10-06";"69184";""
"30221";"3199";"PLU";"COM";"2020-02-26 23:00:00+00:00";"2012-10-23 22:00:00+00:00";"39";"30";"76";"2021";"NON";"NON";"30221";"";"";"";"2021-10-06";"61934";""
"30223";"3199";"PLU";"COM";"2017-07-10 22:00:00+00:00";"2016-06-15 22:00:00+00:00";"39";"30";"76";"2021";"NON";"NON";"30223";"";"";"";"2021-10-06";"149274";""
"30224";"3199";"PLU";"COM";"2014-02-02 23:00:00+00:00";"2010-08-08 22:00:00+00:00";"39";"30";"76";"2021";"NON";"NON";"30224";"";"";"";"2021-10-06";"64431";""
"30226";"3199";"PLU";"COM";"2019-10-14 22:00:00+00:00";"2014-12-07 23:00:00+00:00";"39";"30";"76";"2021";"NON";"NON";"30226";"";"";"";"2021-10-06";"134852";""
"30228";"3199";"PLU";"COM";"2020-02-03 23:00:00+00:00";"2017-02-08 23:00:00+00:00";"39";"30";"76";"2021";"NON";"NON";"30228";"";"";"";"2021-10-06";"61937";""
"30229";"1199";"CC";"COM";"2010-08-16 22:00:00+00:00";"2006-02-02 23:00:00+00:00";"19";"30";"76";"2021";"NON";"NON";"30229";"";"";"";"2021-10-06";"69195";""
"30230";"3199";"PLU";"COM";"2019-12-09 23:00:00+00:00";"2015-12-13 23:00:00+00:00";"39";"30";"76";"2021";"NON";"NON";"30230";"";"";"";"2021-10-06";"61938";""
"30232";"1199";"CC";"COM";"2015-02-11 23:00:00+00:00";"2004-05-06 22:00:00+00:00";"19";"30";"76";"2021";"NON";"NON";"30232";"";"";"";"2021-10-06";"66850";""
"30233";"1199";"CC";"COM";"2009-09-22 22:00:00+00:00";"2004-08-30 22:00:00+00:00";"19";"30";"76";"2021";"NON";"NON";"30233";"";"";"";"2021-10-06";"69185";""
"30236";"1199";"CC";"COM";"2010-06-05 22:00:00+00:00";"2003-05-18 22:00:00+00:00";"19";"30";"76";"2021";"NON";"NON";"30236";"";"";"";"2021-10-06";"69186";""
"30237";"3131";"PLU";"COM";"2008-11-20 23:00:00+00:00";"2004-07-11 22:00:00+00:00";"33";"30";"76";"2021";"NON";"NON";"30237";"";"";"";"2021-10-06";"52043";""
"30239";"1199";"CC";"COM";"2017-12-18 23:00:00+00:00";"2004-11-21 23:00:00+00:00";"19";"30";"76";"2021";"NON";"NON";"30239";"";"";"";"2021-10-06";"66851";""
"30240";"3199";"PLU";"COM";"2007-01-21 23:00:00+00:00";"2002-07-07 22:00:00+00:00";"39";"30";"76";"2021";"NON";"NON";"30240";"";"";"";"2021-10-06";"52046";""
"30241";"3199";"PLU";"COM";"2013-04-24 22:00:00+00:00";"2009-04-14 22:00:00+00:00";"39";"30";"76";"2021";"NON";"NON";"30241";"";"";"";"2021-10-06";"61947";""
"30243";"3131";"PLU";"COM";"2009-08-31 22:00:00+00:00";"2002-02-04 23:00:00+00:00";"33";"30";"76";"2021";"NON";"NON";"30243";"";"";"";"2021-10-06";"52039";""
"30244";"1199";"CC";"COM";"2008-08-22 22:00:00+00:00";"2006-04-02 22:00:00+00:00";"19";"30";"76";"2021";"NON";"NON";"30244";"";"";"";"2021-10-06";"67927";""
"30245";"3199";"PLU";"COM";"2020-02-02 23:00:00+00:00";"2017-10-08 22:00:00+00:00";"39";"30";"76";"2021";"NON";"NON";"30245";"";"";"";"2021-10-06";"158902";""
"30247";"1199";"CC";"COM";"2003-03-08 23:00:00+00:00";"2001-11-02 23:00:00+00:00";"19";"30";"76";"2021";"NON";"NON";"30247";"";"";"";"2021-10-06";"106081";""
"30249";"3199";"PLU";"COM";"2013-03-21 23:00:00+00:00";"2010-01-28 23:00:00+00:00";"39";"30";"76";"2021";"NON";"NON";"30249";"";"";"";"2021-10-06";"61939";""
"30251";"3131";"PLU";"COM";"2005-12-04 23:00:00+00:00";"2002-01-22 23:00:00+00:00";"33";"30";"76";"2021";"NON";"NON";"30251";"";"";"";"2021-10-06";"58352";""
"30253";"3131";"PLU";"COM";"2006-03-10 23:00:00+00:00";"2001-06-11 22:00:00+00:00";"33";"30";"76";"2021";"NON";"NON";"30253";"";"";"";"2021-10-06";"52050";""
"30257";"3199";"PLU";"COM";"2018-05-01 22:00:00+00:00";"2009-05-25 22:00:00+00:00";"39";"30";"76";"2021";"NON";"NON";"30257";"";"";"";"2021-10-06";"63864";""
"30258";"3131";"PLU";"COM";"2018-03-26 22:00:00+00:00";"2015-11-16 23:00:00+00:00";"33";"30";"76";"2021";"NON";"NON";"30258";"";"";"";"2021-10-06";"61943";""
"30260";"3199";"PLU";"COM";"2006-11-07 23:00:00+00:00";"2002-02-05 23:00:00+00:00";"39";"30";"76";"2021";"NON";"NON";"30260";"";"";"";"2021-10-06";"52053";""
"30261";"3199";"PLU";"COM";"2010-10-04 22:00:00+00:00";"2002-02-20 23:00:00+00:00";"39";"30";"76";"2021";"NON";"NON";"30261";"";"";"";"2021-10-06";"52044";""
"30262";"3199";"PLU";"COM";"2014-02-20 23:00:00+00:00";"2008-10-20 22:00:00+00:00";"39";"30";"76";"2021";"NON";"NON";"30262";"";"";"";"2021-10-06";"49419";""
"30263";"3199";"PLU";"COM";"2013-10-16 22:00:00+00:00";"2003-12-03 23:00:00+00:00";"39";"30";"76";"2021";"NON";"NON";"30263";"";"";"";"2021-10-06";"61945";""
"30264";"3131";"PLU";"COM";"2007-10-04 22:00:00+00:00";"2004-05-06 22:00:00+00:00";"33";"30";"76";"2021";"NON";"NON";"30264";"";"";"";"2021-10-06";"60220";""
"30265";"1199";"CC";"COM";"2008-05-02 22:00:00+00:00";"2002-04-25 22:00:00+00:00";"19";"30";"76";"2021";"NON";"NON";"30265";"";"";"";"2021-10-06";"69199";""
"30266";"3199";"PLU";"COM";"2019-06-24 22:00:00+00:00";"2014-06-11 22:00:00+00:00";"39";"30";"76";"2021";"NON";"NON";"30266";"";"";"";"2021-10-06";"142190";""
"30269";"3131";"PLU";"COM";"2009-07-15 22:00:00+00:00";"2001-06-27 22:00:00+00:00";"33";"30";"76";"2021";"NON";"NON";"30269";"";"";"";"2021-10-06";"52045";""
"30270";"3131";"PLU";"COM";"2011-03-16 23:00:00+00:00";"2003-11-11 23:00:00+00:00";"33";"30";"76";"2021";"NON";"NON";"30270";"";"";"";"2021-10-06";"52047";""
"30273";"3131";"PLU";"COM";"2008-11-17 23:00:00+00:00";"2002-06-10 22:00:00+00:00";"33";"30";"76";"2021";"NON";"NON";"30273";"";"";"";"2021-10-06";"52056";""
"30274";"3199";"PLU";"COM";"2020-02-19 23:00:00+00:00";"2015-12-09 23:00:00+00:00";"39";"30";"76";"2021";"NON";"NON";"30274";"";"";"";"2021-10-06";"52049";""
"30275";"3131";"PLU";"COM";"2008-07-07 22:00:00+00:00";"2004-04-07 22:00:00+00:00";"33";"30";"76";"2021";"NON";"NON";"30275";"";"";"";"2021-10-06";"52057";""
"30276";"3199";"PLU";"COM";"2018-03-12 23:00:00+00:00";"2013-09-04 22:00:00+00:00";"39";"30";"76";"2021";"NON";"NON";"30276";"";"";"";"2021-10-06";"61950";""
"30277";"3199";"PLU";"COM";"2007-06-03 22:00:00+00:00";"2003-03-05 23:00:00+00:00";"39";"30";"76";"2021";"NON";"NON";"30277";"";"";"";"2021-10-06";"52058";""
"30278";"3131";"PLU";"COM";"2007-03-07 23:00:00+00:00";"2004-04-04 22:00:00+00:00";"33";"30";"76";"2021";"NON";"NON";"30278";"";"";"";"2021-10-06";"60222";""
"30279";"3199";"PLU";"COM";"2008-02-24 23:00:00+00:00";"2002-07-28 22:00:00+00:00";"39";"30";"76";"2021";"NON";"NON";"30279";"";"";"";"2021-10-06";"52059";""
"30281";"3131";"PLU";"COM";"2017-04-17 22:00:00+00:00";"2011-02-23 23:00:00+00:00";"33";"30";"76";"2021";"NON";"NON";"30281";"";"";"";"2021-10-06";"63868";""
"30282";"3199";"PLU";"COM";"2014-03-17 23:00:00+00:00";"2010-03-03 23:00:00+00:00";"39";"30";"76";"2021";"NON";"NON";"30282";"";"";"";"2021-10-06";"63869";""
"30284";"3199";"PLU";"COM";"2010-03-14 23:00:00+00:00";"2001-09-26 22:00:00+00:00";"39";"30";"76";"2021";"NON";"NON";"30284";"";"";"";"2021-10-06";"52051";""
"30285";"3199";"PLU";"COM";"2020-03-08 23:00:00+00:00";"2015-12-20 23:00:00+00:00";"39";"30";"76";"2021";"NON";"NON";"30285";"";"";"";"2021-10-06";"146584";""
"30286";"3199";"PLU";"COM";"2005-07-06 22:00:00+00:00";"2000-11-23 23:00:00+00:00";"39";"30";"76";"2021";"NON";"NON";"30286";"";"";"";"2021-10-06";"52061";""
"30287";"3199";"PLU";"COM";"2010-03-11 23:00:00+00:00";"2006-04-23 22:00:00+00:00";"39";"30";"76";"2021";"NON";"NON";"30287";"";"";"";"2021-10-06";"52052";""
"30289";"1199";"CC";"COM";"2018-10-31 23:00:00+00:00";"2009-06-28 22:00:00+00:00";"19";"30";"76";"2021";"NON";"NON";"30289";"";"";"";"2021-10-06";"66853";""
"30290";"3199";"PLU";"COM";"2012-12-18 23:00:00+00:00";"2007-02-14 23:00:00+00:00";"39";"30";"76";"2021";"NON";"NON";"30290";"";"";"";"2021-10-06";"61952";""
"30291";"3131";"PLU";"COM";"2008-02-20 23:00:00+00:00";"2001-11-29 23:00:00+00:00";"33";"30";"76";"2021";"NON";"NON";"30291";"";"";"";"2021-10-06";"58354";""
"30293";"1111";"CC";"COM";"2012-08-26 22:00:00+00:00";"2011-02-17 23:00:00+00:00";"11";"30";"76";"2021";"NON";"NON";"30293";"";"";"";"2021-10-06";"65688";""
"30294";"3199";"PLU";"COM";"2019-03-10 23:00:00+00:00";"2014-05-11 22:00:00+00:00";"39";"30";"76";"2021";"NON";"NON";"30294";"";"";"";"2021-10-06";"130407";""
"30295";"3199";"PLU";"COM";"2014-07-30 22:00:00+00:00";"2002-05-15 22:00:00+00:00";"39";"30";"76";"2021";"NON";"NON";"30295";"";"";"";"2021-10-06";"61954";""
"30298";"3199";"PLU";"COM";"2008-12-17 23:00:00+00:00";"2002-09-23 22:00:00+00:00";"39";"30";"76";"2021";"NON";"NON";"30298";"";"";"";"2021-10-06";"52063";""
"30299";"3199";"PLU";"COM";"2019-11-06 23:00:00+00:00";"2010-12-13 23:00:00+00:00";"39";"30";"76";"2021";"NON";"NON";"30299";"";"";"";"2021-10-06";"61955";""
"30300";"3199";"PLU";"COM";"2009-01-18 23:00:00+00:00";"2006-06-29 22:00:00+00:00";"39";"30";"76";"2021";"NON";"NON";"30300";"";"";"";"2021-10-06";"52064";""
"30301";"1131";"CC";"COM";"2008-12-08 23:00:00+00:00";"2007-12-31 23:00:00+00:00";"13";"30";"76";"2021";"NON";"NON";"30301";"";"";"";"2021-10-06";"79227";""
"30302";"3199";"PLU";"COM";"2014-01-20 23:00:00+00:00";"2009-10-26 23:00:00+00:00";"39";"30";"76";"2021";"NON";"NON";"30302";"";"";"";"2021-10-06";"61976";""
"30303";"3199";"PLU";"COM";"2016-12-15 23:00:00+00:00";"2012-03-05 23:00:00+00:00";"39";"30";"76";"2021";"NON";"NON";"30303";"";"";"";"2021-10-06";"106587";""
"30304";"3199";"PLU";"COM";"2006-06-28 22:00:00+00:00";"2003-03-12 23:00:00+00:00";"39";"30";"76";"2021";"NON";"NON";"30304";"";"";"";"2021-10-06";"52065";""
"30305";"3199";"PLU";"COM";"2017-10-03 22:00:00+00:00";"2013-02-20 23:00:00+00:00";"39";"30";"76";"2021";"NON";"NON";"30305";"";"";"";"2021-10-06";"121542";""
"30306";"3199";"PLU";"COM";"2019-12-03 23:00:00+00:00";"2014-11-16 23:00:00+00:00";"39";"30";"76";"2021";"NON";"NON";"30306";"";"";"";"2021-10-06";"134171";""
"30307";"3199";"PLU";"COM";"2021-02-04 23:00:00+00:00";"2018-09-13 22:00:00+00:00";"39";"30";"76";"2021";"NON";"NON";"30307";"";"";"";"2021-10-06";"165481";""
"30308";"3199";"PLU";"COM";"2017-03-14 23:00:00+00:00";"2007-07-22 22:00:00+00:00";"39";"30";"76";"2021";"NON";"NON";"30308";"";"";"";"2021-10-06";"61958";""
"30309";"1199";"CC";"COM";"2014-05-26 22:00:00+00:00";"2012-09-10 22:00:00+00:00";"19";"30";"76";"2021";"NON";"NON";"30309";"";"";"";"2021-10-06";"109328";""
"30310";"3199";"PLU";"COM";"2009-07-01 22:00:00+00:00";"2004-04-27 22:00:00+00:00";"39";"30";"76";"2021";"NON";"NON";"30310";"";"";"";"2021-10-06";"52070";""
"30311";"3131";"PLU";"COM";"2007-12-05 23:00:00+00:00";"2003-07-17 22:00:00+00:00";"33";"30";"76";"2021";"NON";"NON";"30311";"";"";"";"2021-10-06";"52067";""
"30312";"3199";"PLU";"COM";"2019-05-12 22:00:00+00:00";"2015-01-26 23:00:00+00:00";"39";"30";"76";"2021";"NON";"NON";"30312";"";"";"";"2021-10-06";"109326";""
"30313";"3199";"PLU";"COM";"2018-04-11 22:00:00+00:00";"2015-03-30 22:00:00+00:00";"39";"30";"76";"2021";"NON";"NON";"30313";"";"";"";"2021-10-06";"61960";""
"30315";"3199";"PLU";"COM";"2017-02-22 23:00:00+00:00";"2012-01-25 23:00:00+00:00";"39";"30";"76";"2021";"NON";"NON";"30315";"";"";"";"2021-10-06";"121614";""
"30316";"3199";"PLU";"COM";"2019-06-30 22:00:00+00:00";"2015-06-07 22:00:00+00:00";"39";"30";"76";"2021";"NON";"NON";"30316";"";"";"";"2021-10-06";"49423";""
"30317";"3131";"PLU";"COM";"2013-03-21 23:00:00+00:00";"2004-05-11 22:00:00+00:00";"33";"30";"76";"2021";"NON";"NON";"30317";"";"";"";"2021-10-06";"61962";""
"30318";"1199";"CC";"COM";"2004-09-08 22:00:00+00:00";"2003-01-20 23:00:00+00:00";"19";"30";"76";"2021";"NON";"NON";"30318";"";"";"";"2021-10-06";"67930";""
"30319";"3199";"PLU";"COM";"2020-10-27 23:00:00+00:00";"2018-09-18 22:00:00+00:00";"39";"30";"76";"2021";"NON";"NON";"30319";"";"";"";"2021-10-06";"165189";""
"30320";"3199";"PLU";"COM";"2007-04-16 22:00:00+00:00";"2004-05-13 22:00:00+00:00";"39";"30";"76";"2021";"NON";"NON";"30320";"";"";"";"2021-10-06";"52068";""
"30321";"3131";"PLU";"COM";"2008-02-25 23:00:00+00:00";"2002-10-08 22:00:00+00:00";"33";"30";"76";"2021";"NON";"NON";"30321";"";"";"";"2021-10-06";"52069";""
"30322";"1199";"CC";"COM";"2008-03-10 23:00:00+00:00";"2002-06-25 22:00:00+00:00";"19";"30";"76";"2021";"NON";"NON";"30322";"";"";"";"2021-10-06";"69200";""
"30324";"3199";"PLU";"COM";"2020-09-27 22:00:00+00:00";"2015-01-11 23:00:00+00:00";"39";"30";"76";"2021";"NON";"NON";"30324";"";"";"";"2021-10-06";"146595";""
"30328";"3199";"PLU";"COM";"2006-07-12 22:00:00+00:00";"2001-09-25 22:00:00+00:00";"39";"30";"76";"2021";"NON";"NON";"30328";"";"";"";"2021-10-06";"52073";""
"30330";"3199";"PLU";"COM";"2018-06-25 22:00:00+00:00";"2015-09-23 22:00:00+00:00";"39";"30";"76";"2021";"NON";"NON";"30330";"";"";"";"2021-10-06";"61965";""
"30331";"3131";"PLU";"COM";"2012-04-09 22:00:00+00:00";"2007-01-31 23:00:00+00:00";"33";"30";"76";"2021";"NON";"NON";"30331";"";"";"";"2021-10-06";"61966";""
"30333";"3199";"PLU";"COM";"2020-02-26 23:00:00+00:00";"2014-09-25 22:00:00+00:00";"39";"30";"76";"2021";"NON";"NON";"30333";"";"";"";"2021-10-06";"61967";""
"30334";"3131";"PLU";"COM";"2006-04-27 22:00:00+00:00";"2002-12-08 23:00:00+00:00";"33";"30";"76";"2021";"NON";"NON";"30334";"";"";"";"2021-10-06";"58378";""
"30335";"1199";"CC";"COM";"2014-09-10 22:00:00+00:00";"2012-03-29 22:00:00+00:00";"19";"30";"76";"2021";"NON";"NON";"30335";"";"";"";"2021-10-06";"114210";""
"30336";"3199";"PLU";"COM";"2016-04-20 22:00:00+00:00";"2009-02-23 23:00:00+00:00";"39";"30";"76";"2021";"NON";"NON";"30336";"";"";"";"2021-10-06";"61979";""
"30337";"3131";"PLU";"COM";"2013-04-28 22:00:00+00:00";"2009-11-15 23:00:00+00:00";"33";"30";"76";"2021";"NON";"NON";"30337";"";"";"";"2021-10-06";"65161";""
"30339";"3131";"PLU";"COM";"2017-07-05 22:00:00+00:00";"2015-01-27 23:00:00+00:00";"33";"30";"76";"2021";"NON";"NON";"30339";"";"";"";"2021-10-06";"61980";""
"30341";"3131";"PLU";"COM";"2010-02-28 23:00:00+00:00";"2008-06-25 22:00:00+00:00";"33";"30";"76";"2021";"NON";"NON";"30341";"";"";"";"2021-10-06";"58379";""
"30342";"3131";"PLU";"COM";"2013-06-26 22:00:00+00:00";"2008-07-16 22:00:00+00:00";"33";"30";"76";"2021";"NON";"NON";"30342";"";"";"";"2021-10-06";"61971";""
"30343";"1131";"CC";"COM";"2005-10-11 22:00:00+00:00";"2001-05-27 22:00:00+00:00";"13";"30";"76";"2021";"NON";"NON";"30343";"";"";"";"2021-10-06";"64852";""
"30344";"3131";"PLU";"COM";"2005-09-27 22:00:00+00:00";"2003-12-16 23:00:00+00:00";"33";"30";"76";"2021";"NON";"NON";"30344";"";"";"";"2021-10-06";"52076";""
"30346";"3199";"PLU";"COM";"2018-12-04 23:00:00+00:00";"2015-12-01 23:00:00+00:00";"39";"30";"76";"2021";"NON";"NON";"30346";"";"";"";"2021-10-06";"61972";""
"30347";"3199";"PLU";"COM";"2015-11-18 23:00:00+00:00";"2005-12-18 23:00:00+00:00";"39";"30";"76";"2021";"NON";"NON";"30347";"";"";"";"2021-10-06";"61973";""
"30348";"3199";"PLU";"COM";"2016-02-02 23:00:00+00:00";"2014-09-30 22:00:00+00:00";"39";"30";"76";"2021";"NON";"NON";"30348";"";"";"";"2021-10-06";"132834";""
"30349";"3199";"PLU";"COM";"2019-05-28 22:00:00+00:00";"2017-06-29 22:00:00+00:00";"39";"30";"76";"2021";"NON";"NON";"30349";"";"";"";"2021-10-06";"137058";""
"30350";"3499";"PLU";"CC";"2012-06-28 22:00:00+00:00";"2004-09-16 22:00:00+00:00";"39";"30";"76";"2021";"NON";"NON";"30350";"";"";"";"2021-10-06";"61975";""
"30351";"3199";"PLU";"COM";"2020-07-01 22:00:00+00:00";"2013-09-25 22:00:00+00:00";"39";"30";"76";"2021";"NON";"NON";"30351";"";"";"";"2021-10-06";"125084";""
"30352";"3131";"PLU";"COM";"2008-07-07 22:00:00+00:00";"2001-12-20 23:00:00+00:00";"33";"30";"76";"2021";"NON";"NON";"30352";"";"";"";"2021-10-06";"52079";""
"30353";"1499";"CC";"CC";"2009-01-27 23:00:00+00:00";"2002-03-28 23:00:00+00:00";"19";"30";"76";"2021";"NON";"NON";"30353";"";"";"";"2021-10-06";"69201";""
"30354";"3199";"PLU";"COM";"2006-02-19 23:00:00+00:00";"2004-04-19 22:00:00+00:00";"39";"30";"76";"2021";"NON";"NON";"30354";"";"";"";"2021-10-06";"52080";""
"30355";"3199";"PLU";"COM";"2007-10-07 22:00:00+00:00";"2002-09-18 22:00:00+00:00";"39";"30";"76";"2021";"NON";"NON";"30355";"";"";"";"2021-10-06";"52081";""
"30356";"3131";"PLU";"COM";"2017-02-26 23:00:00+00:00";"2007-06-20 22:00:00+00:00";"33";"30";"76";"2021";"NON";"NON";"30356";"";"";"";"2021-10-06";"61977";""
"31001";"3433";"PLU";"CC";"2013-06-23 22:00:00+00:00";"2008-12-11 23:00:00+00:00";"33";"31";"76";"2021";"NON";"NON";"200072643";"";"";"";"2021-10-06";"79749";""
"31002";"3199";"PLU";"COM";"2009-05-19 22:00:00+00:00";"2005-03-24 23:00:00+00:00";"39";"31";"76";"2021";"NON";"NON";"31002";"";"";"";"2021-10-06";"52083";""
"31003";"3499";"PLU";"MET";"2005-03-14 23:00:00+00:00";"2001-09-17 22:00:00+00:00";"39";"31";"76";"2021";"NON";"NON";"243100518";"";"";"";"2021-10-06";"52077";""
"31004";"3199";"PLU";"COM";"2018-02-18 23:00:00+00:00";"2003-05-14 22:00:00+00:00";"39";"31";"76";"2021";"NON";"NON";"31004";"";"";"";"2021-10-06";"64433";""
"31005";"3399";"PLUi/PLUiS";"CC";"2017-09-24 22:00:00+00:00";"2013-03-13 23:00:00+00:00";"39";"31";"76";"2021";"OUI";"NON";"200072643";"";"";"";"2021-10-06";"121429";""
"31008";"3433";"PLU";"CC";"2013-06-23 22:00:00+00:00";"2008-12-11 23:00:00+00:00";"33";"31";"76";"2021";"NON";"NON";"200072643";"";"";"";"2021-10-06";"50229";""
"31009";"3199";"PLU";"COM";"2011-03-14 23:00:00+00:00";"2003-12-27 23:00:00+00:00";"39";"31";"76";"2021";"NON";"NON";"31009";"";"";"";"2021-10-06";"49426";""
"31012";"1199";"CC";"COM";"2011-03-08 23:00:00+00:00";"2006-03-31 22:00:00+00:00";"19";"31";"76";"2021";"NON";"NON";"31012";"";"";"";"2021-10-06";"66036";""
"31013";"1199";"CC";"COM";"2010-01-14 23:00:00+00:00";"2007-02-14 23:00:00+00:00";"19";"31";"76";"2021";"NON";"NON";"31013";"";"";"";"2021-10-06";"69202";""
"31021";"1433";"CC";"CC";"2009-10-25 23:00:00+00:00";"2006-10-05 22:00:00+00:00";"13";"31";"76";"2021";"NON";"NON";"200072643";"";"";"";"2021-10-06";"69196";""
"31022";"3499";"PLU";"MET";"2011-12-18 23:00:00+00:00";"2004-12-20 23:00:00+00:00";"39";"31";"76";"2021";"NON";"NON";"243100518";"";"";"";"2021-10-06";"61982";""
"31023";"3399";"PLUi/PLUiS";"CC";"2017-09-24 22:00:00+00:00";"2013-03-13 23:00:00+00:00";"39";"31";"76";"2021";"OUI";"NON";"200072643";"";"";"";"2021-10-06";"121429";""
"31024";"3199";"PLU";"COM";"2010-08-10 22:00:00+00:00";"2004-02-29 23:00:00+00:00";"39";"31";"76";"2021";"NON";"NON";"31024";"";"";"";"2021-10-06";"52095";""
"31025";"3199";"PLU";"COM";"2007-03-07 23:00:00+00:00";"2004-01-06 23:00:00+00:00";"39";"31";"76";"2021";"NON";"NON";"31025";"";"";"";"2021-10-06";"52086";""
"31026";"3131";"PLU";"COM";"2013-11-06 23:00:00+00:00";"2008-12-03 23:00:00+00:00";"33";"31";"76";"2021";"NON";"NON";"31026";"";"";"";"2021-10-06";"65166";""
"31028";"3399";"PLUi/PLUiS";"CC";"2017-09-24 22:00:00+00:00";"2013-03-13 23:00:00+00:00";"39";"31";"76";"2021";"OUI";"NON";"200072643";"";"";"";"2021-10-06";"121429";""
"31029";"1199";"CC";"COM";"2004-12-14 23:00:00+00:00";"2001-09-26 22:00:00+00:00";"19";"31";"76";"2021";"NON";"NON";"31029";"";"";"";"2021-10-06";"67931";""
"31032";"3499";"PLU";"MET";"2012-10-10 22:00:00+00:00";"2010-02-11 23:00:00+00:00";"39";"31";"76";"2021";"NON";"NON";"243100518";"";"";"";"2021-10-06";"72299";""
"31033";"3131";"PLU";"COM";"2012-05-28 22:00:00+00:00";"2007-07-16 22:00:00+00:00";"33";"31";"76";"2021";"NON";"NON";"31033";"";"";"";"2021-10-06";"61983";""
"31034";"3199";"PLU";"COM";"2008-02-22 23:00:00+00:00";"2003-01-17 23:00:00+00:00";"39";"31";"76";"2021";"NON";"NON";"31034";"";"";"";"2021-10-06";"52096";""
"31035";"3131";"PLU";"COM";"2007-12-17 23:00:00+00:00";"2001-09-19 22:00:00+00:00";"33";"31";"76";"2021";"NON";"NON";"31035";"";"";"";"2021-10-06";"52087";""
"31036";"3131";"PLU";"COM";"2012-11-19 23:00:00+00:00";"2008-03-20 23:00:00+00:00";"33";"31";"76";"2021";"NON";"NON";"31036";"";"";"";"2021-10-06";"61984";""
"31037";"3131";"PLU";"COM";"2015-07-27 22:00:00+00:00";"2009-02-16 23:00:00+00:00";"33";"31";"76";"2021";"NON";"NON";"31037";"";"";"";"2021-10-06";"61986";""
"31038";"3131";"PLU";"COM";"2019-10-15 22:00:00+00:00";"2008-05-27 22:00:00+00:00";"33";"31";"76";"2021";"NON";"NON";"31038";"";"";"";"2021-10-06";"61985";""
"31039";"3399";"PLUi/PLUiS";"CC";"2017-09-24 22:00:00+00:00";"2013-03-13 23:00:00+00:00";"39";"31";"76";"2021";"OUI";"NON";"200072643";"";"";"";"2021-10-06";"121429";""
"31042";"3199";"PLU";"COM";"2006-01-12 23:00:00+00:00";"2001-06-24 22:00:00+00:00";"39";"31";"76";"2021";"NON";"NON";"31042";"";"";"";"2021-10-06";"52088";""
"31043";"3433";"PLU";"CC";"2016-11-16 23:00:00+00:00";"2011-04-28 22:00:00+00:00";"33";"31";"76";"2021";"NON";"NON";"200072643";"";"";"";"2021-10-06";"71620";""
"31044";"3499";"PLU";"MET";"2005-09-21 22:00:00+00:00";"2002-03-26 23:00:00+00:00";"39";"31";"76";"2021";"NON";"NON";"243100518";"";"";"";"2021-10-06";"299";""
"31045";"1199";"CC";"COM";"2008-03-04 23:00:00+00:00";"2004-03-28 22:00:00+00:00";"19";"31";"76";"2021";"NON";"NON";"31045";"";"";"";"2021-10-06";"69203";""
"31047";"1199";"CC";"COM";"2008-07-29 22:00:00+00:00";"2005-06-23 22:00:00+00:00";"19";"31";"76";"2021";"NON";"NON";"31047";"";"";"";"2021-10-06";"67932";""
"31048";"3199";"PLU";"COM";"2013-01-29 23:00:00+00:00";"2010-03-03 23:00:00+00:00";"39";"31";"76";"2021";"NON";"NON";"31048";"";"";"";"2021-10-06";"61990";""
"31049";"3199";"PLU";"COM";"2018-06-27 22:00:00+00:00";"2014-10-09 22:00:00+00:00";"39";"31";"76";"2021";"NON";"NON";"31049";"";"";"";"2021-10-06";"129110";""
"31050";"1199";"CC";"COM";"2008-09-30 22:00:00+00:00";"2005-09-01 22:00:00+00:00";"19";"31";"76";"2021";"NON";"NON";"31050";"";"";"";"2021-10-06";"69204";""
"31051";"1199";"CC";"COM";"2010-09-13 22:00:00+00:00";"2002-07-23 22:00:00+00:00";"19";"31";"76";"2021";"NON";"NON";"31051";"";"";"";"2021-10-06";"69205";""
"31052";"3199";"PLU";"COM";"2019-09-29 22:00:00+00:00";"2014-09-28 22:00:00+00:00";"39";"31";"76";"2021";"NON";"NON";"31052";"";"";"";"2021-10-06";"132811";""
"31053";"2499";"POS";"MET";"1997-04-17 22:00:00+00:00";"1992-10-29 23:00:00+00:00";"29";"31";"76";"2021";"NON";"NON";"243100518";"";"";"";"2021-10-06";"58401";""
"31054";"3199";"PLU";"COM";"2014-03-13 23:00:00+00:00";"2011-03-17 23:00:00+00:00";"39";"31";"76";"2021";"NON";"NON";"31054";"";"";"";"2021-10-06";"71621";""
"31055";"3199";"PLU";"COM";"2013-06-02 22:00:00+00:00";"2010-03-10 23:00:00+00:00";"39";"31";"76";"2021";"NON";"NON";"31055";"";"";"";"2021-10-06";"49988";""
"31056";"3499";"PLU";"MET";"2006-01-29 23:00:00+00:00";"2004-03-28 22:00:00+00:00";"39";"31";"76";"2021";"NON";"NON";"243100518";"";"";"";"2021-10-06";"52090";""
"31057";"3199";"PLU";"COM";"2016-09-25 22:00:00+00:00";"2013-01-27 23:00:00+00:00";"39";"31";"76";"2021";"NON";"NON";"31057";"";"";"";"2021-10-06";"63870";""
"31058";"1199";"CC";"COM";"2008-11-23 23:00:00+00:00";"2002-06-26 22:00:00+00:00";"19";"31";"76";"2021";"NON";"NON";"31058";"";"";"";"2021-10-06";"69206";""
"31062";"1199";"CC";"COM";"2008-02-19 23:00:00+00:00";"2005-04-07 22:00:00+00:00";"19";"31";"76";"2021";"NON";"NON";"31062";"";"";"";"2021-10-06";"67933";""
"31063";"3399";"PLUi/PLUiS";"CC";"2017-09-24 22:00:00+00:00";"2013-03-13 23:00:00+00:00";"39";"31";"76";"2021";"OUI";"NON";"200072643";"";"";"";"2021-10-06";"121429";""
"31065";"3199";"PLU";"COM";"2013-04-14 22:00:00+00:00";"2010-06-08 22:00:00+00:00";"39";"31";"76";"2021";"NON";"NON";"31065";"";"";"";"2021-10-06";"61988";""
"31066";"3199";"PLU";"COM";"2019-07-02 22:00:00+00:00";"2015-05-19 22:00:00+00:00";"39";"31";"76";"2021";"NON";"NON";"31066";"";"";"";"2021-10-06";"139537";""
"31068";"3199";"PLU";"COM";"2016-05-22 22:00:00+00:00";"2012-01-22 23:00:00+00:00";"39";"31";"76";"2021";"NON";"NON";"31068";"";"";"";"2021-10-06";"120402";""
"31069";"3499";"PLU";"MET";"2005-12-14 23:00:00+00:00";"2004-03-30 22:00:00+00:00";"39";"31";"76";"2021";"NON";"NON";"243100518";"";"";"";"2021-10-06";"281";""
"31070";"3433";"PLU";"CC";"2009-05-17 22:00:00+00:00";"2003-04-04 22:00:00+00:00";"33";"31";"76";"2021";"NON";"NON";"200072643";"";"";"";"2021-10-06";"56799";""
"31071";"1131";"CC";"COM";"2009-05-24 22:00:00+00:00";"2008-10-02 22:00:00+00:00";"13";"31";"76";"2021";"NON";"NON";"31071";"";"";"";"2021-10-06";"85166";""
"31072";"3433";"PLU";"CC";"2013-06-23 22:00:00+00:00";"2008-12-11 23:00:00+00:00";"33";"31";"76";"2021";"NON";"NON";"200072643";"";"";"";"2021-10-06";"50231";""
"31073";"1199";"CC";"COM";"2006-05-04 22:00:00+00:00";"2002-02-07 23:00:00+00:00";"19";"31";"76";"2021";"NON";"NON";"31073";"";"";"";"2021-10-06";"69207";""
"31074";"3131";"PLU";"COM";"2013-06-18 22:00:00+00:00";"2009-03-23 23:00:00+00:00";"33";"31";"76";"2021";"NON";"NON";"31074";"";"";"";"2021-10-06";"63871";""
"31075";"3131";"PLU";"COM";"2005-10-16 22:00:00+00:00";"2001-06-28 22:00:00+00:00";"33";"31";"76";"2021";"NON";"NON";"31075";"";"";"";"2021-10-06";"52092";""
"31076";"3433";"PLU";"CC";"2009-04-20 22:00:00+00:00";"2002-02-24 23:00:00+00:00";"33";"31";"76";"2021";"NON";"NON";"200072643";"";"";"";"2021-10-06";"56800";""
"31077";"1199";"CC";"COM";"2008-05-08 22:00:00+00:00";"2003-06-12 22:00:00+00:00";"19";"31";"76";"2021";"NON";"NON";"31077";"";"";"";"2021-10-06";"69208";""
"31078";"1433";"CC";"CC";"2008-03-04 23:00:00+00:00";"2005-07-26 22:00:00+00:00";"13";"31";"76";"2021";"NON";"NON";"200072643";"";"";"";"2021-10-06";"67934";""
"31079";"3199";"PLU";"COM";"2018-11-07 23:00:00+00:00";"2015-04-29 22:00:00+00:00";"39";"31";"76";"2021";"NON";"NON";"31079";"";"";"";"2021-10-06";"138917";""
"31080";"3433";"PLU";"CC";"2011-06-26 22:00:00+00:00";"2002-04-18 22:00:00+00:00";"33";"31";"76";"2021";"NON";"NON";"200072643";"";"";"";"2021-10-06";"61991";""
"31082";"3131";"PLU";"COM";"2008-11-02 23:00:00+00:00";"2004-06-06 22:00:00+00:00";"33";"31";"76";"2021";"NON";"NON";"31082";"";"";"";"2021-10-06";"52097";""
"31083";"3399";"PLUi/PLUiS";"CC";"2017-09-24 22:00:00+00:00";"2013-03-13 23:00:00+00:00";"39";"31";"76";"2021";"OUI";"NON";"200072643";"";"";"";"2021-10-06";"121429";""
"31084";"3199";"PLU";"COM";"2020-03-01 23:00:00+00:00";"2017-01-08 23:00:00+00:00";"39";"31";"76";"2021";"NON";"NON";"31084";"";"";"";"2021-10-06";"155154";""
"31085";"3199";"PLU";"COM";"2010-08-18 22:00:00+00:00";"2006-01-12 23:00:00+00:00";"39";"31";"76";"2021";"NON";"NON";"31085";"";"";"";"2021-10-06";"57427";""
"31086";"3399";"PLUi/PLUiS";"CC";"2017-09-24 22:00:00+00:00";"2013-03-13 23:00:00+00:00";"39";"31";"76";"2021";"OUI";"NON";"200072643";"";"";"";"2021-10-06";"121429";""
"31088";"2499";"POS";"MET";"2000-04-19 22:00:00+00:00";"1994-03-28 22:00:00+00:00";"29";"31";"76";"2021";"NON";"NON";"243100518";"";"";"";"2021-10-06";"52098";""
"31089";"3199";"PLU";"COM";"2019-12-02 23:00:00+00:00";"2013-05-27 22:00:00+00:00";"39";"31";"76";"2021";"NON";"NON";"31089";"";"";"";"2021-10-06";"122270";""
"31090";"3199";"PLU";"COM";"2021-03-04 23:00:00+00:00";"2007-11-12 23:00:00+00:00";"39";"31";"76";"2021";"NON";"NON";"31090";"";"";"";"2021-10-06";"49434";""
"31091";"3499";"PLU";"MET";"2013-06-26 22:00:00+00:00";"2011-06-22 22:00:00+00:00";"39";"31";"76";"2021";"NON";"NON";"243100518";"";"";"";"2021-10-06";"71623";""
"31093";"3199";"PLU";"COM";"2011-11-28 23:00:00+00:00";"2003-10-29 23:00:00+00:00";"39";"31";"76";"2021";"NON";"NON";"31093";"";"";"";"2021-10-06";"49435";""
"31094";"3199";"PLU";"COM";"2012-09-13 22:00:00+00:00";"2011-02-10 23:00:00+00:00";"39";"31";"76";"2021";"NON";"NON";"31094";"";"";"";"2021-10-06";"61993";""
"31095";"1199";"CC";"COM";"2011-09-25 22:00:00+00:00";"2004-01-15 23:00:00+00:00";"19";"31";"76";"2021";"NON";"NON";"31095";"";"";"";"2021-10-06";"66857";""
"31096";"1199";"CC";"COM";"2008-10-20 22:00:00+00:00";"2005-04-07 22:00:00+00:00";"19";"31";"76";"2021";"NON";"NON";"31096";"";"";"";"2021-10-06";"67935";""
"31097";"3199";"PLU";"COM";"2019-12-18 23:00:00+00:00";"2017-09-07 22:00:00+00:00";"39";"31";"76";"2021";"NON";"NON";"31097";"";"";"";"2021-10-06";"158275";""
"31098";"3199";"PLU";"COM";"2006-02-16 23:00:00+00:00";"2002-10-23 22:00:00+00:00";"39";"31";"76";"2021";"NON";"NON";"31098";"";"";"";"2021-10-06";"52100";""
"31099";"3199";"PLU";"COM";"2011-04-27 22:00:00+00:00";"2006-09-21 22:00:00+00:00";"39";"31";"76";"2021";"NON";"NON";"31099";"";"";"";"2021-10-06";"49436";""
"31100";"3199";"PLU";"COM";"2013-06-23 22:00:00+00:00";"2007-07-11 22:00:00+00:00";"39";"31";"76";"2021";"NON";"NON";"31100";"";"";"";"2021-10-06";"61995";""
"31101";"1199";"CC";"COM";"2009-05-05 22:00:00+00:00";"2002-10-03 22:00:00+00:00";"19";"31";"76";"2021";"NON";"NON";"31101";"";"";"";"2021-10-06";"69209";""
"31104";"3199";"PLU";"COM";"2013-12-05 23:00:00+00:00";"2008-09-11 22:00:00+00:00";"39";"31";"76";"2021";"NON";"NON";"31104";"";"";"";"2021-10-06";"61996";""
"31105";"1199";"CC";"COM";"2010-03-11 23:00:00+00:00";"2007-05-31 22:00:00+00:00";"19";"31";"76";"2021";"NON";"NON";"31105";"";"";"";"2021-10-06";"69210";""
"31106";"3199";"PLU";"COM";"2019-09-29 22:00:00+00:00";"2014-10-16 22:00:00+00:00";"39";"31";"76";"2021";"NON";"NON";"31106";"";"";"";"2021-10-06";"133138";""
"31107";"3199";"PLU";"COM";"2018-07-16 22:00:00+00:00";"2015-03-16 23:00:00+00:00";"39";"31";"76";"2021";"NON";"NON";"31107";"";"";"";"2021-10-06";"137925";""
"31108";"3433";"PLU";"CC";"2018-04-11 22:00:00+00:00";"2009-06-25 22:00:00+00:00";"33";"31";"76";"2021";"NON";"NON";"200072643";"";"";"";"2021-10-06";"49443";""
"31109";"3399";"PLUi/PLUiS";"CC";"2017-09-24 22:00:00+00:00";"2013-03-13 23:00:00+00:00";"39";"31";"76";"2021";"OUI";"NON";"200072643";"";"";"";"2021-10-06";"121429";""
"31111";"3199";"PLU";"COM";"2015-11-26 23:00:00+00:00";"2009-10-11 22:00:00+00:00";"39";"31";"76";"2021";"NON";"NON";"31111";"";"";"";"2021-10-06";"65162";""
"31112";"3199";"PLU";"COM";"2013-06-27 22:00:00+00:00";"2007-05-21 22:00:00+00:00";"39";"31";"76";"2021";"NON";"NON";"31112";"";"";"";"2021-10-06";"49439";""
"31113";"3199";"PLU";"COM";"2019-02-18 23:00:00+00:00";"2010-02-24 23:00:00+00:00";"39";"31";"76";"2021";"NON";"NON";"31113";"";"";"";"2021-10-06";"61994";""
"31114";"3199";"PLU";"COM";"2011-10-27 22:00:00+00:00";"2007-05-31 22:00:00+00:00";"39";"31";"76";"2021";"NON";"NON";"31114";"";"";"";"2021-10-06";"49440";""
"31116";"2499";"POS";"MET";"1986-04-24 22:00:00+00:00";"1983-11-14 23:00:00+00:00";"29";"31";"76";"2021";"NON";"NON";"243100518";"";"";"";"2021-10-06";"58408";""
"31117";"3131";"PLU";"COM";"2011-02-09 23:00:00+00:00";"2008-09-10 22:00:00+00:00";"33";"31";"76";"2021";"NON";"NON";"31117";"";"";"";"2021-10-06";"52101";""
"31118";"3199";"PLU";"COM";"2014-03-19 23:00:00+00:00";"2003-05-14 22:00:00+00:00";"39";"31";"76";"2021";"NON";"NON";"31118";"";"";"";"2021-10-06";"62001";""
"31121";"3433";"PLU";"CC";"2013-08-01 22:00:00+00:00";"2009-06-19 22:00:00+00:00";"33";"31";"76";"2021";"NON";"NON";"200072643";"";"";"";"2021-10-06";"38581";""
"31122";"1199";"CC";"COM";"2014-05-22 22:00:00+00:00";"2009-06-04 22:00:00+00:00";"19";"31";"76";"2021";"NON";"NON";"31122";"";"";"";"2021-10-06";"23222";""
"31124";"1131";"CC";"COM";"2005-02-24 23:00:00+00:00";"2003-10-09 22:00:00+00:00";"13";"31";"76";"2021";"NON";"NON";"31124";"";"";"";"2021-10-06";"65033";""
"31126";"1131";"CC";"COM";"2008-03-26 23:00:00+00:00";"2005-03-30 22:00:00+00:00";"13";"31";"76";"2021";"NON";"NON";"31126";"";"";"";"2021-10-06";"64909";""
"31128";"1199";"CC";"COM";"2006-05-23 22:00:00+00:00";"2005-09-29 22:00:00+00:00";"19";"31";"76";"2021";"NON";"NON";"31128";"";"";"";"2021-10-06";"67936";""
"31130";"1433";"CC";"CC";"2008-03-04 23:00:00+00:00";"2006-03-24 23:00:00+00:00";"13";"31";"76";"2021";"NON";"NON";"200072643";"";"";"";"2021-10-06";"67937";""
"31134";"3399";"PLUi/PLUiS";"CC";"2017-09-24 22:00:00+00:00";"2013-03-13 23:00:00+00:00";"39";"31";"76";"2021";"OUI";"NON";"200072643";"";"";"";"2021-10-06";"121429";""
"31135";"3199";"PLU";"COM";"2019-06-16 22:00:00+00:00";"2013-10-09 22:00:00+00:00";"39";"31";"76";"2021";"NON";"NON";"31135";"";"";"";"2021-10-06";"131086";""
"31136";"3199";"PLU";"COM";"2013-04-15 22:00:00+00:00";"2010-07-05 22:00:00+00:00";"39";"31";"76";"2021";"NON";"NON";"31136";"";"";"";"2021-10-06";"62002";""
"31137";"3199";"PLU";"COM";"2020-02-11 23:00:00+00:00";"2010-06-04 22:00:00+00:00";"39";"31";"76";"2021";"NON";"NON";"31137";"";"";"";"2021-10-06";"50232";""
"31140";"1199";"CC";"COM";"2011-09-25 22:00:00+00:00";"2006-08-04 22:00:00+00:00";"19";"31";"76";"2021";"NON";"NON";"31140";"";"";"";"2021-10-06";"66043";""
"31141";"3433";"PLU";"CC";"2013-06-21 22:00:00+00:00";"2009-06-05 22:00:00+00:00";"33";"31";"76";"2021";"NON";"NON";"200072643";"";"";"";"2021-10-06";"38582";""
"31142";"1199";"CC";"COM";"2010-06-17 22:00:00+00:00";"2007-04-12 22:00:00+00:00";"19";"31";"76";"2021";"NON";"NON";"31142";"";"";"";"2021-10-06";"69211";""
"31143";"1199";"CC";"COM";"2010-04-07 22:00:00+00:00";"2007-06-12 22:00:00+00:00";"19";"31";"76";"2021";"NON";"NON";"31143";"";"";"";"2021-10-06";"69212";""
"31144";"3131";"PLU";"COM";"2011-11-23 23:00:00+00:00";"2001-12-05 23:00:00+00:00";"33";"31";"76";"2021";"NON";"NON";"31144";"";"";"";"2021-10-06";"62003";""
"31145";"3199";"PLU";"COM";"2011-05-25 22:00:00+00:00";"2005-09-28 22:00:00+00:00";"39";"31";"76";"2021";"NON";"NON";"31145";"";"";"";"2021-10-06";"62005";""
"31149";"3499";"PLU";"MET";"2012-06-27 22:00:00+00:00";"2009-11-19 23:00:00+00:00";"39";"31";"76";"2021";"NON";"NON";"243100518";"";"";"";"2021-10-06";"61997";""
"31150";"3499";"PLU";"MET";"2006-02-28 23:00:00+00:00";"2004-03-30 22:00:00+00:00";"39";"31";"76";"2021";"NON";"NON";"243100518";"";"";"";"2021-10-06";"52106";""
"31151";"3199";"PLU";"COM";"2017-05-22 22:00:00+00:00";"2014-09-15 22:00:00+00:00";"39";"31";"76";"2021";"NON";"NON";"31151";"";"";"";"2021-10-06";"133274";""
"31153";"1199";"CC";"COM";"2007-10-22 22:00:00+00:00";"2005-03-10 23:00:00+00:00";"19";"31";"76";"2021";"NON";"NON";"31153";"";"";"";"2021-10-06";"67938";""
"31156";"1199";"CC";"COM";"2008-04-08 22:00:00+00:00";"2005-03-23 23:00:00+00:00";"19";"31";"76";"2021";"NON";"NON";"31156";"";"";"";"2021-10-06";"64853";""
"31157";"3499";"PLU";"MET";"2012-06-27 22:00:00+00:00";"2002-11-20 23:00:00+00:00";"39";"31";"76";"2021";"NON";"NON";"243100518";"";"";"";"2021-10-06";"288";""
"31159";"1433";"CC";"CC";"2004-05-25 22:00:00+00:00";"2001-10-25 22:00:00+00:00";"13";"31";"76";"2021";"NON";"NON";"200072643";"";"";"";"2021-10-06";"67939";""
"31160";"3199";"PLU";"COM";"2020-01-20 23:00:00+00:00";"2013-07-08 22:00:00+00:00";"39";"31";"76";"2021";"NON";"NON";"31160";"";"";"";"2021-10-06";"123144";""
"31161";"3199";"PLU";"COM";"2016-06-12 22:00:00+00:00";"2009-02-22 23:00:00+00:00";"39";"31";"76";"2021";"NON";"NON";"31161";"";"";"";"2021-10-06";"62004";""
"31162";"3199";"PLU";"COM";"2017-03-15 23:00:00+00:00";"2014-01-29 23:00:00+00:00";"39";"31";"76";"2021";"NON";"NON";"31162";"";"";"";"2021-10-06";"129618";""
"31163";"3499";"PLU";"MET";"2006-02-05 23:00:00+00:00";"2003-02-10 23:00:00+00:00";"39";"31";"76";"2021";"NON";"NON";"243100518";"";"";"";"2021-10-06";"52110";""
"31164";"1111";"CC";"COM";"2008-01-14 23:00:00+00:00";"2003-01-19 23:00:00+00:00";"11";"31";"76";"2021";"NON";"NON";"31164";"";"";"";"2021-10-06";"65304";""
"31165";"3199";"PLU";"COM";"2019-04-24 22:00:00+00:00";"2015-05-25 22:00:00+00:00";"39";"31";"76";"2021";"NON";"NON";"31165";"";"";"";"2021-10-06";"139345";""
"31166";"1199";"CC";"COM";"2007-07-15 22:00:00+00:00";"2004-05-10 22:00:00+00:00";"19";"31";"76";"2021";"NON";"NON";"31166";"";"";"";"2021-10-06";"67940";""
"31167";"3131";"PLU";"COM";"2006-07-05 22:00:00+00:00";"2001-09-28 22:00:00+00:00";"33";"31";"76";"2021";"NON";"NON";"31167";"";"";"";"2021-10-06";"58417";""
"31168";"3399";"PLUi/PLUiS";"CC";"2017-09-24 22:00:00+00:00";"2013-03-13 23:00:00+00:00";"39";"31";"76";"2021";"OUI";"NON";"200072643";"";"";"";"2021-10-06";"121429";""
"31169";"3131";"PLU";"COM";"2005-10-19 22:00:00+00:00";"2002-09-11 22:00:00+00:00";"33";"31";"76";"2021";"NON";"NON";"31169";"";"";"";"2021-10-06";"52113";""
"31171";"1131";"CC";"COM";"2002-08-25 22:00:00+00:00";"2002-02-01 23:00:00+00:00";"13";"31";"76";"2021";"NON";"NON";"31171";"";"";"";"2021-10-06";"91707";""
"31172";"3399";"PLUi/PLUiS";"CC";"2017-09-24 22:00:00+00:00";"2013-03-13 23:00:00+00:00";"39";"31";"76";"2021";"OUI";"NON";"200072643";"";"";"";"2021-10-06";"121429";""
"31173";"3199";"PLU";"COM";"2010-07-18 22:00:00+00:00";"2003-09-21 22:00:00+00:00";"39";"31";"76";"2021";"NON";"NON";"31173";"";"";"";"2021-10-06";"52123";""
"31174";"3199";"PLU";"COM";"2013-05-29 22:00:00+00:00";"2006-11-22 23:00:00+00:00";"39";"31";"76";"2021";"NON";"NON";"31174";"";"";"";"2021-10-06";"49446";""
"31175";"3433";"PLU";"CC";"2010-02-07 23:00:00+00:00";"2002-03-26 23:00:00+00:00";"33";"31";"76";"2021";"NON";"NON";"200072643";"";"";"";"2021-10-06";"52115";""
"31178";"3433";"PLU";"CC";"2013-06-23 22:00:00+00:00";"2008-12-11 23:00:00+00:00";"33";"31";"76";"2021";"NON";"NON";"200072643";"";"";"";"2021-10-06";"50233";""
"31179";"3199";"PLU";"COM";"2015-03-16 23:00:00+00:00";"2004-10-28 22:00:00+00:00";"39";"31";"76";"2021";"NON";"NON";"31179";"";"";"";"2021-10-06";"49447";""
"31180";"1432";"CC";"CC";"2008-01-07 23:00:00+00:00";"2005-12-01 23:00:00+00:00";"13";"31";"76";"2021";"NON";"NON";"31180";"";"";"";"2021-10-06";"67942";""
"31181";"3199";"PLU";"COM";"2017-07-05 22:00:00+00:00";"2005-12-14 23:00:00+00:00";"39";"31";"76";"2021";"NON";"NON";"31181";"";"";"";"2021-10-06";"62015";""
"31182";"3499";"PLU";"MET";"2013-06-26 22:00:00+00:00";"2008-12-11 23:00:00+00:00";"39";"31";"76";"2021";"NON";"NON";"243100518";"";"";"";"2021-10-06";"86631";""
"31183";"3199";"PLU";"COM";"2012-08-23 22:00:00+00:00";"2007-05-24 22:00:00+00:00";"39";"31";"76";"2021";"NON";"NON";"31183";"";"";"";"2021-10-06";"49448";""
"31184";"3499";"PLU";"MET";"2008-01-30 23:00:00+00:00";"2003-12-10 23:00:00+00:00";"39";"31";"76";"2021";"NON";"NON";"243100518";"";"";"";"2021-10-06";"52112";""
"31185";"3199";"PLU";"COM";"2017-11-14 23:00:00+00:00";"2012-10-23 22:00:00+00:00";"39";"31";"76";"2021";"NON";"NON";"31185";"";"";"";"2021-10-06";"115765";""
"31186";"3499";"PLU";"MET";"2007-02-26 23:00:00+00:00";"2003-11-27 23:00:00+00:00";"39";"31";"76";"2021";"NON";"NON";"243100518";"";"";"";"2021-10-06";"52117";""
"31187";"3199";"PLU";"COM";"2020-01-29 23:00:00+00:00";"2015-10-21 22:00:00+00:00";"39";"31";"76";"2021";"NON";"NON";"31187";"";"";"";"2021-10-06";"145373";""
"31188";"3432";"PLU";"CC";"2013-06-23 22:00:00+00:00";"2010-04-07 22:00:00+00:00";"33";"31";"76";"2021";"NON";"NON";"31188";"";"";"";"2021-10-06";"62012";""
"31189";"1199";"CC";"COM";"2009-03-01 23:00:00+00:00";"2004-01-15 23:00:00+00:00";"19";"31";"76";"2021";"NON";"NON";"31189";"";"";"";"2021-10-06";"69213";""
"31191";"1199";"CC";"COM";"2011-08-04 22:00:00+00:00";"2006-10-18 22:00:00+00:00";"19";"31";"76";"2021";"NON";"NON";"31191";"";"";"";"2021-10-06";"66048";""
"31192";"3199";"PLU";"COM";"2017-03-29 22:00:00+00:00";"2013-03-17 23:00:00+00:00";"39";"31";"76";"2021";"NON";"NON";"31192";"";"";"";"2021-10-06";"121689";""
"31193";"3199";"PLU";"COM";"2016-02-01 23:00:00+00:00";"2006-07-06 22:00:00+00:00";"39";"31";"76";"2021";"NON";"NON";"31193";"";"";"";"2021-10-06";"62009";""
"31196";"1199";"CC";"COM";"2011-03-21 23:00:00+00:00";"2007-10-20 22:00:00+00:00";"19";"31";"76";"2021";"NON";"NON";"31196";"";"";"";"2021-10-06";"66049";""
"31197";"3433";"PLU";"CC";"2010-07-22 22:00:00+00:00";"2002-05-29 22:00:00+00:00";"33";"31";"76";"2021";"NON";"NON";"200072643";"";"";"";"2021-10-06";"52124";""
"31198";"3199";"PLU";"COM";"2012-08-06 22:00:00+00:00";"2004-03-18 23:00:00+00:00";"39";"31";"76";"2021";"NON";"NON";"31198";"";"";"";"2021-10-06";"49449";""
"31200";"3199";"PLU";"COM";"2011-06-15 22:00:00+00:00";"2004-02-17 23:00:00+00:00";"39";"31";"76";"2021";"NON";"NON";"31200";"";"";"";"2021-10-06";"49450";""
"31202";"3199";"PLU";"COM";"2019-04-24 22:00:00+00:00";"2015-01-14 23:00:00+00:00";"39";"31";"76";"2021";"NON";"NON";"31202";"";"";"";"2021-10-06";"148639";""
"31203";"3199";"PLU";"COM";"2014-02-19 23:00:00+00:00";"2006-10-23 22:00:00+00:00";"39";"31";"76";"2021";"NON";"NON";"31203";"";"";"";"2021-10-06";"62013";""
"31205";"3499";"PLU";"MET";"2013-06-26 22:00:00+00:00";"2010-09-29 22:00:00+00:00";"39";"31";"76";"2021";"NON";"NON";"243100518";"";"";"";"2021-10-06";"62016";""
"31207";"3199";"PLU";"COM";"2011-01-13 23:00:00+00:00";"2004-01-29 23:00:00+00:00";"39";"31";"76";"2021";"NON";"NON";"31207";"";"";"";"2021-10-06";"49451";""
"31208";"1199";"CC";"COM";"2020-07-01 22:00:00+00:00";"2019-06-13 22:00:00+00:00";"19";"31";"76";"2021";"NON";"NON";"31208";"";"";"";"2021-10-06";"169456";""
"31209";"1199";"CC";"COM";"2008-12-04 23:00:00+00:00";"2005-03-30 22:00:00+00:00";"19";"31";"76";"2021";"NON";"NON";"31209";"";"";"";"2021-10-06";"67943";""
"31210";"3199";"PLU";"COM";"2013-12-09 23:00:00+00:00";"2009-02-09 23:00:00+00:00";"39";"31";"76";"2021";"NON";"NON";"31210";"";"";"";"2021-10-06";"64434";""
"31212";"3199";"PLU";"COM";"2012-06-06 22:00:00+00:00";"2008-10-23 22:00:00+00:00";"39";"31";"76";"2021";"NON";"NON";"31212";"";"";"";"2021-10-06";"62010";""
"31213";"3199";"PLU";"COM";"2015-05-07 22:00:00+00:00";"2012-01-11 23:00:00+00:00";"39";"31";"76";"2021";"NON";"NON";"31213";"";"";"";"2021-10-06";"117192";""
"31215";"3199";"PLU";"COM";"2021-06-23 22:00:00+00:00";"2013-07-17 22:00:00+00:00";"39";"31";"76";"2021";"NON";"NON";"31215";"";"";"";"2021-10-06";"124289";""
"31216";"3199";"PLU";"COM";"2007-10-01 22:00:00+00:00";"2003-12-10 23:00:00+00:00";"39";"31";"76";"2021";"NON";"NON";"31216";"";"";"";"2021-10-06";"52121";""
"31217";"3199";"PLU";"COM";"2010-12-03 23:00:00+00:00";"2004-03-12 23:00:00+00:00";"39";"31";"76";"2021";"NON";"NON";"31217";"";"";"";"2021-10-06";"57201";""
"31219";"3199";"PLU";"COM";"2009-07-02 22:00:00+00:00";"2006-10-12 22:00:00+00:00";"39";"31";"76";"2021";"NON";"NON";"31219";"";"";"";"2021-10-06";"52122";""
"31220";"1199";"CC";"COM";"2004-01-15 23:00:00+00:00";"2001-09-30 22:00:00+00:00";"19";"31";"76";"2021";"NON";"NON";"31220";"";"";"";"2021-10-06";"67944";""
"31221";"3199";"PLU";"COM";"2007-11-29 23:00:00+00:00";"2004-04-01 22:00:00+00:00";"39";"31";"76";"2021";"NON";"NON";"31221";"";"";"";"2021-10-06";"57202";""
"31224";"3199";"PLU";"COM";"2006-04-20 22:00:00+00:00";"2001-10-02 22:00:00+00:00";"39";"31";"76";"2021";"NON";"NON";"31224";"";"";"";"2021-10-06";"57203";""
"31225";"1199";"CC";"COM";"2005-11-13 23:00:00+00:00";"2003-02-04 23:00:00+00:00";"19";"31";"76";"2021";"NON";"NON";"31225";"";"";"";"2021-10-06";"67945";""
"31227";"3199";"PLU";"COM";"2018-04-10 22:00:00+00:00";"2014-09-22 22:00:00+00:00";"39";"31";"76";"2021";"NON";"NON";"31227";"";"";"";"2021-10-06";"133164";""
"31228";"3199";"PLU";"COM";"2014-02-12 23:00:00+00:00";"2008-11-23 23:00:00+00:00";"39";"31";"76";"2021";"NON";"NON";"31228";"";"";"";"2021-10-06";"64435";""
"31229";"1131";"CC";"COM";"2007-01-14 23:00:00+00:00";"2001-10-04 22:00:00+00:00";"13";"31";"76";"2021";"NON";"NON";"31229";"";"";"";"2021-10-06";"69214";""
"31230";"3499";"PLU";"MET";"2013-04-10 22:00:00+00:00";"2011-09-28 22:00:00+00:00";"39";"31";"76";"2021";"NON";"NON";"243100518";"";"";"";"2021-10-06";"78423";""
"31231";"3131";"PLU";"COM";"2013-04-05 22:00:00+00:00";"2010-05-02 22:00:00+00:00";"33";"31";"76";"2021";"NON";"NON";"31231";"";"";"";"2021-10-06";"64437";""
"31232";"3131";"PLU";"COM";"2005-09-19 22:00:00+00:00";"2003-01-26 23:00:00+00:00";"33";"31";"76";"2021";"NON";"NON";"31232";"";"";"";"2021-10-06";"58426";""
"31233";"3131";"PLU";"COM";"2006-05-15 22:00:00+00:00";"2002-11-04 23:00:00+00:00";"33";"31";"76";"2021";"NON";"NON";"31233";"";"";"";"2021-10-06";"52125";""
"31234";"3199";"PLU";"COM";"2018-11-28 23:00:00+00:00";"2007-10-22 22:00:00+00:00";"39";"31";"76";"2021";"NON";"NON";"31234";"";"";"";"2021-10-06";"65108";""
"31238";"3199";"PLU";"COM";"2004-12-12 23:00:00+00:00";"2001-06-17 22:00:00+00:00";"39";"31";"76";"2021";"NON";"NON";"31238";"";"";"";"2021-10-06";"52126";""
"31239";"3433";"PLU";"CC";"2013-06-23 22:00:00+00:00";"2008-12-11 23:00:00+00:00";"33";"31";"76";"2021";"NON";"NON";"200072643";"";"";"";"2021-10-06";"64438";""
"31240";"3199";"PLU";"COM";"2014-03-12 23:00:00+00:00";"2009-10-21 22:00:00+00:00";"39";"31";"76";"2021";"NON";"NON";"31240";"";"";"";"2021-10-06";"65059";""
"31241";"1199";"CC";"COM";"2011-08-09 22:00:00+00:00";"2009-11-05 23:00:00+00:00";"19";"31";"76";"2021";"NON";"NON";"31241";"";"";"";"2021-10-06";"66859";""
"31243";"3432";"PLU";"CC";"2013-06-24 22:00:00+00:00";"2010-03-09 23:00:00+00:00";"33";"31";"76";"2021";"NON";"NON";"31243";"";"";"";"2021-10-06";"50024";""
"31244";"3199";"PLU";"COM";"2020-02-21 23:00:00+00:00";"2015-11-27 23:00:00+00:00";"39";"31";"76";"2021";"NON";"NON";"31244";"";"";"";"2021-10-06";"143920";""
"31245";"1199";"CC";"COM";"2014-07-30 22:00:00+00:00";"2006-09-14 22:00:00+00:00";"19";"31";"76";"2021";"NON";"NON";"31245";"";"";"";"2021-10-06";"66051";""
"31246";"3433";"PLU";"CC";"2018-10-21 22:00:00+00:00";"2011-12-18 23:00:00+00:00";"33";"31";"76";"2021";"NON";"NON";"200072643";"";"";"";"2021-10-06";"62022";""
"31247";"3433";"PLU";"CC";"2019-10-02 22:00:00+00:00";"2011-10-13 22:00:00+00:00";"33";"31";"76";"2021";"NON";"NON";"200072643";"";"";"";"2021-10-06";"81763";""
"31248";"3199";"PLU";"COM";"2020-03-02 23:00:00+00:00";"2016-03-29 22:00:00+00:00";"39";"31";"76";"2021";"NON";"NON";"31248";"";"";"";"2021-10-06";"147976";""
"31249";"3199";"PLU";"COM";"2007-12-05 23:00:00+00:00";"2005-04-13 22:00:00+00:00";"39";"31";"76";"2021";"NON";"NON";"31249";"";"";"";"2021-10-06";"52128";""
"31250";"3199";"PLU";"COM";"2017-09-28 22:00:00+00:00";"2014-04-10 22:00:00+00:00";"39";"31";"76";"2021";"NON";"NON";"31250";"";"";"";"2021-10-06";"109917";""
"31251";"3433";"PLU";"CC";"2013-06-23 22:00:00+00:00";"2008-12-11 23:00:00+00:00";"33";"31";"76";"2021";"NON";"NON";"200072643";"";"";"";"2021-10-06";"50235";""
"31252";"3199";"PLU";"COM";"2020-10-11 22:00:00+00:00";"2015-04-06 22:00:00+00:00";"39";"31";"76";"2021";"NON";"NON";"31252";"";"";"";"2021-10-06";"138367";""
"31253";"3131";"PLU";"COM";"2008-01-23 23:00:00+00:00";"2005-03-09 23:00:00+00:00";"33";"31";"76";"2021";"NON";"NON";"31253";"";"";"";"2021-10-06";"52129";""
"31254";"3199";"PLU";"COM";"2017-03-06 23:00:00+00:00";"2011-03-14 23:00:00+00:00";"39";"31";"76";"2021";"NON";"NON";"31254";"";"";"";"2021-10-06";"71517";""
"31255";"3199";"PLU";"COM";"2013-06-12 22:00:00+00:00";"2002-11-06 23:00:00+00:00";"39";"31";"76";"2021";"NON";"NON";"31255";"";"";"";"2021-10-06";"49454";""
"31256";"3199";"PLU";"COM";"2018-01-26 23:00:00+00:00";"2013-11-06 23:00:00+00:00";"39";"31";"76";"2021";"NON";"NON";"31256";"";"";"";"2021-10-06";"129268";""
"31258";"1199";"CC";"COM";"2009-12-09 23:00:00+00:00";"2008-12-15 23:00:00+00:00";"19";"31";"76";"2021";"NON";"NON";"31258";"";"";"";"2021-10-06";"85331";""
"31259";"3199";"PLU";"COM";"2019-11-08 23:00:00+00:00";"2014-11-19 23:00:00+00:00";"39";"31";"76";"2021";"NON";"NON";"31259";"";"";"";"2021-10-06";"135030";""
"31261";"3131";"PLU";"COM";"2012-09-23 22:00:00+00:00";"2005-06-29 22:00:00+00:00";"33";"31";"76";"2021";"NON";"NON";"31261";"";"";"";"2021-10-06";"62023";""
"31262";"1131";"CC";"COM";"2006-07-30 22:00:00+00:00";"2001-11-02 23:00:00+00:00";"13";"31";"76";"2021";"NON";"NON";"31262";"";"";"";"2021-10-06";"64911";""
"31263";"3199";"PLU";"COM";"2021-02-19 23:00:00+00:00";"2015-01-27 23:00:00+00:00";"39";"31";"76";"2021";"NON";"NON";"31263";"";"";"";"2021-10-06";"139373";""
"31264";"3199";"PLU";"COM";"2016-06-29 22:00:00+00:00";"2011-09-07 22:00:00+00:00";"39";"31";"76";"2021";"NON";"NON";"31264";"";"";"";"2021-10-06";"77569";""
"31266";"1199";"CC";"COM";"2020-05-05 22:00:00+00:00";"2018-10-24 22:00:00+00:00";"19";"31";"76";"2021";"NON";"NON";"31266";"";"";"";"2021-10-06";"165825";""
"31269";"3199";"PLU";"COM";"2019-03-12 23:00:00+00:00";"2015-06-21 22:00:00+00:00";"39";"31";"76";"2021";"NON";"NON";"31269";"";"";"";"2021-10-06";"139841";""
"31271";"3131";"PLU";"COM";"2013-06-18 22:00:00+00:00";"2008-03-04 23:00:00+00:00";"33";"31";"76";"2021";"NON";"NON";"31271";"";"";"";"2021-10-06";"62019";""
"31273";"3131";"PLU";"COM";"2015-05-05 22:00:00+00:00";"2012-09-12 22:00:00+00:00";"33";"31";"76";"2021";"NON";"NON";"31273";"";"";"";"2021-10-06";"112560";""
"31276";"3433";"PLU";"CC";"2013-03-03 23:00:00+00:00";"2008-04-13 22:00:00+00:00";"33";"31";"76";"2021";"NON";"NON";"200072643";"";"";"";"2021-10-06";"49455";""
"31277";"3499";"PLU";"CC";"2015-10-04 22:00:00+00:00";"2009-06-28 22:00:00+00:00";"39";"31";"76";"2021";"NON";"NON";"243100781";"";"";"";"2021-10-06";"38593";""
"31278";"3399";"PLUi/PLUiS";"CC";"2017-09-24 22:00:00+00:00";"2013-03-13 23:00:00+00:00";"39";"31";"76";"2021";"OUI";"NON";"200072643";"";"";"";"2021-10-06";"121429";""
"31280";"1199";"CC";"COM";"2004-07-22 22:00:00+00:00";"2002-04-08 22:00:00+00:00";"19";"31";"76";"2021";"NON";"NON";"31280";"";"";"";"2021-10-06";"67946";""
"31281";"3199";"PLU";"COM";"2013-05-15 22:00:00+00:00";"2003-02-11 23:00:00+00:00";"39";"31";"76";"2021";"NON";"NON";"31281";"";"";"";"2021-10-06";"49457";""
"31282";"2499";"POS";"MET";"1985-06-21 22:00:00+00:00";"1983-12-16 23:00:00+00:00";"29";"31";"76";"2021";"NON";"NON";"243100518";"";"";"";"2021-10-06";"115730";""
"31284";"3199";"PLU";"COM";"2013-03-18 23:00:00+00:00";"2008-06-18 22:00:00+00:00";"39";"31";"76";"2021";"NON";"NON";"31284";"";"";"";"2021-10-06";"62020";""
"31285";"3131";"PLU";"COM";"2008-02-24 23:00:00+00:00";"2004-09-30 22:00:00+00:00";"33";"31";"76";"2021";"NON";"NON";"31285";"";"";"";"2021-10-06";"52143";""
"31286";"3199";"PLU";"COM";"2017-09-26 22:00:00+00:00";"2011-11-16 23:00:00+00:00";"39";"31";"76";"2021";"NON";"NON";"31286";"";"";"";"2021-10-06";"112399";""
"31287";"3131";"PLU";"COM";"2010-08-04 22:00:00+00:00";"2006-12-11 23:00:00+00:00";"33";"31";"76";"2021";"NON";"NON";"31287";"";"";"";"2021-10-06";"52137";""
"31288";"3199";"PLU";"COM";"2011-10-17 22:00:00+00:00";"2006-05-30 22:00:00+00:00";"39";"31";"76";"2021";"NON";"NON";"31288";"";"";"";"2021-10-06";"49458";""
"31289";"3433";"PLU";"CC";"2009-10-22 22:00:00+00:00";"2003-10-16 22:00:00+00:00";"33";"31";"76";"2021";"NON";"NON";"200072643";"";"";"";"2021-10-06";"52138";""
"31291";"3499";"PLU";"CC";"2020-01-22 23:00:00+00:00";"2017-08-31 22:00:00+00:00";"39";"31";"76";"2021";"NON";"NON";"243100781";"";"";"";"2021-10-06";"158859";""
"31293";"3499";"PLU";"MET";"2006-10-08 22:00:00+00:00";"2001-12-16 23:00:00+00:00";"39";"31";"76";"2021";"NON";"NON";"243100518";"";"";"";"2021-10-06";"58430";""
"31295";"3433";"PLU";"CC";"2014-07-17 22:00:00+00:00";"2009-06-28 22:00:00+00:00";"33";"31";"76";"2021";"NON";"NON";"200072643";"";"";"";"2021-10-06";"38599";""
"31296";"3199";"PLU";"COM";"2008-01-10 23:00:00+00:00";"2002-06-05 22:00:00+00:00";"39";"31";"76";"2021";"NON";"NON";"31296";"";"";"";"2021-10-06";"52145";""
"31297";"3499";"PLU";"CC";"2017-06-18 22:00:00+00:00";"2013-04-07 22:00:00+00:00";"39";"31";"76";"2021";"NON";"NON";"243100781";"";"";"";"2021-10-06";"121246";""
"31299";"3199";"PLU";"COM";"2019-09-16 22:00:00+00:00";"2014-06-04 22:00:00+00:00";"39";"31";"76";"2021";"NON";"NON";"31299";"";"";"";"2021-10-06";"130967";""
"31300";"3433";"PLU";"CC";"2012-10-11 22:00:00+00:00";"2008-05-29 22:00:00+00:00";"33";"31";"76";"2021";"NON";"NON";"200072643";"";"";"";"2021-10-06";"91618";""
"31301";"3433";"PLU";"CC";"2013-06-23 22:00:00+00:00";"2008-12-11 23:00:00+00:00";"33";"31";"76";"2021";"NON";"NON";"200072643";"";"";"";"2021-10-06";"50236";""
"31302";"3433";"PLU";"CC";"2004-08-01 22:00:00+00:00";"2001-07-05 22:00:00+00:00";"33";"31";"76";"2021";"NON";"NON";"200072643";"";"";"";"2021-10-06";"52147";""
"31303";"3199";"PLU";"COM";"2013-06-17 22:00:00+00:00";"2009-12-16 23:00:00+00:00";"39";"31";"76";"2021";"NON";"NON";"31303";"";"";"";"2021-10-06";"62024";""
"31304";"3199";"PLU";"COM";"2018-12-02 23:00:00+00:00";"2012-10-02 22:00:00+00:00";"39";"31";"76";"2021";"NON";"NON";"31304";"";"";"";"2021-10-06";"120866";""
"31306";"3199";"PLU";"COM";"2011-06-21 22:00:00+00:00";"2003-12-28 23:00:00+00:00";"39";"31";"76";"2021";"NON";"NON";"31306";"";"";"";"2021-10-06";"56801";""
"31309";"1199";"CC";"COM";"2010-12-07 23:00:00+00:00";"2008-05-03 22:00:00+00:00";"19";"31";"76";"2021";"NON";"NON";"31309";"";"";"";"2021-10-06";"69216";""
"31310";"3199";"PLU";"COM";"2010-06-17 22:00:00+00:00";"2005-09-21 22:00:00+00:00";"39";"31";"76";"2021";"NON";"NON";"31310";"";"";"";"2021-10-06";"56802";""
"31311";"3199";"PLU";"COM";"2018-06-05 22:00:00+00:00";"2015-03-03 23:00:00+00:00";"39";"31";"76";"2021";"NON";"NON";"31311";"";"";"";"2021-10-06";"137682";""
"31313";"3199";"PLU";"COM";"2011-02-17 23:00:00+00:00";"2004-01-30 23:00:00+00:00";"39";"31";"76";"2021";"NON";"NON";"31313";"";"";"";"2021-10-06";"50238";""
"31315";"3199";"PLU";"COM";"2011-12-11 23:00:00+00:00";"2007-06-03 22:00:00+00:00";"39";"31";"76";"2021";"NON";"NON";"31315";"";"";"";"2021-10-06";"62026";""
"31317";"3199";"PLU";"COM";"2020-03-04 23:00:00+00:00";"2015-07-29 22:00:00+00:00";"39";"31";"76";"2021";"NON";"NON";"31317";"";"";"";"2021-10-06";"141061";""
"31318";"1199";"CC";"COM";"2006-11-12 23:00:00+00:00";"2004-08-04 22:00:00+00:00";"19";"31";"76";"2021";"NON";"NON";"31318";"";"";"";"2021-10-06";"69217";""
"31320";"3199";"PLU";"COM";"2020-06-21 22:00:00+00:00";"2009-01-26 23:00:00+00:00";"39";"31";"76";"2021";"NON";"NON";"31320";"";"";"";"2021-10-06";"62034";""
"31321";"1199";"CC";"COM";"2010-11-18 23:00:00+00:00";"2007-05-22 22:00:00+00:00";"19";"31";"76";"2021";"NON";"NON";"31321";"";"";"";"2021-10-06";"69218";""
"31322";"3433";"PLU";"CC";"2013-06-23 22:00:00+00:00";"2008-11-28 23:00:00+00:00";"33";"31";"76";"2021";"NON";"NON";"200072643";"";"";"";"2021-10-06";"49461";""
"31323";"3199";"PLU";"COM";"2005-09-08 22:00:00+00:00";"2002-03-21 23:00:00+00:00";"39";"31";"76";"2021";"NON";"NON";"31323";"";"";"";"2021-10-06";"52159";""
"31324";"3131";"PLU";"COM";"2007-12-05 23:00:00+00:00";"2004-09-09 22:00:00+00:00";"33";"31";"76";"2021";"NON";"NON";"31324";"";"";"";"2021-10-06";"52150";""
"31325";"3199";"PLU";"COM";"2014-09-14 22:00:00+00:00";"2010-03-16 23:00:00+00:00";"39";"31";"76";"2021";"NON";"NON";"31325";"";"";"";"2021-10-06";"49463";""
"31326";"1199";"CC";"COM";"2006-11-12 23:00:00+00:00";"2002-07-31 22:00:00+00:00";"19";"31";"76";"2021";"NON";"NON";"31326";"";"";"";"2021-10-06";"69219";""
"31327";"3199";"PLU";"COM";"2013-04-08 22:00:00+00:00";"2010-02-01 23:00:00+00:00";"39";"31";"76";"2021";"NON";"NON";"31327";"";"";"";"2021-10-06";"49464";""
"31328";"1199";"CC";"COM";"2020-06-04 22:00:00+00:00";"2016-09-02 22:00:00+00:00";"19";"31";"76";"2021";"NON";"NON";"31328";"";"";"";"2021-10-06";"162956";""
"31330";"1131";"CC";"COM";"2005-10-20 22:00:00+00:00";"2003-09-11 22:00:00+00:00";"13";"31";"76";"2021";"NON";"NON";"31330";"";"";"";"2021-10-06";"67948";""
"31331";"3199";"PLU";"COM";"2020-02-19 23:00:00+00:00";"2017-03-26 22:00:00+00:00";"39";"31";"76";"2021";"NON";"NON";"31331";"";"";"";"2021-10-06";"156079";""
"31332";"1199";"CC";"COM";"2010-01-25 23:00:00+00:00";"2005-12-27 23:00:00+00:00";"19";"31";"76";"2021";"NON";"NON";"31332";"";"";"";"2021-10-06";"69231";""
"31334";"3199";"PLU";"COM";"2011-11-17 23:00:00+00:00";"2008-04-20 22:00:00+00:00";"39";"31";"76";"2021";"NON";"NON";"31334";"";"";"";"2021-10-06";"62028";""
"31336";"3199";"PLU";"COM";"2004-08-22 22:00:00+00:00";"2001-07-05 22:00:00+00:00";"39";"31";"76";"2021";"NON";"NON";"31336";"";"";"";"2021-10-06";"52151";""
"31338";"3199";"PLU";"COM";"2020-02-23 23:00:00+00:00";"2015-06-14 22:00:00+00:00";"39";"31";"76";"2021";"NON";"NON";"31338";"";"";"";"2021-10-06";"140093";""
"31339";"3499";"PLU";"CC";"2020-03-04 23:00:00+00:00";"2014-11-05 23:00:00+00:00";"39";"31";"76";"2021";"NON";"NON";"243100781";"";"";"";"2021-10-06";"134265";""
"31341";"3131";"PLU";"COM";"2010-12-08 23:00:00+00:00";"2002-07-10 22:00:00+00:00";"33";"31";"76";"2021";"NON";"NON";"31341";"";"";"";"2021-10-06";"52153";""
"31343";"3433";"PLU";"CC";"2013-06-23 22:00:00+00:00";"2008-12-11 23:00:00+00:00";"33";"31";"76";"2021";"NON";"NON";"200072643";"";"";"";"2021-10-06";"49465";""
"31344";"3433";"PLU";"CC";"2014-09-29 22:00:00+00:00";"2008-03-03 23:00:00+00:00";"33";"31";"76";"2021";"NON";"NON";"200072643";"";"";"";"2021-10-06";"62029";""
"31345";"3199";"PLU";"COM";"2013-05-13 22:00:00+00:00";"2003-09-25 22:00:00+00:00";"39";"31";"76";"2021";"NON";"NON";"31345";"";"";"";"2021-10-06";"62030";""
"31346";"3199";"PLU";"COM";"2020-03-09 23:00:00+00:00";"2013-06-25 22:00:00+00:00";"39";"31";"76";"2021";"NON";"NON";"31346";"";"";"";"2021-10-06";"122856";""
"31348";"1199";"CC";"COM";"2013-12-08 23:00:00+00:00";"2006-09-21 22:00:00+00:00";"19";"31";"76";"2021";"NON";"NON";"31348";"";"";"";"2021-10-06";"66054";""
"31349";"3199";"PLU";"COM";"2019-12-08 23:00:00+00:00";"2014-09-29 22:00:00+00:00";"39";"31";"76";"2021";"NON";"NON";"31349";"";"";"";"2021-10-06";"62031";""
"31351";"3499";"PLU";"MET";"2013-04-10 22:00:00+00:00";"2010-06-17 22:00:00+00:00";"39";"31";"76";"2021";"NON";"NON";"243100518";"";"";"";"2021-10-06";"62027";""
"31352";"2499";"POS";"MET";"1981-09-24 22:00:00+00:00";"1979-12-31 23:00:00+00:00";"29";"31";"76";"2021";"NON";"NON";"243100518";"";"";"";"2021-10-06";"52156";""
"31353";"1199";"CC";"COM";"2009-01-25 23:00:00+00:00";"2004-11-26 23:00:00+00:00";"19";"31";"76";"2021";"NON";"NON";"31353";"";"";"";"2021-10-06";"69232";""
"31355";"2499";"POS";"MET";"1985-11-04 23:00:00+00:00";"1983-11-20 23:00:00+00:00";"29";"31";"76";"2021";"NON";"NON";"243100518";"";"";"";"2021-10-06";"58446";""
"31356";"3199";"PLU";"COM";"2012-11-19 23:00:00+00:00";"2004-01-12 23:00:00+00:00";"39";"31";"76";"2021";"NON";"NON";"31356";"";"";"";"2021-10-06";"62032";""
"31357";"3199";"PLU";"COM";"2011-05-03 22:00:00+00:00";"2007-05-24 22:00:00+00:00";"39";"31";"76";"2021";"NON";"NON";"31357";"";"";"";"2021-10-06";"49459";""
"31358";"3131";"PLU";"COM";"2013-01-17 23:00:00+00:00";"2010-06-08 22:00:00+00:00";"33";"31";"76";"2021";"NON";"NON";"31358";"";"";"";"2021-10-06";"62033";""
"31360";"3199";"PLU";"COM";"2005-02-10 23:00:00+00:00";"2001-10-25 22:00:00+00:00";"39";"31";"76";"2021";"NON";"NON";"31360";"";"";"";"2021-10-06";"52158";""
"31361";"3199";"PLU";"COM";"2020-03-09 23:00:00+00:00";"2009-06-02 22:00:00+00:00";"39";"31";"76";"2021";"NON";"NON";"31361";"";"";"";"2021-10-06";"38583";""
"31363";"3433";"PLU";"CC";"2013-06-23 22:00:00+00:00";"2004-06-07 22:00:00+00:00";"33";"31";"76";"2021";"NON";"NON";"200072643";"";"";"";"2021-10-06";"38627";""
"31364";"3131";"PLU";"COM";"2006-12-20 23:00:00+00:00";"2004-10-10 22:00:00+00:00";"33";"31";"76";"2021";"NON";"NON";"31364";"";"";"";"2021-10-06";"52155";""
"31365";"1199";"CC";"COM";"2020-01-14 23:00:00+00:00";"2017-03-21 23:00:00+00:00";"19";"31";"76";"2021";"NON";"NON";"31365";"";"";"";"2021-10-06";"155815";""
"31366";"3199";"PLU";"COM";"2019-10-24 22:00:00+00:00";"2017-05-15 22:00:00+00:00";"39";"31";"76";"2021";"NON";"NON";"31366";"";"";"";"2021-10-06";"157021";""
"31368";"1199";"CC";"COM";"2009-04-28 22:00:00+00:00";"2004-11-04 23:00:00+00:00";"19";"31";"76";"2021";"NON";"NON";"31368";"";"";"";"2021-10-06";"69233";""
"31371";"3432";"PLU";"CC";"2019-11-05 23:00:00+00:00";"2011-10-11 22:00:00+00:00";"33";"31";"76";"2021";"NON";"NON";"31371";"";"";"";"2021-10-06";"79285";""
"31372";"3199";"PLU";"COM";"2010-10-28 22:00:00+00:00";"2004-08-02 22:00:00+00:00";"39";"31";"76";"2021";"NON";"NON";"31372";"";"";"";"2021-10-06";"52163";""
"31373";"3433";"PLU";"CC";"2013-06-23 22:00:00+00:00";"2009-12-02 23:00:00+00:00";"33";"31";"76";"2021";"NON";"NON";"200072643";"";"";"";"2021-10-06";"49690";""
"31374";"3199";"PLU";"COM";"2020-07-21 22:00:00+00:00";"2008-12-17 23:00:00+00:00";"39";"31";"76";"2021";"NON";"NON";"31374";"";"";"";"2021-10-06";"65109";""
"31375";"3199";"PLU";"COM";"2013-03-17 23:00:00+00:00";"2008-05-25 22:00:00+00:00";"39";"31";"76";"2021";"NON";"NON";"31375";"";"";"";"2021-10-06";"62035";""
"31376";"1199";"CC";"COM";"2010-08-08 22:00:00+00:00";"2007-11-29 23:00:00+00:00";"19";"31";"76";"2021";"NON";"NON";"31376";"";"";"";"2021-10-06";"69234";""
"31377";"1131";"CC";"COM";"2011-07-17 22:00:00+00:00";"2009-10-19 22:00:00+00:00";"13";"31";"76";"2021";"NON";"NON";"31377";"";"";"";"2021-10-06";"65689";""
"31378";"3433";"PLU";"CC";"2014-06-18 22:00:00+00:00";"2009-01-14 23:00:00+00:00";"33";"31";"76";"2021";"NON";"NON";"200072643";"";"";"";"2021-10-06";"38591";""
"31379";"1199";"CC";"COM";"2007-06-24 22:00:00+00:00";"2005-07-21 22:00:00+00:00";"19";"31";"76";"2021";"NON";"NON";"31379";"";"";"";"2021-10-06";"66600";""
"31380";"3199";"PLU";"COM";"2017-04-11 22:00:00+00:00";"2013-09-10 22:00:00+00:00";"39";"31";"76";"2021";"NON";"NON";"31380";"";"";"";"2021-10-06";"124624";""
"31381";"3199";"PLU";"COM";"2013-06-23 22:00:00+00:00";"2003-03-30 22:00:00+00:00";"39";"31";"76";"2021";"NON";"NON";"31381";"";"";"";"2021-10-06";"62037";""
"31382";"1131";"CC";"COM";"2008-12-09 23:00:00+00:00";"2004-03-30 22:00:00+00:00";"13";"31";"76";"2021";"NON";"NON";"31382";"";"";"";"2021-10-06";"64915";""
"31384";"3131";"PLU";"COM";"2011-09-29 22:00:00+00:00";"2001-10-21 22:00:00+00:00";"33";"31";"76";"2021";"NON";"NON";"31384";"";"";"";"2021-10-06";"62038";""
"31386";"3399";"PLUi/PLUiS";"CC";"2017-09-24 22:00:00+00:00";"2013-03-13 23:00:00+00:00";"39";"31";"76";"2021";"OUI";"NON";"200072643";"";"";"";"2021-10-06";"121429";""
"31387";"1199";"CC";"COM";"2011-05-24 22:00:00+00:00";"2004-05-06 22:00:00+00:00";"19";"31";"76";"2021";"NON";"NON";"31387";"";"";"";"2021-10-06";"66860";""
"31388";"3199";"PLU";"COM";"2020-02-25 23:00:00+00:00";"2015-03-23 23:00:00+00:00";"39";"31";"76";"2021";"NON";"NON";"31388";"";"";"";"2021-10-06";"139507";""
"31389";"3499";"PLU";"MET";"2005-11-22 23:00:00+00:00";"2002-11-03 23:00:00+00:00";"39";"31";"76";"2021";"NON";"NON";"243100518";"";"";"";"2021-10-06";"52168";""
"31390";"3433";"PLU";"CC";"2007-07-01 22:00:00+00:00";"2002-10-07 22:00:00+00:00";"33";"31";"76";"2021";"NON";"NON";"200072643";"";"";"";"2021-10-06";"52167";""
"31391";"3199";"PLU";"COM";"2011-10-27 22:00:00+00:00";"2007-05-15 22:00:00+00:00";"39";"31";"76";"2021";"NON";"NON";"31391";"";"";"";"2021-10-06";"49467";""
"31394";"1199";"CC";"COM";"2019-01-06 23:00:00+00:00";"2015-08-24 22:00:00+00:00";"19";"31";"76";"2021";"NON";"NON";"31394";"";"";"";"2021-10-06";"145984";""
"31395";"3131";"PLU";"COM";"2005-11-21 23:00:00+00:00";"2001-06-10 22:00:00+00:00";"33";"31";"76";"2021";"NON";"NON";"31395";"";"";"";"2021-10-06";"58449";""
"31396";"3131";"PLU";"COM";"2010-03-24 23:00:00+00:00";"2007-07-11 22:00:00+00:00";"33";"31";"76";"2021";"NON";"NON";"31396";"";"";"";"2021-10-06";"52170";""
"31397";"3433";"PLU";"CC";"2012-12-02 23:00:00+00:00";"2009-08-02 22:00:00+00:00";"33";"31";"76";"2021";"NON";"NON";"200072643";"";"";"";"2021-10-06";"50026";""
"31399";"3199";"PLU";"COM";"2013-06-23 22:00:00+00:00";"2008-11-23 23:00:00+00:00";"39";"31";"76";"2021";"NON";"NON";"31399";"";"";"";"2021-10-06";"63872";""
"31400";"3432";"PLU";"CC";"2014-02-20 23:00:00+00:00";"2009-07-02 22:00:00+00:00";"33";"31";"76";"2021";"NON";"NON";"31400";"";"";"";"2021-10-06";"38584";""
"31401";"3199";"PLU";"COM";"2016-04-06 22:00:00+00:00";"2010-05-10 22:00:00+00:00";"39";"31";"76";"2021";"NON";"NON";"31401";"";"";"";"2021-10-06";"65168";""
"31402";"3199";"PLU";"COM";"2019-10-22 22:00:00+00:00";"2014-09-13 22:00:00+00:00";"39";"31";"76";"2021";"NON";"NON";"31402";"";"";"";"2021-10-06";"132372";""
"31403";"3199";"PLU";"COM";"2011-12-18 23:00:00+00:00";"2006-05-28 22:00:00+00:00";"39";"31";"76";"2021";"NON";"NON";"31403";"";"";"";"2021-10-06";"62040";""
"31405";"3199";"PLU";"COM";"2010-12-07 23:00:00+00:00";"2004-02-17 23:00:00+00:00";"39";"31";"76";"2021";"NON";"NON";"31405";"";"";"";"2021-10-06";"56805";""
"31406";"3131";"PLU";"COM";"2006-10-12 22:00:00+00:00";"2001-07-26 22:00:00+00:00";"33";"31";"76";"2021";"NON";"NON";"31406";"";"";"";"2021-10-06";"52175";""
"31407";"3199";"PLU";"COM";"2018-11-11 23:00:00+00:00";"2014-06-24 22:00:00+00:00";"39";"31";"76";"2021";"NON";"NON";"31407";"";"";"";"2021-10-06";"130966";""
"31409";"3131";"PLU";"COM";"2004-11-18 23:00:00+00:00";"2002-10-27 23:00:00+00:00";"33";"31";"76";"2021";"NON";"NON";"31409";"";"";"";"2021-10-06";"52171";""
"31410";"3199";"PLU";"COM";"2003-11-26 23:00:00+00:00";"2001-06-25 22:00:00+00:00";"39";"31";"76";"2021";"NON";"NON";"31410";"";"";"";"2021-10-06";"52177";""
"31411";"3199";"PLU";"COM";"2019-11-19 23:00:00+00:00";"2013-05-28 22:00:00+00:00";"39";"31";"76";"2021";"NON";"NON";"31411";"";"";"";"2021-10-06";"71519";""
"31412";"1433";"CC";"CC";"2018-02-20 23:00:00+00:00";"2015-09-11 22:00:00+00:00";"13";"31";"76";"2021";"NON";"NON";"200072643";"";"";"";"2021-10-06";"149619";""
"31413";"3199";"PLU";"COM";"2010-05-05 22:00:00+00:00";"2003-12-05 23:00:00+00:00";"39";"31";"76";"2021";"NON";"NON";"31413";"";"";"";"2021-10-06";"56806";""
"31414";"3399";"PLUi/PLUiS";"CC";"2017-09-24 22:00:00+00:00";"2013-03-13 23:00:00+00:00";"39";"31";"76";"2021";"OUI";"NON";"200072643";"";"";"";"2021-10-06";"121429";""
"31415";"3399";"PLUi/PLUiS";"CC";"2017-09-24 22:00:00+00:00";"2013-03-13 23:00:00+00:00";"39";"31";"76";"2021";"OUI";"NON";"200072643";"";"";"";"2021-10-06";"121429";""
"31416";"3131";"PLU";"COM";"2006-09-24 22:00:00+00:00";"2001-07-03 22:00:00+00:00";"33";"31";"76";"2021";"NON";"NON";"31416";"";"";"";"2021-10-06";"58452";""
"31417";"3499";"PLU";"MET";"2003-04-07 22:00:00+00:00";"1998-10-28 23:00:00+00:00";"39";"31";"76";"2021";"NON";"NON";"243100518";"";"";"";"2021-10-06";"52172";""
"31418";"3499";"PLU";"MET";"2012-11-28 23:00:00+00:00";"2009-03-19 23:00:00+00:00";"39";"31";"76";"2021";"NON";"NON";"243100518";"";"";"";"2021-10-06";"63873";""
"31420";"3199";"PLU";"COM";"2019-07-08 22:00:00+00:00";"2017-02-28 23:00:00+00:00";"39";"31";"76";"2021";"NON";"NON";"31420";"";"";"";"2021-10-06";"155730";""
"31421";"3199";"PLU";"COM";"2020-02-24 23:00:00+00:00";"2016-05-25 22:00:00+00:00";"39";"31";"76";"2021";"NON";"NON";"31421";"";"";"";"2021-10-06";"149579";""
"31422";"3131";"PLU";"COM";"2004-12-03 23:00:00+00:00";"2001-07-22 22:00:00+00:00";"33";"31";"76";"2021";"NON";"NON";"31422";"";"";"";"2021-10-06";"58454";""
"31423";"1199";"CC";"COM";"2012-09-03 22:00:00+00:00";"2012-02-12 23:00:00+00:00";"19";"31";"76";"2021";"NON";"NON";"31423";"";"";"";"2021-10-06";"105209";""
"31424";"3434";"PLU";"CC";"2005-12-19 23:00:00+00:00";"2003-06-25 22:00:00+00:00";"33";"31";"76";"2021";"NON";"NON";"243100781";"";"";"";"2021-10-06";"285";""
"31425";"3199";"PLU";"COM";"2011-11-24 23:00:00+00:00";"2003-05-01 22:00:00+00:00";"39";"31";"76";"2021";"NON";"NON";"31425";"";"";"";"2021-10-06";"49470";""
"31426";"3131";"PLU";"COM";"2006-09-06 22:00:00+00:00";"2002-05-22 22:00:00+00:00";"33";"31";"76";"2021";"NON";"NON";"31426";"";"";"";"2021-10-06";"52180";""
"31429";"3199";"PLU";"COM";"2020-02-05 23:00:00+00:00";"2013-12-19 23:00:00+00:00";"39";"31";"76";"2021";"NON";"NON";"31429";"";"";"";"2021-10-06";"129743";""
"31430";"1433";"CC";"CC";"2010-08-11 22:00:00+00:00";"2009-07-15 22:00:00+00:00";"13";"31";"76";"2021";"NON";"NON";"200072643";"";"";"";"2021-10-06";"85322";""
"31431";"1199";"CC";"COM";"2012-10-07 22:00:00+00:00";"2006-03-31 22:00:00+00:00";"19";"31";"76";"2021";"NON";"NON";"31431";"";"";"";"2021-10-06";"66056";""
"31433";"3131";"PLU";"COM";"2007-08-20 22:00:00+00:00";"2003-06-15 22:00:00+00:00";"33";"31";"76";"2021";"NON";"NON";"31433";"";"";"";"2021-10-06";"52181";""
"31435";"3199";"PLU";"COM";"2012-09-16 22:00:00+00:00";"2006-06-05 22:00:00+00:00";"39";"31";"76";"2021";"NON";"NON";"31435";"";"";"";"2021-10-06";"62046";""
"31436";"1131";"CC";"COM";"2009-05-03 22:00:00+00:00";"2006-06-01 22:00:00+00:00";"13";"31";"76";"2021";"NON";"NON";"31436";"";"";"";"2021-10-06";"69236";""
"31437";"1199";"CC";"COM";"2005-02-16 23:00:00+00:00";"2001-06-26 22:00:00+00:00";"19";"31";"76";"2021";"NON";"NON";"31437";"";"";"";"2021-10-06";"67949";""
"31439";"3199";"PLU";"COM";"2013-07-10 22:00:00+00:00";"2010-04-05 22:00:00+00:00";"39";"31";"76";"2021";"NON";"NON";"31439";"";"";"";"2021-10-06";"62041";""
"31441";"3199";"PLU";"COM";"2013-02-20 23:00:00+00:00";"2010-03-17 23:00:00+00:00";"39";"31";"76";"2021";"NON";"NON";"31441";"";"";"";"2021-10-06";"49691";""
"31442";"3199";"PLU";"COM";"2007-02-19 23:00:00+00:00";"2003-02-06 23:00:00+00:00";"39";"31";"76";"2021";"NON";"NON";"31442";"";"";"";"2021-10-06";"52182";""
"31443";"3433";"PLU";"CC";"2013-06-23 22:00:00+00:00";"2008-12-11 23:00:00+00:00";"33";"31";"76";"2021";"NON";"NON";"200072643";"";"";"";"2021-10-06";"50240";""
"31444";"1199";"CC";"COM";"2008-09-16 22:00:00+00:00";"2005-04-07 22:00:00+00:00";"19";"31";"76";"2021";"NON";"NON";"31444";"";"";"";"2021-10-06";"67950";""
"31445";"3499";"PLU";"MET";"2007-10-21 22:00:00+00:00";"2005-03-06 23:00:00+00:00";"39";"31";"76";"2021";"NON";"NON";"243100518";"";"";"";"2021-10-06";"52179";""
"31446";"3199";"PLU";"COM";"2019-12-18 23:00:00+00:00";"2018-05-30 22:00:00+00:00";"39";"31";"76";"2021";"NON";"NON";"31446";"";"";"";"2021-10-06";"163879";""
"31448";"3199";"PLU";"COM";"2014-03-18 23:00:00+00:00";"2008-11-18 23:00:00+00:00";"39";"31";"76";"2021";"NON";"NON";"31448";"";"";"";"2021-10-06";"62047";""
"31450";"3199";"PLU";"COM";"2018-03-21 23:00:00+00:00";"2015-02-25 23:00:00+00:00";"39";"31";"76";"2021";"NON";"NON";"31450";"";"";"";"2021-10-06";"137683";""
"31451";"3432";"PLU";"CC";"2013-06-18 22:00:00+00:00";"2009-06-18 22:00:00+00:00";"33";"31";"76";"2021";"NON";"NON";"31451";"";"";"";"2021-10-06";"38585";""
"31453";"1199";"CC";"COM";"2009-06-09 22:00:00+00:00";"2006-02-09 23:00:00+00:00";"19";"31";"76";"2021";"NON";"NON";"31453";"";"";"";"2021-10-06";"69221";""
"31454";"3199";"PLU";"COM";"2013-10-20 22:00:00+00:00";"2008-05-13 22:00:00+00:00";"39";"31";"76";"2021";"NON";"NON";"31454";"";"";"";"2021-10-06";"62048";""
"31455";"3199";"PLU";"COM";"2021-04-05 22:00:00+00:00";"2009-01-12 23:00:00+00:00";"39";"31";"76";"2021";"NON";"NON";"31455";"";"";"";"2021-10-06";"62044";""
"31457";"3199";"PLU";"COM";"2007-12-09 23:00:00+00:00";"2005-06-07 22:00:00+00:00";"39";"31";"76";"2021";"NON";"NON";"31457";"";"";"";"2021-10-06";"52184";""
"31458";"3131";"PLU";"COM";"2016-11-01 23:00:00+00:00";"2012-11-27 23:00:00+00:00";"33";"31";"76";"2021";"NON";"NON";"31458";"";"";"";"2021-10-06";"115245";""
"31459";"3199";"PLU";"COM";"2012-10-22 22:00:00+00:00";"2008-07-08 22:00:00+00:00";"39";"31";"76";"2021";"NON";"NON";"31459";"";"";"";"2021-10-06";"62049";""
"31460";"3131";"PLU";"COM";"2013-12-16 23:00:00+00:00";"2011-03-02 23:00:00+00:00";"33";"31";"76";"2021";"NON";"NON";"31460";"";"";"";"2021-10-06";"71520";""
"31461";"1199";"CC";"COM";"2010-11-30 23:00:00+00:00";"2007-05-10 22:00:00+00:00";"19";"31";"76";"2021";"NON";"NON";"31461";"";"";"";"2021-10-06";"69237";""
"31462";"3199";"PLU";"COM";"2013-03-26 23:00:00+00:00";"2010-05-17 22:00:00+00:00";"39";"31";"76";"2021";"NON";"NON";"31462";"";"";"";"2021-10-06";"62058";""
"31463";"1432";"CC";"CC";"2007-10-24 22:00:00+00:00";"2005-01-24 23:00:00+00:00";"13";"31";"76";"2021";"NON";"NON";"31463";"";"";"";"2021-10-06";"67951";""
"31467";"3499";"PLU";"MET";"2013-04-10 22:00:00+00:00";"2009-03-19 23:00:00+00:00";"39";"31";"76";"2021";"NON";"NON";"243100518";"";"";"";"2021-10-06";"62063";""
"31468";"3399";"PLUi/PLUiS";"CC";"2017-09-24 22:00:00+00:00";"2013-03-13 23:00:00+00:00";"39";"31";"76";"2021";"OUI";"NON";"200072643";"";"";"";"2021-10-06";"121429";""
"31470";"3199";"PLU";"COM";"2010-05-17 22:00:00+00:00";"2003-04-03 22:00:00+00:00";"39";"31";"76";"2021";"NON";"NON";"31470";"";"";"";"2021-10-06";"52185";""
"31472";"3199";"PLU";"COM";"2021-03-25 23:00:00+00:00";"2010-12-09 23:00:00+00:00";"39";"31";"76";"2021";"NON";"NON";"31472";"";"";"";"2021-10-06";"62065";""
"31473";"3199";"PLU";"COM";"2019-06-26 22:00:00+00:00";"2014-12-04 23:00:00+00:00";"39";"31";"76";"2021";"NON";"NON";"31473";"";"";"";"2021-10-06";"138411";""
"31474";"3131";"PLU";"COM";"2007-05-04 22:00:00+00:00";"2003-02-13 23:00:00+00:00";"33";"31";"76";"2021";"NON";"NON";"31474";"";"";"";"2021-10-06";"58477";""
"31475";"3131";"PLU";"COM";"2012-08-29 22:00:00+00:00";"2009-11-23 23:00:00+00:00";"33";"31";"76";"2021";"NON";"NON";"31475";"";"";"";"2021-10-06";"62052";""
"31476";"3131";"PLU";"COM";"2012-02-26 23:00:00+00:00";"2007-01-18 23:00:00+00:00";"33";"31";"76";"2021";"NON";"NON";"31476";"";"";"";"2021-10-06";"62050";""
"31477";"3399";"PLUi/PLUiS";"CC";"2017-09-24 22:00:00+00:00";"2013-03-13 23:00:00+00:00";"39";"31";"76";"2021";"OUI";"NON";"200072643";"";"";"";"2021-10-06";"121429";""
"31478";"3432";"PLU";"CC";"2007-12-17 23:00:00+00:00";"2001-05-08 22:00:00+00:00";"33";"31";"76";"2021";"NON";"NON";"31478";"";"";"";"2021-10-06";"52187";""
"31480";"3199";"PLU";"COM";"2013-02-03 23:00:00+00:00";"2001-11-04 23:00:00+00:00";"39";"31";"76";"2021";"NON";"NON";"31480";"";"";"";"2021-10-06";"62051";""
"31481";"3131";"PLU";"COM";"2014-06-23 22:00:00+00:00";"2003-04-16 22:00:00+00:00";"33";"31";"76";"2021";"NON";"NON";"31481";"";"";"";"2021-10-06";"62067";""
"31482";"3433";"PLU";"CC";"2013-06-23 22:00:00+00:00";"2008-12-11 23:00:00+00:00";"33";"31";"76";"2021";"NON";"NON";"200072643";"";"";"";"2021-10-06";"38626";""
"31483";"3433";"PLU";"CC";"2017-03-15 23:00:00+00:00";"2014-11-26 23:00:00+00:00";"33";"31";"76";"2021";"NON";"NON";"200072643";"";"";"";"2021-10-06";"315";""
"31484";"3131";"PLU";"COM";"2004-09-23 22:00:00+00:00";"2001-06-14 22:00:00+00:00";"33";"31";"76";"2021";"NON";"NON";"31484";"";"";"";"2021-10-06";"52188";""
"31485";"1199";"CC";"COM";"2008-04-08 22:00:00+00:00";"2006-02-27 23:00:00+00:00";"19";"31";"76";"2021";"NON";"NON";"31485";"";"";"";"2021-10-06";"67952";""
"31486";"3199";"PLU";"COM";"2013-04-01 22:00:00+00:00";"2008-06-26 22:00:00+00:00";"39";"31";"76";"2021";"NON";"NON";"31486";"";"";"";"2021-10-06";"62053";""
"31488";"2499";"POS";"MET";"2002-03-07 23:00:00+00:00";"1994-06-29 22:00:00+00:00";"29";"31";"76";"2021";"NON";"NON";"243100518";"";"";"";"2021-10-06";"58465";""
"31489";"3199";"PLU";"COM";"2019-04-08 22:00:00+00:00";"2014-06-19 22:00:00+00:00";"39";"31";"76";"2021";"NON";"NON";"31489";"";"";"";"2021-10-06";"130809";""
"31490";"3499";"PLU";"MET";"2011-12-18 23:00:00+00:00";"2002-05-20 22:00:00+00:00";"39";"31";"76";"2021";"NON";"NON";"243100518";"";"";"";"2021-10-06";"52190";""
"31491";"3432";"PLU";"CC";"2009-06-29 22:00:00+00:00";"2002-10-18 22:00:00+00:00";"33";"31";"76";"2021";"NON";"NON";"31491";"";"";"";"2021-10-06";"53598";""
"31492";"3199";"PLU";"COM";"2019-11-07 23:00:00+00:00";"2012-07-25 22:00:00+00:00";"39";"31";"76";"2021";"NON";"NON";"31492";"";"";"";"2021-10-06";"112378";""
"31493";"3433";"PLU";"CC";"2014-06-09 22:00:00+00:00";"2009-07-03 22:00:00+00:00";"33";"31";"76";"2021";"NON";"NON";"200072643";"";"";"";"2021-10-06";"38588";""
"31494";"3433";"PLU";"CC";"2013-06-23 22:00:00+00:00";"2008-12-11 23:00:00+00:00";"33";"31";"76";"2021";"NON";"NON";"200072643";"";"";"";"2021-10-06";"50241";""
"31496";"3499";"PLU";"CC";"2020-07-22 22:00:00+00:00";"2016-11-22 23:00:00+00:00";"39";"31";"76";"2021";"NON";"NON";"243100781";"";"";"";"2021-10-06";"154413";""
"31497";"3131";"PLU";"COM";"2004-02-25 23:00:00+00:00";"2001-07-09 22:00:00+00:00";"33";"31";"76";"2021";"NON";"NON";"31497";"";"";"";"2021-10-06";"52192";""
"31499";"3131";"PLU";"COM";"2013-06-23 22:00:00+00:00";"2001-09-16 22:00:00+00:00";"33";"31";"76";"2021";"NON";"NON";"31499";"";"";"";"2021-10-06";"62720";""
"31500";"3199";"PLU";"COM";"2020-09-15 22:00:00+00:00";"2014-10-23 22:00:00+00:00";"39";"31";"76";"2021";"NON";"NON";"31500";"";"";"";"2021-10-06";"139843";""
"31501";"3199";"PLU";"COM";"2020-10-11 22:00:00+00:00";"2016-09-14 22:00:00+00:00";"39";"31";"76";"2021";"NON";"NON";"31501";"";"";"";"2021-10-06";"150748";""
"31502";"1433";"CC";"CC";"2007-03-20 23:00:00+00:00";"2005-07-28 22:00:00+00:00";"13";"31";"76";"2021";"NON";"NON";"200072643";"";"";"";"2021-10-06";"67953";""
"31503";"3199";"PLU";"COM";"2008-03-02 23:00:00+00:00";"2001-07-18 22:00:00+00:00";"39";"31";"76";"2021";"NON";"NON";"31503";"";"";"";"2021-10-06";"58466";""
"31505";"3199";"PLU";"COM";"2010-03-11 23:00:00+00:00";"2003-04-10 22:00:00+00:00";"39";"31";"76";"2021";"NON";"NON";"31505";"";"";"";"2021-10-06";"53600";""
"31506";"3499";"PLU";"MET";"2013-06-26 22:00:00+00:00";"2011-06-22 22:00:00+00:00";"39";"31";"76";"2021";"NON";"NON";"243100518";"";"";"";"2021-10-06";"71624";""
"31507";"3199";"PLU";"COM";"2019-01-28 23:00:00+00:00";"2015-07-07 22:00:00+00:00";"39";"31";"76";"2021";"NON";"NON";"31507";"";"";"";"2021-10-06";"140364";""
"31509";"3199";"PLU";"COM";"2011-02-21 23:00:00+00:00";"2004-02-12 23:00:00+00:00";"39";"31";"76";"2021";"NON";"NON";"31509";"";"";"";"2021-10-06";"49477";""
"31510";"3433";"PLU";"CC";"2013-07-25 22:00:00+00:00";"2009-06-01 22:00:00+00:00";"33";"31";"76";"2021";"NON";"NON";"200072643";"";"";"";"2021-10-06";"38587";""
"31511";"3199";"PLU";"COM";"2011-06-07 22:00:00+00:00";"2006-04-06 22:00:00+00:00";"39";"31";"76";"2021";"NON";"NON";"31511";"";"";"";"2021-10-06";"62059";""
"31512";"3199";"PLU";"COM";"2019-07-16 22:00:00+00:00";"2015-06-07 22:00:00+00:00";"39";"31";"76";"2021";"NON";"NON";"31512";"";"";"";"2021-10-06";"139383";""
"31515";"3199";"PLU";"COM";"2012-10-04 22:00:00+00:00";"2006-01-05 23:00:00+00:00";"39";"31";"76";"2021";"NON";"NON";"31515";"";"";"";"2021-10-06";"62061";""
"31516";"3199";"PLU";"COM";"2018-03-12 23:00:00+00:00";"2014-12-16 23:00:00+00:00";"39";"31";"76";"2021";"NON";"NON";"31516";"";"";"";"2021-10-06";"129285";""
"31517";"3131";"PLU";"COM";"2006-11-15 23:00:00+00:00";"2002-03-28 23:00:00+00:00";"33";"31";"76";"2021";"NON";"NON";"31517";"";"";"";"2021-10-06";"52193";""
"31518";"3199";"PLU";"COM";"2007-08-22 22:00:00+00:00";"2002-05-12 22:00:00+00:00";"39";"31";"76";"2021";"NON";"NON";"31518";"";"";"";"2021-10-06";"52197";""
"31519";"3199";"PLU";"COM";"2012-07-22 22:00:00+00:00";"2009-05-06 22:00:00+00:00";"39";"31";"76";"2021";"NON";"NON";"31519";"";"";"";"2021-10-06";"38589";""
"31521";"3199";"PLU";"COM";"2011-03-10 23:00:00+00:00";"2007-05-03 22:00:00+00:00";"39";"31";"76";"2021";"NON";"NON";"31521";"";"";"";"2021-10-06";"71453";""
"31525";"3199";"PLU";"COM";"2018-12-06 23:00:00+00:00";"2012-09-23 22:00:00+00:00";"39";"31";"76";"2021";"NON";"NON";"31525";"";"";"";"2021-10-06";"109228";""
"31526";"3499";"PLU";"CC";"2004-11-21 23:00:00+00:00";"2002-02-26 23:00:00+00:00";"39";"31";"76";"2021";"NON";"NON";"243100781";"";"";"";"2021-10-06";"52195";""
"31527";"3199";"PLU";"COM";"2009-10-19 22:00:00+00:00";"2004-12-06 23:00:00+00:00";"39";"31";"76";"2021";"NON";"NON";"31527";"";"";"";"2021-10-06";"57204";""
"31528";"3433";"PLU";"CC";"2014-06-22 22:00:00+00:00";"2009-07-31 22:00:00+00:00";"33";"31";"76";"2021";"NON";"NON";"200072643";"";"";"";"2021-10-06";"62721";""
"31529";"3399";"PLUi/PLUiS";"CC";"2017-09-24 22:00:00+00:00";"2013-03-13 23:00:00+00:00";"39";"31";"76";"2021";"OUI";"NON";"200072643";"";"";"";"2021-10-06";"121429";""
"31530";"1199";"CC";"COM";"2008-10-29 23:00:00+00:00";"2006-10-19 22:00:00+00:00";"19";"31";"76";"2021";"NON";"NON";"31530";"";"";"";"2021-10-06";"67954";""
"31531";"3433";"PLU";"CC";"2017-09-24 22:00:00+00:00";"2009-10-15 22:00:00+00:00";"33";"31";"76";"2021";"NON";"NON";"200072643";"";"";"";"2021-10-06";"50242";""
"31532";"3433";"PLU";"CC";"2014-07-28 22:00:00+00:00";"2009-08-06 22:00:00+00:00";"33";"31";"76";"2021";"NON";"NON";"200072643";"";"";"";"2021-10-06";"50243";""
"31533";"3199";"PLU";"COM";"2018-02-05 23:00:00+00:00";"2008-10-07 22:00:00+00:00";"39";"31";"76";"2021";"NON";"NON";"31533";"";"";"";"2021-10-06";"62071";""
"31534";"3199";"PLU";"COM";"2020-03-10 23:00:00+00:00";"2004-09-05 22:00:00+00:00";"39";"31";"76";"2021";"NON";"NON";"31534";"";"";"";"2021-10-06";"49480";""
"31535";"3199";"PLU";"COM";"2012-03-25 22:00:00+00:00";"2009-01-25 23:00:00+00:00";"39";"31";"76";"2021";"NON";"NON";"31535";"";"";"";"2021-10-06";"62073";""
"31536";"1433";"CC";"CC";"2018-06-17 22:00:00+00:00";"2008-08-27 22:00:00+00:00";"13";"31";"76";"2021";"NON";"NON";"200072643";"";"";"";"2021-10-06";"66059";""
"31537";"3433";"PLU";"CC";"2013-09-25 22:00:00+00:00";"2008-09-25 22:00:00+00:00";"33";"31";"76";"2021";"NON";"NON";"200072643";"";"";"";"2021-10-06";"50244";""
"31538";"3199";"PLU";"COM";"2015-07-05 22:00:00+00:00";"2011-02-06 23:00:00+00:00";"39";"31";"76";"2021";"NON";"NON";"31538";"";"";"";"2021-10-06";"65170";""
"31540";"1199";"CC";"COM";"2016-03-24 23:00:00+00:00";"2015-03-18 23:00:00+00:00";"19";"31";"76";"2021";"NON";"NON";"31540";"";"";"";"2021-10-06";"138006";""
"31541";"3499";"PLU";"MET";"2005-09-28 22:00:00+00:00";"2003-02-19 23:00:00+00:00";"39";"31";"76";"2021";"NON";"NON";"243100518";"";"";"";"2021-10-06";"52202";""
"31542";"3199";"PLU";"COM";"2006-12-29 23:00:00+00:00";"2001-06-16 22:00:00+00:00";"39";"31";"76";"2021";"NON";"NON";"31542";"";"";"";"2021-10-06";"52212";""
"31544";"3199";"PLU";"COM";"2013-02-14 23:00:00+00:00";"2006-10-09 22:00:00+00:00";"39";"31";"76";"2021";"NON";"NON";"31544";"";"";"";"2021-10-06";"49481";""
"31545";"3199";"PLU";"COM";"2013-06-27 22:00:00+00:00";"2010-06-04 22:00:00+00:00";"39";"31";"76";"2021";"NON";"NON";"31545";"";"";"";"2021-10-06";"62074";""
"31547";"3199";"PLU";"COM";"2020-02-25 23:00:00+00:00";"2015-05-19 22:00:00+00:00";"39";"31";"76";"2021";"NON";"NON";"31547";"";"";"";"2021-10-06";"138930";""
"31551";"3199";"PLU";"COM";"2010-06-29 22:00:00+00:00";"2005-01-17 23:00:00+00:00";"39";"31";"76";"2021";"NON";"NON";"31551";"";"";"";"2021-10-06";"52199";""
"31552";"3399";"PLUi/PLUiS";"CC";"2017-09-24 22:00:00+00:00";"2013-03-13 23:00:00+00:00";"39";"31";"76";"2021";"OUI";"NON";"200072643";"";"";"";"2021-10-06";"121429";""
"31553";"3199";"PLU";"COM";"2013-06-02 22:00:00+00:00";"2006-07-26 22:00:00+00:00";"39";"31";"76";"2021";"NON";"NON";"31553";"";"";"";"2021-10-06";"62068";""
"31555";"3499";"PLU";"MET";"2013-06-26 22:00:00+00:00";"2011-03-16 23:00:00+00:00";"39";"31";"76";"2021";"NON";"NON";"243100518";"";"";"";"2021-10-06";"72300";""
"31556";"1433";"CC";"CC";"2011-07-28 22:00:00+00:00";"2003-11-10 23:00:00+00:00";"13";"31";"76";"2021";"NON";"NON";"200072643";"";"";"";"2021-10-06";"66862";""
"31557";"3499";"PLU";"MET";"2012-02-08 23:00:00+00:00";"2009-03-19 23:00:00+00:00";"39";"31";"76";"2021";"NON";"NON";"243100518";"";"";"";"2021-10-06";"62075";""
"31558";"1131";"CC";"COM";"2007-02-18 23:00:00+00:00";"2004-12-13 23:00:00+00:00";"13";"31";"76";"2021";"NON";"NON";"31558";"";"";"";"2021-10-06";"69238";""
"31560";"1131";"CC";"COM";"2007-02-13 23:00:00+00:00";"2005-11-02 23:00:00+00:00";"13";"31";"76";"2021";"NON";"NON";"31560";"";"";"";"2021-10-06";"67956";""
"31561";"3499";"PLU";"MET";"2006-07-09 22:00:00+00:00";"2003-03-11 23:00:00+00:00";"39";"31";"76";"2021";"NON";"NON";"243100518";"";"";"";"2021-10-06";"83795";""
"31562";"1199";"CC";"COM";"2010-12-08 23:00:00+00:00";"2007-05-31 22:00:00+00:00";"19";"31";"76";"2021";"NON";"NON";"31562";"";"";"";"2021-10-06";"69239";""
"31563";"3131";"PLU";"COM";"2007-06-11 22:00:00+00:00";"2004-06-28 22:00:00+00:00";"33";"31";"76";"2021";"NON";"NON";"31563";"";"";"";"2021-10-06";"52201";""
"31564";"3199";"PLU";"COM";"2020-12-10 23:00:00+00:00";"2010-11-11 23:00:00+00:00";"39";"31";"76";"2021";"NON";"NON";"31564";"";"";"";"2021-10-06";"62070";""
"31565";"3433";"PLU";"CC";"2005-01-26 23:00:00+00:00";"2001-11-28 23:00:00+00:00";"33";"31";"76";"2021";"NON";"NON";"200072643";"";"";"";"2021-10-06";"52205";""
"31566";"3199";"PLU";"COM";"2011-07-25 22:00:00+00:00";"2004-06-02 22:00:00+00:00";"39";"31";"76";"2021";"NON";"NON";"31566";"";"";"";"2021-10-06";"49485";""
"31567";"1199";"CC";"COM";"2003-08-13 22:00:00+00:00";"2002-02-01 23:00:00+00:00";"19";"31";"76";"2021";"NON";"NON";"31567";"";"";"";"2021-10-06";"91699";""
"31569";"3432";"PLU";"CC";"2006-02-08 23:00:00+00:00";"2002-07-03 22:00:00+00:00";"33";"31";"76";"2021";"NON";"NON";"31569";"";"";"";"2021-10-06";"52203";""
"31571";"1199";"CC";"COM";"2010-04-06 22:00:00+00:00";"2004-09-14 22:00:00+00:00";"19";"31";"76";"2021";"NON";"NON";"31571";"";"";"";"2021-10-06";"69222";""
"31572";"3131";"PLU";"COM";"2016-09-20 22:00:00+00:00";"2012-11-27 23:00:00+00:00";"33";"31";"76";"2021";"NON";"NON";"31572";"";"";"";"2021-10-06";"115539";""
"31573";"3199";"PLU";"COM";"2018-03-21 23:00:00+00:00";"2010-03-23 23:00:00+00:00";"39";"31";"76";"2021";"NON";"NON";"31573";"";"";"";"2021-10-06";"62069";""
"31574";"3199";"PLU";"COM";"2014-01-19 23:00:00+00:00";"2001-12-09 23:00:00+00:00";"39";"31";"76";"2021";"NON";"NON";"31574";"";"";"";"2021-10-06";"63875";""
"31575";"3199";"PLU";"COM";"2017-03-26 22:00:00+00:00";"2013-02-05 23:00:00+00:00";"39";"31";"76";"2021";"NON";"NON";"31575";"";"";"";"2021-10-06";"120172";""
"31576";"3199";"PLU";"COM";"2021-01-29 23:00:00+00:00";"2016-09-15 22:00:00+00:00";"39";"31";"76";"2021";"NON";"NON";"31576";"";"";"";"2021-10-06";"155805";""
"31577";"1199";"CC";"COM";"2008-02-19 23:00:00+00:00";"2005-03-10 23:00:00+00:00";"19";"31";"76";"2021";"NON";"NON";"31577";"";"";"";"2021-10-06";"67958";""
"31578";"3199";"PLU";"COM";"2018-05-14 22:00:00+00:00";"2014-05-20 22:00:00+00:00";"39";"31";"76";"2021";"NON";"NON";"31578";"";"";"";"2021-10-06";"130796";""
"31579";"3131";"PLU";"COM";"2010-11-02 23:00:00+00:00";"2004-06-29 22:00:00+00:00";"33";"31";"76";"2021";"NON";"NON";"31579";"";"";"";"2021-10-06";"52204";""
"31580";"3131";"PLU";"COM";"2012-01-05 23:00:00+00:00";"2002-10-24 22:00:00+00:00";"33";"31";"76";"2021";"NON";"NON";"31580";"";"";"";"2021-10-06";"62072";""
"31581";"3199";"PLU";"COM";"2015-04-21 22:00:00+00:00";"2010-03-09 23:00:00+00:00";"39";"31";"76";"2021";"NON";"NON";"31581";"";"";"";"2021-10-06";"64439";""
"31582";"3131";"PLU";"COM";"2016-03-16 23:00:00+00:00";"2010-05-05 22:00:00+00:00";"33";"31";"76";"2021";"NON";"NON";"31582";"";"";"";"2021-10-06";"64440";""
"31583";"3199";"PLU";"COM";"2006-08-09 22:00:00+00:00";"2001-10-30 23:00:00+00:00";"39";"31";"76";"2021";"NON";"NON";"31583";"";"";"";"2021-10-06";"52213";""
"31584";"3131";"PLU";"COM";"2013-05-20 22:00:00+00:00";"2009-05-17 22:00:00+00:00";"33";"31";"76";"2021";"NON";"NON";"31584";"";"";"";"2021-10-06";"38590";""
"31585";"3433";"PLU";"CC";"2006-09-11 22:00:00+00:00";"2003-02-16 23:00:00+00:00";"33";"31";"76";"2021";"NON";"NON";"200072643";"";"";"";"2021-10-06";"52206";""
"31586";"1433";"CC";"CC";"2020-02-13 23:00:00+00:00";"2015-11-01 23:00:00+00:00";"13";"31";"76";"2021";"NON";"NON";"200072643";"";"";"";"2021-10-06";"66863";""
"31587";"3199";"PLU";"COM";"2019-07-15 22:00:00+00:00";"2015-01-07 23:00:00+00:00";"39";"31";"76";"2021";"NON";"NON";"31587";"";"";"";"2021-10-06";"151295";""
"31588";"3499";"PLU";"MET";"2005-10-17 22:00:00+00:00";"2003-01-20 23:00:00+00:00";"39";"31";"76";"2021";"NON";"NON";"243100518";"";"";"";"2021-10-06";"52209";""
"31589";"3199";"PLU";"COM";"2003-10-22 22:00:00+00:00";"2001-07-11 22:00:00+00:00";"39";"31";"76";"2021";"NON";"NON";"31589";"";"";"";"2021-10-06";"52211";""
"31591";"3199";"PLU";"COM";"2011-07-07 22:00:00+00:00";"2007-05-21 22:00:00+00:00";"39";"31";"76";"2021";"NON";"NON";"31591";"";"";"";"2021-10-06";"49487";""
"31592";"3199";"PLU";"COM";"2021-06-30 22:00:00+00:00";"2016-05-29 22:00:00+00:00";"39";"31";"76";"2021";"NON";"NON";"31592";"";"";"";"2021-10-06";"149063";""
"32001";"1432";"CC";"CC";"2014-07-17 22:00:00+00:00";"2013-09-30 22:00:00+00:00";"13";"32";"76";"2021";"NON";"NON";"200035632";"";"";"";"2021-10-06";"126041";""
"32002";"1199";"CC";"COM";"2006-08-23 22:00:00+00:00";"2004-12-31 23:00:00+00:00";"19";"32";"76";"2021";"NON";"NON";"32002";"";"";"";"2021-10-06";"67960";""
"32003";"1199";"CC";"COM";"2018-06-11 22:00:00+00:00";"2014-11-09 23:00:00+00:00";"19";"32";"76";"2021";"NON";"NON";"32003";"";"";"";"2021-10-06";"133562";""
"32004";"3299";"PLUi/PLUiS";"CC";"2020-01-19 23:00:00+00:00";"2014-12-08 23:00:00+00:00";"39";"32";"76";"2021";"NON";"OUI";"32004";"";"";"";"2021-10-06";"134565";""
"32007";"1199";"CC";"COM";"2007-07-26 22:00:00+00:00";"2005-12-31 23:00:00+00:00";"19";"32";"76";"2021";"NON";"NON";"32007";"";"";"";"2021-10-06";"67961";""
"32010";"1199";"CC";"COM";"2012-03-11 23:00:00+00:00";"2009-10-31 23:00:00+00:00";"19";"32";"76";"2021";"NON";"NON";"32010";"";"";"";"2021-10-06";"66864";""
"32012";"3131";"PLU";"COM";"2011-12-01 23:00:00+00:00";"2005-05-25 22:00:00+00:00";"33";"32";"76";"2021";"NON";"NON";"32012";"";"";"";"2021-10-06";"65110";""
"32013";"3131";"PLU";"COM";"2012-03-25 22:00:00+00:00";"2007-04-25 22:00:00+00:00";"33";"32";"76";"2021";"NON";"NON";"32013";"";"";"";"2021-10-06";"62076";""
"32014";"1199";"CC";"COM";"2007-09-30 22:00:00+00:00";"2005-12-31 23:00:00+00:00";"19";"32";"76";"2021";"NON";"NON";"32014";"";"";"";"2021-10-06";"67962";""
"32016";"1432";"CC";"CC";"2017-03-26 22:00:00+00:00";"2014-09-16 22:00:00+00:00";"13";"32";"76";"2021";"NON";"NON";"32016";"";"";"";"2021-10-06";"131328";""
"32017";"3299";"PLUi/PLUiS";"CC";"2020-01-19 23:00:00+00:00";"2014-12-08 23:00:00+00:00";"39";"32";"76";"2021";"NON";"OUI";"32017";"";"";"";"2021-10-06";"134565";""
"32019";"1199";"CC";"COM";"2006-11-26 23:00:00+00:00";"2004-12-31 23:00:00+00:00";"19";"32";"76";"2021";"NON";"NON";"32019";"";"";"";"2021-10-06";"67964";""
"32020";"3199";"PLU";"COM";"2016-03-02 23:00:00+00:00";"2010-07-14 22:00:00+00:00";"39";"32";"76";"2021";"NON";"NON";"32020";"";"";"";"2021-10-06";"49488";""
"32021";"1199";"CC";"COM";"2008-03-02 23:00:00+00:00";"2006-12-31 23:00:00+00:00";"19";"32";"76";"2021";"NON";"NON";"32021";"";"";"";"2021-10-06";"67965";""
"32022";"1432";"CC";"CC";"2019-10-20 22:00:00+00:00";"2014-10-02 22:00:00+00:00";"13";"32";"76";"2021";"NON";"NON";"200035632";"";"";"";"2021-10-06";"133026";""
"32023";"1199";"CC";"COM";"2018-05-24 22:00:00+00:00";"2015-10-15 22:00:00+00:00";"19";"32";"76";"2021";"NON";"NON";"32023";"";"";"";"2021-10-06";"144138";""
"32025";"1111";"CC";"COM";"2013-05-05 22:00:00+00:00";"2009-02-15 23:00:00+00:00";"11";"32";"76";"2021";"NON";"NON";"32025";"";"";"";"2021-10-06";"66865";""
"32026";"1199";"CC";"COM";"2009-07-15 22:00:00+00:00";"2007-12-31 23:00:00+00:00";"19";"32";"76";"2021";"NON";"NON";"32026";"";"";"";"2021-10-06";"69224";""
"32027";"3299";"PLUi/PLUiS";"CC";"2020-01-19 23:00:00+00:00";"2014-12-08 23:00:00+00:00";"39";"32";"76";"2021";"NON";"OUI";"32027";"";"";"";"2021-10-06";"134565";""
"32028";"1199";"CC";"COM";"2017-10-10 22:00:00+00:00";"2012-02-16 23:00:00+00:00";"19";"32";"76";"2021";"NON";"NON";"32028";"";"";"";"2021-10-06";"106576";""
"32029";"1199";"CC";"COM";"2015-09-20 22:00:00+00:00";"2010-12-31 23:00:00+00:00";"19";"32";"76";"2021";"NON";"NON";"32029";"";"";"";"2021-10-06";"71335";""
"32030";"1199";"CC";"COM";"2016-05-30 22:00:00+00:00";"2009-12-31 23:00:00+00:00";"19";"32";"76";"2021";"NON";"NON";"32030";"";"";"";"2021-10-06";"71340";""
"32031";"1111";"CC";"COM";"2012-01-10 23:00:00+00:00";"2007-11-16 23:00:00+00:00";"11";"32";"76";"2021";"NON";"NON";"32031";"";"";"";"2021-10-06";"66062";""
"32032";"1199";"CC";"COM";"2011-09-28 22:00:00+00:00";"2006-11-28 23:00:00+00:00";"19";"32";"76";"2021";"NON";"NON";"32032";"";"";"";"2021-10-06";"66063";""
"32035";"3299";"PLUi/PLUiS";"CC";"2021-06-02 22:00:00+00:00";"2013-03-26 23:00:00+00:00";"39";"32";"76";"2021";"NON";"OUI";"32035";"";"";"";"2021-10-06";"126281";""
"32036";"1432";"CC";"CC";"2008-06-19 22:00:00+00:00";"2006-12-31 23:00:00+00:00";"13";"32";"76";"2021";"NON";"NON";"243200508";"";"";"";"2021-10-06";"67966";""
"32037";"3299";"PLUi/PLUiS";"CC";"2021-06-02 22:00:00+00:00";"2013-03-26 23:00:00+00:00";"39";"32";"76";"2021";"NON";"OUI";"32037";"";"";"";"2021-10-06";"126281";""
"32039";"1199";"CC";"COM";"2013-03-12 23:00:00+00:00";"2010-05-26 22:00:00+00:00";"19";"32";"76";"2021";"NON";"NON";"32039";"";"";"";"2021-10-06";"108870";""
"32040";"1199";"CC";"COM";"2008-12-14 23:00:00+00:00";"2007-12-31 23:00:00+00:00";"19";"32";"76";"2021";"NON";"NON";"32040";"";"";"";"2021-10-06";"67967";""
"32042";"1199";"CC";"COM";"2021-06-21 22:00:00+00:00";"2019-10-09 22:00:00+00:00";"19";"32";"76";"2021";"NON";"NON";"32042";"";"";"";"2021-10-06";"175541";""
"32043";"1199";"CC";"COM";"2013-09-15 22:00:00+00:00";"2010-05-31 22:00:00+00:00";"19";"32";"76";"2021";"NON";"NON";"32043";"";"";"";"2021-10-06";"66867";""
"32044";"3299";"PLUi/PLUiS";"CC";"2021-06-02 22:00:00+00:00";"2013-03-26 23:00:00+00:00";"39";"32";"76";"2021";"NON";"OUI";"32044";"";"";"";"2021-10-06";"126281";""
"32045";"1199";"CC";"COM";"2006-05-14 22:00:00+00:00";"2004-12-31 23:00:00+00:00";"19";"32";"76";"2021";"NON";"NON";"32045";"";"";"";"2021-10-06";"67968";""
"32046";"3299";"PLUi/PLUiS";"CC";"2020-01-19 23:00:00+00:00";"2014-12-08 23:00:00+00:00";"39";"32";"76";"2021";"NON";"OUI";"32046";"";"";"";"2021-10-06";"134565";""
"32047";"3499";"PLU";"CC";"2016-07-05 22:00:00+00:00";"2009-12-13 23:00:00+00:00";"39";"32";"76";"2021";"NON";"NON";"32047";"";"";"";"2021-10-06";"49489";""
"32048";"3199";"PLU";"COM";"2011-10-24 22:00:00+00:00";"2008-07-23 22:00:00+00:00";"39";"32";"76";"2021";"NON";"NON";"32048";"";"";"";"2021-10-06";"65111";""
"32050";"1199";"CC";"COM";"2007-05-08 22:00:00+00:00";"2005-12-31 23:00:00+00:00";"19";"32";"76";"2021";"NON";"NON";"32050";"";"";"";"2021-10-06";"67969";""
"32051";"1199";"CC";"COM";"2014-08-05 22:00:00+00:00";"2013-03-27 23:00:00+00:00";"19";"32";"76";"2021";"NON";"NON";"32051";"";"";"";"2021-10-06";"122237";""
"32054";"1199";"CC";"COM";"2005-11-17 23:00:00+00:00";"2004-12-31 23:00:00+00:00";"19";"32";"76";"2021";"NON";"NON";"32054";"";"";"";"2021-10-06";"67971";""
"32055";"1199";"CC";"COM";"2012-01-08 23:00:00+00:00";"2008-04-20 22:00:00+00:00";"19";"32";"76";"2021";"NON";"NON";"32055";"";"";"";"2021-10-06";"66065";""
"32057";"3299";"PLUi/PLUiS";"CC";"2021-06-02 22:00:00+00:00";"2013-03-26 23:00:00+00:00";"39";"32";"76";"2021";"NON";"OUI";"32057";"";"";"";"2021-10-06";"126281";""
"32058";"1432";"CC";"CC";"2012-12-10 23:00:00+00:00";"2007-07-29 22:00:00+00:00";"13";"32";"76";"2021";"NON";"NON";"243200508";"";"";"";"2021-10-06";"66066";""
"32060";"1199";"CC";"COM";"2008-01-09 23:00:00+00:00";"2006-06-12 22:00:00+00:00";"19";"32";"76";"2021";"NON";"NON";"32060";"";"";"";"2021-10-06";"67972";""
"32061";"1199";"CC";"COM";"2010-04-14 22:00:00+00:00";"2006-12-31 23:00:00+00:00";"19";"32";"76";"2021";"NON";"NON";"32061";"";"";"";"2021-10-06";"69241";""
"32063";"1432";"CC";"CC";"2014-04-28 22:00:00+00:00";"2008-12-07 23:00:00+00:00";"13";"32";"76";"2021";"NON";"NON";"200035632";"";"";"";"2021-10-06";"66869";""
"32064";"1199";"CC";"COM";"2011-05-22 22:00:00+00:00";"2008-01-22 23:00:00+00:00";"19";"32";"76";"2021";"NON";"NON";"32064";"";"";"";"2021-10-06";"66068";""
"32066";"1499";"CC";"CC";"2008-05-04 22:00:00+00:00";"2006-12-31 23:00:00+00:00";"19";"32";"76";"2021";"NON";"NON";"32066";"";"";"";"2021-10-06";"67973";""
"32068";"1499";"CC";"CC";"2008-09-14 22:00:00+00:00";"2007-04-25 22:00:00+00:00";"19";"32";"76";"2021";"NON";"NON";"32068";"";"";"";"2021-10-06";"67974";""
"32069";"3199";"PLU";"COM";"2007-08-03 22:00:00+00:00";"2004-03-30 22:00:00+00:00";"39";"32";"76";"2021";"NON";"NON";"32069";"";"";"";"2021-10-06";"52216";""
"32070";"1432";"CC";"CC";"2019-10-27 23:00:00+00:00";"2013-05-22 22:00:00+00:00";"13";"32";"76";"2021";"NON";"NON";"200035632";"";"";"";"2021-10-06";"121895";""
"32073";"1199";"CC";"COM";"2013-05-05 22:00:00+00:00";"2008-08-31 22:00:00+00:00";"19";"32";"76";"2021";"NON";"NON";"32073";"";"";"";"2021-10-06";"66870";""
"32075";"3299";"PLUi/PLUiS";"CC";"2021-06-02 22:00:00+00:00";"2013-03-26 23:00:00+00:00";"39";"32";"76";"2021";"NON";"OUI";"32075";"";"";"";"2021-10-06";"126281";""
"32076";"1199";"CC";"COM";"2013-01-20 23:00:00+00:00";"2008-11-27 23:00:00+00:00";"19";"32";"76";"2021";"NON";"NON";"32076";"";"";"";"2021-10-06";"65777";""
"32077";"1199";"CC";"COM";"2008-03-16 23:00:00+00:00";"2006-12-31 23:00:00+00:00";"19";"32";"76";"2021";"NON";"NON";"32077";"";"";"";"2021-10-06";"67975";""
"32078";"1499";"CC";"CC";"2013-03-18 23:00:00+00:00";"2009-05-31 22:00:00+00:00";"19";"32";"76";"2021";"NON";"NON";"32078";"";"";"";"2021-10-06";"66871";""
"32079";"3199";"PLU";"COM";"2020-07-16 22:00:00+00:00";"2016-12-18 23:00:00+00:00";"39";"32";"76";"2021";"NON";"NON";"32079";"";"";"";"2021-10-06";"154475";""
"32080";"3299";"PLUi/PLUiS";"CC";"2021-06-02 22:00:00+00:00";"2013-03-26 23:00:00+00:00";"39";"32";"76";"2021";"NON";"OUI";"32080";"";"";"";"2021-10-06";"126281";""
"32082";"3434";"PLU";"CC";"2011-02-02 23:00:00+00:00";"2007-03-22 23:00:00+00:00";"33";"32";"76";"2021";"NON";"NON";"32082";"";"";"";"2021-10-06";"49490";""
"32083";"3199";"PLU";"COM";"2016-10-17 22:00:00+00:00";"2013-01-13 23:00:00+00:00";"39";"32";"76";"2021";"NON";"NON";"32083";"";"";"";"2021-10-06";"120090";""
"32085";"1499";"CC";"CC";"2016-07-18 22:00:00+00:00";"2012-09-09 22:00:00+00:00";"19";"32";"76";"2021";"NON";"NON";"32085";"";"";"";"2021-10-06";"112921";""
"32086";"3199";"PLU";"COM";"2017-04-12 22:00:00+00:00";"2012-07-19 22:00:00+00:00";"39";"32";"76";"2021";"NON";"NON";"32086";"";"";"";"2021-10-06";"110218";""
"32087";"1199";"CC";"COM";"2007-07-04 22:00:00+00:00";"2005-12-31 23:00:00+00:00";"19";"32";"76";"2021";"NON";"NON";"32087";"";"";"";"2021-10-06";"67976";""
"32089";"1199";"CC";"COM";"2005-08-07 22:00:00+00:00";"2003-12-31 23:00:00+00:00";"19";"32";"76";"2021";"NON";"NON";"32089";"";"";"";"2021-10-06";"67977";""
"32090";"3432";"PLU";"CC";"2015-10-15 22:00:00+00:00";"2013-04-04 22:00:00+00:00";"33";"32";"76";"2021";"NON";"NON";"32090";"";"";"";"2021-10-06";"121227";""
"32091";"1199";"CC";"COM";"2003-07-23 22:00:00+00:00";"2001-12-31 23:00:00+00:00";"19";"32";"76";"2021";"NON";"NON";"32091";"";"";"";"2021-10-06";"67978";""
"32092";"1199";"CC";"COM";"2007-01-16 23:00:00+00:00";"2005-12-31 23:00:00+00:00";"19";"32";"76";"2021";"NON";"NON";"32092";"";"";"";"2021-10-06";"67979";""
"32094";"1131";"CC";"COM";"2006-11-16 23:00:00+00:00";"2004-12-31 23:00:00+00:00";"13";"32";"76";"2021";"NON";"NON";"32094";"";"";"";"2021-10-06";"67980";""
"32095";"3299";"PLUi/PLUiS";"CC";"2021-06-02 22:00:00+00:00";"2013-03-26 23:00:00+00:00";"39";"32";"76";"2021";"NON";"OUI";"32095";"";"";"";"2021-10-06";"126281";""
"32096";"3131";"PLU";"COM";"2007-02-13 23:00:00+00:00";"2004-01-22 23:00:00+00:00";"33";"32";"76";"2021";"NON";"NON";"32096";"";"";"";"2021-10-06";"52219";""
"32097";"1199";"CC";"COM";"2016-01-03 23:00:00+00:00";"2011-11-14 23:00:00+00:00";"19";"32";"76";"2021";"NON";"NON";"32097";"";"";"";"2021-10-06";"91998";""
"32098";"1199";"CC";"COM";"2007-01-03 23:00:00+00:00";"2005-12-31 23:00:00+00:00";"19";"32";"76";"2021";"NON";"NON";"32098";"";"";"";"2021-10-06";"67981";""
"32099";"1432";"CC";"CC";"2012-09-03 22:00:00+00:00";"2007-02-18 23:00:00+00:00";"13";"32";"76";"2021";"NON";"NON";"243200508";"";"";"";"2021-10-06";"66072";""
"32100";"3299";"PLUi/PLUiS";"CC";"2021-06-02 22:00:00+00:00";"2013-03-26 23:00:00+00:00";"39";"32";"76";"2021";"NON";"OUI";"32100";"";"";"";"2021-10-06";"126281";""
"32101";"1499";"CC";"CC";"2012-12-18 23:00:00+00:00";"2012-04-30 22:00:00+00:00";"19";"32";"76";"2021";"NON";"NON";"32101";"";"";"";"2021-10-06";"116153";""
"32102";"1499";"CC";"CC";"2010-01-21 23:00:00+00:00";"2008-04-30 22:00:00+00:00";"19";"32";"76";"2021";"NON";"NON";"32102";"";"";"";"2021-10-06";"69242";""
"32103";"1199";"CC";"COM";"2011-07-20 22:00:00+00:00";"2008-12-28 23:00:00+00:00";"19";"32";"76";"2021";"NON";"NON";"32103";"";"";"";"2021-10-06";"66074";""
"32104";"3199";"PLU";"COM";"2017-03-19 23:00:00+00:00";"2010-07-27 22:00:00+00:00";"39";"32";"76";"2021";"NON";"NON";"32104";"";"";"";"2021-10-06";"89013";""
"32105";"3432";"PLU";"CC";"2017-12-18 23:00:00+00:00";"2014-10-08 22:00:00+00:00";"33";"32";"76";"2021";"NON";"NON";"32105";"";"";"";"2021-10-06";"132037";""
"32106";"1111";"CC";"COM";"2008-06-22 22:00:00+00:00";"2006-12-31 23:00:00+00:00";"11";"32";"76";"2021";"NON";"NON";"32106";"";"";"";"2021-10-06";"67982";""
"32107";"3299";"PLUi/PLUiS";"CC";"2021-06-02 22:00:00+00:00";"2013-03-26 23:00:00+00:00";"39";"32";"76";"2021";"NON";"OUI";"32107";"";"";"";"2021-10-06";"126281";""
"32108";"3299";"PLUi/PLUiS";"CC";"2020-01-19 23:00:00+00:00";"2014-12-08 23:00:00+00:00";"39";"32";"76";"2021";"NON";"OUI";"32108";"";"";"";"2021-10-06";"134565";""
"32109";"1432";"CC";"CC";"2013-04-24 22:00:00+00:00";"2009-09-14 22:00:00+00:00";"13";"32";"76";"2021";"NON";"NON";"243200508";"";"";"";"2021-10-06";"66873";""
"32110";"1199";"CC";"COM";"2011-10-17 22:00:00+00:00";"2006-10-29 23:00:00+00:00";"19";"32";"76";"2021";"NON";"NON";"32110";"";"";"";"2021-10-06";"66075";""
"32112";"1111";"CC";"COM";"2007-05-10 22:00:00+00:00";"2005-12-31 23:00:00+00:00";"11";"32";"76";"2021";"NON";"NON";"32112";"";"";"";"2021-10-06";"67983";""
"32114";"1199";"CC";"COM";"2011-06-22 22:00:00+00:00";"2008-01-10 23:00:00+00:00";"19";"32";"76";"2021";"NON";"NON";"32114";"";"";"";"2021-10-06";"66601";""
"32115";"1199";"CC";"COM";"2011-04-19 22:00:00+00:00";"2008-12-31 23:00:00+00:00";"19";"32";"76";"2021";"NON";"NON";"32115";"";"";"";"2021-10-06";"66077";""
"32116";"3199";"PLU";"COM";"2016-10-19 22:00:00+00:00";"2011-02-08 23:00:00+00:00";"39";"32";"76";"2021";"NON";"NON";"32116";"";"";"";"2021-10-06";"71608";""
"32117";"3131";"PLU";"COM";"2009-11-11 23:00:00+00:00";"2004-11-09 23:00:00+00:00";"33";"32";"76";"2021";"NON";"NON";"32117";"";"";"";"2021-10-06";"52220";""
"32118";"1199";"CC";"COM";"2011-08-28 22:00:00+00:00";"2008-12-04 23:00:00+00:00";"19";"32";"76";"2021";"NON";"NON";"32118";"";"";"";"2021-10-06";"66078";""
"32119";"3199";"PLU";"COM";"2016-12-14 23:00:00+00:00";"2015-06-15 22:00:00+00:00";"39";"32";"76";"2021";"NON";"NON";"32119";"";"";"";"2021-10-06";"140763";""
"32120";"3199";"PLU";"COM";"2020-02-27 23:00:00+00:00";"2010-03-09 23:00:00+00:00";"39";"32";"76";"2021";"NON";"NON";"32120";"";"";"";"2021-10-06";"65112";""
"32121";"1432";"CC";"CC";"2004-10-14 22:00:00+00:00";"2002-12-31 23:00:00+00:00";"13";"32";"76";"2021";"NON";"NON";"32121";"";"";"";"2021-10-06";"67984";""
"32122";"1199";"CC";"COM";"2011-06-22 22:00:00+00:00";"2008-06-04 22:00:00+00:00";"19";"32";"76";"2021";"NON";"NON";"32122";"";"";"";"2021-10-06";"65690";""
"32123";"1131";"CC";"COM";"2004-06-21 22:00:00+00:00";"2002-12-31 23:00:00+00:00";"13";"32";"76";"2021";"NON";"NON";"32123";"";"";"";"2021-10-06";"67985";""
"32124";"3131";"PLU";"COM";"2011-06-08 22:00:00+00:00";"2008-06-03 22:00:00+00:00";"33";"32";"76";"2021";"NON";"NON";"32124";"";"";"";"2021-10-06";"49492";""
"32125";"1199";"CC";"COM";"2007-09-03 22:00:00+00:00";"2006-03-31 22:00:00+00:00";"19";"32";"76";"2021";"NON";"NON";"32125";"";"";"";"2021-10-06";"67986";""
"32126";"1199";"CC";"COM";"2013-08-11 22:00:00+00:00";"2010-11-30 23:00:00+00:00";"19";"32";"76";"2021";"NON";"NON";"32126";"";"";"";"2021-10-06";"66874";""
"32127";"1199";"CC";"COM";"2009-08-20 22:00:00+00:00";"2007-12-31 23:00:00+00:00";"19";"32";"76";"2021";"NON";"NON";"32127";"";"";"";"2021-10-06";"71377";""
"32128";"1199";"CC";"COM";"2016-12-04 23:00:00+00:00";"2013-02-07 23:00:00+00:00";"19";"32";"76";"2021";"NON";"NON";"32128";"";"";"";"2021-10-06";"121625";""
"32129";"1199";"CC";"COM";"2013-04-11 22:00:00+00:00";"2006-12-31 23:00:00+00:00";"19";"32";"76";"2021";"NON";"NON";"32129";"";"";"";"2021-10-06";"66875";""
"32130";"1199";"CC";"COM";"2012-05-24 22:00:00+00:00";"2007-10-18 22:00:00+00:00";"19";"32";"76";"2021";"NON";"NON";"32130";"";"";"";"2021-10-06";"66079";""
"32131";"1499";"CC";"CC";"2013-09-22 22:00:00+00:00";"2007-07-10 22:00:00+00:00";"19";"32";"76";"2021";"NON";"NON";"32131";"";"";"";"2021-10-06";"66876";""
"32133";"3299";"PLUi/PLUiS";"CC";"2021-06-02 22:00:00+00:00";"2013-03-26 23:00:00+00:00";"39";"32";"76";"2021";"NON";"OUI";"32133";"";"";"";"2021-10-06";"126281";""
"32134";"1432";"CC";"CC";"2007-03-29 22:00:00+00:00";"2005-12-31 23:00:00+00:00";"13";"32";"76";"2021";"NON";"NON";"32134";"";"";"";"2021-10-06";"67987";""
"32135";"1432";"CC";"CC";"2013-03-26 23:00:00+00:00";"2009-07-31 22:00:00+00:00";"13";"32";"76";"2021";"NON";"NON";"200035632";"";"";"";"2021-10-06";"66877";""
"32140";"1199";"CC";"COM";"2009-06-15 22:00:00+00:00";"2007-12-31 23:00:00+00:00";"19";"32";"76";"2021";"NON";"NON";"32140";"";"";"";"2021-10-06";"69243";""
"32141";"1199";"CC";"COM";"2009-09-06 22:00:00+00:00";"2007-12-31 23:00:00+00:00";"19";"32";"76";"2021";"NON";"NON";"32141";"";"";"";"2021-10-06";"69244";""
"32142";"3499";"PLU";"CC";"2013-09-30 22:00:00+00:00";"2009-11-03 23:00:00+00:00";"39";"32";"76";"2021";"NON";"NON";"32142";"";"";"";"2021-10-06";"49494";""
"32143";"3299";"PLUi/PLUiS";"CC";"2021-06-02 22:00:00+00:00";"2013-03-26 23:00:00+00:00";"39";"32";"76";"2021";"NON";"OUI";"32143";"";"";"";"2021-10-06";"126281";""
"32145";"3299";"PLUi/PLUiS";"CC";"2020-01-19 23:00:00+00:00";"2014-12-08 23:00:00+00:00";"39";"32";"76";"2021";"NON";"OUI";"32145";"";"";"";"2021-10-06";"134565";""
"32146";"1499";"CC";"CC";"2014-04-15 22:00:00+00:00";"2013-01-04 23:00:00+00:00";"19";"32";"76";"2021";"NON";"NON";"32146";"";"";"";"2021-10-06";"125013";""
"32147";"3199";"PLU";"COM";"2020-03-03 23:00:00+00:00";"2014-11-25 23:00:00+00:00";"39";"32";"76";"2021";"NON";"NON";"32147";"";"";"";"2021-10-06";"135190";""
"32149";"3199";"PLU";"COM";"2014-08-28 22:00:00+00:00";"2010-02-04 23:00:00+00:00";"39";"32";"76";"2021";"NON";"NON";"32149";"";"";"";"2021-10-06";"65115";""
"32150";"1499";"CC";"CC";"2008-09-28 22:00:00+00:00";"2006-01-19 23:00:00+00:00";"19";"32";"76";"2021";"NON";"NON";"32150";"";"";"";"2021-10-06";"67989";""
"32152";"3199";"PLU";"COM";"2018-02-25 23:00:00+00:00";"2010-04-11 22:00:00+00:00";"39";"32";"76";"2021";"NON";"NON";"32152";"";"";"";"2021-10-06";"49495";""
"32153";"1199";"CC";"COM";"2012-10-16 22:00:00+00:00";"2009-06-30 22:00:00+00:00";"19";"32";"76";"2021";"NON";"NON";"32153";"";"";"";"2021-10-06";"65691";""
"32154";"1199";"CC";"COM";"2018-06-25 22:00:00+00:00";"2011-12-14 23:00:00+00:00";"19";"32";"76";"2021";"NON";"NON";"32154";"";"";"";"2021-10-06";"95569";""
"32155";"3199";"PLU";"COM";"2020-03-08 23:00:00+00:00";"2012-11-28 23:00:00+00:00";"39";"32";"76";"2021";"NON";"NON";"32155";"";"";"";"2021-10-06";"119958";""
"32156";"1199";"CC";"COM";"2013-03-26 23:00:00+00:00";"2007-12-31 23:00:00+00:00";"19";"32";"76";"2021";"NON";"NON";"32156";"";"";"";"2021-10-06";"66081";""
"32158";"3199";"PLU";"COM";"2016-12-13 23:00:00+00:00";"2013-02-05 23:00:00+00:00";"39";"32";"76";"2021";"NON";"NON";"32158";"";"";"";"2021-10-06";"120532";""
"32159";"1199";"CC";"COM";"2003-11-04 23:00:00+00:00";"2001-12-31 23:00:00+00:00";"19";"32";"76";"2021";"NON";"NON";"32159";"";"";"";"2021-10-06";"67991";""
"32160";"3432";"PLU";"CC";"2013-12-04 23:00:00+00:00";"2011-10-17 22:00:00+00:00";"33";"32";"76";"2021";"NON";"NON";"32160";"";"";"";"2021-10-06";"82494";""
"32161";"1432";"CC";"CC";"2017-05-28 22:00:00+00:00";"2010-11-30 23:00:00+00:00";"13";"32";"76";"2021";"NON";"NON";"243200508";"";"";"";"2021-10-06";"66878";""
"32162";"3199";"PLU";"COM";"2013-12-11 23:00:00+00:00";"2009-10-07 22:00:00+00:00";"39";"32";"76";"2021";"NON";"NON";"32162";"";"";"";"2021-10-06";"65113";""
"32164";"1432";"CC";"CC";"2015-10-19 22:00:00+00:00";"2012-01-16 23:00:00+00:00";"13";"32";"76";"2021";"NON";"NON";"243200508";"";"";"";"2021-10-06";"100218";""
"32165";"1199";"CC";"COM";"2010-05-06 22:00:00+00:00";"2007-07-26 22:00:00+00:00";"19";"32";"76";"2021";"NON";"NON";"32165";"";"";"";"2021-10-06";"69256";""
"32166";"1199";"CC";"COM";"2008-07-24 22:00:00+00:00";"2005-05-26 22:00:00+00:00";"19";"32";"76";"2021";"NON";"NON";"32166";"";"";"";"2021-10-06";"67992";""
"32167";"1199";"CC";"COM";"2012-10-18 22:00:00+00:00";"2007-08-05 22:00:00+00:00";"19";"32";"76";"2021";"NON";"NON";"32167";"";"";"";"2021-10-06";"66082";""
"32169";"1199";"CC";"COM";"2015-02-11 23:00:00+00:00";"2012-03-18 23:00:00+00:00";"19";"32";"76";"2021";"NON";"NON";"32169";"";"";"";"2021-10-06";"105256";""
"32170";"1432";"CC";"CC";"2013-11-08 23:00:00+00:00";"2007-07-19 22:00:00+00:00";"13";"32";"76";"2021";"NON";"NON";"200035632";"";"";"";"2021-10-06";"66084";""
"32171";"3199";"PLU";"COM";"2021-01-22 23:00:00+00:00";"2015-06-05 22:00:00+00:00";"39";"32";"76";"2021";"NON";"NON";"32171";"";"";"";"2021-10-06";"139934";""
"32172";"1131";"CC";"COM";"2011-06-22 22:00:00+00:00";"2007-11-27 23:00:00+00:00";"13";"32";"76";"2021";"NON";"NON";"32172";"";"";"";"2021-10-06";"66086";""
"32173";"1199";"CC";"COM";"2012-03-20 23:00:00+00:00";"2008-06-08 22:00:00+00:00";"19";"32";"76";"2021";"NON";"NON";"32173";"";"";"";"2021-10-06";"66087";""
"32174";"1432";"CC";"CC";"2012-09-16 22:00:00+00:00";"2009-03-26 23:00:00+00:00";"13";"32";"76";"2021";"NON";"NON";"243200508";"";"";"";"2021-10-06";"66879";""
"32176";"3499";"PLU";"CC";"2020-01-21 23:00:00+00:00";"2011-10-05 22:00:00+00:00";"39";"32";"76";"2021";"NON";"NON";"32176";"";"";"";"2021-10-06";"82665";""
"32178";"3299";"PLUi/PLUiS";"CC";"2021-06-02 22:00:00+00:00";"2013-03-26 23:00:00+00:00";"39";"32";"76";"2021";"NON";"OUI";"32178";"";"";"";"2021-10-06";"126281";""
"32180";"3299";"PLUi/PLUiS";"CC";"2021-06-02 22:00:00+00:00";"2013-03-26 23:00:00+00:00";"39";"32";"76";"2021";"NON";"OUI";"32180";"";"";"";"2021-10-06";"126281";""
"32181";"1199";"CC";"COM";"2016-07-19 22:00:00+00:00";"2012-12-04 23:00:00+00:00";"19";"32";"76";"2021";"NON";"NON";"32181";"";"";"";"2021-10-06";"117473";""
"32182";"1199";"CC";"COM";"2008-02-27 23:00:00+00:00";"2006-12-31 23:00:00+00:00";"19";"32";"76";"2021";"NON";"NON";"32182";"";"";"";"2021-10-06";"67994";""
"32183";"1199";"CC";"COM";"2006-04-20 22:00:00+00:00";"2004-12-31 23:00:00+00:00";"19";"32";"76";"2021";"NON";"NON";"32183";"";"";"";"2021-10-06";"65441";""
"32184";"1499";"CC";"CC";"2014-04-16 22:00:00+00:00";"2009-12-31 23:00:00+00:00";"19";"32";"76";"2021";"NON";"NON";"32184";"";"";"";"2021-10-06";"71389";""
"32185";"1199";"CC";"COM";"2013-08-07 22:00:00+00:00";"2010-01-02 23:00:00+00:00";"19";"32";"76";"2021";"NON";"NON";"32185";"";"";"";"2021-10-06";"66881";""
"32188";"1499";"CC";"CC";"2009-09-09 22:00:00+00:00";"2007-12-31 23:00:00+00:00";"19";"32";"76";"2021";"NON";"NON";"32188";"";"";"";"2021-10-06";"69245";""
"32189";"1199";"CC";"COM";"2013-04-11 22:00:00+00:00";"2007-01-09 23:00:00+00:00";"19";"32";"76";"2021";"NON";"NON";"32189";"";"";"";"2021-10-06";"66088";""
"32190";"1199";"CC";"COM";"2018-01-10 23:00:00+00:00";"2010-06-16 22:00:00+00:00";"19";"32";"76";"2021";"NON";"NON";"32190";"";"";"";"2021-10-06";"161207";""
"32191";"1199";"CC";"COM";"2017-01-22 23:00:00+00:00";"2014-10-27 23:00:00+00:00";"19";"32";"76";"2021";"NON";"NON";"32191";"";"";"";"2021-10-06";"133563";""
"32192";"3299";"PLUi/PLUiS";"CC";"2020-01-19 23:00:00+00:00";"2014-12-08 23:00:00+00:00";"39";"32";"76";"2021";"NON";"OUI";"32192";"";"";"";"2021-10-06";"134565";""
"32193";"1199";"CC";"COM";"2007-01-16 23:00:00+00:00";"2005-12-31 23:00:00+00:00";"19";"32";"76";"2021";"NON";"NON";"32193";"";"";"";"2021-10-06";"67996";""
"32194";"3299";"PLUi/PLUiS";"CC";"2021-06-02 22:00:00+00:00";"2013-03-26 23:00:00+00:00";"39";"32";"76";"2021";"NON";"OUI";"32194";"";"";"";"2021-10-06";"126281";""
"32195";"1499";"CC";"CC";"2008-03-12 23:00:00+00:00";"2005-09-25 22:00:00+00:00";"19";"32";"76";"2021";"NON";"NON";"32195";"";"";"";"2021-10-06";"67997";""
"32196";"3299";"PLUi/PLUiS";"CC";"2021-06-02 22:00:00+00:00";"2013-03-26 23:00:00+00:00";"39";"32";"76";"2021";"NON";"OUI";"32196";"";"";"";"2021-10-06";"126281";""
"32197";"3299";"PLUi/PLUiS";"CC";"2021-06-02 22:00:00+00:00";"2013-03-26 23:00:00+00:00";"39";"32";"76";"2021";"NON";"OUI";"32197";"";"";"";"2021-10-06";"126281";""
"32198";"1199";"CC";"COM";"2007-04-25 22:00:00+00:00";"2005-12-31 23:00:00+00:00";"19";"32";"76";"2021";"NON";"NON";"32198";"";"";"";"2021-10-06";"67998";""
"32199";"1432";"CC";"CC";"2021-01-21 23:00:00+00:00";"2014-08-07 22:00:00+00:00";"13";"32";"76";"2021";"NON";"NON";"243200508";"";"";"";"2021-10-06";"66882";""
"32200";"1199";"CC";"COM";"2010-02-07 23:00:00+00:00";"2008-12-31 23:00:00+00:00";"19";"32";"76";"2021";"NON";"NON";"32200";"";"";"";"2021-10-06";"69246";""
"32201";"1199";"CC";"COM";"2003-06-17 22:00:00+00:00";"2001-12-31 23:00:00+00:00";"19";"32";"76";"2021";"NON";"NON";"32201";"";"";"";"2021-10-06";"67999";""
"32202";"1111";"CC";"COM";"2006-03-06 23:00:00+00:00";"2004-12-31 23:00:00+00:00";"11";"32";"76";"2021";"NON";"NON";"32202";"";"";"";"2021-10-06";"65305";""
"32203";"3299";"PLUi/PLUiS";"CC";"2021-06-02 22:00:00+00:00";"2013-03-26 23:00:00+00:00";"39";"32";"76";"2021";"NON";"OUI";"32203";"";"";"";"2021-10-06";"126281";""
"32204";"1199";"CC";"COM";"2010-04-14 22:00:00+00:00";"2008-12-31 23:00:00+00:00";"19";"32";"76";"2021";"NON";"NON";"32204";"";"";"";"2021-10-06";"69247";""
"32206";"1199";"CC";"COM";"2010-10-13 22:00:00+00:00";"2008-12-31 23:00:00+00:00";"19";"32";"76";"2021";"NON";"NON";"32206";"";"";"";"2021-10-06";"69248";""
"32207";"1111";"CC";"COM";"2020-10-11 22:00:00+00:00";"2015-11-09 23:00:00+00:00";"11";"32";"76";"2021";"NON";"NON";"32207";"";"";"";"2021-10-06";"143641";""
"32208";"3499";"PLU";"CC";"2020-06-22 22:00:00+00:00";"2015-12-21 23:00:00+00:00";"39";"32";"76";"2021";"NON";"NON";"32208";"";"";"";"2021-10-06";"144728";""
"32209";"1432";"CC";"CC";"2013-06-30 22:00:00+00:00";"2009-08-31 22:00:00+00:00";"13";"32";"76";"2021";"NON";"NON";"200035632";"";"";"";"2021-10-06";"65693";""
"32210";"3432";"PLU";"CC";"2017-12-18 23:00:00+00:00";"2014-09-10 22:00:00+00:00";"33";"32";"76";"2021";"NON";"NON";"32210";"";"";"";"2021-10-06";"132244";""
"32211";"1199";"CC";"COM";"2012-12-03 23:00:00+00:00";"2008-11-20 23:00:00+00:00";"19";"32";"76";"2021";"NON";"NON";"32211";"";"";"";"2021-10-06";"66883";""
"32212";"3299";"PLUi/PLUiS";"CC";"2021-06-02 22:00:00+00:00";"2013-03-26 23:00:00+00:00";"39";"32";"76";"2021";"NON";"OUI";"32212";"";"";"";"2021-10-06";"126281";""
"32213";"3199";"PLU";"COM";"2020-12-09 23:00:00+00:00";"2015-06-14 22:00:00+00:00";"39";"32";"76";"2021";"NON";"NON";"32213";"";"";"";"2021-10-06";"139525";""
"32214";"1199";"CC";"COM";"2014-02-27 23:00:00+00:00";"2008-11-30 23:00:00+00:00";"19";"32";"76";"2021";"NON";"NON";"32214";"";"";"";"2021-10-06";"66884";""
"32216";"1199";"CC";"COM";"2008-06-08 22:00:00+00:00";"2006-12-31 23:00:00+00:00";"19";"32";"76";"2021";"NON";"NON";"32216";"";"";"";"2021-10-06";"68000";""
"32218";"1432";"CC";"CC";"2011-01-04 23:00:00+00:00";"2008-12-31 23:00:00+00:00";"13";"32";"76";"2021";"NON";"NON";"200035632";"";"";"";"2021-10-06";"69250";""
"32220";"1199";"CC";"COM";"2011-09-04 22:00:00+00:00";"2009-03-25 23:00:00+00:00";"19";"32";"76";"2021";"NON";"NON";"32220";"";"";"";"2021-10-06";"66886";""
"32221";"1199";"CC";"COM";"2007-11-18 23:00:00+00:00";"2005-12-31 23:00:00+00:00";"19";"32";"76";"2021";"NON";"NON";"32221";"";"";"";"2021-10-06";"68001";""
"32222";"1199";"CC";"COM";"2019-11-05 23:00:00+00:00";"2008-07-28 22:00:00+00:00";"19";"32";"76";"2021";"NON";"NON";"32222";"";"";"";"2021-10-06";"66094";""
"32224";"3299";"PLUi/PLUiS";"CC";"2021-06-02 22:00:00+00:00";"2013-03-26 23:00:00+00:00";"39";"32";"76";"2021";"NON";"OUI";"32224";"";"";"";"2021-10-06";"126281";""
"32225";"1199";"CC";"COM";"2011-07-27 22:00:00+00:00";"2005-04-30 22:00:00+00:00";"19";"32";"76";"2021";"NON";"NON";"32225";"";"";"";"2021-10-06";"66095";""
"32226";"1199";"CC";"COM";"2017-09-06 22:00:00+00:00";"2012-04-03 22:00:00+00:00";"19";"32";"76";"2021";"NON";"NON";"32226";"";"";"";"2021-10-06";"105551";""
"32227";"1199";"CC";"COM";"2004-04-04 22:00:00+00:00";"2002-12-31 23:00:00+00:00";"19";"32";"76";"2021";"NON";"NON";"32227";"";"";"";"2021-10-06";"68002";""
"32228";"1199";"CC";"COM";"2015-08-31 22:00:00+00:00";"2010-11-18 23:00:00+00:00";"19";"32";"76";"2021";"NON";"NON";"32228";"";"";"";"2021-10-06";"114849";""
"32230";"3299";"PLUi/PLUiS";"CC";"2021-06-02 22:00:00+00:00";"2013-03-26 23:00:00+00:00";"39";"32";"76";"2021";"NON";"OUI";"32230";"";"";"";"2021-10-06";"126281";""
"32231";"1199";"CC";"COM";"2006-07-09 22:00:00+00:00";"2004-12-31 23:00:00+00:00";"19";"32";"76";"2021";"NON";"NON";"32231";"";"";"";"2021-10-06";"68003";""
"32232";"1199";"CC";"COM";"2010-08-01 22:00:00+00:00";"2007-10-02 22:00:00+00:00";"19";"32";"76";"2021";"NON";"NON";"32232";"";"";"";"2021-10-06";"69257";""
"32233";"3432";"PLU";"CC";"2017-01-29 23:00:00+00:00";"2013-03-13 23:00:00+00:00";"33";"32";"76";"2021";"NON";"NON";"243200508";"";"";"";"2021-10-06";"120721";""
"32235";"3432";"PLU";"CC";"2015-11-04 23:00:00+00:00";"2011-06-14 22:00:00+00:00";"33";"32";"76";"2021";"NON";"NON";"200035632";"";"";"";"2021-10-06";"71626";""
"32237";"1131";"CC";"COM";"2003-06-11 22:00:00+00:00";"2001-12-31 23:00:00+00:00";"13";"32";"76";"2021";"NON";"NON";"32237";"";"";"";"2021-10-06";"68004";""
"32239";"1299";"CC";"CC";"2010-07-11 22:00:00+00:00";"2007-04-18 22:00:00+00:00";"19";"32";"76";"2021";"NON";"NON";"32239";"";"";"";"2021-10-06";"69258";""
"32241";"1499";"CC";"CC";"2016-03-14 23:00:00+00:00";"2012-12-14 23:00:00+00:00";"19";"32";"76";"2021";"NON";"NON";"32241";"";"";"";"2021-10-06";"117631";""
"32242";"3199";"PLU";"COM";"2013-02-27 23:00:00+00:00";"2009-05-10 22:00:00+00:00";"39";"32";"76";"2021";"NON";"NON";"32242";"";"";"";"2021-10-06";"62082";""
"32243";"1111";"CC";"COM";"2017-01-08 23:00:00+00:00";"2011-12-08 23:00:00+00:00";"11";"32";"76";"2021";"NON";"NON";"32243";"";"";"";"2021-10-06";"115726";""
"32246";"1199";"CC";"COM";"2011-05-17 22:00:00+00:00";"2008-09-16 22:00:00+00:00";"19";"32";"76";"2021";"NON";"NON";"32246";"";"";"";"2021-10-06";"66097";""
"32247";"1199";"CC";"COM";"2012-06-03 22:00:00+00:00";"2010-01-19 23:00:00+00:00";"19";"32";"76";"2021";"NON";"NON";"32247";"";"";"";"2021-10-06";"65694";""
"32249";"3199";"PLU";"COM";"2021-01-18 23:00:00+00:00";"2016-05-29 22:00:00+00:00";"39";"32";"76";"2021";"NON";"NON";"32249";"";"";"";"2021-10-06";"148994";""
"32251";"1199";"CC";"COM";"2009-09-06 22:00:00+00:00";"2007-12-31 23:00:00+00:00";"19";"32";"76";"2021";"NON";"NON";"32251";"";"";"";"2021-10-06";"69252";""
"32252";"3199";"PLU";"COM";"2018-12-26 23:00:00+00:00";"2014-05-26 22:00:00+00:00";"39";"32";"76";"2021";"NON";"NON";"32252";"";"";"";"2021-10-06";"130287";""
"32253";"1499";"CC";"CC";"2006-12-11 23:00:00+00:00";"2004-12-31 23:00:00+00:00";"19";"32";"76";"2021";"NON";"NON";"32253";"";"";"";"2021-10-06";"68005";""
"32254";"1199";"CC";"COM";"2019-12-30 23:00:00+00:00";"2016-11-22 23:00:00+00:00";"19";"32";"76";"2021";"NON";"NON";"32254";"";"";"";"2021-10-06";"152369";""
"32255";"1499";"CC";"CC";"2009-10-18 22:00:00+00:00";"2007-12-31 23:00:00+00:00";"19";"32";"76";"2021";"NON";"NON";"32255";"";"";"";"2021-10-06";"69253";""
"32256";"3131";"PLU";"COM";"2007-12-18 23:00:00+00:00";"1998-05-27 22:00:00+00:00";"33";"32";"76";"2021";"NON";"NON";"32256";"";"";"";"2021-10-06";"52228";""
"32258";"1199";"CC";"COM";"2007-09-12 22:00:00+00:00";"2005-12-31 23:00:00+00:00";"19";"32";"76";"2021";"NON";"NON";"32258";"";"";"";"2021-10-06";"68007";""
"32260";"1199";"CC";"COM";"2014-02-09 23:00:00+00:00";"2009-11-29 23:00:00+00:00";"19";"32";"76";"2021";"NON";"NON";"32260";"";"";"";"2021-10-06";"66888";""
"32261";"1131";"CC";"COM";"2006-01-01 23:00:00+00:00";"2004-12-31 23:00:00+00:00";"13";"32";"76";"2021";"NON";"NON";"32261";"";"";"";"2021-10-06";"68008";""
"32262";"3199";"PLU";"COM";"2015-06-18 22:00:00+00:00";"2011-04-10 22:00:00+00:00";"39";"32";"76";"2021";"NON";"NON";"32262";"";"";"";"2021-10-06";"85350";""
"32264";"1199";"CC";"COM";"2013-02-10 23:00:00+00:00";"2008-06-10 22:00:00+00:00";"19";"32";"76";"2021";"NON";"NON";"32264";"";"";"";"2021-10-06";"66098";""
"32265";"1111";"CC";"COM";"2010-05-27 22:00:00+00:00";"2008-12-31 23:00:00+00:00";"11";"32";"76";"2021";"NON";"NON";"32265";"";"";"";"2021-10-06";"69254";""
"32266";"3131";"PLU";"COM";"2011-10-12 22:00:00+00:00";"2008-08-20 22:00:00+00:00";"33";"32";"76";"2021";"NON";"NON";"32266";"";"";"";"2021-10-06";"49499";""
"32268";"3432";"PLU";"CC";"2017-12-18 23:00:00+00:00";"2014-09-02 22:00:00+00:00";"33";"32";"76";"2021";"NON";"NON";"32268";"";"";"";"2021-10-06";"132323";""
"32269";"1111";"CC";"COM";"2006-06-20 22:00:00+00:00";"2004-12-31 23:00:00+00:00";"11";"32";"76";"2021";"NON";"NON";"32269";"";"";"";"2021-10-06";"68010";""
"32271";"3199";"PLU";"COM";"2019-04-29 22:00:00+00:00";"2013-02-25 23:00:00+00:00";"39";"32";"76";"2021";"NON";"NON";"32271";"";"";"";"2021-10-06";"120883";""
"32274";"1199";"CC";"COM";"2011-04-09 22:00:00+00:00";"2008-12-03 23:00:00+00:00";"19";"32";"76";"2021";"NON";"NON";"32274";"";"";"";"2021-10-06";"66890";""
"32277";"1199";"CC";"COM";"2017-11-01 23:00:00+00:00";"2016-02-03 23:00:00+00:00";"19";"32";"76";"2021";"NON";"NON";"32277";"";"";"";"2021-10-06";"146575";""
"32278";"3199";"PLU";"COM";"2016-02-01 23:00:00+00:00";"2012-03-12 23:00:00+00:00";"39";"32";"76";"2021";"NON";"NON";"32278";"";"";"";"2021-10-06";"110003";""
"32279";"3199";"PLU";"COM";"2015-03-29 22:00:00+00:00";"2010-03-21 23:00:00+00:00";"39";"32";"76";"2021";"NON";"NON";"32279";"";"";"";"2021-10-06";"62084";""
"32281";"1199";"CC";"COM";"2017-12-10 23:00:00+00:00";"2011-07-28 22:00:00+00:00";"19";"32";"76";"2021";"NON";"NON";"32281";"";"";"";"2021-10-06";"72305";""
"32282";"1199";"CC";"COM";"2005-11-28 23:00:00+00:00";"2003-12-31 23:00:00+00:00";"19";"32";"76";"2021";"NON";"NON";"32282";"";"";"";"2021-10-06";"68011";""
"32283";"1199";"CC";"COM";"2011-06-22 22:00:00+00:00";"2007-03-28 22:00:00+00:00";"19";"32";"76";"2021";"NON";"NON";"32283";"";"";"";"2021-10-06";"66099";""
"32285";"1131";"CC";"COM";"2006-09-07 22:00:00+00:00";"2004-12-31 23:00:00+00:00";"13";"32";"76";"2021";"NON";"NON";"32285";"";"";"";"2021-10-06";"68012";""
"32286";"3499";"PLU";"CC";"2019-12-29 23:00:00+00:00";"2013-01-13 23:00:00+00:00";"39";"32";"76";"2021";"NON";"NON";"32286";"";"";"";"2021-10-06";"120089";""
"32287";"1199";"CC";"COM";"2010-12-12 23:00:00+00:00";"2007-06-03 22:00:00+00:00";"19";"32";"76";"2021";"NON";"NON";"32287";"";"";"";"2021-10-06";"69260";""
"32290";"3299";"PLUi/PLUiS";"CC";"2021-06-02 22:00:00+00:00";"2013-03-26 23:00:00+00:00";"39";"32";"76";"2021";"NON";"OUI";"32290";"";"";"";"2021-10-06";"126281";""
"32291";"1199";"CC";"COM";"2011-11-23 23:00:00+00:00";"2007-04-01 22:00:00+00:00";"19";"32";"76";"2021";"NON";"NON";"32291";"";"";"";"2021-10-06";"66101";""
"32292";"3299";"PLUi/PLUiS";"CC";"2021-06-02 22:00:00+00:00";"2013-03-26 23:00:00+00:00";"39";"32";"76";"2021";"NON";"OUI";"32292";"";"";"";"2021-10-06";"126281";""
"32293";"1199";"CC";"COM";"2011-09-28 22:00:00+00:00";"2007-10-22 22:00:00+00:00";"19";"32";"76";"2021";"NON";"NON";"32293";"";"";"";"2021-10-06";"66102";""
"32295";"3199";"PLU";"COM";"2020-02-25 23:00:00+00:00";"2016-09-06 22:00:00+00:00";"39";"32";"76";"2021";"NON";"NON";"32295";"";"";"";"2021-10-06";"150762";""
"32296";"3199";"PLU";"COM";"2020-12-16 23:00:00+00:00";"2016-12-07 23:00:00+00:00";"39";"32";"76";"2021";"NON";"NON";"32296";"";"";"";"2021-10-06";"153292";""
"32297";"1131";"CC";"COM";"2009-09-06 22:00:00+00:00";"2007-12-31 23:00:00+00:00";"13";"32";"76";"2021";"NON";"NON";"32297";"";"";"";"2021-10-06";"69255";""
"32298";"1199";"CC";"COM";"2011-09-07 22:00:00+00:00";"2009-12-14 23:00:00+00:00";"19";"32";"76";"2021";"NON";"NON";"32298";"";"";"";"2021-10-06";"65695";""
"32300";"1199";"CC";"COM";"2017-09-27 22:00:00+00:00";"2014-07-17 22:00:00+00:00";"19";"32";"76";"2021";"NON";"NON";"32300";"";"";"";"2021-10-06";"131949";""
"32301";"3199";"PLU";"COM";"2020-12-15 23:00:00+00:00";"2015-04-06 22:00:00+00:00";"39";"32";"76";"2021";"NON";"NON";"32301";"";"";"";"2021-10-06";"139164";""
"32302";"1199";"CC";"COM";"2013-05-30 22:00:00+00:00";"2008-10-16 22:00:00+00:00";"19";"32";"76";"2021";"NON";"NON";"32302";"";"";"";"2021-10-06";"66602";""
"32304";"1199";"CC";"COM";"2012-08-12 22:00:00+00:00";"2008-12-16 23:00:00+00:00";"19";"32";"76";"2021";"NON";"NON";"32304";"";"";"";"2021-10-06";"66892";""
"32305";"1199";"CC";"COM";"2007-06-14 22:00:00+00:00";"2005-12-31 23:00:00+00:00";"19";"32";"76";"2021";"NON";"NON";"32305";"";"";"";"2021-10-06";"68017";""
"32306";"3499";"PLU";"CC";"2011-12-19 23:00:00+00:00";"2008-09-16 22:00:00+00:00";"39";"32";"76";"2021";"NON";"NON";"32306";"";"";"";"2021-10-06";"65117";""
"32307";"3199";"PLU";"COM";"2017-12-19 23:00:00+00:00";"2013-10-21 22:00:00+00:00";"39";"32";"76";"2021";"NON";"NON";"32307";"";"";"";"2021-10-06";"125665";""
"32308";"1199";"CC";"COM";"2018-12-09 23:00:00+00:00";"2012-03-31 22:00:00+00:00";"19";"32";"76";"2021";"NON";"NON";"32308";"";"";"";"2021-10-06";"105553";""
"32310";"1199";"CC";"COM";"2009-05-11 22:00:00+00:00";"2007-12-31 23:00:00+00:00";"19";"32";"76";"2021";"NON";"NON";"32310";"";"";"";"2021-10-06";"69261";""
"32311";"1499";"CC";"CC";"2009-08-24 22:00:00+00:00";"2007-12-31 23:00:00+00:00";"19";"32";"76";"2021";"NON";"NON";"32311";"";"";"";"2021-10-06";"69262";""
"32312";"3131";"PLU";"COM";"2013-05-15 22:00:00+00:00";"2008-05-25 22:00:00+00:00";"33";"32";"76";"2021";"NON";"NON";"32312";"";"";"";"2021-10-06";"62083";""
"32313";"1199";"CC";"COM";"2020-03-15 23:00:00+00:00";"2018-02-26 23:00:00+00:00";"19";"32";"76";"2021";"NON";"NON";"32313";"";"";"";"2021-10-06";"165305";""
"32314";"1499";"CC";"CC";"2015-01-25 23:00:00+00:00";"2012-12-16 23:00:00+00:00";"19";"32";"76";"2021";"NON";"NON";"32314";"";"";"";"2021-10-06";"121841";""
"32316";"1199";"CC";"COM";"2014-07-17 22:00:00+00:00";"2010-02-02 23:00:00+00:00";"19";"32";"76";"2021";"NON";"NON";"32316";"";"";"";"2021-10-06";"66893";""
"32318";"1499";"CC";"CC";"2008-07-07 22:00:00+00:00";"2006-04-23 22:00:00+00:00";"19";"32";"76";"2021";"NON";"NON";"32318";"";"";"";"2021-10-06";"68019";""
"32319";"3432";"PLU";"CC";"2013-02-05 23:00:00+00:00";"2009-03-29 22:00:00+00:00";"33";"32";"76";"2021";"NON";"NON";"243200508";"";"";"";"2021-10-06";"65118";""
"32320";"1499";"CC";"CC";"2009-06-14 22:00:00+00:00";"2007-12-31 23:00:00+00:00";"19";"32";"76";"2021";"NON";"NON";"32320";"";"";"";"2021-10-06";"69263";""
"32321";"1199";"CC";"COM";"2021-05-25 22:00:00+00:00";"2017-09-01 22:00:00+00:00";"19";"32";"76";"2021";"NON";"NON";"32321";"";"";"";"2021-10-06";"164370";""
"32322";"1199";"CC";"COM";"2013-05-20 22:00:00+00:00";"2006-12-31 23:00:00+00:00";"19";"32";"76";"2021";"NON";"NON";"32322";"";"";"";"2021-10-06";"66104";""
"32326";"1199";"CC";"COM";"2011-07-10 22:00:00+00:00";"2008-04-14 22:00:00+00:00";"19";"32";"76";"2021";"NON";"NON";"32326";"";"";"";"2021-10-06";"66105";""
"32327";"1199";"CC";"COM";"2011-08-28 22:00:00+00:00";"2008-04-21 22:00:00+00:00";"19";"32";"76";"2021";"NON";"NON";"32327";"";"";"";"2021-10-06";"66106";""
"32328";"3499";"PLU";"CC";"2016-11-22 23:00:00+00:00";"2010-05-17 22:00:00+00:00";"39";"32";"76";"2021";"NON";"NON";"32328";"";"";"";"2021-10-06";"49501";""
"32329";"1499";"CC";"CC";"2012-12-03 23:00:00+00:00";"2008-01-03 23:00:00+00:00";"19";"32";"76";"2021";"NON";"NON";"32329";"";"";"";"2021-10-06";"66107";""
"32330";"1432";"CC";"CC";"2004-11-04 23:00:00+00:00";"2002-12-31 23:00:00+00:00";"13";"32";"76";"2021";"NON";"NON";"243200508";"";"";"";"2021-10-06";"68020";""
"32331";"3199";"PLU";"COM";"2020-07-07 22:00:00+00:00";"2014-08-26 22:00:00+00:00";"39";"32";"76";"2021";"NON";"NON";"32331";"";"";"";"2021-10-06";"133027";""
"32333";"3299";"PLUi/PLUiS";"CC";"2020-01-19 23:00:00+00:00";"2014-12-08 23:00:00+00:00";"39";"32";"76";"2021";"NON";"OUI";"32333";"";"";"";"2021-10-06";"134565";""
"32334";"3432";"PLU";"CC";"2019-03-24 23:00:00+00:00";"2014-08-28 22:00:00+00:00";"33";"32";"76";"2021";"NON";"NON";"32334";"";"";"";"2021-10-06";"133573";""
"32335";"1199";"CC";"COM";"2006-08-17 22:00:00+00:00";"2004-12-31 23:00:00+00:00";"19";"32";"76";"2021";"NON";"NON";"32335";"";"";"";"2021-10-06";"68021";""
"32336";"1199";"CC";"COM";"2008-03-24 23:00:00+00:00";"2006-12-31 23:00:00+00:00";"19";"32";"76";"2021";"NON";"NON";"32336";"";"";"";"2021-10-06";"68022";""
"32337";"1499";"CC";"CC";"2011-07-07 22:00:00+00:00";"2006-07-02 22:00:00+00:00";"19";"32";"76";"2021";"NON";"NON";"32337";"";"";"";"2021-10-06";"66109";""
"32339";"1432";"CC";"CC";"2005-07-04 22:00:00+00:00";"2003-12-31 23:00:00+00:00";"13";"32";"76";"2021";"NON";"NON";"32339";"";"";"";"2021-10-06";"68023";""
"32340";"1199";"CC";"COM";"2008-12-11 23:00:00+00:00";"2006-12-31 23:00:00+00:00";"19";"32";"76";"2021";"NON";"NON";"32340";"";"";"";"2021-10-06";"68024";""
"32341";"1499";"CC";"CC";"2008-12-07 23:00:00+00:00";"2006-12-31 23:00:00+00:00";"19";"32";"76";"2021";"NON";"NON";"32341";"";"";"";"2021-10-06";"68025";""
"32343";"1199";"CC";"COM";"2016-12-18 23:00:00+00:00";"2010-08-31 22:00:00+00:00";"19";"32";"76";"2021";"NON";"NON";"32343";"";"";"";"2021-10-06";"66894";""
"32344";"1432";"CC";"CC";"2010-12-12 23:00:00+00:00";"2008-12-31 23:00:00+00:00";"13";"32";"76";"2021";"NON";"NON";"200035632";"";"";"";"2021-10-06";"64866";""
"32345";"1499";"CC";"CC";"2007-12-16 23:00:00+00:00";"2005-12-31 23:00:00+00:00";"19";"32";"76";"2021";"NON";"NON";"32345";"";"";"";"2021-10-06";"68026";""
"32346";"1199";"CC";"COM";"2008-09-21 22:00:00+00:00";"2006-12-31 23:00:00+00:00";"19";"32";"76";"2021";"NON";"NON";"32346";"";"";"";"2021-10-06";"68027";""
"32347";"1199";"CC";"COM";"2010-10-13 22:00:00+00:00";"2007-09-26 22:00:00+00:00";"19";"32";"76";"2021";"NON";"NON";"32347";"";"";"";"2021-10-06";"69273";""
"32348";"1111";"CC";"COM";"2005-06-08 22:00:00+00:00";"2003-12-31 23:00:00+00:00";"11";"32";"76";"2021";"NON";"NON";"32348";"";"";"";"2021-10-06";"68028";""
"32350";"3299";"PLUi/PLUiS";"CC";"2021-06-02 22:00:00+00:00";"2013-03-26 23:00:00+00:00";"39";"32";"76";"2021";"NON";"OUI";"32350";"";"";"";"2021-10-06";"126281";""
"32351";"3199";"PLU";"COM";"2015-06-18 22:00:00+00:00";"2010-03-21 23:00:00+00:00";"39";"32";"76";"2021";"NON";"NON";"32351";"";"";"";"2021-10-06";"49503";""
"32352";"3199";"PLU";"COM";"2014-12-16 23:00:00+00:00";"2010-04-05 22:00:00+00:00";"39";"32";"76";"2021";"NON";"NON";"32352";"";"";"";"2021-10-06";"49504";""
"32353";"3199";"PLU";"COM";"2015-02-05 23:00:00+00:00";"2011-06-22 22:00:00+00:00";"39";"32";"76";"2021";"NON";"NON";"32353";"";"";"";"2021-10-06";"71625";""
"32355";"1199";"CC";"COM";"2020-11-02 23:00:00+00:00";"2012-04-30 22:00:00+00:00";"19";"32";"76";"2021";"NON";"NON";"32355";"";"";"";"2021-10-06";"106249";""
"32356";"1199";"CC";"COM";"2020-02-13 23:00:00+00:00";"2017-07-30 22:00:00+00:00";"19";"32";"76";"2021";"NON";"NON";"32356";"";"";"";"2021-10-06";"158163";""
"32357";"1199";"CC";"COM";"2008-06-02 22:00:00+00:00";"2006-12-31 23:00:00+00:00";"19";"32";"76";"2021";"NON";"NON";"32357";"";"";"";"2021-10-06";"68029";""
"32359";"1199";"CC";"COM";"2009-04-15 22:00:00+00:00";"2007-12-31 23:00:00+00:00";"19";"32";"76";"2021";"NON";"NON";"32359";"";"";"";"2021-10-06";"69265";""
"32360";"1199";"CC";"COM";"2012-04-26 22:00:00+00:00";"2007-11-29 23:00:00+00:00";"19";"32";"76";"2021";"NON";"NON";"32360";"";"";"";"2021-10-06";"66110";""
"32363";"1199";"CC";"COM";"2019-09-10 22:00:00+00:00";"2012-04-03 22:00:00+00:00";"19";"32";"76";"2021";"NON";"NON";"32363";"";"";"";"2021-10-06";"105552";""
"32364";"3499";"PLU";"CC";"2014-06-19 22:00:00+00:00";"2009-04-08 22:00:00+00:00";"39";"32";"76";"2021";"NON";"NON";"32364";"";"";"";"2021-10-06";"49505";""
"32365";"1199";"CC";"COM";"2008-05-26 22:00:00+00:00";"2006-12-31 23:00:00+00:00";"19";"32";"76";"2021";"NON";"NON";"32365";"";"";"";"2021-10-06";"68030";""
"32367";"1199";"CC";"COM";"2009-10-05 22:00:00+00:00";"2008-12-31 23:00:00+00:00";"19";"32";"76";"2021";"NON";"NON";"32367";"";"";"";"2021-10-06";"69266";""
"32368";"1199";"CC";"COM";"2008-06-08 22:00:00+00:00";"2006-12-31 23:00:00+00:00";"19";"32";"76";"2021";"NON";"NON";"32368";"";"";"";"2021-10-06";"68031";""
"32369";"1199";"CC";"COM";"2012-01-13 23:00:00+00:00";"2008-12-31 23:00:00+00:00";"19";"32";"76";"2021";"NON";"NON";"32369";"";"";"";"2021-10-06";"66111";""
"32370";"3131";"PLU";"COM";"2007-09-28 22:00:00+00:00";"2001-01-24 23:00:00+00:00";"33";"32";"76";"2021";"NON";"NON";"32370";"";"";"";"2021-10-06";"52233";""
"32372";"1199";"CC";"COM";"2003-10-02 22:00:00+00:00";"2001-12-31 23:00:00+00:00";"19";"32";"76";"2021";"NON";"NON";"32372";"";"";"";"2021-10-06";"68032";""
"32373";"1199";"CC";"COM";"2011-03-22 23:00:00+00:00";"2008-12-31 23:00:00+00:00";"19";"32";"76";"2021";"NON";"NON";"32373";"";"";"";"2021-10-06";"66113";""
"32374";"3199";"PLU";"COM";"2014-06-19 22:00:00+00:00";"2010-06-03 22:00:00+00:00";"39";"32";"76";"2021";"NON";"NON";"32374";"";"";"";"2021-10-06";"49506";""
"32376";"1199";"CC";"COM";"2007-10-04 22:00:00+00:00";"2005-12-31 23:00:00+00:00";"19";"32";"76";"2021";"NON";"NON";"32376";"";"";"";"2021-10-06";"68033";""
"32377";"1111";"CC";"COM";"2007-05-31 22:00:00+00:00";"2005-12-31 23:00:00+00:00";"11";"32";"76";"2021";"NON";"NON";"32377";"";"";"";"2021-10-06";"68034";""
"32378";"1432";"CC";"CC";"2007-03-29 22:00:00+00:00";"2005-12-31 23:00:00+00:00";"13";"32";"76";"2021";"NON";"NON";"200035632";"";"";"";"2021-10-06";"68035";""
"32379";"1199";"CC";"COM";"2003-10-02 22:00:00+00:00";"2001-12-31 23:00:00+00:00";"19";"32";"76";"2021";"NON";"NON";"32379";"";"";"";"2021-10-06";"68036";""
"32380";"1199";"CC";"COM";"2010-07-04 22:00:00+00:00";"2007-07-09 22:00:00+00:00";"19";"32";"76";"2021";"NON";"NON";"32380";"";"";"";"2021-10-06";"69275";""
"32381";"1199";"CC";"COM";"2011-07-21 22:00:00+00:00";"2007-07-02 22:00:00+00:00";"19";"32";"76";"2021";"NON";"NON";"32381";"";"";"";"2021-10-06";"66114";""
"32382";"3199";"PLU";"COM";"2017-02-06 23:00:00+00:00";"2013-04-10 22:00:00+00:00";"39";"32";"76";"2021";"NON";"NON";"32382";"";"";"";"2021-10-06";"121475";""
"32384";"1199";"CC";"COM";"2010-07-08 22:00:00+00:00";"2008-12-31 23:00:00+00:00";"19";"32";"76";"2021";"NON";"NON";"32384";"";"";"";"2021-10-06";"69267";""
"32385";"1199";"CC";"COM";"2009-10-18 22:00:00+00:00";"2007-12-31 23:00:00+00:00";"19";"32";"76";"2021";"NON";"NON";"32385";"";"";"";"2021-10-06";"69268";""
"32386";"1199";"CC";"COM";"2013-11-19 23:00:00+00:00";"2010-05-04 22:00:00+00:00";"19";"32";"76";"2021";"NON";"NON";"32386";"";"";"";"2021-10-06";"89045";""
"32387";"1199";"CC";"COM";"2013-06-10 22:00:00+00:00";"2009-05-31 22:00:00+00:00";"19";"32";"76";"2021";"NON";"NON";"32387";"";"";"";"2021-10-06";"66897";""
"32388";"3199";"PLU";"COM";"2011-04-01 22:00:00+00:00";"2008-08-27 22:00:00+00:00";"39";"32";"76";"2021";"NON";"NON";"32388";"";"";"";"2021-10-06";"65120";""
"32389";"3199";"PLU";"COM";"2015-03-30 22:00:00+00:00";"2010-05-05 22:00:00+00:00";"39";"32";"76";"2021";"NON";"NON";"32389";"";"";"";"2021-10-06";"50245";""
"32390";"1199";"CC";"COM";"2008-06-16 22:00:00+00:00";"2006-12-31 23:00:00+00:00";"19";"32";"76";"2021";"NON";"NON";"32390";"";"";"";"2021-10-06";"68037";""
"32391";"1499";"CC";"CC";"2011-12-28 23:00:00+00:00";"2009-09-27 22:00:00+00:00";"19";"32";"76";"2021";"NON";"NON";"32391";"";"";"";"2021-10-06";"66898";""
"32393";"1199";"CC";"COM";"2015-10-25 23:00:00+00:00";"2012-10-07 22:00:00+00:00";"19";"32";"76";"2021";"NON";"NON";"32393";"";"";"";"2021-10-06";"126065";""
"32394";"1199";"CC";"COM";"2009-07-27 22:00:00+00:00";"2007-12-31 23:00:00+00:00";"19";"32";"76";"2021";"NON";"NON";"32394";"";"";"";"2021-10-06";"69270";""
"32395";"3499";"PLU";"CC";"2016-12-13 23:00:00+00:00";"2009-05-17 22:00:00+00:00";"39";"32";"76";"2021";"NON";"NON";"32395";"";"";"";"2021-10-06";"50246";""
"32396";"3499";"PLU";"CC";"2012-01-29 23:00:00+00:00";"2008-10-22 22:00:00+00:00";"39";"32";"76";"2021";"NON";"NON";"32396";"";"";"";"2021-10-06";"49507";""
"32397";"1199";"CC";"COM";"2014-05-19 22:00:00+00:00";"2008-12-21 23:00:00+00:00";"19";"32";"76";"2021";"NON";"NON";"32397";"";"";"";"2021-10-06";"66899";""
"32398";"1432";"CC";"CC";"2012-07-02 22:00:00+00:00";"2007-12-31 23:00:00+00:00";"13";"32";"76";"2021";"NON";"NON";"200035632";"";"";"";"2021-10-06";"66116";""
"32399";"1199";"CC";"COM";"2005-09-20 22:00:00+00:00";"2003-12-31 23:00:00+00:00";"19";"32";"76";"2021";"NON";"NON";"32399";"";"";"";"2021-10-06";"68038";""
"32400";"3299";"PLUi/PLUiS";"CC";"2021-06-02 22:00:00+00:00";"2013-03-26 23:00:00+00:00";"39";"32";"76";"2021";"NON";"OUI";"32400";"";"";"";"2021-10-06";"126281";""
"32401";"1199";"CC";"COM";"2017-09-27 22:00:00+00:00";"2013-03-08 23:00:00+00:00";"19";"32";"76";"2021";"NON";"NON";"32401";"";"";"";"2021-10-06";"120811";""
"32402";"3199";"PLU";"COM";"2014-03-12 23:00:00+00:00";"2010-04-07 22:00:00+00:00";"39";"32";"76";"2021";"NON";"NON";"32402";"";"";"";"2021-10-06";"49508";""
"32404";"3299";"PLUi/PLUiS";"CC";"2021-06-02 22:00:00+00:00";"2013-03-26 23:00:00+00:00";"39";"32";"76";"2021";"NON";"OUI";"32404";"";"";"";"2021-10-06";"126281";""
"32405";"1499";"CC";"CC";"2014-11-16 23:00:00+00:00";"2011-11-30 23:00:00+00:00";"19";"32";"76";"2021";"NON";"NON";"32405";"";"";"";"2021-10-06";"88455";""
"32406";"1199";"CC";"COM";"2007-07-04 22:00:00+00:00";"2006-12-31 23:00:00+00:00";"19";"32";"76";"2021";"NON";"NON";"32406";"";"";"";"2021-10-06";"68039";""
"32409";"1199";"CC";"COM";"2017-12-13 23:00:00+00:00";"2011-02-22 23:00:00+00:00";"19";"32";"76";"2021";"NON";"NON";"32409";"";"";"";"2021-10-06";"89064";""
"32410";"3199";"PLU";"COM";"2019-11-27 23:00:00+00:00";"2015-07-01 22:00:00+00:00";"39";"32";"76";"2021";"NON";"NON";"32410";"";"";"";"2021-10-06";"139802";""
"32411";"1199";"CC";"COM";"2012-09-16 22:00:00+00:00";"2008-12-19 23:00:00+00:00";"19";"32";"76";"2021";"NON";"NON";"32411";"";"";"";"2021-10-06";"66900";""
"32412";"3199";"PLU";"COM";"2014-09-09 22:00:00+00:00";"2010-02-07 23:00:00+00:00";"39";"32";"76";"2021";"NON";"NON";"32412";"";"";"";"2021-10-06";"65124";""
"32413";"1199";"CC";"COM";"2014-11-18 23:00:00+00:00";"2009-11-26 23:00:00+00:00";"19";"32";"76";"2021";"NON";"NON";"32413";"";"";"";"2021-10-06";"66901";""
"32414";"1432";"CC";"CC";"2016-12-18 23:00:00+00:00";"2012-10-22 22:00:00+00:00";"13";"32";"76";"2021";"NON";"NON";"200035632";"";"";"";"2021-10-06";"114183";""
"32415";"3199";"PLU";"COM";"2017-03-02 23:00:00+00:00";"2012-03-11 23:00:00+00:00";"39";"32";"76";"2021";"NON";"NON";"32415";"";"";"";"2021-10-06";"105562";""
"32416";"3199";"PLU";"COM";"2019-02-07 23:00:00+00:00";"2011-05-19 22:00:00+00:00";"39";"32";"76";"2021";"NON";"NON";"32416";"";"";"";"2021-10-06";"114850";""
"32417";"1499";"CC";"CC";"2013-05-30 22:00:00+00:00";"2010-01-13 23:00:00+00:00";"19";"32";"76";"2021";"NON";"NON";"32417";"";"";"";"2021-10-06";"66903";""
"32418";"1199";"CC";"COM";"2007-08-05 22:00:00+00:00";"2005-12-31 23:00:00+00:00";"19";"32";"76";"2021";"NON";"NON";"32418";"";"";"";"2021-10-06";"68040";""
"32419";"3199";"PLU";"COM";"2015-10-22 22:00:00+00:00";"2011-01-10 23:00:00+00:00";"39";"32";"76";"2021";"NON";"NON";"32419";"";"";"";"2021-10-06";"73181";""
"32421";"1199";"CC";"COM";"2009-09-30 22:00:00+00:00";"2007-12-31 23:00:00+00:00";"19";"32";"76";"2021";"NON";"NON";"32421";"";"";"";"2021-10-06";"69272";""
"32423";"1199";"CC";"COM";"2008-07-30 22:00:00+00:00";"2006-12-31 23:00:00+00:00";"19";"32";"76";"2021";"NON";"NON";"32423";"";"";"";"2021-10-06";"68041";""
"32424";"3299";"PLUi/PLUiS";"CC";"2020-01-19 23:00:00+00:00";"2014-12-08 23:00:00+00:00";"39";"32";"76";"2021";"NON";"OUI";"32424";"";"";"";"2021-10-06";"134565";""
"32425";"3432";"PLU";"CC";"2017-12-18 23:00:00+00:00";"2014-09-10 22:00:00+00:00";"33";"32";"76";"2021";"NON";"NON";"32425";"";"";"";"2021-10-06";"132050";""
"32426";"3199";"PLU";"COM";"2015-09-14 22:00:00+00:00";"2011-07-03 22:00:00+00:00";"39";"32";"76";"2021";"NON";"NON";"32426";"";"";"";"2021-10-06";"62087";""
"32429";"3499";"PLU";"CC";"2014-02-19 23:00:00+00:00";"2009-05-04 22:00:00+00:00";"39";"32";"76";"2021";"NON";"NON";"32429";"";"";"";"2021-10-06";"49510";""
"32430";"1199";"CC";"COM";"2010-12-19 23:00:00+00:00";"2008-12-31 23:00:00+00:00";"19";"32";"76";"2021";"NON";"NON";"32430";"";"";"";"2021-10-06";"69278";""
"32431";"1199";"CC";"COM";"2012-01-13 23:00:00+00:00";"2006-05-28 22:00:00+00:00";"19";"32";"76";"2021";"NON";"NON";"32431";"";"";"";"2021-10-06";"66119";""
"32432";"3199";"PLU";"COM";"2019-06-30 22:00:00+00:00";"2014-11-30 23:00:00+00:00";"39";"32";"76";"2021";"NON";"NON";"32432";"";"";"";"2021-10-06";"97272";""
"32433";"1199";"CC";"COM";"2009-07-23 22:00:00+00:00";"2007-12-31 23:00:00+00:00";"19";"32";"76";"2021";"NON";"NON";"32433";"";"";"";"2021-10-06";"70384";""
"32435";"1199";"CC";"COM";"2007-08-13 22:00:00+00:00";"2005-12-31 23:00:00+00:00";"19";"32";"76";"2021";"NON";"NON";"32435";"";"";"";"2021-10-06";"68042";""
"32436";"1199";"CC";"COM";"2004-11-28 23:00:00+00:00";"2002-12-31 23:00:00+00:00";"19";"32";"76";"2021";"NON";"NON";"32436";"";"";"";"2021-10-06";"68043";""
"32438";"1199";"CC";"COM";"2012-02-21 23:00:00+00:00";"2008-06-17 22:00:00+00:00";"19";"32";"76";"2021";"NON";"NON";"32438";"";"";"";"2021-10-06";"66120";""
"32441";"1499";"CC";"CC";"2007-05-10 22:00:00+00:00";"2005-12-31 23:00:00+00:00";"19";"32";"76";"2021";"NON";"NON";"32441";"";"";"";"2021-10-06";"68044";""
"32442";"1114";"CC";"COM";"2008-04-06 22:00:00+00:00";"2006-12-31 23:00:00+00:00";"11";"32";"76";"2021";"NON";"NON";"32442";"";"";"";"2021-10-06";"68045";""
"32443";"1432";"CC";"CC";"2007-05-31 22:00:00+00:00";"2005-12-31 23:00:00+00:00";"13";"32";"76";"2021";"NON";"NON";"200035632";"";"";"";"2021-10-06";"68046";""
"32444";"3199";"PLU";"COM";"2020-05-27 22:00:00+00:00";"2015-04-29 22:00:00+00:00";"39";"32";"76";"2021";"NON";"NON";"32444";"";"";"";"2021-10-06";"139378";""
"32445";"1432";"CC";"CC";"2013-08-21 22:00:00+00:00";"2007-05-11 22:00:00+00:00";"13";"32";"76";"2021";"NON";"NON";"243200508";"";"";"";"2021-10-06";"66121";""
"32447";"1199";"CC";"COM";"2020-04-06 22:00:00+00:00";"2017-11-26 23:00:00+00:00";"19";"32";"76";"2021";"NON";"NON";"32447";"";"";"";"2021-10-06";"159753";""
"32448";"1199";"CC";"COM";"2003-11-25 23:00:00+00:00";"2001-12-31 23:00:00+00:00";"19";"32";"76";"2021";"NON";"NON";"32448";"";"";"";"2021-10-06";"68047";""
"32449";"1111";"CC";"COM";"2007-11-25 23:00:00+00:00";"2006-12-31 23:00:00+00:00";"11";"32";"76";"2021";"NON";"NON";"32449";"";"";"";"2021-10-06";"68048";""
"32450";"1432";"CC";"CC";"2010-01-17 23:00:00+00:00";"2007-12-31 23:00:00+00:00";"13";"32";"76";"2021";"NON";"NON";"243200508";"";"";"";"2021-10-06";"69279";""
"32451";"1199";"CC";"COM";"2007-12-02 23:00:00+00:00";"2005-12-31 23:00:00+00:00";"19";"32";"76";"2021";"NON";"NON";"32451";"";"";"";"2021-10-06";"68049";""
"32452";"1199";"CC";"COM";"2012-12-18 23:00:00+00:00";"2007-06-11 22:00:00+00:00";"19";"32";"76";"2021";"NON";"NON";"32452";"";"";"";"2021-10-06";"66122";""
"32453";"1111";"CC";"COM";"2005-08-07 22:00:00+00:00";"2003-12-31 23:00:00+00:00";"11";"32";"76";"2021";"NON";"NON";"32453";"";"";"";"2021-10-06";"64868";""
"32454";"3199";"PLU";"COM";"2020-03-09 23:00:00+00:00";"2012-06-25 22:00:00+00:00";"39";"32";"76";"2021";"NON";"NON";"32454";"";"";"";"2021-10-06";"109863";""
"32455";"1432";"CC";"CC";"2009-10-18 22:00:00+00:00";"2007-12-31 23:00:00+00:00";"13";"32";"76";"2021";"NON";"NON";"243200508";"";"";"";"2021-10-06";"69280";""
"32457";"1499";"CC";"CC";"2008-03-12 23:00:00+00:00";"2006-12-31 23:00:00+00:00";"19";"32";"76";"2021";"NON";"NON";"32457";"";"";"";"2021-10-06";"68050";""
"32458";"3199";"PLU";"COM";"2018-11-13 23:00:00+00:00";"2015-01-05 23:00:00+00:00";"39";"32";"76";"2021";"NON";"NON";"32458";"";"";"";"2021-10-06";"137079";""
"32459";"3299";"PLUi/PLUiS";"CC";"2021-06-02 22:00:00+00:00";"2013-03-26 23:00:00+00:00";"39";"32";"76";"2021";"NON";"OUI";"32459";"";"";"";"2021-10-06";"126281";""
"32460";"3299";"PLUi/PLUiS";"CC";"2020-01-19 23:00:00+00:00";"2014-12-08 23:00:00+00:00";"39";"32";"76";"2021";"NON";"OUI";"32460";"";"";"";"2021-10-06";"134565";""
"32461";"1432";"CC";"CC";"2016-03-10 23:00:00+00:00";"2011-12-11 23:00:00+00:00";"13";"32";"76";"2021";"NON";"NON";"200035632";"";"";"";"2021-10-06";"108872";""
"32462";"3199";"PLU";"COM";"2016-01-06 23:00:00+00:00";"2012-11-13 23:00:00+00:00";"39";"32";"76";"2021";"NON";"NON";"32462";"";"";"";"2021-10-06";"109605";""
"32463";"1432";"CC";"CC";"2012-07-17 22:00:00+00:00";"2008-11-12 23:00:00+00:00";"13";"32";"76";"2021";"NON";"NON";"200035632";"";"";"";"2021-10-06";"66123";""
"32464";"3199";"PLU";"COM";"2017-04-10 22:00:00+00:00";"2013-02-17 23:00:00+00:00";"39";"32";"76";"2021";"NON";"NON";"32464";"";"";"";"2021-10-06";"120812";""
"32465";"1199";"CC";"COM";"2012-09-12 22:00:00+00:00";"2007-11-04 23:00:00+00:00";"19";"32";"76";"2021";"NON";"NON";"32465";"";"";"";"2021-10-06";"66124";""
"32468";"1199";"CC";"COM";"2013-01-17 23:00:00+00:00";"2009-11-25 23:00:00+00:00";"19";"32";"76";"2021";"NON";"NON";"32468";"";"";"";"2021-10-06";"66906";""
"33001";"3499";"PLU";"CA";"2020-02-19 23:00:00+00:00";"2012-05-14 22:00:00+00:00";"39";"33";"75";"2021";"NON";"NON";"33001";"";"";"";"2021-10-06";"115912";""
"33002";"3433";"PLU";"CC";"2013-06-06 22:00:00+00:00";"2007-05-13 22:00:00+00:00";"33";"33";"75";"2021";"NON";"NON";"200044394";"";"";"";"2021-10-06";"37001";""
"33003";"3299";"PLUi/PLUiS";"MET";"2016-12-15 23:00:00+00:00";"2010-09-23 22:00:00+00:00";"39";"33";"75";"2021";"NON";"OUI";"33003";"";"";"";"2021-10-06";"94172";""
"33004";"3299";"PLUi/PLUiS";"MET";"2016-12-15 23:00:00+00:00";"2010-09-23 22:00:00+00:00";"39";"33";"75";"2021";"NON";"OUI";"33004";"";"";"";"2021-10-06";"94172";""
"33005";"3199";"PLU";"COM";"2017-07-12 22:00:00+00:00";"2013-10-27 23:00:00+00:00";"39";"33";"75";"2021";"NON";"NON";"33005";"";"";"";"2021-10-06";"131305";""
"33006";"3199";"PLU";"COM";"2017-09-10 22:00:00+00:00";"2011-07-26 22:00:00+00:00";"39";"33";"75";"2021";"NON";"NON";"33006";"";"";"";"2021-10-06";"92442";""
"33007";"3432";"PLU";"CC";"2013-05-20 22:00:00+00:00";"2007-05-20 22:00:00+00:00";"33";"33";"75";"2021";"NON";"NON";"200069581";"";"";"";"2021-10-06";"49512";""
"33008";"1199";"CC";"COM";"2014-07-28 22:00:00+00:00";"2009-02-08 23:00:00+00:00";"19";"33";"75";"2021";"NON";"NON";"33008";"";"";"";"2021-10-06";"37561";""
"33009";"3199";"PLU";"COM";"2017-01-25 23:00:00+00:00";"2010-04-13 22:00:00+00:00";"39";"33";"75";"2021";"NON";"NON";"33009";"";"";"";"2021-10-06";"41557";""
"33011";"3199";"PLU";"COM";"2017-04-26 22:00:00+00:00";"2009-02-04 23:00:00+00:00";"39";"33";"75";"2021";"NON";"NON";"33011";"";"";"";"2021-10-06";"38347";""
"33012";"3199";"PLU";"COM";"2016-11-02 23:00:00+00:00";"2009-05-25 22:00:00+00:00";"39";"33";"75";"2021";"NON";"NON";"33012";"";"";"";"2021-10-06";"39915";""
"33013";"3299";"PLUi/PLUiS";"MET";"2016-12-15 23:00:00+00:00";"2010-09-23 22:00:00+00:00";"39";"33";"75";"2021";"NON";"OUI";"33013";"";"";"";"2021-10-06";"94172";""
"33014";"3299";"PLUi/PLUiS";"CC";"2018-02-28 23:00:00+00:00";"2014-02-19 23:00:00+00:00";"39";"33";"75";"2021";"NON";"OUI";"33014";"";"";"";"2021-10-06";"129922";""
"33015";"3434";"PLU";"CA";"2007-05-20 22:00:00+00:00";"2001-06-17 22:00:00+00:00";"33";"33";"75";"2021";"NON";"NON";"200070092";"";"";"";"2021-10-06";"40777";""
"33016";"3199";"PLU";"COM";"2007-10-15 22:00:00+00:00";"2002-04-03 22:00:00+00:00";"39";"33";"75";"2021";"NON";"NON";"33016";"";"";"";"2021-10-06";"40778";""
"33017";"1432";"CC";"CC";"2006-10-26 22:00:00+00:00";"2003-09-21 22:00:00+00:00";"13";"33";"75";"2021";"NON";"NON";"200043982";"";"";"";"2021-10-06";"68052";""
"33018";"3131";"PLU";"COM";"2007-01-10 23:00:00+00:00";"2004-12-01 23:00:00+00:00";"33";"33";"75";"2021";"NON";"NON";"33018";"";"";"";"2021-10-06";"33642";""
"33019";"3199";"PLU";"COM";"2011-10-11 22:00:00+00:00";"2008-09-24 22:00:00+00:00";"39";"33";"75";"2021";"NON";"NON";"33019";"";"";"";"2021-10-06";"62089";""
"33020";"3299";"PLUi/PLUiS";"CC";"2019-11-27 23:00:00+00:00";"2017-10-25 22:00:00+00:00";"39";"33";"75";"2021";"NON";"OUI";"33020";"";"";"";"2021-10-06";"149052";""
"33022";"3131";"PLU";"COM";"2008-02-06 23:00:00+00:00";"2003-02-13 23:00:00+00:00";"33";"33";"75";"2021";"NON";"NON";"33022";"";"";"";"2021-10-06";"52238";""
"33023";"3199";"PLU";"COM";"2019-05-20 22:00:00+00:00";"2013-12-04 23:00:00+00:00";"39";"33";"75";"2021";"NON";"NON";"33023";"";"";"";"2021-10-06";"127535";""
"33025";"1199";"CC";"COM";"2005-06-08 22:00:00+00:00";"2001-09-13 22:00:00+00:00";"19";"33";"75";"2021";"NON";"NON";"33025";"";"";"";"2021-10-06";"36376";""
"33026";"1432";"CC";"CC";"2007-01-04 23:00:00+00:00";"2004-05-24 22:00:00+00:00";"13";"33";"75";"2021";"NON";"NON";"200043974";"";"";"";"2021-10-06";"36375";""
"33028";"3399";"PLUi/PLUiS";"CC";"2020-01-20 23:00:00+00:00";"2015-05-18 22:00:00+00:00";"39";"33";"75";"2021";"OUI";"NON";"33028";"";"";"";"2021-10-06";"142866";""
"33029";"3432";"PLU";"CC";"2005-02-27 23:00:00+00:00";"2002-05-06 22:00:00+00:00";"33";"33";"75";"2021";"NON";"NON";"243301405";"";"";"";"2021-10-06";"39935";""
"33031";"1433";"CC";"CC";"2009-04-06 22:00:00+00:00";"2007-04-12 22:00:00+00:00";"13";"33";"75";"2021";"NON";"NON";"200044394";"";"";"";"2021-10-06";"37003";""
"33032";"3299";"PLUi/PLUiS";"MET";"2016-12-15 23:00:00+00:00";"2010-09-23 22:00:00+00:00";"39";"33";"75";"2021";"NON";"OUI";"33032";"";"";"";"2021-10-06";"94172";""
"33033";"3131";"PLU";"COM";"2009-07-05 22:00:00+00:00";"2001-10-22 22:00:00+00:00";"33";"33";"75";"2021";"NON";"NON";"33033";"";"";"";"2021-10-06";"35815";""
"33034";"1499";"CC";"CA";"2020-04-06 22:00:00+00:00";"2017-09-24 22:00:00+00:00";"19";"33";"75";"2021";"NON";"NON";"200070092";"";"";"";"2021-10-06";"151325";""
"33035";"3433";"PLU";"CC";"2012-11-07 23:00:00+00:00";"2007-07-11 22:00:00+00:00";"33";"33";"75";"2021";"NON";"NON";"200023794";"";"";"";"2021-10-06";"40635";""
"33037";"3199";"PLU";"COM";"2013-09-25 22:00:00+00:00";"2011-03-29 22:00:00+00:00";"39";"33";"75";"2021";"NON";"NON";"33037";"";"";"";"2021-10-06";"85119";""
"33038";"1199";"CC";"COM";"2013-09-04 22:00:00+00:00";"2009-04-08 22:00:00+00:00";"19";"33";"75";"2021";"NON";"NON";"33038";"";"";"";"2021-10-06";"123586";""
"33039";"3299";"PLUi/PLUiS";"MET";"2016-12-15 23:00:00+00:00";"2010-09-23 22:00:00+00:00";"39";"33";"75";"2021";"NON";"OUI";"33039";"";"";"";"2021-10-06";"94172";""
"33042";"3432";"PLU";"CC";"2019-03-06 23:00:00+00:00";"2015-06-16 22:00:00+00:00";"33";"33";"75";"2021";"NON";"NON";"243301405";"";"";"";"2021-10-06";"139432";""
"33043";"1199";"CC";"COM";"2016-04-11 22:00:00+00:00";"2015-03-26 23:00:00+00:00";"19";"33";"75";"2021";"NON";"NON";"33043";"";"";"";"2021-10-06";"37564";""
"33044";"1199";"CC";"COM";"2008-11-03 23:00:00+00:00";"2005-12-04 23:00:00+00:00";"19";"33";"75";"2021";"NON";"NON";"33044";"";"";"";"2021-10-06";"36486";""
"33045";"3299";"PLUi/PLUiS";"CC";"2018-02-28 23:00:00+00:00";"2014-02-19 23:00:00+00:00";"39";"33";"75";"2021";"NON";"OUI";"33045";"";"";"";"2021-10-06";"129922";""
"33046";"3432";"PLU";"CC";"2012-05-02 22:00:00+00:00";"2005-03-24 23:00:00+00:00";"33";"33";"75";"2021";"NON";"NON";"200043982";"";"";"";"2021-10-06";"62095";""
"33047";"3433";"PLU";"CC";"2010-02-02 23:00:00+00:00";"2004-06-30 22:00:00+00:00";"33";"33";"75";"2021";"NON";"NON";"33047";"";"";"";"2021-10-06";"40628";""
"33048";"3433";"PLU";"CC";"2012-05-31 22:00:00+00:00";"2007-04-05 22:00:00+00:00";"33";"33";"75";"2021";"NON";"NON";"200044394";"";"";"";"2021-10-06";"37004";""
"33049";"3131";"PLU";"COM";"2015-02-10 23:00:00+00:00";"2009-06-02 22:00:00+00:00";"33";"33";"75";"2021";"NON";"NON";"33049";"";"";"";"2021-10-06";"39118";""
"33050";"1432";"CC";"CC";"2005-02-20 23:00:00+00:00";"2002-10-17 22:00:00+00:00";"13";"33";"75";"2021";"NON";"NON";"200043974";"";"";"";"2021-10-06";"37005";""
"33051";"3199";"PLU";"COM";"2021-07-04 22:00:00+00:00";"2014-06-23 22:00:00+00:00";"39";"33";"75";"2021";"NON";"NON";"33051";"";"";"";"2021-10-06";"131306";""
"33052";"3499";"PLU";"CA";"2015-03-16 23:00:00+00:00";"2009-08-30 22:00:00+00:00";"39";"33";"75";"2021";"NON";"NON";"200070092";"";"";"";"2021-10-06";"41229";""
"33053";"1432";"CC";"CC";"2006-10-26 22:00:00+00:00";"2003-09-18 22:00:00+00:00";"13";"33";"75";"2021";"NON";"NON";"200043982";"";"";"";"2021-10-06";"68053";""
"33054";"1433";"CC";"CC";"2006-07-23 22:00:00+00:00";"2005-09-25 22:00:00+00:00";"13";"33";"75";"2021";"NON";"NON";"200044394";"";"";"";"2021-10-06";"37248";""
"33056";"3299";"PLUi/PLUiS";"MET";"2016-12-15 23:00:00+00:00";"2010-09-23 22:00:00+00:00";"39";"33";"75";"2021";"NON";"OUI";"33056";"";"";"";"2021-10-06";"94172";""
"33057";"3199";"PLU";"COM";"2014-01-08 23:00:00+00:00";"2010-01-06 23:00:00+00:00";"39";"33";"75";"2021";"NON";"NON";"33057";"";"";"";"2021-10-06";"42110";""
"33058";"3433";"PLU";"CC";"2017-06-26 22:00:00+00:00";"2009-04-27 22:00:00+00:00";"33";"33";"75";"2021";"NON";"NON";"33058";"";"";"";"2021-10-06";"40874";""
"33059";"3399";"PLUi/PLUiS";"CC";"2020-01-20 23:00:00+00:00";"2015-05-18 22:00:00+00:00";"39";"33";"75";"2021";"OUI";"NON";"33059";"";"";"";"2021-10-06";"142866";""
"33060";"1432";"CC";"CC";"2005-08-24 22:00:00+00:00";"2002-12-15 23:00:00+00:00";"13";"33";"75";"2021";"NON";"NON";"200043974";"";"";"";"2021-10-06";"37013";""
"33061";"3199";"PLU";"COM";"2009-09-21 22:00:00+00:00";"2004-07-25 22:00:00+00:00";"39";"33";"75";"2021";"NON";"NON";"33061";"";"";"";"2021-10-06";"36654";""
"33062";"1499";"CC";"CA";"2006-11-22 23:00:00+00:00";"2006-06-05 22:00:00+00:00";"19";"33";"75";"2021";"NON";"NON";"200070092";"";"";"";"2021-10-06";"41230";""
"33063";"3299";"PLUi/PLUiS";"MET";"2016-12-15 23:00:00+00:00";"2010-09-23 22:00:00+00:00";"39";"33";"75";"2021";"NON";"OUI";"33063";"";"";"";"2021-10-06";"94172";""
"33064";"1499";"CC";"CC";"2010-03-01 23:00:00+00:00";"2006-03-08 23:00:00+00:00";"19";"33";"75";"2021";"NON";"NON";"33064";"";"";"";"2021-10-06";"40862";""
"33065";"3299";"PLUi/PLUiS";"MET";"2016-12-15 23:00:00+00:00";"2010-09-23 22:00:00+00:00";"39";"33";"75";"2021";"NON";"OUI";"33065";"";"";"";"2021-10-06";"94172";""
"33067";"3199";"PLU";"COM";"2007-06-28 22:00:00+00:00";"2001-10-04 22:00:00+00:00";"39";"33";"75";"2021";"NON";"NON";"33067";"";"";"";"2021-10-06";"36639";""
"33068";"3432";"PLU";"CC";"2009-10-08 22:00:00+00:00";"2005-06-09 22:00:00+00:00";"33";"33";"75";"2021";"NON";"NON";"200043974";"";"";"";"2021-10-06";"36517";""
"33069";"3299";"PLUi/PLUiS";"MET";"2016-12-15 23:00:00+00:00";"2010-09-23 22:00:00+00:00";"39";"33";"75";"2021";"NON";"OUI";"33069";"";"";"";"2021-10-06";"94172";""
"33070";"3199";"PLU";"COM";"2016-12-21 23:00:00+00:00";"2013-09-03 22:00:00+00:00";"39";"33";"75";"2021";"NON";"NON";"33070";"";"";"";"2021-10-06";"124646";""
"33071";"3499";"PLU";"CC";"2018-12-12 23:00:00+00:00";"2004-03-05 23:00:00+00:00";"39";"33";"75";"2021";"NON";"NON";"243301454";"";"";"";"2021-10-06";"40780";""
"33072";"1433";"CC";"CC";"2009-01-21 23:00:00+00:00";"2007-05-20 22:00:00+00:00";"13";"33";"75";"2021";"NON";"NON";"200044394";"";"";"";"2021-10-06";"37006";""
"33073";"3199";"PLU";"COM";"2018-03-12 23:00:00+00:00";"2013-05-14 22:00:00+00:00";"39";"33";"75";"2021";"NON";"NON";"33073";"";"";"";"2021-10-06";"127743";""
"33074";"1433";"CC";"CC";"2012-12-06 23:00:00+00:00";"2007-05-13 22:00:00+00:00";"13";"33";"75";"2021";"NON";"NON";"200044394";"";"";"";"2021-10-06";"37007";""
"33075";"3299";"PLUi/PLUiS";"MET";"2016-12-15 23:00:00+00:00";"2010-09-23 22:00:00+00:00";"39";"33";"75";"2021";"NON";"OUI";"33075";"";"";"";"2021-10-06";"94172";""
"33076";"1432";"CC";"CC";"2009-07-07 22:00:00+00:00";"2007-09-02 22:00:00+00:00";"13";"33";"75";"2021";"NON";"NON";"200069581";"";"";"";"2021-10-06";"69281";""
"33077";"3131";"PLU";"COM";"2014-02-23 23:00:00+00:00";"2010-03-07 23:00:00+00:00";"33";"33";"75";"2021";"NON";"NON";"33077";"";"";"";"2021-10-06";"41590";""
"33078";"3434";"PLU";"CC";"2011-03-07 23:00:00+00:00";"2004-03-28 22:00:00+00:00";"33";"33";"75";"2021";"NON";"NON";"243301454";"";"";"";"2021-10-06";"27084";""
"33079";"3499";"PLU";"CA";"2011-12-14 23:00:00+00:00";"2005-01-17 23:00:00+00:00";"39";"33";"75";"2021";"NON";"NON";"200070092";"";"";"";"2021-10-06";"27575";""
"33080";"3199";"PLU";"COM";"2017-09-19 22:00:00+00:00";"2010-05-10 22:00:00+00:00";"39";"33";"75";"2021";"NON";"NON";"33080";"";"";"";"2021-10-06";"41527";""
"33082";"3199";"PLU";"COM";"2018-03-18 23:00:00+00:00";"2015-10-12 22:00:00+00:00";"39";"33";"75";"2021";"NON";"NON";"33082";"";"";"";"2021-10-06";"141885";""
"33083";"3131";"PLU";"COM";"2012-07-01 22:00:00+00:00";"2004-10-11 22:00:00+00:00";"33";"33";"75";"2021";"NON";"NON";"33083";"";"";"";"2021-10-06";"36655";""
"33084";"1131";"CC";"COM";"2012-02-01 23:00:00+00:00";"2009-12-13 23:00:00+00:00";"13";"33";"75";"2021";"NON";"NON";"33084";"";"";"";"2021-10-06";"46187";""
"33085";"3131";"PLU";"COM";"2013-06-23 22:00:00+00:00";"2006-10-09 22:00:00+00:00";"33";"33";"75";"2021";"NON";"NON";"33085";"";"";"";"2021-10-06";"62098";""
"33087";"1433";"CC";"CC";"2005-12-26 23:00:00+00:00";"2003-04-08 22:00:00+00:00";"13";"33";"75";"2021";"NON";"NON";"200044394";"";"";"";"2021-10-06";"37008";""
"33088";"3499";"PLU";"CA";"2004-04-15 22:00:00+00:00";"1999-12-16 23:00:00+00:00";"39";"33";"75";"2021";"NON";"NON";"200070092";"";"";"";"2021-10-06";"27580";""
"33089";"1433";"CC";"CC";"2007-12-19 23:00:00+00:00";"2002-08-29 22:00:00+00:00";"13";"33";"75";"2021";"NON";"NON";"33089";"";"";"";"2021-10-06";"40631";""
"33090";"3131";"PLU";"COM";"2007-06-17 22:00:00+00:00";"2002-06-09 22:00:00+00:00";"33";"33";"75";"2021";"NON";"NON";"33090";"";"";"";"2021-10-06";"37163";""
"33093";"1499";"CC";"CC";"2014-02-10 23:00:00+00:00";"2013-03-18 23:00:00+00:00";"19";"33";"75";"2021";"NON";"NON";"243301215";"";"";"";"2021-10-06";"120291";""
"33094";"3299";"PLUi/PLUiS";"CC";"2019-11-27 23:00:00+00:00";"2017-10-25 22:00:00+00:00";"39";"33";"75";"2021";"NON";"OUI";"33094";"";"";"";"2021-10-06";"149052";""
"33095";"3432";"PLU";"CC";"2013-06-25 22:00:00+00:00";"2009-02-09 23:00:00+00:00";"33";"33";"75";"2021";"NON";"NON";"200043982";"";"";"";"2021-10-06";"37091";""
"33096";"3299";"PLUi/PLUiS";"MET";"2016-12-15 23:00:00+00:00";"2010-09-23 22:00:00+00:00";"39";"33";"75";"2021";"NON";"OUI";"33096";"";"";"";"2021-10-06";"94172";""
"33097";"3199";"PLU";"COM";"2016-06-24 22:00:00+00:00";"2007-11-19 23:00:00+00:00";"39";"33";"75";"2021";"NON";"NON";"33097";"";"";"";"2021-10-06";"123592";""
"33098";"1432";"CC";"CC";"2005-04-27 22:00:00+00:00";"2001-12-20 23:00:00+00:00";"13";"33";"75";"2021";"NON";"NON";"200069581";"";"";"";"2021-10-06";"36863";""
"33099";"3199";"PLU";"COM";"2019-03-26 23:00:00+00:00";"2014-11-18 23:00:00+00:00";"39";"33";"75";"2021";"NON";"NON";"33099";"";"";"";"2021-10-06";"133904";""
"33100";"3133";"PLU";"COM";"2011-09-25 22:00:00+00:00";"2004-07-25 22:00:00+00:00";"33";"33";"75";"2021";"NON";"NON";"33100";"";"";"";"2021-10-06";"27583";""
"33101";"3199";"PLU";"COM";"2011-01-17 23:00:00+00:00";"2006-01-09 23:00:00+00:00";"39";"33";"75";"2021";"NON";"NON";"33101";"";"";"";"2021-10-06";"17500";""
"33102";"1433";"CC";"CC";"2005-03-16 23:00:00+00:00";"2002-09-05 22:00:00+00:00";"13";"33";"75";"2021";"NON";"NON";"200044394";"";"";"";"2021-10-06";"37009";""
"33104";"3199";"PLU";"COM";"2019-02-26 23:00:00+00:00";"2015-06-15 22:00:00+00:00";"39";"33";"75";"2021";"NON";"NON";"33104";"";"";"";"2021-10-06";"139381";""
"33106";"3432";"PLU";"CC";"2014-01-21 23:00:00+00:00";"2010-03-09 23:00:00+00:00";"33";"33";"75";"2021";"NON";"NON";"200043974";"";"";"";"2021-10-06";"46108";""
"33108";"3434";"PLU";"CC";"2004-03-15 23:00:00+00:00";"2001-10-03 22:00:00+00:00";"33";"33";"75";"2021";"NON";"NON";"33108";"";"";"";"2021-10-06";"41234";""
"33109";"3199";"PLU";"COM";"2013-06-16 22:00:00+00:00";"2008-10-21 22:00:00+00:00";"39";"33";"75";"2021";"NON";"NON";"33109";"";"";"";"2021-10-06";"36705";""
"33113";"3432";"PLU";"CC";"2012-07-23 22:00:00+00:00";"2009-02-09 23:00:00+00:00";"33";"33";"75";"2021";"NON";"NON";"200043982";"";"";"";"2021-10-06";"37093";""
"33115";"3432";"PLU";"CC";"2009-11-12 23:00:00+00:00";"2005-06-09 22:00:00+00:00";"33";"33";"75";"2021";"NON";"NON";"200043974";"";"";"";"2021-10-06";"36966";""
"33116";"1432";"CC";"CC";"2006-10-26 22:00:00+00:00";"2003-10-28 23:00:00+00:00";"13";"33";"75";"2021";"NON";"NON";"200043982";"";"";"";"2021-10-06";"68054";""
"33118";"3199";"PLU";"COM";"2021-01-20 23:00:00+00:00";"2016-01-18 23:00:00+00:00";"39";"33";"75";"2021";"NON";"NON";"33118";"";"";"";"2021-10-06";"146507";""
"33119";"3299";"PLUi/PLUiS";"MET";"2016-12-15 23:00:00+00:00";"2010-09-23 22:00:00+00:00";"39";"33";"75";"2021";"NON";"OUI";"33119";"";"";"";"2021-10-06";"94172";""
"33120";"3432";"PLU";"CC";"2016-12-13 23:00:00+00:00";"2011-05-26 22:00:00+00:00";"33";"33";"75";"2021";"NON";"NON";"200069581";"";"";"";"2021-10-06";"92719";""
"33122";"3199";"PLU";"COM";"2017-03-14 23:00:00+00:00";"2014-12-17 23:00:00+00:00";"39";"33";"75";"2021";"NON";"NON";"33122";"";"";"";"2021-10-06";"135638";""
"33123";"3432";"PLU";"CC";"2013-03-28 23:00:00+00:00";"2006-02-22 23:00:00+00:00";"33";"33";"75";"2021";"NON";"NON";"33123";"";"";"";"2021-10-06";"17571";""
"33124";"3499";"PLU";"CA";"2014-10-13 22:00:00+00:00";"2010-06-10 22:00:00+00:00";"39";"33";"75";"2021";"NON";"NON";"200070092";"";"";"";"2021-10-06";"42238";""
"33125";"3131";"PLU";"COM";"2008-01-20 23:00:00+00:00";"2004-04-08 22:00:00+00:00";"33";"33";"75";"2021";"NON";"NON";"33125";"";"";"";"2021-10-06";"37385";""
"33126";"3432";"PLU";"CC";"2009-09-01 22:00:00+00:00";"2004-05-11 22:00:00+00:00";"33";"33";"75";"2021";"NON";"NON";"33126";"";"";"";"2021-10-06";"41244";""
"33127";"1499";"CC";"CC";"2009-04-14 22:00:00+00:00";"2005-03-10 23:00:00+00:00";"19";"33";"75";"2021";"NON";"NON";"33127";"";"";"";"2021-10-06";"41245";""
"33128";"1199";"CC";"COM";"2006-08-02 22:00:00+00:00";"2004-02-11 23:00:00+00:00";"19";"33";"75";"2021";"NON";"NON";"33128";"";"";"";"2021-10-06";"37386";""
"33135";"1199";"CC";"COM";"2015-02-26 23:00:00+00:00";"2011-04-11 22:00:00+00:00";"19";"33";"75";"2021";"NON";"NON";"33135";"";"";"";"2021-10-06";"122169";""
"33137";"3432";"PLU";"CC";"2012-07-23 22:00:00+00:00";"2009-02-09 23:00:00+00:00";"33";"33";"75";"2021";"NON";"NON";"200043982";"";"";"";"2021-10-06";"37094";""
"33138";"3434";"PLU";"CA";"2013-01-29 23:00:00+00:00";"2009-02-09 23:00:00+00:00";"33";"33";"75";"2021";"NON";"NON";"200070092";"";"";"";"2021-10-06";"42297";""
"33140";"3399";"PLUi/PLUiS";"CC";"2020-01-20 23:00:00+00:00";"2015-05-18 22:00:00+00:00";"39";"33";"75";"2021";"OUI";"NON";"243301215";"";"";"";"2021-10-06";"142866";""
"33141";"3199";"PLU";"COM";"2019-02-21 23:00:00+00:00";"2015-08-31 22:00:00+00:00";"39";"33";"75";"2021";"NON";"NON";"33141";"";"";"";"2021-10-06";"142802";""
"33142";"3432";"PLU";"CC";"2014-03-11 23:00:00+00:00";"2010-05-26 22:00:00+00:00";"33";"33";"75";"2021";"NON";"NON";"33142";"";"";"";"2021-10-06";"41958";""
"33143";"3131";"PLU";"COM";"2007-03-22 23:00:00+00:00";"2000-11-30 23:00:00+00:00";"33";"33";"75";"2021";"NON";"NON";"33143";"";"";"";"2021-10-06";"41247";""
"33144";"1432";"CC";"CC";"2006-10-26 22:00:00+00:00";"2003-11-02 23:00:00+00:00";"13";"33";"75";"2021";"NON";"NON";"200043982";"";"";"";"2021-10-06";"68055";""
"33145";"3399";"PLUi/PLUiS";"CC";"2020-01-20 23:00:00+00:00";"2015-05-18 22:00:00+00:00";"39";"33";"75";"2021";"OUI";"NON";"243301215";"";"";"";"2021-10-06";"142866";""
"33146";"3199";"PLU";"COM";"2018-07-10 22:00:00+00:00";"2016-02-09 23:00:00+00:00";"39";"33";"75";"2021";"NON";"NON";"33146";"";"";"";"2021-10-06";"147183";""
"33147";"3499";"PLU";"CA";"2018-07-02 22:00:00+00:00";"2004-02-11 23:00:00+00:00";"39";"33";"75";"2021";"NON";"NON";"33147";"";"";"";"2021-10-06";"41249";""
"33150";"1199";"CC";"COM";"2006-05-28 22:00:00+00:00";"2003-04-10 22:00:00+00:00";"19";"33";"75";"2021";"NON";"NON";"33150";"";"";"";"2021-10-06";"17454";""
"33153";"1414";"CC";"CC";"2009-03-31 22:00:00+00:00";"2005-02-16 23:00:00+00:00";"11";"33";"75";"2021";"NON";"NON";"33153";"";"";"";"2021-10-06";"41250";""
"33154";"3499";"PLU";"CA";"2013-06-20 22:00:00+00:00";"2009-01-15 23:00:00+00:00";"39";"33";"75";"2021";"NON";"NON";"33154";"";"";"";"2021-10-06";"42268";""
"33155";"3432";"PLU";"CC";"2013-06-25 22:00:00+00:00";"2009-02-09 23:00:00+00:00";"33";"33";"75";"2021";"NON";"NON";"200043982";"";"";"";"2021-10-06";"37095";""
"33156";"1432";"CC";"CC";"2011-08-17 22:00:00+00:00";"2006-03-09 23:00:00+00:00";"13";"33";"75";"2021";"NON";"NON";"200069581";"";"";"";"2021-10-06";"17347";""
"33157";"3434";"PLU";"CA";"2010-11-07 23:00:00+00:00";"2004-03-10 23:00:00+00:00";"33";"33";"75";"2021";"NON";"NON";"200070092";"";"";"";"2021-10-06";"41405";""
"33159";"3199";"PLU";"COM";"2005-09-20 22:00:00+00:00";"1999-06-29 22:00:00+00:00";"39";"33";"75";"2021";"NON";"NON";"33159";"";"";"";"2021-10-06";"41896";""
"33160";"3299";"PLUi/PLUiS";"CC";"2019-11-27 23:00:00+00:00";"2017-10-25 22:00:00+00:00";"39";"33";"75";"2021";"NON";"OUI";"33160";"";"";"";"2021-10-06";"149052";""
"33161";"1199";"CC";"COM";"2004-01-07 23:00:00+00:00";"2001-08-02 22:00:00+00:00";"19";"33";"75";"2021";"NON";"NON";"33161";"";"";"";"2021-10-06";"41072";""
"33162";"3299";"PLUi/PLUiS";"MET";"2016-12-15 23:00:00+00:00";"2010-09-23 22:00:00+00:00";"39";"33";"75";"2021";"NON";"OUI";"33162";"";"";"";"2021-10-06";"94172";""
"33163";"1199";"CC";"COM";"2005-02-13 23:00:00+00:00";"2001-09-12 22:00:00+00:00";"19";"33";"75";"2021";"NON";"NON";"33163";"";"";"";"2021-10-06";"36869";""
"33165";"3199";"PLU";"COM";"2016-09-04 22:00:00+00:00";"2008-11-16 23:00:00+00:00";"39";"33";"75";"2021";"NON";"NON";"33165";"";"";"";"2021-10-06";"36701";""
"33166";"3499";"PLU";"CA";"2013-06-24 22:00:00+00:00";"2008-10-16 22:00:00+00:00";"39";"33";"75";"2021";"NON";"NON";"200070092";"";"";"";"2021-10-06";"42267";""
"33167";"3299";"PLUi/PLUiS";"MET";"2016-12-15 23:00:00+00:00";"2010-09-23 22:00:00+00:00";"39";"33";"75";"2021";"NON";"OUI";"33167";"";"";"";"2021-10-06";"94172";""
"33168";"1499";"CC";"CC";"2009-03-31 22:00:00+00:00";"2005-02-28 23:00:00+00:00";"19";"33";"75";"2021";"NON";"NON";"33168";"";"";"";"2021-10-06";"41906";""
"33170";"1433";"CC";"CC";"2004-02-04 23:00:00+00:00";"2001-08-21 22:00:00+00:00";"13";"33";"75";"2021";"NON";"NON";"200044394";"";"";"";"2021-10-06";"37011";""
"33171";"1433";"CC";"CC";"2007-05-31 22:00:00+00:00";"2004-10-13 22:00:00+00:00";"13";"33";"75";"2021";"NON";"NON";"200044394";"";"";"";"2021-10-06";"37012";""
"33172";"3433";"PLU";"CC";"2011-02-28 23:00:00+00:00";"2006-01-29 23:00:00+00:00";"33";"33";"75";"2021";"NON";"NON";"33172";"";"";"";"2021-10-06";"41907";""
"33173";"3299";"PLUi/PLUiS";"CC";"2018-02-28 23:00:00+00:00";"2014-02-19 23:00:00+00:00";"39";"33";"75";"2021";"NON";"OUI";"33173";"";"";"";"2021-10-06";"129922";""
"33174";"1111";"CC";"COM";"2008-04-22 22:00:00+00:00";"2006-06-25 22:00:00+00:00";"11";"33";"75";"2021";"NON";"NON";"33174";"";"";"";"2021-10-06";"41909";""
"33175";"1199";"CC";"COM";"2004-09-20 22:00:00+00:00";"2002-10-20 22:00:00+00:00";"19";"33";"75";"2021";"NON";"NON";"33175";"";"";"";"2021-10-06";"36870";""
"33176";"1432";"CC";"CC";"2007-12-17 23:00:00+00:00";"2002-03-02 23:00:00+00:00";"13";"33";"75";"2021";"NON";"NON";"200069581";"";"";"";"2021-10-06";"36871";""
"33178";"1432";"CC";"CC";"2006-10-26 22:00:00+00:00";"2003-10-06 22:00:00+00:00";"13";"33";"75";"2021";"NON";"NON";"200043982";"";"";"";"2021-10-06";"68056";""
"33179";"3131";"PLU";"COM";"2008-06-18 22:00:00+00:00";"2003-03-05 23:00:00+00:00";"33";"33";"75";"2021";"NON";"NON";"33179";"";"";"";"2021-10-06";"41911";""
"33180";"1432";"CC";"CC";"2006-10-26 22:00:00+00:00";"2003-07-16 22:00:00+00:00";"13";"33";"75";"2021";"NON";"NON";"200043982";"";"";"";"2021-10-06";"68057";""
"33181";"3299";"PLUi/PLUiS";"CC";"2018-02-28 23:00:00+00:00";"2014-02-19 23:00:00+00:00";"39";"33";"75";"2021";"NON";"OUI";"33181";"";"";"";"2021-10-06";"129922";""
"33182";"3433";"PLU";"CC";"2011-05-24 22:00:00+00:00";"2004-03-18 23:00:00+00:00";"33";"33";"75";"2021";"NON";"NON";"200023794";"";"";"";"2021-10-06";"41073";""
"33183";"3199";"PLU";"COM";"2011-12-07 23:00:00+00:00";"2004-07-20 22:00:00+00:00";"39";"33";"75";"2021";"NON";"NON";"33183";"";"";"";"2021-10-06";"41075";""
"33184";"3433";"PLU";"CC";"2014-06-19 22:00:00+00:00";"2006-11-05 23:00:00+00:00";"33";"33";"75";"2021";"NON";"NON";"200023794";"";"";"";"2021-10-06";"41925";""
"33185";"3499";"PLU";"CA";"2020-02-19 23:00:00+00:00";"2017-03-27 22:00:00+00:00";"39";"33";"75";"2021";"NON";"NON";"200070092";"";"";"";"2021-10-06";"139301";""
"33186";"3499";"PLU";"CC";"2011-11-09 23:00:00+00:00";"2005-06-27 22:00:00+00:00";"39";"33";"75";"2021";"NON";"NON";"33186";"";"";"";"2021-10-06";"41930";""
"33187";"3433";"PLU";"CC";"2006-11-15 23:00:00+00:00";"2002-03-28 23:00:00+00:00";"33";"33";"75";"2021";"NON";"NON";"200044394";"";"";"";"2021-10-06";"37037";""
"33188";"3432";"PLU";"CC";"2013-06-25 22:00:00+00:00";"2009-02-09 23:00:00+00:00";"33";"33";"75";"2021";"NON";"NON";"200043982";"";"";"";"2021-10-06";"37097";""
"33190";"3432";"PLU";"CC";"2012-10-22 22:00:00+00:00";"2009-02-09 23:00:00+00:00";"33";"33";"75";"2021";"NON";"NON";"200043982";"";"";"";"2021-10-06";"37101";""
"33191";"3499";"PLU";"CA";"2011-04-25 22:00:00+00:00";"2005-10-11 22:00:00+00:00";"39";"33";"75";"2021";"NON";"NON";"200070092";"";"";"";"2021-10-06";"41932";""
"33192";"3299";"PLUi/PLUiS";"MET";"2016-12-15 23:00:00+00:00";"2010-09-23 22:00:00+00:00";"39";"33";"75";"2021";"NON";"OUI";"33192";"";"";"";"2021-10-06";"94172";""
"33193";"3199";"PLU";"COM";"2004-06-21 22:00:00+00:00";"2002-01-21 23:00:00+00:00";"39";"33";"75";"2021";"NON";"NON";"33193";"";"";"";"2021-10-06";"39923";""
"33194";"3434";"PLU";"CC";"2013-05-15 22:00:00+00:00";"2004-04-04 22:00:00+00:00";"33";"33";"75";"2021";"NON";"NON";"243301454";"";"";"";"2021-10-06";"42244";""
"33195";"3432";"PLU";"CC";"2013-03-25 23:00:00+00:00";"2009-02-09 23:00:00+00:00";"33";"33";"75";"2021";"NON";"NON";"200043982";"";"";"";"2021-10-06";"37102";""
"33196";"1414";"CC";"CC";"2004-06-22 22:00:00+00:00";"2001-07-02 22:00:00+00:00";"11";"33";"75";"2021";"NON";"NON";"243301454";"";"";"";"2021-10-06";"42247";""
"33198";"3434";"PLU";"CA";"2006-05-28 22:00:00+00:00";"2002-11-24 23:00:00+00:00";"33";"33";"75";"2021";"NON";"NON";"33198";"";"";"";"2021-10-06";"42248";""
"33199";"3131";"PLU";"COM";"2005-04-17 22:00:00+00:00";"1989-05-18 22:00:00+00:00";"33";"33";"75";"2021";"NON";"NON";"33199";"";"";"";"2021-10-06";"39926";""
"33200";"3299";"PLUi/PLUiS";"MET";"2016-12-15 23:00:00+00:00";"2010-09-23 22:00:00+00:00";"39";"33";"75";"2021";"NON";"OUI";"33200";"";"";"";"2021-10-06";"94172";""
"33201";"3399";"PLUi/PLUiS";"CC";"2020-01-20 23:00:00+00:00";"2015-05-18 22:00:00+00:00";"39";"33";"75";"2021";"OUI";"NON";"243301215";"";"";"";"2021-10-06";"142866";""
"33202";"3432";"PLU";"CC";"2007-08-30 22:00:00+00:00";"2004-09-02 22:00:00+00:00";"33";"33";"75";"2021";"NON";"NON";"200043974";"";"";"";"2021-10-06";"36872";""
"33204";"1433";"CC";"CC";"2005-12-26 23:00:00+00:00";"2002-09-25 22:00:00+00:00";"13";"33";"75";"2021";"NON";"NON";"200044394";"";"";"";"2021-10-06";"36988";""
"33205";"3432";"PLU";"CC";"2012-06-19 22:00:00+00:00";"2010-04-05 22:00:00+00:00";"33";"33";"75";"2021";"NON";"NON";"200069581";"";"";"";"2021-10-06";"62108";""
"33207";"3434";"PLU";"CA";"2010-09-21 22:00:00+00:00";"2005-09-21 22:00:00+00:00";"33";"33";"75";"2021";"NON";"NON";"200070092";"";"";"";"2021-10-06";"42254";""
"33208";"1111";"CC";"COM";"2016-04-27 22:00:00+00:00";"2004-02-26 23:00:00+00:00";"11";"33";"75";"2021";"NON";"NON";"33208";"";"";"";"2021-10-06";"57481";""
"33209";"3499";"PLU";"CC";"2019-09-24 22:00:00+00:00";"2017-07-23 22:00:00+00:00";"39";"33";"75";"2021";"NON";"NON";"243301454";"";"";"";"2021-10-06";"159299";""
"33212";"3432";"PLU";"CC";"2012-07-23 22:00:00+00:00";"2009-02-09 23:00:00+00:00";"33";"33";"75";"2021";"NON";"NON";"200043982";"";"";"";"2021-10-06";"37103";""
"33213";"3199";"PLU";"COM";"2019-10-07 22:00:00+00:00";"2014-06-03 22:00:00+00:00";"39";"33";"75";"2021";"NON";"NON";"33213";"";"";"";"2021-10-06";"130422";""
"33214";"3199";"PLU";"COM";"2019-06-25 22:00:00+00:00";"2018-06-26 22:00:00+00:00";"39";"33";"75";"2021";"NON";"NON";"33214";"";"";"";"2021-10-06";"163866";""
"33215";"1199";"CC";"COM";"2006-10-08 22:00:00+00:00";"2002-08-26 22:00:00+00:00";"19";"33";"75";"2021";"NON";"NON";"33215";"";"";"";"2021-10-06";"36880";""
"33216";"1432";"CC";"CC";"2010-08-26 22:00:00+00:00";"2007-04-01 22:00:00+00:00";"13";"33";"75";"2021";"NON";"NON";"200043982";"";"";"";"2021-10-06";"69282";""
"33218";"3434";"PLU";"CA";"2008-01-24 23:00:00+00:00";"2002-05-30 22:00:00+00:00";"33";"33";"75";"2021";"NON";"NON";"200070092";"";"";"";"2021-10-06";"42262";""
"33219";"3199";"PLU";"COM";"2017-03-29 22:00:00+00:00";"2008-08-10 22:00:00+00:00";"39";"33";"75";"2021";"NON";"NON";"33219";"";"";"";"2021-10-06";"17331";""
"33220";"1111";"CC";"COM";"2015-11-03 23:00:00+00:00";"2013-07-31 22:00:00+00:00";"11";"33";"75";"2021";"NON";"NON";"33220";"";"";"";"2021-10-06";"124596";""
"33221";"3433";"PLU";"CC";"2007-07-25 22:00:00+00:00";"2002-01-17 23:00:00+00:00";"33";"33";"75";"2021";"NON";"NON";"200044394";"";"";"";"2021-10-06";"36997";""
"33223";"3299";"PLUi/PLUiS";"CC";"2019-11-27 23:00:00+00:00";"2017-10-25 22:00:00+00:00";"39";"33";"75";"2021";"NON";"OUI";"33223";"";"";"";"2021-10-06";"149052";""
"33224";"1199";"CC";"COM";"2006-12-11 23:00:00+00:00";"2003-08-28 22:00:00+00:00";"19";"33";"75";"2021";"NON";"NON";"33224";"";"";"";"2021-10-06";"36883";""
"33225";"3432";"PLU";"CC";"2018-09-25 22:00:00+00:00";"2013-03-20 23:00:00+00:00";"33";"33";"75";"2021";"NON";"NON";"200069581";"";"";"";"2021-10-06";"121288";""
"33226";"3199";"PLU";"COM";"2005-09-28 22:00:00+00:00";"2002-02-03 23:00:00+00:00";"39";"33";"75";"2021";"NON";"NON";"33226";"";"";"";"2021-10-06";"36935";""
"33228";"3199";"PLU";"COM";"2013-03-12 23:00:00+00:00";"2011-07-20 22:00:00+00:00";"39";"33";"75";"2021";"NON";"NON";"33228";"";"";"";"2021-10-06";"118562";""
"33229";"3199";"PLU";"COM";"2018-08-28 22:00:00+00:00";"2011-01-11 23:00:00+00:00";"39";"33";"75";"2021";"NON";"NON";"33229";"";"";"";"2021-10-06";"47962";""
"33230";"3499";"PLU";"CA";"2018-04-02 22:00:00+00:00";"2015-03-18 23:00:00+00:00";"39";"33";"75";"2021";"NON";"NON";"200070092";"";"";"";"2021-10-06";"138173";""
"33231";"1432";"CC";"CC";"2007-05-31 22:00:00+00:00";"2004-01-29 23:00:00+00:00";"13";"33";"75";"2021";"NON";"NON";"200069581";"";"";"";"2021-10-06";"36884";""
"33232";"3432";"PLU";"CC";"2012-10-22 22:00:00+00:00";"2009-02-09 23:00:00+00:00";"33";"33";"75";"2021";"NON";"NON";"200043982";"";"";"";"2021-10-06";"37106";""
"33233";"3432";"PLU";"CC";"2010-03-10 23:00:00+00:00";"2004-01-13 23:00:00+00:00";"33";"33";"75";"2021";"NON";"NON";"33233";"";"";"";"2021-10-06";"41076";""
"33234";"3131";"PLU";"COM";"2017-02-12 23:00:00+00:00";"2015-09-27 22:00:00+00:00";"33";"33";"75";"2021";"NON";"NON";"33234";"";"";"";"2021-10-06";"142420";""
"33235";"3432";"PLU";"CC";"2012-10-22 22:00:00+00:00";"2009-02-09 23:00:00+00:00";"33";"33";"75";"2021";"NON";"NON";"200043982";"";"";"";"2021-10-06";"37105";""
"33236";"3131";"PLU";"COM";"2019-07-18 22:00:00+00:00";"2013-09-25 22:00:00+00:00";"33";"33";"75";"2021";"NON";"NON";"33236";"";"";"";"2021-10-06";"127393";""
"33237";"1432";"CC";"CC";"2005-10-09 22:00:00+00:00";"2002-02-14 23:00:00+00:00";"13";"33";"75";"2021";"NON";"NON";"200043974";"";"";"";"2021-10-06";"36992";""
"33238";"3199";"PLU";"COM";"2003-12-03 23:00:00+00:00";"2001-05-30 22:00:00+00:00";"39";"33";"75";"2021";"NON";"NON";"33238";"";"";"";"2021-10-06";"37176";""
"33239";"3432";"PLU";"CC";"2013-06-25 22:00:00+00:00";"2009-02-09 23:00:00+00:00";"33";"33";"75";"2021";"NON";"NON";"200043982";"";"";"";"2021-10-06";"37107";""
"33240";"3199";"PLU";"COM";"2017-07-09 22:00:00+00:00";"2011-06-13 22:00:00+00:00";"39";"33";"75";"2021";"NON";"NON";"33240";"";"";"";"2021-10-06";"39943";""
"33241";"3432";"PLU";"CC";"2004-12-01 23:00:00+00:00";"2001-12-05 23:00:00+00:00";"33";"33";"75";"2021";"NON";"NON";"200069581";"";"";"";"2021-10-06";"36934";""
"33242";"3299";"PLUi/PLUiS";"CC";"2019-11-27 23:00:00+00:00";"2017-10-25 22:00:00+00:00";"39";"33";"75";"2021";"NON";"OUI";"33242";"";"";"";"2021-10-06";"149052";""
"33243";"3499";"PLU";"CA";"2016-12-14 23:00:00+00:00";"2010-04-11 22:00:00+00:00";"39";"33";"75";"2021";"NON";"NON";"200070092";"";"";"";"2021-10-06";"42294";""
"33244";"1432";"CC";"CC";"2006-10-26 22:00:00+00:00";"2003-09-29 22:00:00+00:00";"13";"33";"75";"2021";"NON";"NON";"200043982";"";"";"";"2021-10-06";"68058";""
"33245";"3199";"PLU";"COM";"2013-04-03 22:00:00+00:00";"2006-02-01 23:00:00+00:00";"39";"33";"75";"2021";"NON";"NON";"33245";"";"";"";"2021-10-06";"36712";""
"33246";"3299";"PLUi/PLUiS";"CC";"2019-11-27 23:00:00+00:00";"2017-10-25 22:00:00+00:00";"39";"33";"75";"2021";"NON";"OUI";"33246";"";"";"";"2021-10-06";"149052";""
"33247";"3299";"PLUi/PLUiS";"CC";"2019-11-27 23:00:00+00:00";"2017-10-25 22:00:00+00:00";"39";"33";"75";"2021";"NON";"OUI";"33247";"";"";"";"2021-10-06";"149052";""
"33248";"3199";"PLU";"COM";"2018-06-06 22:00:00+00:00";"2010-11-09 23:00:00+00:00";"39";"33";"75";"2021";"NON";"NON";"33248";"";"";"";"2021-10-06";"79177";""
"33249";"3299";"PLUi/PLUiS";"MET";"2016-12-15 23:00:00+00:00";"2010-09-23 22:00:00+00:00";"39";"33";"75";"2021";"NON";"OUI";"33249";"";"";"";"2021-10-06";"94172";""
"33250";"3433";"PLU";"CC";"2014-03-11 23:00:00+00:00";"2008-10-19 22:00:00+00:00";"33";"33";"75";"2021";"NON";"NON";"200044394";"";"";"";"2021-10-06";"36990";""
"33252";"3399";"PLUi/PLUiS";"CC";"2020-01-20 23:00:00+00:00";"2015-05-18 22:00:00+00:00";"39";"33";"75";"2021";"OUI";"NON";"243301215";"";"";"";"2021-10-06";"142866";""
"33254";"1433";"CC";"CC";"2009-02-25 23:00:00+00:00";"2008-10-20 22:00:00+00:00";"13";"33";"75";"2021";"NON";"NON";"200044394";"";"";"";"2021-10-06";"36979";""
"33255";"3432";"PLU";"CC";"2009-09-10 22:00:00+00:00";"2005-08-31 22:00:00+00:00";"33";"33";"75";"2021";"NON";"NON";"200043974";"";"";"";"2021-10-06";"37051";""
"33256";"3199";"PLU";"COM";"2006-03-26 22:00:00+00:00";"2002-06-17 22:00:00+00:00";"39";"33";"75";"2021";"NON";"NON";"33256";"";"";"";"2021-10-06";"35918";""
"33257";"3434";"PLU";"CC";"2010-12-01 23:00:00+00:00";"2005-02-13 23:00:00+00:00";"33";"33";"75";"2021";"NON";"NON";"243301454";"";"";"";"2021-10-06";"50248";""
"33258";"1199";"CC";"COM";"2017-09-13 22:00:00+00:00";"2013-07-04 22:00:00+00:00";"19";"33";"75";"2021";"NON";"NON";"33258";"";"";"";"2021-10-06";"123020";""
"33259";"3199";"PLU";"COM";"2009-07-08 22:00:00+00:00";"2005-09-21 22:00:00+00:00";"39";"33";"75";"2021";"NON";"NON";"33259";"";"";"";"2021-10-06";"42284";""
"33261";"3299";"PLUi/PLUiS";"CC";"2018-02-28 23:00:00+00:00";"2014-02-19 23:00:00+00:00";"39";"33";"75";"2021";"NON";"OUI";"33261";"";"";"";"2021-10-06";"129922";""
"33262";"3131";"PLU";"COM";"2007-09-05 22:00:00+00:00";"2002-11-07 23:00:00+00:00";"33";"33";"75";"2021";"NON";"NON";"33262";"";"";"";"2021-10-06";"35919";""
"33263";"3399";"PLUi/PLUiS";"CC";"2020-01-20 23:00:00+00:00";"2015-05-18 22:00:00+00:00";"39";"33";"75";"2021";"OUI";"NON";"243301215";"";"";"";"2021-10-06";"142866";""
"33264";"1414";"CC";"CA";"2006-06-19 22:00:00+00:00";"2002-03-29 23:00:00+00:00";"11";"33";"75";"2021";"NON";"NON";"200070092";"";"";"";"2021-10-06";"42301";""
"33266";"1432";"CC";"CC";"2005-06-19 22:00:00+00:00";"2001-07-26 22:00:00+00:00";"13";"33";"75";"2021";"NON";"NON";"33266";"";"";"";"2021-10-06";"41077";""
"33268";"3199";"PLU";"COM";"2016-11-07 23:00:00+00:00";"2010-07-05 22:00:00+00:00";"39";"33";"75";"2021";"NON";"NON";"33268";"";"";"";"2021-10-06";"41852";""
"33269";"3299";"PLUi/PLUiS";"CC";"2019-11-27 23:00:00+00:00";"2017-10-25 22:00:00+00:00";"39";"33";"75";"2021";"NON";"OUI";"33269";"";"";"";"2021-10-06";"149052";""
"33270";"1432";"CC";"CC";"2006-10-26 22:00:00+00:00";"2003-09-21 22:00:00+00:00";"13";"33";"75";"2021";"NON";"NON";"200043982";"";"";"";"2021-10-06";"68059";""
"33271";"3432";"PLU";"CC";"2013-03-25 23:00:00+00:00";"2009-02-09 23:00:00+00:00";"33";"33";"75";"2021";"NON";"NON";"200043982";"";"";"";"2021-10-06";"37108";""
"33272";"3432";"PLU";"CC";"2005-11-17 23:00:00+00:00";"2001-11-15 23:00:00+00:00";"33";"33";"75";"2021";"NON";"NON";"33272";"";"";"";"2021-10-06";"33634";""
"33273";"3299";"PLUi/PLUiS";"MET";"2016-12-15 23:00:00+00:00";"2010-09-23 22:00:00+00:00";"39";"33";"75";"2021";"NON";"OUI";"243300316";"";"";"";"2021-10-06";"94172";""
"33274";"3199";"PLU";"COM";"2019-02-24 23:00:00+00:00";"2013-12-11 23:00:00+00:00";"39";"33";"75";"2021";"NON";"NON";"33274";"";"";"";"2021-10-06";"127534";""
"33275";"1199";"CC";"COM";"2010-08-26 22:00:00+00:00";"2008-05-01 22:00:00+00:00";"19";"33";"75";"2021";"NON";"NON";"33275";"";"";"";"2021-10-06";"36908";""
"33276";"3432";"PLU";"CC";"2012-07-23 22:00:00+00:00";"2009-02-09 23:00:00+00:00";"33";"33";"75";"2021";"NON";"NON";"200043982";"";"";"";"2021-10-06";"37109";""
"33277";"3299";"PLUi/PLUiS";"CC";"2019-11-27 23:00:00+00:00";"2017-10-25 22:00:00+00:00";"39";"33";"75";"2021";"NON";"OUI";"33277";"";"";"";"2021-10-06";"149052";""
"33278";"1199";"CC";"COM";"2007-11-22 23:00:00+00:00";"2005-08-09 22:00:00+00:00";"19";"33";"75";"2021";"NON";"NON";"33278";"";"";"";"2021-10-06";"36906";""
"33279";"3432";"PLU";"CC";"2014-03-18 23:00:00+00:00";"2009-09-14 22:00:00+00:00";"33";"33";"75";"2021";"NON";"NON";"200043974";"";"";"";"2021-10-06";"36981";""
"33280";"3199";"PLU";"COM";"2011-04-03 22:00:00+00:00";"2006-02-05 23:00:00+00:00";"39";"33";"75";"2021";"NON";"NON";"33280";"";"";"";"2021-10-06";"42319";""
"33281";"3299";"PLUi/PLUiS";"MET";"2016-12-15 23:00:00+00:00";"2010-09-23 22:00:00+00:00";"39";"33";"75";"2021";"NON";"OUI";"33281";"";"";"";"2021-10-06";"94172";""
"33282";"1414";"CC";"CC";"2009-04-22 22:00:00+00:00";"2006-04-05 22:00:00+00:00";"11";"33";"75";"2021";"NON";"NON";"33282";"";"";"";"2021-10-06";"17343";""
"33284";"3199";"PLU";"COM";"2019-02-10 23:00:00+00:00";"2014-03-14 23:00:00+00:00";"39";"33";"75";"2021";"NON";"NON";"33284";"";"";"";"2021-10-06";"131314";""
"33285";"1199";"CC";"COM";"2013-06-09 22:00:00+00:00";"2010-07-05 22:00:00+00:00";"19";"33";"75";"2021";"NON";"NON";"33285";"";"";"";"2021-10-06";"42237";""
"33288";"1432";"CC";"CC";"2007-12-17 23:00:00+00:00";"2005-07-04 22:00:00+00:00";"13";"33";"75";"2021";"NON";"NON";"200069581";"";"";"";"2021-10-06";"37062";""
"33289";"3433";"PLU";"CC";"2008-02-13 23:00:00+00:00";"2003-08-27 22:00:00+00:00";"33";"33";"75";"2021";"NON";"NON";"200044394";"";"";"";"2021-10-06";"36909";""
"33290";"3299";"PLUi/PLUiS";"CC";"2018-02-28 23:00:00+00:00";"2014-02-19 23:00:00+00:00";"39";"33";"75";"2021";"NON";"OUI";"33290";"";"";"";"2021-10-06";"129922";""
"33292";"1199";"CC";"COM";"2012-01-01 23:00:00+00:00";"2009-01-28 23:00:00+00:00";"19";"33";"75";"2021";"NON";"NON";"33292";"";"";"";"2021-10-06";"37562";""
"33293";"3131";"PLU";"COM";"2007-02-28 23:00:00+00:00";"2001-09-12 22:00:00+00:00";"33";"33";"75";"2021";"NON";"NON";"33293";"";"";"";"2021-10-06";"33635";""
"33294";"1433";"CC";"CC";"2006-07-31 22:00:00+00:00";"2005-06-12 22:00:00+00:00";"13";"33";"75";"2021";"NON";"NON";"200044394";"";"";"";"2021-10-06";"36976";""
"33296";"3434";"PLU";"CC";"2013-04-11 22:00:00+00:00";"2005-02-15 23:00:00+00:00";"33";"33";"75";"2021";"NON";"NON";"33296";"";"";"";"2021-10-06";"42322";""
"33298";"3499";"PLU";"CA";"2016-12-11 23:00:00+00:00";"2009-05-13 22:00:00+00:00";"39";"33";"75";"2021";"NON";"NON";"33298";"";"";"";"2021-10-06";"42324";""
"33300";"3199";"PLU";"COM";"2014-10-02 22:00:00+00:00";"2008-05-16 22:00:00+00:00";"39";"33";"75";"2021";"NON";"NON";"33300";"";"";"";"2021-10-06";"37345";""
"33301";"3499";"PLU";"CC";"2010-09-01 22:00:00+00:00";"2004-02-04 23:00:00+00:00";"39";"33";"75";"2021";"NON";"NON";"243301454";"";"";"";"2021-10-06";"42326";""
"33302";"3299";"PLUi/PLUiS";"CC";"2018-02-28 23:00:00+00:00";"2014-02-19 23:00:00+00:00";"39";"33";"75";"2021";"NON";"OUI";"33302";"";"";"";"2021-10-06";"129922";""
"33303";"3499";"PLU";"CA";"2016-12-12 23:00:00+00:00";"2008-10-15 22:00:00+00:00";"39";"33";"75";"2021";"NON";"NON";"200070092";"";"";"";"2021-10-06";"42328";""
"33305";"1432";"CC";"CC";"2013-02-10 23:00:00+00:00";"2010-10-27 22:00:00+00:00";"13";"33";"75";"2021";"NON";"NON";"200043982";"";"";"";"2021-10-06";"46432";""
"33306";"1433";"CC";"CC";"2005-12-26 23:00:00+00:00";"2005-11-07 23:00:00+00:00";"13";"33";"75";"2021";"NON";"NON";"200044394";"";"";"";"2021-10-06";"36974";""
"33307";"3432";"PLU";"CC";"2006-02-09 23:00:00+00:00";"2000-10-29 23:00:00+00:00";"33";"33";"75";"2021";"NON";"NON";"200043974";"";"";"";"2021-10-06";"36911";""
"33308";"1432";"CC";"CC";"2007-01-16 23:00:00+00:00";"2002-06-12 22:00:00+00:00";"13";"33";"75";"2021";"NON";"NON";"200069581";"";"";"";"2021-10-06";"36912";""
"33310";"3432";"PLU";"CC";"2008-09-15 22:00:00+00:00";"2004-07-04 22:00:00+00:00";"33";"33";"75";"2021";"NON";"NON";"200043974";"";"";"";"2021-10-06";"36913";""
"33312";"3299";"PLUi/PLUiS";"MET";"2016-12-15 23:00:00+00:00";"2010-09-23 22:00:00+00:00";"39";"33";"75";"2021";"NON";"OUI";"33312";"";"";"";"2021-10-06";"94172";""
"33314";"3199";"PLU";"COM";"2007-10-17 22:00:00+00:00";"2002-06-06 22:00:00+00:00";"39";"33";"75";"2021";"NON";"NON";"33314";"";"";"";"2021-10-06";"37383";""
"33315";"3434";"PLU";"CA";"2006-02-14 23:00:00+00:00";"2002-01-24 23:00:00+00:00";"33";"33";"75";"2021";"NON";"NON";"200070092";"";"";"";"2021-10-06";"42275";""
"33316";"3299";"PLUi/PLUiS";"CC";"2019-11-27 23:00:00+00:00";"2017-10-25 22:00:00+00:00";"39";"33";"75";"2021";"NON";"OUI";"33316";"";"";"";"2021-10-06";"149052";""
"33317";"3199";"PLU";"COM";"2008-07-29 22:00:00+00:00";"2005-04-11 22:00:00+00:00";"39";"33";"75";"2021";"NON";"NON";"33317";"";"";"";"2021-10-06";"42329";""
"33318";"3299";"PLUi/PLUiS";"MET";"2016-12-15 23:00:00+00:00";"2010-09-23 22:00:00+00:00";"39";"33";"75";"2021";"NON";"OUI";"33318";"";"";"";"2021-10-06";"94172";""
"33319";"3434";"PLU";"CC";"2012-05-28 22:00:00+00:00";"2005-06-16 22:00:00+00:00";"33";"33";"75";"2021";"NON";"NON";"33319";"";"";"";"2021-10-06";"42345";""
"33320";"3299";"PLUi/PLUiS";"CC";"2018-02-28 23:00:00+00:00";"2014-02-19 23:00:00+00:00";"39";"33";"75";"2021";"NON";"OUI";"33320";"";"";"";"2021-10-06";"129922";""
"33321";"3131";"PLU";"COM";"2017-11-08 23:00:00+00:00";"2013-12-19 23:00:00+00:00";"33";"33";"75";"2021";"NON";"NON";"33321";"";"";"";"2021-10-06";"134678";""
"33322";"3131";"PLU";"COM";"2011-07-26 22:00:00+00:00";"2009-07-21 22:00:00+00:00";"33";"33";"75";"2021";"NON";"NON";"33322";"";"";"";"2021-10-06";"42149";""
"33323";"3432";"PLU";"CC";"2006-07-25 22:00:00+00:00";"2002-11-06 23:00:00+00:00";"33";"33";"75";"2021";"NON";"NON";"200043974";"";"";"";"2021-10-06";"52245";""
"33324";"3299";"PLUi/PLUiS";"CC";"2019-11-27 23:00:00+00:00";"2017-10-25 22:00:00+00:00";"39";"33";"75";"2021";"NON";"OUI";"33324";"";"";"";"2021-10-06";"149052";""
"33325";"3433";"PLU";"CC";"2016-06-12 22:00:00+00:00";"2009-06-14 22:00:00+00:00";"33";"33";"75";"2021";"NON";"NON";"33325";"";"";"";"2021-10-06";"41080";""
"33326";"1111";"CC";"COM";"2005-01-30 23:00:00+00:00";"2004-11-22 23:00:00+00:00";"11";"33";"75";"2021";"NON";"NON";"33326";"";"";"";"2021-10-06";"41085";""
"33328";"3499";"PLU";"CA";"2010-06-02 22:00:00+00:00";"1999-07-11 22:00:00+00:00";"39";"33";"75";"2021";"NON";"NON";"200070092";"";"";"";"2021-10-06";"42360";""
"33329";"3432";"PLU";"CC";"2009-09-10 22:00:00+00:00";"2005-08-31 22:00:00+00:00";"33";"33";"75";"2021";"NON";"NON";"200043974";"";"";"";"2021-10-06";"37048";""
"33330";"3199";"PLU";"COM";"2013-07-21 22:00:00+00:00";"2008-06-03 22:00:00+00:00";"39";"33";"75";"2021";"NON";"NON";"33330";"";"";"";"2021-10-06";"36723";""
"33331";"3433";"PLU";"CC";"2013-04-14 22:00:00+00:00";"2007-04-12 22:00:00+00:00";"33";"33";"75";"2021";"NON";"NON";"200044394";"";"";"";"2021-10-06";"36965";""
"33333";"3131";"PLU";"COM";"2017-01-29 23:00:00+00:00";"2002-06-24 22:00:00+00:00";"33";"33";"75";"2021";"NON";"NON";"33333";"";"";"";"2021-10-06";"64441";""
"33334";"3432";"PLU";"CC";"2007-03-12 23:00:00+00:00";"2001-11-12 23:00:00+00:00";"33";"33";"75";"2021";"NON";"NON";"200069581";"";"";"";"2021-10-06";"52246";""
"33335";"3399";"PLUi/PLUiS";"CC";"2020-01-20 23:00:00+00:00";"2015-05-18 22:00:00+00:00";"39";"33";"75";"2021";"OUI";"NON";"243301215";"";"";"";"2021-10-06";"142866";""
"33336";"3432";"PLU";"CC";"2009-09-10 22:00:00+00:00";"2005-08-31 22:00:00+00:00";"33";"33";"75";"2021";"NON";"NON";"200043974";"";"";"";"2021-10-06";"37047";""
"33337";"3432";"PLU";"CC";"2017-05-16 22:00:00+00:00";"2015-05-27 22:00:00+00:00";"33";"33";"75";"2021";"NON";"NON";"200069581";"";"";"";"2021-10-06";"134260";""
"33339";"3199";"PLU";"COM";"2015-12-16 23:00:00+00:00";"2008-12-08 23:00:00+00:00";"39";"33";"75";"2021";"NON";"NON";"33339";"";"";"";"2021-10-06";"42373";""
"33341";"3199";"PLU";"COM";"2007-06-03 22:00:00+00:00";"2003-03-17 23:00:00+00:00";"39";"33";"75";"2021";"NON";"NON";"33341";"";"";"";"2021-10-06";"33630";""
"33342";"3299";"PLUi/PLUiS";"CC";"2018-02-28 23:00:00+00:00";"2014-02-19 23:00:00+00:00";"39";"33";"75";"2021";"NON";"OUI";"33342";"";"";"";"2021-10-06";"129922";""
"33343";"3432";"PLU";"CC";"2007-12-16 23:00:00+00:00";"2005-03-23 23:00:00+00:00";"33";"33";"75";"2021";"NON";"NON";"200069581";"";"";"";"2021-10-06";"37110";""
"33344";"3499";"PLU";"CC";"2013-06-26 22:00:00+00:00";"2005-06-15 22:00:00+00:00";"39";"33";"75";"2021";"NON";"NON";"33344";"";"";"";"2021-10-06";"42383";""
"33345";"1199";"CC";"COM";"2006-08-08 22:00:00+00:00";"2003-01-22 23:00:00+00:00";"19";"33";"75";"2021";"NON";"NON";"33345";"";"";"";"2021-10-06";"36924";""
"33346";"1433";"CC";"CC";"2009-10-26 23:00:00+00:00";"2007-04-12 22:00:00+00:00";"13";"33";"75";"2021";"NON";"NON";"200044394";"";"";"";"2021-10-06";"36964";""
"33347";"1414";"CC";"CA";"2005-11-27 23:00:00+00:00";"2005-09-08 22:00:00+00:00";"11";"33";"75";"2021";"NON";"NON";"200070092";"";"";"";"2021-10-06";"42394";""
"33348";"3199";"PLU";"COM";"2017-09-26 22:00:00+00:00";"2004-11-15 23:00:00+00:00";"39";"33";"75";"2021";"NON";"NON";"33348";"";"";"";"2021-10-06";"119722";""
"33349";"3199";"PLU";"COM";"2013-06-19 22:00:00+00:00";"2009-01-28 23:00:00+00:00";"39";"33";"75";"2021";"NON";"NON";"33349";"";"";"";"2021-10-06";"37936";""
"33350";"3434";"PLU";"CC";"2011-03-06 23:00:00+00:00";"2005-06-19 22:00:00+00:00";"33";"33";"75";"2021";"NON";"NON";"33350";"";"";"";"2021-10-06";"41401";""
"33351";"1199";"CC";"COM";"2006-03-29 22:00:00+00:00";"2001-07-05 22:00:00+00:00";"19";"33";"75";"2021";"NON";"NON";"33351";"";"";"";"2021-10-06";"41086";""
"33352";"3433";"PLU";"CC";"2017-02-15 23:00:00+00:00";"2011-07-03 22:00:00+00:00";"33";"33";"75";"2021";"NON";"NON";"200044394";"";"";"";"2021-10-06";"128739";""
"33354";"3299";"PLUi/PLUiS";"CC";"2019-11-27 23:00:00+00:00";"2017-10-25 22:00:00+00:00";"39";"33";"75";"2021";"NON";"OUI";"33354";"";"";"";"2021-10-06";"149052";""
"33355";"3432";"PLU";"CC";"2017-12-12 23:00:00+00:00";"2014-11-24 23:00:00+00:00";"33";"33";"75";"2021";"NON";"NON";"200069581";"";"";"";"2021-10-06";"134427";""
"33356";"1131";"CC";"COM";"2010-06-02 22:00:00+00:00";"2007-05-13 22:00:00+00:00";"13";"33";"75";"2021";"NON";"NON";"33356";"";"";"";"2021-10-06";"40775";""
"33357";"1432";"CC";"CC";"2005-08-24 22:00:00+00:00";"2002-11-14 23:00:00+00:00";"13";"33";"75";"2021";"NON";"NON";"200043974";"";"";"";"2021-10-06";"36963";""
"33358";"1199";"CC";"COM";"2004-10-10 22:00:00+00:00";"2002-06-04 22:00:00+00:00";"19";"33";"75";"2021";"NON";"NON";"33358";"";"";"";"2021-10-06";"36926";""
"33360";"3299";"PLUi/PLUiS";"CC";"2019-11-27 23:00:00+00:00";"2017-10-25 22:00:00+00:00";"39";"33";"75";"2021";"NON";"OUI";"33360";"";"";"";"2021-10-06";"149052";""
"33361";"1499";"CC";"CC";"2013-07-31 22:00:00+00:00";"2011-02-15 23:00:00+00:00";"19";"33";"75";"2021";"NON";"NON";"33361";"";"";"";"2021-10-06";"107454";""
"33363";"3399";"PLUi/PLUiS";"CC";"2020-01-20 23:00:00+00:00";"2015-05-18 22:00:00+00:00";"39";"33";"75";"2021";"OUI";"NON";"243301215";"";"";"";"2021-10-06";"142866";""
"33364";"3199";"PLU";"COM";"2011-11-17 23:00:00+00:00";"2006-03-29 22:00:00+00:00";"39";"33";"75";"2021";"NON";"NON";"33364";"";"";"";"2021-10-06";"40768";""
"33366";"3199";"PLU";"COM";"2014-03-02 23:00:00+00:00";"2008-09-28 22:00:00+00:00";"39";"33";"75";"2021";"NON";"NON";"33366";"";"";"";"2021-10-06";"42405";""
"33367";"1432";"CC";"CC";"2009-07-05 22:00:00+00:00";"2006-03-13 23:00:00+00:00";"13";"33";"75";"2021";"NON";"NON";"200043974";"";"";"";"2021-10-06";"17304";""
"33369";"3299";"PLUi/PLUiS";"CC";"2019-11-27 23:00:00+00:00";"2017-10-25 22:00:00+00:00";"39";"33";"75";"2021";"NON";"OUI";"33369";"";"";"";"2021-10-06";"149052";""
"33370";"1199";"CC";"COM";"2006-07-27 22:00:00+00:00";"2002-03-13 23:00:00+00:00";"19";"33";"75";"2021";"NON";"NON";"33370";"";"";"";"2021-10-06";"41087";""
"33373";"1414";"CC";"CA";"2005-10-18 22:00:00+00:00";"2005-06-16 22:00:00+00:00";"11";"33";"75";"2021";"NON";"NON";"200070092";"";"";"";"2021-10-06";"32529";""
"33374";"3199";"PLU";"COM";"2014-01-27 23:00:00+00:00";"2010-01-04 23:00:00+00:00";"39";"33";"75";"2021";"NON";"NON";"33374";"";"";"";"2021-10-06";"40733";""
"33375";"3434";"PLU";"CC";"2011-02-28 23:00:00+00:00";"2004-02-23 23:00:00+00:00";"33";"33";"75";"2021";"NON";"NON";"243301454";"";"";"";"2021-10-06";"42409";""
"33376";"3299";"PLUi/PLUiS";"MET";"2016-12-15 23:00:00+00:00";"2010-09-23 22:00:00+00:00";"39";"33";"75";"2021";"NON";"OUI";"33376";"";"";"";"2021-10-06";"94172";""
"33377";"3299";"PLUi/PLUiS";"CC";"2019-11-27 23:00:00+00:00";"2017-10-25 22:00:00+00:00";"39";"33";"75";"2021";"NON";"OUI";"33377";"";"";"";"2021-10-06";"149052";""
"33378";"3299";"PLUi/PLUiS";"CC";"2019-11-27 23:00:00+00:00";"2017-10-25 22:00:00+00:00";"39";"33";"75";"2021";"NON";"OUI";"33378";"";"";"";"2021-10-06";"149052";""
"33380";"3199";"PLU";"COM";"2015-11-29 23:00:00+00:00";"2011-04-03 22:00:00+00:00";"39";"33";"75";"2021";"NON";"NON";"33380";"";"";"";"2021-10-06";"127745";""
"33381";"3131";"PLU";"COM";"2005-01-20 23:00:00+00:00";"2001-09-16 22:00:00+00:00";"33";"33";"75";"2021";"NON";"NON";"33381";"";"";"";"2021-10-06";"52247";""
"33382";"1433";"CC";"CC";"2006-02-12 23:00:00+00:00";"2001-11-01 23:00:00+00:00";"13";"33";"75";"2021";"NON";"NON";"200023794";"";"";"";"2021-10-06";"42523";""
"33384";"3299";"PLUi/PLUiS";"CC";"2018-02-28 23:00:00+00:00";"2014-02-19 23:00:00+00:00";"39";"33";"75";"2021";"NON";"OUI";"33384";"";"";"";"2021-10-06";"129922";""
"33386";"3299";"PLUi/PLUiS";"CC";"2018-02-28 23:00:00+00:00";"2014-02-19 23:00:00+00:00";"39";"33";"75";"2021";"NON";"OUI";"33386";"";"";"";"2021-10-06";"129922";""
"33387";"3499";"PLU";"CA";"2004-12-09 23:00:00+00:00";"2002-05-02 22:00:00+00:00";"39";"33";"75";"2021";"NON";"NON";"200070092";"";"";"";"2021-10-06";"33639";""
"33389";"3199";"PLU";"COM";"2011-02-24 23:00:00+00:00";"2004-03-22 23:00:00+00:00";"39";"33";"75";"2021";"NON";"NON";"33389";"";"";"";"2021-10-06";"41033";""
"33390";"1499";"CC";"CC";"2009-04-06 22:00:00+00:00";"2005-02-21 23:00:00+00:00";"19";"33";"75";"2021";"NON";"NON";"33390";"";"";"";"2021-10-06";"43418";""
"33391";"1432";"CC";"CC";"2006-10-26 22:00:00+00:00";"2003-10-06 22:00:00+00:00";"13";"33";"75";"2021";"NON";"NON";"200043982";"";"";"";"2021-10-06";"68061";""
"33392";"3432";"PLU";"CC";"2018-07-10 22:00:00+00:00";"2011-09-14 22:00:00+00:00";"33";"33";"75";"2021";"NON";"NON";"200069581";"";"";"";"2021-10-06";"92062";""
"33393";"3499";"PLU";"CA";"2013-12-10 23:00:00+00:00";"2008-02-10 23:00:00+00:00";"39";"33";"75";"2021";"NON";"NON";"200070092";"";"";"";"2021-10-06";"43278";""
"33394";"3299";"PLUi/PLUiS";"CC";"2018-02-28 23:00:00+00:00";"2014-02-19 23:00:00+00:00";"39";"33";"75";"2021";"NON";"OUI";"33394";"";"";"";"2021-10-06";"129922";""
"33395";"3199";"PLU";"COM";"2015-10-28 23:00:00+00:00";"2009-07-28 22:00:00+00:00";"39";"33";"75";"2021";"NON";"NON";"33395";"";"";"";"2021-10-06";"39403";""
"33396";"3299";"PLUi/PLUiS";"CC";"2018-02-28 23:00:00+00:00";"2014-02-19 23:00:00+00:00";"39";"33";"75";"2021";"NON";"OUI";"33396";"";"";"";"2021-10-06";"129922";""
"33397";"3199";"PLU";"COM";"2019-07-14 22:00:00+00:00";"2016-10-09 22:00:00+00:00";"39";"33";"75";"2021";"NON";"NON";"33397";"";"";"";"2021-10-06";"152521";""
"33399";"1199";"CC";"COM";"2012-01-01 23:00:00+00:00";"2009-07-07 22:00:00+00:00";"19";"33";"75";"2021";"NON";"NON";"33399";"";"";"";"2021-10-06";"38580";""
"33401";"1499";"CC";"CC";"2020-02-24 23:00:00+00:00";"2018-05-15 22:00:00+00:00";"19";"33";"75";"2021";"NON";"NON";"33401";"";"";"";"2021-10-06";"177346";""
"33402";"3299";"PLUi/PLUiS";"CC";"2019-11-27 23:00:00+00:00";"2017-10-25 22:00:00+00:00";"39";"33";"75";"2021";"NON";"OUI";"33402";"";"";"";"2021-10-06";"149052";""
"33404";"1199";"CC";"COM";"2006-12-14 23:00:00+00:00";"2002-09-19 22:00:00+00:00";"19";"33";"75";"2021";"NON";"NON";"33404";"";"";"";"2021-10-06";"36928";""
"33405";"3433";"PLU";"CC";"2012-01-08 23:00:00+00:00";"2006-01-15 23:00:00+00:00";"33";"33";"75";"2021";"NON";"NON";"33405";"";"";"";"2021-10-06";"43282";""
"33406";"3299";"PLUi/PLUiS";"CC";"2018-02-28 23:00:00+00:00";"2014-02-19 23:00:00+00:00";"39";"33";"75";"2021";"NON";"OUI";"33406";"";"";"";"2021-10-06";"129922";""
"33407";"3199";"PLU";"COM";"2013-07-14 22:00:00+00:00";"2009-06-30 22:00:00+00:00";"39";"33";"75";"2021";"NON";"NON";"33407";"";"";"";"2021-10-06";"43285";""
"33408";"3399";"PLUi/PLUiS";"CC";"2020-01-20 23:00:00+00:00";"2015-05-18 22:00:00+00:00";"39";"33";"75";"2021";"OUI";"NON";"243301215";"";"";"";"2021-10-06";"142866";""
"33411";"1432";"CC";"CC";"2012-03-18 23:00:00+00:00";"2009-10-12 22:00:00+00:00";"13";"33";"75";"2021";"NON";"NON";"200043974";"";"";"";"2021-10-06";"66907";""
"33412";"3199";"PLU";"COM";"2011-06-23 22:00:00+00:00";"2005-03-01 23:00:00+00:00";"39";"33";"75";"2021";"NON";"NON";"33412";"";"";"";"2021-10-06";"39959";""
"33413";"3499";"PLU";"CA";"2014-01-12 23:00:00+00:00";"2008-05-21 22:00:00+00:00";"39";"33";"75";"2021";"NON";"NON";"200070092";"";"";"";"2021-10-06";"43288";""
"33414";"1199";"CC";"COM";"2010-04-12 22:00:00+00:00";"2006-10-25 22:00:00+00:00";"19";"33";"75";"2021";"NON";"NON";"33414";"";"";"";"2021-10-06";"40774";""
"33415";"3199";"PLU";"COM";"2011-07-10 22:00:00+00:00";"2002-10-01 22:00:00+00:00";"39";"33";"75";"2021";"NON";"NON";"33415";"";"";"";"2021-10-06";"41095";""
"33416";"3433";"PLU";"CC";"2014-03-19 23:00:00+00:00";"2009-12-16 23:00:00+00:00";"33";"33";"75";"2021";"NON";"NON";"200023794";"";"";"";"2021-10-06";"41097";""
"33418";"1433";"CC";"CC";"2004-08-09 22:00:00+00:00";"2002-03-07 23:00:00+00:00";"13";"33";"75";"2021";"NON";"NON";"200044394";"";"";"";"2021-10-06";"36962";""
"33420";"3299";"PLUi/PLUiS";"CC";"2018-02-28 23:00:00+00:00";"2014-02-19 23:00:00+00:00";"39";"33";"75";"2021";"NON";"OUI";"33420";"";"";"";"2021-10-06";"129922";""
"33421";"3434";"PLU";"CC";"2013-04-24 22:00:00+00:00";"2005-06-27 22:00:00+00:00";"33";"33";"75";"2021";"NON";"NON";"33421";"";"";"";"2021-10-06";"43368";""
"33422";"3131";"PLU";"COM";"2012-12-19 23:00:00+00:00";"2004-06-06 22:00:00+00:00";"33";"33";"75";"2021";"NON";"NON";"33422";"";"";"";"2021-10-06";"37188";""
"33424";"3199";"PLU";"COM";"2013-03-10 23:00:00+00:00";"2003-11-04 23:00:00+00:00";"39";"33";"75";"2021";"NON";"NON";"33424";"";"";"";"2021-10-06";"39816";""
"33425";"3199";"PLU";"COM";"2010-11-29 23:00:00+00:00";"2004-11-22 23:00:00+00:00";"39";"33";"75";"2021";"NON";"NON";"33425";"";"";"";"2021-10-06";"41098";""
"33426";"3299";"PLUi/PLUiS";"CC";"2018-02-28 23:00:00+00:00";"2014-02-19 23:00:00+00:00";"39";"33";"75";"2021";"NON";"OUI";"33426";"";"";"";"2021-10-06";"129922";""
"33427";"1199";"CC";"COM";"2009-06-28 22:00:00+00:00";"2007-01-29 23:00:00+00:00";"19";"33";"75";"2021";"NON";"NON";"33427";"";"";"";"2021-10-06";"37112";""
"33428";"1499";"CC";"CC";"2009-07-05 22:00:00+00:00";"2006-03-06 23:00:00+00:00";"19";"33";"75";"2021";"NON";"NON";"200044394";"";"";"";"2021-10-06";"37111";""
"33431";"3399";"PLUi/PLUiS";"CC";"2020-01-20 23:00:00+00:00";"2015-05-18 22:00:00+00:00";"39";"33";"75";"2021";"OUI";"NON";"33431";"";"";"";"2021-10-06";"142866";""
"33432";"1432";"CC";"CC";"2007-04-22 22:00:00+00:00";"2005-05-13 22:00:00+00:00";"13";"33";"75";"2021";"NON";"NON";"200043974";"";"";"";"2021-10-06";"36961";""
"33433";"3131";"PLU";"COM";"2008-11-05 23:00:00+00:00";"2007-09-25 22:00:00+00:00";"33";"33";"75";"2021";"NON";"NON";"33433";"";"";"";"2021-10-06";"36739";""
"33434";"3299";"PLUi/PLUiS";"MET";"2016-12-15 23:00:00+00:00";"2010-09-23 22:00:00+00:00";"39";"33";"75";"2021";"NON";"OUI";"33434";"";"";"";"2021-10-06";"94172";""
"33436";"3432";"PLU";"CC";"2019-11-26 23:00:00+00:00";"2014-10-28 23:00:00+00:00";"33";"33";"75";"2021";"NON";"NON";"243301405";"";"";"";"2021-10-06";"131315";""
"33437";"3499";"PLU";"CC";"2005-06-07 22:00:00+00:00";"1998-08-26 22:00:00+00:00";"39";"33";"75";"2021";"NON";"NON";"33437";"";"";"";"2021-10-06";"43370";""
"33438";"3432";"PLU";"CC";"2006-08-31 22:00:00+00:00";"2002-01-17 23:00:00+00:00";"33";"33";"75";"2021";"NON";"NON";"200043974";"";"";"";"2021-10-06";"52249";""
"33439";"1432";"CC";"CC";"2010-05-03 22:00:00+00:00";"2009-02-16 23:00:00+00:00";"13";"33";"75";"2021";"NON";"NON";"33439";"";"";"";"2021-10-06";"41017";""
"33440";"1432";"CC";"CC";"2009-06-25 22:00:00+00:00";"2006-02-06 23:00:00+00:00";"13";"33";"75";"2021";"NON";"NON";"200043974";"";"";"";"2021-10-06";"17300";""
"33442";"1499";"CC";"CA";"2005-02-20 23:00:00+00:00";"2005-01-13 23:00:00+00:00";"19";"33";"75";"2021";"NON";"NON";"33442";"";"";"";"2021-10-06";"43371";""
"33445";"1499";"CC";"CA";"2003-07-21 22:00:00+00:00";"2003-04-09 22:00:00+00:00";"19";"33";"75";"2021";"NON";"NON";"200070092";"";"";"";"2021-10-06";"43373";""
"33447";"3499";"PLU";"CA";"2004-06-01 22:00:00+00:00";"2001-05-28 22:00:00+00:00";"39";"33";"75";"2021";"NON";"NON";"200070092";"";"";"";"2021-10-06";"43383";""
"33448";"3131";"PLU";"COM";"2013-01-21 23:00:00+00:00";"2008-10-01 22:00:00+00:00";"33";"33";"75";"2021";"NON";"NON";"33448";"";"";"";"2021-10-06";"37197";""
"33449";"3299";"PLUi/PLUiS";"MET";"2016-12-15 23:00:00+00:00";"2010-09-23 22:00:00+00:00";"39";"33";"75";"2021";"NON";"OUI";"33449";"";"";"";"2021-10-06";"94172";""
"33452";"1432";"CC";"CC";"2017-11-20 23:00:00+00:00";"2014-06-10 22:00:00+00:00";"13";"33";"75";"2021";"NON";"NON";"200069581";"";"";"";"2021-10-06";"130600";""
"33454";"3131";"PLU";"COM";"2016-04-28 22:00:00+00:00";"2004-12-08 23:00:00+00:00";"33";"33";"75";"2021";"NON";"NON";"33454";"";"";"";"2021-10-06";"35925";""
"33456";"1199";"CC";"COM";"2012-08-05 22:00:00+00:00";"2008-07-30 22:00:00+00:00";"19";"33";"75";"2021";"NON";"NON";"33456";"";"";"";"2021-10-06";"41102";""
"33457";"1432";"CC";"CC";"2008-03-30 22:00:00+00:00";"2006-10-20 22:00:00+00:00";"13";"33";"75";"2021";"NON";"NON";"200043974";"";"";"";"2021-10-06";"36960";""
"33458";"3433";"PLU";"CC";"2010-12-19 23:00:00+00:00";"2004-07-06 22:00:00+00:00";"33";"33";"75";"2021";"NON";"NON";"33458";"";"";"";"2021-10-06";"41103";""
"33459";"3299";"PLUi/PLUiS";"CC";"2018-02-28 23:00:00+00:00";"2014-02-19 23:00:00+00:00";"39";"33";"75";"2021";"NON";"OUI";"33459";"";"";"";"2021-10-06";"129922";""
"33460";"3434";"PLU";"CC";"2014-02-17 23:00:00+00:00";"2007-03-12 23:00:00+00:00";"33";"33";"75";"2021";"NON";"NON";"33460";"";"";"";"2021-10-06";"43431";""
"33461";"3299";"PLUi/PLUiS";"CC";"2018-02-28 23:00:00+00:00";"2014-02-19 23:00:00+00:00";"39";"33";"75";"2021";"NON";"OUI";"33461";"";"";"";"2021-10-06";"129922";""
"33462";"3299";"PLUi/PLUiS";"CC";"2019-11-27 23:00:00+00:00";"2017-10-25 22:00:00+00:00";"39";"33";"75";"2021";"NON";"OUI";"33462";"";"";"";"2021-10-06";"149052";""
"33465";"3432";"PLU";"CC";"2005-10-26 22:00:00+00:00";"2002-07-29 22:00:00+00:00";"33";"33";"75";"2021";"NON";"NON";"200043974";"";"";"";"2021-10-06";"36958";""
"33466";"3499";"PLU";"CA";"2004-03-25 23:00:00+00:00";"2000-12-04 23:00:00+00:00";"39";"33";"75";"2021";"NON";"NON";"200070092";"";"";"";"2021-10-06";"43433";""
"33467";"3299";"PLUi/PLUiS";"CC";"2019-11-27 23:00:00+00:00";"2017-10-25 22:00:00+00:00";"39";"33";"75";"2021";"NON";"OUI";"33467";"";"";"";"2021-10-06";"149052";""
"33470";"3199";"PLU";"COM";"2021-07-08 22:00:00+00:00";"2017-04-09 22:00:00+00:00";"39";"33";"75";"2021";"NON";"NON";"33470";"";"";"";"2021-10-06";"152785";""
"33472";"3499";"PLU";"CA";"2008-02-04 23:00:00+00:00";"2002-03-20 23:00:00+00:00";"39";"33";"75";"2021";"NON";"NON";"33472";"";"";"";"2021-10-06";"40753";""
"33473";"3432";"PLU";"CC";"2009-04-08 22:00:00+00:00";"2001-12-19 23:00:00+00:00";"33";"33";"75";"2021";"NON";"NON";"33473";"";"";"";"2021-10-06";"41104";""
"33474";"3199";"PLU";"COM";"2019-10-24 22:00:00+00:00";"2014-06-15 22:00:00+00:00";"39";"33";"75";"2021";"NON";"NON";"33474";"";"";"";"2021-10-06";"130553";""
"33475";"1433";"CC";"CC";"2007-11-27 23:00:00+00:00";"2005-04-04 22:00:00+00:00";"13";"33";"75";"2021";"NON";"NON";"200023794";"";"";"";"2021-10-06";"43440";""
"33476";"1199";"CC";"COM";"2014-02-12 23:00:00+00:00";"2012-10-02 22:00:00+00:00";"19";"33";"75";"2021";"NON";"NON";"33476";"";"";"";"2021-10-06";"130041";""
"33477";"3199";"PLU";"COM";"2013-09-08 22:00:00+00:00";"2005-12-04 23:00:00+00:00";"39";"33";"75";"2021";"NON";"NON";"33477";"";"";"";"2021-10-06";"43441";""
"33478";"3434";"PLU";"CA";"2015-09-01 22:00:00+00:00";"2010-04-27 22:00:00+00:00";"33";"33";"75";"2021";"NON";"NON";"200070092";"";"";"";"2021-10-06";"43444";""
"33479";"1433";"CC";"CC";"2011-01-09 23:00:00+00:00";"2005-05-19 22:00:00+00:00";"13";"33";"75";"2021";"NON";"NON";"200044394";"";"";"";"2021-10-06";"36957";""
"33480";"3299";"PLUi/PLUiS";"CC";"2018-02-28 23:00:00+00:00";"2014-02-19 23:00:00+00:00";"39";"33";"75";"2021";"NON";"OUI";"33480";"";"";"";"2021-10-06";"129922";""
"33481";"1199";"CC";"COM";"2006-05-22 22:00:00+00:00";"2003-03-20 23:00:00+00:00";"19";"33";"75";"2021";"NON";"NON";"33481";"";"";"";"2021-10-06";"17437";""
"33483";"3199";"PLU";"COM";"2020-02-26 23:00:00+00:00";"2014-05-25 22:00:00+00:00";"39";"33";"75";"2021";"NON";"NON";"33483";"";"";"";"2021-10-06";"130161";""
"33484";"3432";"PLU";"CC";"2018-06-24 22:00:00+00:00";"2012-11-15 23:00:00+00:00";"33";"33";"75";"2021";"NON";"NON";"200043974";"";"";"";"2021-10-06";"117455";""
"33485";"3299";"PLUi/PLUiS";"CC";"2018-02-28 23:00:00+00:00";"2014-02-19 23:00:00+00:00";"39";"33";"75";"2021";"NON";"OUI";"33485";"";"";"";"2021-10-06";"129922";""
"33486";"1199";"CC";"COM";"2014-06-15 22:00:00+00:00";"2009-10-23 22:00:00+00:00";"19";"33";"75";"2021";"NON";"NON";"33486";"";"";"";"2021-10-06";"41105";""
"33487";"3299";"PLUi/PLUiS";"MET";"2016-12-15 23:00:00+00:00";"2010-09-23 22:00:00+00:00";"39";"33";"75";"2021";"NON";"OUI";"33487";"";"";"";"2021-10-06";"94172";""
"33488";"3499";"PLU";"CC";"2013-05-14 22:00:00+00:00";"2005-07-07 22:00:00+00:00";"39";"33";"75";"2021";"NON";"NON";"33488";"";"";"";"2021-10-06";"43451";""
"33489";"3499";"PLU";"CC";"2015-03-17 23:00:00+00:00";"2006-04-03 22:00:00+00:00";"39";"33";"75";"2021";"NON";"NON";"200023794";"";"";"";"2021-10-06";"41106";""
"33490";"3199";"PLU";"COM";"2014-10-15 22:00:00+00:00";"2012-02-02 23:00:00+00:00";"39";"33";"75";"2021";"NON";"NON";"33490";"";"";"";"2021-10-06";"119721";""
"33491";"1433";"CC";"CC";"2006-10-08 22:00:00+00:00";"2003-08-27 22:00:00+00:00";"13";"33";"75";"2021";"NON";"NON";"200044394";"";"";"";"2021-10-06";"36931";""
"33492";"3432";"PLU";"CC";"2012-05-24 22:00:00+00:00";"2005-05-12 22:00:00+00:00";"33";"33";"75";"2021";"NON";"NON";"33492";"";"";"";"2021-10-06";"121703";""
"33493";"1199";"CC";"COM";"2006-02-19 23:00:00+00:00";"2003-07-09 22:00:00+00:00";"19";"33";"75";"2021";"NON";"NON";"33493";"";"";"";"2021-10-06";"37387";""
"33494";"3131";"PLU";"COM";"2013-01-23 23:00:00+00:00";"2004-09-15 22:00:00+00:00";"33";"33";"75";"2021";"NON";"NON";"33494";"";"";"";"2021-10-06";"123799";""
"33496";"3199";"PLU";"COM";"2020-03-01 23:00:00+00:00";"2018-05-06 22:00:00+00:00";"39";"33";"75";"2021";"NON";"NON";"33496";"";"";"";"2021-10-06";"163072";""
"33498";"3432";"PLU";"CC";"2019-11-26 23:00:00+00:00";"2013-12-15 23:00:00+00:00";"33";"33";"75";"2021";"NON";"NON";"243301405";"";"";"";"2021-10-06";"127397";""
"33499";"1499";"CC";"CC";"2015-07-30 22:00:00+00:00";"2011-02-07 23:00:00+00:00";"19";"33";"75";"2021";"NON";"NON";"33499";"";"";"";"2021-10-06";"42281";""
"33500";"3433";"PLU";"CC";"2012-02-01 23:00:00+00:00";"2005-10-27 22:00:00+00:00";"33";"33";"75";"2021";"NON";"NON";"200023794";"";"";"";"2021-10-06";"43458";""
"33501";"3199";"PLU";"COM";"2018-06-24 22:00:00+00:00";"2014-09-14 22:00:00+00:00";"39";"33";"75";"2021";"NON";"NON";"33501";"";"";"";"2021-10-06";"133399";""
"33502";"1433";"CC";"CC";"2011-02-06 23:00:00+00:00";"2005-09-14 22:00:00+00:00";"13";"33";"75";"2021";"NON";"NON";"200023794";"";"";"";"2021-10-06";"43459";""
"33504";"1432";"CC";"CC";"2005-08-24 22:00:00+00:00";"2005-07-07 22:00:00+00:00";"13";"33";"75";"2021";"NON";"NON";"200043974";"";"";"";"2021-10-06";"36956";""
"33505";"3399";"PLUi/PLUiS";"CC";"2020-01-20 23:00:00+00:00";"2015-05-18 22:00:00+00:00";"39";"33";"75";"2021";"OUI";"NON";"33505";"";"";"";"2021-10-06";"142866";""
"33506";"3199";"PLU";"COM";"2013-05-26 22:00:00+00:00";"2008-06-08 22:00:00+00:00";"39";"33";"75";"2021";"NON";"NON";"33506";"";"";"";"2021-10-06";"36940";""
"33507";"1432";"CC";"CC";"2006-10-26 22:00:00+00:00";"2003-09-21 22:00:00+00:00";"13";"33";"75";"2021";"NON";"NON";"200043982";"";"";"";"2021-10-06";"68062";""
"33508";"3433";"PLU";"CC";"2013-02-13 23:00:00+00:00";"2007-04-15 22:00:00+00:00";"33";"33";"75";"2021";"NON";"NON";"200044394";"";"";"";"2021-10-06";"36955";""
"33509";"1499";"CC";"CA";"2007-12-04 23:00:00+00:00";"2003-11-23 23:00:00+00:00";"19";"33";"75";"2021";"NON";"NON";"200070092";"";"";"";"2021-10-06";"43460";""
"33510";"1432";"CC";"CC";"2009-06-28 22:00:00+00:00";"2004-03-15 23:00:00+00:00";"13";"33";"75";"2021";"NON";"NON";"200043974";"";"";"";"2021-10-06";"70344";""
"33511";"3432";"PLU";"CC";"2012-07-23 22:00:00+00:00";"2009-02-09 23:00:00+00:00";"33";"33";"75";"2021";"NON";"NON";"200043982";"";"";"";"2021-10-06";"37117";""
"33513";"3432";"PLU";"CC";"2012-10-22 22:00:00+00:00";"2009-02-09 23:00:00+00:00";"33";"33";"75";"2021";"NON";"NON";"200043982";"";"";"";"2021-10-06";"37118";""
"33514";"3199";"PLU";"COM";"2007-05-20 22:00:00+00:00";"1986-10-17 23:00:00+00:00";"39";"33";"75";"2021";"NON";"NON";"33514";"";"";"";"2021-10-06";"33643";""
"33515";"1199";"CC";"COM";"2018-04-22 22:00:00+00:00";"2015-05-06 22:00:00+00:00";"19";"33";"75";"2021";"NON";"NON";"33515";"";"";"";"2021-10-06";"140479";""
"33518";"3199";"PLU";"COM";"2005-07-03 22:00:00+00:00";"2002-06-10 22:00:00+00:00";"39";"33";"75";"2021";"NON";"NON";"33518";"";"";"";"2021-10-06";"36745";""
"33519";"3299";"PLUi/PLUiS";"MET";"2016-12-15 23:00:00+00:00";"2010-09-23 22:00:00+00:00";"39";"33";"75";"2021";"NON";"OUI";"33519";"";"";"";"2021-10-06";"94172";""
"33520";"1199";"CC";"COM";"2006-07-09 22:00:00+00:00";"2003-04-13 22:00:00+00:00";"19";"33";"75";"2021";"NON";"NON";"33520";"";"";"";"2021-10-06";"36948";""
"33521";"3199";"PLU";"COM";"2014-01-27 23:00:00+00:00";"2012-01-18 23:00:00+00:00";"39";"33";"75";"2021";"NON";"NON";"33521";"";"";"";"2021-10-06";"119846";""
"33522";"3299";"PLUi/PLUiS";"MET";"2016-12-15 23:00:00+00:00";"2010-09-23 22:00:00+00:00";"39";"33";"75";"2021";"NON";"OUI";"33522";"";"";"";"2021-10-06";"94172";""
"33523";"3199";"PLU";"COM";"2009-03-19 23:00:00+00:00";"2002-12-04 23:00:00+00:00";"39";"33";"75";"2021";"NON";"NON";"33523";"";"";"";"2021-10-06";"36952";""
"33524";"1111";"CC";"COM";"2009-02-03 23:00:00+00:00";"2005-05-12 22:00:00+00:00";"11";"33";"75";"2021";"NON";"NON";"33524";"";"";"";"2021-10-06";"43446";""
"33525";"3199";"PLU";"COM";"2013-12-22 23:00:00+00:00";"2009-06-28 22:00:00+00:00";"39";"33";"75";"2021";"NON";"NON";"33525";"";"";"";"2021-10-06";"118279";""
"33526";"3299";"PLUi/PLUiS";"CC";"2018-02-28 23:00:00+00:00";"2014-02-19 23:00:00+00:00";"39";"33";"75";"2021";"NON";"OUI";"33526";"";"";"";"2021-10-06";"129922";""
"33527";"3131";"PLU";"COM";"2006-07-10 22:00:00+00:00";"2001-10-04 22:00:00+00:00";"33";"33";"75";"2021";"NON";"NON";"33527";"";"";"";"2021-10-06";"39938";""
"33528";"3199";"PLU";"COM";"2007-03-11 23:00:00+00:00";"2004-02-04 23:00:00+00:00";"39";"33";"75";"2021";"NON";"NON";"33528";"";"";"";"2021-10-06";"37379";""
"33529";"3131";"PLU";"COM";"2011-10-05 22:00:00+00:00";"2002-02-06 23:00:00+00:00";"33";"33";"75";"2021";"NON";"NON";"33529";"";"";"";"2021-10-06";"36003";""
"33531";"1499";"CC";"CA";"2014-05-14 22:00:00+00:00";"2013-02-04 23:00:00+00:00";"19";"33";"75";"2021";"NON";"NON";"200070092";"";"";"";"2021-10-06";"120236";""
"33532";"1499";"CC";"CA";"2005-03-24 23:00:00+00:00";"2005-01-24 23:00:00+00:00";"19";"33";"75";"2021";"NON";"NON";"200070092";"";"";"";"2021-10-06";"43463";""
"33533";"3432";"PLU";"CC";"2008-03-03 23:00:00+00:00";"2005-10-24 22:00:00+00:00";"33";"33";"75";"2021";"NON";"NON";"200043974";"";"";"";"2021-10-06";"37028";""
"33534";"3199";"PLU";"COM";"2004-09-29 22:00:00+00:00";"2001-10-17 22:00:00+00:00";"39";"33";"75";"2021";"NON";"NON";"33534";"";"";"";"2021-10-06";"36710";""
"33535";"3199";"PLU";"COM";"2012-10-16 22:00:00+00:00";"2010-03-29 22:00:00+00:00";"39";"33";"75";"2021";"NON";"NON";"33535";"";"";"";"2021-10-06";"41380";""
"33536";"1432";"CC";"CC";"2006-12-28 23:00:00+00:00";"2004-06-09 22:00:00+00:00";"13";"33";"75";"2021";"NON";"NON";"200043974";"";"";"";"2021-10-06";"36953";""
"33537";"3432";"PLU";"CC";"2009-09-10 22:00:00+00:00";"2005-08-31 22:00:00+00:00";"33";"33";"75";"2021";"NON";"NON";"200043974";"";"";"";"2021-10-06";"37039";""
"33538";"1199";"CC";"COM";"2010-01-05 23:00:00+00:00";"2004-05-31 22:00:00+00:00";"19";"33";"75";"2021";"NON";"NON";"33538";"";"";"";"2021-10-06";"39650";""
"33539";"3434";"PLU";"CA";"2005-11-13 23:00:00+00:00";"2005-04-30 22:00:00+00:00";"33";"33";"75";"2021";"NON";"NON";"200070092";"";"";"";"2021-10-06";"43464";""
"33540";"3131";"PLU";"COM";"2017-03-16 23:00:00+00:00";"2007-04-23 22:00:00+00:00";"33";"33";"75";"2021";"NON";"NON";"33540";"";"";"";"2021-10-06";"119916";""
"33541";"3199";"PLU";"COM";"2012-08-09 22:00:00+00:00";"2008-09-02 22:00:00+00:00";"39";"33";"75";"2021";"NON";"NON";"33541";"";"";"";"2021-10-06";"37757";""
"33542";"3131";"PLU";"COM";"2013-06-26 22:00:00+00:00";"2004-09-05 22:00:00+00:00";"33";"33";"75";"2021";"NON";"NON";"33542";"";"";"";"2021-10-06";"43466";""
"33543";"3432";"PLU";"CC";"2006-08-27 22:00:00+00:00";"2002-05-26 22:00:00+00:00";"33";"33";"75";"2021";"NON";"NON";"200043974";"";"";"";"2021-10-06";"52253";""
"33544";"3199";"PLU";"COM";"2018-04-08 22:00:00+00:00";"2010-07-04 22:00:00+00:00";"39";"33";"75";"2021";"NON";"NON";"33544";"";"";"";"2021-10-06";"129178";""
"33545";"3199";"PLU";"COM";"2008-04-14 22:00:00+00:00";"2001-11-07 23:00:00+00:00";"39";"33";"75";"2021";"NON";"NON";"33545";"";"";"";"2021-10-06";"39822";""
"33546";"3299";"PLUi/PLUiS";"CC";"2018-02-28 23:00:00+00:00";"2014-02-19 23:00:00+00:00";"39";"33";"75";"2021";"NON";"OUI";"33546";"";"";"";"2021-10-06";"129922";""
"33547";"3432";"PLU";"CC";"2009-11-12 23:00:00+00:00";"2005-08-31 22:00:00+00:00";"33";"33";"75";"2021";"NON";"NON";"200043974";"";"";"";"2021-10-06";"37050";""
"33548";"3199";"PLU";"COM";"2013-06-30 22:00:00+00:00";"2010-11-09 23:00:00+00:00";"39";"33";"75";"2021";"NON";"NON";"33548";"";"";"";"2021-10-06";"43824";""
"33549";"1499";"CC";"CC";"2005-04-27 22:00:00+00:00";"2001-10-30 23:00:00+00:00";"19";"33";"75";"2021";"NON";"NON";"243301215";"";"";"";"2021-10-06";"36954";""
"33550";"3299";"PLUi/PLUiS";"MET";"2016-12-15 23:00:00+00:00";"2010-09-23 22:00:00+00:00";"39";"33";"75";"2021";"NON";"OUI";"33550";"";"";"";"2021-10-06";"94172";""
"33551";"3433";"PLU";"CC";"2013-06-03 22:00:00+00:00";"2009-12-02 23:00:00+00:00";"33";"33";"75";"2021";"NON";"NON";"200023794";"";"";"";"2021-10-06";"41114";""
"33552";"3432";"PLU";"CC";"2013-06-23 22:00:00+00:00";"2005-06-13 22:00:00+00:00";"33";"33";"75";"2021";"NON";"NON";"200069581";"";"";"";"2021-10-06";"49518";""
"33553";"3199";"PLU";"COM";"2015-02-16 23:00:00+00:00";"2007-09-27 22:00:00+00:00";"39";"33";"75";"2021";"NON";"NON";"33553";"";"";"";"2021-10-06";"41116";""
"33555";"3199";"PLU";"COM";"2016-09-07 22:00:00+00:00";"2010-04-08 22:00:00+00:00";"39";"33";"75";"2021";"NON";"NON";"33555";"";"";"";"2021-10-06";"41411";""
"34002";"3131";"PLU";"COM";"2012-04-25 22:00:00+00:00";"2009-06-15 22:00:00+00:00";"33";"34";"76";"2021";"NON";"NON";"34002";"";"";"";"2021-10-06";"62128";""
"34003";"3131";"PLU";"COM";"2016-02-15 23:00:00+00:00";"2008-09-24 22:00:00+00:00";"33";"34";"76";"2021";"NON";"NON";"34003";"";"";"";"2021-10-06";"62131";""
"34005";"2131";"POS";"COM";"1987-03-02 23:00:00+00:00";"1984-01-13 23:00:00+00:00";"23";"34";"76";"2021";"NON";"NON";"34005";"";"";"";"2021-10-06";"17183";""
"34006";"3199";"PLU";"COM";"2013-07-11 22:00:00+00:00";"2012-01-26 23:00:00+00:00";"39";"34";"76";"2021";"NON";"NON";"34006";"";"";"";"2021-10-06";"154323";""
"34008";"3432";"PLU";"CC";"2006-10-12 22:00:00+00:00";"2001-06-26 22:00:00+00:00";"33";"34";"76";"2021";"NON";"NON";"200042646";"";"";"";"2021-10-06";"17572";""
"34009";"3199";"PLU";"COM";"2014-03-09 23:00:00+00:00";"2012-02-12 23:00:00+00:00";"39";"34";"76";"2021";"NON";"NON";"34009";"";"";"";"2021-10-06";"107548";""
"34010";"3199";"PLU";"COM";"2020-02-24 23:00:00+00:00";"2008-11-03 23:00:00+00:00";"39";"34";"76";"2021";"NON";"NON";"34010";"";"";"";"2021-10-06";"64445";""
"34013";"3199";"PLU";"COM";"2019-12-15 23:00:00+00:00";"2015-04-19 22:00:00+00:00";"39";"34";"76";"2021";"NON";"NON";"34013";"";"";"";"2021-10-06";"129804";""
"34014";"3199";"PLU";"COM";"2017-10-17 22:00:00+00:00";"2014-01-12 23:00:00+00:00";"39";"34";"76";"2021";"NON";"NON";"34014";"";"";"";"2021-10-06";"132954";""
"34016";"3199";"PLU";"COM";"2013-06-26 22:00:00+00:00";"2004-11-22 23:00:00+00:00";"39";"34";"76";"2021";"NON";"NON";"34016";"";"";"";"2021-10-06";"49519";""
"34017";"1199";"CC";"COM";"2008-04-14 22:00:00+00:00";"2006-02-14 23:00:00+00:00";"19";"34";"76";"2021";"NON";"NON";"34017";"";"";"";"2021-10-06";"70346";""
"34018";"3432";"PLU";"CC";"2017-12-13 23:00:00+00:00";"2011-02-20 23:00:00+00:00";"33";"34";"76";"2021";"NON";"NON";"200071058";"";"";"";"2021-10-06";"78393";""
"34020";"3199";"PLU";"COM";"2013-07-11 22:00:00+00:00";"2012-01-26 23:00:00+00:00";"39";"34";"76";"2021";"NON";"NON";"34020";"";"";"";"2021-10-06";"154329";""
"34021";"3432";"PLU";"CC";"2011-11-06 23:00:00+00:00";"2002-03-28 23:00:00+00:00";"33";"34";"76";"2021";"NON";"NON";"200042653";"";"";"";"2021-10-06";"49520";""
"34022";"3432";"PLU";"MET";"2006-02-05 23:00:00+00:00";"2002-01-29 23:00:00+00:00";"33";"34";"76";"2021";"NON";"NON";"243400017";"";"";"";"2021-10-06";"52255";""
"34023";"3199";"PLU";"COM";"2017-06-13 22:00:00+00:00";"2002-10-16 22:00:00+00:00";"39";"34";"76";"2021";"NON";"NON";"34023";"";"";"";"2021-10-06";"64447";""
"34024";"3199";"PLU";"COM";"2018-01-15 23:00:00+00:00";"2009-09-22 22:00:00+00:00";"39";"34";"76";"2021";"NON";"NON";"34024";"";"";"";"2021-10-06";"64448";""
"34025";"3199";"PLU";"COM";"2006-03-02 23:00:00+00:00";"2002-06-19 22:00:00+00:00";"39";"34";"76";"2021";"NON";"NON";"34025";"";"";"";"2021-10-06";"52256";""
"34026";"3199";"PLU";"COM";"2013-07-11 22:00:00+00:00";"2012-01-26 23:00:00+00:00";"39";"34";"76";"2021";"NON";"NON";"34026";"";"";"";"2021-10-06";"154334";""
"34027";"3432";"PLU";"MET";"2011-09-18 22:00:00+00:00";"2006-03-12 23:00:00+00:00";"33";"34";"76";"2021";"NON";"NON";"243400017";"";"";"";"2021-10-06";"62132";""
"34028";"3432";"PLU";"CC";"2007-12-09 23:00:00+00:00";"2002-03-25 23:00:00+00:00";"33";"34";"76";"2021";"NON";"NON";"200042646";"";"";"";"2021-10-06";"52257";""
"34029";"3199";"PLU";"COM";"2019-07-22 22:00:00+00:00";"2015-03-18 23:00:00+00:00";"39";"34";"76";"2021";"NON";"NON";"34029";"";"";"";"2021-10-06";"142599";""
"34031";"3199";"PLU";"COM";"2013-01-10 23:00:00+00:00";"2001-10-10 22:00:00+00:00";"39";"34";"76";"2021";"NON";"NON";"34031";"";"";"";"2021-10-06";"62141";""
"34032";"3199";"PLU";"COM";"2021-04-05 22:00:00+00:00";"2013-12-15 23:00:00+00:00";"39";"34";"76";"2021";"NON";"NON";"34032";"";"";"";"2021-10-06";"127168";""
"34033";"3199";"PLU";"COM";"2007-10-23 22:00:00+00:00";"2001-10-14 22:00:00+00:00";"39";"34";"76";"2021";"NON";"NON";"34033";"";"";"";"2021-10-06";"52258";""
"34037";"3199";"PLU";"COM";"2013-09-24 22:00:00+00:00";"2011-04-14 22:00:00+00:00";"39";"34";"76";"2021";"NON";"NON";"34037";"";"";"";"2021-10-06";"62134";""
"34039";"3199";"PLU";"COM";"2017-07-10 22:00:00+00:00";"2014-06-23 22:00:00+00:00";"39";"34";"76";"2021";"NON";"NON";"34039";"";"";"";"2021-10-06";"132952";""
"34040";"1432";"CC";"CC";"2008-08-03 22:00:00+00:00";"2004-09-13 22:00:00+00:00";"13";"34";"76";"2021";"NON";"NON";"200042646";"";"";"";"2021-10-06";"15513";""
"34041";"3199";"PLU";"COM";"2020-03-09 23:00:00+00:00";"2015-01-27 23:00:00+00:00";"39";"34";"76";"2021";"NON";"NON";"34041";"";"";"";"2021-10-06";"136676";""
"34042";"3199";"PLU";"COM";"2020-02-20 23:00:00+00:00";"2009-01-27 23:00:00+00:00";"39";"34";"76";"2021";"NON";"NON";"34042";"";"";"";"2021-10-06";"62142";""
"34044";"1432";"CC";"CC";"2006-04-26 22:00:00+00:00";"2001-11-15 23:00:00+00:00";"13";"34";"76";"2021";"NON";"NON";"200071058";"";"";"";"2021-10-06";"15514";""
"34045";"3199";"PLU";"COM";"2010-04-08 22:00:00+00:00";"2006-05-04 22:00:00+00:00";"39";"34";"76";"2021";"NON";"NON";"34045";"";"";"";"2021-10-06";"52259";""
"34046";"3499";"PLU";"CC";"2008-11-13 23:00:00+00:00";"2001-12-12 23:00:00+00:00";"39";"34";"76";"2021";"NON";"NON";"200066553";"";"";"";"2021-10-06";"141063";""
"34050";"3131";"PLU";"COM";"2013-01-07 23:00:00+00:00";"2003-01-15 23:00:00+00:00";"33";"34";"76";"2021";"NON";"NON";"34050";"";"";"";"2021-10-06";"62138";""
"34052";"3432";"PLU";"CC";"2012-10-22 22:00:00+00:00";"2002-04-17 22:00:00+00:00";"33";"34";"76";"2021";"NON";"NON";"200042653";"";"";"";"2021-10-06";"62139";""
"34056";"3131";"PLU";"COM";"2020-01-21 23:00:00+00:00";"2014-03-12 23:00:00+00:00";"33";"34";"76";"2021";"NON";"NON";"34056";"";"";"";"2021-10-06";"129378";""
"34057";"3432";"PLU";"MET";"2007-06-28 22:00:00+00:00";"2003-09-18 22:00:00+00:00";"33";"34";"76";"2021";"NON";"NON";"243400017";"";"";"";"2021-10-06";"52261";""
"34058";"3432";"PLU";"MET";"2010-07-28 22:00:00+00:00";"2007-09-26 22:00:00+00:00";"33";"34";"76";"2021";"NON";"NON";"243400017";"";"";"";"2021-10-06";"52262";""
"34061";"1432";"CC";"CC";"2009-05-26 22:00:00+00:00";"2008-06-09 22:00:00+00:00";"13";"34";"76";"2021";"NON";"NON";"200071058";"";"";"";"2021-10-06";"70386";""
"34063";"3199";"PLU";"COM";"2012-12-20 23:00:00+00:00";"2006-07-26 22:00:00+00:00";"39";"34";"76";"2021";"NON";"NON";"34063";"";"";"";"2021-10-06";"40033";""
"34064";"3432";"PLU";"CC";"2009-05-24 22:00:00+00:00";"2002-10-15 22:00:00+00:00";"33";"34";"76";"2021";"NON";"NON";"34064";"";"";"";"2021-10-06";"56808";""
"34065";"3432";"PLU";"CC";"2007-09-23 22:00:00+00:00";"2002-04-01 22:00:00+00:00";"33";"34";"76";"2021";"NON";"NON";"200042653";"";"";"";"2021-10-06";"52270";""
"34067";"3199";"PLU";"COM";"2006-07-05 22:00:00+00:00";"2002-05-27 22:00:00+00:00";"39";"34";"76";"2021";"NON";"NON";"34067";"";"";"";"2021-10-06";"52271";""
"34069";"3131";"PLU";"COM";"2011-07-06 22:00:00+00:00";"2009-04-29 22:00:00+00:00";"33";"34";"76";"2021";"NON";"NON";"34069";"";"";"";"2021-10-06";"63883";""
"34070";"3432";"PLU";"CC";"2019-02-12 23:00:00+00:00";"2014-11-04 23:00:00+00:00";"33";"34";"76";"2021";"NON";"NON";"200042653";"";"";"";"2021-10-06";"133916";""
"34073";"3131";"PLU";"COM";"2011-10-09 22:00:00+00:00";"2008-04-06 22:00:00+00:00";"33";"34";"76";"2021";"NON";"NON";"34073";"";"";"";"2021-10-06";"62144";""
"34074";"3432";"PLU";"CC";"2006-02-16 23:00:00+00:00";"2001-06-20 22:00:00+00:00";"33";"34";"76";"2021";"NON";"NON";"200042653";"";"";"";"2021-10-06";"52273";""
"34075";"3131";"PLU";"COM";"2008-01-10 23:00:00+00:00";"2003-11-22 23:00:00+00:00";"33";"34";"76";"2021";"NON";"NON";"34075";"";"";"";"2021-10-06";"58527";""
"34076";"3199";"PLU";"COM";"2009-02-09 23:00:00+00:00";"2007-07-09 22:00:00+00:00";"39";"34";"76";"2021";"NON";"NON";"34076";"";"";"";"2021-10-06";"52266";""
"34077";"3432";"PLU";"MET";"2013-01-23 23:00:00+00:00";"2009-05-11 22:00:00+00:00";"33";"34";"76";"2021";"NON";"NON";"243400017";"";"";"";"2021-10-06";"63884";""
"34078";"3199";"PLU";"COM";"2006-01-30 23:00:00+00:00";"2001-11-12 23:00:00+00:00";"39";"34";"76";"2021";"NON";"NON";"34078";"";"";"";"2021-10-06";"52274";""
"34079";"3131";"PLU";"COM";"2008-10-01 22:00:00+00:00";"2004-07-05 22:00:00+00:00";"33";"34";"76";"2021";"NON";"NON";"34079";"";"";"";"2021-10-06";"123604";""
"34080";"3199";"PLU";"COM";"2017-03-28 22:00:00+00:00";"2014-06-16 22:00:00+00:00";"39";"34";"76";"2021";"NON";"NON";"34080";"";"";"";"2021-10-06";"131598";""
"34081";"3131";"PLU";"COM";"2013-03-10 23:00:00+00:00";"2009-05-11 22:00:00+00:00";"33";"34";"76";"2021";"NON";"NON";"34081";"";"";"";"2021-10-06";"62140";""
"34084";"3199";"PLU";"COM";"2019-12-09 23:00:00+00:00";"2005-11-13 23:00:00+00:00";"39";"34";"76";"2021";"NON";"NON";"34084";"";"";"";"2021-10-06";"63885";""
"34085";"1199";"CC";"COM";"2016-07-17 22:00:00+00:00";"2013-06-17 22:00:00+00:00";"19";"34";"76";"2021";"NON";"NON";"34085";"";"";"";"2021-10-06";"122942";""
"34086";"3199";"PLU";"COM";"2013-06-30 22:00:00+00:00";"2003-10-26 23:00:00+00:00";"39";"34";"76";"2021";"NON";"NON";"34086";"";"";"";"2021-10-06";"62145";""
"34087";"3432";"PLU";"MET";"2003-12-07 23:00:00+00:00";"2001-05-29 22:00:00+00:00";"33";"34";"76";"2021";"NON";"NON";"243400017";"";"";"";"2021-10-06";"52275";""
"34088";"3432";"PLU";"MET";"2013-05-01 22:00:00+00:00";"2002-11-27 23:00:00+00:00";"33";"34";"76";"2021";"NON";"NON";"243400017";"";"";"";"2021-10-06";"64449";""
"34089";"3432";"PLU";"CC";"2019-02-12 23:00:00+00:00";"2010-10-28 22:00:00+00:00";"33";"34";"76";"2021";"NON";"NON";"200042653";"";"";"";"2021-10-06";"62146";""
"34090";"3432";"PLU";"MET";"2010-06-08 22:00:00+00:00";"2002-01-13 23:00:00+00:00";"33";"34";"76";"2021";"NON";"NON";"243400017";"";"";"";"2021-10-06";"52268";""
"34092";"3432";"PLU";"CC";"2019-02-12 23:00:00+00:00";"2014-06-19 22:00:00+00:00";"33";"34";"76";"2021";"NON";"NON";"200042653";"";"";"";"2021-10-06";"131632";""
"34094";"3199";"PLU";"COM";"2013-12-17 23:00:00+00:00";"2013-01-22 23:00:00+00:00";"39";"34";"76";"2021";"NON";"NON";"34094";"";"";"";"2021-10-06";"119676";""
"34095";"3432";"PLU";"MET";"2019-11-17 23:00:00+00:00";"2006-09-25 22:00:00+00:00";"33";"34";"76";"2021";"NON";"NON";"243400017";"";"";"";"2021-10-06";"62160";""
"34096";"3432";"PLU";"CC";"2011-06-22 22:00:00+00:00";"2005-02-14 23:00:00+00:00";"33";"34";"76";"2021";"NON";"NON";"200071058";"";"";"";"2021-10-06";"62147";""
"34097";"1199";"CC";"COM";"2010-02-24 23:00:00+00:00";"2001-10-14 22:00:00+00:00";"19";"34";"76";"2021";"NON";"NON";"34097";"";"";"";"2021-10-06";"69285";""
"34099";"1111";"CC";"COM";"2005-03-05 23:00:00+00:00";"2001-11-29 23:00:00+00:00";"11";"34";"76";"2021";"NON";"NON";"34099";"";"";"";"2021-10-06";"69286";""
"34101";"3199";"PLU";"COM";"2017-09-19 22:00:00+00:00";"2013-07-30 22:00:00+00:00";"39";"34";"76";"2021";"NON";"NON";"34101";"";"";"";"2021-10-06";"62162";""
"34102";"3199";"PLU";"COM";"2019-12-17 23:00:00+00:00";"2016-12-07 23:00:00+00:00";"39";"34";"76";"2021";"NON";"NON";"34102";"";"";"";"2021-10-06";"153961";""
"34105";"3432";"PLU";"CC";"2014-11-19 23:00:00+00:00";"2008-02-20 23:00:00+00:00";"33";"34";"76";"2021";"NON";"NON";"200071058";"";"";"";"2021-10-06";"52281";""
"34107";"3434";"PLU";"CC";"2007-08-05 22:00:00+00:00";"2001-12-12 23:00:00+00:00";"33";"34";"76";"2021";"NON";"NON";"200066553";"";"";"";"2021-10-06";"52284";""
"34108";"3199";"PLU";"COM";"2011-07-06 22:00:00+00:00";"2005-06-13 22:00:00+00:00";"39";"34";"76";"2021";"NON";"NON";"34108";"";"";"";"2021-10-06";"348";""
"34109";"3432";"PLU";"CC";"2008-12-08 23:00:00+00:00";"2004-11-07 23:00:00+00:00";"33";"34";"76";"2021";"NON";"NON";"200071058";"";"";"";"2021-10-06";"52285";""
"34111";"3199";"PLU";"COM";"2013-06-26 22:00:00+00:00";"2005-06-19 22:00:00+00:00";"39";"34";"76";"2021";"NON";"NON";"34111";"";"";"";"2021-10-06";"62150";""
"34113";"3199";"PLU";"COM";"2017-12-20 23:00:00+00:00";"2007-11-15 23:00:00+00:00";"39";"34";"76";"2021";"NON";"NON";"34113";"";"";"";"2021-10-06";"62151";""
"34114";"3131";"PLU";"COM";"2012-09-26 22:00:00+00:00";"2001-12-05 23:00:00+00:00";"33";"34";"76";"2021";"NON";"NON";"34114";"";"";"";"2021-10-06";"62152";""
"34115";"3199";"PLU";"COM";"2017-08-30 22:00:00+00:00";"2012-04-11 22:00:00+00:00";"39";"34";"76";"2021";"NON";"NON";"34115";"";"";"";"2021-10-06";"110107";""
"34116";"3432";"PLU";"MET";"2013-10-06 22:00:00+00:00";"2011-07-17 22:00:00+00:00";"33";"34";"76";"2021";"NON";"NON";"243400017";"";"";"";"2021-10-06";"87054";""
"34119";"3432";"PLU";"CC";"2017-09-19 22:00:00+00:00";"2002-04-02 22:00:00+00:00";"33";"34";"76";"2021";"NON";"NON";"200042646";"";"";"";"2021-10-06";"62153";""
"34120";"3432";"PLU";"MET";"2006-12-17 23:00:00+00:00";"2003-02-16 23:00:00+00:00";"33";"34";"76";"2021";"NON";"NON";"243400017";"";"";"";"2021-10-06";"17185";""
"34122";"3199";"PLU";"COM";"2011-06-28 22:00:00+00:00";"2009-02-01 23:00:00+00:00";"39";"34";"76";"2021";"NON";"NON";"34122";"";"";"";"2021-10-06";"62165";""
"34123";"3432";"PLU";"MET";"2012-07-10 22:00:00+00:00";"2008-11-17 23:00:00+00:00";"33";"34";"76";"2021";"NON";"NON";"243400017";"";"";"";"2021-10-06";"62166";""
"34124";"3199";"PLU";"COM";"2019-11-12 23:00:00+00:00";"2014-12-17 23:00:00+00:00";"39";"34";"76";"2021";"NON";"NON";"34124";"";"";"";"2021-10-06";"135188";""
"34126";"3432";"PLU";"CC";"2017-03-06 23:00:00+00:00";"2003-04-06 22:00:00+00:00";"33";"34";"76";"2021";"NON";"NON";"200042646";"";"";"";"2021-10-06";"62154";""
"34127";"3199";"PLU";"COM";"2016-12-05 23:00:00+00:00";"2010-07-25 22:00:00+00:00";"39";"34";"76";"2021";"NON";"NON";"34127";"";"";"";"2021-10-06";"63886";""
"34129";"3432";"PLU";"MET";"2009-03-11 23:00:00+00:00";"2001-06-17 22:00:00+00:00";"33";"34";"76";"2021";"NON";"NON";"243400017";"";"";"";"2021-10-06";"343";""
"34130";"3432";"PLU";"CC";"2007-06-21 22:00:00+00:00";"2001-07-05 22:00:00+00:00";"33";"34";"76";"2021";"NON";"NON";"200071058";"";"";"";"2021-10-06";"52287";""
"34131";"3199";"PLU";"COM";"2015-12-13 23:00:00+00:00";"2006-12-11 23:00:00+00:00";"39";"34";"76";"2021";"NON";"NON";"34131";"";"";"";"2021-10-06";"62156";""
"34134";"3432";"PLU";"MET";"2011-04-17 22:00:00+00:00";"2009-12-17 23:00:00+00:00";"33";"34";"76";"2021";"NON";"NON";"243400017";"";"";"";"2021-10-06";"62148";""
"34135";"3199";"PLU";"COM";"2017-07-02 22:00:00+00:00";"2011-11-16 23:00:00+00:00";"39";"34";"76";"2021";"NON";"NON";"34135";"";"";"";"2021-10-06";"63887";""
"34136";"3199";"PLU";"COM";"2017-01-15 23:00:00+00:00";"2015-04-07 22:00:00+00:00";"39";"34";"76";"2021";"NON";"NON";"34136";"";"";"";"2021-10-06";"138457";""
"34138";"3199";"PLU";"COM";"2017-12-19 23:00:00+00:00";"2014-11-13 23:00:00+00:00";"39";"34";"76";"2021";"NON";"NON";"34138";"";"";"";"2021-10-06";"133660";""
"34139";"3199";"PLU";"COM";"2012-10-17 22:00:00+00:00";"2010-01-17 23:00:00+00:00";"39";"34";"76";"2021";"NON";"NON";"34139";"";"";"";"2021-10-06";"62157";""
"34140";"3199";"PLU";"COM";"2018-02-26 23:00:00+00:00";"2015-02-08 23:00:00+00:00";"39";"34";"76";"2021";"NON";"NON";"34140";"";"";"";"2021-10-06";"137105";""
"34141";"3199";"PLU";"COM";"2013-06-20 22:00:00+00:00";"2008-05-21 22:00:00+00:00";"39";"34";"76";"2021";"NON";"NON";"34141";"";"";"";"2021-10-06";"88824";""
"34143";"3199";"PLU";"COM";"2017-11-08 23:00:00+00:00";"2014-05-13 22:00:00+00:00";"39";"34";"76";"2021";"NON";"NON";"34143";"";"";"";"2021-10-06";"130970";""
"34144";"3432";"PLU";"CC";"2012-06-27 22:00:00+00:00";"2005-11-06 23:00:00+00:00";"33";"34";"76";"2021";"NON";"NON";"200042646";"";"";"";"2021-10-06";"49524";""
"34145";"3199";"PLU";"COM";"2007-03-27 22:00:00+00:00";"2002-05-14 22:00:00+00:00";"39";"34";"76";"2021";"NON";"NON";"34145";"";"";"";"2021-10-06";"342";""
"34146";"3199";"PLU";"COM";"2012-07-01 22:00:00+00:00";"2008-06-26 22:00:00+00:00";"39";"34";"76";"2021";"NON";"NON";"34146";"";"";"";"2021-10-06";"62158";""
"34147";"3432";"PLU";"CC";"2019-02-17 23:00:00+00:00";"2009-12-06 23:00:00+00:00";"33";"34";"76";"2021";"NON";"NON";"200071058";"";"";"";"2021-10-06";"64450";""
"34148";"3131";"PLU";"COM";"2013-12-02 23:00:00+00:00";"2008-07-07 22:00:00+00:00";"33";"34";"76";"2021";"NON";"NON";"34148";"";"";"";"2021-10-06";"62159";""
"34149";"3432";"PLU";"CC";"2014-08-28 22:00:00+00:00";"2009-12-14 23:00:00+00:00";"33";"34";"76";"2021";"NON";"NON";"200071058";"";"";"";"2021-10-06";"65173";""
"34150";"3199";"PLU";"COM";"2017-07-03 22:00:00+00:00";"2007-05-29 22:00:00+00:00";"39";"34";"76";"2021";"NON";"NON";"34150";"";"";"";"2021-10-06";"62161";""
"34153";"3199";"PLU";"COM";"2006-11-23 23:00:00+00:00";"2002-06-16 22:00:00+00:00";"39";"34";"76";"2021";"NON";"NON";"34153";"";"";"";"2021-10-06";"19168";""
"34154";"3131";"PLU";"COM";"2006-07-16 22:00:00+00:00";"2002-04-28 22:00:00+00:00";"33";"34";"76";"2021";"NON";"NON";"34154";"";"";"";"2021-10-06";"353";""
"34155";"3199";"PLU";"COM";"2011-06-29 22:00:00+00:00";"2007-10-15 22:00:00+00:00";"39";"34";"76";"2021";"NON";"NON";"34155";"";"";"";"2021-10-06";"64452";""
"34157";"3131";"PLU";"COM";"2017-03-21 23:00:00+00:00";"2009-03-26 23:00:00+00:00";"33";"34";"76";"2021";"NON";"NON";"34157";"";"";"";"2021-10-06";"62164";""
"34158";"1199";"CC";"COM";"2016-09-12 22:00:00+00:00";"2008-11-13 23:00:00+00:00";"19";"34";"76";"2021";"NON";"NON";"34158";"";"";"";"2021-10-06";"124370";""
"34159";"3199";"PLU";"COM";"2017-03-21 23:00:00+00:00";"2014-07-09 22:00:00+00:00";"39";"34";"76";"2021";"NON";"NON";"34159";"";"";"";"2021-10-06";"130962";""
"34161";"3131";"PLU";"COM";"2007-03-11 23:00:00+00:00";"2002-06-16 22:00:00+00:00";"33";"34";"76";"2021";"NON";"NON";"34161";"";"";"";"2021-10-06";"58558";""
"34162";"3199";"PLU";"COM";"2007-05-10 22:00:00+00:00";"2002-07-17 22:00:00+00:00";"39";"34";"76";"2021";"NON";"NON";"34162";"";"";"";"2021-10-06";"17186";""
"34163";"3131";"PLU";"COM";"2008-07-08 22:00:00+00:00";"2002-02-26 23:00:00+00:00";"33";"34";"76";"2021";"NON";"NON";"34163";"";"";"";"2021-10-06";"52301";""
"34164";"3432";"PLU";"MET";"2019-11-17 23:00:00+00:00";"2009-06-22 22:00:00+00:00";"33";"34";"76";"2021";"NON";"NON";"243400017";"";"";"";"2021-10-06";"133430";""
"34165";"3131";"PLU";"COM";"2019-10-01 22:00:00+00:00";"2010-12-12 23:00:00+00:00";"33";"34";"76";"2021";"NON";"NON";"34165";"";"";"";"2021-10-06";"62169";""
"34166";"3199";"PLU";"COM";"2007-10-02 22:00:00+00:00";"2002-06-30 22:00:00+00:00";"39";"34";"76";"2021";"NON";"NON";"34166";"";"";"";"2021-10-06";"52292";""
"34167";"3432";"PLU";"CC";"2013-08-04 22:00:00+00:00";"2008-04-21 22:00:00+00:00";"33";"34";"76";"2021";"NON";"NON";"200042653";"";"";"";"2021-10-06";"49525";""
"34169";"3432";"PLU";"MET";"2007-01-24 23:00:00+00:00";"2003-02-27 23:00:00+00:00";"33";"34";"76";"2021";"NON";"NON";"243400017";"";"";"";"2021-10-06";"52302";""
"34170";"1432";"CC";"CC";"2008-06-22 22:00:00+00:00";"2002-03-18 23:00:00+00:00";"13";"34";"76";"2021";"NON";"NON";"200042653";"";"";"";"2021-10-06";"69287";""
"34171";"3199";"PLU";"COM";"2004-02-05 23:00:00+00:00";"2001-05-10 22:00:00+00:00";"39";"34";"76";"2021";"NON";"NON";"34171";"";"";"";"2021-10-06";"52293";""
"34172";"3432";"PLU";"MET";"2006-03-01 23:00:00+00:00";"2004-03-30 22:00:00+00:00";"33";"34";"76";"2021";"NON";"NON";"243400017";"";"";"";"2021-10-06";"325";""
"34173";"3199";"PLU";"COM";"2019-06-17 22:00:00+00:00";"2010-06-09 22:00:00+00:00";"39";"34";"76";"2021";"NON";"NON";"34173";"";"";"";"2021-10-06";"62177";""
"34177";"3131";"PLU";"COM";"2007-11-14 23:00:00+00:00";"1996-03-07 23:00:00+00:00";"33";"34";"76";"2021";"NON";"NON";"34177";"";"";"";"2021-10-06";"52306";""
"34178";"3432";"PLU";"CC";"2007-12-16 23:00:00+00:00";"2001-06-20 22:00:00+00:00";"33";"34";"76";"2021";"NON";"NON";"200071058";"";"";"";"2021-10-06";"52296";""
"34179";"3432";"PLU";"MET";"2008-02-11 23:00:00+00:00";"2002-02-04 23:00:00+00:00";"33";"34";"76";"2021";"NON";"NON";"243400017";"";"";"";"2021-10-06";"52297";""
"34180";"3131";"PLU";"COM";"2004-06-22 22:00:00+00:00";"2001-05-01 22:00:00+00:00";"33";"34";"76";"2021";"NON";"NON";"34180";"";"";"";"2021-10-06";"124456";""
"34182";"3199";"PLU";"COM";"2018-03-07 23:00:00+00:00";"2013-03-19 23:00:00+00:00";"39";"34";"76";"2021";"NON";"NON";"34182";"";"";"";"2021-10-06";"111813";""
"34183";"3199";"PLU";"COM";"2012-05-09 22:00:00+00:00";"2008-07-17 22:00:00+00:00";"39";"34";"76";"2021";"NON";"NON";"34183";"";"";"";"2021-10-06";"62178";""
"34184";"3131";"PLU";"COM";"2013-06-23 22:00:00+00:00";"2010-01-31 23:00:00+00:00";"33";"34";"76";"2021";"NON";"NON";"34184";"";"";"";"2021-10-06";"111812";""
"34185";"3199";"PLU";"COM";"2013-06-21 22:00:00+00:00";"2006-11-26 23:00:00+00:00";"39";"34";"76";"2021";"NON";"NON";"34185";"";"";"";"2021-10-06";"62170";""
"34186";"3199";"PLU";"COM";"2019-03-03 23:00:00+00:00";"2014-10-26 23:00:00+00:00";"39";"34";"76";"2021";"NON";"NON";"34186";"";"";"";"2021-10-06";"135570";""
"34188";"3432";"PLU";"CC";"2013-06-18 22:00:00+00:00";"2009-06-02 22:00:00+00:00";"33";"34";"76";"2021";"NON";"NON";"34188";"";"";"";"2021-10-06";"15523";""
"34189";"3131";"PLU";"COM";"2009-12-22 23:00:00+00:00";"2005-04-25 22:00:00+00:00";"33";"34";"76";"2021";"NON";"NON";"34189";"";"";"";"2021-10-06";"52315";""
"34190";"3199";"PLU";"COM";"2013-07-11 22:00:00+00:00";"2012-01-26 23:00:00+00:00";"39";"34";"76";"2021";"NON";"NON";"34190";"";"";"";"2021-10-06";"154341";""
"34191";"3432";"PLU";"CC";"2014-02-26 23:00:00+00:00";"2010-11-14 23:00:00+00:00";"33";"34";"76";"2021";"NON";"NON";"200071058";"";"";"";"2021-10-06";"62180";""
"34192";"3199";"PLU";"COM";"2018-02-17 23:00:00+00:00";"2003-07-16 22:00:00+00:00";"39";"34";"76";"2021";"NON";"NON";"34192";"";"";"";"2021-10-06";"62181";""
"34194";"3131";"PLU";"COM";"2008-02-17 23:00:00+00:00";"2002-06-17 22:00:00+00:00";"33";"34";"76";"2021";"NON";"NON";"34194";"";"";"";"2021-10-06";"52303";""
"34197";"3199";"PLU";"COM";"2019-11-20 23:00:00+00:00";"2012-03-22 23:00:00+00:00";"39";"34";"76";"2021";"NON";"NON";"34197";"";"";"";"2021-10-06";"108305";""
"34198";"3432";"PLU";"MET";"2007-01-22 23:00:00+00:00";"2003-06-25 22:00:00+00:00";"33";"34";"76";"2021";"NON";"NON";"243400017";"";"";"";"2021-10-06";"52308";""
"34199";"3199";"PLU";"COM";"2021-05-17 22:00:00+00:00";"2016-11-08 23:00:00+00:00";"39";"34";"76";"2021";"NON";"NON";"34199";"";"";"";"2021-10-06";"153364";""
"34201";"3432";"PLU";"CC";"2019-02-12 23:00:00+00:00";"2002-03-17 23:00:00+00:00";"33";"34";"76";"2021";"NON";"NON";"200042653";"";"";"";"2021-10-06";"27735";""
"34202";"3432";"PLU";"MET";"2006-04-04 22:00:00+00:00";"2001-09-10 22:00:00+00:00";"33";"34";"76";"2021";"NON";"NON";"243400017";"";"";"";"2021-10-06";"52311";""
"34203";"3199";"PLU";"COM";"2013-04-24 22:00:00+00:00";"2006-05-02 22:00:00+00:00";"39";"34";"76";"2021";"NON";"NON";"34203";"";"";"";"2021-10-06";"17671";""
"34204";"3199";"PLU";"COM";"2014-02-05 23:00:00+00:00";"2004-07-12 22:00:00+00:00";"39";"34";"76";"2021";"NON";"NON";"34204";"";"";"";"2021-10-06";"62172";""
"34206";"3432";"PLU";"CC";"2019-02-12 23:00:00+00:00";"2014-05-20 22:00:00+00:00";"33";"34";"76";"2021";"NON";"NON";"200042653";"";"";"";"2021-10-06";"64453";""
"34207";"3199";"PLU";"COM";"2017-01-30 23:00:00+00:00";"2008-11-19 23:00:00+00:00";"39";"34";"76";"2021";"NON";"NON";"34207";"";"";"";"2021-10-06";"64454";""
"34209";"3131";"PLU";"COM";"2009-10-22 22:00:00+00:00";"2002-07-01 22:00:00+00:00";"33";"34";"76";"2021";"NON";"NON";"34209";"";"";"";"2021-10-06";"52312";""
"34210";"3199";"PLU";"COM";"2008-02-18 23:00:00+00:00";"2003-12-01 23:00:00+00:00";"39";"34";"76";"2021";"NON";"NON";"34210";"";"";"";"2021-10-06";"52310";""
"34213";"3199";"PLU";"COM";"2017-12-10 23:00:00+00:00";"2013-03-24 23:00:00+00:00";"39";"34";"76";"2021";"NON";"NON";"34213";"";"";"";"2021-10-06";"62174";""
"34214";"3432";"PLU";"CC";"2008-06-12 22:00:00+00:00";"2002-04-08 22:00:00+00:00";"33";"34";"76";"2021";"NON";"NON";"200071058";"";"";"";"2021-10-06";"57206";""
"34215";"3199";"PLU";"COM";"2019-09-23 22:00:00+00:00";"2010-09-23 22:00:00+00:00";"39";"34";"76";"2021";"NON";"NON";"34215";"";"";"";"2021-10-06";"64456";""
"34216";"1432";"CC";"CC";"2008-02-06 23:00:00+00:00";"2002-04-14 22:00:00+00:00";"13";"34";"76";"2021";"NON";"NON";"200042646";"";"";"";"2021-10-06";"69288";""
"34217";"3432";"PLU";"MET";"2012-08-26 22:00:00+00:00";"2008-10-15 22:00:00+00:00";"33";"34";"76";"2021";"NON";"NON";"243400017";"";"";"";"2021-10-06";"62175";""
"34221";"3199";"PLU";"COM";"2020-10-06 22:00:00+00:00";"2016-05-25 22:00:00+00:00";"39";"34";"76";"2021";"NON";"NON";"34221";"";"";"";"2021-10-06";"154763";""
"34222";"3199";"PLU";"COM";"2011-02-20 23:00:00+00:00";"2008-04-01 22:00:00+00:00";"39";"34";"76";"2021";"NON";"NON";"34222";"";"";"";"2021-10-06";"50254";""
"34225";"3432";"PLU";"CC";"2013-02-04 23:00:00+00:00";"2006-03-19 23:00:00+00:00";"33";"34";"76";"2021";"NON";"NON";"200042653";"";"";"";"2021-10-06";"64458";""
"34226";"3432";"PLU";"CC";"2013-06-23 22:00:00+00:00";"2008-07-15 22:00:00+00:00";"33";"34";"76";"2021";"NON";"NON";"200042653";"";"";"";"2021-10-06";"62183";""
"34227";"3432";"PLU";"MET";"2011-06-29 22:00:00+00:00";"2002-10-14 22:00:00+00:00";"33";"34";"76";"2021";"NON";"NON";"243400017";"";"";"";"2021-10-06";"62193";""
"34230";"1432";"CC";"CC";"2005-03-09 23:00:00+00:00";"2002-02-28 23:00:00+00:00";"13";"34";"76";"2021";"NON";"NON";"34230";"";"";"";"2021-10-06";"69289";""
"34234";"1432";"CC";"CC";"2009-04-27 22:00:00+00:00";"2002-03-18 23:00:00+00:00";"13";"34";"76";"2021";"NON";"NON";"200071058";"";"";"";"2021-10-06";"69300";""
"34237";"3432";"PLU";"CC";"2008-04-14 22:00:00+00:00";"1997-09-01 22:00:00+00:00";"33";"34";"76";"2021";"NON";"NON";"200071058";"";"";"";"2021-10-06";"52316";""
"34238";"1199";"CC";"COM";"2010-04-05 22:00:00+00:00";"2002-04-11 22:00:00+00:00";"19";"34";"76";"2021";"NON";"NON";"34238";"";"";"";"2021-10-06";"69301";""
"34239";"3199";"PLU";"COM";"2020-07-14 22:00:00+00:00";"2010-06-28 22:00:00+00:00";"39";"34";"76";"2021";"NON";"NON";"34239";"";"";"";"2021-10-06";"62185";""
"34240";"3131";"PLU";"COM";"2007-12-12 23:00:00+00:00";"2003-01-22 23:00:00+00:00";"33";"34";"76";"2021";"NON";"NON";"34240";"";"";"";"2021-10-06";"52317";""
"34241";"3199";"PLU";"COM";"2017-02-15 23:00:00+00:00";"2011-02-21 23:00:00+00:00";"39";"34";"76";"2021";"NON";"NON";"34241";"";"";"";"2021-10-06";"123605";""
"34242";"3131";"PLU";"COM";"2013-05-15 22:00:00+00:00";"2005-06-29 22:00:00+00:00";"33";"34";"76";"2021";"NON";"NON";"34242";"";"";"";"2021-10-06";"62187";""
"34244";"3432";"PLU";"MET";"2012-09-26 22:00:00+00:00";"2006-11-21 23:00:00+00:00";"33";"34";"76";"2021";"NON";"NON";"243400017";"";"";"";"2021-10-06";"62188";""
"34245";"3432";"PLU";"CC";"2019-02-12 23:00:00+00:00";"2014-06-19 22:00:00+00:00";"33";"34";"76";"2021";"NON";"NON";"200042653";"";"";"";"2021-10-06";"130643";""
"34246";"3131";"PLU";"COM";"2013-03-24 23:00:00+00:00";"2006-09-17 22:00:00+00:00";"33";"34";"76";"2021";"NON";"NON";"34246";"";"";"";"2021-10-06";"63889";""
"34248";"3199";"PLU";"COM";"2018-07-25 22:00:00+00:00";"2015-04-29 22:00:00+00:00";"39";"34";"76";"2021";"NON";"NON";"34248";"";"";"";"2021-10-06";"138636";""
"34249";"3432";"PLU";"MET";"2012-05-20 22:00:00+00:00";"2007-11-28 23:00:00+00:00";"33";"34";"76";"2021";"NON";"NON";"243400017";"";"";"";"2021-10-06";"62190";""
"34253";"3432";"PLU";"CC";"2020-09-16 22:00:00+00:00";"2011-04-08 22:00:00+00:00";"33";"34";"76";"2021";"NON";"NON";"34253";"";"";"";"2021-10-06";"87032";""
"34255";"3199";"PLU";"COM";"2017-03-20 23:00:00+00:00";"2008-12-04 23:00:00+00:00";"39";"34";"76";"2021";"NON";"NON";"34255";"";"";"";"2021-10-06";"63891";""
"34256";"3432";"PLU";"MET";"2013-12-22 23:00:00+00:00";"2011-12-14 23:00:00+00:00";"33";"34";"76";"2021";"NON";"NON";"243400017";"";"";"";"2021-10-06";"105476";""
"34258";"3432";"PLU";"CC";"2018-12-16 23:00:00+00:00";"2014-12-15 23:00:00+00:00";"33";"34";"76";"2021";"NON";"NON";"200071058";"";"";"";"2021-10-06";"135928";""
"34259";"3432";"PLU";"MET";"2007-12-02 23:00:00+00:00";"2003-01-26 23:00:00+00:00";"33";"34";"76";"2021";"NON";"NON";"243400017";"";"";"";"2021-10-06";"58581";""
"34260";"3432";"PLU";"CC";"2020-07-29 22:00:00+00:00";"2014-10-09 22:00:00+00:00";"33";"34";"76";"2021";"NON";"NON";"200042646";"";"";"";"2021-10-06";"132886";""
"34264";"1199";"CC";"COM";"2012-03-04 23:00:00+00:00";"2007-06-14 22:00:00+00:00";"19";"34";"76";"2021";"NON";"NON";"34264";"";"";"";"2021-10-06";"67396";""
"34265";"3199";"PLU";"COM";"2014-03-17 23:00:00+00:00";"2010-12-19 23:00:00+00:00";"39";"34";"76";"2021";"NON";"NON";"34265";"";"";"";"2021-10-06";"63893";""
"34267";"3131";"PLU";"COM";"2013-07-31 22:00:00+00:00";"2011-02-23 23:00:00+00:00";"33";"34";"76";"2021";"NON";"NON";"34267";"";"";"";"2021-10-06";"52325";""
"34268";"3432";"PLU";"CC";"2008-02-27 23:00:00+00:00";"2005-01-27 23:00:00+00:00";"33";"34";"76";"2021";"NON";"NON";"34268";"";"";"";"2021-10-06";"52326";""
"34269";"1199";"CC";"COM";"2015-01-27 23:00:00+00:00";"2010-05-10 22:00:00+00:00";"19";"34";"76";"2021";"NON";"NON";"34269";"";"";"";"2021-10-06";"66913";""
"34270";"3432";"PLU";"MET";"2008-01-20 23:00:00+00:00";"2003-04-23 22:00:00+00:00";"33";"34";"76";"2021";"NON";"NON";"243400017";"";"";"";"2021-10-06";"58576";""
"34271";"1199";"CC";"COM";"2018-06-28 22:00:00+00:00";"2016-04-25 22:00:00+00:00";"19";"34";"76";"2021";"NON";"NON";"34271";"";"";"";"2021-10-06";"148727";""
"34273";"3199";"PLU";"COM";"2013-01-18 23:00:00+00:00";"2006-02-03 23:00:00+00:00";"39";"34";"76";"2021";"NON";"NON";"34273";"";"";"";"2021-10-06";"49528";""
"34276";"3131";"PLU";"COM";"2007-11-07 23:00:00+00:00";"2004-06-16 22:00:00+00:00";"33";"34";"76";"2021";"NON";"NON";"34276";"";"";"";"2021-10-06";"52327";""
"34279";"1432";"CC";"CC";"2007-11-21 23:00:00+00:00";"2001-12-10 23:00:00+00:00";"13";"34";"76";"2021";"NON";"NON";"200071058";"";"";"";"2021-10-06";"69302";""
"34282";"3199";"PLU";"COM";"2020-10-13 22:00:00+00:00";"2015-02-23 23:00:00+00:00";"39";"34";"76";"2021";"NON";"NON";"34282";"";"";"";"2021-10-06";"137797";""
"34285";"3199";"PLU";"COM";"2007-12-16 23:00:00+00:00";"2001-04-12 22:00:00+00:00";"39";"34";"76";"2021";"NON";"NON";"34285";"";"";"";"2021-10-06";"52330";""
"34289";"3131";"PLU";"COM";"2007-03-21 23:00:00+00:00";"2002-07-17 22:00:00+00:00";"33";"34";"76";"2021";"NON";"NON";"34289";"";"";"";"2021-10-06";"52320";""
"34290";"3199";"PLU";"COM";"2017-02-19 23:00:00+00:00";"2014-10-05 22:00:00+00:00";"39";"34";"76";"2021";"NON";"NON";"34290";"";"";"";"2021-10-06";"132489";""
"34292";"1131";"CC";"COM";"2009-02-03 23:00:00+00:00";"2002-01-24 23:00:00+00:00";"13";"34";"76";"2021";"NON";"NON";"34292";"";"";"";"2021-10-06";"67397";""
"34293";"3434";"PLU";"CC";"2005-06-14 22:00:00+00:00";"2001-12-12 23:00:00+00:00";"33";"34";"76";"2021";"NON";"NON";"200066553";"";"";"";"2021-10-06";"52335";""
"34294";"3199";"PLU";"COM";"2010-01-24 23:00:00+00:00";"2003-03-30 22:00:00+00:00";"39";"34";"76";"2021";"NON";"NON";"34294";"";"";"";"2021-10-06";"62195";""
"34295";"3432";"PLU";"MET";"2011-11-07 23:00:00+00:00";"2001-09-05 22:00:00+00:00";"33";"34";"76";"2021";"NON";"NON";"243400017";"";"";"";"2021-10-06";"62196";""
"34296";"3199";"PLU";"COM";"2017-12-03 23:00:00+00:00";"2015-03-24 23:00:00+00:00";"39";"34";"76";"2021";"NON";"NON";"34296";"";"";"";"2021-10-06";"105903";""
"34298";"3199";"PLU";"COM";"2019-12-17 23:00:00+00:00";"2016-03-14 23:00:00+00:00";"39";"34";"76";"2021";"NON";"NON";"34298";"";"";"";"2021-10-06";"147367";""
"34299";"3131";"PLU";"COM";"2012-09-23 22:00:00+00:00";"2007-11-12 23:00:00+00:00";"33";"34";"76";"2021";"NON";"NON";"34299";"";"";"";"2021-10-06";"62198";""
"34300";"3199";"PLU";"COM";"2021-07-28 22:00:00+00:00";"2015-10-25 23:00:00+00:00";"39";"34";"76";"2021";"NON";"NON";"34300";"";"";"";"2021-10-06";"142066";""
"34301";"3199";"PLU";"COM";"2014-02-09 23:00:00+00:00";"2002-07-17 22:00:00+00:00";"39";"34";"76";"2021";"NON";"NON";"34301";"";"";"";"2021-10-06";"336";""
"34302";"3131";"PLU";"COM";"2006-11-02 23:00:00+00:00";"2002-02-10 23:00:00+00:00";"33";"34";"76";"2021";"NON";"NON";"34302";"";"";"";"2021-10-06";"58589";""
"34303";"1432";"CC";"CC";"2009-12-23 23:00:00+00:00";"2004-06-10 22:00:00+00:00";"13";"34";"76";"2021";"NON";"NON";"34303";"";"";"";"2021-10-06";"69303";""
"34304";"3432";"PLU";"CC";"2016-12-14 23:00:00+00:00";"2002-11-04 23:00:00+00:00";"33";"34";"76";"2021";"NON";"NON";"34304";"";"";"";"2021-10-06";"62199";""
"34307";"3432";"PLU";"MET";"2013-06-23 22:00:00+00:00";"2002-10-14 22:00:00+00:00";"33";"34";"76";"2021";"NON";"NON";"243400017";"";"";"";"2021-10-06";"62201";""
"34308";"3432";"PLU";"CC";"2013-07-09 22:00:00+00:00";"2008-07-29 22:00:00+00:00";"33";"34";"76";"2021";"NON";"NON";"200042646";"";"";"";"2021-10-06";"50257";""
"34309";"3199";"PLU";"COM";"2010-07-25 22:00:00+00:00";"2008-04-08 22:00:00+00:00";"39";"34";"76";"2021";"NON";"NON";"34309";"";"";"";"2021-10-06";"62203";""
"34310";"3432";"PLU";"CC";"2020-11-15 23:00:00+00:00";"2014-04-13 22:00:00+00:00";"33";"34";"76";"2021";"NON";"NON";"200071058";"";"";"";"2021-10-06";"130248";""
"34313";"3131";"PLU";"COM";"2009-01-04 23:00:00+00:00";"2002-09-29 22:00:00+00:00";"33";"34";"76";"2021";"NON";"NON";"34313";"";"";"";"2021-10-06";"52337";""
"34314";"3199";"PLU";"COM";"2017-12-13 23:00:00+00:00";"2014-07-02 22:00:00+00:00";"39";"34";"76";"2021";"NON";"NON";"34314";"";"";"";"2021-10-06";"131295";""
"34315";"3199";"PLU";"COM";"2019-12-18 23:00:00+00:00";"2014-10-23 22:00:00+00:00";"39";"34";"76";"2021";"NON";"NON";"34315";"";"";"";"2021-10-06";"133228";""
"34316";"3432";"PLU";"CC";"2020-09-16 22:00:00+00:00";"2015-02-26 23:00:00+00:00";"33";"34";"76";"2021";"NON";"NON";"34316";"";"";"";"2021-10-06";"138040";""
"34319";"1432";"CC";"CC";"2007-02-21 23:00:00+00:00";"2002-09-18 22:00:00+00:00";"13";"34";"76";"2021";"NON";"NON";"200071058";"";"";"";"2021-10-06";"15538";""
"34320";"3199";"PLU";"COM";"2017-04-12 22:00:00+00:00";"2010-04-05 22:00:00+00:00";"39";"34";"76";"2021";"NON";"NON";"34320";"";"";"";"2021-10-06";"62202";""
"34321";"3199";"PLU";"COM";"2019-07-02 22:00:00+00:00";"2008-05-22 22:00:00+00:00";"39";"34";"76";"2021";"NON";"NON";"34321";"";"";"";"2021-10-06";"62206";""
"34322";"3199";"PLU";"COM";"2020-01-28 23:00:00+00:00";"2015-12-08 23:00:00+00:00";"39";"34";"76";"2021";"NON";"NON";"34322";"";"";"";"2021-10-06";"144246";""
"34325";"3199";"PLU";"COM";"2018-11-05 23:00:00+00:00";"2012-11-19 23:00:00+00:00";"39";"34";"76";"2021";"NON";"NON";"34325";"";"";"";"2021-10-06";"115535";""
"34327";"3432";"PLU";"MET";"2013-06-26 22:00:00+00:00";"2009-09-22 22:00:00+00:00";"33";"34";"76";"2021";"NON";"NON";"243400017";"";"";"";"2021-10-06";"62207";""
"34328";"3199";"PLU";"COM";"2020-03-01 23:00:00+00:00";"2015-07-07 22:00:00+00:00";"39";"34";"76";"2021";"NON";"NON";"34328";"";"";"";"2021-10-06";"144254";""
"34329";"3199";"PLU";"COM";"2020-03-05 23:00:00+00:00";"2015-12-16 23:00:00+00:00";"39";"34";"76";"2021";"NON";"NON";"34329";"";"";"";"2021-10-06";"143480";""
"34332";"3199";"PLU";"COM";"2017-07-23 22:00:00+00:00";"2010-03-21 23:00:00+00:00";"39";"34";"76";"2021";"NON";"NON";"34332";"";"";"";"2021-10-06";"132872";""
"34333";"3131";"PLU";"COM";"2017-02-19 23:00:00+00:00";"2003-09-03 22:00:00+00:00";"33";"34";"76";"2021";"NON";"NON";"34333";"";"";"";"2021-10-06";"62213";""
"34336";"3131";"PLU";"COM";"2007-08-22 22:00:00+00:00";"2003-04-22 22:00:00+00:00";"33";"34";"76";"2021";"NON";"NON";"34336";"";"";"";"2021-10-06";"52346";""
"34337";"3432";"PLU";"MET";"2013-03-28 23:00:00+00:00";"2009-09-21 22:00:00+00:00";"33";"34";"76";"2021";"NON";"NON";"243400017";"";"";"";"2021-10-06";"62209";""
"34339";"1432";"CC";"CC";"2005-02-21 23:00:00+00:00";"2002-02-25 23:00:00+00:00";"13";"34";"76";"2021";"NON";"NON";"200042653";"";"";"";"2021-10-06";"69306";""
"34341";"3199";"PLU";"COM";"2011-02-21 23:00:00+00:00";"2002-10-23 22:00:00+00:00";"39";"34";"76";"2021";"NON";"NON";"34341";"";"";"";"2021-10-06";"62210";""
"34344";"3199";"PLU";"COM";"2017-03-22 23:00:00+00:00";"2007-05-23 22:00:00+00:00";"39";"34";"76";"2021";"NON";"NON";"34344";"";"";"";"2021-10-06";"64459";""
"35001";"3299";"PLUi/PLUiS";"MET";"2019-12-18 23:00:00+00:00";"2015-07-08 22:00:00+00:00";"39";"35";"53";"2021";"NON";"OUI";"243500139";"";"";"";"2021-10-06";"143229";""
"35002";"3199";"PLU";"COM";"2021-06-23 22:00:00+00:00";"2017-05-16 22:00:00+00:00";"39";"35";"53";"2021";"NON";"NON";"35002";"";"";"";"2021-10-06";"160716";""
"35003";"3299";"PLUi/PLUiS";"CC";"2020-02-24 23:00:00+00:00";"2017-01-09 23:00:00+00:00";"39";"35";"53";"2021";"NON";"OUI";"243500667";"";"";"";"2021-10-06";"160731";""
"35004";"3432";"PLU";"CC";"2013-05-01 22:00:00+00:00";"2005-12-15 23:00:00+00:00";"33";"35";"53";"2021";"NON";"NON";"200070688";"";"";"";"2021-10-06";"49534";""
"35005";"1199";"CC";"COM";"2010-11-12 23:00:00+00:00";"2009-05-03 22:00:00+00:00";"19";"35";"53";"2021";"NON";"NON";"35005";"";"";"";"2021-10-06";"69291";""
"35006";"3131";"PLU";"COM";"2007-11-18 23:00:00+00:00";"2004-06-19 22:00:00+00:00";"33";"35";"53";"2021";"NON";"NON";"35006";"";"";"";"2021-10-06";"52334";""
"35007";"3299";"PLUi/PLUiS";"CC";"2020-02-24 23:00:00+00:00";"2017-01-09 23:00:00+00:00";"39";"35";"53";"2021";"NON";"OUI";"243500667";"";"";"";"2021-10-06";"160731";""
"35008";"3199";"PLU";"COM";"2006-07-02 22:00:00+00:00";"1998-11-08 23:00:00+00:00";"39";"35";"53";"2021";"NON";"NON";"35008";"";"";"";"2021-10-06";"57209";""
"35009";"3131";"PLU";"COM";"2007-09-06 22:00:00+00:00";"2002-12-02 23:00:00+00:00";"33";"35";"53";"2021";"NON";"NON";"35009";"";"";"";"2021-10-06";"52350";""
"35010";"3131";"PLU";"COM";"2005-07-17 22:00:00+00:00";"2001-09-17 22:00:00+00:00";"33";"35";"53";"2021";"NON";"NON";"35010";"";"";"";"2021-10-06";"52351";""
"35012";"3299";"PLUi/PLUiS";"CC";"2020-03-11 23:00:00+00:00";"2015-12-16 23:00:00+00:00";"39";"35";"53";"2021";"NON";"OUI";"200070662";"";"";"";"2021-10-06";"143246";""
"35013";"3131";"PLU";"COM";"2006-12-14 23:00:00+00:00";"1998-03-26 23:00:00+00:00";"33";"35";"53";"2021";"NON";"NON";"35013";"";"";"";"2021-10-06";"52353";""
"35014";"3199";"PLU";"COM";"2012-05-09 22:00:00+00:00";"2008-11-23 23:00:00+00:00";"39";"35";"53";"2021";"NON";"NON";"35014";"";"";"";"2021-10-06";"63895";""
"35015";"3199";"PLU";"COM";"2020-03-11 23:00:00+00:00";"2016-03-23 23:00:00+00:00";"39";"35";"53";"2021";"NON";"NON";"35015";"";"";"";"2021-10-06";"151682";""
"35016";"3199";"PLU";"COM";"2020-01-29 23:00:00+00:00";"2016-11-08 23:00:00+00:00";"39";"35";"53";"2021";"NON";"NON";"35016";"";"";"";"2021-10-06";"151781";""
"35017";"3432";"PLU";"CC";"2006-12-27 23:00:00+00:00";"2002-02-21 23:00:00+00:00";"33";"35";"53";"2021";"NON";"NON";"35017";"";"";"";"2021-10-06";"52356";""
"35018";"3199";"PLU";"COM";"2008-10-02 22:00:00+00:00";"2005-09-08 22:00:00+00:00";"39";"35";"53";"2021";"NON";"NON";"35018";"";"";"";"2021-10-06";"52357";""
"35019";"3432";"PLU";"CC";"2017-03-20 23:00:00+00:00";"2015-09-08 22:00:00+00:00";"33";"35";"53";"2021";"NON";"NON";"200070688";"";"";"";"2021-10-06";"143243";""
"35021";"3131";"PLU";"COM";"2007-11-26 23:00:00+00:00";"1999-03-25 23:00:00+00:00";"33";"35";"53";"2021";"NON";"NON";"35021";"";"";"";"2021-10-06";"56811";""
"35022";"3299";"PLUi/PLUiS";"MET";"2019-12-18 23:00:00+00:00";"2015-07-08 22:00:00+00:00";"39";"35";"53";"2021";"NON";"OUI";"243500139";"";"";"";"2021-10-06";"143229";""
"35023";"3299";"PLUi/PLUiS";"CC";"2021-03-24 23:00:00+00:00";"2017-05-17 22:00:00+00:00";"39";"35";"53";"2021";"NON";"OUI";"243500550";"";"";"";"2021-10-06";"161127";""
"35024";"3299";"PLUi/PLUiS";"MET";"2019-12-18 23:00:00+00:00";"2015-07-08 22:00:00+00:00";"39";"35";"53";"2021";"NON";"OUI";"243500139";"";"";"";"2021-10-06";"143229";""
"35025";"3131";"PLU";"COM";"2007-12-18 23:00:00+00:00";"2006-02-15 23:00:00+00:00";"33";"35";"53";"2021";"NON";"NON";"35025";"";"";"";"2021-10-06";"52362";""
"35027";"3199";"PLU";"COM";"2018-07-11 22:00:00+00:00";"2014-11-05 23:00:00+00:00";"39";"35";"53";"2021";"NON";"NON";"35027";"";"";"";"2021-10-06";"143355";""
"35028";"3199";"PLU";"COM";"2011-06-06 22:00:00+00:00";"2006-03-15 23:00:00+00:00";"39";"35";"53";"2021";"NON";"NON";"35028";"";"";"";"2021-10-06";"50259";""
"35029";"3432";"PLU";"CC";"2011-11-24 23:00:00+00:00";"2004-03-19 23:00:00+00:00";"33";"35";"53";"2021";"NON";"NON";"35029";"";"";"";"2021-10-06";"50260";""
"35030";"3299";"PLUi/PLUiS";"CC";"2020-03-11 23:00:00+00:00";"2015-12-16 23:00:00+00:00";"39";"35";"53";"2021";"NON";"OUI";"200070662";"";"";"";"2021-10-06";"143246";""
"35031";"3199";"PLU";"COM";"2017-12-11 23:00:00+00:00";"2015-03-02 23:00:00+00:00";"39";"35";"53";"2021";"NON";"NON";"35031";"";"";"";"2021-10-06";"143333";""
"35032";"3299";"PLUi/PLUiS";"MET";"2019-12-18 23:00:00+00:00";"2015-07-08 22:00:00+00:00";"39";"35";"53";"2021";"NON";"OUI";"243500139";"";"";"";"2021-10-06";"143229";""
"35033";"3199";"PLU";"COM";"2020-02-17 23:00:00+00:00";"2016-11-30 23:00:00+00:00";"39";"35";"53";"2021";"NON";"NON";"35033";"";"";"";"2021-10-06";"154576";""
"35034";"3199";"PLU";"COM";"2011-06-19 22:00:00+00:00";"2006-10-18 22:00:00+00:00";"39";"35";"53";"2021";"NON";"NON";"35034";"";"";"";"2021-10-06";"49529";""
"35035";"3199";"PLU";"COM";"2013-09-25 22:00:00+00:00";"2005-01-05 23:00:00+00:00";"39";"35";"53";"2021";"NON";"NON";"35035";"";"";"";"2021-10-06";"62217";""
"35037";"3299";"PLUi/PLUiS";"CC";"2021-06-20 22:00:00+00:00";"2017-06-11 22:00:00+00:00";"39";"35";"53";"2021";"NON";"OUI";"243500618";"";"";"";"2021-10-06";"161126";""
"35038";"3199";"PLU";"COM";"2007-12-11 23:00:00+00:00";"2005-12-06 23:00:00+00:00";"39";"35";"53";"2021";"NON";"NON";"35038";"";"";"";"2021-10-06";"52364";""
"35039";"3299";"PLUi/PLUiS";"MET";"2019-12-18 23:00:00+00:00";"2015-07-08 22:00:00+00:00";"39";"35";"53";"2021";"NON";"OUI";"243500139";"";"";"";"2021-10-06";"143229";""
"35040";"3299";"PLUi/PLUiS";"CC";"2021-03-24 23:00:00+00:00";"2017-05-17 22:00:00+00:00";"39";"35";"53";"2021";"NON";"OUI";"243500550";"";"";"";"2021-10-06";"161127";""
"35041";"3131";"PLU";"COM";"2009-10-27 23:00:00+00:00";"2007-01-21 23:00:00+00:00";"33";"35";"53";"2021";"NON";"NON";"35041";"";"";"";"2021-10-06";"52367";""
"35042";"3199";"PLU";"COM";"2008-02-10 23:00:00+00:00";"2004-05-31 22:00:00+00:00";"39";"35";"53";"2021";"NON";"NON";"35042";"";"";"";"2021-10-06";"57211";""
"35045";"3199";"PLU";"COM";"2008-11-04 23:00:00+00:00";"2006-02-22 23:00:00+00:00";"39";"35";"53";"2021";"NON";"NON";"35045";"";"";"";"2021-10-06";"53601";""
"35047";"3299";"PLUi/PLUiS";"MET";"2019-12-18 23:00:00+00:00";"2015-07-08 22:00:00+00:00";"39";"35";"53";"2021";"NON";"OUI";"243500139";"";"";"";"2021-10-06";"143229";""
"35049";"3199";"PLU";"COM";"2014-02-27 23:00:00+00:00";"2008-06-26 22:00:00+00:00";"39";"35";"53";"2021";"NON";"NON";"35049";"";"";"";"2021-10-06";"62726";""
"35050";"3432";"PLU";"CC";"2013-05-23 22:00:00+00:00";"2010-06-20 22:00:00+00:00";"33";"35";"53";"2021";"NON";"NON";"35050";"";"";"";"2021-10-06";"65698";""
"35051";"3299";"PLUi/PLUiS";"MET";"2019-12-18 23:00:00+00:00";"2015-07-08 22:00:00+00:00";"39";"35";"53";"2021";"NON";"OUI";"243500139";"";"";"";"2021-10-06";"143229";""
"35054";"3299";"PLUi/PLUiS";"CC";"2020-03-11 23:00:00+00:00";"2015-12-16 23:00:00+00:00";"39";"35";"53";"2021";"NON";"OUI";"200070662";"";"";"";"2021-10-06";"143246";""
"35055";"3299";"PLUi/PLUiS";"MET";"2019-12-18 23:00:00+00:00";"2015-07-08 22:00:00+00:00";"39";"35";"53";"2021";"NON";"OUI";"243500139";"";"";"";"2021-10-06";"143229";""
"35056";"3432";"PLU";"CC";"2010-09-02 22:00:00+00:00";"2006-04-06 22:00:00+00:00";"33";"35";"53";"2021";"NON";"NON";"35056";"";"";"";"2021-10-06";"53605";""
"35057";"3199";"PLU";"COM";"2014-03-11 23:00:00+00:00";"2013-05-27 22:00:00+00:00";"39";"35";"53";"2021";"NON";"NON";"35057";"";"";"";"2021-10-06";"49531";""
"35058";"3299";"PLUi/PLUiS";"MET";"2019-12-18 23:00:00+00:00";"2015-07-08 22:00:00+00:00";"39";"35";"53";"2021";"NON";"OUI";"243500139";"";"";"";"2021-10-06";"143229";""
"35059";"3299";"PLUi/PLUiS";"MET";"2019-12-18 23:00:00+00:00";"2015-07-08 22:00:00+00:00";"39";"35";"53";"2021";"NON";"OUI";"243500139";"";"";"";"2021-10-06";"143229";""
"35060";"3131";"PLU";"COM";"2010-10-25 22:00:00+00:00";"2004-02-25 23:00:00+00:00";"33";"35";"53";"2021";"NON";"NON";"35060";"";"";"";"2021-10-06";"52448";""
"35061";"1199";"CC";"COM";"2006-02-11 23:00:00+00:00";"2003-03-24 23:00:00+00:00";"19";"35";"53";"2021";"NON";"NON";"35061";"";"";"";"2021-10-06";"68063";""
"35062";"3131";"PLU";"COM";"2008-01-23 23:00:00+00:00";"2005-03-30 22:00:00+00:00";"33";"35";"53";"2021";"NON";"NON";"35062";"";"";"";"2021-10-06";"52373";""
"35063";"3199";"PLU";"COM";"2009-04-26 22:00:00+00:00";"2004-12-20 23:00:00+00:00";"39";"35";"53";"2021";"NON";"NON";"35063";"";"";"";"2021-10-06";"53606";""
"35064";"3199";"PLU";"COM";"2017-03-02 23:00:00+00:00";"2014-12-11 23:00:00+00:00";"39";"35";"53";"2021";"NON";"NON";"35064";"";"";"";"2021-10-06";"62220";""
"35065";"3299";"PLUi/PLUiS";"MET";"2019-12-18 23:00:00+00:00";"2015-07-08 22:00:00+00:00";"39";"35";"53";"2021";"NON";"OUI";"243500139";"";"";"";"2021-10-06";"143229";""
"35066";"3299";"PLUi/PLUiS";"MET";"2019-12-18 23:00:00+00:00";"2015-07-08 22:00:00+00:00";"39";"35";"53";"2021";"NON";"OUI";"243500139";"";"";"";"2021-10-06";"143229";""
"35067";"3199";"PLU";"COM";"2017-07-05 22:00:00+00:00";"2015-02-26 23:00:00+00:00";"39";"35";"53";"2021";"NON";"NON";"35067";"";"";"";"2021-10-06";"143362";""
"35068";"3199";"PLU";"COM";"2020-06-29 22:00:00+00:00";"2016-10-04 22:00:00+00:00";"39";"35";"53";"2021";"NON";"NON";"35068";"";"";"";"2021-10-06";"151697";""
"35069";"3199";"PLU";"COM";"2019-10-06 22:00:00+00:00";"2017-01-22 23:00:00+00:00";"39";"35";"53";"2021";"NON";"NON";"35069";"";"";"";"2021-10-06";"156325";""
"35071";"3332";"PLUi/PLUiS";"CC";"2018-07-02 22:00:00+00:00";"2012-09-25 22:00:00+00:00";"33";"35";"53";"2021";"OUI";"NON";"200070688";"";"";"";"2021-10-06";"116100";""
"35072";"3131";"PLU";"COM";"2009-07-01 22:00:00+00:00";"2005-11-30 23:00:00+00:00";"33";"35";"53";"2021";"NON";"NON";"35072";"";"";"";"2021-10-06";"56809";""
"35075";"3432";"PLU";"CC";"2008-09-25 22:00:00+00:00";"2005-01-27 23:00:00+00:00";"33";"35";"53";"2021";"NON";"NON";"200070688";"";"";"";"2021-10-06";"57212";""
"35076";"3299";"PLUi/PLUiS";"MET";"2019-12-18 23:00:00+00:00";"2015-07-08 22:00:00+00:00";"39";"35";"53";"2021";"NON";"OUI";"243500139";"";"";"";"2021-10-06";"143229";""
"35077";"3199";"PLU";"COM";"2008-02-17 23:00:00+00:00";"2004-03-29 22:00:00+00:00";"39";"35";"53";"2021";"NON";"NON";"35077";"";"";"";"2021-10-06";"57213";""
"35078";"3131";"PLU";"COM";"2007-07-02 22:00:00+00:00";"2003-04-28 22:00:00+00:00";"33";"35";"53";"2021";"NON";"NON";"35078";"";"";"";"2021-10-06";"52377";""
"35079";"3299";"PLUi/PLUiS";"MET";"2019-12-18 23:00:00+00:00";"2015-07-08 22:00:00+00:00";"39";"35";"53";"2021";"NON";"OUI";"243500139";"";"";"";"2021-10-06";"143229";""
"35080";"3299";"PLUi/PLUiS";"MET";"2019-12-18 23:00:00+00:00";"2015-07-08 22:00:00+00:00";"39";"35";"53";"2021";"NON";"OUI";"243500139";"";"";"";"2021-10-06";"143229";""
"35081";"3299";"PLUi/PLUiS";"MET";"2019-12-18 23:00:00+00:00";"2015-07-08 22:00:00+00:00";"39";"35";"53";"2021";"NON";"OUI";"243500139";"";"";"";"2021-10-06";"143229";""
"35082";"3199";"PLU";"COM";"2013-10-23 22:00:00+00:00";"2009-09-09 22:00:00+00:00";"39";"35";"53";"2021";"NON";"NON";"35082";"";"";"";"2021-10-06";"64464";""
"35085";"3432";"PLU";"CC";"2020-12-16 23:00:00+00:00";"2017-01-24 23:00:00+00:00";"33";"35";"53";"2021";"NON";"NON";"35085";"";"";"";"2021-10-06";"160717";""
"35086";"3199";"PLU";"COM";"2008-02-25 23:00:00+00:00";"2004-04-12 22:00:00+00:00";"39";"35";"53";"2021";"NON";"NON";"35086";"";"";"";"2021-10-06";"56815";""
"35087";"3131";"PLU";"COM";"2007-06-27 22:00:00+00:00";"1999-10-04 22:00:00+00:00";"33";"35";"53";"2021";"NON";"NON";"35087";"";"";"";"2021-10-06";"52383";""
"35088";"3299";"PLUi/PLUiS";"MET";"2019-12-18 23:00:00+00:00";"2015-07-08 22:00:00+00:00";"39";"35";"53";"2021";"NON";"OUI";"243500139";"";"";"";"2021-10-06";"143229";""
"35089";"3299";"PLUi/PLUiS";"CC";"2020-03-11 23:00:00+00:00";"2015-12-16 23:00:00+00:00";"39";"35";"53";"2021";"NON";"OUI";"200070662";"";"";"";"2021-10-06";"143246";""
"35090";"3299";"PLUi/PLUiS";"CC";"2020-03-11 23:00:00+00:00";"2015-12-16 23:00:00+00:00";"39";"35";"53";"2021";"NON";"OUI";"200070662";"";"";"";"2021-10-06";"143246";""
"35091";"1199";"CC";"COM";"2006-07-22 22:00:00+00:00";"2003-11-05 23:00:00+00:00";"19";"35";"53";"2021";"NON";"NON";"35091";"";"";"";"2021-10-06";"69293";""
"35092";"3432";"PLU";"CC";"2008-11-13 23:00:00+00:00";"2005-04-07 22:00:00+00:00";"33";"35";"53";"2021";"NON";"NON";"35092";"";"";"";"2021-10-06";"52387";""
"35093";"3131";"PLU";"COM";"2018-12-16 23:00:00+00:00";"2014-12-14 23:00:00+00:00";"33";"35";"53";"2021";"NON";"NON";"35093";"";"";"";"2021-10-06";"134551";""
"35094";"3432";"PLU";"CC";"2013-12-01 23:00:00+00:00";"2011-03-13 23:00:00+00:00";"33";"35";"53";"2021";"NON";"NON";"35094";"";"";"";"2021-10-06";"91080";""
"35095";"3199";"PLU";"COM";"2018-04-19 22:00:00+00:00";"2013-03-28 23:00:00+00:00";"39";"35";"53";"2021";"NON";"NON";"35095";"";"";"";"2021-10-06";"127861";""
"35096";"3199";"PLU";"COM";"2019-09-15 22:00:00+00:00";"2017-07-10 22:00:00+00:00";"39";"35";"53";"2021";"NON";"NON";"35096";"";"";"";"2021-10-06";"160761";""
"35097";"3131";"PLU";"COM";"2006-09-24 22:00:00+00:00";"1997-08-24 22:00:00+00:00";"33";"35";"53";"2021";"NON";"NON";"35097";"";"";"";"2021-10-06";"56817";""
"35098";"3299";"PLUi/PLUiS";"CC";"2020-03-11 23:00:00+00:00";"2015-12-16 23:00:00+00:00";"39";"35";"53";"2021";"NON";"OUI";"200070662";"";"";"";"2021-10-06";"143246";""
"35099";"3199";"PLU";"COM";"2021-03-07 23:00:00+00:00";"2015-10-04 22:00:00+00:00";"39";"35";"53";"2021";"NON";"NON";"35099";"";"";"";"2021-10-06";"145343";""
"35101";"3199";"PLU";"COM";"2017-12-18 23:00:00+00:00";"2015-03-02 23:00:00+00:00";"39";"35";"53";"2021";"NON";"NON";"35101";"";"";"";"2021-10-06";"145344";""
"35102";"3199";"PLU";"COM";"2020-09-02 22:00:00+00:00";"2017-06-12 22:00:00+00:00";"39";"35";"53";"2021";"NON";"NON";"35102";"";"";"";"2021-10-06";"160762";""
"35103";"3199";"PLU";"COM";"2017-05-16 22:00:00+00:00";"2009-07-14 22:00:00+00:00";"39";"35";"53";"2021";"NON";"NON";"35103";"";"";"";"2021-10-06";"50262";""
"35104";"3131";"PLU";"COM";"2012-05-21 22:00:00+00:00";"2007-11-12 23:00:00+00:00";"33";"35";"53";"2021";"NON";"NON";"35104";"";"";"";"2021-10-06";"62221";""
"35105";"3199";"PLU";"COM";"2020-02-11 23:00:00+00:00";"2018-01-16 23:00:00+00:00";"39";"35";"53";"2021";"NON";"NON";"35105";"";"";"";"2021-10-06";"165951";""
"35106";"3299";"PLUi/PLUiS";"CC";"2020-03-11 23:00:00+00:00";"2015-12-16 23:00:00+00:00";"39";"35";"53";"2021";"NON";"OUI";"200070662";"";"";"";"2021-10-06";"143246";""
"35107";"3131";"PLU";"COM";"2007-12-17 23:00:00+00:00";"2000-04-19 22:00:00+00:00";"33";"35";"53";"2021";"NON";"NON";"35107";"";"";"";"2021-10-06";"52393";""
"35108";"3199";"PLU";"COM";"2012-12-16 23:00:00+00:00";"2009-04-26 22:00:00+00:00";"39";"35";"53";"2021";"NON";"NON";"35108";"";"";"";"2021-10-06";"64465";""
"35109";"3199";"PLU";"COM";"2019-04-28 22:00:00+00:00";"2016-09-18 22:00:00+00:00";"39";"35";"53";"2021";"NON";"NON";"35109";"";"";"";"2021-10-06";"151708";""
"35110";"3299";"PLUi/PLUiS";"CC";"2020-02-24 23:00:00+00:00";"2017-01-09 23:00:00+00:00";"39";"35";"53";"2021";"NON";"OUI";"243500667";"";"";"";"2021-10-06";"160731";""
"35111";"3199";"PLU";"COM";"2020-02-19 23:00:00+00:00";"2016-09-18 22:00:00+00:00";"39";"35";"53";"2021";"NON";"NON";"35111";"";"";"";"2021-10-06";"151721";""
"35112";"3199";"PLU";"COM";"2003-12-18 23:00:00+00:00";"1988-03-12 23:00:00+00:00";"39";"35";"53";"2021";"NON";"NON";"35112";"";"";"";"2021-10-06";"52400";""
"35115";"3131";"PLU";"COM";"2013-04-17 22:00:00+00:00";"2008-11-05 23:00:00+00:00";"33";"35";"53";"2021";"NON";"NON";"35115";"";"";"";"2021-10-06";"62731";""
"35116";"3131";"PLU";"COM";"2008-01-16 23:00:00+00:00";"2004-10-13 22:00:00+00:00";"33";"35";"53";"2021";"NON";"NON";"35116";"";"";"";"2021-10-06";"52396";""
"35117";"3199";"PLU";"COM";"2018-09-23 22:00:00+00:00";"2010-06-20 22:00:00+00:00";"39";"35";"53";"2021";"NON";"NON";"35117";"";"";"";"2021-10-06";"49535";""
"35118";"3299";"PLUi/PLUiS";"CC";"2020-02-24 23:00:00+00:00";"2017-01-09 23:00:00+00:00";"39";"35";"53";"2021";"NON";"OUI";"243500667";"";"";"";"2021-10-06";"160731";""
"35120";"3299";"PLUi/PLUiS";"MET";"2019-12-18 23:00:00+00:00";"2015-07-08 22:00:00+00:00";"39";"35";"53";"2021";"NON";"OUI";"243500139";"";"";"";"2021-10-06";"143229";""
"35121";"3199";"PLU";"COM";"2021-03-24 23:00:00+00:00";"2015-03-30 22:00:00+00:00";"39";"35";"53";"2021";"NON";"NON";"35121";"";"";"";"2021-10-06";"145356";""
"35122";"3199";"PLU";"COM";"2016-05-30 22:00:00+00:00";"2007-11-05 23:00:00+00:00";"39";"35";"53";"2021";"NON";"NON";"35122";"";"";"";"2021-10-06";"64466";""
"35123";"3131";"PLU";"COM";"2009-01-04 23:00:00+00:00";"2005-01-09 23:00:00+00:00";"33";"35";"53";"2021";"NON";"NON";"35123";"";"";"";"2021-10-06";"52401";""
"35124";"3299";"PLUi/PLUiS";"CC";"2020-03-11 23:00:00+00:00";"2015-12-16 23:00:00+00:00";"39";"35";"53";"2021";"NON";"OUI";"200070662";"";"";"";"2021-10-06";"143246";""
"35125";"3199";"PLU";"COM";"2018-12-12 23:00:00+00:00";"2014-10-14 22:00:00+00:00";"39";"35";"53";"2021";"NON";"NON";"35125";"";"";"";"2021-10-06";"62223";""
"35126";"3131";"PLU";"COM";"2019-02-25 23:00:00+00:00";"2016-01-25 23:00:00+00:00";"33";"35";"53";"2021";"NON";"NON";"35126";"";"";"";"2021-10-06";"151711";""
"35127";"3199";"PLU";"COM";"2020-01-20 23:00:00+00:00";"2016-10-23 22:00:00+00:00";"39";"35";"53";"2021";"NON";"NON";"35127";"";"";"";"2021-10-06";"151716";""
"35128";"3299";"PLUi/PLUiS";"CC";"2020-02-24 23:00:00+00:00";"2017-01-09 23:00:00+00:00";"39";"35";"53";"2021";"NON";"OUI";"243500667";"";"";"";"2021-10-06";"160731";""
"35130";"3432";"PLU";"CC";"2006-07-11 22:00:00+00:00";"1996-06-10 22:00:00+00:00";"33";"35";"53";"2021";"NON";"NON";"35130";"";"";"";"2021-10-06";"52408";""
"35131";"3299";"PLUi/PLUiS";"MET";"2019-12-18 23:00:00+00:00";"2015-07-08 22:00:00+00:00";"39";"35";"53";"2021";"NON";"OUI";"243500139";"";"";"";"2021-10-06";"143229";""
"35132";"3199";"PLU";"COM";"2020-11-02 23:00:00+00:00";"2017-12-25 23:00:00+00:00";"39";"35";"53";"2021";"NON";"NON";"35132";"";"";"";"2021-10-06";"160763";""
"35133";"3299";"PLUi/PLUiS";"CC";"2021-03-24 23:00:00+00:00";"2017-05-17 22:00:00+00:00";"39";"35";"53";"2021";"NON";"OUI";"243500550";"";"";"";"2021-10-06";"161127";""
"35134";"1432";"CC";"CC";"2005-11-19 23:00:00+00:00";"2003-03-31 22:00:00+00:00";"13";"35";"53";"2021";"NON";"NON";"35134";"";"";"";"2021-10-06";"68064";""
"35135";"3131";"PLU";"COM";"2013-02-27 23:00:00+00:00";"2009-12-09 23:00:00+00:00";"33";"35";"53";"2021";"NON";"NON";"35135";"";"";"";"2021-10-06";"62222";""
"35136";"3199";"PLU";"COM";"2014-01-14 23:00:00+00:00";"2011-01-26 23:00:00+00:00";"39";"35";"53";"2021";"NON";"NON";"35136";"";"";"";"2021-10-06";"91160";""
"35137";"3199";"PLU";"COM";"2020-12-15 23:00:00+00:00";"2016-10-18 22:00:00+00:00";"39";"35";"53";"2021";"NON";"NON";"35137";"";"";"";"2021-10-06";"151714";""
"35138";"3131";"PLU";"COM";"2005-12-20 23:00:00+00:00";"1998-11-12 23:00:00+00:00";"33";"35";"53";"2021";"NON";"NON";"35138";"";"";"";"2021-10-06";"52411";""
"35139";"3299";"PLUi/PLUiS";"MET";"2019-12-18 23:00:00+00:00";"2015-07-08 22:00:00+00:00";"39";"35";"53";"2021";"NON";"OUI";"243500139";"";"";"";"2021-10-06";"143229";""
"35140";"3299";"PLUi/PLUiS";"CC";"2020-03-11 23:00:00+00:00";"2015-12-16 23:00:00+00:00";"39";"35";"53";"2021";"NON";"OUI";"200070662";"";"";"";"2021-10-06";"143246";""
"35141";"1199";"CC";"COM";"2012-07-29 22:00:00+00:00";"2012-01-26 23:00:00+00:00";"19";"35";"53";"2021";"NON";"NON";"35141";"";"";"";"2021-10-06";"119124";""
"35142";"1199";"CC";"COM";"2011-06-25 22:00:00+00:00";"2007-05-28 22:00:00+00:00";"19";"35";"53";"2021";"NON";"NON";"35142";"";"";"";"2021-10-06";"66126";""
"35143";"3199";"PLU";"COM";"2018-03-14 23:00:00+00:00";"2014-06-11 22:00:00+00:00";"39";"35";"53";"2021";"NON";"NON";"35143";"";"";"";"2021-10-06";"135780";""
"35144";"3299";"PLUi/PLUiS";"MET";"2019-12-18 23:00:00+00:00";"2015-07-08 22:00:00+00:00";"39";"35";"53";"2021";"NON";"OUI";"35144";"";"";"";"2021-10-06";"143229";""
"35145";"3199";"PLU";"COM";"2020-02-12 23:00:00+00:00";"2015-07-08 22:00:00+00:00";"39";"35";"53";"2021";"NON";"NON";"35145";"";"";"";"2021-10-06";"145394";""
"35146";"3299";"PLUi/PLUiS";"CC";"2020-02-24 23:00:00+00:00";"2017-01-09 23:00:00+00:00";"39";"35";"53";"2021";"NON";"OUI";"243500667";"";"";"";"2021-10-06";"160731";""
"35149";"3199";"PLU";"COM";"2020-03-02 23:00:00+00:00";"2016-11-21 23:00:00+00:00";"39";"35";"53";"2021";"NON";"NON";"35149";"";"";"";"2021-10-06";"151862";""
"35150";"3199";"PLU";"COM";"2018-12-13 23:00:00+00:00";"2015-09-02 22:00:00+00:00";"39";"35";"53";"2021";"NON";"NON";"35150";"";"";"";"2021-10-06";"151720";""
"35151";"3199";"PLU";"COM";"2009-03-01 23:00:00+00:00";"2003-02-16 23:00:00+00:00";"39";"35";"53";"2021";"NON";"NON";"35151";"";"";"";"2021-10-06";"57215";""
"35152";"3199";"PLU";"COM";"2017-07-05 22:00:00+00:00";"2013-05-20 22:00:00+00:00";"39";"35";"53";"2021";"NON";"NON";"35152";"";"";"";"2021-10-06";"127946";""
"35153";"1199";"CC";"COM";"2006-06-05 22:00:00+00:00";"2004-05-26 22:00:00+00:00";"19";"35";"53";"2021";"NON";"NON";"35153";"";"";"";"2021-10-06";"69295";""
"35154";"3131";"PLU";"COM";"2006-11-14 23:00:00+00:00";"2004-05-31 22:00:00+00:00";"33";"35";"53";"2021";"NON";"NON";"35154";"";"";"";"2021-10-06";"56814";""
"35155";"3199";"PLU";"COM";"2020-03-05 23:00:00+00:00";"2017-10-26 22:00:00+00:00";"39";"35";"53";"2021";"NON";"NON";"35155";"";"";"";"2021-10-06";"160765";""
"35156";"3432";"PLU";"CC";"2012-09-05 22:00:00+00:00";"2007-02-22 23:00:00+00:00";"33";"35";"53";"2021";"NON";"NON";"35156";"";"";"";"2021-10-06";"49537";""
"35157";"1199";"CC";"COM";"2020-06-07 22:00:00+00:00";"2017-07-19 22:00:00+00:00";"19";"35";"53";"2021";"NON";"NON";"35157";"";"";"";"2021-10-06";"161025";""
"35159";"3432";"PLU";"CC";"2010-02-25 23:00:00+00:00";"2006-03-09 23:00:00+00:00";"33";"35";"53";"2021";"NON";"NON";"35159";"";"";"";"2021-10-06";"52449";""
"35160";"1199";"CC";"COM";"2018-06-12 22:00:00+00:00";"2015-09-27 22:00:00+00:00";"19";"35";"53";"2021";"NON";"NON";"35160";"";"";"";"2021-10-06";"146367";""
"35161";"3199";"PLU";"COM";"2013-12-09 23:00:00+00:00";"2009-05-04 22:00:00+00:00";"39";"35";"53";"2021";"NON";"NON";"35161";"";"";"";"2021-10-06";"62231";""
"35162";"3199";"PLU";"COM";"2020-02-19 23:00:00+00:00";"2016-07-10 22:00:00+00:00";"39";"35";"53";"2021";"NON";"NON";"35162";"";"";"";"2021-10-06";"151827";""
"35163";"3199";"PLU";"COM";"2013-05-13 22:00:00+00:00";"2010-06-07 22:00:00+00:00";"39";"35";"53";"2021";"NON";"NON";"35163";"";"";"";"2021-10-06";"62225";""
"35164";"3432";"PLU";"CC";"2008-01-17 23:00:00+00:00";"2003-11-06 23:00:00+00:00";"33";"35";"53";"2021";"NON";"NON";"200070688";"";"";"";"2021-10-06";"52419";""
"35165";"3199";"PLU";"COM";"2009-06-03 22:00:00+00:00";"2005-02-09 23:00:00+00:00";"39";"35";"53";"2021";"NON";"NON";"35165";"";"";"";"2021-10-06";"56820";""
"35166";"3199";"PLU";"COM";"2019-05-23 22:00:00+00:00";"2015-04-16 22:00:00+00:00";"39";"35";"53";"2021";"NON";"NON";"35166";"";"";"";"2021-10-06";"145398";""
"35167";"3199";"PLU";"COM";"2020-10-21 22:00:00+00:00";"2015-09-09 22:00:00+00:00";"39";"35";"53";"2021";"NON";"NON";"35167";"";"";"";"2021-10-06";"145399";""
"35168";"3131";"PLU";"COM";"2013-09-22 22:00:00+00:00";"2008-09-16 22:00:00+00:00";"33";"35";"53";"2021";"NON";"NON";"35168";"";"";"";"2021-10-06";"64469";""
"35169";"3299";"PLUi/PLUiS";"CC";"2021-06-20 22:00:00+00:00";"2017-06-11 22:00:00+00:00";"39";"35";"53";"2021";"NON";"OUI";"243500618";"";"";"";"2021-10-06";"161126";""
"35170";"3131";"PLU";"COM";"2008-02-24 23:00:00+00:00";"2003-12-04 23:00:00+00:00";"33";"35";"53";"2021";"NON";"NON";"35170";"";"";"";"2021-10-06";"52423";""
"35171";"3199";"PLU";"COM";"2020-02-09 23:00:00+00:00";"2016-11-06 23:00:00+00:00";"39";"35";"53";"2021";"NON";"NON";"35171";"";"";"";"2021-10-06";"151829";""
"35172";"3432";"PLU";"CC";"2017-09-28 22:00:00+00:00";"2014-09-18 22:00:00+00:00";"33";"35";"53";"2021";"NON";"NON";"35172";"";"";"";"2021-10-06";"91206";""
"35173";"3299";"PLUi/PLUiS";"CC";"2020-02-24 23:00:00+00:00";"2017-01-09 23:00:00+00:00";"39";"35";"53";"2021";"NON";"OUI";"243500667";"";"";"";"2021-10-06";"160731";""
"35174";"3199";"PLU";"COM";"2007-12-17 23:00:00+00:00";"2003-09-07 22:00:00+00:00";"39";"35";"53";"2021";"NON";"NON";"35174";"";"";"";"2021-10-06";"52425";""
"35175";"3199";"PLU";"COM";"2020-06-21 22:00:00+00:00";"2015-02-15 23:00:00+00:00";"39";"35";"53";"2021";"NON";"NON";"35175";"";"";"";"2021-10-06";"49538";""
"35176";"3131";"PLU";"COM";"2015-12-14 23:00:00+00:00";"2011-02-15 23:00:00+00:00";"33";"35";"53";"2021";"NON";"NON";"35176";"";"";"";"2021-10-06";"91128";""
"35177";"3299";"PLUi/PLUiS";"CC";"2020-02-24 23:00:00+00:00";"2017-01-09 23:00:00+00:00";"39";"35";"53";"2021";"NON";"OUI";"243500667";"";"";"";"2021-10-06";"160731";""
"35178";"3199";"PLU";"COM";"2020-09-02 22:00:00+00:00";"2016-05-25 22:00:00+00:00";"39";"35";"53";"2021";"NON";"NON";"35178";"";"";"";"2021-10-06";"151830";""
"35179";"3131";"PLU";"COM";"2017-11-23 23:00:00+00:00";"2003-11-26 23:00:00+00:00";"33";"35";"53";"2021";"NON";"NON";"35179";"";"";"";"2021-10-06";"64474";""
"35180";"3299";"PLUi/PLUiS";"MET";"2019-12-18 23:00:00+00:00";"2015-07-08 22:00:00+00:00";"39";"35";"53";"2021";"NON";"OUI";"35180";"";"";"";"2021-10-06";"143229";""
"35181";"3199";"PLU";"COM";"2017-03-20 23:00:00+00:00";"2013-12-11 23:00:00+00:00";"39";"35";"53";"2021";"NON";"NON";"35181";"";"";"";"2021-10-06";"127941";""
"35183";"3131";"PLU";"COM";"2010-04-29 22:00:00+00:00";"2004-03-28 22:00:00+00:00";"33";"35";"53";"2021";"NON";"NON";"35183";"";"";"";"2021-10-06";"57216";""
"35184";"3131";"PLU";"COM";"2020-02-12 23:00:00+00:00";"2015-08-06 22:00:00+00:00";"33";"35";"53";"2021";"NON";"NON";"35184";"";"";"";"2021-10-06";"145844";""
"35187";"3299";"PLUi/PLUiS";"CC";"2021-06-20 22:00:00+00:00";"2017-06-11 22:00:00+00:00";"39";"35";"53";"2021";"NON";"OUI";"243500618";"";"";"";"2021-10-06";"161126";""
"35188";"3299";"PLUi/PLUiS";"CC";"2021-03-24 23:00:00+00:00";"2017-05-17 22:00:00+00:00";"39";"35";"53";"2021";"NON";"OUI";"243500550";"";"";"";"2021-10-06";"161127";""
"35189";"3299";"PLUi/PLUiS";"MET";"2019-12-18 23:00:00+00:00";"2015-07-08 22:00:00+00:00";"39";"35";"53";"2021";"NON";"OUI";"243500139";"";"";"";"2021-10-06";"143229";""
"35190";"3199";"PLU";"COM";"2008-12-08 23:00:00+00:00";"2006-06-12 22:00:00+00:00";"39";"35";"53";"2021";"NON";"NON";"35190";"";"";"";"2021-10-06";"57217";""
"35191";"3332";"PLUi/PLUiS";"CC";"2018-07-02 22:00:00+00:00";"2012-09-25 22:00:00+00:00";"33";"35";"53";"2021";"OUI";"NON";"200070688";"";"";"";"2021-10-06";"116100";""
"35192";"1199";"CC";"COM";"2010-02-07 23:00:00+00:00";"2003-10-23 22:00:00+00:00";"19";"35";"53";"2021";"NON";"NON";"35192";"";"";"";"2021-10-06";"69297";""
"35193";"3299";"PLUi/PLUiS";"CC";"2020-02-24 23:00:00+00:00";"2017-01-09 23:00:00+00:00";"39";"35";"53";"2021";"NON";"OUI";"243500667";"";"";"";"2021-10-06";"160731";""
"35194";"3199";"PLU";"COM";"2021-07-08 22:00:00+00:00";"2011-06-29 22:00:00+00:00";"39";"35";"53";"2021";"NON";"NON";"35194";"";"";"";"2021-10-06";"89353";""
"35195";"3299";"PLUi/PLUiS";"CC";"2020-02-24 23:00:00+00:00";"2017-01-09 23:00:00+00:00";"39";"35";"53";"2021";"NON";"OUI";"243500667";"";"";"";"2021-10-06";"160731";""
"35196";"3299";"PLUi/PLUiS";"MET";"2019-12-18 23:00:00+00:00";"2015-07-08 22:00:00+00:00";"39";"35";"53";"2021";"NON";"OUI";"243500139";"";"";"";"2021-10-06";"143229";""
"35197";"3299";"PLUi/PLUiS";"CC";"2020-02-24 23:00:00+00:00";"2017-01-09 23:00:00+00:00";"39";"35";"53";"2021";"NON";"OUI";"243500667";"";"";"";"2021-10-06";"160731";""
"35198";"3131";"PLU";"COM";"2008-09-21 22:00:00+00:00";"2004-05-16 22:00:00+00:00";"33";"35";"53";"2021";"NON";"NON";"35198";"";"";"";"2021-10-06";"52438";""
"35200";"3199";"PLU";"COM";"2006-11-13 23:00:00+00:00";"1998-10-29 23:00:00+00:00";"39";"35";"53";"2021";"NON";"NON";"35200";"";"";"";"2021-10-06";"52439";""
"35201";"3199";"PLU";"COM";"2013-10-09 22:00:00+00:00";"2009-11-16 23:00:00+00:00";"39";"35";"53";"2021";"NON";"NON";"35201";"";"";"";"2021-10-06";"64477";""
"35202";"3299";"PLUi/PLUiS";"CC";"2020-03-11 23:00:00+00:00";"2015-12-16 23:00:00+00:00";"39";"35";"53";"2021";"NON";"OUI";"200070662";"";"";"";"2021-10-06";"143246";""
"35203";"3299";"PLUi/PLUiS";"CC";"2021-03-24 23:00:00+00:00";"2017-05-17 22:00:00+00:00";"39";"35";"53";"2021";"NON";"OUI";"243500550";"";"";"";"2021-10-06";"161127";""
"35204";"3299";"PLUi/PLUiS";"MET";"2019-12-18 23:00:00+00:00";"2015-07-08 22:00:00+00:00";"39";"35";"53";"2021";"NON";"OUI";"243500139";"";"";"";"2021-10-06";"143229";""
"35206";"3299";"PLUi/PLUiS";"MET";"2019-12-18 23:00:00+00:00";"2015-07-08 22:00:00+00:00";"39";"35";"53";"2021";"NON";"OUI";"243500139";"";"";"";"2021-10-06";"143229";""
"35207";"3199";"PLU";"COM";"2018-09-16 22:00:00+00:00";"2013-10-13 22:00:00+00:00";"39";"35";"53";"2021";"NON";"NON";"35207";"";"";"";"2021-10-06";"128033";""
"35208";"3299";"PLUi/PLUiS";"MET";"2019-12-18 23:00:00+00:00";"2015-07-08 22:00:00+00:00";"39";"35";"53";"2021";"NON";"OUI";"243500139";"";"";"";"2021-10-06";"143229";""
"35210";"3299";"PLUi/PLUiS";"MET";"2019-12-18 23:00:00+00:00";"2015-07-08 22:00:00+00:00";"39";"35";"53";"2021";"NON";"OUI";"243500139";"";"";"";"2021-10-06";"143229";""
"35211";"3299";"PLUi/PLUiS";"CC";"2021-06-20 22:00:00+00:00";"2017-06-11 22:00:00+00:00";"39";"35";"53";"2021";"NON";"OUI";"243500618";"";"";"";"2021-10-06";"161126";""
"35212";"3299";"PLUi/PLUiS";"CC";"2020-03-11 23:00:00+00:00";"2015-12-16 23:00:00+00:00";"39";"35";"53";"2021";"NON";"OUI";"200070662";"";"";"";"2021-10-06";"143246";""
"35214";"3199";"PLU";"COM";"2006-10-09 22:00:00+00:00";"2003-02-24 23:00:00+00:00";"39";"35";"53";"2021";"NON";"NON";"35214";"";"";"";"2021-10-06";"52444";""
"35215";"3199";"PLU";"COM";"2007-04-18 22:00:00+00:00";"1985-09-19 22:00:00+00:00";"39";"35";"53";"2021";"NON";"NON";"35215";"";"";"";"2021-10-06";"57218";""
"35216";"3299";"PLUi/PLUiS";"MET";"2019-12-18 23:00:00+00:00";"2015-07-08 22:00:00+00:00";"39";"35";"53";"2021";"NON";"OUI";"243500139";"";"";"";"2021-10-06";"143229";""
"35217";"3131";"PLU";"COM";"2007-07-08 22:00:00+00:00";"2002-12-08 23:00:00+00:00";"33";"35";"53";"2021";"NON";"NON";"35217";"";"";"";"2021-10-06";"52437";""
"35218";"3299";"PLUi/PLUiS";"CC";"2020-03-11 23:00:00+00:00";"2015-12-16 23:00:00+00:00";"39";"35";"53";"2021";"NON";"OUI";"200070662";"";"";"";"2021-10-06";"143246";""
"35219";"3199";"PLU";"COM";"2010-02-11 23:00:00+00:00";"1999-07-01 22:00:00+00:00";"39";"35";"53";"2021";"NON";"NON";"35219";"";"";"";"2021-10-06";"52440";""
"35220";"3199";"PLU";"COM";"2015-01-25 23:00:00+00:00";"2012-02-05 23:00:00+00:00";"39";"35";"53";"2021";"NON";"NON";"35220";"";"";"";"2021-10-06";"119616";""
"35221";"3299";"PLUi/PLUiS";"CC";"2020-03-11 23:00:00+00:00";"2015-12-16 23:00:00+00:00";"39";"35";"53";"2021";"NON";"OUI";"200070662";"";"";"";"2021-10-06";"143246";""
"35222";"3131";"PLU";"COM";"2010-12-12 23:00:00+00:00";"1998-10-01 22:00:00+00:00";"33";"35";"53";"2021";"NON";"NON";"35222";"";"";"";"2021-10-06";"52446";""
"35223";"3299";"PLUi/PLUiS";"CC";"2021-06-20 22:00:00+00:00";"2017-06-11 22:00:00+00:00";"39";"35";"53";"2021";"NON";"OUI";"243500618";"";"";"";"2021-10-06";"161126";""
"35224";"3131";"PLU";"COM";"2007-02-27 23:00:00+00:00";"2003-03-19 23:00:00+00:00";"33";"35";"53";"2021";"NON";"NON";"35224";"";"";"";"2021-10-06";"52447";""
"35225";"3432";"PLU";"CC";"2020-01-29 23:00:00+00:00";"2016-10-10 22:00:00+00:00";"33";"35";"53";"2021";"NON";"NON";"35225";"";"";"";"2021-10-06";"151834";""
"35226";"3432";"PLU";"CC";"2005-12-11 23:00:00+00:00";"2001-11-04 23:00:00+00:00";"33";"35";"53";"2021";"NON";"NON";"35226";"";"";"";"2021-10-06";"52450";""
"35227";"3299";"PLUi/PLUiS";"CC";"2021-03-24 23:00:00+00:00";"2017-05-17 22:00:00+00:00";"39";"35";"53";"2021";"NON";"OUI";"243500550";"";"";"";"2021-10-06";"161127";""
"35228";"3199";"PLU";"COM";"2018-07-19 22:00:00+00:00";"2015-01-28 23:00:00+00:00";"39";"35";"53";"2021";"NON";"NON";"35228";"";"";"";"2021-10-06";"145818";""
"35229";"3199";"PLU";"COM";"2019-12-17 23:00:00+00:00";"2016-09-27 22:00:00+00:00";"39";"35";"53";"2021";"NON";"NON";"35229";"";"";"";"2021-10-06";"151835";""
"35230";"3199";"PLU";"COM";"2010-03-28 22:00:00+00:00";"2005-05-02 22:00:00+00:00";"39";"35";"53";"2021";"NON";"NON";"35230";"";"";"";"2021-10-06";"56823";""
"35231";"3299";"PLUi/PLUiS";"CC";"2020-03-11 23:00:00+00:00";"2015-12-16 23:00:00+00:00";"39";"35";"53";"2021";"NON";"OUI";"200070662";"";"";"";"2021-10-06";"143246";""
"35233";"3432";"PLU";"CC";"2020-10-28 23:00:00+00:00";"2016-11-24 23:00:00+00:00";"33";"35";"53";"2021";"NON";"NON";"35233";"";"";"";"2021-10-06";"154610";""
"35234";"3199";"PLU";"COM";"2020-06-03 22:00:00+00:00";"2017-04-19 22:00:00+00:00";"39";"35";"53";"2021";"NON";"NON";"35234";"";"";"";"2021-10-06";"160767";""
"35235";"3199";"PLU";"COM";"2020-11-16 23:00:00+00:00";"2017-06-19 22:00:00+00:00";"39";"35";"53";"2021";"NON";"NON";"35235";"";"";"";"2021-10-06";"160768";""
"35236";"3199";"PLU";"COM";"2019-04-23 22:00:00+00:00";"2015-06-17 22:00:00+00:00";"39";"35";"53";"2021";"NON";"NON";"35236";"";"";"";"2021-10-06";"145825";""
"35237";"1199";"CC";"COM";"2009-06-15 22:00:00+00:00";"2001-11-14 23:00:00+00:00";"19";"35";"53";"2021";"NON";"NON";"35237";"";"";"";"2021-10-06";"69307";""
"35238";"3299";"PLUi/PLUiS";"MET";"2019-12-18 23:00:00+00:00";"2015-07-08 22:00:00+00:00";"39";"35";"53";"2021";"NON";"OUI";"243500139";"";"";"";"2021-10-06";"143229";""
"35239";"3199";"PLU";"COM";"2019-09-25 22:00:00+00:00";"2015-10-11 22:00:00+00:00";"39";"35";"53";"2021";"NON";"NON";"35239";"";"";"";"2021-10-06";"145827";""
"35240";"3299";"PLUi/PLUiS";"MET";"2019-12-18 23:00:00+00:00";"2015-07-08 22:00:00+00:00";"39";"35";"53";"2021";"NON";"OUI";"243500139";"";"";"";"2021-10-06";"143229";""
"35241";"3131";"PLU";"COM";"2014-02-19 23:00:00+00:00";"2008-05-18 22:00:00+00:00";"33";"35";"53";"2021";"NON";"NON";"35241";"";"";"";"2021-10-06";"61455";""
"35242";"3432";"PLU";"CC";"2013-06-13 22:00:00+00:00";"2007-02-04 23:00:00+00:00";"33";"35";"53";"2021";"NON";"NON";"200070688";"";"";"";"2021-10-06";"49541";""
"35243";"3131";"PLU";"COM";"2007-07-03 22:00:00+00:00";"2004-06-24 22:00:00+00:00";"33";"35";"53";"2021";"NON";"NON";"35243";"";"";"";"2021-10-06";"52462";""
"35244";"3432";"PLU";"CC";"2007-10-25 22:00:00+00:00";"2003-07-08 22:00:00+00:00";"33";"35";"53";"2021";"NON";"NON";"200070688";"";"";"";"2021-10-06";"52457";""
"35245";"3299";"PLUi/PLUiS";"MET";"2019-12-18 23:00:00+00:00";"2015-07-08 22:00:00+00:00";"39";"35";"53";"2021";"NON";"OUI";"35245";"";"";"";"2021-10-06";"143229";""
"35246";"3199";"PLU";"COM";"2009-07-07 22:00:00+00:00";"2002-06-24 22:00:00+00:00";"39";"35";"53";"2021";"NON";"NON";"35246";"";"";"";"2021-10-06";"57221";""
"35247";"3199";"PLU";"COM";"2005-07-20 22:00:00+00:00";"1987-06-11 22:00:00+00:00";"39";"35";"53";"2021";"NON";"NON";"35247";"";"";"";"2021-10-06";"52459";""
"35248";"3199";"PLU";"COM";"2008-04-16 22:00:00+00:00";"2005-09-26 22:00:00+00:00";"39";"35";"53";"2021";"NON";"NON";"35248";"";"";"";"2021-10-06";"52460";""
"35249";"3299";"PLUi/PLUiS";"CC";"2020-03-11 23:00:00+00:00";"2015-12-16 23:00:00+00:00";"39";"35";"53";"2021";"NON";"OUI";"200070662";"";"";"";"2021-10-06";"143246";""
"35250";"3299";"PLUi/PLUiS";"MET";"2019-12-18 23:00:00+00:00";"2015-07-08 22:00:00+00:00";"39";"35";"53";"2021";"NON";"OUI";"243500139";"";"";"";"2021-10-06";"143229";""
"35251";"3299";"PLUi/PLUiS";"CC";"2020-02-24 23:00:00+00:00";"2017-01-09 23:00:00+00:00";"39";"35";"53";"2021";"NON";"OUI";"243500667";"";"";"";"2021-10-06";"160731";""
"35252";"3199";"PLU";"COM";"2019-06-05 22:00:00+00:00";"2016-01-27 23:00:00+00:00";"39";"35";"53";"2021";"NON";"NON";"35252";"";"";"";"2021-10-06";"151783";""
"35253";"3199";"PLU";"COM";"2021-07-07 22:00:00+00:00";"2016-03-28 22:00:00+00:00";"39";"35";"53";"2021";"NON";"NON";"35253";"";"";"";"2021-10-06";"151782";""
"35255";"1199";"CC";"COM";"2019-09-17 22:00:00+00:00";"2017-11-28 23:00:00+00:00";"19";"35";"53";"2021";"NON";"NON";"35255";"";"";"";"2021-10-06";"161063";""
"35256";"3199";"PLU";"COM";"2016-01-27 23:00:00+00:00";"2014-10-23 22:00:00+00:00";"39";"35";"53";"2021";"NON";"NON";"35256";"";"";"";"2021-10-06";"135890";""
"35257";"3332";"PLUi/PLUiS";"CC";"2018-07-02 22:00:00+00:00";"2012-09-25 22:00:00+00:00";"33";"35";"53";"2021";"OUI";"NON";"200070688";"";"";"";"2021-10-06";"116100";""
"35258";"1432";"CC";"CC";"2020-05-11 22:00:00+00:00";"2017-10-09 22:00:00+00:00";"13";"35";"53";"2021";"NON";"NON";"35258";"";"";"";"2021-10-06";"161027";""
"35259";"3131";"PLU";"COM";"2007-06-10 22:00:00+00:00";"2002-05-14 22:00:00+00:00";"33";"35";"53";"2021";"NON";"NON";"35259";"";"";"";"2021-10-06";"52471";""
"35260";"3199";"PLU";"COM";"2020-01-12 23:00:00+00:00";"2016-12-04 23:00:00+00:00";"39";"35";"53";"2021";"NON";"NON";"35260";"";"";"";"2021-10-06";"154588";""
"35262";"1199";"CC";"COM";"2010-06-05 22:00:00+00:00";"2007-03-27 22:00:00+00:00";"19";"35";"53";"2021";"NON";"NON";"35262";"";"";"";"2021-10-06";"69298";""
"35263";"3199";"PLU";"COM";"2017-11-19 23:00:00+00:00";"2014-12-07 23:00:00+00:00";"39";"35";"53";"2021";"NON";"NON";"35263";"";"";"";"2021-10-06";"134570";""
"35264";"3199";"PLU";"COM";"2017-02-22 23:00:00+00:00";"2013-12-09 23:00:00+00:00";"39";"35";"53";"2021";"NON";"NON";"35264";"";"";"";"2021-10-06";"135893";""
"35265";"3432";"PLU";"CC";"2018-07-04 22:00:00+00:00";"2014-12-14 23:00:00+00:00";"33";"35";"53";"2021";"NON";"NON";"35265";"";"";"";"2021-10-06";"64481";""
"35266";"3299";"PLUi/PLUiS";"MET";"2019-12-18 23:00:00+00:00";"2015-07-08 22:00:00+00:00";"39";"35";"53";"2021";"NON";"OUI";"243500139";"";"";"";"2021-10-06";"143229";""
"35268";"3199";"PLU";"COM";"2009-11-19 23:00:00+00:00";"2006-06-20 22:00:00+00:00";"39";"35";"53";"2021";"NON";"NON";"35268";"";"";"";"2021-10-06";"57223";""
"35271";"3199";"PLU";"COM";"2013-01-20 23:00:00+00:00";"2006-05-01 22:00:00+00:00";"39";"35";"53";"2021";"NON";"NON";"35271";"";"";"";"2021-10-06";"62234";""
"35272";"3199";"PLU";"COM";"2008-12-21 23:00:00+00:00";"2004-09-27 22:00:00+00:00";"39";"35";"53";"2021";"NON";"NON";"35272";"";"";"";"2021-10-06";"57224";""
"35273";"3332";"PLUi/PLUiS";"CC";"2018-07-02 22:00:00+00:00";"2012-09-25 22:00:00+00:00";"33";"35";"53";"2021";"OUI";"NON";"200070688";"";"";"";"2021-10-06";"116100";""
"35274";"3299";"PLUi/PLUiS";"CC";"2020-02-24 23:00:00+00:00";"2017-01-09 23:00:00+00:00";"39";"35";"53";"2021";"NON";"OUI";"243500667";"";"";"";"2021-10-06";"160731";""
"35275";"3299";"PLUi/PLUiS";"MET";"2019-12-18 23:00:00+00:00";"2015-07-08 22:00:00+00:00";"39";"35";"53";"2021";"NON";"OUI";"243500139";"";"";"";"2021-10-06";"143229";""
"35276";"3299";"PLUi/PLUiS";"CC";"2020-02-24 23:00:00+00:00";"2017-01-09 23:00:00+00:00";"39";"35";"53";"2021";"NON";"OUI";"243500667";"";"";"";"2021-10-06";"160731";""
"35277";"3299";"PLUi/PLUiS";"CC";"2021-03-24 23:00:00+00:00";"2017-05-17 22:00:00+00:00";"39";"35";"53";"2021";"NON";"OUI";"243500550";"";"";"";"2021-10-06";"161127";""
"35278";"3299";"PLUi/PLUiS";"MET";"2019-12-18 23:00:00+00:00";"2015-07-08 22:00:00+00:00";"39";"35";"53";"2021";"NON";"OUI";"243500139";"";"";"";"2021-10-06";"143229";""
"35279";"3199";"PLU";"COM";"2019-09-25 22:00:00+00:00";"2016-01-27 23:00:00+00:00";"39";"35";"53";"2021";"NON";"NON";"35279";"";"";"";"2021-10-06";"151786";""
"35280";"3332";"PLUi/PLUiS";"CC";"2018-07-02 22:00:00+00:00";"2012-09-25 22:00:00+00:00";"33";"35";"53";"2021";"OUI";"NON";"200070688";"";"";"";"2021-10-06";"116100";""
"35281";"3299";"PLUi/PLUiS";"MET";"2019-12-18 23:00:00+00:00";"2015-07-08 22:00:00+00:00";"39";"35";"53";"2021";"NON";"OUI";"243500139";"";"";"";"2021-10-06";"143229";""
"35282";"3199";"PLU";"COM";"2008-12-07 23:00:00+00:00";"2004-08-11 22:00:00+00:00";"39";"35";"53";"2021";"NON";"NON";"35282";"";"";"";"2021-10-06";"57228";""
"35283";"3131";"PLU";"COM";"2008-11-16 23:00:00+00:00";"2006-12-17 23:00:00+00:00";"33";"35";"53";"2021";"NON";"NON";"35283";"";"";"";"2021-10-06";"56822";""
"35284";"3131";"PLU";"COM";"2013-06-24 22:00:00+00:00";"2002-03-06 23:00:00+00:00";"33";"35";"53";"2021";"NON";"NON";"35284";"";"";"";"2021-10-06";"62736";""
"35285";"3199";"PLU";"COM";"2008-02-06 23:00:00+00:00";"2005-05-20 22:00:00+00:00";"39";"35";"53";"2021";"NON";"NON";"35285";"";"";"";"2021-10-06";"60248";""
"35287";"3131";"PLU";"COM";"2010-04-28 22:00:00+00:00";"2009-03-25 23:00:00+00:00";"33";"35";"53";"2021";"NON";"NON";"35287";"";"";"";"2021-10-06";"52452";""
"35288";"3131";"PLU";"COM";"2006-03-30 22:00:00+00:00";"1999-11-18 23:00:00+00:00";"33";"35";"53";"2021";"NON";"NON";"35288";"";"";"";"2021-10-06";"3433";""
"35289";"3131";"PLU";"COM";"2008-05-19 22:00:00+00:00";"2006-09-06 22:00:00+00:00";"33";"35";"53";"2021";"NON";"NON";"35289";"";"";"";"2021-10-06";"52479";""
"35290";"3199";"PLU";"COM";"2019-01-16 23:00:00+00:00";"2015-11-11 23:00:00+00:00";"39";"35";"53";"2021";"NON";"NON";"35290";"";"";"";"2021-10-06";"49543";""
"35291";"3199";"PLU";"COM";"2009-09-30 22:00:00+00:00";"2003-05-22 22:00:00+00:00";"39";"35";"53";"2021";"NON";"NON";"35291";"";"";"";"2021-10-06";"52481";""
"35292";"3332";"PLUi/PLUiS";"CC";"2018-07-02 22:00:00+00:00";"2012-09-25 22:00:00+00:00";"33";"35";"53";"2021";"OUI";"NON";"200070688";"";"";"";"2021-10-06";"116100";""
"35294";"3199";"PLU";"COM";"2014-04-23 22:00:00+00:00";"2012-01-24 23:00:00+00:00";"39";"35";"53";"2021";"NON";"NON";"35294";"";"";"";"2021-10-06";"119811";""
"35295";"3199";"PLU";"COM";"2013-05-29 22:00:00+00:00";"2009-11-11 23:00:00+00:00";"39";"35";"53";"2021";"NON";"NON";"35295";"";"";"";"2021-10-06";"50266";""
"35296";"3299";"PLUi/PLUiS";"CC";"2020-02-24 23:00:00+00:00";"2017-01-09 23:00:00+00:00";"39";"35";"53";"2021";"NON";"OUI";"243500667";"";"";"";"2021-10-06";"160731";""
"35297";"3131";"PLU";"COM";"2004-02-22 23:00:00+00:00";"1996-03-24 23:00:00+00:00";"33";"35";"53";"2021";"NON";"NON";"35297";"";"";"";"2021-10-06";"52482";""
"35299";"3199";"PLU";"COM";"2017-12-10 23:00:00+00:00";"2003-10-05 22:00:00+00:00";"39";"35";"53";"2021";"NON";"NON";"35299";"";"";"";"2021-10-06";"63904";""
"35300";"3199";"PLU";"COM";"2020-03-01 23:00:00+00:00";"2017-01-22 23:00:00+00:00";"39";"35";"53";"2021";"NON";"NON";"35300";"";"";"";"2021-10-06";"151791";""
"35302";"3199";"PLU";"COM";"2008-06-18 22:00:00+00:00";"1999-04-01 22:00:00+00:00";"39";"35";"53";"2021";"NON";"NON";"35302";"";"";"";"2021-10-06";"52485";""
"35304";"3199";"PLU";"COM";"2010-01-18 23:00:00+00:00";"2007-02-01 23:00:00+00:00";"39";"35";"53";"2021";"NON";"NON";"35304";"";"";"";"2021-10-06";"52486";""
"35305";"3299";"PLUi/PLUiS";"CC";"2021-06-20 22:00:00+00:00";"2017-06-11 22:00:00+00:00";"39";"35";"53";"2021";"NON";"OUI";"243500618";"";"";"";"2021-10-06";"161126";""
"35307";"3199";"PLU";"COM";"2020-01-22 23:00:00+00:00";"2015-07-01 22:00:00+00:00";"39";"35";"53";"2021";"NON";"NON";"35307";"";"";"";"2021-10-06";"145850";""
"35308";"3432";"PLU";"CC";"2008-06-25 22:00:00+00:00";"2005-08-24 22:00:00+00:00";"33";"35";"53";"2021";"NON";"NON";"35308";"";"";"";"2021-10-06";"52488";""
"35309";"1432";"CC";"CC";"2010-07-11 22:00:00+00:00";"2009-06-11 22:00:00+00:00";"13";"35";"53";"2021";"NON";"NON";"200070688";"";"";"";"2021-10-06";"69308";""
"35310";"3199";"PLU";"COM";"2005-03-30 22:00:00+00:00";"1983-12-21 23:00:00+00:00";"39";"35";"53";"2021";"NON";"NON";"35310";"";"";"";"2021-10-06";"56827";""
"35312";"3199";"PLU";"COM";"2020-02-23 23:00:00+00:00";"2016-09-26 22:00:00+00:00";"39";"35";"53";"2021";"NON";"NON";"35312";"";"";"";"2021-10-06";"151792";""
"35314";"3199";"PLU";"COM";"2019-05-15 22:00:00+00:00";"2014-12-03 23:00:00+00:00";"39";"35";"53";"2021";"NON";"NON";"35314";"";"";"";"2021-10-06";"63905";""
"35315";"3299";"PLUi/PLUiS";"MET";"2019-12-18 23:00:00+00:00";"2015-07-08 22:00:00+00:00";"39";"35";"53";"2021";"NON";"OUI";"243500139";"";"";"";"2021-10-06";"143229";""
"35316";"3299";"PLUi/PLUiS";"CC";"2020-03-11 23:00:00+00:00";"2015-12-16 23:00:00+00:00";"39";"35";"53";"2021";"NON";"OUI";"200070662";"";"";"";"2021-10-06";"143246";""
"35317";"3299";"PLUi/PLUiS";"CC";"2020-02-24 23:00:00+00:00";"2017-01-09 23:00:00+00:00";"39";"35";"53";"2021";"NON";"OUI";"35317";"";"";"";"2021-10-06";"160731";""
"35318";"1432";"CC";"CC";"2007-06-12 22:00:00+00:00";"2005-06-09 22:00:00+00:00";"13";"35";"53";"2021";"NON";"NON";"35318";"";"";"";"2021-10-06";"68067";""
"35319";"3299";"PLUi/PLUiS";"CC";"2021-06-20 22:00:00+00:00";"2017-06-11 22:00:00+00:00";"39";"35";"53";"2021";"NON";"OUI";"243500618";"";"";"";"2021-10-06";"161126";""
"35320";"3199";"PLU";"COM";"2009-06-24 22:00:00+00:00";"2007-01-25 23:00:00+00:00";"39";"35";"53";"2021";"NON";"NON";"35320";"";"";"";"2021-10-06";"52491";""
"35321";"3299";"PLUi/PLUiS";"CC";"2020-03-11 23:00:00+00:00";"2015-12-16 23:00:00+00:00";"39";"35";"53";"2021";"NON";"OUI";"200070662";"";"";"";"2021-10-06";"143246";""
"35322";"3299";"PLUi/PLUiS";"CC";"2020-03-11 23:00:00+00:00";"2015-12-16 23:00:00+00:00";"39";"35";"53";"2021";"NON";"OUI";"200070662";"";"";"";"2021-10-06";"143246";""
"35324";"3131";"PLU";"COM";"2006-09-18 22:00:00+00:00";"2003-06-29 22:00:00+00:00";"33";"35";"53";"2021";"NON";"NON";"35324";"";"";"";"2021-10-06";"52497";""
"35325";"1199";"CC";"COM";"2007-04-18 22:00:00+00:00";"2005-06-12 22:00:00+00:00";"19";"35";"53";"2021";"NON";"NON";"35325";"";"";"";"2021-10-06";"68068";""
"35326";"3299";"PLUi/PLUiS";"CC";"2020-02-24 23:00:00+00:00";"2017-01-09 23:00:00+00:00";"39";"35";"53";"2021";"NON";"OUI";"243500667";"";"";"";"2021-10-06";"160731";""
"35327";"3199";"PLU";"COM";"2019-07-02 22:00:00+00:00";"2016-03-22 23:00:00+00:00";"39";"35";"53";"2021";"NON";"NON";"35327";"";"";"";"2021-10-06";"151793";""
"35328";"3199";"PLU";"COM";"2019-06-24 22:00:00+00:00";"2014-06-19 22:00:00+00:00";"39";"35";"53";"2021";"NON";"NON";"35328";"";"";"";"2021-10-06";"136184";""
"35329";"1199";"CC";"COM";"2013-01-21 23:00:00+00:00";"2010-06-23 22:00:00+00:00";"19";"35";"53";"2021";"NON";"NON";"35329";"";"";"";"2021-10-06";"66915";""
"35330";"3199";"PLU";"COM";"2006-10-04 22:00:00+00:00";"2003-05-25 22:00:00+00:00";"39";"35";"53";"2021";"NON";"NON";"35330";"";"";"";"2021-10-06";"52495";""
"35331";"3299";"PLUi/PLUiS";"CC";"2021-03-24 23:00:00+00:00";"2017-05-17 22:00:00+00:00";"39";"35";"53";"2021";"NON";"OUI";"243500550";"";"";"";"2021-10-06";"161127";""
"35332";"3299";"PLUi/PLUiS";"CC";"2020-03-11 23:00:00+00:00";"2015-12-16 23:00:00+00:00";"39";"35";"53";"2021";"NON";"OUI";"200070662";"";"";"";"2021-10-06";"143246";""
"35333";"3131";"PLU";"COM";"2007-02-25 23:00:00+00:00";"2004-07-06 22:00:00+00:00";"33";"35";"53";"2021";"NON";"NON";"35333";"";"";"";"2021-10-06";"56829";""
"35334";"3299";"PLUi/PLUiS";"MET";"2019-12-18 23:00:00+00:00";"2015-07-08 22:00:00+00:00";"39";"35";"53";"2021";"NON";"OUI";"243500139";"";"";"";"2021-10-06";"143229";""
"35335";"1199";"CC";"COM";"2009-07-24 22:00:00+00:00";"2006-03-08 23:00:00+00:00";"19";"35";"53";"2021";"NON";"NON";"35335";"";"";"";"2021-10-06";"69310";""
"35336";"3332";"PLUi/PLUiS";"CC";"2018-07-02 22:00:00+00:00";"2012-09-25 22:00:00+00:00";"33";"35";"53";"2021";"OUI";"NON";"200070688";"";"";"";"2021-10-06";"116100";""
"35337";"3432";"PLU";"CC";"2021-06-21 22:00:00+00:00";"2016-07-21 22:00:00+00:00";"33";"35";"53";"2021";"NON";"NON";"35337";"";"";"";"2021-10-06";"151794";""
"35338";"3199";"PLU";"COM";"2020-09-20 22:00:00+00:00";"2016-09-18 22:00:00+00:00";"39";"35";"53";"2021";"NON";"NON";"35338";"";"";"";"2021-10-06";"151796";""
"35339";"3199";"PLU";"COM";"2011-02-03 23:00:00+00:00";"2007-07-09 22:00:00+00:00";"39";"35";"53";"2021";"NON";"NON";"35339";"";"";"";"2021-10-06";"62237";""
"35340";"3299";"PLUi/PLUiS";"CC";"2021-06-20 22:00:00+00:00";"2017-06-11 22:00:00+00:00";"39";"35";"53";"2021";"NON";"OUI";"243500618";"";"";"";"2021-10-06";"161126";""
"35342";"3432";"PLU";"CC";"2008-09-30 22:00:00+00:00";"2004-10-07 22:00:00+00:00";"33";"35";"53";"2021";"NON";"NON";"35342";"";"";"";"2021-10-06";"52504";""
"35343";"3299";"PLUi/PLUiS";"CC";"2020-03-11 23:00:00+00:00";"2015-12-16 23:00:00+00:00";"39";"35";"53";"2021";"NON";"OUI";"200070662";"";"";"";"2021-10-06";"143246";""
"35347";"3199";"PLU";"COM";"2020-11-12 23:00:00+00:00";"2016-12-14 23:00:00+00:00";"39";"35";"53";"2021";"NON";"NON";"35347";"";"";"";"2021-10-06";"154611";""
"35350";"3131";"PLU";"COM";"2008-02-17 23:00:00+00:00";"2003-09-29 22:00:00+00:00";"33";"35";"53";"2021";"NON";"NON";"35350";"";"";"";"2021-10-06";"57229";""
"35351";"3299";"PLUi/PLUiS";"MET";"2019-12-18 23:00:00+00:00";"2015-07-08 22:00:00+00:00";"39";"35";"53";"2021";"NON";"OUI";"35351";"";"";"";"2021-10-06";"143229";""
"35352";"3299";"PLUi/PLUiS";"MET";"2019-12-18 23:00:00+00:00";"2015-07-08 22:00:00+00:00";"39";"35";"53";"2021";"NON";"OUI";"243500139";"";"";"";"2021-10-06";"143229";""
"35353";"3299";"PLUi/PLUiS";"MET";"2019-12-18 23:00:00+00:00";"2015-07-08 22:00:00+00:00";"39";"35";"53";"2021";"NON";"OUI";"243500139";"";"";"";"2021-10-06";"143229";""
"35355";"3299";"PLUi/PLUiS";"CC";"2020-02-24 23:00:00+00:00";"2017-01-09 23:00:00+00:00";"39";"35";"53";"2021";"NON";"OUI";"243500667";"";"";"";"2021-10-06";"160731";""
"35356";"3299";"PLUi/PLUiS";"CC";"2020-02-24 23:00:00+00:00";"2017-01-09 23:00:00+00:00";"39";"35";"53";"2021";"NON";"OUI";"243500667";"";"";"";"2021-10-06";"160731";""
"35358";"3199";"PLU";"COM";"2014-02-24 23:00:00+00:00";"2009-03-01 23:00:00+00:00";"39";"35";"53";"2021";"NON";"NON";"35358";"";"";"";"2021-10-06";"64485";""
"35359";"1199";"CC";"COM";"2004-08-17 22:00:00+00:00";"2001-12-20 23:00:00+00:00";"19";"35";"53";"2021";"NON";"NON";"35359";"";"";"";"2021-10-06";"65307";""
"35360";"3199";"PLU";"COM";"2020-01-22 23:00:00+00:00";"2016-04-20 22:00:00+00:00";"39";"35";"53";"2021";"NON";"NON";"35360";"";"";"";"2021-10-06";"151861";""
"35361";"3131";"PLU";"COM";"2010-03-28 22:00:00+00:00";"2003-07-06 22:00:00+00:00";"33";"35";"53";"2021";"NON";"NON";"35361";"";"";"";"2021-10-06";"56825";""
"35362";"3199";"PLU";"COM";"2010-07-05 22:00:00+00:00";"2003-03-20 23:00:00+00:00";"39";"35";"53";"2021";"NON";"NON";"35362";"";"";"";"2021-10-06";"52508";""
"35363";"3299";"PLUi/PLUiS";"MET";"2019-12-18 23:00:00+00:00";"2015-07-08 22:00:00+00:00";"39";"35";"53";"2021";"NON";"OUI";"243500139";"";"";"";"2021-10-06";"143229";""
"36001";"3299";"PLUi/PLUiS";"CC";"2020-03-01 23:00:00+00:00";"2015-11-18 23:00:00+00:00";"39";"36";"24";"2021";"NON";"OUI";"200007052";"";"";"";"2021-10-06";"142426";""
"36002";"3399";"PLUi/PLUiS";"CC";"2019-12-18 23:00:00+00:00";"2015-05-27 22:00:00+00:00";"39";"36";"24";"2021";"OUI";"NON";"200068880";"";"";"";"2021-10-06";"141706";""
"36003";"3399";"PLUi/PLUiS";"CC";"2019-05-15 22:00:00+00:00";"2012-06-20 22:00:00+00:00";"39";"36";"24";"2021";"OUI";"NON";"200068880";"";"";"";"2021-10-06";"117197";""
"36005";"3299";"PLUi/PLUiS";"CA";"2020-02-12 23:00:00+00:00";"2015-06-24 22:00:00+00:00";"39";"36";"24";"2021";"NON";"OUI";"243600327";"";"";"";"2021-10-06";"141701";""
"36006";"3499";"PLU";"CC";"2020-02-12 23:00:00+00:00";"2016-03-24 23:00:00+00:00";"39";"36";"24";"2021";"NON";"NON";"200068872";"";"";"";"2021-10-06";"147747";""
"36007";"3199";"PLU";"COM";"2017-09-27 22:00:00+00:00";"2013-12-11 23:00:00+00:00";"39";"36";"24";"2021";"NON";"NON";"36007";"";"";"";"2021-10-06";"126615";""
"36009";"3299";"PLUi/PLUiS";"CA";"2020-02-12 23:00:00+00:00";"2015-06-24 22:00:00+00:00";"39";"36";"24";"2021";"NON";"OUI";"243600327";"";"";"";"2021-10-06";"141701";""
"36010";"3199";"PLU";"COM";"2013-06-25 22:00:00+00:00";"2006-11-19 23:00:00+00:00";"39";"36";"24";"2021";"NON";"NON";"36010";"";"";"";"2021-10-06";"63906";""
"36012";"1433";"CC";"CC";"2010-01-06 23:00:00+00:00";"2008-05-06 22:00:00+00:00";"13";"36";"24";"2021";"NON";"NON";"200068872";"";"";"";"2021-10-06";"105308";""
"36013";"1199";"CC";"COM";"2010-10-06 22:00:00+00:00";"2006-11-12 23:00:00+00:00";"19";"36";"24";"2021";"NON";"NON";"36013";"";"";"";"2021-10-06";"87810";""
"36016";"1432";"CC";"CC";"2007-04-29 22:00:00+00:00";"2004-07-29 22:00:00+00:00";"13";"36";"24";"2021";"NON";"NON";"36016";"";"";"";"2021-10-06";"68070";""
"36018";"3432";"PLU";"CC";"2003-04-27 22:00:00+00:00";"2003-04-27 22:00:00+00:00";"33";"36";"24";"2021";"NON";"NON";"36018";"";"";"";"2021-10-06";"58626";""
"36019";"3399";"PLUi/PLUiS";"CC";"2019-05-15 22:00:00+00:00";"2012-06-20 22:00:00+00:00";"39";"36";"24";"2021";"OUI";"NON";"200068880";"";"";"";"2021-10-06";"117197";""
"36021";"3299";"PLUi/PLUiS";"CC";"2019-12-05 23:00:00+00:00";"2017-04-07 22:00:00+00:00";"39";"36";"24";"2021";"NON";"OUI";"243600236";"";"";"";"2021-10-06";"156154";""
"36022";"1499";"CC";"CC";"2006-07-03 22:00:00+00:00";"2006-02-03 23:00:00+00:00";"19";"36";"24";"2021";"NON";"NON";"200068872";"";"";"";"2021-10-06";"105329";""
"36023";"1199";"CC";"COM";"2016-07-10 22:00:00+00:00";"2014-08-24 22:00:00+00:00";"19";"36";"24";"2021";"NON";"NON";"36023";"";"";"";"2021-10-06";"133176";""
"36026";"1199";"CC";"COM";"2007-05-08 22:00:00+00:00";"2003-10-27 23:00:00+00:00";"19";"36";"24";"2021";"NON";"NON";"36026";"";"";"";"2021-10-06";"68074";""
"36027";"3399";"PLUi/PLUiS";"CC";"2019-05-15 22:00:00+00:00";"2012-06-20 22:00:00+00:00";"39";"36";"24";"2021";"OUI";"NON";"200068880";"";"";"";"2021-10-06";"117197";""
"36028";"3299";"PLUi/PLUiS";"CC";"2020-03-01 23:00:00+00:00";"2015-11-18 23:00:00+00:00";"39";"36";"24";"2021";"NON";"OUI";"200007052";"";"";"";"2021-10-06";"142426";""
"36029";"3399";"PLUi/PLUiS";"CC";"2019-12-18 23:00:00+00:00";"2015-05-27 22:00:00+00:00";"39";"36";"24";"2021";"OUI";"NON";"200068880";"";"";"";"2021-10-06";"141706";""
"36030";"1432";"CC";"CC";"2008-06-03 22:00:00+00:00";"2004-10-07 22:00:00+00:00";"13";"36";"24";"2021";"NON";"NON";"200018521";"";"";"";"2021-10-06";"69316";""
"36031";"3199";"PLU";"COM";"2018-03-14 23:00:00+00:00";"2011-12-07 23:00:00+00:00";"39";"36";"24";"2021";"NON";"NON";"36031";"";"";"";"2021-10-06";"94038";""
"36032";"3433";"PLU";"CC";"2018-06-19 22:00:00+00:00";"2012-12-11 23:00:00+00:00";"33";"36";"24";"2021";"NON";"NON";"200068872";"";"";"";"2021-10-06";"114152";""
"36033";"3499";"PLU";"CC";"2013-11-21 23:00:00+00:00";"2009-10-15 22:00:00+00:00";"39";"36";"24";"2021";"NON";"NON";"200068872";"";"";"";"2021-10-06";"63907";""
"36034";"3199";"PLU";"COM";"2016-12-22 23:00:00+00:00";"2013-11-17 23:00:00+00:00";"39";"36";"24";"2021";"NON";"NON";"36034";"";"";"";"2021-10-06";"127087";""
"36035";"3432";"PLU";"CC";"2007-03-12 23:00:00+00:00";"1997-01-20 23:00:00+00:00";"33";"36";"24";"2021";"NON";"NON";"36035";"";"";"";"2021-10-06";"56830";""
"36037";"3399";"PLUi/PLUiS";"CC";"2019-05-15 22:00:00+00:00";"2012-06-20 22:00:00+00:00";"39";"36";"24";"2021";"OUI";"NON";"200068880";"";"";"";"2021-10-06";"117197";""
"36041";"3399";"PLUi/PLUiS";"CC";"2019-12-18 23:00:00+00:00";"2015-05-27 22:00:00+00:00";"39";"36";"24";"2021";"OUI";"NON";"200068880";"";"";"";"2021-10-06";"141706";""
"36042";"3499";"PLU";"CC";"2018-07-11 22:00:00+00:00";"2014-12-16 23:00:00+00:00";"39";"36";"24";"2021";"NON";"NON";"200068872";"";"";"";"2021-10-06";"128084";""
"36044";"3299";"PLUi/PLUiS";"CA";"2020-02-12 23:00:00+00:00";"2015-06-24 22:00:00+00:00";"39";"36";"24";"2021";"NON";"OUI";"243600327";"";"";"";"2021-10-06";"141701";""
"36045";"3499";"PLU";"CC";"2009-09-23 22:00:00+00:00";"2004-05-17 22:00:00+00:00";"39";"36";"24";"2021";"NON";"NON";"36045";"";"";"";"2021-10-06";"52515";""
"36046";"3432";"PLU";"CC";"2021-07-06 22:00:00+00:00";"2011-01-23 23:00:00+00:00";"33";"36";"24";"2021";"NON";"NON";"243600350";"";"";"";"2021-10-06";"110250";""
"36050";"3199";"PLU";"COM";"2015-09-28 22:00:00+00:00";"2011-11-02 23:00:00+00:00";"39";"36";"24";"2021";"NON";"NON";"36050";"";"";"";"2021-10-06";"87837";""
"36052";"3399";"PLUi/PLUiS";"CC";"2019-05-15 22:00:00+00:00";"2012-06-20 22:00:00+00:00";"39";"36";"24";"2021";"OUI";"NON";"200068880";"";"";"";"2021-10-06";"117197";""
"36054";"1499";"CC";"CC";"2012-02-06 23:00:00+00:00";"2011-08-10 22:00:00+00:00";"19";"36";"24";"2021";"NON";"NON";"36054";"";"";"";"2021-10-06";"87846";""
"36055";"3499";"PLU";"CC";"2012-02-26 23:00:00+00:00";"2005-11-20 23:00:00+00:00";"39";"36";"24";"2021";"NON";"NON";"36055";"";"";"";"2021-10-06";"62241";""
"36056";"3432";"PLU";"CC";"2015-05-28 22:00:00+00:00";"2011-01-20 23:00:00+00:00";"33";"36";"24";"2021";"NON";"NON";"200018521";"";"";"";"2021-10-06";"98804";""
"36057";"3299";"PLUi/PLUiS";"CA";"2020-02-12 23:00:00+00:00";"2015-06-24 22:00:00+00:00";"39";"36";"24";"2021";"NON";"OUI";"243600327";"";"";"";"2021-10-06";"141701";""
"36059";"3399";"PLUi/PLUiS";"CC";"2019-05-15 22:00:00+00:00";"2012-06-20 22:00:00+00:00";"39";"36";"24";"2021";"OUI";"NON";"200068880";"";"";"";"2021-10-06";"117197";""
"36060";"3299";"PLUi/PLUiS";"CC";"2020-03-01 23:00:00+00:00";"2015-11-18 23:00:00+00:00";"39";"36";"24";"2021";"NON";"OUI";"200007052";"";"";"";"2021-10-06";"142426";""
"36061";"3299";"PLUi/PLUiS";"CC";"2020-03-01 23:00:00+00:00";"2015-11-18 23:00:00+00:00";"39";"36";"24";"2021";"NON";"OUI";"200007052";"";"";"";"2021-10-06";"142426";""
"36063";"3299";"PLUi/PLUiS";"CA";"2020-02-12 23:00:00+00:00";"2015-06-24 22:00:00+00:00";"39";"36";"24";"2021";"NON";"OUI";"243600327";"";"";"";"2021-10-06";"141701";""
"36064";"3299";"PLUi/PLUiS";"CA";"2020-02-12 23:00:00+00:00";"2015-06-24 22:00:00+00:00";"39";"36";"24";"2021";"NON";"OUI";"243600327";"";"";"";"2021-10-06";"141701";""
"36065";"3299";"PLUi/PLUiS";"CC";"2019-12-05 23:00:00+00:00";"2017-04-07 22:00:00+00:00";"39";"36";"24";"2021";"NON";"OUI";"243600236";"";"";"";"2021-10-06";"156154";""
"36068";"3199";"PLU";"COM";"2015-12-21 23:00:00+00:00";"2011-03-02 23:00:00+00:00";"39";"36";"24";"2021";"NON";"NON";"36068";"";"";"";"2021-10-06";"61470";""
"36069";"3199";"PLU";"COM";"2016-12-26 23:00:00+00:00";"2013-09-30 22:00:00+00:00";"39";"36";"24";"2021";"NON";"NON";"36069";"";"";"";"2021-10-06";"126663";""
"36071";"3299";"PLUi/PLUiS";"CA";"2020-02-12 23:00:00+00:00";"2015-06-24 22:00:00+00:00";"39";"36";"24";"2021";"NON";"OUI";"243600327";"";"";"";"2021-10-06";"141701";""
"36074";"3499";"PLU";"CC";"2017-10-02 22:00:00+00:00";"2014-06-02 22:00:00+00:00";"39";"36";"24";"2021";"NON";"NON";"36074";"";"";"";"2021-10-06";"130294";""
"36075";"3399";"PLUi/PLUiS";"CC";"2019-12-18 23:00:00+00:00";"2015-05-27 22:00:00+00:00";"39";"36";"24";"2021";"OUI";"NON";"200068880";"";"";"";"2021-10-06";"141706";""
"36077";"1199";"CC";"COM";"2006-10-22 22:00:00+00:00";"2004-05-02 22:00:00+00:00";"19";"36";"24";"2021";"NON";"NON";"36077";"";"";"";"2021-10-06";"68076";""
"36078";"1432";"CC";"CC";"2011-05-22 22:00:00+00:00";"2010-09-09 22:00:00+00:00";"13";"36";"24";"2021";"NON";"NON";"200018521";"";"";"";"2021-10-06";"98849";""
"36081";"1433";"CC";"CC";"2009-03-09 23:00:00+00:00";"2007-05-24 22:00:00+00:00";"13";"36";"24";"2021";"NON";"NON";"200068872";"";"";"";"2021-10-06";"102909";""
"36083";"3399";"PLUi/PLUiS";"CC";"2019-12-18 23:00:00+00:00";"2015-05-27 22:00:00+00:00";"39";"36";"24";"2021";"OUI";"NON";"200068880";"";"";"";"2021-10-06";"141706";""
"36084";"1432";"CC";"CC";"2009-10-25 23:00:00+00:00";"2004-03-04 23:00:00+00:00";"13";"36";"24";"2021";"NON";"NON";"200018521";"";"";"";"2021-10-06";"69324";""
"36085";"3399";"PLUi/PLUiS";"CC";"2019-12-18 23:00:00+00:00";"2015-05-27 22:00:00+00:00";"39";"36";"24";"2021";"OUI";"NON";"200068880";"";"";"";"2021-10-06";"141706";""
"36087";"1432";"CC";"CC";"2007-12-05 23:00:00+00:00";"2004-06-03 22:00:00+00:00";"13";"36";"24";"2021";"NON";"NON";"243600319";"";"";"";"2021-10-06";"69318";""
"36088";"3299";"PLUi/PLUiS";"CC";"2019-12-05 23:00:00+00:00";"2017-04-07 22:00:00+00:00";"39";"36";"24";"2021";"NON";"OUI";"243600236";"";"";"";"2021-10-06";"156154";""
"36089";"3299";"PLUi/PLUiS";"CA";"2020-02-12 23:00:00+00:00";"2015-06-24 22:00:00+00:00";"39";"36";"24";"2021";"NON";"OUI";"243600327";"";"";"";"2021-10-06";"141701";""
"36092";"1199";"CC";"COM";"2006-03-22 23:00:00+00:00";"2003-05-14 22:00:00+00:00";"19";"36";"24";"2021";"NON";"NON";"36092";"";"";"";"2021-10-06";"13402";""
"36093";"3131";"PLU";"COM";"2016-12-26 23:00:00+00:00";"2013-07-17 22:00:00+00:00";"33";"36";"24";"2021";"NON";"NON";"36093";"";"";"";"2021-10-06";"122557";""
"36097";"3399";"PLUi/PLUiS";"CC";"2019-12-18 23:00:00+00:00";"2015-05-27 22:00:00+00:00";"39";"36";"24";"2021";"OUI";"NON";"200068880";"";"";"";"2021-10-06";"141706";""
"36098";"3399";"PLUi/PLUiS";"CC";"2019-05-15 22:00:00+00:00";"2012-06-20 22:00:00+00:00";"39";"36";"24";"2021";"OUI";"NON";"200068880";"";"";"";"2021-10-06";"117197";""
"36099";"3299";"PLUi/PLUiS";"CC";"2020-03-01 23:00:00+00:00";"2015-11-18 23:00:00+00:00";"39";"36";"24";"2021";"NON";"OUI";"200007052";"";"";"";"2021-10-06";"142426";""
"36100";"1432";"CC";"CC";"2005-07-28 22:00:00+00:00";"2002-01-23 23:00:00+00:00";"13";"36";"24";"2021";"NON";"NON";"243600350";"";"";"";"2021-10-06";"68077";""
"36101";"3299";"PLUi/PLUiS";"CA";"2020-02-12 23:00:00+00:00";"2015-06-24 22:00:00+00:00";"39";"36";"24";"2021";"NON";"OUI";"243600327";"";"";"";"2021-10-06";"141701";""
"36102";"3399";"PLUi/PLUiS";"CC";"2019-12-18 23:00:00+00:00";"2015-05-27 22:00:00+00:00";"39";"36";"24";"2021";"OUI";"NON";"200068880";"";"";"";"2021-10-06";"141706";""
"36103";"3131";"PLU";"COM";"2011-03-13 23:00:00+00:00";"2007-01-21 23:00:00+00:00";"33";"36";"24";"2021";"NON";"NON";"36103";"";"";"";"2021-10-06";"52534";""
"36104";"1432";"CC";"CC";"2012-07-10 22:00:00+00:00";"2011-11-24 23:00:00+00:00";"13";"36";"24";"2021";"NON";"NON";"36104";"";"";"";"2021-10-06";"110025";""
"36107";"3199";"PLU";"COM";"2012-12-20 23:00:00+00:00";"2004-07-04 22:00:00+00:00";"39";"36";"24";"2021";"NON";"NON";"36107";"";"";"";"2021-10-06";"62251";""
"36108";"3432";"PLU";"CC";"2017-12-19 23:00:00+00:00";"2010-11-16 23:00:00+00:00";"33";"36";"24";"2021";"NON";"NON";"200018521";"";"";"";"2021-10-06";"49254";""
"36112";"3299";"PLUi/PLUiS";"CA";"2020-02-12 23:00:00+00:00";"2015-06-24 22:00:00+00:00";"39";"36";"24";"2021";"NON";"OUI";"243600327";"";"";"";"2021-10-06";"141701";""
"36113";"3199";"PLU";"COM";"2021-06-28 22:00:00+00:00";"2009-09-17 22:00:00+00:00";"39";"36";"24";"2021";"NON";"NON";"36113";"";"";"";"2021-10-06";"62253";""
"36114";"1432";"CC";"CC";"2006-09-11 22:00:00+00:00";"2003-09-03 22:00:00+00:00";"13";"36";"24";"2021";"NON";"NON";"200035137";"";"";"";"2021-10-06";"69319";""
"36115";"1199";"CC";"COM";"2008-03-06 23:00:00+00:00";"2003-12-17 23:00:00+00:00";"19";"36";"24";"2021";"NON";"NON";"36115";"";"";"";"2021-10-06";"69320";""
"36116";"3399";"PLUi/PLUiS";"CC";"2019-12-18 23:00:00+00:00";"2015-05-27 22:00:00+00:00";"39";"36";"24";"2021";"OUI";"NON";"200068880";"";"";"";"2021-10-06";"141706";""
"36118";"1199";"CC";"COM";"2010-08-11 22:00:00+00:00";"2009-06-04 22:00:00+00:00";"19";"36";"24";"2021";"NON";"NON";"36118";"";"";"";"2021-10-06";"69325";""
"36120";"1432";"CC";"CC";"2011-01-13 23:00:00+00:00";"2009-11-17 23:00:00+00:00";"13";"36";"24";"2021";"NON";"NON";"200018521";"";"";"";"2021-10-06";"105390";""
"36121";"3399";"PLUi/PLUiS";"CC";"2019-05-15 22:00:00+00:00";"2012-06-20 22:00:00+00:00";"39";"36";"24";"2021";"OUI";"NON";"200068880";"";"";"";"2021-10-06";"117197";""
"36122";"3399";"PLUi/PLUiS";"CC";"2019-12-18 23:00:00+00:00";"2015-05-27 22:00:00+00:00";"39";"36";"24";"2021";"OUI";"NON";"200068880";"";"";"";"2021-10-06";"141706";""
"36123";"3199";"PLU";"COM";"2014-01-19 23:00:00+00:00";"2009-10-07 22:00:00+00:00";"39";"36";"24";"2021";"NON";"NON";"36123";"";"";"";"2021-10-06";"62254";""
"36124";"3199";"PLU";"COM";"2017-04-06 22:00:00+00:00";"2014-10-12 22:00:00+00:00";"39";"36";"24";"2021";"NON";"NON";"36124";"";"";"";"2021-10-06";"133273";""
"36125";"3299";"PLUi/PLUiS";"CC";"2019-12-05 23:00:00+00:00";"2017-04-07 22:00:00+00:00";"39";"36";"24";"2021";"NON";"OUI";"243600236";"";"";"";"2021-10-06";"156154";""
"36126";"3299";"PLUi/PLUiS";"CC";"2020-03-01 23:00:00+00:00";"2015-11-18 23:00:00+00:00";"39";"36";"24";"2021";"NON";"OUI";"200007052";"";"";"";"2021-10-06";"142426";""
"36127";"3432";"PLU";"CC";"2004-05-13 22:00:00+00:00";"2000-07-20 22:00:00+00:00";"33";"36";"24";"2021";"NON";"NON";"243600350";"";"";"";"2021-10-06";"52536";""
"36128";"3299";"PLUi/PLUiS";"CA";"2020-02-12 23:00:00+00:00";"2015-06-24 22:00:00+00:00";"39";"36";"24";"2021";"NON";"OUI";"243600327";"";"";"";"2021-10-06";"141701";""
"36129";"3432";"PLU";"CC";"2009-09-17 22:00:00+00:00";"2006-10-26 22:00:00+00:00";"33";"36";"24";"2021";"NON";"NON";"200018521";"";"";"";"2021-10-06";"52531";""
"36131";"1499";"CC";"CC";"2005-07-17 22:00:00+00:00";"2005-02-24 23:00:00+00:00";"19";"36";"24";"2021";"NON";"NON";"200068872";"";"";"";"2021-10-06";"24295";""
"36133";"1432";"CC";"CC";"2009-05-10 22:00:00+00:00";"2007-01-15 23:00:00+00:00";"13";"36";"24";"2021";"NON";"NON";"200018521";"";"";"";"2021-10-06";"24298";""
"36135";"1199";"CC";"COM";"2010-05-04 22:00:00+00:00";"2004-03-25 23:00:00+00:00";"19";"36";"24";"2021";"NON";"NON";"36135";"";"";"";"2021-10-06";"69328";""
"36137";"1432";"CC";"CC";"2007-12-19 23:00:00+00:00";"2002-05-20 22:00:00+00:00";"13";"36";"24";"2021";"NON";"NON";"36137";"";"";"";"2021-10-06";"69322";""
"36139";"3199";"PLU";"COM";"2019-02-12 23:00:00+00:00";"2016-09-21 22:00:00+00:00";"39";"36";"24";"2021";"NON";"NON";"36139";"";"";"";"2021-10-06";"151109";""
"36140";"3399";"PLUi/PLUiS";"CC";"2019-05-15 22:00:00+00:00";"2012-06-20 22:00:00+00:00";"39";"36";"24";"2021";"OUI";"NON";"200068880";"";"";"";"2021-10-06";"117197";""
"36141";"3432";"PLU";"CC";"2018-05-21 22:00:00+00:00";"2013-12-16 23:00:00+00:00";"33";"36";"24";"2021";"NON";"NON";"200018521";"";"";"";"2021-10-06";"128072";""
"36142";"3131";"PLU";"COM";"2009-02-09 23:00:00+00:00";"2004-12-05 23:00:00+00:00";"33";"36";"24";"2021";"NON";"NON";"36142";"";"";"";"2021-10-06";"52533";""
"36143";"1432";"CC";"CC";"2014-09-24 22:00:00+00:00";"2011-09-29 22:00:00+00:00";"13";"36";"24";"2021";"NON";"NON";"243600350";"";"";"";"2021-10-06";"117360";""
"36144";"1432";"CC";"CC";"2009-08-02 22:00:00+00:00";"2003-03-24 23:00:00+00:00";"13";"36";"24";"2021";"NON";"NON";"36144";"";"";"";"2021-10-06";"69330";""
"36145";"3199";"PLU";"COM";"2017-01-16 23:00:00+00:00";"2009-10-26 23:00:00+00:00";"39";"36";"24";"2021";"NON";"NON";"36145";"";"";"";"2021-10-06";"63910";""
"36146";"3299";"PLUi/PLUiS";"CC";"2020-03-01 23:00:00+00:00";"2015-11-18 23:00:00+00:00";"39";"36";"24";"2021";"NON";"OUI";"200007052";"";"";"";"2021-10-06";"142426";""
"36149";"3499";"PLU";"CC";"2012-03-25 22:00:00+00:00";"2005-03-29 22:00:00+00:00";"39";"36";"24";"2021";"NON";"NON";"36149";"";"";"";"2021-10-06";"62256";""
"36150";"1432";"CC";"CC";"2014-03-11 23:00:00+00:00";"2009-10-08 22:00:00+00:00";"13";"36";"24";"2021";"NON";"NON";"36150";"";"";"";"2021-10-06";"98922";""
"36152";"3299";"PLUi/PLUiS";"CC";"2019-12-05 23:00:00+00:00";"2017-04-07 22:00:00+00:00";"39";"36";"24";"2021";"NON";"OUI";"243600236";"";"";"";"2021-10-06";"156154";""
"36153";"1111";"CC";"COM";"2007-06-19 22:00:00+00:00";"2006-03-16 23:00:00+00:00";"11";"36";"24";"2021";"NON";"NON";"36153";"";"";"";"2021-10-06";"24376";""
"36154";"3499";"PLU";"CC";"2006-02-03 23:00:00+00:00";"1999-09-01 22:00:00+00:00";"39";"36";"24";"2021";"NON";"NON";"200068872";"";"";"";"2021-10-06";"24395";""
"36155";"3199";"PLU";"COM";"2005-02-03 23:00:00+00:00";"1999-12-02 23:00:00+00:00";"39";"36";"24";"2021";"NON";"NON";"36155";"";"";"";"2021-10-06";"24407";""
"36157";"1432";"CC";"CC";"2006-01-09 23:00:00+00:00";"2003-03-26 23:00:00+00:00";"13";"36";"24";"2021";"NON";"NON";"36157";"";"";"";"2021-10-06";"13461";""
"36159";"3299";"PLUi/PLUiS";"CA";"2020-02-12 23:00:00+00:00";"2015-06-24 22:00:00+00:00";"39";"36";"24";"2021";"NON";"OUI";"243600327";"";"";"";"2021-10-06";"141701";""
"36161";"3499";"PLU";"CC";"2012-02-07 23:00:00+00:00";"2007-02-11 23:00:00+00:00";"39";"36";"24";"2021";"NON";"NON";"200068872";"";"";"";"2021-10-06";"62257";""
"36162";"3199";"PLU";"COM";"2020-02-09 23:00:00+00:00";"2013-09-29 22:00:00+00:00";"39";"36";"24";"2021";"NON";"NON";"36162";"";"";"";"2021-10-06";"122537";""
"36163";"3432";"PLU";"CC";"2017-12-13 23:00:00+00:00";"2011-02-10 23:00:00+00:00";"33";"36";"24";"2021";"NON";"NON";"243600350";"";"";"";"2021-10-06";"109899";""
"36165";"1432";"CC";"CC";"2009-08-02 22:00:00+00:00";"2005-09-27 22:00:00+00:00";"13";"36";"24";"2021";"NON";"NON";"36165";"";"";"";"2021-10-06";"24473";""
"36166";"1199";"CC";"COM";"2005-04-14 22:00:00+00:00";"2003-12-04 23:00:00+00:00";"19";"36";"24";"2021";"NON";"NON";"36166";"";"";"";"2021-10-06";"24484";""
"36168";"1432";"CC";"CC";"2003-05-27 22:00:00+00:00";"2001-04-24 22:00:00+00:00";"13";"36";"24";"2021";"NON";"NON";"200035137";"";"";"";"2021-10-06";"24486";""
"36169";"3399";"PLUi/PLUiS";"CC";"2019-05-15 22:00:00+00:00";"2012-06-20 22:00:00+00:00";"39";"36";"24";"2021";"OUI";"NON";"200068880";"";"";"";"2021-10-06";"117197";""
"36170";"3399";"PLUi/PLUiS";"CC";"2019-12-18 23:00:00+00:00";"2015-05-27 22:00:00+00:00";"39";"36";"24";"2021";"OUI";"NON";"200068880";"";"";"";"2021-10-06";"141706";""
"36171";"3299";"PLUi/PLUiS";"CC";"2019-12-05 23:00:00+00:00";"2017-04-07 22:00:00+00:00";"39";"36";"24";"2021";"NON";"OUI";"243600236";"";"";"";"2021-10-06";"156154";""
"36172";"3432";"PLU";"CC";"2010-05-20 22:00:00+00:00";"2006-06-29 22:00:00+00:00";"33";"36";"24";"2021";"NON";"NON";"36172";"";"";"";"2021-10-06";"24499";""
"36174";"1432";"CC";"CC";"2010-07-29 22:00:00+00:00";"2008-04-14 22:00:00+00:00";"13";"36";"24";"2021";"NON";"NON";"36174";"";"";"";"2021-10-06";"69333";""
"36176";"1432";"CC";"CC";"2006-06-07 22:00:00+00:00";"2004-06-30 22:00:00+00:00";"13";"36";"24";"2021";"NON";"NON";"243600319";"";"";"";"2021-10-06";"24549";""
"36177";"1432";"CC";"CC";"2008-07-26 22:00:00+00:00";"2007-05-24 22:00:00+00:00";"13";"36";"24";"2021";"NON";"NON";"243600319";"";"";"";"2021-10-06";"68082";""
"36178";"1432";"CC";"CC";"2013-11-28 23:00:00+00:00";"2002-11-27 23:00:00+00:00";"13";"36";"24";"2021";"NON";"NON";"36178";"";"";"";"2021-10-06";"99397";""
"36179";"3399";"PLUi/PLUiS";"CC";"2019-05-15 22:00:00+00:00";"2012-06-20 22:00:00+00:00";"39";"36";"24";"2021";"OUI";"NON";"200068880";"";"";"";"2021-10-06";"117197";""
"36180";"1432";"CC";"CC";"2009-06-23 22:00:00+00:00";"2008-06-19 22:00:00+00:00";"13";"36";"24";"2021";"NON";"NON";"243600350";"";"";"";"2021-10-06";"69334";""
"36181";"3399";"PLUi/PLUiS";"CC";"2019-05-15 22:00:00+00:00";"2012-06-20 22:00:00+00:00";"39";"36";"24";"2021";"OUI";"NON";"200068880";"";"";"";"2021-10-06";"117197";""
"36185";"1199";"CC";"COM";"2017-04-26 22:00:00+00:00";"2014-12-03 23:00:00+00:00";"19";"36";"24";"2021";"NON";"NON";"36185";"";"";"";"2021-10-06";"142571";""
"36189";"3299";"PLUi/PLUiS";"CC";"2020-03-01 23:00:00+00:00";"2015-11-18 23:00:00+00:00";"39";"36";"24";"2021";"NON";"OUI";"200007052";"";"";"";"2021-10-06";"142426";""
"36190";"3399";"PLUi/PLUiS";"CC";"2019-05-15 22:00:00+00:00";"2012-06-20 22:00:00+00:00";"39";"36";"24";"2021";"OUI";"NON";"200068880";"";"";"";"2021-10-06";"117197";""
"36191";"3399";"PLUi/PLUiS";"CC";"2019-12-18 23:00:00+00:00";"2015-05-27 22:00:00+00:00";"39";"36";"24";"2021";"OUI";"NON";"200068880";"";"";"";"2021-10-06";"141706";""
"36192";"3499";"PLU";"CC";"2018-12-12 23:00:00+00:00";"2008-12-18 23:00:00+00:00";"39";"36";"24";"2021";"NON";"NON";"200068872";"";"";"";"2021-10-06";"125076";""
"36193";"3199";"PLU";"COM";"2003-12-10 23:00:00+00:00";"1995-11-14 23:00:00+00:00";"39";"36";"24";"2021";"NON";"NON";"36193";"";"";"";"2021-10-06";"24654";""
"36194";"3199";"PLU";"COM";"2020-03-10 23:00:00+00:00";"2013-10-15 22:00:00+00:00";"39";"36";"24";"2021";"NON";"NON";"36194";"";"";"";"2021-10-06";"125281";""
"36195";"3299";"PLUi/PLUiS";"CC";"2019-12-05 23:00:00+00:00";"2017-04-07 22:00:00+00:00";"39";"36";"24";"2021";"NON";"OUI";"243600236";"";"";"";"2021-10-06";"156154";""
"36197";"1432";"CC";"CC";"2009-04-19 22:00:00+00:00";"2001-04-01 22:00:00+00:00";"13";"36";"24";"2021";"NON";"NON";"200035137";"";"";"";"2021-10-06";"69335";""
"36198";"3131";"PLU";"COM";"2004-06-27 22:00:00+00:00";"1998-06-23 22:00:00+00:00";"33";"36";"24";"2021";"NON";"NON";"36198";"";"";"";"2021-10-06";"24674";""
"36199";"3299";"PLUi/PLUiS";"CC";"2019-12-05 23:00:00+00:00";"2017-04-07 22:00:00+00:00";"39";"36";"24";"2021";"NON";"OUI";"243600236";"";"";"";"2021-10-06";"156154";""
"36200";"3499";"PLU";"CC";"2018-10-17 22:00:00+00:00";"2015-12-28 23:00:00+00:00";"39";"36";"24";"2021";"NON";"NON";"200068872";"";"";"";"2021-10-06";"144037";""
"36202";"3299";"PLUi/PLUiS";"CA";"2020-02-12 23:00:00+00:00";"2015-06-24 22:00:00+00:00";"39";"36";"24";"2021";"NON";"OUI";"243600327";"";"";"";"2021-10-06";"141701";""
"36204";"3199";"PLU";"COM";"2016-06-26 22:00:00+00:00";"2009-12-02 23:00:00+00:00";"39";"36";"24";"2021";"NON";"NON";"36204";"";"";"";"2021-10-06";"63911";""
"36205";"3399";"PLUi/PLUiS";"CC";"2019-12-18 23:00:00+00:00";"2015-05-27 22:00:00+00:00";"39";"36";"24";"2021";"OUI";"NON";"200068880";"";"";"";"2021-10-06";"141706";""
"36207";"3299";"PLUi/PLUiS";"CC";"2020-03-01 23:00:00+00:00";"2015-11-18 23:00:00+00:00";"39";"36";"24";"2021";"NON";"OUI";"200007052";"";"";"";"2021-10-06";"142426";""
"36208";"3432";"PLU";"CC";"2005-09-21 22:00:00+00:00";"2001-09-21 22:00:00+00:00";"33";"36";"24";"2021";"NON";"NON";"243600350";"";"";"";"2021-10-06";"24703";""
"36209";"3399";"PLUi/PLUiS";"CC";"2019-05-15 22:00:00+00:00";"2012-06-20 22:00:00+00:00";"39";"36";"24";"2021";"OUI";"NON";"200068880";"";"";"";"2021-10-06";"117197";""
"36211";"3299";"PLUi/PLUiS";"CA";"2020-02-12 23:00:00+00:00";"2015-06-24 22:00:00+00:00";"39";"36";"24";"2021";"NON";"OUI";"243600327";"";"";"";"2021-10-06";"141701";""
"36215";"3299";"PLUi/PLUiS";"CC";"2019-12-05 23:00:00+00:00";"2017-04-07 22:00:00+00:00";"39";"36";"24";"2021";"NON";"OUI";"243600236";"";"";"";"2021-10-06";"156154";""
"36219";"1499";"CC";"CC";"2002-03-12 23:00:00+00:00";"2001-10-08 22:00:00+00:00";"19";"36";"24";"2021";"NON";"NON";"200068872";"";"";"";"2021-10-06";"24960";""
"36220";"3432";"PLU";"CC";"2015-06-14 22:00:00+00:00";"2007-12-13 23:00:00+00:00";"33";"36";"24";"2021";"NON";"NON";"243600319";"";"";"";"2021-10-06";"63912";""
"36221";"1432";"CC";"CC";"2010-02-10 23:00:00+00:00";"2008-10-19 22:00:00+00:00";"13";"36";"24";"2021";"NON";"NON";"243600350";"";"";"";"2021-10-06";"68084";""
"36222";"3399";"PLUi/PLUiS";"CC";"2019-05-15 22:00:00+00:00";"2012-06-20 22:00:00+00:00";"39";"36";"24";"2021";"OUI";"NON";"200068880";"";"";"";"2021-10-06";"117197";""
"36224";"1432";"CC";"CC";"2003-09-14 22:00:00+00:00";"2002-10-17 22:00:00+00:00";"13";"36";"24";"2021";"NON";"NON";"36224";"";"";"";"2021-10-06";"24971";""
"36225";"1499";"CC";"CC";"2011-03-24 23:00:00+00:00";"2008-01-20 23:00:00+00:00";"19";"36";"24";"2021";"NON";"NON";"36225";"";"";"";"2021-10-06";"67404";""
"36226";"3432";"PLU";"CC";"2009-12-17 23:00:00+00:00";"2004-09-12 22:00:00+00:00";"33";"36";"24";"2021";"NON";"NON";"200018521";"";"";"";"2021-10-06";"52538";""
"36228";"3199";"PLU";"COM";"2016-12-06 23:00:00+00:00";"2013-11-26 23:00:00+00:00";"39";"36";"24";"2021";"NON";"NON";"36228";"";"";"";"2021-10-06";"126273";""
"36229";"1131";"CC";"COM";"2011-03-24 23:00:00+00:00";"2005-07-31 22:00:00+00:00";"13";"36";"24";"2021";"NON";"NON";"36229";"";"";"";"2021-10-06";"66132";""
"36230";"3399";"PLUi/PLUiS";"CC";"2019-12-18 23:00:00+00:00";"2015-05-27 22:00:00+00:00";"39";"36";"24";"2021";"OUI";"NON";"200068880";"";"";"";"2021-10-06";"141706";""
"36232";"3131";"PLU";"COM";"2008-06-29 22:00:00+00:00";"2003-12-04 23:00:00+00:00";"33";"36";"24";"2021";"NON";"NON";"36232";"";"";"";"2021-10-06";"25011";""
"36237";"3199";"PLU";"COM";"2010-02-28 23:00:00+00:00";"2002-05-26 22:00:00+00:00";"39";"36";"24";"2021";"NON";"NON";"36237";"";"";"";"2021-10-06";"25017";""
"36239";"1432";"CC";"CC";"2008-09-14 22:00:00+00:00";"2001-11-20 23:00:00+00:00";"13";"36";"24";"2021";"NON";"NON";"36239";"";"";"";"2021-10-06";"68085";""
"36241";"3131";"PLU";"COM";"2004-09-09 22:00:00+00:00";"1999-09-16 22:00:00+00:00";"33";"36";"24";"2021";"NON";"NON";"36241";"";"";"";"2021-10-06";"25034";""
"36244";"1199";"CC";"COM";"2018-04-17 22:00:00+00:00";"2016-04-03 22:00:00+00:00";"19";"36";"24";"2021";"NON";"NON";"36244";"";"";"";"2021-10-06";"148141";""
"36247";"3199";"PLU";"COM";"2005-09-26 22:00:00+00:00";"2002-11-14 23:00:00+00:00";"39";"36";"24";"2021";"NON";"NON";"36247";"";"";"";"2021-10-06";"25051";""
"36248";"3399";"PLUi/PLUiS";"CC";"2019-05-15 22:00:00+00:00";"2012-06-20 22:00:00+00:00";"39";"36";"24";"2021";"OUI";"NON";"200068880";"";"";"";"2021-10-06";"117197";""
"37001";"3199";"PLU";"COM";"2018-03-11 23:00:00+00:00";"2015-03-31 22:00:00+00:00";"39";"37";"24";"2021";"NON";"NON";"37001";"";"";"";"2021-10-06";"139881";""
"37002";"3131";"PLU";"COM";"2010-02-11 23:00:00+00:00";"2005-12-15 23:00:00+00:00";"33";"37";"24";"2021";"NON";"NON";"37002";"";"";"";"2021-10-06";"52541";""
"37003";"3299";"PLUi/PLUiS";"CC";"2020-02-12 23:00:00+00:00";"2016-02-03 23:00:00+00:00";"39";"37";"24";"2021";"NON";"OUI";"200043065";"";"";"";"2021-10-06";"146652";""
"37004";"3299";"PLUi/PLUiS";"CC";"2020-03-04 23:00:00+00:00";"2015-12-14 23:00:00+00:00";"39";"37";"24";"2021";"NON";"OUI";"200043081";"";"";"";"2021-10-06";"144597";""
"37005";"3299";"PLUi/PLUiS";"CC";"2020-01-26 23:00:00+00:00";"2017-02-26 23:00:00+00:00";"39";"37";"24";"2021";"NON";"OUI";"200072668";"";"";"";"2021-10-06";"155307";""
"37006";"3199";"PLU";"COM";"2007-04-12 22:00:00+00:00";"2000-09-21 22:00:00+00:00";"39";"37";"24";"2021";"NON";"NON";"37006";"";"";"";"2021-10-06";"52542";""
"37007";"3299";"PLUi/PLUiS";"CC";"2020-01-26 23:00:00+00:00";"2017-02-26 23:00:00+00:00";"39";"37";"24";"2021";"NON";"OUI";"200072668";"";"";"";"2021-10-06";"155307";""
"37008";"3432";"PLU";"CC";"2002-12-19 23:00:00+00:00";"1999-08-19 22:00:00+00:00";"33";"37";"24";"2021";"NON";"NON";"243700820";"";"";"";"2021-10-06";"52543";""
"37009";"3299";"PLUi/PLUiS";"CC";"2021-02-15 23:00:00+00:00";"2017-07-17 22:00:00+00:00";"39";"37";"24";"2021";"NON";"OUI";"243700499";"";"";"";"2021-10-06";"158375";""
"37010";"3299";"PLUi/PLUiS";"CC";"2021-02-15 23:00:00+00:00";"2017-07-17 22:00:00+00:00";"39";"37";"24";"2021";"NON";"OUI";"243700499";"";"";"";"2021-10-06";"158375";""
"37011";"3299";"PLUi/PLUiS";"CC";"2020-03-04 23:00:00+00:00";"2015-12-14 23:00:00+00:00";"39";"37";"24";"2021";"NON";"OUI";"200043081";"";"";"";"2021-10-06";"144597";""
"37012";"3299";"PLUi/PLUiS";"CC";"2020-01-26 23:00:00+00:00";"2017-02-26 23:00:00+00:00";"39";"37";"24";"2021";"NON";"OUI";"200072668";"";"";"";"2021-10-06";"155307";""
"37013";"1199";"CC";"COM";"2005-05-22 22:00:00+00:00";"2002-11-25 23:00:00+00:00";"19";"37";"24";"2021";"NON";"NON";"37013";"";"";"";"2021-10-06";"69336";""
"37014";"3199";"PLU";"COM";"2021-07-20 22:00:00+00:00";"2016-06-05 22:00:00+00:00";"39";"37";"24";"2021";"NON";"NON";"37014";"";"";"";"2021-10-06";"149678";""
"37015";"3432";"PLU";"CC";"2017-05-28 22:00:00+00:00";"2014-09-01 22:00:00+00:00";"33";"37";"24";"2021";"NON";"NON";"200073161";"";"";"";"2021-10-06";"141013";""
"37016";"1199";"CC";"COM";"2002-12-02 23:00:00+00:00";"2002-01-01 23:00:00+00:00";"19";"37";"24";"2021";"NON";"NON";"37016";"";"";"";"2021-10-06";"69337";""
"37018";"3499";"PLU";"MET";"2012-10-18 22:00:00+00:00";"2008-11-20 23:00:00+00:00";"39";"37";"24";"2021";"NON";"NON";"243700754";"";"";"";"2021-10-06";"61488";""
"37019";"1199";"CC";"COM";"2012-12-04 23:00:00+00:00";"2009-01-08 23:00:00+00:00";"19";"37";"24";"2021";"NON";"NON";"37019";"";"";"";"2021-10-06";"67405";""
"37020";"3199";"PLU";"COM";"2017-03-12 23:00:00+00:00";"2013-06-02 22:00:00+00:00";"39";"37";"24";"2021";"NON";"NON";"37020";"";"";"";"2021-10-06";"136594";""
"37021";"3434";"PLU";"CC";"2013-06-25 22:00:00+00:00";"2003-07-28 22:00:00+00:00";"33";"37";"24";"2021";"NON";"NON";"200073237";"";"";"";"2021-10-06";"50029";""
"37022";"3299";"PLUi/PLUiS";"CC";"2020-03-04 23:00:00+00:00";"2015-12-14 23:00:00+00:00";"39";"37";"24";"2021";"NON";"OUI";"200043081";"";"";"";"2021-10-06";"144597";""
"37024";"3199";"PLU";"COM";"2015-05-31 22:00:00+00:00";"2012-04-01 22:00:00+00:00";"39";"37";"24";"2021";"NON";"NON";"37024";"";"";"";"2021-10-06";"115853";""
"37025";"3499";"PLU";"MET";"2018-12-16 23:00:00+00:00";"2014-10-26 23:00:00+00:00";"39";"37";"24";"2021";"NON";"NON";"243700754";"";"";"";"2021-10-06";"136590";""
"37026";"1199";"CC";"COM";"2012-01-19 23:00:00+00:00";"2008-09-23 22:00:00+00:00";"19";"37";"24";"2021";"NON";"NON";"37026";"";"";"";"2021-10-06";"67406";""
"37027";"3432";"PLU";"CC";"2011-05-03 22:00:00+00:00";"2007-02-14 23:00:00+00:00";"33";"37";"24";"2021";"NON";"NON";"243700820";"";"";"";"2021-10-06";"63916";""
"37028";"3199";"PLU";"COM";"2014-01-28 23:00:00+00:00";"2006-12-18 23:00:00+00:00";"39";"37";"24";"2021";"NON";"NON";"37028";"";"";"";"2021-10-06";"63917";""
"37030";"3299";"PLUi/PLUiS";"CC";"2021-02-15 23:00:00+00:00";"2017-07-17 22:00:00+00:00";"39";"37";"24";"2021";"NON";"OUI";"243700499";"";"";"";"2021-10-06";"158375";""
"37031";"3199";"PLU";"COM";"2014-02-05 23:00:00+00:00";"2008-10-01 22:00:00+00:00";"39";"37";"24";"2021";"NON";"NON";"37031";"";"";"";"2021-10-06";"63918";""
"37033";"1199";"CC";"COM";"2012-12-10 23:00:00+00:00";"2008-06-05 22:00:00+00:00";"19";"37";"24";"2021";"NON";"NON";"37033";"";"";"";"2021-10-06";"67407";""
"37034";"3299";"PLUi/PLUiS";"CC";"2020-01-26 23:00:00+00:00";"2017-02-26 23:00:00+00:00";"39";"37";"24";"2021";"NON";"OUI";"200072668";"";"";"";"2021-10-06";"155307";""
"37035";"3299";"PLUi/PLUiS";"CC";"2020-01-26 23:00:00+00:00";"2017-02-26 23:00:00+00:00";"39";"37";"24";"2021";"NON";"OUI";"200072668";"";"";"";"2021-10-06";"155307";""
"37038";"3199";"PLU";"COM";"2007-02-20 23:00:00+00:00";"1999-04-08 22:00:00+00:00";"39";"37";"24";"2021";"NON";"NON";"37038";"";"";"";"2021-10-06";"52547";""
"37040";"3299";"PLUi/PLUiS";"CC";"2020-01-26 23:00:00+00:00";"2017-02-26 23:00:00+00:00";"39";"37";"24";"2021";"NON";"OUI";"200072668";"";"";"";"2021-10-06";"155307";""
"37041";"1499";"CC";"CC";"2005-12-04 23:00:00+00:00";"2002-12-17 23:00:00+00:00";"19";"37";"24";"2021";"NON";"NON";"200073237";"";"";"";"2021-10-06";"15083";""
"37042";"3299";"PLUi/PLUiS";"CC";"2020-03-04 23:00:00+00:00";"2015-12-14 23:00:00+00:00";"39";"37";"24";"2021";"NON";"OUI";"200043081";"";"";"";"2021-10-06";"144597";""
"37043";"3299";"PLUi/PLUiS";"CC";"2020-02-12 23:00:00+00:00";"2016-02-03 23:00:00+00:00";"39";"37";"24";"2021";"NON";"OUI";"200043065";"";"";"";"2021-10-06";"146652";""
"37045";"3199";"PLU";"COM";"2013-10-13 22:00:00+00:00";"2010-05-30 22:00:00+00:00";"39";"37";"24";"2021";"NON";"NON";"37045";"";"";"";"2021-10-06";"62268";""
"37046";"3432";"PLU";"CC";"2012-06-13 22:00:00+00:00";"2008-09-03 22:00:00+00:00";"33";"37";"24";"2021";"NON";"NON";"37046";"";"";"";"2021-10-06";"50269";""
"37047";"3499";"PLU";"CC";"2017-05-08 22:00:00+00:00";"2014-09-10 22:00:00+00:00";"39";"37";"24";"2021";"NON";"NON";"200073237";"";"";"";"2021-10-06";"136598";""
"37048";"3199";"PLU";"COM";"2014-03-06 23:00:00+00:00";"2010-02-28 23:00:00+00:00";"39";"37";"24";"2021";"NON";"NON";"37048";"";"";"";"2021-10-06";"62272";""
"37049";"3199";"PLU";"COM";"2003-11-30 23:00:00+00:00";"1998-06-24 22:00:00+00:00";"39";"37";"24";"2021";"NON";"NON";"37049";"";"";"";"2021-10-06";"52550";""
"37050";"3499";"PLU";"MET";"2013-09-17 22:00:00+00:00";"2008-07-02 22:00:00+00:00";"39";"37";"24";"2021";"NON";"NON";"243700754";"";"";"";"2021-10-06";"62273";""
"37051";"3299";"PLUi/PLUiS";"CC";"2020-01-26 23:00:00+00:00";"2017-02-26 23:00:00+00:00";"39";"37";"24";"2021";"NON";"OUI";"200072668";"";"";"";"2021-10-06";"155307";""
"37052";"3432";"PLU";"CC";"2020-03-03 23:00:00+00:00";"2015-04-14 22:00:00+00:00";"33";"37";"24";"2021";"NON";"NON";"200073161";"";"";"";"2021-10-06";"138691";""
"37054";"3499";"PLU";"MET";"2013-10-23 22:00:00+00:00";"2009-06-17 22:00:00+00:00";"39";"37";"24";"2021";"NON";"NON";"243700754";"";"";"";"2021-10-06";"63919";""
"37055";"3199";"PLU";"COM";"2014-02-16 23:00:00+00:00";"2011-11-16 23:00:00+00:00";"39";"37";"24";"2021";"NON";"NON";"37055";"";"";"";"2021-10-06";"100655";""
"37057";"3199";"PLU";"COM";"2007-11-29 23:00:00+00:00";"2006-01-25 23:00:00+00:00";"39";"37";"24";"2021";"NON";"NON";"37057";"";"";"";"2021-10-06";"168317";""
"37058";"3199";"PLU";"COM";"2005-09-04 22:00:00+00:00";"1998-12-06 23:00:00+00:00";"39";"37";"24";"2021";"NON";"NON";"37058";"";"";"";"2021-10-06";"56024";""
"37059";"3434";"PLU";"CC";"2010-12-12 23:00:00+00:00";"2006-01-08 23:00:00+00:00";"33";"37";"24";"2021";"NON";"NON";"200073237";"";"";"";"2021-10-06";"52552";""
"37060";"3299";"PLUi/PLUiS";"CC";"2020-02-12 23:00:00+00:00";"2016-02-03 23:00:00+00:00";"39";"37";"24";"2021";"NON";"OUI";"200043065";"";"";"";"2021-10-06";"146652";""
"37062";"3199";"PLU";"COM";"2019-10-13 22:00:00+00:00";"2015-11-01 23:00:00+00:00";"39";"37";"24";"2021";"NON";"NON";"37062";"";"";"";"2021-10-06";"142547";""
"37063";"3299";"PLUi/PLUiS";"CC";"2021-02-15 23:00:00+00:00";"2017-07-17 22:00:00+00:00";"39";"37";"24";"2021";"NON";"OUI";"243700499";"";"";"";"2021-10-06";"158375";""
"37064";"1199";"CC";"COM";"2010-06-16 22:00:00+00:00";"2007-12-05 23:00:00+00:00";"19";"37";"24";"2021";"NON";"NON";"37064";"";"";"";"2021-10-06";"69339";""
"37065";"3299";"PLUi/PLUiS";"CC";"2020-01-26 23:00:00+00:00";"2017-02-26 23:00:00+00:00";"39";"37";"24";"2021";"NON";"OUI";"200072668";"";"";"";"2021-10-06";"155307";""
"37066";"3199";"PLU";"COM";"2007-07-02 22:00:00+00:00";"2004-07-05 22:00:00+00:00";"39";"37";"24";"2021";"NON";"NON";"37066";"";"";"";"2021-10-06";"52553";""
"37067";"3199";"PLU";"COM";"2014-01-13 23:00:00+00:00";"2007-07-02 22:00:00+00:00";"39";"37";"24";"2021";"NON";"NON";"37067";"";"";"";"2021-10-06";"61492";""
"37068";"3499";"PLU";"CC";"2012-03-04 23:00:00+00:00";"2003-07-30 22:00:00+00:00";"39";"37";"24";"2021";"NON";"NON";"200073237";"";"";"";"2021-10-06";"50272";""
"37070";"3432";"PLU";"CC";"2005-01-23 23:00:00+00:00";"2000-06-26 22:00:00+00:00";"33";"37";"24";"2021";"NON";"NON";"243700820";"";"";"";"2021-10-06";"52554";""
"37071";"3299";"PLUi/PLUiS";"CC";"2020-01-26 23:00:00+00:00";"2017-02-26 23:00:00+00:00";"39";"37";"24";"2021";"NON";"OUI";"200072668";"";"";"";"2021-10-06";"155307";""
"37072";"3299";"PLUi/PLUiS";"CC";"2020-03-04 23:00:00+00:00";"2015-12-14 23:00:00+00:00";"39";"37";"24";"2021";"NON";"OUI";"200043081";"";"";"";"2021-10-06";"144597";""
"37073";"3432";"PLU";"CC";"2005-06-21 22:00:00+00:00";"1999-09-05 22:00:00+00:00";"33";"37";"24";"2021";"NON";"NON";"243700820";"";"";"";"2021-10-06";"52556";""
"37074";"3299";"PLUi/PLUiS";"CC";"2020-03-04 23:00:00+00:00";"2015-12-14 23:00:00+00:00";"39";"37";"24";"2021";"NON";"OUI";"37074";"";"";"";"2021-10-06";"144597";""
"37075";"3432";"PLU";"CC";"2014-01-15 23:00:00+00:00";"2011-01-12 23:00:00+00:00";"33";"37";"24";"2021";"NON";"NON";"243700820";"";"";"";"2021-10-06";"100828";""
"37076";"3299";"PLUi/PLUiS";"CC";"2020-03-04 23:00:00+00:00";"2015-12-14 23:00:00+00:00";"39";"37";"24";"2021";"NON";"OUI";"200043081";"";"";"";"2021-10-06";"144597";""
"37077";"3199";"PLU";"COM";"2016-07-05 22:00:00+00:00";"2009-09-17 22:00:00+00:00";"39";"37";"24";"2021";"NON";"NON";"37077";"";"";"";"2021-10-06";"63922";""
"37078";"1199";"CC";"COM";"2008-10-13 22:00:00+00:00";"2005-05-23 22:00:00+00:00";"19";"37";"24";"2021";"NON";"NON";"37078";"";"";"";"2021-10-06";"69341";""
"37079";"3432";"PLU";"CC";"2005-09-11 22:00:00+00:00";"2001-10-07 22:00:00+00:00";"33";"37";"24";"2021";"NON";"NON";"243700820";"";"";"";"2021-10-06";"58646";""
"37080";"1199";"CC";"COM";"2011-03-14 23:00:00+00:00";"2008-10-09 22:00:00+00:00";"19";"37";"24";"2021";"NON";"NON";"37080";"";"";"";"2021-10-06";"67408";""
"37081";"3199";"PLU";"COM";"2008-10-23 22:00:00+00:00";"2005-03-24 23:00:00+00:00";"39";"37";"24";"2021";"NON";"NON";"37081";"";"";"";"2021-10-06";"57428";""
"37082";"3199";"PLU";"COM";"2015-02-17 23:00:00+00:00";"2008-11-27 23:00:00+00:00";"39";"37";"24";"2021";"NON";"NON";"37082";"";"";"";"2021-10-06";"100892";""
"37083";"3199";"PLU";"COM";"2006-07-09 22:00:00+00:00";"2002-03-24 23:00:00+00:00";"39";"37";"24";"2021";"NON";"NON";"37083";"";"";"";"2021-10-06";"56021";""
"37084";"1199";"CC";"COM";"2007-12-27 23:00:00+00:00";"2005-12-01 23:00:00+00:00";"19";"37";"24";"2021";"NON";"NON";"37084";"";"";"";"2021-10-06";"69343";""
"37085";"3432";"PLU";"CC";"2002-12-18 23:00:00+00:00";"1999-11-29 23:00:00+00:00";"33";"37";"24";"2021";"NON";"NON";"243700820";"";"";"";"2021-10-06";"57230";""
"37086";"3199";"PLU";"COM";"2010-12-12 23:00:00+00:00";"2007-01-15 23:00:00+00:00";"39";"37";"24";"2021";"NON";"NON";"37086";"";"";"";"2021-10-06";"52559";""
"37087";"3299";"PLUi/PLUiS";"CC";"2020-01-26 23:00:00+00:00";"2017-02-26 23:00:00+00:00";"39";"37";"24";"2021";"NON";"OUI";"200072668";"";"";"";"2021-10-06";"155307";""
"37088";"3299";"PLUi/PLUiS";"CC";"2020-03-04 23:00:00+00:00";"2015-12-14 23:00:00+00:00";"39";"37";"24";"2021";"NON";"OUI";"200043081";"";"";"";"2021-10-06";"144597";""
"37089";"3299";"PLUi/PLUiS";"CC";"2020-03-04 23:00:00+00:00";"2015-12-14 23:00:00+00:00";"39";"37";"24";"2021";"NON";"OUI";"200043081";"";"";"";"2021-10-06";"144597";""
"37090";"3299";"PLUi/PLUiS";"CC";"2020-01-26 23:00:00+00:00";"2017-02-26 23:00:00+00:00";"39";"37";"24";"2021";"NON";"OUI";"200072668";"";"";"";"2021-10-06";"155307";""
"37091";"3432";"PLU";"CC";"2007-10-18 22:00:00+00:00";"2003-10-23 22:00:00+00:00";"33";"37";"24";"2021";"NON";"NON";"243700820";"";"";"";"2021-10-06";"52562";""
"37092";"3299";"PLUi/PLUiS";"CC";"2021-02-15 23:00:00+00:00";"2017-07-17 22:00:00+00:00";"39";"37";"24";"2021";"NON";"OUI";"243700499";"";"";"";"2021-10-06";"158375";""
"37093";"3299";"PLUi/PLUiS";"CC";"2020-01-26 23:00:00+00:00";"2017-02-26 23:00:00+00:00";"39";"37";"24";"2021";"NON";"OUI";"200072668";"";"";"";"2021-10-06";"155307";""
"37094";"3199";"PLU";"COM";"2018-06-04 22:00:00+00:00";"2015-05-04 22:00:00+00:00";"39";"37";"24";"2021";"NON";"NON";"37094";"";"";"";"2021-10-06";"138669";""
"37095";"3299";"PLUi/PLUiS";"CC";"2021-02-15 23:00:00+00:00";"2017-07-17 22:00:00+00:00";"39";"37";"24";"2021";"NON";"OUI";"243700499";"";"";"";"2021-10-06";"158375";""
"37096";"3432";"PLU";"CC";"2014-07-10 22:00:00+00:00";"2009-05-25 22:00:00+00:00";"33";"37";"24";"2021";"NON";"NON";"243700820";"";"";"";"2021-10-06";"62278";""
"37097";"3199";"PLU";"COM";"2016-05-02 22:00:00+00:00";"2012-03-18 23:00:00+00:00";"39";"37";"24";"2021";"NON";"NON";"37097";"";"";"";"2021-10-06";"118152";""
"37098";"3199";"PLU";"COM";"2013-05-01 22:00:00+00:00";"2008-12-03 23:00:00+00:00";"39";"37";"24";"2021";"NON";"NON";"37098";"";"";"";"2021-10-06";"61493";""
"37099";"3499";"PLU";"MET";"2014-02-16 23:00:00+00:00";"2011-07-06 22:00:00+00:00";"39";"37";"24";"2021";"NON";"NON";"243700754";"";"";"";"2021-10-06";"100921";""
"37100";"3432";"PLU";"CC";"2014-03-19 23:00:00+00:00";"2009-08-27 22:00:00+00:00";"33";"37";"24";"2021";"NON";"NON";"243700820";"";"";"";"2021-10-06";"61495";""
"37104";"3199";"PLU";"COM";"2006-10-22 22:00:00+00:00";"2002-10-09 22:00:00+00:00";"39";"37";"24";"2021";"NON";"NON";"37104";"";"";"";"2021-10-06";"52564";""
"37105";"3299";"PLUi/PLUiS";"CC";"2020-01-26 23:00:00+00:00";"2017-02-26 23:00:00+00:00";"39";"37";"24";"2021";"NON";"OUI";"200072668";"";"";"";"2021-10-06";"155307";""
"37106";"3299";"PLUi/PLUiS";"CC";"2021-02-15 23:00:00+00:00";"2017-07-17 22:00:00+00:00";"39";"37";"24";"2021";"NON";"OUI";"243700499";"";"";"";"2021-10-06";"158375";""
"37108";"3199";"PLU";"COM";"2018-11-28 23:00:00+00:00";"2015-02-26 23:00:00+00:00";"39";"37";"24";"2021";"NON";"NON";"37108";"";"";"";"2021-10-06";"148206";""
"37109";"3499";"PLU";"MET";"2015-06-29 22:00:00+00:00";"2008-09-28 22:00:00+00:00";"39";"37";"24";"2021";"NON";"NON";"243700754";"";"";"";"2021-10-06";"63924";""
"37110";"3432";"PLU";"CC";"2011-03-24 23:00:00+00:00";"2005-11-30 23:00:00+00:00";"33";"37";"24";"2021";"NON";"NON";"243700820";"";"";"";"2021-10-06";"61496";""
"37111";"3131";"PLU";"COM";"2019-05-23 22:00:00+00:00";"2015-03-05 23:00:00+00:00";"33";"37";"24";"2021";"NON";"NON";"37111";"";"";"";"2021-10-06";"137569";""
"37112";"3199";"PLU";"COM";"2014-03-03 23:00:00+00:00";"2010-01-27 23:00:00+00:00";"39";"37";"24";"2021";"NON";"NON";"37112";"";"";"";"2021-10-06";"101408";""
"37113";"3199";"PLU";"COM";"2006-06-21 22:00:00+00:00";"2002-03-13 23:00:00+00:00";"39";"37";"24";"2021";"NON";"NON";"37113";"";"";"";"2021-10-06";"52565";""
"37115";"3199";"PLU";"COM";"2004-07-11 22:00:00+00:00";"2001-12-19 23:00:00+00:00";"39";"37";"24";"2021";"NON";"NON";"37115";"";"";"";"2021-10-06";"52566";""
"37116";"3299";"PLUi/PLUiS";"CC";"2021-02-15 23:00:00+00:00";"2017-07-17 22:00:00+00:00";"39";"37";"24";"2021";"NON";"OUI";"243700499";"";"";"";"2021-10-06";"158375";""
"37117";"3199";"PLU";"COM";"2015-03-05 23:00:00+00:00";"2011-12-13 23:00:00+00:00";"39";"37";"24";"2021";"NON";"NON";"37117";"";"";"";"2021-10-06";"118407";""
"37118";"3299";"PLUi/PLUiS";"CC";"2020-03-04 23:00:00+00:00";"2015-12-14 23:00:00+00:00";"39";"37";"24";"2021";"NON";"OUI";"200043081";"";"";"";"2021-10-06";"144597";""
"37119";"3299";"PLUi/PLUiS";"CC";"2020-01-26 23:00:00+00:00";"2017-02-26 23:00:00+00:00";"39";"37";"24";"2021";"NON";"OUI";"200072668";"";"";"";"2021-10-06";"155307";""
"37121";"3299";"PLUi/PLUiS";"CC";"2020-01-26 23:00:00+00:00";"2017-02-26 23:00:00+00:00";"39";"37";"24";"2021";"NON";"OUI";"200072668";"";"";"";"2021-10-06";"155307";""
"37122";"3499";"PLU";"MET";"2019-03-31 22:00:00+00:00";"2015-11-18 23:00:00+00:00";"39";"37";"24";"2021";"NON";"NON";"243700754";"";"";"";"2021-10-06";"62276";""
"37123";"3199";"PLU";"COM";"2013-03-11 23:00:00+00:00";"2004-10-13 22:00:00+00:00";"39";"37";"24";"2021";"NON";"NON";"37123";"";"";"";"2021-10-06";"64487";""
"37124";"3432";"PLU";"CC";"2020-12-16 23:00:00+00:00";"2016-02-01 23:00:00+00:00";"33";"37";"24";"2021";"NON";"NON";"200073161";"";"";"";"2021-10-06";"146651";""
"37125";"3299";"PLUi/PLUiS";"CC";"2020-01-26 23:00:00+00:00";"2017-02-26 23:00:00+00:00";"39";"37";"24";"2021";"NON";"OUI";"200072668";"";"";"";"2021-10-06";"155307";""
"37126";"3299";"PLUi/PLUiS";"CC";"2020-03-04 23:00:00+00:00";"2015-12-14 23:00:00+00:00";"39";"37";"24";"2021";"NON";"OUI";"200043081";"";"";"";"2021-10-06";"144597";""
"37128";"3199";"PLU";"COM";"2006-05-04 22:00:00+00:00";"1999-08-11 22:00:00+00:00";"39";"37";"24";"2021";"NON";"NON";"37128";"";"";"";"2021-10-06";"52571";""
"37129";"3299";"PLUi/PLUiS";"CC";"2020-01-26 23:00:00+00:00";"2017-02-26 23:00:00+00:00";"39";"37";"24";"2021";"NON";"OUI";"200072668";"";"";"";"2021-10-06";"155307";""
"37130";"3131";"PLU";"COM";"2006-03-07 23:00:00+00:00";"2002-06-05 22:00:00+00:00";"33";"37";"24";"2021";"NON";"NON";"37130";"";"";"";"2021-10-06";"52573";""
"37131";"3299";"PLUi/PLUiS";"CC";"2020-02-12 23:00:00+00:00";"2016-02-03 23:00:00+00:00";"39";"37";"24";"2021";"NON";"OUI";"200043065";"";"";"";"2021-10-06";"146652";""
"37132";"3199";"PLU";"COM";"2019-12-17 23:00:00+00:00";"2016-12-14 23:00:00+00:00";"39";"37";"24";"2021";"NON";"NON";"37132";"";"";"";"2021-10-06";"155363";""
"37134";"3199";"PLU";"COM";"2008-02-24 23:00:00+00:00";"2005-02-09 23:00:00+00:00";"39";"37";"24";"2021";"NON";"NON";"37134";"";"";"";"2021-10-06";"53624";""
"37136";"3199";"PLU";"COM";"2007-02-19 23:00:00+00:00";"2003-04-28 22:00:00+00:00";"39";"37";"24";"2021";"NON";"NON";"37136";"";"";"";"2021-10-06";"56851";""
"37138";"3299";"PLUi/PLUiS";"CC";"2020-02-12 23:00:00+00:00";"2016-02-03 23:00:00+00:00";"39";"37";"24";"2021";"NON";"OUI";"200043065";"";"";"";"2021-10-06";"146652";""
"37139";"3499";"PLU";"MET";"2021-03-24 23:00:00+00:00";"2016-05-23 22:00:00+00:00";"39";"37";"24";"2021";"NON";"NON";"243700754";"";"";"";"2021-10-06";"149106";""
"37140";"3299";"PLUi/PLUiS";"CC";"2020-01-26 23:00:00+00:00";"2017-02-26 23:00:00+00:00";"39";"37";"24";"2021";"NON";"OUI";"200072668";"";"";"";"2021-10-06";"155307";""
"37141";"3432";"PLU";"CC";"2005-08-31 22:00:00+00:00";"2002-02-21 23:00:00+00:00";"33";"37";"24";"2021";"NON";"NON";"243700820";"";"";"";"2021-10-06";"52587";""
"37142";"3299";"PLUi/PLUiS";"CC";"2020-01-26 23:00:00+00:00";"2017-02-26 23:00:00+00:00";"39";"37";"24";"2021";"NON";"OUI";"200072668";"";"";"";"2021-10-06";"155307";""
"37143";"3199";"PLU";"COM";"2005-01-27 23:00:00+00:00";"2001-12-20 23:00:00+00:00";"39";"37";"24";"2021";"NON";"NON";"37143";"";"";"";"2021-10-06";"52584";""
"37144";"3299";"PLUi/PLUiS";"CC";"2020-03-04 23:00:00+00:00";"2015-12-14 23:00:00+00:00";"39";"37";"24";"2021";"NON";"OUI";"200043081";"";"";"";"2021-10-06";"144597";""
"37145";"1199";"CC";"COM";"2009-04-01 22:00:00+00:00";"2007-02-11 23:00:00+00:00";"19";"37";"24";"2021";"NON";"NON";"37145";"";"";"";"2021-10-06";"69348";""
"37147";"3299";"PLUi/PLUiS";"CC";"2020-01-26 23:00:00+00:00";"2017-02-26 23:00:00+00:00";"39";"37";"24";"2021";"NON";"OUI";"200072668";"";"";"";"2021-10-06";"155307";""
"37148";"3299";"PLUi/PLUiS";"CC";"2020-01-26 23:00:00+00:00";"2017-02-26 23:00:00+00:00";"39";"37";"24";"2021";"NON";"OUI";"200072668";"";"";"";"2021-10-06";"155307";""
"37149";"3499";"PLU";"CC";"2010-02-07 23:00:00+00:00";"2003-10-12 22:00:00+00:00";"39";"37";"24";"2021";"NON";"NON";"200073237";"";"";"";"2021-10-06";"52581";""
"37150";"3131";"PLU";"COM";"2018-03-29 22:00:00+00:00";"2017-03-29 22:00:00+00:00";"33";"37";"24";"2021";"NON";"NON";"37150";"";"";"";"2021-10-06";"156022";""
"37151";"3499";"PLU";"MET";"2016-12-13 23:00:00+00:00";"2011-01-24 23:00:00+00:00";"39";"37";"24";"2021";"NON";"NON";"243700754";"";"";"";"2021-10-06";"101440";""
"37152";"3499";"PLU";"MET";"2019-11-24 23:00:00+00:00";"2015-12-01 23:00:00+00:00";"39";"37";"24";"2021";"NON";"NON";"243700754";"";"";"";"2021-10-06";"144008";""
"37153";"3432";"PLU";"CC";"2018-04-04 22:00:00+00:00";"2013-09-18 22:00:00+00:00";"33";"37";"24";"2021";"NON";"NON";"200073161";"";"";"";"2021-10-06";"153700";""
"37154";"3131";"PLU";"COM";"2002-04-24 22:00:00+00:00";"1997-05-21 22:00:00+00:00";"33";"37";"24";"2021";"NON";"NON";"37154";"";"";"";"2021-10-06";"60272";""
"37155";"3299";"PLUi/PLUiS";"CC";"2021-02-15 23:00:00+00:00";"2017-07-17 22:00:00+00:00";"39";"37";"24";"2021";"NON";"OUI";"243700499";"";"";"";"2021-10-06";"158375";""
"37156";"3432";"PLU";"CC";"2012-01-22 23:00:00+00:00";"2009-09-06 22:00:00+00:00";"33";"37";"24";"2021";"NON";"NON";"200073161";"";"";"";"2021-10-06";"101456";""
"37158";"3299";"PLUi/PLUiS";"CC";"2020-02-12 23:00:00+00:00";"2016-02-03 23:00:00+00:00";"39";"37";"24";"2021";"NON";"OUI";"200043065";"";"";"";"2021-10-06";"146652";""
"37159";"3199";"PLU";"COM";"2019-12-16 23:00:00+00:00";"2012-01-25 23:00:00+00:00";"39";"37";"24";"2021";"NON";"NON";"37159";"";"";"";"2021-10-06";"118864";""
"37160";"3299";"PLUi/PLUiS";"CC";"2021-02-15 23:00:00+00:00";"2017-07-17 22:00:00+00:00";"39";"37";"24";"2021";"NON";"OUI";"243700499";"";"";"";"2021-10-06";"158375";""
"37161";"3299";"PLUi/PLUiS";"CC";"2020-02-12 23:00:00+00:00";"2016-02-03 23:00:00+00:00";"39";"37";"24";"2021";"NON";"OUI";"200043065";"";"";"";"2021-10-06";"146652";""
"37162";"3199";"PLU";"COM";"2018-12-10 23:00:00+00:00";"2014-12-10 23:00:00+00:00";"39";"37";"24";"2021";"NON";"NON";"37162";"";"";"";"2021-10-06";"136621";""
"37163";"3299";"PLUi/PLUiS";"CC";"2020-02-12 23:00:00+00:00";"2016-02-03 23:00:00+00:00";"39";"37";"24";"2021";"NON";"OUI";"200043065";"";"";"";"2021-10-06";"146652";""
"37165";"3299";"PLUi/PLUiS";"CC";"2020-01-26 23:00:00+00:00";"2017-02-26 23:00:00+00:00";"39";"37";"24";"2021";"NON";"OUI";"200072668";"";"";"";"2021-10-06";"155307";""
"37166";"3299";"PLUi/PLUiS";"CC";"2020-02-12 23:00:00+00:00";"2016-02-03 23:00:00+00:00";"39";"37";"24";"2021";"NON";"OUI";"200043065";"";"";"";"2021-10-06";"146652";""
"37167";"3499";"PLU";"CC";"2017-06-14 22:00:00+00:00";"2012-01-09 23:00:00+00:00";"39";"37";"24";"2021";"NON";"NON";"200073237";"";"";"";"2021-10-06";"118881";""
"37168";"1199";"CC";"COM";"2010-10-27 22:00:00+00:00";"2008-12-17 23:00:00+00:00";"19";"37";"24";"2021";"NON";"NON";"37168";"";"";"";"2021-10-06";"69350";""
"37169";"3299";"PLUi/PLUiS";"CC";"2021-02-15 23:00:00+00:00";"2017-07-17 22:00:00+00:00";"39";"37";"24";"2021";"NON";"OUI";"243700499";"";"";"";"2021-10-06";"158375";""
"37170";"3499";"PLU";"CC";"2004-06-09 22:00:00+00:00";"1999-09-22 22:00:00+00:00";"39";"37";"24";"2021";"NON";"NON";"200073237";"";"";"";"2021-10-06";"56847";""
"37171";"3299";"PLUi/PLUiS";"CC";"2020-02-12 23:00:00+00:00";"2016-02-03 23:00:00+00:00";"39";"37";"24";"2021";"NON";"OUI";"200043065";"";"";"";"2021-10-06";"146652";""
"37172";"3434";"PLU";"MET";"2011-05-08 22:00:00+00:00";"2008-04-07 22:00:00+00:00";"33";"37";"24";"2021";"NON";"NON";"243700754";"";"";"";"2021-10-06";"63926";""
"37174";"3299";"PLUi/PLUiS";"CC";"2020-01-26 23:00:00+00:00";"2017-02-26 23:00:00+00:00";"39";"37";"24";"2021";"NON";"OUI";"200072668";"";"";"";"2021-10-06";"155307";""
"37175";"3299";"PLUi/PLUiS";"CC";"2021-02-15 23:00:00+00:00";"2017-07-17 22:00:00+00:00";"39";"37";"24";"2021";"NON";"OUI";"243700499";"";"";"";"2021-10-06";"158375";""
"37176";"3299";"PLUi/PLUiS";"CC";"2020-01-26 23:00:00+00:00";"2017-02-26 23:00:00+00:00";"39";"37";"24";"2021";"NON";"OUI";"200072668";"";"";"";"2021-10-06";"155307";""
"37177";"1199";"CC";"COM";"2007-08-21 22:00:00+00:00";"2004-12-15 23:00:00+00:00";"19";"37";"24";"2021";"NON";"NON";"37177";"";"";"";"2021-10-06";"70183";""
"37178";"3299";"PLUi/PLUiS";"CC";"2020-01-26 23:00:00+00:00";"2017-02-26 23:00:00+00:00";"39";"37";"24";"2021";"NON";"OUI";"200072668";"";"";"";"2021-10-06";"155307";""
"37179";"3499";"PLU";"MET";"2017-09-24 22:00:00+00:00";"2015-01-21 23:00:00+00:00";"39";"37";"24";"2021";"NON";"NON";"243700754";"";"";"";"2021-10-06";"137370";""
"37180";"3299";"PLUi/PLUiS";"CC";"2020-01-26 23:00:00+00:00";"2017-02-26 23:00:00+00:00";"39";"37";"24";"2021";"NON";"OUI";"200072668";"";"";"";"2021-10-06";"155307";""
"37182";"3134";"PLU";"COM";"2006-10-05 22:00:00+00:00";"2003-02-06 23:00:00+00:00";"33";"37";"24";"2021";"NON";"NON";"200073237";"";"";"";"2021-10-06";"51264";""
"37183";"3199";"PLU";"COM";"2019-01-09 23:00:00+00:00";"2014-10-27 23:00:00+00:00";"39";"37";"24";"2021";"NON";"NON";"37183";"";"";"";"2021-10-06";"138085";""
"37184";"1199";"CC";"COM";"2011-07-10 22:00:00+00:00";"2008-09-21 22:00:00+00:00";"19";"37";"24";"2021";"NON";"NON";"37184";"";"";"";"2021-10-06";"67414";""
"37185";"3299";"PLUi/PLUiS";"CC";"2020-02-12 23:00:00+00:00";"2016-02-03 23:00:00+00:00";"39";"37";"24";"2021";"NON";"OUI";"200043065";"";"";"";"2021-10-06";"146652";""
"37186";"3199";"PLU";"COM";"2008-10-23 22:00:00+00:00";"2005-10-24 22:00:00+00:00";"39";"37";"24";"2021";"NON";"NON";"37186";"";"";"";"2021-10-06";"51290";""
"37187";"3299";"PLUi/PLUiS";"CC";"2020-01-26 23:00:00+00:00";"2017-02-26 23:00:00+00:00";"39";"37";"24";"2021";"NON";"OUI";"200072668";"";"";"";"2021-10-06";"155307";""
"37188";"3299";"PLUi/PLUiS";"CC";"2020-01-26 23:00:00+00:00";"2017-02-26 23:00:00+00:00";"39";"37";"24";"2021";"NON";"OUI";"200072668";"";"";"";"2021-10-06";"155307";""
"37189";"3199";"PLU";"COM";"2013-07-17 22:00:00+00:00";"2009-12-20 23:00:00+00:00";"39";"37";"24";"2021";"NON";"NON";"37189";"";"";"";"2021-10-06";"50030";""
"37190";"3299";"PLUi/PLUiS";"CC";"2020-01-26 23:00:00+00:00";"2017-02-26 23:00:00+00:00";"39";"37";"24";"2021";"NON";"OUI";"200072668";"";"";"";"2021-10-06";"155307";""
"37191";"3299";"PLUi/PLUiS";"CC";"2020-01-26 23:00:00+00:00";"2017-02-26 23:00:00+00:00";"39";"37";"24";"2021";"NON";"OUI";"200072668";"";"";"";"2021-10-06";"155307";""
"37192";"3199";"PLU";"COM";"2012-09-02 22:00:00+00:00";"2008-07-06 22:00:00+00:00";"39";"37";"24";"2021";"NON";"NON";"37192";"";"";"";"2021-10-06";"62280";""
"37193";"3199";"PLU";"COM";"2020-10-18 22:00:00+00:00";"2017-03-13 23:00:00+00:00";"39";"37";"24";"2021";"NON";"NON";"37193";"";"";"";"2021-10-06";"155691";""
"37194";"3432";"PLU";"CC";"2005-07-25 22:00:00+00:00";"2001-07-23 22:00:00+00:00";"33";"37";"24";"2021";"NON";"NON";"200073161";"";"";"";"2021-10-06";"52589";""
"37195";"3499";"PLU";"MET";"2017-06-25 22:00:00+00:00";"2012-10-02 22:00:00+00:00";"39";"37";"24";"2021";"NON";"NON";"243700754";"";"";"";"2021-10-06";"148200";""
"37196";"3299";"PLUi/PLUiS";"CC";"2020-01-26 23:00:00+00:00";"2017-02-26 23:00:00+00:00";"39";"37";"24";"2021";"NON";"OUI";"200072668";"";"";"";"2021-10-06";"155307";""
"37197";"3199";"PLU";"COM";"2015-01-11 23:00:00+00:00";"2007-04-15 22:00:00+00:00";"39";"37";"24";"2021";"NON";"NON";"37197";"";"";"";"2021-10-06";"63933";""
"37199";"3299";"PLUi/PLUiS";"CC";"2020-01-26 23:00:00+00:00";"2017-02-26 23:00:00+00:00";"39";"37";"24";"2021";"NON";"OUI";"200072668";"";"";"";"2021-10-06";"155307";""
"37201";"3299";"PLUi/PLUiS";"CC";"2020-03-04 23:00:00+00:00";"2015-12-14 23:00:00+00:00";"39";"37";"24";"2021";"NON";"OUI";"37201";"";"";"";"2021-10-06";"144597";""
"37202";"3299";"PLUi/PLUiS";"CC";"2020-03-04 23:00:00+00:00";"2015-12-14 23:00:00+00:00";"39";"37";"24";"2021";"NON";"OUI";"200043081";"";"";"";"2021-10-06";"144597";""
"37203";"3499";"PLU";"MET";"2019-11-24 23:00:00+00:00";"2015-11-11 23:00:00+00:00";"39";"37";"24";"2021";"NON";"NON";"243700754";"";"";"";"2021-10-06";"143077";""
"37204";"3499";"PLU";"CC";"2011-01-10 23:00:00+00:00";"2006-04-03 22:00:00+00:00";"39";"37";"24";"2021";"NON";"NON";"200073237";"";"";"";"2021-10-06";"63934";""
"37205";"3199";"PLU";"COM";"2017-09-17 22:00:00+00:00";"2015-02-15 23:00:00+00:00";"39";"37";"24";"2021";"NON";"NON";"37205";"";"";"";"2021-10-06";"137375";""
"37206";"3434";"PLU";"CC";"2008-01-27 23:00:00+00:00";"2004-12-12 23:00:00+00:00";"33";"37";"24";"2021";"NON";"NON";"200073237";"";"";"";"2021-10-06";"52593";""
"37208";"3499";"PLU";"MET";"2017-11-26 23:00:00+00:00";"2007-04-17 22:00:00+00:00";"39";"37";"24";"2021";"NON";"NON";"243700754";"";"";"";"2021-10-06";"62282";""
"37210";"3299";"PLUi/PLUiS";"CC";"2020-03-04 23:00:00+00:00";"2015-12-14 23:00:00+00:00";"39";"37";"24";"2021";"NON";"OUI";"37210";"";"";"";"2021-10-06";"144597";""
"37211";"3199";"PLU";"COM";"2014-03-10 23:00:00+00:00";"2009-12-14 23:00:00+00:00";"39";"37";"24";"2021";"NON";"NON";"37211";"";"";"";"2021-10-06";"63935";""
"37212";"3199";"PLU";"COM";"2005-09-12 22:00:00+00:00";"2002-02-25 23:00:00+00:00";"39";"37";"24";"2021";"NON";"NON";"37212";"";"";"";"2021-10-06";"58658";""
"37213";"3499";"PLU";"CC";"2020-03-03 23:00:00+00:00";"2017-10-19 22:00:00+00:00";"39";"37";"24";"2021";"NON";"NON";"200073237";"";"";"";"2021-10-06";"159866";""
"37214";"3499";"PLU";"MET";"2018-02-28 23:00:00+00:00";"2014-06-29 22:00:00+00:00";"39";"37";"24";"2021";"NON";"NON";"243700754";"";"";"";"2021-10-06";"136628";""
"37216";"3299";"PLUi/PLUiS";"CC";"2020-01-26 23:00:00+00:00";"2017-02-26 23:00:00+00:00";"39";"37";"24";"2021";"NON";"OUI";"200072668";"";"";"";"2021-10-06";"155307";""
"37217";"3499";"PLU";"MET";"2019-05-19 22:00:00+00:00";"2016-03-21 23:00:00+00:00";"39";"37";"24";"2021";"NON";"NON";"243700754";"";"";"";"2021-10-06";"147945";""
"37219";"3499";"PLU";"MET";"2018-10-21 22:00:00+00:00";"2014-10-08 22:00:00+00:00";"39";"37";"24";"2021";"NON";"NON";"243700754";"";"";"";"2021-10-06";"136629";""
"37220";"3299";"PLUi/PLUiS";"CC";"2020-03-04 23:00:00+00:00";"2015-12-14 23:00:00+00:00";"39";"37";"24";"2021";"NON";"OUI";"200043081";"";"";"";"2021-10-06";"144597";""
"37221";"3199";"PLU";"COM";"2006-07-19 22:00:00+00:00";"2003-05-15 22:00:00+00:00";"39";"37";"24";"2021";"NON";"NON";"37221";"";"";"";"2021-10-06";"56854";""
"37222";"3199";"PLU";"COM";"2004-11-04 23:00:00+00:00";"2000-06-08 22:00:00+00:00";"39";"37";"24";"2021";"NON";"NON";"37222";"";"";"";"2021-10-06";"52597";""
"37223";"1199";"CC";"COM";"2008-07-01 22:00:00+00:00";"2006-01-30 23:00:00+00:00";"19";"37";"24";"2021";"NON";"NON";"37223";"";"";"";"2021-10-06";"69353";""
"37224";"3299";"PLUi/PLUiS";"CC";"2021-02-15 23:00:00+00:00";"2017-07-17 22:00:00+00:00";"39";"37";"24";"2021";"NON";"OUI";"243700499";"";"";"";"2021-10-06";"158375";""
"37225";"3432";"PLU";"CC";"2019-12-11 23:00:00+00:00";"2015-10-29 23:00:00+00:00";"33";"37";"24";"2021";"NON";"NON";"243700820";"";"";"";"2021-10-06";"139677";""
"37226";"3299";"PLUi/PLUiS";"CC";"2020-01-26 23:00:00+00:00";"2017-02-26 23:00:00+00:00";"39";"37";"24";"2021";"NON";"OUI";"200072668";"";"";"";"2021-10-06";"155307";""
"37228";"3131";"PLU";"COM";"2004-01-05 23:00:00+00:00";"1996-11-03 23:00:00+00:00";"33";"37";"24";"2021";"NON";"NON";"37228";"";"";"";"2021-10-06";"52599";""
"37229";"3299";"PLUi/PLUiS";"CC";"2021-02-15 23:00:00+00:00";"2017-07-17 22:00:00+00:00";"39";"37";"24";"2021";"NON";"OUI";"243700499";"";"";"";"2021-10-06";"158375";""
"37230";"3299";"PLUi/PLUiS";"CC";"2020-02-12 23:00:00+00:00";"2016-02-03 23:00:00+00:00";"39";"37";"24";"2021";"NON";"OUI";"200043065";"";"";"";"2021-10-06";"146652";""
"37231";"3499";"PLU";"CC";"2021-03-23 23:00:00+00:00";"2017-10-18 22:00:00+00:00";"39";"37";"24";"2021";"NON";"NON";"200073237";"";"";"";"2021-10-06";"159891";""
"37232";"3199";"PLU";"COM";"2016-10-04 22:00:00+00:00";"2014-11-05 23:00:00+00:00";"39";"37";"24";"2021";"NON";"NON";"37232";"";"";"";"2021-10-06";"136612";""
"37233";"3499";"PLU";"MET";"2018-11-18 23:00:00+00:00";"2015-02-16 23:00:00+00:00";"39";"37";"24";"2021";"NON";"NON";"243700754";"";"";"";"2021-10-06";"137390";""
"37234";"3199";"PLU";"COM";"2017-05-01 22:00:00+00:00";"2015-03-02 23:00:00+00:00";"39";"37";"24";"2021";"NON";"NON";"37234";"";"";"";"2021-10-06";"138362";""
"37236";"3299";"PLUi/PLUiS";"CC";"2020-02-12 23:00:00+00:00";"2016-02-03 23:00:00+00:00";"39";"37";"24";"2021";"NON";"OUI";"200043065";"";"";"";"2021-10-06";"146652";""
"37237";"3499";"PLU";"CC";"2015-02-18 23:00:00+00:00";"2012-10-17 22:00:00+00:00";"39";"37";"24";"2021";"NON";"NON";"200073237";"";"";"";"2021-10-06";"136633";""
"37238";"3199";"PLU";"COM";"2020-03-01 23:00:00+00:00";"2015-03-17 23:00:00+00:00";"39";"37";"24";"2021";"NON";"NON";"37238";"";"";"";"2021-10-06";"138262";""
"37240";"3299";"PLUi/PLUiS";"CC";"2021-02-15 23:00:00+00:00";"2017-07-17 22:00:00+00:00";"39";"37";"24";"2021";"NON";"OUI";"243700499";"";"";"";"2021-10-06";"158375";""
"37241";"3199";"PLU";"COM";"2015-03-10 23:00:00+00:00";"2011-09-20 22:00:00+00:00";"39";"37";"24";"2021";"NON";"NON";"37241";"";"";"";"2021-10-06";"101932";""
"37242";"3299";"PLUi/PLUiS";"CC";"2020-03-04 23:00:00+00:00";"2015-12-14 23:00:00+00:00";"39";"37";"24";"2021";"NON";"OUI";"200043081";"";"";"";"2021-10-06";"144597";""
"37243";"3499";"PLU";"MET";"2016-08-31 22:00:00+00:00";"2009-12-16 23:00:00+00:00";"39";"37";"24";"2021";"NON";"NON";"243700754";"";"";"";"2021-10-06";"61548";""
"37244";"3299";"PLUi/PLUiS";"CC";"2020-01-26 23:00:00+00:00";"2017-02-26 23:00:00+00:00";"39";"37";"24";"2021";"NON";"OUI";"200072668";"";"";"";"2021-10-06";"155307";""
"37245";"3434";"PLU";"CC";"2005-10-27 22:00:00+00:00";"2002-03-26 23:00:00+00:00";"33";"37";"24";"2021";"NON";"NON";"200073237";"";"";"";"2021-10-06";"52602";""
"37247";"3199";"PLU";"COM";"2008-01-21 23:00:00+00:00";"2003-11-03 23:00:00+00:00";"39";"37";"24";"2021";"NON";"NON";"37247";"";"";"";"2021-10-06";"52603";""
"37248";"3299";"PLUi/PLUiS";"CC";"2020-03-04 23:00:00+00:00";"2015-12-14 23:00:00+00:00";"39";"37";"24";"2021";"NON";"OUI";"200043081";"";"";"";"2021-10-06";"144597";""
"37249";"3134";"PLU";"COM";"2007-05-29 22:00:00+00:00";"1996-01-07 23:00:00+00:00";"33";"37";"24";"2021";"NON";"NON";"200073237";"";"";"";"2021-10-06";"52605";""
"37250";"3131";"PLU";"COM";"2006-10-09 22:00:00+00:00";"2001-12-17 23:00:00+00:00";"33";"37";"24";"2021";"NON";"NON";"37250";"";"";"";"2021-10-06";"52606";""
"37251";"3199";"PLU";"COM";"2017-12-17 23:00:00+00:00";"2012-12-12 23:00:00+00:00";"39";"37";"24";"2021";"NON";"NON";"37251";"";"";"";"2021-10-06";"127875";""
"37252";"3299";"PLUi/PLUiS";"CC";"2020-02-12 23:00:00+00:00";"2016-02-03 23:00:00+00:00";"39";"37";"24";"2021";"NON";"OUI";"200043065";"";"";"";"2021-10-06";"146652";""
"37253";"3432";"PLU";"CC";"2007-05-02 22:00:00+00:00";"2002-12-04 23:00:00+00:00";"33";"37";"24";"2021";"NON";"NON";"243700820";"";"";"";"2021-10-06";"56857";""
"37254";"3199";"PLU";"COM";"2017-09-03 22:00:00+00:00";"2014-11-30 23:00:00+00:00";"39";"37";"24";"2021";"NON";"NON";"37254";"";"";"";"2021-10-06";"136638";""
"37255";"3299";"PLUi/PLUiS";"CC";"2020-01-26 23:00:00+00:00";"2017-02-26 23:00:00+00:00";"39";"37";"24";"2021";"NON";"OUI";"200072668";"";"";"";"2021-10-06";"155307";""
"37256";"3299";"PLUi/PLUiS";"CC";"2020-01-26 23:00:00+00:00";"2017-02-26 23:00:00+00:00";"39";"37";"24";"2021";"NON";"OUI";"200072668";"";"";"";"2021-10-06";"155307";""
"37257";"3199";"PLU";"COM";"2017-03-15 23:00:00+00:00";"2011-08-31 22:00:00+00:00";"39";"37";"24";"2021";"NON";"NON";"37257";"";"";"";"2021-10-06";"101957";""
"37258";"3299";"PLUi/PLUiS";"CC";"2020-03-04 23:00:00+00:00";"2015-12-14 23:00:00+00:00";"39";"37";"24";"2021";"NON";"OUI";"200043081";"";"";"";"2021-10-06";"144597";""
"37260";"3299";"PLUi/PLUiS";"CC";"2020-01-26 23:00:00+00:00";"2017-02-26 23:00:00+00:00";"39";"37";"24";"2021";"NON";"OUI";"200072668";"";"";"";"2021-10-06";"155307";""
"37261";"3499";"PLU";"MET";"2020-01-19 23:00:00+00:00";"2015-05-25 22:00:00+00:00";"39";"37";"24";"2021";"NON";"NON";"243700754";"";"";"";"2021-10-06";"160956";""
"37262";"3299";"PLUi/PLUiS";"CC";"2020-01-26 23:00:00+00:00";"2017-02-26 23:00:00+00:00";"39";"37";"24";"2021";"NON";"OUI";"200072668";"";"";"";"2021-10-06";"155307";""
"37263";"3199";"PLU";"COM";"2021-02-12 23:00:00+00:00";"2013-06-26 22:00:00+00:00";"39";"37";"24";"2021";"NON";"NON";"37263";"";"";"";"2021-10-06";"127997";""
"37264";"3199";"PLU";"COM";"2016-11-28 23:00:00+00:00";"2012-07-16 22:00:00+00:00";"39";"37";"24";"2021";"NON";"NON";"37264";"";"";"";"2021-10-06";"119809";""
"37266";"3199";"PLU";"COM";"2016-11-24 23:00:00+00:00";"2012-12-20 23:00:00+00:00";"39";"37";"24";"2021";"NON";"NON";"37266";"";"";"";"2021-10-06";"119841";""
"37267";"3432";"PLU";"CC";"2006-07-02 22:00:00+00:00";"1998-12-13 23:00:00+00:00";"33";"37";"24";"2021";"NON";"NON";"200073161";"";"";"";"2021-10-06";"58661";""
"37268";"3299";"PLUi/PLUiS";"CC";"2020-01-26 23:00:00+00:00";"2017-02-26 23:00:00+00:00";"39";"37";"24";"2021";"NON";"OUI";"200072668";"";"";"";"2021-10-06";"155307";""
"37270";"3432";"PLU";"CC";"2015-12-13 23:00:00+00:00";"2010-05-02 22:00:00+00:00";"33";"37";"24";"2021";"NON";"NON";"200073161";"";"";"";"2021-10-06";"63938";""
"37271";"3199";"PLU";"COM";"2005-09-28 22:00:00+00:00";"2002-02-27 23:00:00+00:00";"39";"37";"24";"2021";"NON";"NON";"37271";"";"";"";"2021-10-06";"52610";""
"37272";"3499";"PLU";"MET";"2020-02-12 23:00:00+00:00";"2014-11-12 23:00:00+00:00";"39";"37";"24";"2021";"NON";"NON";"243700754";"";"";"";"2021-10-06";"136640";""
"37273";"3432";"PLU";"CC";"2009-06-28 22:00:00+00:00";"2004-11-07 23:00:00+00:00";"33";"37";"24";"2021";"NON";"NON";"200073161";"";"";"";"2021-10-06";"52612";""
"37274";"1114";"CC";"COM";"2010-05-26 22:00:00+00:00";"2008-07-21 22:00:00+00:00";"11";"37";"24";"2021";"NON";"NON";"200073237";"";"";"";"2021-10-06";"69340";""
"37276";"3299";"PLUi/PLUiS";"CC";"2021-02-15 23:00:00+00:00";"2017-07-17 22:00:00+00:00";"39";"37";"24";"2021";"NON";"OUI";"243700499";"";"";"";"2021-10-06";"158375";""
"37278";"3199";"PLU";"COM";"2002-12-12 23:00:00+00:00";"1999-10-21 22:00:00+00:00";"39";"37";"24";"2021";"NON";"NON";"37278";"";"";"";"2021-10-06";"57232";""
"37279";"3131";"PLU";"COM";"2008-09-29 22:00:00+00:00";"2006-10-23 22:00:00+00:00";"33";"37";"24";"2021";"NON";"NON";"37279";"";"";"";"2021-10-06";"57233";""
"37280";"1199";"CC";"COM";"2010-01-20 23:00:00+00:00";"2007-06-21 22:00:00+00:00";"19";"37";"24";"2021";"NON";"NON";"37280";"";"";"";"2021-10-06";"69354";""
"37281";"3432";"PLU";"CC";"2007-11-12 23:00:00+00:00";"2001-11-21 23:00:00+00:00";"33";"37";"24";"2021";"NON";"NON";"200073161";"";"";"";"2021-10-06";"56855";""
"37282";"3199";"PLU";"COM";"2014-03-10 23:00:00+00:00";"2009-04-27 22:00:00+00:00";"39";"37";"24";"2021";"NON";"NON";"37282";"";"";"";"2021-10-06";"50276";""
"38001";"3433";"PLU";"CC";"2017-04-05 22:00:00+00:00";"2013-06-25 22:00:00+00:00";"33";"38";"84";"2021";"NON";"NON";"200068567";"";"";"";"2021-10-06";"127048";""
"38003";"3499";"PLU";"CC";"2017-12-17 23:00:00+00:00";"2013-05-22 22:00:00+00:00";"39";"38";"84";"2021";"NON";"NON";"38003";"";"";"";"2021-10-06";"122253";""
"38004";"3199";"PLU";"COM";"2020-02-17 23:00:00+00:00";"2017-06-29 22:00:00+00:00";"39";"38";"84";"2021";"NON";"NON";"38004";"";"";"";"2021-10-06";"158780";""
"38005";"3199";"PLU";"COM";"2019-03-17 23:00:00+00:00";"2009-10-29 23:00:00+00:00";"39";"38";"84";"2021";"NON";"NON";"38005";"";"";"";"2021-10-06";"38192";""
"38006";"3131";"PLU";"COM";"2006-04-23 22:00:00+00:00";"2001-02-16 23:00:00+00:00";"33";"38";"84";"2021";"NON";"NON";"38006";"";"";"";"2021-10-06";"23106";""
"38009";"3499";"PLU";"CC";"2014-03-10 23:00:00+00:00";"2010-01-06 23:00:00+00:00";"39";"38";"84";"2021";"NON";"NON";"38009";"";"";"";"2021-10-06";"46203";""
"38010";"3199";"PLU";"COM";"2014-02-20 23:00:00+00:00";"2008-12-10 23:00:00+00:00";"39";"38";"84";"2021";"NON";"NON";"38010";"";"";"";"2021-10-06";"40090";""
"38011";"3131";"PLU";"COM";"2014-03-17 23:00:00+00:00";"2010-09-01 22:00:00+00:00";"33";"38";"84";"2021";"NON";"NON";"38011";"";"";"";"2021-10-06";"47836";""
"38012";"3433";"PLU";"CC";"2020-01-29 23:00:00+00:00";"2008-05-20 22:00:00+00:00";"33";"38";"84";"2021";"NON";"NON";"200068567";"";"";"";"2021-10-06";"36423";""
"38013";"3299";"PLUi/PLUiS";"CC";"2019-12-15 23:00:00+00:00";"2015-11-08 23:00:00+00:00";"39";"38";"84";"2021";"NON";"OUI";"243801073";"";"";"";"2021-10-06";"142253";""
"38015";"3399";"PLUi/PLUiS";"CC";"2019-12-16 23:00:00+00:00";"2015-12-09 23:00:00+00:00";"39";"38";"84";"2021";"OUI";"NON";"38015";"";"";"";"2021-10-06";"144255";""
"38017";"3499";"PLU";"CC";"2018-02-26 23:00:00+00:00";"2012-11-07 23:00:00+00:00";"39";"38";"84";"2021";"NON";"NON";"38017";"";"";"";"2021-10-06";"114804";""
"38018";"1199";"CC";"COM";"2017-06-15 22:00:00+00:00";"2014-07-06 22:00:00+00:00";"19";"38";"84";"2021";"NON";"NON";"38018";"";"";"";"2021-10-06";"131001";""
"38019";"3499";"PLU";"CC";"2021-04-11 22:00:00+00:00";"2013-01-24 23:00:00+00:00";"39";"38";"84";"2021";"NON";"NON";"38019";"";"";"";"2021-10-06";"120484";""
"38020";"3199";"PLU";"COM";"2019-11-27 23:00:00+00:00";"2015-05-21 22:00:00+00:00";"39";"38";"84";"2021";"NON";"NON";"38020";"";"";"";"2021-10-06";"139143";""
"38022";"3199";"PLU";"COM";"2017-12-04 23:00:00+00:00";"2012-09-19 22:00:00+00:00";"39";"38";"84";"2021";"NON";"NON";"38022";"";"";"";"2021-10-06";"113315";""
"38023";"1199";"CC";"COM";"2021-04-01 22:00:00+00:00";"2017-02-27 23:00:00+00:00";"19";"38";"84";"2021";"NON";"NON";"38023";"";"";"";"2021-10-06";"156696";""
"38026";"3199";"PLU";"COM";"2009-05-05 22:00:00+00:00";"2002-02-14 23:00:00+00:00";"39";"38";"84";"2021";"NON";"NON";"38026";"";"";"";"2021-10-06";"36426";""
"38027";"3199";"PLU";"COM";"2015-07-08 22:00:00+00:00";"2009-12-15 23:00:00+00:00";"39";"38";"84";"2021";"NON";"NON";"38027";"";"";"";"2021-10-06";"40566";""
"38029";"3433";"PLU";"CC";"2005-05-11 22:00:00+00:00";"2002-06-25 22:00:00+00:00";"33";"38";"84";"2021";"NON";"NON";"200068567";"";"";"";"2021-10-06";"40103";""
"38030";"3299";"PLUi/PLUiS";"CC";"2019-12-15 23:00:00+00:00";"2015-11-08 23:00:00+00:00";"39";"38";"84";"2021";"NON";"OUI";"243801073";"";"";"";"2021-10-06";"142253";""
"38032";"3399";"PLUi/PLUiS";"CC";"2019-11-25 23:00:00+00:00";"2015-12-13 23:00:00+00:00";"39";"38";"84";"2021";"OUI";"NON";"38032";"";"";"";"2021-10-06";"144411";""
"38033";"3199";"PLU";"COM";"2013-09-02 22:00:00+00:00";"2009-10-28 23:00:00+00:00";"39";"38";"84";"2021";"NON";"NON";"38033";"";"";"";"2021-10-06";"39773";""
"38034";"3434";"PLU";"CC";"2004-06-21 22:00:00+00:00";"2001-05-21 22:00:00+00:00";"33";"38";"84";"2021";"NON";"NON";"38034";"";"";"";"2021-10-06";"40220";""
"38035";"3399";"PLUi/PLUiS";"CC";"2019-12-16 23:00:00+00:00";"2015-12-09 23:00:00+00:00";"39";"38";"84";"2021";"OUI";"NON";"38035";"";"";"";"2021-10-06";"144255";""
"38036";"1199";"CC";"COM";"2015-09-27 22:00:00+00:00";"2011-06-20 22:00:00+00:00";"19";"38";"84";"2021";"NON";"NON";"38036";"";"";"";"2021-10-06";"92717";""
"38037";"3499";"PLU";"CC";"2019-12-17 23:00:00+00:00";"2015-12-01 23:00:00+00:00";"39";"38";"84";"2021";"NON";"NON";"38037";"";"";"";"2021-10-06";"143157";""
"38038";"3399";"PLUi/PLUiS";"CC";"2019-12-18 23:00:00+00:00";"2015-12-13 23:00:00+00:00";"39";"38";"84";"2021";"OUI";"NON";"200068567";"";"";"";"2021-10-06";"144256";""
"38039";"3199";"PLU";"COM";"2016-06-07 22:00:00+00:00";"2012-11-07 23:00:00+00:00";"39";"38";"84";"2021";"NON";"NON";"38039";"";"";"";"2021-10-06";"117370";""
"38040";"3199";"PLU";"COM";"2012-11-22 23:00:00+00:00";"2006-06-22 22:00:00+00:00";"39";"38";"84";"2021";"NON";"NON";"38040";"";"";"";"2021-10-06";"23115";""
"38042";"3299";"PLUi/PLUiS";"CC";"2019-12-15 23:00:00+00:00";"2015-11-08 23:00:00+00:00";"39";"38";"84";"2021";"NON";"OUI";"243801073";"";"";"";"2021-10-06";"142253";""
"38043";"3199";"PLU";"COM";"2020-11-06 23:00:00+00:00";"2017-06-07 22:00:00+00:00";"39";"38";"84";"2021";"NON";"NON";"38043";"";"";"";"2021-10-06";"156710";""
"38044";"3399";"PLUi/PLUiS";"CC";"2019-12-18 23:00:00+00:00";"2015-12-13 23:00:00+00:00";"39";"38";"84";"2021";"OUI";"NON";"200068567";"";"";"";"2021-10-06";"144256";""
"38045";"3199";"PLU";"COM";"2017-03-20 23:00:00+00:00";"2014-10-08 22:00:00+00:00";"39";"38";"84";"2021";"NON";"NON";"38045";"";"";"";"2021-10-06";"133209";""
"38046";"3299";"PLUi/PLUiS";"CC";"2019-12-15 23:00:00+00:00";"2015-11-08 23:00:00+00:00";"39";"38";"84";"2021";"NON";"OUI";"243801073";"";"";"";"2021-10-06";"142253";""
"38048";"3131";"PLU";"COM";"2006-04-27 22:00:00+00:00";"1997-01-23 23:00:00+00:00";"33";"38";"84";"2021";"NON";"NON";"38048";"";"";"";"2021-10-06";"27300";""
"38049";"3399";"PLUi/PLUiS";"CC";"2019-11-25 23:00:00+00:00";"2015-12-13 23:00:00+00:00";"39";"38";"84";"2021";"OUI";"NON";"38049";"";"";"";"2021-10-06";"144411";""
"38050";"3199";"PLU";"COM";"2014-02-09 23:00:00+00:00";"2010-05-30 22:00:00+00:00";"39";"38";"84";"2021";"NON";"NON";"38050";"";"";"";"2021-10-06";"46210";""
"38051";"3499";"PLU";"CC";"2015-11-29 23:00:00+00:00";"2011-01-17 23:00:00+00:00";"39";"38";"84";"2021";"NON";"NON";"38051";"";"";"";"2021-10-06";"47729";""
"38052";"3131";"PLU";"COM";"2018-02-06 23:00:00+00:00";"2011-07-26 22:00:00+00:00";"33";"38";"84";"2021";"NON";"NON";"38052";"";"";"";"2021-10-06";"37863";""
"38053";"3131";"PLU";"COM";"2014-01-26 23:00:00+00:00";"2010-06-27 22:00:00+00:00";"33";"38";"84";"2021";"NON";"NON";"38053";"";"";"";"2021-10-06";"46213";""
"38054";"3199";"PLU";"COM";"2011-12-14 23:00:00+00:00";"2008-04-23 22:00:00+00:00";"39";"38";"84";"2021";"NON";"NON";"38054";"";"";"";"2021-10-06";"36428";""
"38055";"3199";"PLU";"COM";"2014-02-26 23:00:00+00:00";"2008-11-19 23:00:00+00:00";"39";"38";"84";"2021";"NON";"NON";"38055";"";"";"";"2021-10-06";"41390";""
"38056";"3399";"PLUi/PLUiS";"CC";"2019-11-25 23:00:00+00:00";"2015-12-13 23:00:00+00:00";"39";"38";"84";"2021";"OUI";"NON";"38056";"";"";"";"2021-10-06";"144411";""
"38057";"3299";"PLUi/PLUiS";"MET";"2019-12-19 23:00:00+00:00";"2015-11-05 23:00:00+00:00";"39";"38";"84";"2021";"NON";"OUI";"200040715";"";"";"";"2021-10-06";"143241";""
"38058";"3399";"PLUi/PLUiS";"CC";"2019-11-25 23:00:00+00:00";"2015-12-13 23:00:00+00:00";"39";"38";"84";"2021";"OUI";"NON";"38058";"";"";"";"2021-10-06";"144411";""
"38059";"3299";"PLUi/PLUiS";"MET";"2019-12-19 23:00:00+00:00";"2015-11-05 23:00:00+00:00";"39";"38";"84";"2021";"NON";"OUI";"200040715";"";"";"";"2021-10-06";"143241";""
"38060";"3399";"PLUi/PLUiS";"CC";"2019-11-25 23:00:00+00:00";"2015-12-13 23:00:00+00:00";"39";"38";"84";"2021";"OUI";"NON";"38060";"";"";"";"2021-10-06";"144411";""
"38061";"3199";"PLU";"COM";"2013-11-17 23:00:00+00:00";"2010-09-26 22:00:00+00:00";"39";"38";"84";"2021";"NON";"NON";"38061";"";"";"";"2021-10-06";"42421";""
"38062";"3199";"PLU";"COM";"2016-01-21 23:00:00+00:00";"2013-04-04 22:00:00+00:00";"39";"38";"84";"2021";"NON";"NON";"38062";"";"";"";"2021-10-06";"92722";""
"38063";"3299";"PLUi/PLUiS";"CC";"2019-12-15 23:00:00+00:00";"2015-11-08 23:00:00+00:00";"39";"38";"84";"2021";"NON";"OUI";"243801073";"";"";"";"2021-10-06";"142253";""
"38064";"3399";"PLUi/PLUiS";"CC";"2019-12-18 23:00:00+00:00";"2015-12-13 23:00:00+00:00";"39";"38";"84";"2021";"OUI";"NON";"200068567";"";"";"";"2021-10-06";"144256";""
"38065";"3299";"PLUi/PLUiS";"CC";"2019-12-15 23:00:00+00:00";"2015-11-08 23:00:00+00:00";"39";"38";"84";"2021";"NON";"OUI";"243801073";"";"";"";"2021-10-06";"142253";""
"38066";"3499";"PLU";"CC";"2017-10-05 22:00:00+00:00";"2014-09-30 22:00:00+00:00";"39";"38";"84";"2021";"NON";"NON";"38066";"";"";"";"2021-10-06";"133150";""
"38067";"3199";"PLU";"COM";"2021-06-14 22:00:00+00:00";"2011-04-12 22:00:00+00:00";"39";"38";"84";"2021";"NON";"NON";"38067";"";"";"";"2021-10-06";"95617";""
"38068";"3299";"PLUi/PLUiS";"MET";"2019-12-19 23:00:00+00:00";"2015-11-05 23:00:00+00:00";"39";"38";"84";"2021";"NON";"OUI";"200040715";"";"";"";"2021-10-06";"143241";""
"38069";"3399";"PLUi/PLUiS";"CC";"2019-11-25 23:00:00+00:00";"2015-12-13 23:00:00+00:00";"39";"38";"84";"2021";"OUI";"NON";"38069";"";"";"";"2021-10-06";"144411";""
"38070";"3199";"PLU";"COM";"2006-06-29 22:00:00+00:00";"2002-05-13 22:00:00+00:00";"39";"38";"84";"2021";"NON";"NON";"38070";"";"";"";"2021-10-06";"23127";""
"38071";"3299";"PLUi/PLUiS";"MET";"2019-12-19 23:00:00+00:00";"2015-11-05 23:00:00+00:00";"39";"38";"84";"2021";"NON";"OUI";"200040715";"";"";"";"2021-10-06";"143241";""
"38072";"3499";"PLU";"CC";"2011-12-04 23:00:00+00:00";"2001-08-30 22:00:00+00:00";"39";"38";"84";"2021";"NON";"NON";"38072";"";"";"";"2021-10-06";"40386";""
"38075";"3131";"PLU";"COM";"2008-02-17 23:00:00+00:00";"2004-02-26 23:00:00+00:00";"33";"38";"84";"2021";"NON";"NON";"38075";"";"";"";"2021-10-06";"23138";""
"38076";"3399";"PLUi/PLUiS";"CC";"2019-12-18 23:00:00+00:00";"2015-12-13 23:00:00+00:00";"39";"38";"84";"2021";"OUI";"NON";"200068567";"";"";"";"2021-10-06";"144256";""
"38077";"3499";"PLU";"CC";"2017-10-18 22:00:00+00:00";"2012-11-28 23:00:00+00:00";"39";"38";"84";"2021";"NON";"NON";"38077";"";"";"";"2021-10-06";"116086";""
"38078";"1131";"CC";"COM";"2006-09-04 22:00:00+00:00";"2002-09-17 22:00:00+00:00";"13";"38";"84";"2021";"NON";"NON";"38078";"";"";"";"2021-10-06";"23141";""
"38080";"3199";"PLU";"COM";"2016-03-21 23:00:00+00:00";"2012-10-23 22:00:00+00:00";"39";"38";"84";"2021";"NON";"NON";"38080";"";"";"";"2021-10-06";"95454";""
"38081";"3199";"PLU";"COM";"2014-03-16 23:00:00+00:00";"2008-06-30 22:00:00+00:00";"39";"38";"84";"2021";"NON";"NON";"38081";"";"";"";"2021-10-06";"36453";""
"38083";"3131";"PLU";"COM";"2005-05-26 22:00:00+00:00";"2005-05-26 22:00:00+00:00";"33";"38";"84";"2021";"NON";"NON";"38083";"";"";"";"2021-10-06";"57147";""
"38084";"3199";"PLU";"COM";"2015-02-18 23:00:00+00:00";"2007-01-17 23:00:00+00:00";"39";"38";"84";"2021";"NON";"NON";"38084";"";"";"";"2021-10-06";"25247";""
"38085";"3131";"PLU";"COM";"2008-06-23 22:00:00+00:00";"2004-02-23 23:00:00+00:00";"33";"38";"84";"2021";"NON";"NON";"38085";"";"";"";"2021-10-06";"34595";""
"38086";"1199";"CC";"COM";"2004-08-17 22:00:00+00:00";"2002-03-14 23:00:00+00:00";"19";"38";"84";"2021";"NON";"NON";"38086";"";"";"";"2021-10-06";"19507";""
"38087";"3499";"PLU";"CA";"2017-11-29 23:00:00+00:00";"2014-12-16 23:00:00+00:00";"39";"38";"84";"2021";"NON";"NON";"38087";"";"";"";"2021-10-06";"157748";""
"38089";"3433";"PLU";"CC";"2007-11-26 23:00:00+00:00";"2002-04-22 22:00:00+00:00";"33";"38";"84";"2021";"NON";"NON";"200068567";"";"";"";"2021-10-06";"34062";""
"38090";"3199";"PLU";"COM";"2019-02-13 23:00:00+00:00";"2015-12-21 23:00:00+00:00";"39";"38";"84";"2021";"NON";"NON";"38090";"";"";"";"2021-10-06";"145239";""
"38093";"3399";"PLUi/PLUiS";"CC";"2019-11-25 23:00:00+00:00";"2015-12-13 23:00:00+00:00";"39";"38";"84";"2021";"OUI";"NON";"38093";"";"";"";"2021-10-06";"144411";""
"38094";"3399";"PLUi/PLUiS";"CC";"2019-12-16 23:00:00+00:00";"2015-12-09 23:00:00+00:00";"39";"38";"84";"2021";"OUI";"NON";"38094";"";"";"";"2021-10-06";"144255";""
"38095";"3199";"PLU";"COM";"2005-03-06 23:00:00+00:00";"2002-02-03 23:00:00+00:00";"39";"38";"84";"2021";"NON";"NON";"38095";"";"";"";"2021-10-06";"19512";""
"38097";"3199";"PLU";"COM";"2018-07-11 22:00:00+00:00";"2005-10-26 22:00:00+00:00";"39";"38";"84";"2021";"NON";"NON";"38097";"";"";"";"2021-10-06";"62246";""
"38098";"3433";"PLU";"CC";"2017-02-22 23:00:00+00:00";"2014-12-17 23:00:00+00:00";"33";"38";"84";"2021";"NON";"NON";"200068567";"";"";"";"2021-10-06";"131890";""
"38100";"3199";"PLU";"COM";"2014-03-10 23:00:00+00:00";"2012-09-17 22:00:00+00:00";"39";"38";"84";"2021";"NON";"NON";"38100";"";"";"";"2021-10-06";"62247";""
"38101";"3499";"PLU";"CC";"2018-09-23 22:00:00+00:00";"2012-12-09 23:00:00+00:00";"39";"38";"84";"2021";"NON";"NON";"38101";"";"";"";"2021-10-06";"124763";""
"38102";"3199";"PLU";"COM";"2019-12-15 23:00:00+00:00";"2013-11-03 23:00:00+00:00";"39";"38";"84";"2021";"NON";"NON";"38102";"";"";"";"2021-10-06";"125563";""
"38104";"3433";"PLU";"CC";"2013-05-20 22:00:00+00:00";"2008-12-10 23:00:00+00:00";"33";"38";"84";"2021";"NON";"NON";"200068567";"";"";"";"2021-10-06";"40125";""
"38105";"3199";"PLU";"COM";"2013-04-08 22:00:00+00:00";"2009-07-22 22:00:00+00:00";"39";"38";"84";"2021";"NON";"NON";"38105";"";"";"";"2021-10-06";"39200";""
"38106";"3199";"PLU";"COM";"2021-02-18 23:00:00+00:00";"2010-03-04 23:00:00+00:00";"39";"38";"84";"2021";"NON";"NON";"38106";"";"";"";"2021-10-06";"41831";""
"38107";"3499";"PLU";"CA";"2019-05-14 22:00:00+00:00";"2015-09-27 22:00:00+00:00";"39";"38";"84";"2021";"NON";"NON";"38107";"";"";"";"2021-10-06";"141774";""
"38109";"3199";"PLU";"COM";"2017-10-18 22:00:00+00:00";"2010-03-03 23:00:00+00:00";"39";"38";"84";"2021";"NON";"NON";"38109";"";"";"";"2021-10-06";"46221";""
"38110";"3499";"PLU";"CA";"2013-03-19 23:00:00+00:00";"2009-12-07 23:00:00+00:00";"39";"38";"84";"2021";"NON";"NON";"38110";"";"";"";"2021-10-06";"46223";""
"38111";"3299";"PLUi/PLUiS";"MET";"2019-12-19 23:00:00+00:00";"2015-11-05 23:00:00+00:00";"39";"38";"84";"2021";"NON";"OUI";"200040715";"";"";"";"2021-10-06";"143241";""
"38112";"1199";"CC";"COM";"2016-09-04 22:00:00+00:00";"2004-04-01 22:00:00+00:00";"19";"38";"84";"2021";"NON";"NON";"38112";"";"";"";"2021-10-06";"26310";""
"38113";"3199";"PLU";"COM";"2021-05-17 22:00:00+00:00";"2015-11-25 23:00:00+00:00";"39";"38";"84";"2021";"NON";"NON";"38113";"";"";"";"2021-10-06";"143230";""
"38114";"3499";"PLU";"CC";"2018-09-12 22:00:00+00:00";"2015-12-09 23:00:00+00:00";"39";"38";"84";"2021";"NON";"NON";"38114";"";"";"";"2021-10-06";"143051";""
"38115";"3199";"PLU";"COM";"2020-02-11 23:00:00+00:00";"2015-12-01 23:00:00+00:00";"39";"38";"84";"2021";"NON";"NON";"38115";"";"";"";"2021-10-06";"143231";""
"38117";"3199";"PLU";"COM";"2019-11-12 23:00:00+00:00";"2015-11-23 23:00:00+00:00";"39";"38";"84";"2021";"NON";"NON";"38117";"";"";"";"2021-10-06";"143223";""
"38118";"3299";"PLUi/PLUiS";"CC";"2019-12-15 23:00:00+00:00";"2015-11-08 23:00:00+00:00";"39";"38";"84";"2021";"NON";"OUI";"243801073";"";"";"";"2021-10-06";"142253";""
"38120";"3199";"PLU";"COM";"2018-03-20 23:00:00+00:00";"2015-02-15 23:00:00+00:00";"39";"38";"84";"2021";"NON";"NON";"38120";"";"";"";"2021-10-06";"137374";""
"38124";"3199";"PLU";"COM";"2008-06-02 22:00:00+00:00";"2002-10-14 22:00:00+00:00";"39";"38";"84";"2021";"NON";"NON";"38124";"";"";"";"2021-10-06";"36033";""
"38126";"3299";"PLUi/PLUiS";"MET";"2019-12-19 23:00:00+00:00";"2015-11-05 23:00:00+00:00";"39";"38";"84";"2021";"NON";"OUI";"200040715";"";"";"";"2021-10-06";"143241";""
"38129";"3299";"PLUi/PLUiS";"CC";"2020-01-30 23:00:00+00:00";"2014-07-17 22:00:00+00:00";"39";"38";"84";"2021";"NON";"OUI";"243801024";"";"";"";"2021-10-06";"132339";""
"38130";"3399";"PLUi/PLUiS";"CC";"2019-11-25 23:00:00+00:00";"2015-12-13 23:00:00+00:00";"39";"38";"84";"2021";"OUI";"NON";"38130";"";"";"";"2021-10-06";"144411";""
"38131";"3499";"PLU";"CA";"2016-02-25 23:00:00+00:00";"2011-12-19 23:00:00+00:00";"39";"38";"84";"2021";"NON";"NON";"38131";"";"";"";"2021-10-06";"27409";""
"38133";"3131";"PLU";"COM";"2013-11-17 23:00:00+00:00";"2010-03-14 23:00:00+00:00";"33";"38";"84";"2021";"NON";"NON";"38133";"";"";"";"2021-10-06";"36804";""
"38135";"3199";"PLU";"COM";"2019-06-26 22:00:00+00:00";"2003-05-14 22:00:00+00:00";"39";"38";"84";"2021";"NON";"NON";"38135";"";"";"";"2021-10-06";"36433";""
"38136";"3199";"PLU";"COM";"2019-10-13 22:00:00+00:00";"2013-12-11 23:00:00+00:00";"39";"38";"84";"2021";"NON";"NON";"38136";"";"";"";"2021-10-06";"131251";""
"38137";"3199";"PLU";"COM";"2021-07-18 22:00:00+00:00";"2015-12-20 23:00:00+00:00";"39";"38";"84";"2021";"NON";"NON";"38137";"";"";"";"2021-10-06";"144697";""
"38138";"3199";"PLU";"COM";"2019-05-13 22:00:00+00:00";"2009-12-20 23:00:00+00:00";"39";"38";"84";"2021";"NON";"NON";"38138";"";"";"";"2021-10-06";"46227";""
"38139";"3199";"PLU";"COM";"2013-03-27 23:00:00+00:00";"2010-01-27 23:00:00+00:00";"39";"38";"84";"2021";"NON";"NON";"38139";"";"";"";"2021-10-06";"46228";""
"38140";"3131";"PLU";"COM";"2010-09-16 22:00:00+00:00";"2006-01-26 23:00:00+00:00";"33";"38";"84";"2021";"NON";"NON";"38140";"";"";"";"2021-10-06";"29999";""
"38141";"3399";"PLUi/PLUiS";"CC";"2019-12-16 23:00:00+00:00";"2015-12-09 23:00:00+00:00";"39";"38";"84";"2021";"OUI";"NON";"38141";"";"";"";"2021-10-06";"144255";""
"38144";"3199";"PLU";"COM";"2018-03-19 23:00:00+00:00";"2013-05-02 22:00:00+00:00";"39";"38";"84";"2021";"NON";"NON";"38144";"";"";"";"2021-10-06";"123112";""
"38146";"3199";"PLU";"COM";"2016-12-14 23:00:00+00:00";"2011-06-29 22:00:00+00:00";"39";"38";"84";"2021";"NON";"NON";"38146";"";"";"";"2021-10-06";"95639";""
"38147";"3399";"PLUi/PLUiS";"CC";"2019-12-18 23:00:00+00:00";"2015-12-13 23:00:00+00:00";"39";"38";"84";"2021";"OUI";"NON";"200068567";"";"";"";"2021-10-06";"144256";""
"38148";"3399";"PLUi/PLUiS";"CC";"2019-12-18 23:00:00+00:00";"2015-12-13 23:00:00+00:00";"39";"38";"84";"2021";"OUI";"NON";"200068567";"";"";"";"2021-10-06";"144256";""
"38149";"3199";"PLU";"COM";"2013-12-15 23:00:00+00:00";"2009-01-11 23:00:00+00:00";"39";"38";"84";"2021";"NON";"NON";"38149";"";"";"";"2021-10-06";"40129";""
"38150";"3299";"PLUi/PLUiS";"MET";"2019-12-19 23:00:00+00:00";"2015-11-05 23:00:00+00:00";"39";"38";"84";"2021";"NON";"OUI";"200040715";"";"";"";"2021-10-06";"143241";""
"38151";"3299";"PLUi/PLUiS";"MET";"2019-12-19 23:00:00+00:00";"2015-11-05 23:00:00+00:00";"39";"38";"84";"2021";"NON";"OUI";"200040715";"";"";"";"2021-10-06";"143241";""
"38153";"3299";"PLUi/PLUiS";"CC";"2020-01-30 23:00:00+00:00";"2014-07-17 22:00:00+00:00";"39";"38";"84";"2021";"NON";"OUI";"243801024";"";"";"";"2021-10-06";"132339";""
"38155";"3299";"PLUi/PLUiS";"CC";"2019-12-18 23:00:00+00:00";"2015-06-28 22:00:00+00:00";"39";"38";"84";"2021";"NON";"OUI";"200040111";"";"";"";"2021-10-06";"140403";""
"38156";"3199";"PLU";"COM";"2019-06-30 22:00:00+00:00";"2004-11-04 23:00:00+00:00";"39";"38";"84";"2021";"NON";"NON";"38156";"";"";"";"2021-10-06";"36454";""
"38157";"3499";"PLU";"CA";"2013-12-15 23:00:00+00:00";"2008-06-29 22:00:00+00:00";"39";"38";"84";"2021";"NON";"NON";"38157";"";"";"";"2021-10-06";"36411";""
"38158";"3299";"PLUi/PLUiS";"MET";"2019-12-19 23:00:00+00:00";"2015-11-05 23:00:00+00:00";"39";"38";"84";"2021";"NON";"OUI";"200040715";"";"";"";"2021-10-06";"143241";""
"38159";"3299";"PLUi/PLUiS";"CC";"2019-12-15 23:00:00+00:00";"2015-11-08 23:00:00+00:00";"39";"38";"84";"2021";"NON";"OUI";"243801073";"";"";"";"2021-10-06";"142253";""
"38160";"3499";"PLU";"CA";"2016-06-26 22:00:00+00:00";"2012-07-24 22:00:00+00:00";"39";"38";"84";"2021";"NON";"NON";"38160";"";"";"";"2021-10-06";"128752";""
"38161";"3399";"PLUi/PLUiS";"CC";"2019-11-25 23:00:00+00:00";"2015-12-13 23:00:00+00:00";"39";"38";"84";"2021";"OUI";"NON";"38161";"";"";"";"2021-10-06";"144411";""
"38162";"3399";"PLUi/PLUiS";"CC";"2019-12-18 23:00:00+00:00";"2015-12-13 23:00:00+00:00";"39";"38";"84";"2021";"OUI";"NON";"200068567";"";"";"";"2021-10-06";"144256";""
"38163";"3131";"PLU";"COM";"2008-06-23 22:00:00+00:00";"2006-02-02 23:00:00+00:00";"33";"38";"84";"2021";"NON";"NON";"38163";"";"";"";"2021-10-06";"33594";""
"38166";"3199";"PLU";"COM";"2016-09-26 22:00:00+00:00";"2010-07-07 22:00:00+00:00";"39";"38";"84";"2021";"NON";"NON";"38166";"";"";"";"2021-10-06";"23239";""
"38167";"3299";"PLUi/PLUiS";"CC";"2019-12-15 23:00:00+00:00";"2015-11-08 23:00:00+00:00";"39";"38";"84";"2021";"NON";"OUI";"243801073";"";"";"";"2021-10-06";"142253";""
"38169";"3299";"PLUi/PLUiS";"MET";"2019-12-19 23:00:00+00:00";"2015-11-05 23:00:00+00:00";"39";"38";"84";"2021";"NON";"OUI";"200040715";"";"";"";"2021-10-06";"143241";""
"38170";"3299";"PLUi/PLUiS";"MET";"2019-12-19 23:00:00+00:00";"2015-11-05 23:00:00+00:00";"39";"38";"84";"2021";"NON";"OUI";"200040715";"";"";"";"2021-10-06";"143241";""
"38171";"3399";"PLUi/PLUiS";"CC";"2019-11-25 23:00:00+00:00";"2015-12-13 23:00:00+00:00";"39";"38";"84";"2021";"OUI";"NON";"38171";"";"";"";"2021-10-06";"144411";""
"38172";"3199";"PLU";"COM";"2021-03-21 23:00:00+00:00";"2010-06-06 22:00:00+00:00";"39";"38";"84";"2021";"NON";"NON";"38172";"";"";"";"2021-10-06";"102797";""
"38173";"3199";"PLU";"COM";"2021-05-04 22:00:00+00:00";"2013-08-04 22:00:00+00:00";"39";"38";"84";"2021";"NON";"NON";"38173";"";"";"";"2021-10-06";"123878";""
"38174";"3399";"PLUi/PLUiS";"CC";"2019-11-25 23:00:00+00:00";"2015-12-13 23:00:00+00:00";"39";"38";"84";"2021";"OUI";"NON";"38174";"";"";"";"2021-10-06";"144411";""
"38175";"3199";"PLU";"COM";"2016-05-16 22:00:00+00:00";"2012-01-30 23:00:00+00:00";"39";"38";"84";"2021";"NON";"NON";"38175";"";"";"";"2021-10-06";"103372";""
"38176";"3199";"PLU";"COM";"2010-07-04 22:00:00+00:00";"2001-12-09 23:00:00+00:00";"39";"38";"84";"2021";"NON";"NON";"38176";"";"";"";"2021-10-06";"40132";""
"38177";"1199";"CC";"COM";"2017-10-29 23:00:00+00:00";"2014-08-22 22:00:00+00:00";"19";"38";"84";"2021";"NON";"NON";"38177";"";"";"";"2021-10-06";"23249";""
"38179";"3299";"PLUi/PLUiS";"MET";"2019-12-19 23:00:00+00:00";"2015-11-05 23:00:00+00:00";"39";"38";"84";"2021";"NON";"OUI";"200040715";"";"";"";"2021-10-06";"143241";""
"38180";"3399";"PLUi/PLUiS";"CC";"2019-11-25 23:00:00+00:00";"2015-12-13 23:00:00+00:00";"39";"38";"84";"2021";"OUI";"NON";"38180";"";"";"";"2021-10-06";"144411";""
"38181";"3199";"PLU";"COM";"2005-06-29 22:00:00+00:00";"1998-12-21 23:00:00+00:00";"39";"38";"84";"2021";"NON";"NON";"38181";"";"";"";"2021-10-06";"32363";""
"38182";"3299";"PLUi/PLUiS";"CC";"2019-12-15 23:00:00+00:00";"2015-11-08 23:00:00+00:00";"39";"38";"84";"2021";"NON";"OUI";"243801073";"";"";"";"2021-10-06";"142253";""
"38183";"3433";"PLU";"CC";"2017-12-06 23:00:00+00:00";"2015-01-29 23:00:00+00:00";"33";"38";"84";"2021";"NON";"NON";"200068567";"";"";"";"2021-10-06";"137444";""
"38185";"3299";"PLUi/PLUiS";"MET";"2019-12-19 23:00:00+00:00";"2015-11-05 23:00:00+00:00";"39";"38";"84";"2021";"NON";"OUI";"200040715";"";"";"";"2021-10-06";"143241";""
"38186";"3199";"PLU";"COM";"2019-09-09 22:00:00+00:00";"2008-05-22 22:00:00+00:00";"39";"38";"84";"2021";"NON";"NON";"38186";"";"";"";"2021-10-06";"35183";""
"38187";"3299";"PLUi/PLUiS";"MET";"2019-12-19 23:00:00+00:00";"2015-11-05 23:00:00+00:00";"39";"38";"84";"2021";"NON";"OUI";"200040715";"";"";"";"2021-10-06";"143241";""
"38188";"3299";"PLUi/PLUiS";"MET";"2019-12-19 23:00:00+00:00";"2015-11-05 23:00:00+00:00";"39";"38";"84";"2021";"NON";"OUI";"200040715";"";"";"";"2021-10-06";"143241";""
"38189";"3199";"PLU";"COM";"2018-06-25 22:00:00+00:00";"2010-07-19 22:00:00+00:00";"39";"38";"84";"2021";"NON";"NON";"38189";"";"";"";"2021-10-06";"46238";""
"38190";"3199";"PLU";"COM";"2008-02-21 23:00:00+00:00";"2001-12-13 23:00:00+00:00";"39";"38";"84";"2021";"NON";"NON";"38190";"";"";"";"2021-10-06";"34661";""
"38191";"3199";"PLU";"COM";"2019-11-25 23:00:00+00:00";"2018-02-20 23:00:00+00:00";"39";"38";"84";"2021";"NON";"NON";"38191";"";"";"";"2021-10-06";"164046";""
"38193";"3131";"PLU";"COM";"2017-11-05 23:00:00+00:00";"2014-06-29 22:00:00+00:00";"33";"38";"84";"2021";"NON";"NON";"38193";"";"";"";"2021-10-06";"36451";""
"38194";"3299";"PLUi/PLUiS";"CC";"2019-12-15 23:00:00+00:00";"2015-11-08 23:00:00+00:00";"39";"38";"84";"2021";"NON";"OUI";"243801073";"";"";"";"2021-10-06";"142253";""
"38195";"3199";"PLU";"COM";"2015-12-13 23:00:00+00:00";"2008-10-09 22:00:00+00:00";"39";"38";"84";"2021";"NON";"NON";"38195";"";"";"";"2021-10-06";"36696";""
"38197";"3131";"PLU";"COM";"2012-06-12 22:00:00+00:00";"2003-06-11 22:00:00+00:00";"33";"38";"84";"2021";"NON";"NON";"38197";"";"";"";"2021-10-06";"47731";""
"38198";"3499";"PLU";"CC";"2013-04-14 22:00:00+00:00";"2008-12-14 23:00:00+00:00";"39";"38";"84";"2021";"NON";"NON";"38198";"";"";"";"2021-10-06";"40283";""
"38199";"3499";"PLU";"CA";"2018-12-17 23:00:00+00:00";"2014-11-23 23:00:00+00:00";"39";"38";"84";"2021";"NON";"NON";"38199";"";"";"";"2021-10-06";"134017";""
"38200";"3299";"PLUi/PLUiS";"MET";"2019-12-19 23:00:00+00:00";"2015-11-05 23:00:00+00:00";"39";"38";"84";"2021";"NON";"OUI";"200040715";"";"";"";"2021-10-06";"143241";""
"38203";"1199";"CC";"COM";"2020-06-25 22:00:00+00:00";"2018-06-25 22:00:00+00:00";"19";"38";"84";"2021";"NON";"NON";"38203";"";"";"";"2021-10-06";"165275";""
"38205";"3299";"PLUi/PLUiS";"CC";"2020-01-30 23:00:00+00:00";"2014-07-17 22:00:00+00:00";"39";"38";"84";"2021";"NON";"OUI";"243801024";"";"";"";"2021-10-06";"132339";""
"38206";"3199";"PLU";"COM";"2020-02-17 23:00:00+00:00";"2009-01-27 23:00:00+00:00";"39";"38";"84";"2021";"NON";"NON";"38206";"";"";"";"2021-10-06";"37349";""
"38207";"1199";"CC";"COM";"2008-01-15 23:00:00+00:00";"2006-01-09 23:00:00+00:00";"19";"38";"84";"2021";"NON";"NON";"38207";"";"";"";"2021-10-06";"23309";""
"38209";"3399";"PLUi/PLUiS";"CC";"2019-11-25 23:00:00+00:00";"2015-12-13 23:00:00+00:00";"39";"38";"84";"2021";"OUI";"NON";"38209";"";"";"";"2021-10-06";"144411";""
"38210";"3199";"PLU";"COM";"2009-02-24 23:00:00+00:00";"2002-02-20 23:00:00+00:00";"39";"38";"84";"2021";"NON";"NON";"38210";"";"";"";"2021-10-06";"36437";""
"38211";"3399";"PLUi/PLUiS";"CC";"2019-12-16 23:00:00+00:00";"2015-12-09 23:00:00+00:00";"39";"38";"84";"2021";"OUI";"NON";"38211";"";"";"";"2021-10-06";"144255";""
"38213";"3399";"PLUi/PLUiS";"CC";"2019-11-25 23:00:00+00:00";"2015-12-13 23:00:00+00:00";"39";"38";"84";"2021";"OUI";"NON";"38213";"";"";"";"2021-10-06";"144411";""
"38214";"3199";"PLU";"COM";"2013-09-09 22:00:00+00:00";"2009-12-07 23:00:00+00:00";"39";"38";"84";"2021";"NON";"NON";"38214";"";"";"";"2021-10-06";"40412";""
"38215";"3434";"PLU";"CA";"2017-03-30 22:00:00+00:00";"2013-06-30 22:00:00+00:00";"33";"38";"84";"2021";"NON";"NON";"38215";"";"";"";"2021-10-06";"123302";""
"38218";"3399";"PLUi/PLUiS";"CC";"2019-11-25 23:00:00+00:00";"2015-12-13 23:00:00+00:00";"39";"38";"84";"2021";"OUI";"NON";"38218";"";"";"";"2021-10-06";"144411";""
"38219";"3399";"PLUi/PLUiS";"CC";"2019-11-25 23:00:00+00:00";"2015-12-13 23:00:00+00:00";"39";"38";"84";"2021";"OUI";"NON";"38219";"";"";"";"2021-10-06";"144411";""
"38221";"3399";"PLUi/PLUiS";"CC";"2019-11-25 23:00:00+00:00";"2015-12-13 23:00:00+00:00";"39";"38";"84";"2021";"OUI";"NON";"38221";"";"";"";"2021-10-06";"144411";""
"38222";"3199";"PLU";"COM";"2017-10-19 22:00:00+00:00";"2011-06-23 22:00:00+00:00";"39";"38";"84";"2021";"NON";"NON";"38222";"";"";"";"2021-10-06";"93103";""
"38223";"3199";"PLU";"COM";"2019-07-04 22:00:00+00:00";"2009-07-02 22:00:00+00:00";"39";"38";"84";"2021";"NON";"NON";"38223";"";"";"";"2021-10-06";"40140";""
"38225";"3299";"PLUi/PLUiS";"CC";"2020-01-30 23:00:00+00:00";"2014-07-17 22:00:00+00:00";"39";"38";"84";"2021";"NON";"OUI";"243801024";"";"";"";"2021-10-06";"132339";""
"38226";"3199";"PLU";"COM";"2017-03-13 23:00:00+00:00";"2009-09-30 22:00:00+00:00";"39";"38";"84";"2021";"NON";"NON";"38226";"";"";"";"2021-10-06";"41827";""
"38228";"1199";"CC";"COM";"2004-10-06 22:00:00+00:00";"2002-10-27 23:00:00+00:00";"19";"38";"84";"2021";"NON";"NON";"38228";"";"";"";"2021-10-06";"26388";""
"38229";"3299";"PLUi/PLUiS";"MET";"2019-12-19 23:00:00+00:00";"2015-11-05 23:00:00+00:00";"39";"38";"84";"2021";"NON";"OUI";"200040715";"";"";"";"2021-10-06";"143241";""
"38230";"3199";"PLU";"COM";"2017-05-04 22:00:00+00:00";"2013-10-30 23:00:00+00:00";"39";"38";"84";"2021";"NON";"NON";"38230";"";"";"";"2021-10-06";"125279";""
"38231";"3399";"PLUi/PLUiS";"CC";"2019-12-16 23:00:00+00:00";"2015-12-09 23:00:00+00:00";"39";"38";"84";"2021";"OUI";"NON";"38231";"";"";"";"2021-10-06";"144255";""
"38232";"3499";"PLU";"CA";"2008-02-21 23:00:00+00:00";"2004-03-18 23:00:00+00:00";"39";"38";"84";"2021";"NON";"NON";"38232";"";"";"";"2021-10-06";"34818";""
"38235";"3299";"PLUi/PLUiS";"MET";"2019-12-19 23:00:00+00:00";"2015-11-05 23:00:00+00:00";"39";"38";"84";"2021";"NON";"OUI";"200040715";"";"";"";"2021-10-06";"143241";""
"38236";"3299";"PLUi/PLUiS";"CC";"2019-12-18 23:00:00+00:00";"2015-06-28 22:00:00+00:00";"39";"38";"84";"2021";"NON";"OUI";"200040111";"";"";"";"2021-10-06";"140403";""
"38238";"3499";"PLU";"CA";"2018-03-26 22:00:00+00:00";"2013-05-30 22:00:00+00:00";"39";"38";"84";"2021";"NON";"NON";"38238";"";"";"";"2021-10-06";"122251";""
"38239";"3199";"PLU";"COM";"2017-12-13 23:00:00+00:00";"2015-04-22 22:00:00+00:00";"39";"38";"84";"2021";"NON";"NON";"38239";"";"";"";"2021-10-06";"138745";""
"38240";"3499";"PLU";"CC";"2008-06-19 22:00:00+00:00";"2003-03-20 23:00:00+00:00";"39";"38";"84";"2021";"NON";"NON";"38240";"";"";"";"2021-10-06";"26991";""
"38241";"1199";"CC";"COM";"2007-08-12 22:00:00+00:00";"2006-06-05 22:00:00+00:00";"19";"38";"84";"2021";"NON";"NON";"38241";"";"";"";"2021-10-06";"23369";""
"38242";"3131";"PLU";"COM";"2005-04-10 22:00:00+00:00";"2000-02-03 23:00:00+00:00";"33";"38";"84";"2021";"NON";"NON";"38242";"";"";"";"2021-10-06";"23391";""
"38243";"3199";"PLU";"COM";"2021-03-26 23:00:00+00:00";"2015-12-16 23:00:00+00:00";"39";"38";"84";"2021";"NON";"NON";"38243";"";"";"";"2021-10-06";"145259";""
"38246";"3399";"PLUi/PLUiS";"CC";"2019-12-18 23:00:00+00:00";"2015-12-13 23:00:00+00:00";"39";"38";"84";"2021";"OUI";"NON";"200068567";"";"";"";"2021-10-06";"144256";""
"38247";"3199";"PLU";"COM";"2012-12-10 23:00:00+00:00";"2009-06-21 22:00:00+00:00";"39";"38";"84";"2021";"NON";"NON";"38247";"";"";"";"2021-10-06";"40148";""
"38248";"3199";"PLU";"COM";"2017-09-04 22:00:00+00:00";"2013-07-08 22:00:00+00:00";"39";"38";"84";"2021";"NON";"NON";"38248";"";"";"";"2021-10-06";"123827";""
"38249";"3199";"PLU";"COM";"2017-03-20 23:00:00+00:00";"2014-05-26 22:00:00+00:00";"39";"38";"84";"2021";"NON";"NON";"38249";"";"";"";"2021-10-06";"130224";""
"38250";"3199";"PLU";"COM";"2017-08-28 22:00:00+00:00";"2015-10-05 22:00:00+00:00";"39";"38";"84";"2021";"NON";"NON";"38250";"";"";"";"2021-10-06";"142107";""
"38252";"3299";"PLUi/PLUiS";"MET";"2019-12-19 23:00:00+00:00";"2015-11-05 23:00:00+00:00";"39";"38";"84";"2021";"NON";"OUI";"200040715";"";"";"";"2021-10-06";"143241";""
"38253";"3131";"PLU";"COM";"2016-10-24 22:00:00+00:00";"2015-08-31 22:00:00+00:00";"33";"38";"84";"2021";"NON";"NON";"38253";"";"";"";"2021-10-06";"141043";""
"38255";"3399";"PLUi/PLUiS";"CC";"2019-11-25 23:00:00+00:00";"2015-12-13 23:00:00+00:00";"39";"38";"84";"2021";"OUI";"NON";"38255";"";"";"";"2021-10-06";"144411";""
"38256";"3199";"PLU";"COM";"2020-02-20 23:00:00+00:00";"2017-01-18 23:00:00+00:00";"39";"38";"84";"2021";"NON";"NON";"38256";"";"";"";"2021-10-06";"158279";""
"38257";"3399";"PLUi/PLUiS";"CC";"2019-12-18 23:00:00+00:00";"2015-12-13 23:00:00+00:00";"39";"38";"84";"2021";"OUI";"NON";"200068567";"";"";"";"2021-10-06";"144256";""
"38258";"3299";"PLUi/PLUiS";"MET";"2019-12-19 23:00:00+00:00";"2015-11-05 23:00:00+00:00";"39";"38";"84";"2021";"NON";"OUI";"38258";"";"";"";"2021-10-06";"143241";""
"38259";"3434";"PLU";"CC";"2004-06-28 22:00:00+00:00";"1999-12-14 23:00:00+00:00";"33";"38";"84";"2021";"NON";"NON";"38259";"";"";"";"2021-10-06";"27460";""
"38260";"3199";"PLU";"COM";"2019-05-21 22:00:00+00:00";"2011-04-14 22:00:00+00:00";"39";"38";"84";"2021";"NON";"NON";"38260";"";"";"";"2021-10-06";"95719";""
"38261";"3131";"PLU";"COM";"2015-01-26 23:00:00+00:00";"2009-07-07 22:00:00+00:00";"33";"38";"84";"2021";"NON";"NON";"38261";"";"";"";"2021-10-06";"40152";""
"38263";"3199";"PLU";"COM";"2007-04-17 22:00:00+00:00";"2002-05-14 22:00:00+00:00";"39";"38";"84";"2021";"NON";"NON";"38263";"";"";"";"2021-10-06";"21533";""
"38264";"3199";"PLU";"COM";"2017-12-12 23:00:00+00:00";"2015-06-23 22:00:00+00:00";"39";"38";"84";"2021";"NON";"NON";"38264";"";"";"";"2021-10-06";"131976";""
"38267";"3399";"PLUi/PLUiS";"CC";"2019-11-25 23:00:00+00:00";"2015-12-13 23:00:00+00:00";"39";"38";"84";"2021";"OUI";"NON";"38267";"";"";"";"2021-10-06";"144411";""
"38268";"3199";"PLU";"COM";"2011-05-22 22:00:00+00:00";"2007-07-08 22:00:00+00:00";"39";"38";"84";"2021";"NON";"NON";"38268";"";"";"";"2021-10-06";"34192";""
"38269";"3131";"PLU";"COM";"2010-02-22 23:00:00+00:00";"2003-07-09 22:00:00+00:00";"33";"38";"84";"2021";"NON";"NON";"38269";"";"";"";"2021-10-06";"23475";""
"38270";"3199";"PLU";"COM";"2016-03-02 23:00:00+00:00";"2011-02-23 23:00:00+00:00";"39";"38";"84";"2021";"NON";"NON";"38270";"";"";"";"2021-10-06";"93114";""
"38271";"3299";"PLUi/PLUiS";"MET";"2019-12-19 23:00:00+00:00";"2015-11-05 23:00:00+00:00";"39";"38";"84";"2021";"NON";"OUI";"200040715";"";"";"";"2021-10-06";"143241";""
"38272";"3199";"PLU";"COM";"2017-12-12 23:00:00+00:00";"2013-01-20 23:00:00+00:00";"39";"38";"84";"2021";"NON";"NON";"38272";"";"";"";"2021-10-06";"34536";""
"38276";"3199";"PLU";"COM";"2020-03-01 23:00:00+00:00";"2016-09-28 22:00:00+00:00";"39";"38";"84";"2021";"NON";"NON";"38276";"";"";"";"2021-10-06";"155937";""
"38277";"3299";"PLUi/PLUiS";"MET";"2019-12-19 23:00:00+00:00";"2015-11-05 23:00:00+00:00";"39";"38";"84";"2021";"NON";"OUI";"200040715";"";"";"";"2021-10-06";"143241";""
"38278";"3199";"PLU";"COM";"2021-07-19 22:00:00+00:00";"2015-12-14 23:00:00+00:00";"39";"38";"84";"2021";"NON";"NON";"38278";"";"";"";"2021-10-06";"145273";""
"38279";"3299";"PLUi/PLUiS";"MET";"2019-12-19 23:00:00+00:00";"2015-11-05 23:00:00+00:00";"39";"38";"84";"2021";"NON";"OUI";"200040715";"";"";"";"2021-10-06";"143241";""
"38281";"3299";"PLUi/PLUiS";"MET";"2019-12-19 23:00:00+00:00";"2015-11-05 23:00:00+00:00";"39";"38";"84";"2021";"NON";"OUI";"200040715";"";"";"";"2021-10-06";"143241";""
"38282";"3199";"PLU";"COM";"2019-09-01 22:00:00+00:00";"2014-12-21 23:00:00+00:00";"39";"38";"84";"2021";"NON";"NON";"38282";"";"";"";"2021-10-06";"138790";""
"38284";"3399";"PLUi/PLUiS";"CC";"2019-11-25 23:00:00+00:00";"2015-12-13 23:00:00+00:00";"39";"38";"84";"2021";"OUI";"NON";"38284";"";"";"";"2021-10-06";"144411";""
"38285";"3199";"PLU";"COM";"2017-10-17 22:00:00+00:00";"2010-07-06 22:00:00+00:00";"39";"38";"84";"2021";"NON";"NON";"38285";"";"";"";"2021-10-06";"41961";""
"38287";"3299";"PLUi/PLUiS";"CC";"2019-12-15 23:00:00+00:00";"2015-11-08 23:00:00+00:00";"39";"38";"84";"2021";"NON";"OUI";"243801073";"";"";"";"2021-10-06";"142253";""
"38289";"3199";"PLU";"COM";"2017-11-19 23:00:00+00:00";"2015-05-17 22:00:00+00:00";"39";"38";"84";"2021";"NON";"NON";"38289";"";"";"";"2021-10-06";"139217";""
"38290";"3499";"PLU";"CC";"2005-04-13 22:00:00+00:00";"2001-12-04 23:00:00+00:00";"39";"38";"84";"2021";"NON";"NON";"38290";"";"";"";"2021-10-06";"40303";""
"38291";"3399";"PLUi/PLUiS";"CC";"2019-11-25 23:00:00+00:00";"2015-12-13 23:00:00+00:00";"39";"38";"84";"2021";"OUI";"NON";"38291";"";"";"";"2021-10-06";"144411";""
"38292";"3199";"PLU";"COM";"2016-12-08 23:00:00+00:00";"2013-05-29 22:00:00+00:00";"39";"38";"84";"2021";"NON";"NON";"38292";"";"";"";"2021-10-06";"123785";""
"38294";"3199";"PLU";"COM";"2012-03-21 23:00:00+00:00";"2006-01-20 23:00:00+00:00";"39";"38";"84";"2021";"NON";"NON";"38294";"";"";"";"2021-10-06";"35429";""
"38295";"3199";"PLU";"COM";"2017-09-11 22:00:00+00:00";"2014-10-27 23:00:00+00:00";"39";"38";"84";"2021";"NON";"NON";"38295";"";"";"";"2021-10-06";"46407";""
"38296";"3399";"PLUi/PLUiS";"CC";"2019-12-18 23:00:00+00:00";"2015-12-13 23:00:00+00:00";"39";"38";"84";"2021";"OUI";"NON";"200068567";"";"";"";"2021-10-06";"144256";""
"38297";"3131";"PLU";"COM";"2019-12-15 23:00:00+00:00";"2003-02-05 23:00:00+00:00";"33";"38";"84";"2021";"NON";"NON";"38297";"";"";"";"2021-10-06";"36424";""
"38298";"3499";"PLU";"CC";"2017-12-13 23:00:00+00:00";"2012-06-26 22:00:00+00:00";"39";"38";"84";"2021";"NON";"NON";"38298";"";"";"";"2021-10-06";"62293";""
"38299";"1199";"CC";"COM";"2004-11-03 23:00:00+00:00";"2003-11-14 23:00:00+00:00";"19";"38";"84";"2021";"NON";"NON";"38299";"";"";"";"2021-10-06";"23439";""
"38300";"3399";"PLUi/PLUiS";"CC";"2019-11-25 23:00:00+00:00";"2015-12-13 23:00:00+00:00";"39";"38";"84";"2021";"OUI";"NON";"38300";"";"";"";"2021-10-06";"144411";""
"38301";"3199";"PLU";"COM";"2014-03-12 23:00:00+00:00";"2011-09-13 22:00:00+00:00";"39";"38";"84";"2021";"NON";"NON";"38301";"";"";"";"2021-10-06";"93224";""
"38303";"3199";"PLU";"COM";"2016-06-13 22:00:00+00:00";"2012-06-25 22:00:00+00:00";"39";"38";"84";"2021";"NON";"NON";"38303";"";"";"";"2021-10-06";"113705";""
"38307";"3499";"PLU";"CC";"2017-05-29 22:00:00+00:00";"2014-11-17 23:00:00+00:00";"39";"38";"84";"2021";"NON";"NON";"38307";"";"";"";"2021-10-06";"134655";""
"38308";"3399";"PLUi/PLUiS";"CC";"2019-11-25 23:00:00+00:00";"2015-12-13 23:00:00+00:00";"39";"38";"84";"2021";"OUI";"NON";"38308";"";"";"";"2021-10-06";"144411";""
"38309";"3299";"PLUi/PLUiS";"MET";"2019-12-19 23:00:00+00:00";"2015-11-05 23:00:00+00:00";"39";"38";"84";"2021";"NON";"OUI";"200040715";"";"";"";"2021-10-06";"143241";""
"38310";"3199";"PLU";"COM";"2013-06-12 22:00:00+00:00";"2005-01-10 23:00:00+00:00";"39";"38";"84";"2021";"NON";"NON";"38310";"";"";"";"2021-10-06";"22085";""
"38311";"3499";"PLU";"CC";"2009-04-22 22:00:00+00:00";"2004-07-01 22:00:00+00:00";"39";"38";"84";"2021";"NON";"NON";"38311";"";"";"";"2021-10-06";"36412";""
"38314";"3199";"PLU";"COM";"2018-01-24 23:00:00+00:00";"2015-09-09 22:00:00+00:00";"39";"38";"84";"2021";"NON";"NON";"38314";"";"";"";"2021-10-06";"142548";""
"38315";"3433";"PLU";"CC";"2012-07-16 22:00:00+00:00";"2008-07-03 22:00:00+00:00";"33";"38";"84";"2021";"NON";"NON";"200068567";"";"";"";"2021-10-06";"36438";""
"38316";"3131";"PLU";"COM";"2008-07-02 22:00:00+00:00";"2001-12-05 23:00:00+00:00";"33";"38";"84";"2021";"NON";"NON";"38316";"";"";"";"2021-10-06";"52613";""
"38317";"3299";"PLUi/PLUiS";"MET";"2019-12-19 23:00:00+00:00";"2015-11-05 23:00:00+00:00";"39";"38";"84";"2021";"NON";"OUI";"200040715";"";"";"";"2021-10-06";"143241";""
"38318";"3499";"PLU";"CA";"2017-09-24 22:00:00+00:00";"2008-06-01 22:00:00+00:00";"39";"38";"84";"2021";"NON";"NON";"38318";"";"";"";"2021-10-06";"36413";""
"38320";"3199";"PLU";"COM";"2020-03-08 23:00:00+00:00";"2016-07-28 22:00:00+00:00";"39";"38";"84";"2021";"NON";"NON";"38320";"";"";"";"2021-10-06";"150506";""
"38321";"1199";"CC";"COM";"2009-08-06 22:00:00+00:00";"2005-02-04 23:00:00+00:00";"19";"38";"84";"2021";"NON";"NON";"38321";"";"";"";"2021-10-06";"34606";""
"38323";"3433";"PLU";"CC";"2017-11-01 23:00:00+00:00";"2015-04-26 22:00:00+00:00";"33";"38";"84";"2021";"NON";"NON";"200068567";"";"";"";"2021-10-06";"46416";""
"38324";"3499";"PLU";"CC";"2008-07-21 22:00:00+00:00";"2003-05-12 22:00:00+00:00";"39";"38";"84";"2021";"NON";"NON";"38324";"";"";"";"2021-10-06";"35803";""
"38325";"3299";"PLUi/PLUiS";"MET";"2019-12-19 23:00:00+00:00";"2015-11-05 23:00:00+00:00";"39";"38";"84";"2021";"NON";"OUI";"38325";"";"";"";"2021-10-06";"143241";""
"38326";"1199";"CC";"COM";"2018-05-29 22:00:00+00:00";"2008-05-29 22:00:00+00:00";"19";"38";"84";"2021";"NON";"NON";"38326";"";"";"";"2021-10-06";"36089";""
"38328";"3299";"PLUi/PLUiS";"MET";"2019-12-19 23:00:00+00:00";"2015-11-05 23:00:00+00:00";"39";"38";"84";"2021";"NON";"OUI";"38328";"";"";"";"2021-10-06";"143241";""
"38332";"3299";"PLUi/PLUiS";"CC";"2019-12-15 23:00:00+00:00";"2015-11-08 23:00:00+00:00";"39";"38";"84";"2021";"NON";"OUI";"243801073";"";"";"";"2021-10-06";"142253";""
"38334";"3199";"PLU";"COM";"2020-09-09 22:00:00+00:00";"2015-03-16 23:00:00+00:00";"39";"38";"84";"2021";"NON";"NON";"38334";"";"";"";"2021-10-06";"138071";""
"38335";"3499";"PLU";"CC";"2011-03-15 23:00:00+00:00";"2005-11-07 23:00:00+00:00";"39";"38";"84";"2021";"NON";"NON";"38335";"";"";"";"2021-10-06";"36414";""
"38336";"3499";"PLU";"CA";"2012-12-10 23:00:00+00:00";"2008-09-08 22:00:00+00:00";"39";"38";"84";"2021";"NON";"NON";"38336";"";"";"";"2021-10-06";"36415";""
"38337";"3199";"PLU";"COM";"2013-12-26 23:00:00+00:00";"2009-02-18 23:00:00+00:00";"39";"38";"84";"2021";"NON";"NON";"38337";"";"";"";"2021-10-06";"37648";""
"38338";"3199";"PLU";"COM";"2020-03-04 23:00:00+00:00";"2015-07-08 22:00:00+00:00";"39";"38";"84";"2021";"NON";"NON";"38338";"";"";"";"2021-10-06";"140858";""
"38339";"3199";"PLU";"COM";"2018-05-24 22:00:00+00:00";"2003-01-30 23:00:00+00:00";"39";"38";"84";"2021";"NON";"NON";"38339";"";"";"";"2021-10-06";"36456";""
"38340";"3499";"PLU";"CC";"2018-02-14 23:00:00+00:00";"2012-12-03 23:00:00+00:00";"39";"38";"84";"2021";"NON";"NON";"38340";"";"";"";"2021-10-06";"27503";""
"38341";"3399";"PLUi/PLUiS";"CC";"2019-12-18 23:00:00+00:00";"2015-12-13 23:00:00+00:00";"39";"38";"84";"2021";"OUI";"NON";"200068567";"";"";"";"2021-10-06";"144256";""
"38342";"3199";"PLU";"COM";"2014-02-17 23:00:00+00:00";"2011-09-22 22:00:00+00:00";"39";"38";"84";"2021";"NON";"NON";"38342";"";"";"";"2021-10-06";"93366";""
"38343";"3433";"PLU";"CC";"2008-01-22 23:00:00+00:00";"2004-02-03 23:00:00+00:00";"33";"38";"84";"2021";"NON";"NON";"200068567";"";"";"";"2021-10-06";"34592";""
"38344";"3499";"PLU";"CC";"2016-01-25 23:00:00+00:00";"2003-04-16 22:00:00+00:00";"39";"38";"84";"2021";"NON";"NON";"38344";"";"";"";"2021-10-06";"62296";""
"38345";"3199";"PLU";"COM";"2008-02-04 23:00:00+00:00";"2003-11-03 23:00:00+00:00";"39";"38";"84";"2021";"NON";"NON";"38345";"";"";"";"2021-10-06";"22390";""
"38346";"3399";"PLUi/PLUiS";"CC";"2019-12-16 23:00:00+00:00";"2015-12-09 23:00:00+00:00";"39";"38";"84";"2021";"OUI";"NON";"38346";"";"";"";"2021-10-06";"144255";""
"38347";"3399";"PLUi/PLUiS";"CC";"2019-11-25 23:00:00+00:00";"2015-12-13 23:00:00+00:00";"39";"38";"84";"2021";"OUI";"NON";"38347";"";"";"";"2021-10-06";"144411";""
"38348";"3199";"PLU";"COM";"2016-10-02 22:00:00+00:00";"2010-06-30 22:00:00+00:00";"39";"38";"84";"2021";"NON";"NON";"38348";"";"";"";"2021-10-06";"133155";""
"38349";"3499";"PLU";"CC";"2013-08-04 22:00:00+00:00";"2002-05-20 22:00:00+00:00";"39";"38";"84";"2021";"NON";"NON";"38349";"";"";"";"2021-10-06";"36467";""
"38351";"3399";"PLUi/PLUiS";"CC";"2019-12-16 23:00:00+00:00";"2015-12-09 23:00:00+00:00";"39";"38";"84";"2021";"OUI";"NON";"38351";"";"";"";"2021-10-06";"144255";""
"38352";"3199";"PLU";"COM";"2014-03-04 23:00:00+00:00";"2010-05-09 22:00:00+00:00";"39";"38";"84";"2021";"NON";"NON";"38352";"";"";"";"2021-10-06";"46424";""
"38353";"3499";"PLU";"CC";"2017-07-25 22:00:00+00:00";"2013-01-30 23:00:00+00:00";"39";"38";"84";"2021";"NON";"NON";"38353";"";"";"";"2021-10-06";"40327";""
"38354";"1433";"CC";"CC";"2018-12-02 23:00:00+00:00";"2015-05-18 22:00:00+00:00";"13";"38";"84";"2021";"NON";"NON";"200068567";"";"";"";"2021-10-06";"140817";""
"38356";"3199";"PLU";"COM";"2007-03-14 23:00:00+00:00";"2003-03-15 23:00:00+00:00";"39";"38";"84";"2021";"NON";"NON";"38356";"";"";"";"2021-10-06";"22486";""
"38357";"3433";"PLU";"CC";"2017-10-04 22:00:00+00:00";"2008-10-16 22:00:00+00:00";"33";"38";"84";"2021";"NON";"NON";"200068567";"";"";"";"2021-10-06";"36440";""
"38358";"3399";"PLUi/PLUiS";"CC";"2019-12-16 23:00:00+00:00";"2015-12-09 23:00:00+00:00";"39";"38";"84";"2021";"OUI";"NON";"38358";"";"";"";"2021-10-06";"144255";""
"38359";"3199";"PLU";"COM";"2009-10-26 23:00:00+00:00";"2002-03-07 23:00:00+00:00";"39";"38";"84";"2021";"NON";"NON";"38359";"";"";"";"2021-10-06";"19708";""
"38363";"3499";"PLU";"CC";"2014-01-28 23:00:00+00:00";"2011-10-11 22:00:00+00:00";"39";"38";"84";"2021";"NON";"NON";"38363";"";"";"";"2021-10-06";"36416";""
"38364";"3299";"PLUi/PLUiS";"MET";"2019-12-19 23:00:00+00:00";"2015-11-05 23:00:00+00:00";"39";"38";"84";"2021";"NON";"OUI";"200040715";"";"";"";"2021-10-06";"143241";""
"38365";"3199";"PLU";"COM";"2007-07-24 22:00:00+00:00";"1998-06-11 22:00:00+00:00";"39";"38";"84";"2021";"NON";"NON";"38365";"";"";"";"2021-10-06";"27515";""
"38368";"3199";"PLU";"COM";"2014-02-18 23:00:00+00:00";"2010-05-26 22:00:00+00:00";"39";"38";"84";"2021";"NON";"NON";"38368";"";"";"";"2021-10-06";"41936";""
"38369";"3399";"PLUi/PLUiS";"CC";"2019-12-18 23:00:00+00:00";"2015-12-13 23:00:00+00:00";"39";"38";"84";"2021";"OUI";"NON";"200068567";"";"";"";"2021-10-06";"144256";""
"38370";"3199";"PLU";"COM";"2017-03-20 23:00:00+00:00";"2017-01-02 23:00:00+00:00";"39";"38";"84";"2021";"NON";"NON";"38370";"";"";"";"2021-10-06";"158290";""
"38373";"3199";"PLU";"COM";"2014-01-23 23:00:00+00:00";"2008-06-19 22:00:00+00:00";"39";"38";"84";"2021";"NON";"NON";"38373";"";"";"";"2021-10-06";"37453";""
"38374";"3131";"PLU";"COM";"2007-07-01 22:00:00+00:00";"2001-12-19 23:00:00+00:00";"33";"38";"84";"2021";"NON";"NON";"38374";"";"";"";"2021-10-06";"52614";""
"38376";"3299";"PLUi/PLUiS";"CC";"2019-12-18 23:00:00+00:00";"2015-06-28 22:00:00+00:00";"39";"38";"84";"2021";"NON";"OUI";"200040111";"";"";"";"2021-10-06";"140403";""
"38377";"3399";"PLUi/PLUiS";"CC";"2019-12-18 23:00:00+00:00";"2015-12-13 23:00:00+00:00";"39";"38";"84";"2021";"OUI";"NON";"200068567";"";"";"";"2021-10-06";"144256";""
"38378";"3499";"PLU";"CC";"2018-06-24 22:00:00+00:00";"2011-10-23 22:00:00+00:00";"39";"38";"84";"2021";"NON";"NON";"38378";"";"";"";"2021-10-06";"95815";""
"38379";"3399";"PLUi/PLUiS";"CC";"2019-11-25 23:00:00+00:00";"2015-12-13 23:00:00+00:00";"39";"38";"84";"2021";"OUI";"NON";"38379";"";"";"";"2021-10-06";"144411";""
"38380";"3299";"PLUi/PLUiS";"CC";"2019-12-15 23:00:00+00:00";"2015-11-08 23:00:00+00:00";"39";"38";"84";"2021";"NON";"OUI";"243801073";"";"";"";"2021-10-06";"142253";""
"38381";"3399";"PLUi/PLUiS";"CC";"2019-12-18 23:00:00+00:00";"2015-12-13 23:00:00+00:00";"39";"38";"84";"2021";"OUI";"NON";"200068567";"";"";"";"2021-10-06";"144256";""
"38382";"3299";"PLUi/PLUiS";"MET";"2019-12-19 23:00:00+00:00";"2015-11-05 23:00:00+00:00";"39";"38";"84";"2021";"NON";"OUI";"200040715";"";"";"";"2021-10-06";"143241";""
"38383";"3199";"PLU";"COM";"2013-12-09 23:00:00+00:00";"2010-02-15 23:00:00+00:00";"39";"38";"84";"2021";"NON";"NON";"38383";"";"";"";"2021-10-06";"41466";""
"38384";"3399";"PLUi/PLUiS";"CC";"2019-11-25 23:00:00+00:00";"2015-12-13 23:00:00+00:00";"39";"38";"84";"2021";"OUI";"NON";"38384";"";"";"";"2021-10-06";"144411";""
"38386";"3131";"PLU";"COM";"2013-06-26 22:00:00+00:00";"2010-02-18 23:00:00+00:00";"33";"38";"84";"2021";"NON";"NON";"38386";"";"";"";"2021-10-06";"26397";""
"38387";"3399";"PLUi/PLUiS";"CC";"2019-11-25 23:00:00+00:00";"2015-12-13 23:00:00+00:00";"39";"38";"84";"2021";"OUI";"NON";"38387";"";"";"";"2021-10-06";"144411";""
"38388";"3299";"PLUi/PLUiS";"MET";"2019-12-19 23:00:00+00:00";"2015-11-05 23:00:00+00:00";"39";"38";"84";"2021";"NON";"OUI";"200040715";"";"";"";"2021-10-06";"143241";""
"38389";"3131";"PLU";"COM";"2006-02-27 23:00:00+00:00";"2000-09-19 22:00:00+00:00";"33";"38";"84";"2021";"NON";"NON";"38389";"";"";"";"2021-10-06";"40166";""
"38390";"3199";"PLU";"COM";"2008-02-11 23:00:00+00:00";"2003-03-25 23:00:00+00:00";"39";"38";"84";"2021";"NON";"NON";"38390";"";"";"";"2021-10-06";"23023";""
"38392";"3199";"PLU";"COM";"2014-01-15 23:00:00+00:00";"2010-02-11 23:00:00+00:00";"39";"38";"84";"2021";"NON";"NON";"38392";"";"";"";"2021-10-06";"96587";""
"38393";"3399";"PLUi/PLUiS";"CC";"2019-11-25 23:00:00+00:00";"2015-12-13 23:00:00+00:00";"39";"38";"84";"2021";"OUI";"NON";"38393";"";"";"";"2021-10-06";"144411";""
"38394";"3199";"PLU";"COM";"2017-03-01 23:00:00+00:00";"2010-07-16 22:00:00+00:00";"39";"38";"84";"2021";"NON";"NON";"38394";"";"";"";"2021-10-06";"42195";""
"38395";"3199";"PLU";"COM";"2013-12-17 23:00:00+00:00";"2009-10-07 22:00:00+00:00";"39";"38";"84";"2021";"NON";"NON";"38395";"";"";"";"2021-10-06";"40676";""
"38396";"3199";"PLU";"COM";"2014-03-19 23:00:00+00:00";"2004-10-20 22:00:00+00:00";"39";"38";"84";"2021";"NON";"NON";"38396";"";"";"";"2021-10-06";"23521";""
"38397";"3131";"PLU";"COM";"2012-07-03 22:00:00+00:00";"2009-06-28 22:00:00+00:00";"33";"38";"84";"2021";"NON";"NON";"38397";"";"";"";"2021-10-06";"38673";""
"38398";"3433";"PLU";"CC";"2014-02-26 23:00:00+00:00";"2008-10-22 22:00:00+00:00";"33";"38";"84";"2021";"NON";"NON";"200068567";"";"";"";"2021-10-06";"36442";""
"38399";"3399";"PLUi/PLUiS";"CC";"2019-12-16 23:00:00+00:00";"2015-12-09 23:00:00+00:00";"39";"38";"84";"2021";"OUI";"NON";"38399";"";"";"";"2021-10-06";"144255";""
"38400";"3131";"PLU";"COM";"2013-11-06 23:00:00+00:00";"2009-07-02 22:00:00+00:00";"33";"38";"84";"2021";"NON";"NON";"38400";"";"";"";"2021-10-06";"38791";""
"38401";"3399";"PLUi/PLUiS";"CC";"2019-12-18 23:00:00+00:00";"2015-12-13 23:00:00+00:00";"39";"38";"84";"2021";"OUI";"NON";"200068567";"";"";"";"2021-10-06";"144256";""
"38402";"3199";"PLU";"COM";"2017-10-11 22:00:00+00:00";"2015-11-18 23:00:00+00:00";"39";"38";"84";"2021";"NON";"NON";"38402";"";"";"";"2021-10-06";"141434";""
"38403";"1199";"CC";"COM";"2006-03-08 23:00:00+00:00";"2004-08-26 22:00:00+00:00";"19";"38";"84";"2021";"NON";"NON";"38403";"";"";"";"2021-10-06";"23524";""
"38404";"3199";"PLU";"COM";"2016-04-13 22:00:00+00:00";"2011-11-01 23:00:00+00:00";"39";"38";"84";"2021";"NON";"NON";"38404";"";"";"";"2021-10-06";"93447";""
"38405";"3299";"PLUi/PLUiS";"CC";"2019-12-18 23:00:00+00:00";"2015-06-28 22:00:00+00:00";"39";"38";"84";"2021";"NON";"OUI";"200040111";"";"";"";"2021-10-06";"140403";""
"38406";"3434";"PLU";"CC";"2007-02-28 23:00:00+00:00";"2001-10-04 22:00:00+00:00";"33";"38";"84";"2021";"NON";"NON";"38406";"";"";"";"2021-10-06";"27134";""
"38407";"3199";"PLU";"COM";"2008-02-28 23:00:00+00:00";"2003-11-27 23:00:00+00:00";"39";"38";"84";"2021";"NON";"NON";"38407";"";"";"";"2021-10-06";"22098";""
"38408";"3131";"PLU";"COM";"2016-03-24 23:00:00+00:00";"2014-09-11 22:00:00+00:00";"33";"38";"84";"2021";"NON";"NON";"38408";"";"";"";"2021-10-06";"36457";""
"38409";"3199";"PLU";"COM";"2020-02-24 23:00:00+00:00";"2010-08-16 22:00:00+00:00";"39";"38";"84";"2021";"NON";"NON";"38409";"";"";"";"2021-10-06";"42296";""
"38410";"3199";"PLU";"COM";"2017-12-03 23:00:00+00:00";"2015-04-06 22:00:00+00:00";"39";"38";"84";"2021";"NON";"NON";"38410";"";"";"";"2021-10-06";"138645";""
"38412";"3299";"PLUi/PLUiS";"CC";"2019-12-18 23:00:00+00:00";"2015-06-28 22:00:00+00:00";"39";"38";"84";"2021";"NON";"OUI";"200040111";"";"";"";"2021-10-06";"140403";""
"38415";"3199";"PLU";"COM";"2018-03-21 23:00:00+00:00";"2014-08-28 22:00:00+00:00";"39";"38";"84";"2021";"NON";"NON";"38415";"";"";"";"2021-10-06";"132147";""
"38416";"3199";"PLU";"COM";"2019-07-08 22:00:00+00:00";"2016-10-12 22:00:00+00:00";"39";"38";"84";"2021";"NON";"NON";"38416";"";"";"";"2021-10-06";"151107";""
"38420";"1433";"CC";"CC";"2004-11-15 23:00:00+00:00";"2002-03-21 23:00:00+00:00";"13";"38";"84";"2021";"NON";"NON";"200068567";"";"";"";"2021-10-06";"116723";""
"38421";"3299";"PLUi/PLUiS";"MET";"2019-12-19 23:00:00+00:00";"2015-11-05 23:00:00+00:00";"39";"38";"84";"2021";"NON";"OUI";"38421";"";"";"";"2021-10-06";"143241";""
"38422";"3131";"PLU";"COM";"2008-07-03 22:00:00+00:00";"2003-10-30 23:00:00+00:00";"33";"38";"84";"2021";"NON";"NON";"38422";"";"";"";"2021-10-06";"33197";""
"38423";"3299";"PLUi/PLUiS";"MET";"2019-12-19 23:00:00+00:00";"2015-11-05 23:00:00+00:00";"39";"38";"84";"2021";"NON";"OUI";"200040715";"";"";"";"2021-10-06";"143241";""
"38425";"3499";"PLU";"CC";"2016-10-05 22:00:00+00:00";"2012-02-01 23:00:00+00:00";"39";"38";"84";"2021";"NON";"NON";"38425";"";"";"";"2021-10-06";"103994";""
"38426";"3199";"PLU";"COM";"2018-02-27 23:00:00+00:00";"2016-09-01 22:00:00+00:00";"39";"38";"84";"2021";"NON";"NON";"38426";"";"";"";"2021-10-06";"114825";""
"38427";"3399";"PLUi/PLUiS";"CC";"2019-11-25 23:00:00+00:00";"2015-12-13 23:00:00+00:00";"39";"38";"84";"2021";"OUI";"NON";"38427";"";"";"";"2021-10-06";"144411";""
"38429";"3199";"PLU";"COM";"2006-02-02 23:00:00+00:00";"1999-05-06 22:00:00+00:00";"39";"38";"84";"2021";"NON";"NON";"38429";"";"";"";"2021-10-06";"33886";""
"38430";"3199";"PLU";"COM";"2009-07-05 22:00:00+00:00";"2001-12-17 23:00:00+00:00";"39";"38";"84";"2021";"NON";"NON";"38430";"";"";"";"2021-10-06";"23570";""
"38431";"3199";"PLU";"COM";"2020-02-24 23:00:00+00:00";"2015-03-02 23:00:00+00:00";"39";"38";"84";"2021";"NON";"NON";"38431";"";"";"";"2021-10-06";"137538";""
"38432";"3199";"PLU";"COM";"2012-12-27 23:00:00+00:00";"2009-06-25 22:00:00+00:00";"39";"38";"84";"2021";"NON";"NON";"38432";"";"";"";"2021-10-06";"41318";""
"38433";"3299";"PLUi/PLUiS";"CC";"2020-01-30 23:00:00+00:00";"2014-07-17 22:00:00+00:00";"39";"38";"84";"2021";"NON";"OUI";"243801024";"";"";"";"2021-10-06";"132339";""
"38436";"3299";"PLUi/PLUiS";"MET";"2019-12-19 23:00:00+00:00";"2015-11-05 23:00:00+00:00";"39";"38";"84";"2021";"NON";"OUI";"200040715";"";"";"";"2021-10-06";"143241";""
"38437";"3399";"PLUi/PLUiS";"CC";"2019-11-25 23:00:00+00:00";"2015-12-13 23:00:00+00:00";"39";"38";"84";"2021";"OUI";"NON";"38437";"";"";"";"2021-10-06";"144411";""
"38438";"3199";"PLU";"COM";"2018-07-22 22:00:00+00:00";"2015-03-16 23:00:00+00:00";"39";"38";"84";"2021";"NON";"NON";"38438";"";"";"";"2021-10-06";"138513";""
"38439";"3199";"PLU";"COM";"2018-06-27 22:00:00+00:00";"2014-07-16 22:00:00+00:00";"39";"38";"84";"2021";"NON";"NON";"38439";"";"";"";"2021-10-06";"131108";""
"38440";"3399";"PLUi/PLUiS";"CC";"2019-11-25 23:00:00+00:00";"2015-12-13 23:00:00+00:00";"39";"38";"84";"2021";"OUI";"NON";"38440";"";"";"";"2021-10-06";"144411";""
"38442";"3299";"PLUi/PLUiS";"CC";"2019-12-18 23:00:00+00:00";"2015-06-28 22:00:00+00:00";"39";"38";"84";"2021";"NON";"OUI";"200040111";"";"";"";"2021-10-06";"140403";""
"38445";"3299";"PLUi/PLUiS";"MET";"2019-12-19 23:00:00+00:00";"2015-11-05 23:00:00+00:00";"39";"38";"84";"2021";"NON";"OUI";"200040715";"";"";"";"2021-10-06";"143241";""
"38446";"3299";"PLUi/PLUiS";"CC";"2019-12-18 23:00:00+00:00";"2015-06-28 22:00:00+00:00";"39";"38";"84";"2021";"NON";"OUI";"200040111";"";"";"";"2021-10-06";"140403";""
"38448";"3499";"PLU";"CC";"2021-07-25 22:00:00+00:00";"2016-12-12 23:00:00+00:00";"39";"38";"84";"2021";"NON";"NON";"38448";"";"";"";"2021-10-06";"40335";""
"38449";"3199";"PLU";"COM";"2020-06-07 22:00:00+00:00";"2015-01-18 23:00:00+00:00";"39";"38";"84";"2021";"NON";"NON";"38449";"";"";"";"2021-10-06";"137368";""
"38450";"3199";"PLU";"COM";"2014-03-20 23:00:00+00:00";"2011-03-03 23:00:00+00:00";"39";"38";"84";"2021";"NON";"NON";"38450";"";"";"";"2021-10-06";"62298";""
"38451";"3199";"PLU";"COM";"2017-01-16 23:00:00+00:00";"2009-02-08 23:00:00+00:00";"39";"38";"84";"2021";"NON";"NON";"38451";"";"";"";"2021-10-06";"27599";""
"38452";"3499";"PLU";"CC";"2018-12-19 23:00:00+00:00";"2013-01-23 23:00:00+00:00";"39";"38";"84";"2021";"NON";"NON";"38452";"";"";"";"2021-10-06";"120483";""
"38453";"3199";"PLU";"COM";"2019-10-21 22:00:00+00:00";"2011-11-28 23:00:00+00:00";"39";"38";"84";"2021";"NON";"NON";"38453";"";"";"";"2021-10-06";"103721";""
"38454";"3199";"PLU";"COM";"2017-05-08 22:00:00+00:00";"2015-05-25 22:00:00+00:00";"39";"38";"84";"2021";"NON";"NON";"38454";"";"";"";"2021-10-06";"139152";""
"38457";"3399";"PLUi/PLUiS";"CC";"2019-11-25 23:00:00+00:00";"2015-12-13 23:00:00+00:00";"39";"38";"84";"2021";"OUI";"NON";"38457";"";"";"";"2021-10-06";"144411";""
"38458";"3199";"PLU";"COM";"2015-07-19 22:00:00+00:00";"2012-07-18 22:00:00+00:00";"39";"38";"84";"2021";"NON";"NON";"38458";"";"";"";"2021-10-06";"110126";""
"38459";"3499";"PLU";"CA";"2010-09-02 22:00:00+00:00";"2005-10-27 22:00:00+00:00";"39";"38";"84";"2021";"NON";"NON";"38459";"";"";"";"2021-10-06";"36417";""
"38460";"3199";"PLU";"COM";"2014-03-04 23:00:00+00:00";"2005-11-06 23:00:00+00:00";"39";"38";"84";"2021";"NON";"NON";"38460";"";"";"";"2021-10-06";"26403";""
"38462";"3199";"PLU";"COM";"2019-06-20 22:00:00+00:00";"2015-12-10 23:00:00+00:00";"39";"38";"84";"2021";"NON";"NON";"38462";"";"";"";"2021-10-06";"144334";""
"38463";"3199";"PLU";"COM";"2014-03-17 23:00:00+00:00";"2010-06-02 22:00:00+00:00";"39";"38";"84";"2021";"NON";"NON";"38463";"";"";"";"2021-10-06";"41662";""
"38464";"3399";"PLUi/PLUiS";"CC";"2019-12-18 23:00:00+00:00";"2015-12-13 23:00:00+00:00";"39";"38";"84";"2021";"OUI";"NON";"200068567";"";"";"";"2021-10-06";"144256";""
"38465";"3199";"PLU";"COM";"2014-02-05 23:00:00+00:00";"2008-11-20 23:00:00+00:00";"39";"38";"84";"2021";"NON";"NON";"38465";"";"";"";"2021-10-06";"40175";""
"38468";"3499";"PLU";"CC";"2014-02-23 23:00:00+00:00";"2009-05-17 22:00:00+00:00";"39";"38";"84";"2021";"NON";"NON";"38468";"";"";"";"2021-10-06";"40338";""
"38470";"1199";"CC";"COM";"2008-08-12 22:00:00+00:00";"2007-09-26 22:00:00+00:00";"19";"38";"84";"2021";"NON";"NON";"38470";"";"";"";"2021-10-06";"33294";""
"38471";"3299";"PLUi/PLUiS";"MET";"2019-12-19 23:00:00+00:00";"2015-11-05 23:00:00+00:00";"39";"38";"84";"2021";"NON";"OUI";"200040715";"";"";"";"2021-10-06";"143241";""
"38472";"3299";"PLUi/PLUiS";"MET";"2019-12-19 23:00:00+00:00";"2015-11-05 23:00:00+00:00";"39";"38";"84";"2021";"NON";"OUI";"38472";"";"";"";"2021-10-06";"143241";""
"38473";"3399";"PLUi/PLUiS";"CC";"2019-11-25 23:00:00+00:00";"2015-12-13 23:00:00+00:00";"39";"38";"84";"2021";"OUI";"NON";"38473";"";"";"";"2021-10-06";"144411";""
"38474";"3299";"PLUi/PLUiS";"MET";"2019-12-19 23:00:00+00:00";"2015-11-05 23:00:00+00:00";"39";"38";"84";"2021";"NON";"OUI";"200040715";"";"";"";"2021-10-06";"143241";""
"38475";"3199";"PLU";"COM";"2020-02-09 23:00:00+00:00";"2014-11-27 23:00:00+00:00";"39";"38";"84";"2021";"NON";"NON";"38475";"";"";"";"2021-10-06";"134015";""
"38476";"3399";"PLUi/PLUiS";"CC";"2019-12-16 23:00:00+00:00";"2015-12-09 23:00:00+00:00";"39";"38";"84";"2021";"OUI";"NON";"38476";"";"";"";"2021-10-06";"144255";""
"38478";"3299";"PLUi/PLUiS";"MET";"2019-12-19 23:00:00+00:00";"2015-11-05 23:00:00+00:00";"39";"38";"84";"2021";"NON";"OUI";"200040715";"";"";"";"2021-10-06";"143241";""
"38479";"3399";"PLUi/PLUiS";"CC";"2019-11-25 23:00:00+00:00";"2015-12-13 23:00:00+00:00";"39";"38";"84";"2021";"OUI";"NON";"38479";"";"";"";"2021-10-06";"144411";""
"38480";"3499";"PLU";"CA";"2014-02-20 23:00:00+00:00";"2011-05-15 22:00:00+00:00";"39";"38";"84";"2021";"NON";"NON";"38480";"";"";"";"2021-10-06";"96625";""
"38483";"3199";"PLU";"COM";"2012-12-16 23:00:00+00:00";"2009-01-19 23:00:00+00:00";"39";"38";"84";"2021";"NON";"NON";"38483";"";"";"";"2021-10-06";"40184";""
"38484";"3499";"PLU";"CA";"2014-03-16 23:00:00+00:00";"2010-04-07 22:00:00+00:00";"39";"38";"84";"2021";"NON";"NON";"38484";"";"";"";"2021-10-06";"112439";""
"38485";"3299";"PLUi/PLUiS";"MET";"2019-12-19 23:00:00+00:00";"2015-11-05 23:00:00+00:00";"39";"38";"84";"2021";"NON";"OUI";"200040715";"";"";"";"2021-10-06";"143241";""
"38486";"3299";"PLUi/PLUiS";"MET";"2019-12-19 23:00:00+00:00";"2015-11-05 23:00:00+00:00";"39";"38";"84";"2021";"NON";"OUI";"200040715";"";"";"";"2021-10-06";"143241";""
"38487";"3499";"PLU";"CA";"2018-03-26 22:00:00+00:00";"2014-06-24 22:00:00+00:00";"39";"38";"84";"2021";"NON";"NON";"38487";"";"";"";"2021-10-06";"131335";""
"38488";"3199";"PLU";"COM";"2010-01-21 23:00:00+00:00";"2001-06-28 22:00:00+00:00";"39";"38";"84";"2021";"NON";"NON";"38488";"";"";"";"2021-10-06";"24909";""
"38490";"3399";"PLUi/PLUiS";"CC";"2019-11-25 23:00:00+00:00";"2015-12-13 23:00:00+00:00";"39";"38";"84";"2021";"OUI";"NON";"38490";"";"";"";"2021-10-06";"144411";""
"38492";"3199";"PLU";"COM";"2019-09-16 22:00:00+00:00";"2015-12-14 23:00:00+00:00";"39";"38";"84";"2021";"NON";"NON";"38492";"";"";"";"2021-10-06";"143286";""
"38494";"3199";"PLU";"COM";"2010-01-21 23:00:00+00:00";"2003-12-04 23:00:00+00:00";"39";"38";"84";"2021";"NON";"NON";"38494";"";"";"";"2021-10-06";"36444";""
"38496";"3499";"PLU";"CC";"2014-01-17 23:00:00+00:00";"2008-05-28 22:00:00+00:00";"39";"38";"84";"2021";"NON";"NON";"38496";"";"";"";"2021-10-06";"27709";""
"38498";"3199";"PLU";"COM";"2016-05-16 22:00:00+00:00";"2011-03-09 23:00:00+00:00";"39";"38";"84";"2021";"NON";"NON";"38498";"";"";"";"2021-10-06";"96633";""
"38499";"3199";"PLU";"COM";"2018-03-14 23:00:00+00:00";"2007-12-12 23:00:00+00:00";"39";"38";"84";"2021";"NON";"NON";"38499";"";"";"";"2021-10-06";"23622";""
"38500";"3199";"PLU";"COM";"2006-12-17 23:00:00+00:00";"2002-12-01 23:00:00+00:00";"39";"38";"84";"2021";"NON";"NON";"38500";"";"";"";"2021-10-06";"23865";""
"38501";"3199";"PLU";"COM";"2020-03-10 23:00:00+00:00";"2014-09-15 22:00:00+00:00";"39";"38";"84";"2021";"NON";"NON";"38501";"";"";"";"2021-10-06";"132425";""
"38503";"3131";"PLU";"COM";"2005-09-21 22:00:00+00:00";"2001-12-19 23:00:00+00:00";"33";"38";"84";"2021";"NON";"NON";"38503";"";"";"";"2021-10-06";"33626";""
"38505";"3399";"PLUi/PLUiS";"CC";"2019-11-25 23:00:00+00:00";"2015-12-13 23:00:00+00:00";"39";"38";"84";"2021";"OUI";"NON";"38505";"";"";"";"2021-10-06";"144411";""
"38507";"3131";"PLU";"COM";"2017-03-17 23:00:00+00:00";"2015-05-10 22:00:00+00:00";"33";"38";"84";"2021";"NON";"NON";"38507";"";"";"";"2021-10-06";"149135";""
"38508";"3399";"PLUi/PLUiS";"CC";"2019-12-18 23:00:00+00:00";"2015-12-13 23:00:00+00:00";"39";"38";"84";"2021";"OUI";"NON";"200068567";"";"";"";"2021-10-06";"144256";""
"38509";"3399";"PLUi/PLUiS";"CC";"2019-12-18 23:00:00+00:00";"2015-12-13 23:00:00+00:00";"39";"38";"84";"2021";"OUI";"NON";"200068567";"";"";"";"2021-10-06";"144256";""
"38511";"3199";"PLU";"COM";"2007-12-09 23:00:00+00:00";"1999-03-04 23:00:00+00:00";"39";"38";"84";"2021";"NON";"NON";"38511";"";"";"";"2021-10-06";"24829";""
"38512";"3399";"PLUi/PLUiS";"CC";"2019-12-16 23:00:00+00:00";"2015-12-09 23:00:00+00:00";"39";"38";"84";"2021";"OUI";"NON";"38512";"";"";"";"2021-10-06";"144255";""
"38515";"3199";"PLU";"COM";"2018-06-27 22:00:00+00:00";"2015-01-14 23:00:00+00:00";"39";"38";"84";"2021";"NON";"NON";"38515";"";"";"";"2021-10-06";"137379";""
"38516";"3299";"PLUi/PLUiS";"MET";"2019-12-19 23:00:00+00:00";"2015-11-05 23:00:00+00:00";"39";"38";"84";"2021";"NON";"OUI";"200040715";"";"";"";"2021-10-06";"143241";""
"38517";"3199";"PLU";"COM";"2019-07-03 22:00:00+00:00";"2015-11-25 23:00:00+00:00";"39";"38";"84";"2021";"NON";"NON";"38517";"";"";"";"2021-10-06";"153587";""
"38519";"3199";"PLU";"COM";"2017-03-05 23:00:00+00:00";"2009-10-05 22:00:00+00:00";"39";"38";"84";"2021";"NON";"NON";"38519";"";"";"";"2021-10-06";"40192";""
"38520";"3433";"PLU";"CC";"2013-06-27 22:00:00+00:00";"2010-07-22 22:00:00+00:00";"33";"38";"84";"2021";"NON";"NON";"200068567";"";"";"";"2021-10-06";"46495";""
"38522";"1199";"CC";"COM";"2019-02-28 23:00:00+00:00";"2015-06-18 22:00:00+00:00";"19";"38";"84";"2021";"NON";"NON";"38522";"";"";"";"2021-10-06";"139635";""
"38523";"3199";"PLU";"COM";"2017-11-01 23:00:00+00:00";"2014-09-29 22:00:00+00:00";"39";"38";"84";"2021";"NON";"NON";"38523";"";"";"";"2021-10-06";"133010";""
"38524";"3299";"PLUi/PLUiS";"MET";"2019-12-19 23:00:00+00:00";"2015-11-05 23:00:00+00:00";"39";"38";"84";"2021";"NON";"OUI";"200040715";"";"";"";"2021-10-06";"143241";""
"38525";"3199";"PLU";"COM";"2017-02-07 23:00:00+00:00";"2009-07-05 22:00:00+00:00";"39";"38";"84";"2021";"NON";"NON";"38525";"";"";"";"2021-10-06";"40194";""
"38526";"3199";"PLU";"COM";"2007-07-23 22:00:00+00:00";"2004-04-22 22:00:00+00:00";"39";"38";"84";"2021";"NON";"NON";"38526";"";"";"";"2021-10-06";"23878";""
"38528";"3299";"PLUi/PLUiS";"MET";"2019-12-19 23:00:00+00:00";"2015-11-05 23:00:00+00:00";"39";"38";"84";"2021";"NON";"OUI";"200040715";"";"";"";"2021-10-06";"143241";""
"38529";"3299";"PLUi/PLUiS";"MET";"2019-12-19 23:00:00+00:00";"2015-11-05 23:00:00+00:00";"39";"38";"84";"2021";"NON";"OUI";"200040715";"";"";"";"2021-10-06";"143241";""
"38530";"3199";"PLU";"COM";"2019-01-27 23:00:00+00:00";"2014-12-14 23:00:00+00:00";"39";"38";"84";"2021";"NON";"NON";"38530";"";"";"";"2021-10-06";"136266";""
"38531";"3199";"PLU";"COM";"2014-02-13 23:00:00+00:00";"2005-06-02 22:00:00+00:00";"39";"38";"84";"2021";"NON";"NON";"38531";"";"";"";"2021-10-06";"26399";""
"38532";"3199";"PLU";"COM";"2019-12-11 23:00:00+00:00";"2014-08-27 22:00:00+00:00";"39";"38";"84";"2021";"NON";"NON";"38532";"";"";"";"2021-10-06";"132146";""
"38533";"3299";"PLUi/PLUiS";"MET";"2019-12-19 23:00:00+00:00";"2015-11-05 23:00:00+00:00";"39";"38";"84";"2021";"NON";"OUI";"200040715";"";"";"";"2021-10-06";"143241";""
"38536";"3499";"PLU";"CC";"2018-07-18 22:00:00+00:00";"2015-05-06 22:00:00+00:00";"39";"38";"84";"2021";"NON";"NON";"38536";"";"";"";"2021-10-06";"46497";""
"38537";"3199";"PLU";"COM";"2019-03-17 23:00:00+00:00";"2015-02-01 23:00:00+00:00";"39";"38";"84";"2021";"NON";"NON";"38537";"";"";"";"2021-10-06";"46498";""
"38538";"3131";"PLU";"COM";"2020-01-29 23:00:00+00:00";"2017-10-25 22:00:00+00:00";"33";"38";"84";"2021";"NON";"NON";"38538";"";"";"";"2021-10-06";"159237";""
"38539";"3199";"PLU";"COM";"2015-10-26 23:00:00+00:00";"2011-06-16 22:00:00+00:00";"39";"38";"84";"2021";"NON";"NON";"38539";"";"";"";"2021-10-06";"46499";""
"38540";"3299";"PLUi/PLUiS";"MET";"2019-12-19 23:00:00+00:00";"2015-11-05 23:00:00+00:00";"39";"38";"84";"2021";"NON";"OUI";"200040715";"";"";"";"2021-10-06";"143241";""
"38542";"3199";"PLU";"COM";"2018-03-27 22:00:00+00:00";"2009-07-15 22:00:00+00:00";"39";"38";"84";"2021";"NON";"NON";"38542";"";"";"";"2021-10-06";"40200";""
"38544";"3499";"PLU";"CA";"2019-02-11 23:00:00+00:00";"2013-12-15 23:00:00+00:00";"39";"38";"84";"2021";"NON";"NON";"38544";"";"";"";"2021-10-06";"129020";""
"38545";"3299";"PLUi/PLUiS";"MET";"2019-12-19 23:00:00+00:00";"2015-11-05 23:00:00+00:00";"39";"38";"84";"2021";"NON";"OUI";"200040715";"";"";"";"2021-10-06";"143241";""
"38546";"3199";"PLU";"COM";"2015-12-16 23:00:00+00:00";"2008-05-28 22:00:00+00:00";"39";"38";"84";"2021";"NON";"NON";"38546";"";"";"";"2021-10-06";"36422";""
"38547";"3199";"PLU";"COM";"2017-06-27 22:00:00+00:00";"2014-10-07 22:00:00+00:00";"39";"38";"84";"2021";"NON";"NON";"38547";"";"";"";"2021-10-06";"136691";""
"38548";"3299";"PLUi/PLUiS";"CC";"2020-01-30 23:00:00+00:00";"2014-07-17 22:00:00+00:00";"39";"38";"84";"2021";"NON";"OUI";"243801024";"";"";"";"2021-10-06";"132339";""
"38550";"3199";"PLU";"COM";"2005-12-16 23:00:00+00:00";"2001-11-30 23:00:00+00:00";"39";"38";"84";"2021";"NON";"NON";"38550";"";"";"";"2021-10-06";"23717";""
"38552";"1199";"CC";"COM";"2013-01-15 23:00:00+00:00";"2009-11-04 23:00:00+00:00";"19";"38";"84";"2021";"NON";"NON";"38552";"";"";"";"2021-10-06";"103723";""
"38553";"3131";"PLU";"COM";"2008-07-06 22:00:00+00:00";"1999-07-08 22:00:00+00:00";"33";"38";"84";"2021";"NON";"NON";"38553";"";"";"";"2021-10-06";"27922";""
"38554";"3131";"PLU";"COM";"2018-06-27 22:00:00+00:00";"2008-06-22 22:00:00+00:00";"33";"38";"84";"2021";"NON";"NON";"38554";"";"";"";"2021-10-06";"36420";""
"38555";"3399";"PLUi/PLUiS";"CC";"2019-12-16 23:00:00+00:00";"2015-12-09 23:00:00+00:00";"39";"38";"84";"2021";"OUI";"NON";"38555";"";"";"";"2021-10-06";"144255";""
"38556";"3434";"PLU";"CC";"2003-11-26 23:00:00+00:00";"1997-10-06 22:00:00+00:00";"33";"38";"84";"2021";"NON";"NON";"38556";"";"";"";"2021-10-06";"40355";""
"38557";"3199";"PLU";"COM";"2004-12-21 23:00:00+00:00";"2001-12-18 23:00:00+00:00";"39";"38";"84";"2021";"NON";"NON";"38557";"";"";"";"2021-10-06";"40212";""
"38558";"3499";"PLU";"CA";"2018-05-21 22:00:00+00:00";"2013-06-06 22:00:00+00:00";"39";"38";"84";"2021";"NON";"NON";"38558";"";"";"";"2021-10-06";"124761";""
"38559";"3199";"PLU";"COM";"2014-05-21 22:00:00+00:00";"2008-09-24 22:00:00+00:00";"39";"38";"84";"2021";"NON";"NON";"38559";"";"";"";"2021-10-06";"36227";""
"38560";"3433";"PLU";"CC";"2014-03-17 23:00:00+00:00";"2008-07-08 22:00:00+00:00";"33";"38";"84";"2021";"NON";"NON";"200068567";"";"";"";"2021-10-06";"36421";""
"38561";"3399";"PLUi/PLUiS";"CC";"2019-11-25 23:00:00+00:00";"2015-12-13 23:00:00+00:00";"39";"38";"84";"2021";"OUI";"NON";"38561";"";"";"";"2021-10-06";"144411";""
"38562";"3299";"PLUi/PLUiS";"MET";"2019-12-19 23:00:00+00:00";"2015-11-05 23:00:00+00:00";"39";"38";"84";"2021";"NON";"OUI";"200040715";"";"";"";"2021-10-06";"143241";""
"38563";"3131";"PLU";"COM";"2010-04-14 22:00:00+00:00";"2008-05-12 22:00:00+00:00";"33";"38";"84";"2021";"NON";"NON";"38563";"";"";"";"2021-10-06";"35054";""
"38564";"1199";"CC";"COM";"2004-01-25 23:00:00+00:00";"2001-06-14 22:00:00+00:00";"19";"38";"84";"2021";"NON";"NON";"38564";"";"";"";"2021-10-06";"26404";""
"38565";"3199";"PLU";"COM";"2014-02-16 23:00:00+00:00";"2009-02-22 23:00:00+00:00";"39";"38";"84";"2021";"NON";"NON";"38565";"";"";"";"2021-10-06";"37937";""
"38566";"3199";"PLU";"COM";"2014-01-12 23:00:00+00:00";"2010-02-09 23:00:00+00:00";"39";"38";"84";"2021";"NON";"NON";"38566";"";"";"";"2021-10-06";"40951";""
"38567";"3199";"PLU";"COM";"2019-11-24 23:00:00+00:00";"2014-12-09 23:00:00+00:00";"39";"38";"84";"2021";"NON";"NON";"38567";"";"";"";"2021-10-06";"135485";""
"39001";"3299";"PLUi/PLUiS";"CA";"2019-12-17 23:00:00+00:00";"2015-12-14 23:00:00+00:00";"39";"39";"27";"2021";"NON";"OUI";"200010650";"";"";"";"2021-10-06";"145187";""
"39003";"1432";"CC";"CC";"2004-05-26 22:00:00+00:00";"2001-06-19 22:00:00+00:00";"13";"39";"27";"2021";"NON";"NON";"200071595";"";"";"";"2021-10-06";"10380";""
"39006";"1432";"CC";"CC";"2014-03-30 22:00:00+00:00";"2010-11-04 23:00:00+00:00";"13";"39";"27";"2021";"NON";"NON";"200071595";"";"";"";"2021-10-06";"66918";""
"39008";"3299";"PLUi/PLUiS";"CA";"2019-12-17 23:00:00+00:00";"2015-12-14 23:00:00+00:00";"39";"39";"27";"2021";"NON";"OUI";"200010650";"";"";"";"2021-10-06";"145187";""
"39009";"3499";"PLU";"CC";"2009-04-05 22:00:00+00:00";"1999-04-20 22:00:00+00:00";"39";"39";"27";"2021";"NON";"NON";"200069623";"";"";"";"2021-10-06";"10382";""
"39010";"1433";"CC";"CC";"2015-11-23 23:00:00+00:00";"2011-09-21 22:00:00+00:00";"13";"39";"27";"2021";"NON";"NON";"200090579";"";"";"";"2021-10-06";"106175";""
"39013";"3432";"PLU";"CC";"2008-12-08 23:00:00+00:00";"2001-06-26 22:00:00+00:00";"33";"39";"27";"2021";"NON";"NON";"200071595";"";"";"";"2021-10-06";"10385";""
"39014";"3299";"PLUi/PLUiS";"CA";"2019-12-17 23:00:00+00:00";"2015-12-14 23:00:00+00:00";"39";"39";"27";"2021";"NON";"OUI";"200010650";"";"";"";"2021-10-06";"145187";""
"39016";"3433";"PLU";"CC";"2019-12-15 23:00:00+00:00";"2016-02-08 23:00:00+00:00";"33";"39";"27";"2021";"NON";"NON";"200090579";"";"";"";"2021-10-06";"147878";""
"39017";"3199";"PLU";"COM";"2018-12-05 23:00:00+00:00";"2012-12-13 23:00:00+00:00";"39";"39";"27";"2021";"NON";"NON";"39017";"";"";"";"2021-10-06";"123756";""
"39018";"1433";"CC";"CC";"2015-06-01 22:00:00+00:00";"2011-09-28 22:00:00+00:00";"13";"39";"27";"2021";"NON";"NON";"200090579";"";"";"";"2021-10-06";"97142";""
"39021";"3433";"PLU";"CC";"2015-12-17 23:00:00+00:00";"2011-10-19 22:00:00+00:00";"33";"39";"27";"2021";"NON";"NON";"200090579";"";"";"";"2021-10-06";"97049";""
"39024";"3299";"PLUi/PLUiS";"CA";"2019-12-17 23:00:00+00:00";"2015-12-14 23:00:00+00:00";"39";"39";"27";"2021";"NON";"OUI";"200010650";"";"";"";"2021-10-06";"145187";""
"39025";"1199";"CC";"COM";"2016-05-09 22:00:00+00:00";"2012-11-29 23:00:00+00:00";"19";"39";"27";"2021";"NON";"NON";"39025";"";"";"";"2021-10-06";"123473";""
"39026";"3299";"PLUi/PLUiS";"CC";"2017-05-01 22:00:00+00:00";"2012-09-23 22:00:00+00:00";"39";"39";"27";"2021";"NON";"OUI";"243900420";"";"";"";"2021-10-06";"113791";""
"39029";"3299";"PLUi/PLUiS";"CA";"2019-12-17 23:00:00+00:00";"2015-12-14 23:00:00+00:00";"39";"39";"27";"2021";"NON";"OUI";"200010650";"";"";"";"2021-10-06";"145187";""
"39030";"3299";"PLUi/PLUiS";"CA";"2019-12-17 23:00:00+00:00";"2015-12-14 23:00:00+00:00";"39";"39";"27";"2021";"NON";"OUI";"200010650";"";"";"";"2021-10-06";"145187";""
"39031";"3299";"PLUi/PLUiS";"CA";"2019-12-17 23:00:00+00:00";"2015-12-14 23:00:00+00:00";"39";"39";"27";"2021";"NON";"OUI";"200010650";"";"";"";"2021-10-06";"145187";""
"39035";"1199";"CC";"COM";"2007-03-29 22:00:00+00:00";"2004-06-06 22:00:00+00:00";"19";"39";"27";"2021";"NON";"NON";"39035";"";"";"";"2021-10-06";"10405";""
"39037";"3299";"PLUi/PLUiS";"CC";"2017-05-01 22:00:00+00:00";"2012-09-23 22:00:00+00:00";"39";"39";"27";"2021";"NON";"OUI";"243900420";"";"";"";"2021-10-06";"113791";""
"39039";"1432";"CC";"CC";"2010-04-07 22:00:00+00:00";"2004-11-02 23:00:00+00:00";"13";"39";"27";"2021";"NON";"NON";"243900560";"";"";"";"2021-10-06";"69357";""
"39042";"3299";"PLUi/PLUiS";"CA";"2019-12-17 23:00:00+00:00";"2015-12-14 23:00:00+00:00";"39";"39";"27";"2021";"NON";"OUI";"200010650";"";"";"";"2021-10-06";"145187";""
"39043";"1131";"CC";"COM";"2016-03-03 23:00:00+00:00";"2012-11-12 23:00:00+00:00";"13";"39";"27";"2021";"NON";"NON";"39043";"";"";"";"2021-10-06";"116320";""
"39046";"3199";"PLU";"COM";"2014-05-18 22:00:00+00:00";"2013-05-26 22:00:00+00:00";"39";"39";"27";"2021";"NON";"NON";"39046";"";"";"";"2021-10-06";"123711";""
"39047";"3299";"PLUi/PLUiS";"CC";"2021-03-28 22:00:00+00:00";"2015-12-09 23:00:00+00:00";"39";"39";"27";"2021";"NON";"OUI";"243900479";"";"";"";"2021-10-06";"145193";""
"39048";"3299";"PLUi/PLUiS";"CC";"2017-05-01 22:00:00+00:00";"2012-09-23 22:00:00+00:00";"39";"39";"27";"2021";"NON";"OUI";"243900420";"";"";"";"2021-10-06";"113791";""
"39049";"1432";"CC";"CC";"2010-08-13 22:00:00+00:00";"2005-11-06 23:00:00+00:00";"13";"39";"27";"2021";"NON";"NON";"200071595";"";"";"";"2021-10-06";"69358";""
"39051";"3299";"PLUi/PLUiS";"CA";"2019-12-17 23:00:00+00:00";"2015-12-14 23:00:00+00:00";"39";"39";"27";"2021";"NON";"OUI";"200010650";"";"";"";"2021-10-06";"145187";""
"39056";"3199";"PLU";"COM";"2017-12-11 23:00:00+00:00";"2010-02-24 23:00:00+00:00";"39";"39";"27";"2021";"NON";"NON";"39056";"";"";"";"2021-10-06";"62304";""
"39059";"3199";"PLU";"COM";"2010-03-22 23:00:00+00:00";"1999-02-15 23:00:00+00:00";"39";"39";"27";"2021";"NON";"NON";"39059";"";"";"";"2021-10-06";"52617";""
"39063";"1433";"CC";"CC";"2008-02-11 23:00:00+00:00";"2005-02-10 23:00:00+00:00";"13";"39";"27";"2021";"NON";"NON";"200090579";"";"";"";"2021-10-06";"69359";""
"39065";"1199";"CC";"COM";"2008-10-20 22:00:00+00:00";"2002-05-02 22:00:00+00:00";"19";"39";"27";"2021";"NON";"NON";"39065";"";"";"";"2021-10-06";"69360";""
"39066";"1199";"CC";"COM";"2014-07-02 22:00:00+00:00";"2011-12-18 23:00:00+00:00";"19";"39";"27";"2021";"NON";"NON";"39066";"";"";"";"2021-10-06";"106176";""
"39068";"3199";"PLU";"COM";"2013-01-30 23:00:00+00:00";"2010-01-26 23:00:00+00:00";"39";"39";"27";"2021";"NON";"NON";"39068";"";"";"";"2021-10-06";"62305";""
"39072";"3432";"PLU";"CC";"2008-07-02 22:00:00+00:00";"2003-03-27 23:00:00+00:00";"33";"39";"27";"2021";"NON";"NON";"200071595";"";"";"";"2021-10-06";"52618";""
"39073";"3432";"PLU";"CC";"2010-12-16 23:00:00+00:00";"2003-10-16 22:00:00+00:00";"33";"39";"27";"2021";"NON";"NON";"200071595";"";"";"";"2021-10-06";"62307";""
"39074";"1432";"CC";"CC";"2015-12-22 23:00:00+00:00";"2012-01-18 23:00:00+00:00";"13";"39";"27";"2021";"NON";"NON";"243900560";"";"";"";"2021-10-06";"106178";""
"39078";"3299";"PLUi/PLUiS";"CA";"2019-12-17 23:00:00+00:00";"2015-12-14 23:00:00+00:00";"39";"39";"27";"2021";"NON";"OUI";"200010650";"";"";"";"2021-10-06";"145187";""
"39079";"1199";"CC";"COM";"2009-07-15 22:00:00+00:00";"2005-10-03 22:00:00+00:00";"19";"39";"27";"2021";"NON";"NON";"39079";"";"";"";"2021-10-06";"69361";""
"39080";"1433";"CC";"CC";"2015-07-22 22:00:00+00:00";"2012-02-05 23:00:00+00:00";"13";"39";"27";"2021";"NON";"NON";"200090579";"";"";"";"2021-10-06";"103949";""
"39081";"3432";"PLU";"CC";"2008-02-20 23:00:00+00:00";"1996-11-21 23:00:00+00:00";"33";"39";"27";"2021";"NON";"NON";"200071595";"";"";"";"2021-10-06";"52621";""
"39083";"3499";"PLU";"CC";"2019-01-28 23:00:00+00:00";"2011-09-04 22:00:00+00:00";"39";"39";"27";"2021";"NON";"NON";"200069623";"";"";"";"2021-10-06";"75612";""
"39088";"3199";"PLU";"COM";"2014-02-17 23:00:00+00:00";"2009-06-15 22:00:00+00:00";"39";"39";"27";"2021";"NON";"NON";"39088";"";"";"";"2021-10-06";"50031";""
"39093";"3299";"PLUi/PLUiS";"CC";"2017-05-01 22:00:00+00:00";"2012-09-23 22:00:00+00:00";"39";"39";"27";"2021";"NON";"OUI";"243900420";"";"";"";"2021-10-06";"113791";""
"39094";"1432";"CC";"CC";"2014-01-12 23:00:00+00:00";"2011-01-19 23:00:00+00:00";"13";"39";"27";"2021";"NON";"NON";"200071595";"";"";"";"2021-10-06";"76243";""
"39095";"3299";"PLUi/PLUiS";"CC";"2017-05-01 22:00:00+00:00";"2012-09-23 22:00:00+00:00";"39";"39";"27";"2021";"NON";"OUI";"243900420";"";"";"";"2021-10-06";"113791";""
"39096";"3299";"PLUi/PLUiS";"CA";"2019-12-17 23:00:00+00:00";"2015-12-14 23:00:00+00:00";"39";"39";"27";"2021";"NON";"OUI";"200010650";"";"";"";"2021-10-06";"145187";""
"39097";"3499";"PLU";"CC";"2011-03-14 23:00:00+00:00";"2005-06-08 22:00:00+00:00";"39";"39";"27";"2021";"NON";"NON";"200069623";"";"";"";"2021-10-06";"62308";""
"39099";"3299";"PLUi/PLUiS";"CA";"2019-12-17 23:00:00+00:00";"2015-12-14 23:00:00+00:00";"39";"39";"27";"2021";"NON";"OUI";"200010650";"";"";"";"2021-10-06";"145187";""
"39101";"3299";"PLUi/PLUiS";"CA";"2019-12-17 23:00:00+00:00";"2015-12-14 23:00:00+00:00";"39";"39";"27";"2021";"NON";"OUI";"200010650";"";"";"";"2021-10-06";"145187";""
"39103";"1432";"CC";"CC";"2014-06-26 22:00:00+00:00";"2006-12-17 23:00:00+00:00";"13";"39";"27";"2021";"NON";"NON";"200071595";"";"";"";"2021-10-06";"66920";""
"39117";"3299";"PLUi/PLUiS";"CC";"2017-05-01 22:00:00+00:00";"2012-09-23 22:00:00+00:00";"39";"39";"27";"2021";"NON";"OUI";"243900420";"";"";"";"2021-10-06";"113791";""
"39121";"3299";"PLUi/PLUiS";"CA";"2019-12-17 23:00:00+00:00";"2015-12-14 23:00:00+00:00";"39";"39";"27";"2021";"NON";"OUI";"200010650";"";"";"";"2021-10-06";"145187";""
"39122";"1433";"CC";"CC";"2013-11-28 23:00:00+00:00";"2007-04-15 22:00:00+00:00";"13";"39";"27";"2021";"NON";"NON";"200090579";"";"";"";"2021-10-06";"66134";""
"39124";"3199";"PLU";"COM";"2018-07-26 22:00:00+00:00";"2011-06-23 22:00:00+00:00";"39";"39";"27";"2021";"NON";"NON";"39124";"";"";"";"2021-10-06";"72035";""
"39126";"1432";"CC";"CC";"2007-07-29 22:00:00+00:00";"2004-07-08 22:00:00+00:00";"13";"39";"27";"2021";"NON";"NON";"39126";"";"";"";"2021-10-06";"68092";""
"39129";"1499";"CC";"CC";"2013-11-11 23:00:00+00:00";"2004-10-20 22:00:00+00:00";"19";"39";"27";"2021";"NON";"NON";"200069623";"";"";"";"2021-10-06";"66135";""
"39130";"1432";"CC";"CC";"2011-02-21 23:00:00+00:00";"2004-07-08 22:00:00+00:00";"13";"39";"27";"2021";"NON";"NON";"39130";"";"";"";"2021-10-06";"66142";""
"39131";"3432";"PLU";"CC";"2004-04-15 22:00:00+00:00";"1997-03-28 23:00:00+00:00";"33";"39";"27";"2021";"NON";"NON";"39131";"";"";"";"2021-10-06";"52627";""
"39137";"1433";"CC";"CC";"2008-02-03 23:00:00+00:00";"2006-03-02 23:00:00+00:00";"13";"39";"27";"2021";"NON";"NON";"200090579";"";"";"";"2021-10-06";"69362";""
"39141";"3299";"PLUi/PLUiS";"CA";"2019-12-17 23:00:00+00:00";"2015-12-14 23:00:00+00:00";"39";"39";"27";"2021";"NON";"OUI";"200010650";"";"";"";"2021-10-06";"145187";""
"39145";"3199";"PLU";"COM";"2014-10-21 22:00:00+00:00";"2011-05-10 22:00:00+00:00";"39";"39";"27";"2021";"NON";"NON";"39145";"";"";"";"2021-10-06";"71314";""
"39146";"3199";"PLU";"COM";"2014-03-03 23:00:00+00:00";"2009-11-04 23:00:00+00:00";"39";"39";"27";"2021";"NON";"NON";"39146";"";"";"";"2021-10-06";"62312";""
"39149";"3299";"PLUi/PLUiS";"CC";"2017-05-01 22:00:00+00:00";"2012-09-23 22:00:00+00:00";"39";"39";"27";"2021";"NON";"OUI";"243900420";"";"";"";"2021-10-06";"113791";""
"39150";"3299";"PLUi/PLUiS";"CA";"2019-12-17 23:00:00+00:00";"2015-12-14 23:00:00+00:00";"39";"39";"27";"2021";"NON";"OUI";"200010650";"";"";"";"2021-10-06";"145187";""
"39154";"3433";"PLU";"CC";"2007-03-22 23:00:00+00:00";"2004-04-27 22:00:00+00:00";"33";"39";"27";"2021";"NON";"NON";"200090579";"";"";"";"2021-10-06";"52628";""
"39160";"3199";"PLU";"COM";"2014-10-23 22:00:00+00:00";"2009-10-15 22:00:00+00:00";"39";"39";"27";"2021";"NON";"NON";"39160";"";"";"";"2021-10-06";"49549";""
"39162";"3199";"PLU";"COM";"2014-03-19 23:00:00+00:00";"2009-10-22 22:00:00+00:00";"39";"39";"27";"2021";"NON";"NON";"39162";"";"";"";"2021-10-06";"49550";""
"39164";"3199";"PLU";"COM";"2014-12-16 23:00:00+00:00";"2011-06-08 22:00:00+00:00";"39";"39";"27";"2021";"NON";"NON";"39164";"";"";"";"2021-10-06";"72049";""
"39167";"1199";"CC";"COM";"2017-11-27 23:00:00+00:00";"2010-03-11 23:00:00+00:00";"19";"39";"27";"2021";"NON";"NON";"39167";"";"";"";"2021-10-06";"66923";""
"39169";"3199";"PLU";"COM";"2017-10-23 22:00:00+00:00";"2012-09-20 22:00:00+00:00";"39";"39";"27";"2021";"NON";"NON";"39169";"";"";"";"2021-10-06";"116241";""
"39170";"3131";"PLU";"COM";"2014-03-05 23:00:00+00:00";"2009-09-16 22:00:00+00:00";"33";"39";"27";"2021";"NON";"NON";"39170";"";"";"";"2021-10-06";"62313";""
"39171";"3199";"PLU";"COM";"2014-03-11 23:00:00+00:00";"2009-12-21 23:00:00+00:00";"39";"39";"27";"2021";"NON";"NON";"39171";"";"";"";"2021-10-06";"62314";""
"39173";"3199";"PLU";"COM";"2018-07-11 22:00:00+00:00";"2012-12-19 23:00:00+00:00";"39";"39";"27";"2021";"NON";"NON";"39173";"";"";"";"2021-10-06";"117424";""
"39176";"3299";"PLUi/PLUiS";"CC";"2017-05-01 22:00:00+00:00";"2012-09-23 22:00:00+00:00";"39";"39";"27";"2021";"NON";"OUI";"243900420";"";"";"";"2021-10-06";"113791";""
"39177";"1131";"CC";"COM";"2015-09-06 22:00:00+00:00";"2012-02-23 23:00:00+00:00";"13";"39";"27";"2021";"NON";"NON";"39177";"";"";"";"2021-10-06";"104499";""
"39182";"3299";"PLUi/PLUiS";"CA";"2019-12-17 23:00:00+00:00";"2015-12-14 23:00:00+00:00";"39";"39";"27";"2021";"NON";"OUI";"200010650";"";"";"";"2021-10-06";"145187";""
"39183";"3499";"PLU";"CC";"2013-11-05 23:00:00+00:00";"2006-05-22 22:00:00+00:00";"39";"39";"27";"2021";"NON";"NON";"200069623";"";"";"";"2021-10-06";"62311";""
"39185";"1199";"CC";"COM";"2017-06-26 22:00:00+00:00";"2013-01-14 23:00:00+00:00";"19";"39";"27";"2021";"NON";"NON";"39185";"";"";"";"2021-10-06";"123722";""
"39187";"1499";"CC";"CC";"2016-06-15 22:00:00+00:00";"2011-10-23 22:00:00+00:00";"19";"39";"27";"2021";"NON";"NON";"200069623";"";"";"";"2021-10-06";"96984";""
"39189";"3299";"PLUi/PLUiS";"CA";"2019-12-17 23:00:00+00:00";"2015-12-14 23:00:00+00:00";"39";"39";"27";"2021";"NON";"OUI";"200010650";"";"";"";"2021-10-06";"145187";""
"39190";"3432";"PLU";"CC";"2013-01-13 23:00:00+00:00";"2009-03-29 22:00:00+00:00";"33";"39";"27";"2021";"NON";"NON";"243900560";"";"";"";"2021-10-06";"62315";""
"39193";"3299";"PLUi/PLUiS";"CA";"2019-12-17 23:00:00+00:00";"2015-12-14 23:00:00+00:00";"39";"39";"27";"2021";"NON";"OUI";"200010650";"";"";"";"2021-10-06";"145187";""
"39194";"3199";"PLU";"COM";"2018-09-12 22:00:00+00:00";"2010-02-25 23:00:00+00:00";"39";"39";"27";"2021";"NON";"NON";"39194";"";"";"";"2021-10-06";"62316";""
"39197";"1199";"CC";"COM";"2011-08-28 22:00:00+00:00";"2009-01-29 23:00:00+00:00";"19";"39";"27";"2021";"NON";"NON";"39197";"";"";"";"2021-10-06";"66925";""
"39198";"3299";"PLUi/PLUiS";"CA";"2019-12-17 23:00:00+00:00";"2015-12-14 23:00:00+00:00";"39";"39";"27";"2021";"NON";"OUI";"200010650";"";"";"";"2021-10-06";"145187";""
"39199";"1131";"CC";"COM";"2007-07-09 22:00:00+00:00";"2004-09-07 22:00:00+00:00";"13";"39";"27";"2021";"NON";"NON";"39199";"";"";"";"2021-10-06";"103947";""
"39205";"3299";"PLUi/PLUiS";"CA";"2019-12-17 23:00:00+00:00";"2015-12-14 23:00:00+00:00";"39";"39";"27";"2021";"NON";"OUI";"200010650";"";"";"";"2021-10-06";"145187";""
"39206";"3299";"PLUi/PLUiS";"CC";"2017-05-01 22:00:00+00:00";"2012-09-23 22:00:00+00:00";"39";"39";"27";"2021";"NON";"OUI";"243900420";"";"";"";"2021-10-06";"113791";""
"39208";"1499";"CC";"CC";"2008-11-23 23:00:00+00:00";"2006-10-24 22:00:00+00:00";"19";"39";"27";"2021";"NON";"NON";"200069623";"";"";"";"2021-10-06";"69364";""
"39209";"1199";"CC";"COM";"2014-10-20 22:00:00+00:00";"2012-02-02 23:00:00+00:00";"19";"39";"27";"2021";"NON";"NON";"39209";"";"";"";"2021-10-06";"106193";""
"39210";"3499";"PLU";"CC";"2012-10-02 22:00:00+00:00";"2007-10-09 22:00:00+00:00";"39";"39";"27";"2021";"NON";"NON";"200069623";"";"";"";"2021-10-06";"62317";""
"39214";"1499";"CC";"CC";"2015-01-25 23:00:00+00:00";"2011-10-16 22:00:00+00:00";"19";"39";"27";"2021";"NON";"NON";"200069623";"";"";"";"2021-10-06";"96990";""
"39216";"1433";"CC";"CC";"2007-09-09 22:00:00+00:00";"2001-11-15 23:00:00+00:00";"13";"39";"27";"2021";"NON";"NON";"200090579";"";"";"";"2021-10-06";"68094";""
"39217";"3199";"PLU";"COM";"2018-11-20 23:00:00+00:00";"2012-12-10 23:00:00+00:00";"39";"39";"27";"2021";"NON";"NON";"39217";"";"";"";"2021-10-06";"117425";""
"39219";"1432";"CC";"CC";"2008-09-07 22:00:00+00:00";"2007-11-21 23:00:00+00:00";"13";"39";"27";"2021";"NON";"NON";"243900560";"";"";"";"2021-10-06";"69365";""
"39220";"3299";"PLUi/PLUiS";"CA";"2019-12-17 23:00:00+00:00";"2015-12-14 23:00:00+00:00";"39";"39";"27";"2021";"NON";"OUI";"200010650";"";"";"";"2021-10-06";"145187";""
"39222";"1432";"CC";"CC";"2010-07-22 22:00:00+00:00";"2007-03-30 22:00:00+00:00";"13";"39";"27";"2021";"NON";"NON";"200071595";"";"";"";"2021-10-06";"69366";""
"39223";"1432";"CC";"CC";"2008-02-07 23:00:00+00:00";"2004-09-29 22:00:00+00:00";"13";"39";"27";"2021";"NON";"NON";"200071595";"";"";"";"2021-10-06";"69367";""
"39227";"1499";"CC";"CC";"2008-02-07 23:00:00+00:00";"2003-06-05 22:00:00+00:00";"19";"39";"27";"2021";"NON";"NON";"200069623";"";"";"";"2021-10-06";"69368";""
"39228";"3499";"PLU";"CC";"2006-03-09 23:00:00+00:00";"2001-08-30 22:00:00+00:00";"39";"39";"27";"2021";"NON";"NON";"200069623";"";"";"";"2021-10-06";"52641";""
"39229";"1199";"CC";"COM";"2003-07-17 22:00:00+00:00";"2001-05-31 22:00:00+00:00";"19";"39";"27";"2021";"NON";"NON";"39229";"";"";"";"2021-10-06";"68095";""
"39232";"1432";"CC";"CC";"2004-10-10 22:00:00+00:00";"2001-07-05 22:00:00+00:00";"13";"39";"27";"2021";"NON";"NON";"39232";"";"";"";"2021-10-06";"68096";""
"39233";"3299";"PLUi/PLUiS";"CA";"2019-12-17 23:00:00+00:00";"2015-12-14 23:00:00+00:00";"39";"39";"27";"2021";"NON";"OUI";"200010650";"";"";"";"2021-10-06";"145187";""
"39238";"3299";"PLUi/PLUiS";"CA";"2019-12-17 23:00:00+00:00";"2015-12-14 23:00:00+00:00";"39";"39";"27";"2021";"NON";"OUI";"200010650";"";"";"";"2021-10-06";"145187";""
"39241";"3199";"PLU";"COM";"2014-03-13 23:00:00+00:00";"2009-10-15 22:00:00+00:00";"39";"39";"27";"2021";"NON";"NON";"39241";"";"";"";"2021-10-06";"49552";""
"39244";"3199";"PLU";"COM";"2007-01-30 23:00:00+00:00";"1999-10-27 22:00:00+00:00";"39";"39";"27";"2021";"NON";"NON";"39244";"";"";"";"2021-10-06";"52643";""
"39246";"1432";"CC";"CC";"2009-01-07 23:00:00+00:00";"2005-11-24 23:00:00+00:00";"13";"39";"27";"2021";"NON";"NON";"243900560";"";"";"";"2021-10-06";"69369";""
"39249";"3299";"PLUi/PLUiS";"CC";"2017-05-01 22:00:00+00:00";"2012-09-23 22:00:00+00:00";"39";"39";"27";"2021";"NON";"OUI";"243900420";"";"";"";"2021-10-06";"113791";""
"39250";"1199";"CC";"COM";"2014-07-22 22:00:00+00:00";"2012-03-12 23:00:00+00:00";"19";"39";"27";"2021";"NON";"NON";"39250";"";"";"";"2021-10-06";"106188";""
"39251";"3199";"PLU";"COM";"2014-01-27 23:00:00+00:00";"2009-05-13 22:00:00+00:00";"39";"39";"27";"2021";"NON";"NON";"39251";"";"";"";"2021-10-06";"62321";""
"39252";"3299";"PLUi/PLUiS";"CA";"2019-12-17 23:00:00+00:00";"2015-12-14 23:00:00+00:00";"39";"39";"27";"2021";"NON";"OUI";"200010650";"";"";"";"2021-10-06";"145187";""
"39259";"3299";"PLUi/PLUiS";"CC";"2017-05-01 22:00:00+00:00";"2012-09-23 22:00:00+00:00";"39";"39";"27";"2021";"NON";"OUI";"243900420";"";"";"";"2021-10-06";"113791";""
"39261";"1199";"CC";"COM";"2014-10-29 23:00:00+00:00";"2012-02-02 23:00:00+00:00";"19";"39";"27";"2021";"NON";"NON";"39261";"";"";"";"2021-10-06";"106189";""
"39262";"3299";"PLUi/PLUiS";"CA";"2019-12-17 23:00:00+00:00";"2015-12-14 23:00:00+00:00";"39";"39";"27";"2021";"NON";"OUI";"200010650";"";"";"";"2021-10-06";"145187";""
"39263";"3432";"PLU";"CC";"2014-10-02 22:00:00+00:00";"2009-04-29 22:00:00+00:00";"33";"39";"27";"2021";"NON";"NON";"200071595";"";"";"";"2021-10-06";"49554";""
"39270";"3299";"PLUi/PLUiS";"CA";"2019-12-17 23:00:00+00:00";"2015-12-14 23:00:00+00:00";"39";"39";"27";"2021";"NON";"OUI";"200010650";"";"";"";"2021-10-06";"145187";""
"39273";"1433";"CC";"CC";"2016-01-27 23:00:00+00:00";"2011-10-25 22:00:00+00:00";"13";"39";"27";"2021";"NON";"NON";"200090579";"";"";"";"2021-10-06";"111055";""
"39274";"3199";"PLU";"COM";"2011-07-17 22:00:00+00:00";"2005-09-20 22:00:00+00:00";"39";"39";"27";"2021";"NON";"NON";"39274";"";"";"";"2021-10-06";"62320";""
"39275";"3199";"PLU";"COM";"2007-12-18 23:00:00+00:00";"2003-06-22 22:00:00+00:00";"39";"39";"27";"2021";"NON";"NON";"39275";"";"";"";"2021-10-06";"52644";""
"39279";"1199";"CC";"COM";"2012-01-18 23:00:00+00:00";"2004-07-01 22:00:00+00:00";"19";"39";"27";"2021";"NON";"NON";"39279";"";"";"";"2021-10-06";"66604";""
"39283";"3433";"PLU";"CC";"2019-07-10 22:00:00+00:00";"2015-09-07 22:00:00+00:00";"33";"39";"27";"2021";"NON";"NON";"200090579";"";"";"";"2021-10-06";"141267";""
"39284";"3299";"PLUi/PLUiS";"CA";"2019-12-17 23:00:00+00:00";"2015-12-14 23:00:00+00:00";"39";"39";"27";"2021";"NON";"OUI";"200010650";"";"";"";"2021-10-06";"145187";""
"39285";"3299";"PLUi/PLUiS";"CA";"2019-12-17 23:00:00+00:00";"2015-12-14 23:00:00+00:00";"39";"39";"27";"2021";"NON";"OUI";"200010650";"";"";"";"2021-10-06";"145187";""
"39286";"3199";"PLU";"COM";"2015-03-05 23:00:00+00:00";"2010-03-21 23:00:00+00:00";"39";"39";"27";"2021";"NON";"NON";"39286";"";"";"";"2021-10-06";"62337";""
"39288";"1199";"CC";"COM";"2008-03-30 22:00:00+00:00";"2005-02-10 23:00:00+00:00";"19";"39";"27";"2021";"NON";"NON";"39288";"";"";"";"2021-10-06";"69371";""
"39293";"1199";"CC";"COM";"2013-01-01 23:00:00+00:00";"2009-04-26 22:00:00+00:00";"19";"39";"27";"2021";"NON";"NON";"39293";"";"";"";"2021-10-06";"66605";""
"39295";"1199";"CC";"COM";"2019-02-21 23:00:00+00:00";"2017-04-27 22:00:00+00:00";"19";"39";"27";"2021";"NON";"NON";"39295";"";"";"";"2021-10-06";"156515";""
"39297";"3299";"PLUi/PLUiS";"CC";"2021-03-28 22:00:00+00:00";"2015-12-09 23:00:00+00:00";"39";"39";"27";"2021";"NON";"OUI";"39297";"";"";"";"2021-10-06";"145193";""
"39300";"3199";"PLU";"COM";"2012-11-11 23:00:00+00:00";"2004-03-21 23:00:00+00:00";"39";"39";"27";"2021";"NON";"NON";"39300";"";"";"";"2021-10-06";"1661";""
"39301";"1499";"CC";"CC";"2015-10-25 23:00:00+00:00";"2013-01-24 23:00:00+00:00";"19";"39";"27";"2021";"NON";"NON";"200069623";"";"";"";"2021-10-06";"123726";""
"39302";"1432";"CC";"CC";"2013-06-05 22:00:00+00:00";"2011-02-28 23:00:00+00:00";"13";"39";"27";"2021";"NON";"NON";"243900560";"";"";"";"2021-10-06";"104498";""
"39304";"3199";"PLU";"COM";"2018-02-11 23:00:00+00:00";"2012-12-09 23:00:00+00:00";"39";"39";"27";"2021";"NON";"NON";"39304";"";"";"";"2021-10-06";"117423";""
"39305";"3299";"PLUi/PLUiS";"CC";"2017-05-01 22:00:00+00:00";"2012-09-23 22:00:00+00:00";"39";"39";"27";"2021";"NON";"OUI";"243900420";"";"";"";"2021-10-06";"113791";""
"39306";"3199";"PLU";"COM";"2017-07-20 22:00:00+00:00";"2014-06-19 22:00:00+00:00";"39";"39";"27";"2021";"NON";"NON";"39306";"";"";"";"2021-10-06";"132672";""
"39307";"3433";"PLU";"CC";"2008-05-05 22:00:00+00:00";"2000-10-08 22:00:00+00:00";"33";"39";"27";"2021";"NON";"NON";"200090579";"";"";"";"2021-10-06";"52647";""
"39308";"3299";"PLUi/PLUiS";"CA";"2019-12-17 23:00:00+00:00";"2015-12-14 23:00:00+00:00";"39";"39";"27";"2021";"NON";"OUI";"200010650";"";"";"";"2021-10-06";"145187";""
"39310";"1199";"CC";"COM";"2006-10-08 22:00:00+00:00";"2002-12-10 23:00:00+00:00";"19";"39";"27";"2021";"NON";"NON";"39310";"";"";"";"2021-10-06";"70387";""
"39315";"1432";"CC";"CC";"2012-12-02 23:00:00+00:00";"2007-08-23 22:00:00+00:00";"13";"39";"27";"2021";"NON";"NON";"200071595";"";"";"";"2021-10-06";"66139";""
"39317";"1199";"CC";"COM";"2015-12-23 23:00:00+00:00";"2012-02-06 23:00:00+00:00";"19";"39";"27";"2021";"NON";"NON";"39317";"";"";"";"2021-10-06";"103957";""
"39318";"3433";"PLU";"CC";"2008-01-31 23:00:00+00:00";"2000-05-02 22:00:00+00:00";"33";"39";"27";"2021";"NON";"NON";"200090579";"";"";"";"2021-10-06";"52659";""
"39323";"3299";"PLUi/PLUiS";"CA";"2019-12-17 23:00:00+00:00";"2015-12-14 23:00:00+00:00";"39";"39";"27";"2021";"NON";"OUI";"200010650";"";"";"";"2021-10-06";"145187";""
"39327";"3199";"PLU";"COM";"2016-06-01 22:00:00+00:00";"2012-12-17 23:00:00+00:00";"39";"39";"27";"2021";"NON";"NON";"39327";"";"";"";"2021-10-06";"123731";""
"39328";"3433";"PLU";"CC";"2012-01-19 23:00:00+00:00";"2008-07-20 22:00:00+00:00";"33";"39";"27";"2021";"NON";"NON";"200090579";"";"";"";"2021-10-06";"50280";""
"39329";"1499";"CC";"CC";"2011-10-04 22:00:00+00:00";"2007-12-06 23:00:00+00:00";"19";"39";"27";"2021";"NON";"NON";"200069623";"";"";"";"2021-10-06";"66927";""
"39330";"3432";"PLU";"CC";"2004-02-26 23:00:00+00:00";"2000-03-29 22:00:00+00:00";"33";"39";"27";"2021";"NON";"NON";"200071595";"";"";"";"2021-10-06";"52655";""
"39331";"3499";"PLU";"CC";"2011-01-09 23:00:00+00:00";"2003-07-15 22:00:00+00:00";"39";"39";"27";"2021";"NON";"NON";"200069623";"";"";"";"2021-10-06";"52653";""
"39333";"3433";"PLU";"CC";"2006-03-01 23:00:00+00:00";"1999-09-29 22:00:00+00:00";"33";"39";"27";"2021";"NON";"NON";"200090579";"";"";"";"2021-10-06";"52656";""
"39335";"3299";"PLUi/PLUiS";"CA";"2019-12-17 23:00:00+00:00";"2015-12-14 23:00:00+00:00";"39";"39";"27";"2021";"NON";"OUI";"200010650";"";"";"";"2021-10-06";"145187";""
"39339";"3199";"PLU";"COM";"2019-01-31 23:00:00+00:00";"2014-08-28 22:00:00+00:00";"39";"39";"27";"2021";"NON";"NON";"39339";"";"";"";"2021-10-06";"132676";""
"39343";"1433";"CC";"CC";"2015-12-22 23:00:00+00:00";"2012-03-29 22:00:00+00:00";"13";"39";"27";"2021";"NON";"NON";"200090579";"";"";"";"2021-10-06";"106191";""
"39344";"1499";"CC";"CC";"2015-06-01 22:00:00+00:00";"2012-02-16 23:00:00+00:00";"19";"39";"27";"2021";"NON";"NON";"200069623";"";"";"";"2021-10-06";"104506";""
"39345";"3299";"PLUi/PLUiS";"CA";"2019-12-17 23:00:00+00:00";"2015-12-14 23:00:00+00:00";"39";"39";"27";"2021";"NON";"OUI";"200010650";"";"";"";"2021-10-06";"145187";""
"39346";"1199";"CC";"COM";"2014-07-22 22:00:00+00:00";"2012-05-24 22:00:00+00:00";"19";"39";"27";"2021";"NON";"NON";"39346";"";"";"";"2021-10-06";"111054";""
"39348";"3199";"PLU";"COM";"2016-09-07 22:00:00+00:00";"2010-12-15 23:00:00+00:00";"39";"39";"27";"2021";"NON";"NON";"39348";"";"";"";"2021-10-06";"62325";""
"39349";"3199";"PLU";"COM";"2017-12-05 23:00:00+00:00";"2012-11-26 23:00:00+00:00";"39";"39";"27";"2021";"NON";"NON";"39349";"";"";"";"2021-10-06";"116249";""
"39350";"3299";"PLUi/PLUiS";"CC";"2017-05-01 22:00:00+00:00";"2012-09-23 22:00:00+00:00";"39";"39";"27";"2021";"NON";"OUI";"243900420";"";"";"";"2021-10-06";"113791";""
"39351";"1433";"CC";"CC";"2013-04-11 22:00:00+00:00";"2004-06-30 22:00:00+00:00";"13";"39";"27";"2021";"NON";"NON";"200090579";"";"";"";"2021-10-06";"66141";""
"39352";"1432";"CC";"CC";"2010-04-27 22:00:00+00:00";"2006-03-23 23:00:00+00:00";"13";"39";"27";"2021";"NON";"NON";"243900560";"";"";"";"2021-10-06";"69373";""
"39353";"1433";"CC";"CC";"2016-06-06 22:00:00+00:00";"2011-10-23 22:00:00+00:00";"13";"39";"27";"2021";"NON";"NON";"200090579";"";"";"";"2021-10-06";"97026";""
"39361";"1432";"CC";"CC";"2015-12-22 23:00:00+00:00";"2011-09-22 22:00:00+00:00";"13";"39";"27";"2021";"NON";"NON";"243900560";"";"";"";"2021-10-06";"97029";""
"39362";"3199";"PLU";"COM";"2017-02-14 23:00:00+00:00";"2011-12-05 23:00:00+00:00";"39";"39";"27";"2021";"NON";"NON";"39362";"";"";"";"2021-10-06";"145490";""
"39363";"1433";"CC";"CC";"2015-06-10 22:00:00+00:00";"2011-09-22 22:00:00+00:00";"13";"39";"27";"2021";"NON";"NON";"200090579";"";"";"";"2021-10-06";"97033";""
"39364";"3499";"PLU";"CC";"2014-12-11 23:00:00+00:00";"2008-06-04 22:00:00+00:00";"39";"39";"27";"2021";"NON";"NON";"200069623";"";"";"";"2021-10-06";"100500";""
"39365";"3299";"PLUi/PLUiS";"CC";"2017-05-01 22:00:00+00:00";"2012-09-23 22:00:00+00:00";"39";"39";"27";"2021";"NON";"OUI";"243900420";"";"";"";"2021-10-06";"113791";""
"39366";"1499";"CC";"CC";"2016-04-14 22:00:00+00:00";"2009-09-17 22:00:00+00:00";"19";"39";"27";"2021";"NON";"NON";"200069623";"";"";"";"2021-10-06";"66929";""
"39367";"3299";"PLUi/PLUiS";"CC";"2021-03-28 22:00:00+00:00";"2015-12-09 23:00:00+00:00";"39";"39";"27";"2021";"NON";"OUI";"39367";"";"";"";"2021-10-06";"145193";""
"39368";"3299";"PLUi/PLUiS";"CC";"2021-03-28 22:00:00+00:00";"2015-12-09 23:00:00+00:00";"39";"39";"27";"2021";"NON";"OUI";"39368";"";"";"";"2021-10-06";"145193";""
"39370";"3299";"PLUi/PLUiS";"CC";"2017-05-01 22:00:00+00:00";"2012-09-23 22:00:00+00:00";"39";"39";"27";"2021";"NON";"OUI";"243900420";"";"";"";"2021-10-06";"113791";""
"39373";"3199";"PLU";"COM";"2016-12-11 23:00:00+00:00";"2009-11-19 23:00:00+00:00";"39";"39";"27";"2021";"NON";"NON";"39373";"";"";"";"2021-10-06";"62323";""
"39377";"1432";"CC";"CC";"2017-03-08 23:00:00+00:00";"2012-01-30 23:00:00+00:00";"13";"39";"27";"2021";"NON";"NON";"243900560";"";"";"";"2021-10-06";"106182";""
"39378";"1131";"CC";"COM";"2014-10-20 22:00:00+00:00";"2012-02-16 23:00:00+00:00";"13";"39";"27";"2021";"NON";"NON";"39378";"";"";"";"2021-10-06";"103945";""
"39379";"3199";"PLU";"COM";"2018-03-22 23:00:00+00:00";"2010-02-04 23:00:00+00:00";"39";"39";"27";"2021";"NON";"NON";"39379";"";"";"";"2021-10-06";"62329";""
"39387";"3299";"PLUi/PLUiS";"CA";"2019-12-17 23:00:00+00:00";"2015-12-14 23:00:00+00:00";"39";"39";"27";"2021";"NON";"OUI";"200010650";"";"";"";"2021-10-06";"145187";""
"39389";"3499";"PLU";"CC";"2017-04-26 22:00:00+00:00";"2013-02-13 23:00:00+00:00";"39";"39";"27";"2021";"NON";"NON";"200069623";"";"";"";"2021-10-06";"126773";""
"39397";"3433";"PLU";"CC";"2011-10-12 22:00:00+00:00";"2003-07-30 22:00:00+00:00";"33";"39";"27";"2021";"NON";"NON";"200090579";"";"";"";"2021-10-06";"62823";""
"39398";"1432";"CC";"CC";"2012-08-02 22:00:00+00:00";"2011-06-15 22:00:00+00:00";"13";"39";"27";"2021";"NON";"NON";"243900560";"";"";"";"2021-10-06";"72033";""
"39399";"3299";"PLUi/PLUiS";"CC";"2017-05-01 22:00:00+00:00";"2012-09-23 22:00:00+00:00";"39";"39";"27";"2021";"NON";"OUI";"243900420";"";"";"";"2021-10-06";"113791";""
"39402";"1432";"CC";"CC";"2006-09-24 22:00:00+00:00";"2006-09-24 22:00:00+00:00";"13";"39";"27";"2021";"NON";"NON";"243900560";"";"";"";"2021-10-06";"68099";""
"39403";"3299";"PLUi/PLUiS";"CC";"2017-05-01 22:00:00+00:00";"2012-09-23 22:00:00+00:00";"39";"39";"27";"2021";"NON";"OUI";"243900420";"";"";"";"2021-10-06";"113791";""
"39404";"3199";"PLU";"COM";"2014-10-29 23:00:00+00:00";"2011-04-17 22:00:00+00:00";"39";"39";"27";"2021";"NON";"NON";"39404";"";"";"";"2021-10-06";"71599";""
"39405";"3299";"PLUi/PLUiS";"CA";"2019-12-17 23:00:00+00:00";"2015-12-14 23:00:00+00:00";"39";"39";"27";"2021";"NON";"OUI";"200010650";"";"";"";"2021-10-06";"145187";""
"39406";"1499";"CC";"CC";"2017-03-14 23:00:00+00:00";"2013-02-27 23:00:00+00:00";"19";"39";"27";"2021";"NON";"NON";"200069623";"";"";"";"2021-10-06";"123738";""
"39407";"3199";"PLU";"COM";"2018-07-15 22:00:00+00:00";"2015-04-19 22:00:00+00:00";"39";"39";"27";"2021";"NON";"NON";"39407";"";"";"";"2021-10-06";"138640";""
"39409";"3299";"PLUi/PLUiS";"CA";"2019-12-17 23:00:00+00:00";"2015-12-14 23:00:00+00:00";"39";"39";"27";"2021";"NON";"OUI";"200010650";"";"";"";"2021-10-06";"145187";""
"39411";"3199";"PLU";"COM";"2014-10-01 22:00:00+00:00";"2010-04-29 22:00:00+00:00";"39";"39";"27";"2021";"NON";"NON";"39411";"";"";"";"2021-10-06";"62332";""
"39412";"3299";"PLUi/PLUiS";"CA";"2019-12-17 23:00:00+00:00";"2015-12-14 23:00:00+00:00";"39";"39";"27";"2021";"NON";"OUI";"200010650";"";"";"";"2021-10-06";"145187";""
"39413";"3199";"PLU";"COM";"2013-12-13 23:00:00+00:00";"2009-07-21 22:00:00+00:00";"39";"39";"27";"2021";"NON";"NON";"39413";"";"";"";"2021-10-06";"62333";""
"39415";"3432";"PLU";"CC";"2008-06-09 22:00:00+00:00";"2004-02-08 23:00:00+00:00";"33";"39";"27";"2021";"NON";"NON";"243901089";"";"";"";"2021-10-06";"52665";""
"39418";"1432";"CC";"CC";"2015-04-24 22:00:00+00:00";"2011-09-08 22:00:00+00:00";"13";"39";"27";"2021";"NON";"NON";"200071595";"";"";"";"2021-10-06";"97043";""
"39421";"3199";"PLU";"COM";"2015-02-10 23:00:00+00:00";"2011-05-23 22:00:00+00:00";"39";"39";"27";"2021";"NON";"NON";"39421";"";"";"";"2021-10-06";"71317";""
"39422";"3199";"PLU";"COM";"2017-12-19 23:00:00+00:00";"2012-12-13 23:00:00+00:00";"39";"39";"27";"2021";"NON";"NON";"39422";"";"";"";"2021-10-06";"123741";""
"39432";"3299";"PLUi/PLUiS";"CA";"2019-12-17 23:00:00+00:00";"2015-12-14 23:00:00+00:00";"39";"39";"27";"2021";"NON";"OUI";"200010650";"";"";"";"2021-10-06";"145187";""
"39434";"3432";"PLU";"CC";"2017-03-22 23:00:00+00:00";"2015-03-26 23:00:00+00:00";"33";"39";"27";"2021";"NON";"NON";"200071595";"";"";"";"2021-10-06";"62334";""
"39435";"3433";"PLU";"CC";"2016-06-02 22:00:00+00:00";"2010-04-29 22:00:00+00:00";"33";"39";"27";"2021";"NON";"NON";"200090579";"";"";"";"2021-10-06";"62335";""
"39437";"1499";"CC";"CC";"2014-05-15 22:00:00+00:00";"2012-04-26 22:00:00+00:00";"19";"39";"27";"2021";"NON";"NON";"200069623";"";"";"";"2021-10-06";"111494";""
"39439";"3299";"PLUi/PLUiS";"CC";"2017-05-01 22:00:00+00:00";"2012-09-23 22:00:00+00:00";"39";"39";"27";"2021";"NON";"OUI";"243900420";"";"";"";"2021-10-06";"113791";""
"39441";"3199";"PLU";"COM";"2020-02-17 23:00:00+00:00";"2018-02-05 23:00:00+00:00";"39";"39";"27";"2021";"NON";"NON";"39441";"";"";"";"2021-10-06";"161428";""
"39446";"1432";"CC";"CC";"2014-11-25 23:00:00+00:00";"2010-06-28 22:00:00+00:00";"13";"39";"27";"2021";"NON";"NON";"200071595";"";"";"";"2021-10-06";"66931";""
"39447";"3199";"PLU";"COM";"2018-11-08 23:00:00+00:00";"2016-03-03 23:00:00+00:00";"39";"39";"27";"2021";"NON";"NON";"39447";"";"";"";"2021-10-06";"147870";""
"39448";"3432";"PLU";"CC";"2011-08-18 22:00:00+00:00";"2008-05-01 22:00:00+00:00";"33";"39";"27";"2021";"NON";"NON";"243901089";"";"";"";"2021-10-06";"63939";""
"39449";"3299";"PLUi/PLUiS";"CA";"2019-12-17 23:00:00+00:00";"2015-12-14 23:00:00+00:00";"39";"39";"27";"2021";"NON";"OUI";"200010650";"";"";"";"2021-10-06";"145187";""
"39451";"3432";"PLU";"CC";"2006-01-19 23:00:00+00:00";"2000-08-31 22:00:00+00:00";"33";"39";"27";"2021";"NON";"NON";"243900560";"";"";"";"2021-10-06";"52670";""
"39452";"3432";"PLU";"CC";"2008-02-14 23:00:00+00:00";"2007-12-31 23:00:00+00:00";"33";"39";"27";"2021";"NON";"NON";"243900560";"";"";"";"2021-10-06";"97100";""
"39453";"1199";"CC";"COM";"2008-06-26 22:00:00+00:00";"2005-05-09 22:00:00+00:00";"19";"39";"27";"2021";"NON";"NON";"39453";"";"";"";"2021-10-06";"69375";""
"39462";"3299";"PLUi/PLUiS";"CA";"2019-12-17 23:00:00+00:00";"2015-12-14 23:00:00+00:00";"39";"39";"27";"2021";"NON";"OUI";"200010650";"";"";"";"2021-10-06";"145187";""
"39463";"1199";"CC";"COM";"2010-03-31 22:00:00+00:00";"2005-06-08 22:00:00+00:00";"19";"39";"27";"2021";"NON";"NON";"39463";"";"";"";"2021-10-06";"69376";""
"39464";"1432";"CC";"CC";"2013-07-16 22:00:00+00:00";"2009-03-11 23:00:00+00:00";"13";"39";"27";"2021";"NON";"NON";"243900560";"";"";"";"2021-10-06";"66932";""
"39465";"3299";"PLUi/PLUiS";"CA";"2019-12-17 23:00:00+00:00";"2015-12-14 23:00:00+00:00";"39";"39";"27";"2021";"NON";"OUI";"200010650";"";"";"";"2021-10-06";"145187";""
"39470";"3199";"PLU";"COM";"2016-11-23 23:00:00+00:00";"2015-06-22 22:00:00+00:00";"39";"39";"27";"2021";"NON";"NON";"39470";"";"";"";"2021-10-06";"139985";""
"39471";"3199";"PLU";"COM";"2016-05-12 22:00:00+00:00";"2010-02-18 23:00:00+00:00";"39";"39";"27";"2021";"NON";"NON";"39471";"";"";"";"2021-10-06";"64497";""
"39474";"1199";"CC";"COM";"2010-05-17 22:00:00+00:00";"2001-09-10 22:00:00+00:00";"19";"39";"27";"2021";"NON";"NON";"39474";"";"";"";"2021-10-06";"69379";""
"39475";"3199";"PLU";"COM";"2010-10-03 22:00:00+00:00";"2005-02-23 23:00:00+00:00";"39";"39";"27";"2021";"NON";"NON";"39475";"";"";"";"2021-10-06";"52669";""
"39476";"3299";"PLUi/PLUiS";"CA";"2019-12-17 23:00:00+00:00";"2015-12-14 23:00:00+00:00";"39";"39";"27";"2021";"NON";"OUI";"200010650";"";"";"";"2021-10-06";"145187";""
"39478";"3134";"PLU";"COM";"2004-01-28 23:00:00+00:00";"1998-02-18 23:00:00+00:00";"33";"39";"27";"2021";"NON";"NON";"39478";"";"";"";"2021-10-06";"180221";""
"39480";"3199";"PLU";"COM";"2014-10-23 22:00:00+00:00";"2011-04-28 22:00:00+00:00";"39";"39";"27";"2021";"NON";"NON";"39480";"";"";"";"2021-10-06";"71309";""
"39481";"1499";"CC";"CC";"2021-01-13 23:00:00+00:00";"2019-03-04 23:00:00+00:00";"19";"39";"27";"2021";"NON";"NON";"200069623";"";"";"";"2021-10-06";"167817";""
"39485";"1433";"CC";"CC";"2015-12-02 23:00:00+00:00";"2011-04-14 22:00:00+00:00";"13";"39";"27";"2021";"NON";"NON";"200090579";"";"";"";"2021-10-06";"106181";""
"39486";"1199";"CC";"COM";"2017-12-18 23:00:00+00:00";"2014-09-03 22:00:00+00:00";"19";"39";"27";"2021";"NON";"NON";"39486";"";"";"";"2021-10-06";"132686";""
"39487";"3432";"PLU";"CC";"2006-03-08 23:00:00+00:00";"2002-03-19 23:00:00+00:00";"33";"39";"27";"2021";"NON";"NON";"39487";"";"";"";"2021-10-06";"52674";""
"39489";"3432";"PLU";"CC";"2007-05-31 22:00:00+00:00";"2003-04-24 22:00:00+00:00";"33";"39";"27";"2021";"NON";"NON";"200071595";"";"";"";"2021-10-06";"52673";""
"39491";"3199";"PLU";"COM";"2013-07-14 22:00:00+00:00";"2008-07-06 22:00:00+00:00";"39";"39";"27";"2021";"NON";"NON";"39491";"";"";"";"2021-10-06";"62340";""
"39494";"1432";"CC";"CC";"2005-06-20 22:00:00+00:00";"2002-02-21 23:00:00+00:00";"13";"39";"27";"2021";"NON";"NON";"39494";"";"";"";"2021-10-06";"68100";""
"39498";"3432";"PLU";"CC";"2014-02-19 23:00:00+00:00";"2008-11-20 23:00:00+00:00";"33";"39";"27";"2021";"NON";"NON";"243900560";"";"";"";"2021-10-06";"50033";""
"39499";"1432";"CC";"CC";"2013-07-15 22:00:00+00:00";"2009-07-14 22:00:00+00:00";"13";"39";"27";"2021";"NON";"NON";"243900560";"";"";"";"2021-10-06";"66933";""
"39500";"3432";"PLU";"CC";"2009-09-20 22:00:00+00:00";"2003-02-25 23:00:00+00:00";"33";"39";"27";"2021";"NON";"NON";"200071595";"";"";"";"2021-10-06";"52675";""
"39501";"3299";"PLUi/PLUiS";"CA";"2019-12-17 23:00:00+00:00";"2015-12-14 23:00:00+00:00";"39";"39";"27";"2021";"NON";"OUI";"200010650";"";"";"";"2021-10-06";"145187";""
"39502";"3299";"PLUi/PLUiS";"CC";"2017-05-01 22:00:00+00:00";"2012-09-23 22:00:00+00:00";"39";"39";"27";"2021";"NON";"OUI";"243900420";"";"";"";"2021-10-06";"113791";""
"39503";"3499";"PLU";"CC";"2005-02-08 23:00:00+00:00";"2001-12-02 23:00:00+00:00";"39";"39";"27";"2021";"NON";"NON";"200069623";"";"";"";"2021-10-06";"52677";""
"39508";"3199";"PLU";"COM";"2019-05-21 22:00:00+00:00";"2010-02-23 23:00:00+00:00";"39";"39";"27";"2021";"NON";"NON";"39508";"";"";"";"2021-10-06";"62341";""
"39510";"3199";"PLU";"COM";"2017-03-15 23:00:00+00:00";"2009-11-09 23:00:00+00:00";"39";"39";"27";"2021";"NON";"NON";"39510";"";"";"";"2021-10-06";"62324";""
"39513";"3432";"PLU";"CC";"2011-10-02 22:00:00+00:00";"2007-03-07 23:00:00+00:00";"33";"39";"27";"2021";"NON";"NON";"243900560";"";"";"";"2021-10-06";"49558";""
"39514";"1432";"CC";"CC";"2013-09-02 22:00:00+00:00";"2010-07-01 22:00:00+00:00";"13";"39";"27";"2021";"NON";"NON";"243900560";"";"";"";"2021-10-06";"73547";""
"39517";"3499";"PLU";"CC";"2011-03-23 23:00:00+00:00";"2007-05-23 22:00:00+00:00";"39";"39";"27";"2021";"NON";"NON";"200069623";"";"";"";"2021-10-06";"62339";""
"39520";"3299";"PLUi/PLUiS";"CC";"2017-05-01 22:00:00+00:00";"2012-09-23 22:00:00+00:00";"39";"39";"27";"2021";"NON";"OUI";"243900420";"";"";"";"2021-10-06";"113791";""
"39522";"1499";"CC";"CC";"2015-12-14 23:00:00+00:00";"2013-01-27 23:00:00+00:00";"19";"39";"27";"2021";"NON";"NON";"200069623";"";"";"";"2021-10-06";"123758";""
"39523";"3499";"PLU";"CC";"2004-11-09 23:00:00+00:00";"1999-12-02 23:00:00+00:00";"39";"39";"27";"2021";"NON";"NON";"200069623";"";"";"";"2021-10-06";"52679";""
"39526";"3299";"PLUi/PLUiS";"CA";"2019-12-17 23:00:00+00:00";"2015-12-14 23:00:00+00:00";"39";"39";"27";"2021";"NON";"OUI";"200010650";"";"";"";"2021-10-06";"145187";""
"39528";"1432";"CC";"CC";"2013-08-25 22:00:00+00:00";"2010-02-21 23:00:00+00:00";"13";"39";"27";"2021";"NON";"NON";"243900560";"";"";"";"2021-10-06";"66934";""
"39532";"1199";"CC";"COM";"2014-10-29 23:00:00+00:00";"2011-09-16 22:00:00+00:00";"19";"39";"27";"2021";"NON";"NON";"39532";"";"";"";"2021-10-06";"106183";""
"39533";"1199";"CC";"COM";"2013-10-13 22:00:00+00:00";"2010-09-09 22:00:00+00:00";"19";"39";"27";"2021";"NON";"NON";"39533";"";"";"";"2021-10-06";"66935";""
"39535";"3432";"PLU";"CC";"2006-02-19 23:00:00+00:00";"2003-02-02 23:00:00+00:00";"33";"39";"27";"2021";"NON";"NON";"200071595";"";"";"";"2021-10-06";"52683";""
"39537";"3199";"PLU";"COM";"2016-07-06 22:00:00+00:00";"2012-12-06 23:00:00+00:00";"39";"39";"27";"2021";"NON";"NON";"39537";"";"";"";"2021-10-06";"117428";""
"39539";"1432";"CC";"CC";"2011-02-16 23:00:00+00:00";"2005-05-22 22:00:00+00:00";"13";"39";"27";"2021";"NON";"NON";"200071595";"";"";"";"2021-10-06";"66143";""
"39540";"1499";"CC";"CC";"2015-10-25 23:00:00+00:00";"2012-09-13 22:00:00+00:00";"19";"39";"27";"2021";"NON";"NON";"200069623";"";"";"";"2021-10-06";"116325";""
"39546";"3299";"PLUi/PLUiS";"CC";"2017-05-01 22:00:00+00:00";"2012-09-23 22:00:00+00:00";"39";"39";"27";"2021";"NON";"OUI";"243900420";"";"";"";"2021-10-06";"113791";""
"39551";"1199";"CC";"COM";"2015-03-04 23:00:00+00:00";"2012-01-30 23:00:00+00:00";"19";"39";"27";"2021";"NON";"NON";"39551";"";"";"";"2021-10-06";"106185";""
"39552";"3199";"PLU";"COM";"2017-11-30 23:00:00+00:00";"2010-10-28 22:00:00+00:00";"39";"39";"27";"2021";"NON";"NON";"39552";"";"";"";"2021-10-06";"63941";""
"39553";"1199";"CC";"COM";"2013-04-11 22:00:00+00:00";"2009-02-18 23:00:00+00:00";"19";"39";"27";"2021";"NON";"NON";"39553";"";"";"";"2021-10-06";"66936";""
"39554";"1499";"CC";"CC";"2018-11-06 23:00:00+00:00";"2016-02-21 23:00:00+00:00";"19";"39";"27";"2021";"NON";"NON";"200069623";"";"";"";"2021-10-06";"132697";""
"39559";"3299";"PLUi/PLUiS";"CC";"2017-05-01 22:00:00+00:00";"2012-09-23 22:00:00+00:00";"39";"39";"27";"2021";"NON";"OUI";"243900420";"";"";"";"2021-10-06";"113791";""
"39565";"3299";"PLUi/PLUiS";"CC";"2017-05-01 22:00:00+00:00";"2012-09-23 22:00:00+00:00";"39";"39";"27";"2021";"NON";"OUI";"243900420";"";"";"";"2021-10-06";"113791";""
"39567";"3199";"PLU";"COM";"2018-11-06 23:00:00+00:00";"2012-09-26 22:00:00+00:00";"39";"39";"27";"2021";"NON";"NON";"39567";"";"";"";"2021-10-06";"116328";""
"39569";"3299";"PLUi/PLUiS";"CC";"2017-05-01 22:00:00+00:00";"2012-09-23 22:00:00+00:00";"39";"39";"27";"2021";"NON";"OUI";"243900420";"";"";"";"2021-10-06";"113791";""
"39571";"3299";"PLUi/PLUiS";"CA";"2019-12-17 23:00:00+00:00";"2015-12-14 23:00:00+00:00";"39";"39";"27";"2021";"NON";"OUI";"200010650";"";"";"";"2021-10-06";"145187";""
"39572";"1432";"CC";"CC";"2017-06-26 22:00:00+00:00";"2004-07-05 22:00:00+00:00";"13";"39";"27";"2021";"NON";"NON";"200071595";"";"";"";"2021-10-06";"66145";""
"39573";"3299";"PLUi/PLUiS";"CA";"2019-12-17 23:00:00+00:00";"2015-12-14 23:00:00+00:00";"39";"39";"27";"2021";"NON";"OUI";"200010650";"";"";"";"2021-10-06";"145187";""
"39574";"1199";"CC";"COM";"2004-09-08 22:00:00+00:00";"2001-05-09 22:00:00+00:00";"19";"39";"27";"2021";"NON";"NON";"39574";"";"";"";"2021-10-06";"68102";""
"39576";"3199";"PLU";"COM";"2016-01-06 23:00:00+00:00";"2012-02-28 23:00:00+00:00";"39";"39";"27";"2021";"NON";"NON";"39576";"";"";"";"2021-10-06";"106620";""
"39577";"1199";"CC";"COM";"2014-09-25 22:00:00+00:00";"2012-03-29 22:00:00+00:00";"19";"39";"27";"2021";"NON";"NON";"39577";"";"";"";"2021-10-06";"104514";""
"39579";"3199";"PLU";"COM";"2018-02-01 23:00:00+00:00";"2011-09-08 22:00:00+00:00";"39";"39";"27";"2021";"NON";"NON";"39579";"";"";"";"2021-10-06";"97144";""
"39581";"1432";"CC";"CC";"2009-05-27 22:00:00+00:00";"2006-01-26 23:00:00+00:00";"13";"39";"27";"2021";"NON";"NON";"243900560";"";"";"";"2021-10-06";"69381";""
"39582";"3131";"PLU";"COM";"2003-11-17 23:00:00+00:00";"1999-10-27 22:00:00+00:00";"33";"39";"27";"2021";"NON";"NON";"39582";"";"";"";"2021-10-06";"52694";""
"39584";"3299";"PLUi/PLUiS";"CA";"2019-12-17 23:00:00+00:00";"2015-12-14 23:00:00+00:00";"39";"39";"27";"2021";"NON";"OUI";"200010650";"";"";"";"2021-10-06";"145187";""
"40001";"3299";"PLUi/PLUiS";"CC";"2020-01-19 23:00:00+00:00";"2014-12-08 23:00:00+00:00";"39";"40";"75";"2021";"NON";"OUI";"40001";"";"";"";"2021-10-06";"134565";""
"40002";"3432";"PLU";"CC";"2007-09-26 22:00:00+00:00";"2001-04-25 22:00:00+00:00";"33";"40";"75";"2021";"NON";"NON";"40002";"";"";"";"2021-10-06";"52695";""
"40003";"3299";"PLUi/PLUiS";"CA";"2019-12-17 23:00:00+00:00";"2015-12-15 23:00:00+00:00";"39";"40";"75";"2021";"NON";"OUI";"244000675";"";"";"";"2021-10-06";"144474";""
"40004";"3299";"PLUi/PLUiS";"CC";"2020-02-26 23:00:00+00:00";"2015-12-16 23:00:00+00:00";"39";"40";"75";"2021";"NON";"OUI";"244000865";"";"";"";"2021-10-06";"144801";""
"40005";"3332";"PLUi/PLUiS";"CC";"2016-12-13 23:00:00+00:00";"2011-12-19 23:00:00+00:00";"33";"40";"75";"2021";"OUI";"NON";"200069649";"";"";"";"2021-10-06";"93701";""
"40006";"1432";"CC";"CC";"2011-07-24 22:00:00+00:00";"2010-08-04 22:00:00+00:00";"13";"40";"75";"2021";"NON";"NON";"40006";"";"";"";"2021-10-06";"90085";""
"40008";"3432";"PLU";"CC";"2013-06-25 22:00:00+00:00";"2009-10-15 22:00:00+00:00";"33";"40";"75";"2021";"NON";"NON";"200069656";"";"";"";"2021-10-06";"49562";""
"40012";"3299";"PLUi/PLUiS";"CC";"2020-03-01 23:00:00+00:00";"2014-12-07 23:00:00+00:00";"39";"40";"75";"2021";"NON";"OUI";"244000824";"";"";"";"2021-10-06";"128635";""
"40014";"3499";"PLU";"CC";"2012-07-22 22:00:00+00:00";"2010-06-09 22:00:00+00:00";"39";"40";"75";"2021";"NON";"NON";"40014";"";"";"";"2021-10-06";"49565";""
"40015";"3499";"PLU";"CC";"2012-03-19 23:00:00+00:00";"2008-04-09 22:00:00+00:00";"39";"40";"75";"2021";"NON";"NON";"40015";"";"";"";"2021-10-06";"50034";""
"40018";"3299";"PLUi/PLUiS";"CC";"2019-11-20 23:00:00+00:00";"2015-06-17 22:00:00+00:00";"39";"40";"75";"2021";"NON";"OUI";"40018";"";"";"";"2021-10-06";"139842";""
"40019";"3199";"PLU";"COM";"2018-04-08 22:00:00+00:00";"2012-12-12 23:00:00+00:00";"39";"40";"75";"2021";"NON";"NON";"40019";"";"";"";"2021-10-06";"124649";""
"40020";"3432";"PLU";"CC";"2010-11-09 23:00:00+00:00";"2005-10-24 22:00:00+00:00";"33";"40";"75";"2021";"NON";"NON";"200069649";"";"";"";"2021-10-06";"52693";""
"40021";"3299";"PLUi/PLUiS";"CC";"2020-02-26 23:00:00+00:00";"2015-12-16 23:00:00+00:00";"39";"40";"75";"2021";"NON";"OUI";"244000865";"";"";"";"2021-10-06";"144801";""
"40022";"3299";"PLUi/PLUiS";"CC";"2020-01-19 23:00:00+00:00";"2014-12-08 23:00:00+00:00";"39";"40";"75";"2021";"NON";"OUI";"40022";"";"";"";"2021-10-06";"134565";""
"40023";"3399";"PLUi/PLUiS";"CC";"2021-07-07 22:00:00+00:00";"2015-10-01 22:00:00+00:00";"39";"40";"75";"2021";"OUI";"NON";"200069631";"";"";"";"2021-10-06";"142091";""
"40024";"1432";"CC";"CC";"2011-06-22 22:00:00+00:00";"2008-10-03 22:00:00+00:00";"13";"40";"75";"2021";"NON";"NON";"200069649";"";"";"";"2021-10-06";"66938";""
"40025";"3299";"PLUi/PLUiS";"CC";"2020-03-01 23:00:00+00:00";"2014-12-07 23:00:00+00:00";"39";"40";"75";"2021";"NON";"OUI";"244000824";"";"";"";"2021-10-06";"128635";""
"40026";"3432";"PLU";"CC";"2015-07-29 22:00:00+00:00";"2004-11-24 23:00:00+00:00";"33";"40";"75";"2021";"NON";"NON";"200069649";"";"";"";"2021-10-06";"62349";""
"40028";"1432";"CC";"CC";"2005-07-19 22:00:00+00:00";"2001-06-25 22:00:00+00:00";"13";"40";"75";"2021";"NON";"NON";"40028";"";"";"";"2021-10-06";"68104";""
"40029";"3332";"PLUi/PLUiS";"CC";"2016-12-13 23:00:00+00:00";"2011-12-19 23:00:00+00:00";"33";"40";"75";"2021";"OUI";"NON";"200069649";"";"";"";"2021-10-06";"93701";""
"40030";"3499";"PLU";"CC";"2013-06-23 22:00:00+00:00";"2008-11-24 23:00:00+00:00";"39";"40";"75";"2021";"NON";"NON";"200035541";"";"";"";"2021-10-06";"49559";""
"40031";"3299";"PLUi/PLUiS";"CC";"2019-11-20 23:00:00+00:00";"2015-06-17 22:00:00+00:00";"39";"40";"75";"2021";"NON";"OUI";"40031";"";"";"";"2021-10-06";"139842";""
"40033";"3432";"PLU";"CC";"2011-12-19 23:00:00+00:00";"2008-05-30 22:00:00+00:00";"33";"40";"75";"2021";"NON";"NON";"200069656";"";"";"";"2021-10-06";"49560";""
"40034";"3399";"PLUi/PLUiS";"CC";"2020-03-02 23:00:00+00:00";"2015-12-21 23:00:00+00:00";"39";"40";"75";"2021";"OUI";"NON";"200069417";"";"";"";"2021-10-06";"144593";""
"40035";"3299";"PLUi/PLUiS";"CA";"2019-12-17 23:00:00+00:00";"2015-12-15 23:00:00+00:00";"39";"40";"75";"2021";"NON";"OUI";"244000675";"";"";"";"2021-10-06";"144474";""
"40036";"3299";"PLUi/PLUiS";"CC";"2020-02-26 23:00:00+00:00";"2015-12-16 23:00:00+00:00";"39";"40";"75";"2021";"NON";"OUI";"244000865";"";"";"";"2021-10-06";"144801";""
"40037";"3299";"PLUi/PLUiS";"CA";"2019-12-11 23:00:00+00:00";"2015-11-30 23:00:00+00:00";"39";"40";"75";"2021";"NON";"OUI";"244000808";"";"";"";"2021-10-06";"144482";""
"40038";"3399";"PLUi/PLUiS";"CC";"2021-07-07 22:00:00+00:00";"2015-10-01 22:00:00+00:00";"39";"40";"75";"2021";"OUI";"NON";"200069631";"";"";"";"2021-10-06";"142091";""
"40039";"3499";"PLU";"CC";"2012-03-19 23:00:00+00:00";"2008-11-24 23:00:00+00:00";"39";"40";"75";"2021";"NON";"NON";"200035541";"";"";"";"2021-10-06";"49561";""
"40040";"3299";"PLUi/PLUiS";"CC";"2019-11-20 23:00:00+00:00";"2015-06-17 22:00:00+00:00";"39";"40";"75";"2021";"NON";"OUI";"40040";"";"";"";"2021-10-06";"139842";""
"40042";"3432";"PLU";"CC";"2007-12-18 23:00:00+00:00";"2002-02-26 23:00:00+00:00";"33";"40";"75";"2021";"NON";"NON";"244000659";"";"";"";"2021-10-06";"52703";""
"40043";"3199";"PLU";"COM";"2018-05-22 22:00:00+00:00";"2012-04-09 22:00:00+00:00";"39";"40";"75";"2021";"NON";"NON";"40043";"";"";"";"2021-10-06";"62353";""
"40044";"3432";"PLU";"CC";"2005-10-25 22:00:00+00:00";"2001-11-27 23:00:00+00:00";"33";"40";"75";"2021";"NON";"NON";"244000659";"";"";"";"2021-10-06";"52704";""
"40046";"3131";"PLU";"COM";"2017-03-05 23:00:00+00:00";"2004-09-26 22:00:00+00:00";"33";"40";"75";"2021";"NON";"NON";"40046";"";"";"";"2021-10-06";"62350";""
"40049";"3299";"PLUi/PLUiS";"CC";"2020-03-01 23:00:00+00:00";"2014-12-07 23:00:00+00:00";"39";"40";"75";"2021";"NON";"OUI";"244000824";"";"";"";"2021-10-06";"128635";""
"40050";"3299";"PLUi/PLUiS";"CA";"2019-12-11 23:00:00+00:00";"2015-11-30 23:00:00+00:00";"39";"40";"75";"2021";"NON";"OUI";"244000808";"";"";"";"2021-10-06";"144482";""
"40051";"3299";"PLUi/PLUiS";"CA";"2019-12-11 23:00:00+00:00";"2015-11-30 23:00:00+00:00";"39";"40";"75";"2021";"NON";"OUI";"244000808";"";"";"";"2021-10-06";"144482";""
"40053";"3499";"PLU";"CC";"2015-01-06 23:00:00+00:00";"2010-06-09 22:00:00+00:00";"39";"40";"75";"2021";"NON";"NON";"200035541";"";"";"";"2021-10-06";"49741";""
"40054";"1432";"CC";"CC";"2015-01-18 23:00:00+00:00";"2014-02-04 23:00:00+00:00";"13";"40";"75";"2021";"NON";"NON";"40054";"";"";"";"2021-10-06";"127079";""
"40055";"3299";"PLUi/PLUiS";"CA";"2019-12-11 23:00:00+00:00";"2015-11-30 23:00:00+00:00";"39";"40";"75";"2021";"NON";"OUI";"244000808";"";"";"";"2021-10-06";"144482";""
"40056";"3432";"PLU";"CC";"2014-06-22 22:00:00+00:00";"2009-03-08 23:00:00+00:00";"33";"40";"75";"2021";"NON";"NON";"200069656";"";"";"";"2021-10-06";"62352";""
"40057";"3299";"PLUi/PLUiS";"CC";"2020-01-19 23:00:00+00:00";"2014-12-08 23:00:00+00:00";"39";"40";"75";"2021";"NON";"OUI";"40057";"";"";"";"2021-10-06";"134565";""
"40058";"3499";"PLU";"CC";"2015-01-06 23:00:00+00:00";"2010-06-09 22:00:00+00:00";"39";"40";"75";"2021";"NON";"NON";"200035541";"";"";"";"2021-10-06";"50283";""
"40059";"3399";"PLUi/PLUiS";"CC";"2020-03-02 23:00:00+00:00";"2015-12-21 23:00:00+00:00";"39";"40";"75";"2021";"OUI";"NON";"200069417";"";"";"";"2021-10-06";"144593";""
"40060";"3432";"PLU";"CC";"2015-10-28 23:00:00+00:00";"2005-10-02 22:00:00+00:00";"33";"40";"75";"2021";"NON";"NON";"200069656";"";"";"";"2021-10-06";"49566";""
"40061";"3299";"PLUi/PLUiS";"CA";"2019-12-11 23:00:00+00:00";"2015-11-30 23:00:00+00:00";"39";"40";"75";"2021";"NON";"OUI";"244000808";"";"";"";"2021-10-06";"144482";""
"40062";"3299";"PLUi/PLUiS";"CA";"2019-12-11 23:00:00+00:00";"2015-11-30 23:00:00+00:00";"39";"40";"75";"2021";"NON";"OUI";"244000808";"";"";"";"2021-10-06";"144482";""
"40063";"3299";"PLUi/PLUiS";"CA";"2019-12-17 23:00:00+00:00";"2015-12-15 23:00:00+00:00";"39";"40";"75";"2021";"NON";"OUI";"244000675";"";"";"";"2021-10-06";"144474";""
"40064";"3432";"PLU";"CC";"2011-06-28 22:00:00+00:00";"2005-04-10 22:00:00+00:00";"33";"40";"75";"2021";"NON";"NON";"200069656";"";"";"";"2021-10-06";"49567";""
"40065";"3299";"PLUi/PLUiS";"CC";"2020-02-26 23:00:00+00:00";"2015-12-16 23:00:00+00:00";"39";"40";"75";"2021";"NON";"OUI";"244000865";"";"";"";"2021-10-06";"144801";""
"40066";"3299";"PLUi/PLUiS";"CC";"2019-11-20 23:00:00+00:00";"2015-06-17 22:00:00+00:00";"39";"40";"75";"2021";"NON";"OUI";"40066";"";"";"";"2021-10-06";"139842";""
"40067";"3299";"PLUi/PLUiS";"CC";"2019-11-20 23:00:00+00:00";"2015-06-17 22:00:00+00:00";"39";"40";"75";"2021";"NON";"OUI";"40067";"";"";"";"2021-10-06";"139842";""
"40068";"3399";"PLUi/PLUiS";"CC";"2021-07-07 22:00:00+00:00";"2015-12-01 23:00:00+00:00";"39";"40";"75";"2021";"OUI";"NON";"200069631";"";"";"";"2021-10-06";"144332";""
"40070";"3299";"PLUi/PLUiS";"CC";"2020-03-01 23:00:00+00:00";"2014-12-07 23:00:00+00:00";"39";"40";"75";"2021";"NON";"OUI";"244000824";"";"";"";"2021-10-06";"128635";""
"40071";"1432";"CC";"CC";"2011-12-06 23:00:00+00:00";"2010-09-01 22:00:00+00:00";"13";"40";"75";"2021";"NON";"NON";"40071";"";"";"";"2021-10-06";"92983";""
"40072";"3332";"PLUi/PLUiS";"CC";"2016-12-13 23:00:00+00:00";"2011-12-19 23:00:00+00:00";"33";"40";"75";"2021";"OUI";"NON";"200069649";"";"";"";"2021-10-06";"93701";""
"40075";"3432";"PLU";"CC";"2017-10-17 22:00:00+00:00";"2014-06-24 22:00:00+00:00";"33";"40";"75";"2021";"NON";"NON";"244000857";"";"";"";"2021-10-06";"131380";""
"40077";"3399";"PLUi/PLUiS";"CC";"2020-03-02 23:00:00+00:00";"2015-12-21 23:00:00+00:00";"39";"40";"75";"2021";"OUI";"NON";"200069417";"";"";"";"2021-10-06";"144593";""
"40078";"3399";"PLUi/PLUiS";"CC";"2021-07-07 22:00:00+00:00";"2015-10-01 22:00:00+00:00";"39";"40";"75";"2021";"OUI";"NON";"200069631";"";"";"";"2021-10-06";"142091";""
"40080";"3299";"PLUi/PLUiS";"CC";"2020-03-01 23:00:00+00:00";"2014-12-07 23:00:00+00:00";"39";"40";"75";"2021";"NON";"OUI";"244000824";"";"";"";"2021-10-06";"128635";""
"40081";"3432";"PLU";"CC";"2011-03-23 23:00:00+00:00";"2005-06-08 22:00:00+00:00";"33";"40";"75";"2021";"NON";"NON";"200069656";"";"";"";"2021-10-06";"49569";""
"40082";"3299";"PLUi/PLUiS";"CC";"2020-01-19 23:00:00+00:00";"2014-12-08 23:00:00+00:00";"39";"40";"75";"2021";"NON";"OUI";"40082";"";"";"";"2021-10-06";"134565";""
"40083";"3332";"PLUi/PLUiS";"CC";"2016-12-13 23:00:00+00:00";"2011-12-19 23:00:00+00:00";"33";"40";"75";"2021";"OUI";"NON";"200069649";"";"";"";"2021-10-06";"93701";""
"40084";"3399";"PLUi/PLUiS";"CC";"2021-07-07 22:00:00+00:00";"2015-12-01 23:00:00+00:00";"39";"40";"75";"2021";"OUI";"NON";"200069631";"";"";"";"2021-10-06";"144332";""
"40085";"3432";"PLU";"CC";"2017-11-30 23:00:00+00:00";"2012-05-30 22:00:00+00:00";"33";"40";"75";"2021";"NON";"NON";"200069656";"";"";"";"2021-10-06";"115941";""
"40086";"1432";"CC";"CC";"2007-05-21 22:00:00+00:00";"2004-06-30 22:00:00+00:00";"13";"40";"75";"2021";"NON";"NON";"200069649";"";"";"";"2021-10-06";"68114";""
"40087";"3499";"PLU";"CC";"2012-03-19 23:00:00+00:00";"2008-11-24 23:00:00+00:00";"39";"40";"75";"2021";"NON";"NON";"200035541";"";"";"";"2021-10-06";"49570";""
"40088";"3299";"PLUi/PLUiS";"CA";"2019-12-17 23:00:00+00:00";"2015-12-15 23:00:00+00:00";"39";"40";"75";"2021";"NON";"OUI";"244000675";"";"";"";"2021-10-06";"144474";""
"40089";"3399";"PLUi/PLUiS";"CC";"2021-07-07 22:00:00+00:00";"2015-10-01 22:00:00+00:00";"39";"40";"75";"2021";"OUI";"NON";"200069631";"";"";"";"2021-10-06";"142091";""
"40090";"1432";"CC";"CC";"2003-08-31 22:00:00+00:00";"2003-02-24 23:00:00+00:00";"13";"40";"75";"2021";"NON";"NON";"40090";"";"";"";"2021-10-06";"68115";""
"40091";"3299";"PLUi/PLUiS";"CC";"2020-01-19 23:00:00+00:00";"2014-12-08 23:00:00+00:00";"39";"40";"75";"2021";"NON";"OUI";"40091";"";"";"";"2021-10-06";"134565";""
"40093";"3499";"PLU";"CC";"2013-06-23 22:00:00+00:00";"2008-11-20 23:00:00+00:00";"39";"40";"75";"2021";"NON";"NON";"200035541";"";"";"";"2021-10-06";"130918";""
"40094";"3432";"PLU";"CC";"2013-12-17 23:00:00+00:00";"2006-08-10 22:00:00+00:00";"33";"40";"75";"2021";"NON";"NON";"200069656";"";"";"";"2021-10-06";"49572";""
"40095";"3399";"PLUi/PLUiS";"CC";"2020-03-02 23:00:00+00:00";"2015-12-14 23:00:00+00:00";"39";"40";"75";"2021";"OUI";"NON";"200069417";"";"";"";"2021-10-06";"144565";""
"40096";"3499";"PLU";"CC";"2012-03-19 23:00:00+00:00";"2008-11-24 23:00:00+00:00";"39";"40";"75";"2021";"NON";"NON";"200035541";"";"";"";"2021-10-06";"49573";""
"40097";"3299";"PLUi/PLUiS";"CC";"2020-01-19 23:00:00+00:00";"2014-12-08 23:00:00+00:00";"39";"40";"75";"2021";"NON";"OUI";"40097";"";"";"";"2021-10-06";"134565";""
"40101";"3399";"PLUi/PLUiS";"CC";"2020-03-02 23:00:00+00:00";"2015-12-14 23:00:00+00:00";"39";"40";"75";"2021";"OUI";"NON";"200069417";"";"";"";"2021-10-06";"144565";""
"40102";"3499";"PLU";"CC";"2016-10-10 22:00:00+00:00";"2008-02-20 23:00:00+00:00";"39";"40";"75";"2021";"NON";"NON";"200035541";"";"";"";"2021-10-06";"62359";""
"40103";"3299";"PLUi/PLUiS";"CA";"2019-12-11 23:00:00+00:00";"2015-11-30 23:00:00+00:00";"39";"40";"75";"2021";"NON";"OUI";"244000808";"";"";"";"2021-10-06";"144482";""
"40104";"3399";"PLUi/PLUiS";"CC";"2021-07-07 22:00:00+00:00";"2015-12-01 23:00:00+00:00";"39";"40";"75";"2021";"OUI";"NON";"200069631";"";"";"";"2021-10-06";"144332";""
"40105";"3432";"PLU";"CC";"2009-07-19 22:00:00+00:00";"2005-02-10 23:00:00+00:00";"33";"40";"75";"2021";"NON";"NON";"200069656";"";"";"";"2021-10-06";"52711";""
"40106";"3399";"PLUi/PLUiS";"CC";"2021-07-07 22:00:00+00:00";"2015-12-01 23:00:00+00:00";"39";"40";"75";"2021";"OUI";"NON";"200069631";"";"";"";"2021-10-06";"144332";""
"40108";"3199";"PLU";"COM";"2019-01-29 23:00:00+00:00";"2015-10-13 22:00:00+00:00";"39";"40";"75";"2021";"NON";"NON";"40108";"";"";"";"2021-10-06";"160452";""
"40109";"1432";"CC";"CC";"2005-05-02 22:00:00+00:00";"2004-04-06 22:00:00+00:00";"13";"40";"75";"2021";"NON";"NON";"40109";"";"";"";"2021-10-06";"68118";""
"40110";"3332";"PLUi/PLUiS";"CC";"2016-12-13 23:00:00+00:00";"2011-12-19 23:00:00+00:00";"33";"40";"75";"2021";"OUI";"NON";"200069649";"";"";"";"2021-10-06";"93701";""
"40111";"3299";"PLUi/PLUiS";"CA";"2019-12-11 23:00:00+00:00";"2015-11-30 23:00:00+00:00";"39";"40";"75";"2021";"NON";"OUI";"244000808";"";"";"";"2021-10-06";"144482";""
"40112";"3399";"PLUi/PLUiS";"CC";"2021-07-07 22:00:00+00:00";"2015-12-01 23:00:00+00:00";"39";"40";"75";"2021";"OUI";"NON";"200069631";"";"";"";"2021-10-06";"144332";""
"40113";"3399";"PLUi/PLUiS";"CC";"2021-07-07 22:00:00+00:00";"2015-12-01 23:00:00+00:00";"39";"40";"75";"2021";"OUI";"NON";"200069631";"";"";"";"2021-10-06";"144332";""
"40114";"3299";"PLUi/PLUiS";"CA";"2019-12-17 23:00:00+00:00";"2015-12-15 23:00:00+00:00";"39";"40";"75";"2021";"NON";"OUI";"244000675";"";"";"";"2021-10-06";"144474";""
"40115";"3399";"PLUi/PLUiS";"CC";"2021-07-07 22:00:00+00:00";"2015-12-01 23:00:00+00:00";"39";"40";"75";"2021";"OUI";"NON";"200069631";"";"";"";"2021-10-06";"144332";""
"40116";"3299";"PLUi/PLUiS";"CC";"2019-11-20 23:00:00+00:00";"2015-06-17 22:00:00+00:00";"39";"40";"75";"2021";"NON";"OUI";"40116";"";"";"";"2021-10-06";"139842";""
"40117";"3299";"PLUi/PLUiS";"CC";"2020-03-01 23:00:00+00:00";"2014-12-07 23:00:00+00:00";"39";"40";"75";"2021";"NON";"OUI";"244000824";"";"";"";"2021-10-06";"128635";""
"40118";"3399";"PLUi/PLUiS";"CC";"2020-03-02 23:00:00+00:00";"2015-12-14 23:00:00+00:00";"39";"40";"75";"2021";"OUI";"NON";"200069417";"";"";"";"2021-10-06";"144565";""
"40119";"3432";"PLU";"CC";"2013-03-07 23:00:00+00:00";"2003-02-27 23:00:00+00:00";"33";"40";"75";"2021";"NON";"NON";"200069649";"";"";"";"2021-10-06";"63942";""
"40120";"3399";"PLUi/PLUiS";"CC";"2020-03-02 23:00:00+00:00";"2015-12-21 23:00:00+00:00";"39";"40";"75";"2021";"OUI";"NON";"200069417";"";"";"";"2021-10-06";"144593";""
"40121";"3399";"PLUi/PLUiS";"CC";"2021-07-07 22:00:00+00:00";"2015-10-01 22:00:00+00:00";"39";"40";"75";"2021";"OUI";"NON";"200069631";"";"";"";"2021-10-06";"142091";""
"40122";"3432";"PLU";"CC";"2019-10-09 22:00:00+00:00";"2016-01-20 23:00:00+00:00";"33";"40";"75";"2021";"NON";"NON";"200069649";"";"";"";"2021-10-06";"146692";""
"40123";"3299";"PLUi/PLUiS";"CA";"2019-12-17 23:00:00+00:00";"2015-12-15 23:00:00+00:00";"39";"40";"75";"2021";"NON";"OUI";"244000675";"";"";"";"2021-10-06";"144474";""
"40124";"3499";"PLU";"CC";"2012-12-10 23:00:00+00:00";"2008-11-24 23:00:00+00:00";"39";"40";"75";"2021";"NON";"NON";"200035541";"";"";"";"2021-10-06";"49574";""
"40125";"3299";"PLUi/PLUiS";"CA";"2019-12-17 23:00:00+00:00";"2015-12-15 23:00:00+00:00";"39";"40";"75";"2021";"NON";"OUI";"244000675";"";"";"";"2021-10-06";"144474";""
"40126";"3399";"PLUi/PLUiS";"CC";"2021-07-07 22:00:00+00:00";"2015-12-01 23:00:00+00:00";"39";"40";"75";"2021";"OUI";"NON";"200069631";"";"";"";"2021-10-06";"144332";""
"40127";"1499";"CC";"CC";"2018-04-05 22:00:00+00:00";"2012-06-07 22:00:00+00:00";"19";"40";"75";"2021";"NON";"NON";"40127";"";"";"";"2021-10-06";"127085";""
"40128";"1432";"CC";"CC";"2013-03-27 23:00:00+00:00";"2010-11-23 23:00:00+00:00";"13";"40";"75";"2021";"NON";"NON";"200069649";"";"";"";"2021-10-06";"92987";""
"40129";"3299";"PLUi/PLUiS";"CC";"2020-02-26 23:00:00+00:00";"2015-12-16 23:00:00+00:00";"39";"40";"75";"2021";"NON";"OUI";"244000865";"";"";"";"2021-10-06";"144801";""
"40131";"1414";"CC";"CC";"2005-07-19 22:00:00+00:00";"2005-02-23 23:00:00+00:00";"11";"40";"75";"2021";"NON";"NON";"200035541";"";"";"";"2021-10-06";"69386";""
"40132";"3399";"PLUi/PLUiS";"CC";"2020-03-02 23:00:00+00:00";"2015-12-21 23:00:00+00:00";"39";"40";"75";"2021";"OUI";"NON";"200069417";"";"";"";"2021-10-06";"144593";""
"40133";"3299";"PLUi/PLUiS";"CC";"2020-02-26 23:00:00+00:00";"2015-12-16 23:00:00+00:00";"39";"40";"75";"2021";"NON";"OUI";"244000865";"";"";"";"2021-10-06";"144801";""
"40134";"3432";"PLU";"CC";"2017-11-30 23:00:00+00:00";"2011-04-28 22:00:00+00:00";"33";"40";"75";"2021";"NON";"NON";"200069656";"";"";"";"2021-10-06";"93792";""
"40135";"3432";"PLU";"CC";"2009-03-19 23:00:00+00:00";"2005-03-30 22:00:00+00:00";"33";"40";"75";"2021";"NON";"NON";"200069656";"";"";"";"2021-10-06";"52724";""
"40136";"3332";"PLUi/PLUiS";"CC";"2016-12-13 23:00:00+00:00";"2011-12-19 23:00:00+00:00";"33";"40";"75";"2021";"OUI";"NON";"200069649";"";"";"";"2021-10-06";"93701";""
"40137";"3434";"PLU";"CC";"2013-02-14 23:00:00+00:00";"2007-09-20 22:00:00+00:00";"33";"40";"75";"2021";"NON";"NON";"40137";"";"";"";"2021-10-06";"49575";""
"40139";"3299";"PLUi/PLUiS";"CA";"2019-12-11 23:00:00+00:00";"2015-11-30 23:00:00+00:00";"39";"40";"75";"2021";"NON";"OUI";"244000808";"";"";"";"2021-10-06";"144482";""
"40140";"3499";"PLU";"CC";"2013-06-23 22:00:00+00:00";"2008-11-24 23:00:00+00:00";"39";"40";"75";"2021";"NON";"NON";"200035541";"";"";"";"2021-10-06";"49576";""
"40141";"3399";"PLUi/PLUiS";"CC";"2021-07-07 22:00:00+00:00";"2015-10-01 22:00:00+00:00";"39";"40";"75";"2021";"OUI";"NON";"200069631";"";"";"";"2021-10-06";"142091";""
"40142";"3299";"PLUi/PLUiS";"CC";"2019-11-20 23:00:00+00:00";"2015-06-17 22:00:00+00:00";"39";"40";"75";"2021";"NON";"OUI";"40142";"";"";"";"2021-10-06";"139842";""
"40143";"3299";"PLUi/PLUiS";"CC";"2019-11-20 23:00:00+00:00";"2015-06-17 22:00:00+00:00";"39";"40";"75";"2021";"NON";"OUI";"40143";"";"";"";"2021-10-06";"139842";""
"40144";"3399";"PLUi/PLUiS";"CC";"2021-07-07 22:00:00+00:00";"2015-10-01 22:00:00+00:00";"39";"40";"75";"2021";"OUI";"NON";"200069631";"";"";"";"2021-10-06";"142091";""
"40145";"3299";"PLUi/PLUiS";"CC";"2020-03-01 23:00:00+00:00";"2014-12-07 23:00:00+00:00";"39";"40";"75";"2021";"NON";"OUI";"244000824";"";"";"";"2021-10-06";"128635";""
"40146";"3299";"PLUi/PLUiS";"CC";"2020-01-19 23:00:00+00:00";"2014-12-08 23:00:00+00:00";"39";"40";"75";"2021";"NON";"OUI";"40146";"";"";"";"2021-10-06";"134565";""
"40147";"3399";"PLUi/PLUiS";"CC";"2021-07-07 22:00:00+00:00";"2015-10-01 22:00:00+00:00";"39";"40";"75";"2021";"OUI";"NON";"200069631";"";"";"";"2021-10-06";"142091";""
"40148";"3332";"PLUi/PLUiS";"CC";"2016-12-13 23:00:00+00:00";"2011-12-19 23:00:00+00:00";"33";"40";"75";"2021";"OUI";"NON";"200069649";"";"";"";"2021-10-06";"93701";""
"40149";"3499";"PLU";"CC";"2015-01-06 23:00:00+00:00";"2010-06-09 22:00:00+00:00";"39";"40";"75";"2021";"NON";"NON";"200035541";"";"";"";"2021-10-06";"50284";""
"40150";"3432";"PLU";"CC";"2018-07-11 22:00:00+00:00";"2009-07-20 22:00:00+00:00";"33";"40";"75";"2021";"NON";"NON";"244000857";"";"";"";"2021-10-06";"62373";""
"40151";"3299";"PLUi/PLUiS";"CC";"2019-11-20 23:00:00+00:00";"2015-06-17 22:00:00+00:00";"39";"40";"75";"2021";"NON";"OUI";"40151";"";"";"";"2021-10-06";"139842";""
"40152";"3432";"PLU";"CC";"2012-09-05 22:00:00+00:00";"2009-11-30 23:00:00+00:00";"33";"40";"75";"2021";"NON";"NON";"40152";"";"";"";"2021-10-06";"93870";""
"40153";"3299";"PLUi/PLUiS";"CC";"2019-11-20 23:00:00+00:00";"2015-06-17 22:00:00+00:00";"39";"40";"75";"2021";"NON";"OUI";"40153";"";"";"";"2021-10-06";"139842";""
"40154";"3432";"PLU";"CC";"2019-12-08 23:00:00+00:00";"2015-09-27 22:00:00+00:00";"33";"40";"75";"2021";"NON";"NON";"244000857";"";"";"";"2021-10-06";"141568";""
"40155";"3432";"PLU";"CC";"2014-12-16 23:00:00+00:00";"2011-03-07 23:00:00+00:00";"33";"40";"75";"2021";"NON";"NON";"244000857";"";"";"";"2021-10-06";"94015";""
"40157";"3432";"PLU";"CC";"2013-08-28 22:00:00+00:00";"2008-04-07 22:00:00+00:00";"33";"40";"75";"2021";"NON";"NON";"244000857";"";"";"";"2021-10-06";"62363";""
"40158";"3499";"PLU";"CC";"2013-06-23 22:00:00+00:00";"2008-11-24 23:00:00+00:00";"39";"40";"75";"2021";"NON";"NON";"200035541";"";"";"";"2021-10-06";"49577";""
"40159";"3399";"PLUi/PLUiS";"CC";"2021-07-07 22:00:00+00:00";"2015-12-01 23:00:00+00:00";"39";"40";"75";"2021";"OUI";"NON";"200069631";"";"";"";"2021-10-06";"144332";""
"40160";"3399";"PLUi/PLUiS";"CC";"2021-07-07 22:00:00+00:00";"2015-12-01 23:00:00+00:00";"39";"40";"75";"2021";"OUI";"NON";"200069631";"";"";"";"2021-10-06";"144332";""
"40161";"3499";"PLU";"CC";"2013-06-23 22:00:00+00:00";"2010-02-15 23:00:00+00:00";"39";"40";"75";"2021";"NON";"NON";"200035541";"";"";"";"2021-10-06";"50285";""
"40162";"3299";"PLUi/PLUiS";"CA";"2019-12-11 23:00:00+00:00";"2015-11-30 23:00:00+00:00";"39";"40";"75";"2021";"NON";"OUI";"244000808";"";"";"";"2021-10-06";"144482";""
"40163";"3131";"PLU";"COM";"2011-09-28 22:00:00+00:00";"2009-03-08 23:00:00+00:00";"33";"40";"75";"2021";"NON";"NON";"40163";"";"";"";"2021-10-06";"62362";""
"40166";"3299";"PLUi/PLUiS";"CC";"2020-03-01 23:00:00+00:00";"2014-12-07 23:00:00+00:00";"39";"40";"75";"2021";"NON";"OUI";"244000824";"";"";"";"2021-10-06";"128635";""
"40167";"3432";"PLU";"CC";"2011-03-27 22:00:00+00:00";"2005-10-11 22:00:00+00:00";"33";"40";"75";"2021";"NON";"NON";"200069656";"";"";"";"2021-10-06";"49578";""
"40168";"3299";"PLUi/PLUiS";"CC";"2020-02-26 23:00:00+00:00";"2015-12-16 23:00:00+00:00";"39";"40";"75";"2021";"NON";"OUI";"244000865";"";"";"";"2021-10-06";"144801";""
"40169";"3499";"PLU";"CC";"2015-01-06 23:00:00+00:00";"2010-06-09 22:00:00+00:00";"39";"40";"75";"2021";"NON";"NON";"200035541";"";"";"";"2021-10-06";"50286";""
"40170";"3432";"PLU";"CC";"2013-06-13 22:00:00+00:00";"2005-11-16 23:00:00+00:00";"33";"40";"75";"2021";"NON";"NON";"200069656";"";"";"";"2021-10-06";"49579";""
"40171";"1432";"CC";"CC";"2010-02-25 23:00:00+00:00";"2006-03-06 23:00:00+00:00";"13";"40";"75";"2021";"NON";"NON";"200069656";"";"";"";"2021-10-06";"69468";""
"40172";"1432";"CC";"CC";"2012-10-29 23:00:00+00:00";"2008-01-27 23:00:00+00:00";"13";"40";"75";"2021";"NON";"NON";"200069649";"";"";"";"2021-10-06";"66154";""
"40174";"3332";"PLUi/PLUiS";"CC";"2016-12-13 23:00:00+00:00";"2011-12-19 23:00:00+00:00";"33";"40";"75";"2021";"OUI";"NON";"200069649";"";"";"";"2021-10-06";"93701";""
"40175";"3299";"PLUi/PLUiS";"CC";"2020-03-01 23:00:00+00:00";"2014-12-07 23:00:00+00:00";"39";"40";"75";"2021";"NON";"OUI";"244000824";"";"";"";"2021-10-06";"128635";""
"40176";"3499";"PLU";"CC";"2012-03-19 23:00:00+00:00";"2008-11-24 23:00:00+00:00";"39";"40";"75";"2021";"NON";"NON";"200035541";"";"";"";"2021-10-06";"49580";""
"40177";"3399";"PLUi/PLUiS";"CC";"2021-07-07 22:00:00+00:00";"2015-10-01 22:00:00+00:00";"39";"40";"75";"2021";"OUI";"NON";"200069631";"";"";"";"2021-10-06";"142091";""
"40178";"3299";"PLUi/PLUiS";"CA";"2019-12-11 23:00:00+00:00";"2015-11-30 23:00:00+00:00";"39";"40";"75";"2021";"NON";"OUI";"244000808";"";"";"";"2021-10-06";"144482";""
"40179";"3299";"PLUi/PLUiS";"CA";"2019-12-17 23:00:00+00:00";"2015-12-15 23:00:00+00:00";"39";"40";"75";"2021";"NON";"OUI";"244000675";"";"";"";"2021-10-06";"144474";""
"40180";"3299";"PLUi/PLUiS";"CC";"2019-11-20 23:00:00+00:00";"2015-06-17 22:00:00+00:00";"39";"40";"75";"2021";"NON";"OUI";"40180";"";"";"";"2021-10-06";"139842";""
"40181";"3299";"PLUi/PLUiS";"CC";"2020-02-26 23:00:00+00:00";"2015-12-16 23:00:00+00:00";"39";"40";"75";"2021";"NON";"OUI";"244000865";"";"";"";"2021-10-06";"144801";""
"40182";"3131";"PLU";"COM";"2010-08-16 22:00:00+00:00";"2003-10-09 22:00:00+00:00";"33";"40";"75";"2021";"NON";"NON";"40182";"";"";"";"2021-10-06";"52726";""
"40183";"3399";"PLUi/PLUiS";"CC";"2020-03-02 23:00:00+00:00";"2015-12-14 23:00:00+00:00";"39";"40";"75";"2021";"OUI";"NON";"200069417";"";"";"";"2021-10-06";"144565";""
"40184";"3199";"PLU";"COM";"2018-12-12 23:00:00+00:00";"2010-07-14 22:00:00+00:00";"39";"40";"75";"2021";"NON";"NON";"40184";"";"";"";"2021-10-06";"64498";""
"40185";"3332";"PLUi/PLUiS";"CC";"2016-12-13 23:00:00+00:00";"2011-12-19 23:00:00+00:00";"33";"40";"75";"2021";"OUI";"NON";"200069649";"";"";"";"2021-10-06";"93701";""
"40186";"3399";"PLUi/PLUiS";"CC";"2020-03-02 23:00:00+00:00";"2015-12-14 23:00:00+00:00";"39";"40";"75";"2021";"OUI";"NON";"200069417";"";"";"";"2021-10-06";"144565";""
"40187";"3299";"PLUi/PLUiS";"CC";"2020-02-26 23:00:00+00:00";"2015-12-16 23:00:00+00:00";"39";"40";"75";"2021";"NON";"OUI";"244000865";"";"";"";"2021-10-06";"144801";""
"40188";"1432";"CC";"CC";"2004-02-04 23:00:00+00:00";"2003-06-04 22:00:00+00:00";"13";"40";"75";"2021";"NON";"NON";"200069649";"";"";"";"2021-10-06";"68128";""
"40190";"1432";"CC";"CC";"2014-01-29 23:00:00+00:00";"2013-04-09 22:00:00+00:00";"13";"40";"75";"2021";"NON";"NON";"200069649";"";"";"";"2021-10-06";"127088";""
"40191";"1432";"CC";"CC";"2013-03-24 23:00:00+00:00";"2012-07-11 22:00:00+00:00";"13";"40";"75";"2021";"NON";"NON";"200069649";"";"";"";"2021-10-06";"127089";""
"40192";"3299";"PLUi/PLUiS";"CA";"2019-12-11 23:00:00+00:00";"2015-11-30 23:00:00+00:00";"39";"40";"75";"2021";"NON";"OUI";"244000808";"";"";"";"2021-10-06";"144482";""
"40194";"3399";"PLUi/PLUiS";"CC";"2021-07-07 22:00:00+00:00";"2015-12-01 23:00:00+00:00";"39";"40";"75";"2021";"OUI";"NON";"40194";"";"";"";"2021-10-06";"144332";""
"40195";"1432";"CC";"CC";"2013-04-08 22:00:00+00:00";"2011-03-21 23:00:00+00:00";"13";"40";"75";"2021";"NON";"NON";"200069649";"";"";"";"2021-10-06";"93316";""
"40196";"1432";"CC";"CC";"2006-07-23 22:00:00+00:00";"2005-12-14 23:00:00+00:00";"13";"40";"75";"2021";"NON";"NON";"200069649";"";"";"";"2021-10-06";"68131";""
"40197";"3432";"PLU";"CC";"2011-12-14 23:00:00+00:00";"2010-04-14 22:00:00+00:00";"33";"40";"75";"2021";"NON";"NON";"40197";"";"";"";"2021-10-06";"58704";""
"40199";"3399";"PLUi/PLUiS";"CC";"2020-03-02 23:00:00+00:00";"2015-12-14 23:00:00+00:00";"39";"40";"75";"2021";"OUI";"NON";"200069417";"";"";"";"2021-10-06";"144565";""
"40200";"3432";"PLU";"CC";"2007-02-05 23:00:00+00:00";"2002-09-25 22:00:00+00:00";"33";"40";"75";"2021";"NON";"NON";"200069656";"";"";"";"2021-10-06";"52735";""
"40201";"3399";"PLUi/PLUiS";"CC";"2021-07-07 22:00:00+00:00";"2015-10-01 22:00:00+00:00";"39";"40";"75";"2021";"OUI";"NON";"40201";"";"";"";"2021-10-06";"142091";""
"40202";"3299";"PLUi/PLUiS";"CA";"2019-12-17 23:00:00+00:00";"2015-12-15 23:00:00+00:00";"39";"40";"75";"2021";"NON";"OUI";"244000675";"";"";"";"2021-10-06";"144474";""
"40204";"3399";"PLUi/PLUiS";"CC";"2021-07-07 22:00:00+00:00";"2015-10-01 22:00:00+00:00";"39";"40";"75";"2021";"OUI";"NON";"200069631";"";"";"";"2021-10-06";"142091";""
"40205";"3399";"PLUi/PLUiS";"CC";"2021-07-07 22:00:00+00:00";"2015-12-01 23:00:00+00:00";"39";"40";"75";"2021";"OUI";"NON";"200069631";"";"";"";"2021-10-06";"144332";""
"40206";"3399";"PLUi/PLUiS";"CC";"2020-03-02 23:00:00+00:00";"2015-12-21 23:00:00+00:00";"39";"40";"75";"2021";"OUI";"NON";"200069417";"";"";"";"2021-10-06";"144593";""
"40207";"3299";"PLUi/PLUiS";"CA";"2019-12-17 23:00:00+00:00";"2015-12-15 23:00:00+00:00";"39";"40";"75";"2021";"NON";"OUI";"244000675";"";"";"";"2021-10-06";"144474";""
"40208";"3399";"PLUi/PLUiS";"CC";"2021-07-07 22:00:00+00:00";"2015-12-01 23:00:00+00:00";"39";"40";"75";"2021";"OUI";"NON";"200069631";"";"";"";"2021-10-06";"144332";""
"40209";"3432";"PLU";"CC";"2006-01-24 23:00:00+00:00";"2002-02-26 23:00:00+00:00";"33";"40";"75";"2021";"NON";"NON";"244000659";"";"";"";"2021-10-06";"52729";""
"40210";"3432";"PLU";"CC";"2008-07-03 22:00:00+00:00";"2004-03-25 23:00:00+00:00";"33";"40";"75";"2021";"NON";"NON";"40210";"";"";"";"2021-10-06";"52730";""
"40211";"3399";"PLUi/PLUiS";"CC";"2020-03-02 23:00:00+00:00";"2015-12-21 23:00:00+00:00";"39";"40";"75";"2021";"OUI";"NON";"200069417";"";"";"";"2021-10-06";"144593";""
"40212";"3399";"PLUi/PLUiS";"CC";"2020-03-02 23:00:00+00:00";"2015-12-21 23:00:00+00:00";"39";"40";"75";"2021";"OUI";"NON";"200069417";"";"";"";"2021-10-06";"144593";""
"40213";"3299";"PLUi/PLUiS";"CC";"2020-02-26 23:00:00+00:00";"2015-12-16 23:00:00+00:00";"39";"40";"75";"2021";"NON";"OUI";"244000865";"";"";"";"2021-10-06";"144801";""
"40214";"3399";"PLUi/PLUiS";"CC";"2020-03-02 23:00:00+00:00";"2015-12-14 23:00:00+00:00";"39";"40";"75";"2021";"OUI";"NON";"200069417";"";"";"";"2021-10-06";"144565";""
"40215";"3432";"PLU";"CC";"2004-12-12 23:00:00+00:00";"2002-01-24 23:00:00+00:00";"33";"40";"75";"2021";"NON";"NON";"40215";"";"";"";"2021-10-06";"52738";""
"40216";"3399";"PLUi/PLUiS";"CC";"2021-07-07 22:00:00+00:00";"2015-12-01 23:00:00+00:00";"39";"40";"75";"2021";"OUI";"NON";"200069631";"";"";"";"2021-10-06";"144332";""
"40217";"3199";"PLU";"COM";"2013-11-12 23:00:00+00:00";"2010-02-15 23:00:00+00:00";"39";"40";"75";"2021";"NON";"NON";"40217";"";"";"";"2021-10-06";"63896";""
"40218";"3499";"PLU";"CC";"2016-02-22 23:00:00+00:00";"2008-11-24 23:00:00+00:00";"39";"40";"75";"2021";"NON";"NON";"200035541";"";"";"";"2021-10-06";"62376";""
"40219";"3332";"PLUi/PLUiS";"CC";"2016-12-13 23:00:00+00:00";"2011-12-19 23:00:00+00:00";"33";"40";"75";"2021";"OUI";"NON";"200069649";"";"";"";"2021-10-06";"93701";""
"40220";"3332";"PLUi/PLUiS";"CC";"2016-12-13 23:00:00+00:00";"2011-12-19 23:00:00+00:00";"33";"40";"75";"2021";"OUI";"NON";"200069649";"";"";"";"2021-10-06";"93701";""
"40222";"3399";"PLUi/PLUiS";"CC";"2020-03-02 23:00:00+00:00";"2015-12-21 23:00:00+00:00";"39";"40";"75";"2021";"OUI";"NON";"200069417";"";"";"";"2021-10-06";"144593";""
"40223";"1432";"CC";"CC";"2006-04-18 22:00:00+00:00";"2005-09-05 22:00:00+00:00";"13";"40";"75";"2021";"NON";"NON";"200069649";"";"";"";"2021-10-06";"68135";""
"40224";"3399";"PLUi/PLUiS";"CC";"2020-03-02 23:00:00+00:00";"2015-12-21 23:00:00+00:00";"39";"40";"75";"2021";"OUI";"NON";"200069417";"";"";"";"2021-10-06";"144593";""
"40225";"3332";"PLUi/PLUiS";"CC";"2016-12-13 23:00:00+00:00";"2011-12-19 23:00:00+00:00";"33";"40";"75";"2021";"OUI";"NON";"200069649";"";"";"";"2021-10-06";"93701";""
"40226";"3332";"PLUi/PLUiS";"CC";"2016-12-13 23:00:00+00:00";"2011-12-19 23:00:00+00:00";"33";"40";"75";"2021";"OUI";"NON";"200069649";"";"";"";"2021-10-06";"93701";""
"40227";"3432";"PLU";"CC";"2021-07-21 22:00:00+00:00";"2016-11-14 23:00:00+00:00";"33";"40";"75";"2021";"NON";"NON";"200069656";"";"";"";"2021-10-06";"152742";""
"40228";"3432";"PLU";"CC";"2009-05-04 22:00:00+00:00";"2003-06-02 22:00:00+00:00";"33";"40";"75";"2021";"NON";"NON";"40228";"";"";"";"2021-10-06";"52739";""
"40229";"3199";"PLU";"COM";"2019-09-26 22:00:00+00:00";"2015-05-04 22:00:00+00:00";"39";"40";"75";"2021";"NON";"NON";"40229";"";"";"";"2021-10-06";"139094";""
"40230";"3299";"PLUi/PLUiS";"CC";"2019-11-20 23:00:00+00:00";"2015-06-17 22:00:00+00:00";"39";"40";"75";"2021";"NON";"OUI";"40230";"";"";"";"2021-10-06";"139842";""
"40231";"3399";"PLUi/PLUiS";"CC";"2020-03-02 23:00:00+00:00";"2015-12-21 23:00:00+00:00";"39";"40";"75";"2021";"OUI";"NON";"200069417";"";"";"";"2021-10-06";"144593";""
"40233";"3399";"PLUi/PLUiS";"CC";"2020-03-02 23:00:00+00:00";"2015-12-14 23:00:00+00:00";"39";"40";"75";"2021";"OUI";"NON";"200069417";"";"";"";"2021-10-06";"144565";""
"40234";"3299";"PLUi/PLUiS";"CA";"2019-12-11 23:00:00+00:00";"2015-11-30 23:00:00+00:00";"39";"40";"75";"2021";"NON";"OUI";"244000808";"";"";"";"2021-10-06";"144482";""
"40235";"3399";"PLUi/PLUiS";"CC";"2021-07-07 22:00:00+00:00";"2015-12-01 23:00:00+00:00";"39";"40";"75";"2021";"OUI";"NON";"200069631";"";"";"";"2021-10-06";"144332";""
"40236";"3399";"PLUi/PLUiS";"CC";"2021-07-07 22:00:00+00:00";"2015-12-01 23:00:00+00:00";"39";"40";"75";"2021";"OUI";"NON";"200069631";"";"";"";"2021-10-06";"144332";""
"40237";"3399";"PLUi/PLUiS";"CC";"2021-07-07 22:00:00+00:00";"2015-12-01 23:00:00+00:00";"39";"40";"75";"2021";"OUI";"NON";"200069631";"";"";"";"2021-10-06";"144332";""
"40238";"1499";"CC";"CC";"2010-04-26 22:00:00+00:00";"2006-11-19 23:00:00+00:00";"19";"40";"75";"2021";"NON";"NON";"40238";"";"";"";"2021-10-06";"69377";""
"40239";"3332";"PLUi/PLUiS";"CC";"2016-12-13 23:00:00+00:00";"2011-12-19 23:00:00+00:00";"33";"40";"75";"2021";"OUI";"NON";"200069649";"";"";"";"2021-10-06";"93701";""
"40240";"3299";"PLUi/PLUiS";"CC";"2020-01-19 23:00:00+00:00";"2014-12-08 23:00:00+00:00";"39";"40";"75";"2021";"NON";"OUI";"40240";"";"";"";"2021-10-06";"134565";""
"40242";"3499";"PLU";"CC";"2013-06-23 22:00:00+00:00";"2008-11-24 23:00:00+00:00";"39";"40";"75";"2021";"NON";"NON";"200035541";"";"";"";"2021-10-06";"49583";""
"40243";"3299";"PLUi/PLUiS";"CC";"2019-11-20 23:00:00+00:00";"2015-06-17 22:00:00+00:00";"39";"40";"75";"2021";"NON";"OUI";"40243";"";"";"";"2021-10-06";"139842";""
"40244";"3299";"PLUi/PLUiS";"CA";"2019-12-17 23:00:00+00:00";"2015-12-15 23:00:00+00:00";"39";"40";"75";"2021";"NON";"OUI";"244000675";"";"";"";"2021-10-06";"144474";""
"40245";"3399";"PLUi/PLUiS";"CC";"2008-02-26 23:00:00+00:00";"2003-01-02 23:00:00+00:00";"39";"40";"75";"2021";"OUI";"NON";"200035541";"";"";"";"2021-10-06";"131376";""
"40246";"3432";"PLU";"CC";"2016-05-18 22:00:00+00:00";"2010-02-24 23:00:00+00:00";"33";"40";"75";"2021";"NON";"NON";"200069656";"";"";"";"2021-10-06";"61565";""
"40247";"3299";"PLUi/PLUiS";"CC";"2020-01-19 23:00:00+00:00";"2014-12-08 23:00:00+00:00";"39";"40";"75";"2021";"NON";"OUI";"40247";"";"";"";"2021-10-06";"134565";""
"40248";"3432";"PLU";"CC";"2011-07-19 22:00:00+00:00";"2007-01-23 23:00:00+00:00";"33";"40";"75";"2021";"NON";"NON";"244000659";"";"";"";"2021-10-06";"94716";""
"40249";"3399";"PLUi/PLUiS";"CC";"2021-07-07 22:00:00+00:00";"2015-10-01 22:00:00+00:00";"39";"40";"75";"2021";"OUI";"NON";"200069631";"";"";"";"2021-10-06";"142091";""
"40250";"3299";"PLUi/PLUiS";"CA";"2019-12-11 23:00:00+00:00";"2015-11-30 23:00:00+00:00";"39";"40";"75";"2021";"NON";"OUI";"244000808";"";"";"";"2021-10-06";"144482";""
"40251";"3432";"PLU";"CC";"2011-07-19 22:00:00+00:00";"2003-10-27 23:00:00+00:00";"33";"40";"75";"2021";"NON";"NON";"244000659";"";"";"";"2021-10-06";"49584";""
"40252";"1432";"CC";"CC";"2004-07-25 22:00:00+00:00";"2004-01-12 23:00:00+00:00";"13";"40";"75";"2021";"NON";"NON";"200069649";"";"";"";"2021-10-06";"68140";""
"40253";"1432";"CC";"CC";"2006-05-22 22:00:00+00:00";"2005-06-19 22:00:00+00:00";"13";"40";"75";"2021";"NON";"NON";"200069649";"";"";"";"2021-10-06";"68141";""
"40254";"3399";"PLUi/PLUiS";"CC";"2020-03-02 23:00:00+00:00";"2015-12-21 23:00:00+00:00";"39";"40";"75";"2021";"OUI";"NON";"200069417";"";"";"";"2021-10-06";"144593";""
"40255";"1499";"CC";"CC";"2016-12-11 23:00:00+00:00";"2010-10-17 22:00:00+00:00";"19";"40";"75";"2021";"NON";"NON";"40255";"";"";"";"2021-10-06";"93331";""
"40256";"3399";"PLUi/PLUiS";"CC";"2020-03-02 23:00:00+00:00";"2015-12-21 23:00:00+00:00";"39";"40";"75";"2021";"OUI";"NON";"200069417";"";"";"";"2021-10-06";"144593";""
"40257";"3199";"PLU";"COM";"2011-09-06 22:00:00+00:00";"2003-07-22 22:00:00+00:00";"39";"40";"75";"2021";"NON";"NON";"40257";"";"";"";"2021-10-06";"63944";""
"40258";"1499";"CC";"CC";"2006-10-19 22:00:00+00:00";"2006-05-03 22:00:00+00:00";"19";"40";"75";"2021";"NON";"NON";"40258";"";"";"";"2021-10-06";"68145";""
"40259";"1499";"CC";"CC";"2014-03-23 23:00:00+00:00";"2006-12-10 23:00:00+00:00";"19";"40";"75";"2021";"NON";"NON";"40259";"";"";"";"2021-10-06";"66159";""
"40260";"3399";"PLUi/PLUiS";"CC";"2021-07-07 22:00:00+00:00";"2015-12-01 23:00:00+00:00";"39";"40";"75";"2021";"OUI";"NON";"200069631";"";"";"";"2021-10-06";"144332";""
"40261";"3299";"PLUi/PLUiS";"CC";"2020-02-26 23:00:00+00:00";"2015-12-16 23:00:00+00:00";"39";"40";"75";"2021";"NON";"OUI";"244000865";"";"";"";"2021-10-06";"144801";""
"40262";"1499";"CC";"CC";"2012-01-05 23:00:00+00:00";"2010-02-01 23:00:00+00:00";"19";"40";"75";"2021";"NON";"NON";"200035541";"";"";"";"2021-10-06";"93337";""
"40263";"3399";"PLUi/PLUiS";"CC";"2021-07-07 22:00:00+00:00";"2015-12-01 23:00:00+00:00";"39";"40";"75";"2021";"OUI";"NON";"200069631";"";"";"";"2021-10-06";"144332";""
"40264";"3299";"PLUi/PLUiS";"CC";"2020-02-26 23:00:00+00:00";"2015-12-16 23:00:00+00:00";"39";"40";"75";"2021";"NON";"OUI";"244000865";"";"";"";"2021-10-06";"144801";""
"40265";"3499";"PLU";"CC";"2012-12-10 23:00:00+00:00";"2008-02-20 23:00:00+00:00";"39";"40";"75";"2021";"NON";"NON";"200035541";"";"";"";"2021-10-06";"49585";""
"40266";"3432";"PLU";"CC";"2015-10-13 22:00:00+00:00";"2011-09-13 22:00:00+00:00";"33";"40";"75";"2021";"NON";"NON";"244000857";"";"";"";"2021-10-06";"94554";""
"40267";"3499";"PLU";"CC";"2009-10-06 22:00:00+00:00";"2005-11-16 23:00:00+00:00";"39";"40";"75";"2021";"NON";"NON";"200035541";"";"";"";"2021-10-06";"52745";""
"40268";"3432";"PLU";"CC";"2011-07-19 22:00:00+00:00";"2002-03-26 23:00:00+00:00";"33";"40";"75";"2021";"NON";"NON";"244000659";"";"";"";"2021-10-06";"49586";""
"40269";"3399";"PLUi/PLUiS";"CC";"2020-03-02 23:00:00+00:00";"2015-12-21 23:00:00+00:00";"39";"40";"75";"2021";"OUI";"NON";"200069417";"";"";"";"2021-10-06";"144593";""
"40270";"3299";"PLUi/PLUiS";"CC";"2020-01-19 23:00:00+00:00";"2014-12-08 23:00:00+00:00";"39";"40";"75";"2021";"NON";"OUI";"40270";"";"";"";"2021-10-06";"134565";""
"40271";"3299";"PLUi/PLUiS";"CC";"2020-02-26 23:00:00+00:00";"2015-12-16 23:00:00+00:00";"39";"40";"75";"2021";"NON";"OUI";"244000865";"";"";"";"2021-10-06";"144801";""
"40272";"3299";"PLUi/PLUiS";"CC";"2020-02-26 23:00:00+00:00";"2015-12-16 23:00:00+00:00";"39";"40";"75";"2021";"NON";"OUI";"244000865";"";"";"";"2021-10-06";"144801";""
"40273";"3432";"PLU";"CC";"2013-06-25 22:00:00+00:00";"2011-07-19 22:00:00+00:00";"33";"40";"75";"2021";"NON";"NON";"244000659";"";"";"";"2021-10-06";"94562";""
"40274";"3299";"PLUi/PLUiS";"CA";"2019-12-11 23:00:00+00:00";"2015-11-30 23:00:00+00:00";"39";"40";"75";"2021";"NON";"OUI";"244000808";"";"";"";"2021-10-06";"144482";""
"40275";"3299";"PLUi/PLUiS";"CC";"2020-03-01 23:00:00+00:00";"2014-12-07 23:00:00+00:00";"39";"40";"75";"2021";"NON";"OUI";"244000824";"";"";"";"2021-10-06";"128635";""
"40276";"3432";"PLU";"CC";"2015-02-23 23:00:00+00:00";"2005-07-27 22:00:00+00:00";"33";"40";"75";"2021";"NON";"NON";"244000857";"";"";"";"2021-10-06";"62386";""
"40277";"3299";"PLUi/PLUiS";"CA";"2019-12-17 23:00:00+00:00";"2015-12-15 23:00:00+00:00";"39";"40";"75";"2021";"NON";"OUI";"244000675";"";"";"";"2021-10-06";"144474";""
"40278";"3199";"PLU";"COM";"2011-12-14 23:00:00+00:00";"2005-06-29 22:00:00+00:00";"39";"40";"75";"2021";"NON";"NON";"40278";"";"";"";"2021-10-06";"62387";""
"40279";"3299";"PLUi/PLUiS";"CA";"2019-12-17 23:00:00+00:00";"2015-12-15 23:00:00+00:00";"39";"40";"75";"2021";"NON";"OUI";"244000675";"";"";"";"2021-10-06";"144474";""
"40280";"3299";"PLUi/PLUiS";"CA";"2019-12-11 23:00:00+00:00";"2015-11-30 23:00:00+00:00";"39";"40";"75";"2021";"NON";"OUI";"244000808";"";"";"";"2021-10-06";"144482";""
"40281";"3299";"PLUi/PLUiS";"CA";"2019-12-11 23:00:00+00:00";"2015-11-30 23:00:00+00:00";"39";"40";"75";"2021";"NON";"OUI";"244000808";"";"";"";"2021-10-06";"144482";""
"40282";"3432";"PLU";"CC";"2018-09-26 22:00:00+00:00";"2010-06-27 22:00:00+00:00";"33";"40";"75";"2021";"NON";"NON";"200069649";"";"";"";"2021-10-06";"94582";""
"40283";"3299";"PLUi/PLUiS";"CA";"2019-12-17 23:00:00+00:00";"2015-12-15 23:00:00+00:00";"39";"40";"75";"2021";"NON";"OUI";"244000675";"";"";"";"2021-10-06";"144474";""
"40284";"3299";"PLUi/PLUiS";"CC";"2020-02-26 23:00:00+00:00";"2015-12-16 23:00:00+00:00";"39";"40";"75";"2021";"NON";"OUI";"244000865";"";"";"";"2021-10-06";"144801";""
"40285";"3299";"PLUi/PLUiS";"CC";"2019-11-20 23:00:00+00:00";"2015-06-17 22:00:00+00:00";"39";"40";"75";"2021";"NON";"OUI";"40285";"";"";"";"2021-10-06";"139842";""
"40286";"3332";"PLUi/PLUiS";"CC";"2016-12-13 23:00:00+00:00";"2011-12-19 23:00:00+00:00";"33";"40";"75";"2021";"OUI";"NON";"200069649";"";"";"";"2021-10-06";"93701";""
"40287";"3199";"PLU";"COM";"2019-06-05 22:00:00+00:00";"2015-07-08 22:00:00+00:00";"39";"40";"75";"2021";"NON";"NON";"40287";"";"";"";"2021-10-06";"128955";""
"40288";"3399";"PLUi/PLUiS";"CC";"2008-02-26 23:00:00+00:00";"2003-01-02 23:00:00+00:00";"39";"40";"75";"2021";"OUI";"NON";"200035541";"";"";"";"2021-10-06";"131376";""
"40290";"3299";"PLUi/PLUiS";"CC";"2020-01-19 23:00:00+00:00";"2014-12-08 23:00:00+00:00";"39";"40";"75";"2021";"NON";"OUI";"40290";"";"";"";"2021-10-06";"134565";""
"40291";"3299";"PLUi/PLUiS";"CC";"2020-02-26 23:00:00+00:00";"2015-12-16 23:00:00+00:00";"39";"40";"75";"2021";"NON";"OUI";"244000865";"";"";"";"2021-10-06";"144801";""
"40292";"3299";"PLUi/PLUiS";"CC";"2020-02-26 23:00:00+00:00";"2015-12-16 23:00:00+00:00";"39";"40";"75";"2021";"NON";"OUI";"244000865";"";"";"";"2021-10-06";"144801";""
"40293";"3299";"PLUi/PLUiS";"CC";"2020-02-26 23:00:00+00:00";"2015-12-16 23:00:00+00:00";"39";"40";"75";"2021";"NON";"OUI";"244000865";"";"";"";"2021-10-06";"144801";""
"40294";"3299";"PLUi/PLUiS";"CA";"2019-12-17 23:00:00+00:00";"2015-12-15 23:00:00+00:00";"39";"40";"75";"2021";"NON";"OUI";"244000675";"";"";"";"2021-10-06";"144474";""
"40295";"3432";"PLU";"CC";"2010-09-08 22:00:00+00:00";"2002-02-22 23:00:00+00:00";"33";"40";"75";"2021";"NON";"NON";"200069656";"";"";"";"2021-10-06";"57237";""
"40296";"3299";"PLUi/PLUiS";"CC";"2020-02-26 23:00:00+00:00";"2015-12-16 23:00:00+00:00";"39";"40";"75";"2021";"NON";"OUI";"244000865";"";"";"";"2021-10-06";"144801";""
"40297";"1432";"CC";"CC";"2008-03-06 23:00:00+00:00";"2005-10-17 22:00:00+00:00";"13";"40";"75";"2021";"NON";"NON";"200069656";"";"";"";"2021-10-06";"93300";""
"40300";"3299";"PLUi/PLUiS";"CA";"2019-12-17 23:00:00+00:00";"2015-12-15 23:00:00+00:00";"39";"40";"75";"2021";"NON";"OUI";"244000675";"";"";"";"2021-10-06";"144474";""
"40301";"3299";"PLUi/PLUiS";"CA";"2019-12-17 23:00:00+00:00";"2015-12-15 23:00:00+00:00";"39";"40";"75";"2021";"NON";"OUI";"244000675";"";"";"";"2021-10-06";"144474";""
"40303";"3432";"PLU";"CC";"2006-07-30 22:00:00+00:00";"2002-05-05 22:00:00+00:00";"33";"40";"75";"2021";"NON";"NON";"200069656";"";"";"";"2021-10-06";"52768";""
"40304";"3299";"PLUi/PLUiS";"CC";"2020-02-26 23:00:00+00:00";"2015-12-16 23:00:00+00:00";"39";"40";"75";"2021";"NON";"OUI";"244000865";"";"";"";"2021-10-06";"144801";""
"40305";"3332";"PLUi/PLUiS";"CC";"2016-12-13 23:00:00+00:00";"2011-12-19 23:00:00+00:00";"33";"40";"75";"2021";"OUI";"NON";"200069649";"";"";"";"2021-10-06";"93701";""
"40306";"3399";"PLUi/PLUiS";"CC";"2020-03-02 23:00:00+00:00";"2015-12-21 23:00:00+00:00";"39";"40";"75";"2021";"OUI";"NON";"200069417";"";"";"";"2021-10-06";"144593";""
"40307";"3432";"PLU";"CC";"2010-01-10 23:00:00+00:00";"2005-02-16 23:00:00+00:00";"33";"40";"75";"2021";"NON";"NON";"200069656";"";"";"";"2021-10-06";"52769";""
"40308";"3399";"PLUi/PLUiS";"CC";"2021-07-07 22:00:00+00:00";"2015-12-01 23:00:00+00:00";"39";"40";"75";"2021";"OUI";"NON";"200069631";"";"";"";"2021-10-06";"144332";""
"40309";"3299";"PLUi/PLUiS";"CC";"2019-11-20 23:00:00+00:00";"2015-06-17 22:00:00+00:00";"39";"40";"75";"2021";"NON";"OUI";"40309";"";"";"";"2021-10-06";"139842";""
"40310";"3299";"PLUi/PLUiS";"CC";"2020-02-26 23:00:00+00:00";"2015-12-16 23:00:00+00:00";"39";"40";"75";"2021";"NON";"OUI";"244000865";"";"";"";"2021-10-06";"144801";""
"40311";"1432";"CC";"CC";"2005-03-08 23:00:00+00:00";"2004-07-24 22:00:00+00:00";"13";"40";"75";"2021";"NON";"NON";"244000857";"";"";"";"2021-10-06";"68150";""
"40312";"3432";"PLU";"CC";"2005-02-21 23:00:00+00:00";"1996-02-28 23:00:00+00:00";"33";"40";"75";"2021";"NON";"NON";"244000659";"";"";"";"2021-10-06";"52761";""
"40313";"3299";"PLUi/PLUiS";"CC";"2019-11-20 23:00:00+00:00";"2015-06-17 22:00:00+00:00";"39";"40";"75";"2021";"NON";"OUI";"40313";"";"";"";"2021-10-06";"139842";""
"40314";"3299";"PLUi/PLUiS";"CA";"2019-12-17 23:00:00+00:00";"2015-12-15 23:00:00+00:00";"39";"40";"75";"2021";"NON";"OUI";"244000675";"";"";"";"2021-10-06";"144474";""
"40315";"3299";"PLUi/PLUiS";"CA";"2019-12-17 23:00:00+00:00";"2015-12-15 23:00:00+00:00";"39";"40";"75";"2021";"NON";"OUI";"244000675";"";"";"";"2021-10-06";"144474";""
"40316";"3399";"PLUi/PLUiS";"CC";"2020-03-02 23:00:00+00:00";"2015-12-14 23:00:00+00:00";"39";"40";"75";"2021";"OUI";"NON";"200069417";"";"";"";"2021-10-06";"144565";""
"40317";"3299";"PLUi/PLUiS";"CC";"2020-02-26 23:00:00+00:00";"2015-12-16 23:00:00+00:00";"39";"40";"75";"2021";"NON";"OUI";"244000865";"";"";"";"2021-10-06";"144801";""
"40318";"3399";"PLUi/PLUiS";"CC";"2021-07-07 22:00:00+00:00";"2015-10-01 22:00:00+00:00";"39";"40";"75";"2021";"OUI";"NON";"200069631";"";"";"";"2021-10-06";"142091";""
"40319";"1432";"CC";"CC";"2013-04-08 22:00:00+00:00";"2010-09-01 22:00:00+00:00";"13";"40";"75";"2021";"NON";"NON";"200069656";"";"";"";"2021-10-06";"93360";""
"40320";"3299";"PLUi/PLUiS";"CA";"2019-12-11 23:00:00+00:00";"2015-11-30 23:00:00+00:00";"39";"40";"75";"2021";"NON";"OUI";"244000808";"";"";"";"2021-10-06";"144482";""
"40321";"3332";"PLUi/PLUiS";"CC";"2016-12-13 23:00:00+00:00";"2011-12-19 23:00:00+00:00";"33";"40";"75";"2021";"OUI";"NON";"200069649";"";"";"";"2021-10-06";"93701";""
"40322";"3432";"PLU";"CC";"2014-06-29 22:00:00+00:00";"2011-09-04 22:00:00+00:00";"33";"40";"75";"2021";"NON";"NON";"244000857";"";"";"";"2021-10-06";"94668";""
"40323";"1432";"CC";"CC";"2019-07-03 22:00:00+00:00";"2016-12-31 23:00:00+00:00";"13";"40";"75";"2021";"NON";"NON";"200069656";"";"";"";"2021-10-06";"159340";""
"40324";"3399";"PLUi/PLUiS";"CC";"2021-07-07 22:00:00+00:00";"2015-12-01 23:00:00+00:00";"39";"40";"75";"2021";"OUI";"NON";"200069631";"";"";"";"2021-10-06";"144332";""
"40325";"3299";"PLUi/PLUiS";"CC";"2020-01-19 23:00:00+00:00";"2014-12-08 23:00:00+00:00";"39";"40";"75";"2021";"NON";"OUI";"40325";"";"";"";"2021-10-06";"134565";""
"40326";"3432";"PLU";"CC";"2012-01-23 23:00:00+00:00";"2002-02-11 23:00:00+00:00";"33";"40";"75";"2021";"NON";"NON";"244000857";"";"";"";"2021-10-06";"127052";""
"40327";"3499";"PLU";"CC";"2015-01-06 23:00:00+00:00";"2010-06-09 22:00:00+00:00";"39";"40";"75";"2021";"NON";"NON";"200035541";"";"";"";"2021-10-06";"94688";""
"40328";"3299";"PLUi/PLUiS";"CC";"2020-02-26 23:00:00+00:00";"2015-12-16 23:00:00+00:00";"39";"40";"75";"2021";"NON";"OUI";"244000865";"";"";"";"2021-10-06";"144801";""
"40329";"3299";"PLUi/PLUiS";"CC";"2020-03-01 23:00:00+00:00";"2014-12-07 23:00:00+00:00";"39";"40";"75";"2021";"NON";"OUI";"244000824";"";"";"";"2021-10-06";"128635";""
"40330";"3299";"PLUi/PLUiS";"CC";"2019-11-20 23:00:00+00:00";"2015-06-17 22:00:00+00:00";"39";"40";"75";"2021";"NON";"OUI";"40330";"";"";"";"2021-10-06";"139842";""
"40331";"3499";"PLU";"CC";"2013-04-24 22:00:00+00:00";"2009-02-23 23:00:00+00:00";"39";"40";"75";"2021";"NON";"NON";"40331";"";"";"";"2021-10-06";"62394";""
"40332";"3199";"PLU";"COM";"2019-12-11 23:00:00+00:00";"2015-05-24 22:00:00+00:00";"39";"40";"75";"2021";"NON";"NON";"40332";"";"";"";"2021-10-06";"141411";""
"40333";"3432";"PLU";"CC";"2009-02-17 23:00:00+00:00";"2005-03-16 23:00:00+00:00";"33";"40";"75";"2021";"NON";"NON";"40333";"";"";"";"2021-10-06";"52767";""
"40334";"3299";"PLUi/PLUiS";"CA";"2019-12-17 23:00:00+00:00";"2015-12-15 23:00:00+00:00";"39";"40";"75";"2021";"NON";"OUI";"244000675";"";"";"";"2021-10-06";"144474";""
"41002";"3399";"PLUi/PLUiS";"CC";"2021-06-29 22:00:00+00:00";"2015-11-29 23:00:00+00:00";"39";"41";"24";"2021";"OUI";"NON";"200072064";"";"";"";"2021-10-06";"143236";""
"41003";"3432";"PLU";"CA";"2013-09-02 22:00:00+00:00";"2008-06-16 22:00:00+00:00";"33";"41";"24";"2021";"NON";"NON";"200072072";"";"";"";"2021-10-06";"62395";""
"41004";"1432";"CC";"CA";"2008-04-02 22:00:00+00:00";"2003-12-31 23:00:00+00:00";"13";"41";"24";"2021";"NON";"NON";"41004";"";"";"";"2021-10-06";"69390";""
"41006";"1432";"CC";"CC";"2010-05-10 22:00:00+00:00";"2005-05-23 22:00:00+00:00";"13";"41";"24";"2021";"NON";"NON";"41006";"";"";"";"2021-10-06";"69391";""
"41008";"1432";"CC";"CC";"2015-09-24 22:00:00+00:00";"2008-06-26 22:00:00+00:00";"13";"41";"24";"2021";"NON";"NON";"41008";"";"";"";"2021-10-06";"67418";""
"41009";"1432";"CC";"CA";"2006-04-19 22:00:00+00:00";"2003-05-18 22:00:00+00:00";"13";"41";"24";"2021";"NON";"NON";"41009";"";"";"";"2021-10-06";"68154";""
"41010";"3432";"PLU";"CA";"2008-02-28 23:00:00+00:00";"2005-03-07 23:00:00+00:00";"33";"41";"24";"2021";"NON";"NON";"200072072";"";"";"";"2021-10-06";"52774";""
"41012";"3299";"PLUi/PLUiS";"CC";"2021-01-20 23:00:00+00:00";"2015-12-02 23:00:00+00:00";"39";"41";"24";"2021";"NON";"OUI";"41012";"";"";"";"2021-10-06";"143647";""
"41013";"1432";"CC";"CC";"2009-04-23 22:00:00+00:00";"2004-04-01 22:00:00+00:00";"13";"41";"24";"2021";"NON";"NON";"244100798";"";"";"";"2021-10-06";"69392";""
"41014";"3299";"PLUi/PLUiS";"CC";"2021-01-20 23:00:00+00:00";"2015-12-02 23:00:00+00:00";"39";"41";"24";"2021";"NON";"OUI";"41014";"";"";"";"2021-10-06";"143647";""
"41016";"1499";"CC";"CC";"2012-03-18 23:00:00+00:00";"2009-09-23 22:00:00+00:00";"19";"41";"24";"2021";"NON";"NON";"200018406";"";"";"";"2021-10-06";"71711";""
"41017";"1199";"CC";"COM";"2008-06-15 22:00:00+00:00";"2002-03-26 23:00:00+00:00";"19";"41";"24";"2021";"NON";"NON";"41017";"";"";"";"2021-10-06";"69393";""
"41018";"3432";"PLU";"CA";"2013-11-17 23:00:00+00:00";"2008-12-17 23:00:00+00:00";"33";"41";"24";"2021";"NON";"NON";"41018";"";"";"";"2021-10-06";"62396";""
"41020";"1432";"CC";"CA";"2005-04-26 22:00:00+00:00";"2002-07-14 22:00:00+00:00";"13";"41";"24";"2021";"NON";"NON";"41020";"";"";"";"2021-10-06";"69394";""
"41022";"3299";"PLUi/PLUiS";"CC";"2021-04-14 22:00:00+00:00";"2015-11-08 23:00:00+00:00";"39";"41";"24";"2021";"NON";"OUI";"41022";"";"";"";"2021-10-06";"143645";""
"41024";"3299";"PLUi/PLUiS";"CC";"2021-01-20 23:00:00+00:00";"2015-12-02 23:00:00+00:00";"39";"41";"24";"2021";"NON";"OUI";"41024";"";"";"";"2021-10-06";"143647";""
"41025";"3432";"PLU";"CC";"2007-12-20 23:00:00+00:00";"2005-10-20 22:00:00+00:00";"33";"41";"24";"2021";"NON";"NON";"244100798";"";"";"";"2021-10-06";"86985";""
"41026";"3299";"PLUi/PLUiS";"CC";"2021-04-14 22:00:00+00:00";"2015-11-08 23:00:00+00:00";"39";"41";"24";"2021";"NON";"OUI";"41026";"";"";"";"2021-10-06";"143645";""
"41027";"1432";"CC";"CC";"2008-08-28 22:00:00+00:00";"2005-06-14 22:00:00+00:00";"13";"41";"24";"2021";"NON";"NON";"41027";"";"";"";"2021-10-06";"69395";""
"41028";"3299";"PLUi/PLUiS";"CC";"2021-04-14 22:00:00+00:00";"2015-11-08 23:00:00+00:00";"39";"41";"24";"2021";"NON";"OUI";"41028";"";"";"";"2021-10-06";"143645";""
"41030";"1432";"CC";"CA";"2009-01-30 23:00:00+00:00";"2007-02-26 23:00:00+00:00";"13";"41";"24";"2021";"NON";"NON";"41030";"";"";"";"2021-10-06";"69397";""
"41031";"3432";"PLU";"CA";"2008-02-27 23:00:00+00:00";"2003-09-10 22:00:00+00:00";"33";"41";"24";"2021";"NON";"NON";"41031";"";"";"";"2021-10-06";"52776";""
"41032";"3432";"PLU";"CA";"2016-12-14 23:00:00+00:00";"2011-07-17 22:00:00+00:00";"33";"41";"24";"2021";"NON";"NON";"41032";"";"";"";"2021-10-06";"90985";""
"41035";"1432";"CC";"CA";"2008-12-18 23:00:00+00:00";"2005-11-16 23:00:00+00:00";"13";"41";"24";"2021";"NON";"NON";"200030385";"";"";"";"2021-10-06";"69398";""
"41037";"3299";"PLUi/PLUiS";"CC";"2021-04-14 22:00:00+00:00";"2015-11-08 23:00:00+00:00";"39";"41";"24";"2021";"NON";"OUI";"41037";"";"";"";"2021-10-06";"143645";""
"41038";"1499";"CC";"CC";"2006-05-22 22:00:00+00:00";"2003-12-11 23:00:00+00:00";"19";"41";"24";"2021";"NON";"NON";"200018406";"";"";"";"2021-10-06";"69399";""
"41039";"1432";"CC";"CC";"2007-05-28 22:00:00+00:00";"2004-04-13 22:00:00+00:00";"13";"41";"24";"2021";"NON";"NON";"41039";"";"";"";"2021-10-06";"68155";""
"41040";"3432";"PLU";"CA";"2010-03-14 23:00:00+00:00";"2001-08-30 22:00:00+00:00";"33";"41";"24";"2021";"NON";"NON";"200030385";"";"";"";"2021-10-06";"52780";""
"41041";"3299";"PLUi/PLUiS";"CC";"2021-04-14 22:00:00+00:00";"2015-11-08 23:00:00+00:00";"39";"41";"24";"2021";"NON";"OUI";"41041";"";"";"";"2021-10-06";"143645";""
"41042";"3399";"PLUi/PLUiS";"CC";"2021-06-29 22:00:00+00:00";"2015-11-29 23:00:00+00:00";"39";"41";"24";"2021";"OUI";"NON";"200072064";"";"";"";"2021-10-06";"143236";""
"41043";"3399";"PLUi/PLUiS";"CC";"2021-06-29 22:00:00+00:00";"2015-11-29 23:00:00+00:00";"39";"41";"24";"2021";"OUI";"NON";"200072064";"";"";"";"2021-10-06";"143236";""
"41044";"1499";"CC";"CC";"2006-02-28 23:00:00+00:00";"2004-06-09 22:00:00+00:00";"19";"41";"24";"2021";"NON";"NON";"200018406";"";"";"";"2021-10-06";"69400";""
"41045";"3432";"PLU";"CA";"2004-11-04 23:00:00+00:00";"2001-10-04 22:00:00+00:00";"33";"41";"24";"2021";"NON";"NON";"200030385";"";"";"";"2021-10-06";"52785";""
"41046";"3199";"PLU";"COM";"2007-07-01 22:00:00+00:00";"2002-03-21 23:00:00+00:00";"39";"41";"24";"2021";"NON";"NON";"41046";"";"";"";"2021-10-06";"52782";""
"41047";"3432";"PLU";"CA";"2006-07-02 22:00:00+00:00";"2004-06-27 22:00:00+00:00";"33";"41";"24";"2021";"NON";"NON";"41047";"";"";"";"2021-10-06";"52783";""
"41048";"3299";"PLUi/PLUiS";"CC";"2021-04-14 22:00:00+00:00";"2015-11-08 23:00:00+00:00";"39";"41";"24";"2021";"NON";"OUI";"41048";"";"";"";"2021-10-06";"143645";""
"41049";"3399";"PLUi/PLUiS";"CC";"2021-06-29 22:00:00+00:00";"2015-11-29 23:00:00+00:00";"39";"41";"24";"2021";"OUI";"NON";"200072064";"";"";"";"2021-10-06";"143236";""
"41050";"3432";"PLU";"CA";"2018-02-07 23:00:00+00:00";"2007-09-27 22:00:00+00:00";"33";"41";"24";"2021";"NON";"NON";"41050";"";"";"";"2021-10-06";"62399";""
"41051";"3399";"PLUi/PLUiS";"CC";"2019-12-08 23:00:00+00:00";"2015-02-08 23:00:00+00:00";"39";"41";"24";"2021";"OUI";"NON";"200072064";"";"";"";"2021-10-06";"143139";""
"41052";"3432";"PLU";"CA";"2013-12-12 23:00:00+00:00";"2010-05-06 22:00:00+00:00";"33";"41";"24";"2021";"NON";"NON";"41052";"";"";"";"2021-10-06";"64777";""
"41053";"3299";"PLUi/PLUiS";"CC";"2021-01-20 23:00:00+00:00";"2015-12-02 23:00:00+00:00";"39";"41";"24";"2021";"NON";"OUI";"41053";"";"";"";"2021-10-06";"143647";""
"41054";"3399";"PLUi/PLUiS";"CC";"2021-06-29 22:00:00+00:00";"2015-11-29 23:00:00+00:00";"39";"41";"24";"2021";"OUI";"NON";"200072064";"";"";"";"2021-10-06";"143236";""
"41055";"1432";"CC";"CA";"2014-10-07 22:00:00+00:00";"2011-11-09 23:00:00+00:00";"13";"41";"24";"2021";"NON";"NON";"200030385";"";"";"";"2021-10-06";"114972";""
"41059";"3399";"PLUi/PLUiS";"CC";"2021-06-29 22:00:00+00:00";"2015-11-29 23:00:00+00:00";"39";"41";"24";"2021";"OUI";"NON";"200072064";"";"";"";"2021-10-06";"143236";""
"41060";"3299";"PLUi/PLUiS";"CC";"2021-01-20 23:00:00+00:00";"2015-12-02 23:00:00+00:00";"39";"41";"24";"2021";"NON";"OUI";"41060";"";"";"";"2021-10-06";"143647";""
"41061";"3432";"PLU";"CA";"2014-11-23 23:00:00+00:00";"2010-04-07 22:00:00+00:00";"33";"41";"24";"2021";"NON";"NON";"41061";"";"";"";"2021-10-06";"63947";""
"41062";"3399";"PLUi/PLUiS";"CC";"2021-06-29 22:00:00+00:00";"2015-11-29 23:00:00+00:00";"39";"41";"24";"2021";"OUI";"NON";"200072064";"";"";"";"2021-10-06";"143236";""
"41063";"3399";"PLUi/PLUiS";"CC";"2021-06-29 22:00:00+00:00";"2015-11-29 23:00:00+00:00";"39";"41";"24";"2021";"OUI";"NON";"200072064";"";"";"";"2021-10-06";"143236";""
"41065";"1432";"CC";"CA";"2011-06-14 22:00:00+00:00";"2008-06-18 22:00:00+00:00";"13";"41";"24";"2021";"NON";"NON";"200072072";"";"";"";"2021-10-06";"66161";""
"41066";"3432";"PLU";"CC";"2008-02-17 23:00:00+00:00";"2003-11-30 23:00:00+00:00";"33";"41";"24";"2021";"NON";"NON";"41066";"";"";"";"2021-10-06";"56860";""
"41067";"3432";"PLU";"CA";"2016-05-18 22:00:00+00:00";"2009-12-10 23:00:00+00:00";"33";"41";"24";"2021";"NON";"NON";"41067";"";"";"";"2021-10-06";"86156";""
"41071";"3432";"PLU";"CC";"2010-03-29 22:00:00+00:00";"2006-01-30 23:00:00+00:00";"33";"41";"24";"2021";"NON";"NON";"244100798";"";"";"";"2021-10-06";"52784";""
"41073";"3432";"PLU";"CA";"2008-02-05 23:00:00+00:00";"2005-01-20 23:00:00+00:00";"33";"41";"24";"2021";"NON";"NON";"200072072";"";"";"";"2021-10-06";"56861";""
"41074";"3432";"PLU";"CC";"2015-12-16 23:00:00+00:00";"2005-03-02 23:00:00+00:00";"33";"41";"24";"2021";"NON";"NON";"41074";"";"";"";"2021-10-06";"86107";""
"41075";"3299";"PLUi/PLUiS";"CC";"2021-04-14 22:00:00+00:00";"2015-11-08 23:00:00+00:00";"39";"41";"24";"2021";"NON";"OUI";"41075";"";"";"";"2021-10-06";"143645";""
"41078";"3432";"PLU";"CA";"2008-02-28 23:00:00+00:00";"1999-12-28 23:00:00+00:00";"33";"41";"24";"2021";"NON";"NON";"41078";"";"";"";"2021-10-06";"56862";""
"41080";"3399";"PLUi/PLUiS";"CC";"2019-12-08 23:00:00+00:00";"2015-02-08 23:00:00+00:00";"39";"41";"24";"2021";"OUI";"NON";"200072064";"";"";"";"2021-10-06";"143139";""
"41085";"3432";"PLU";"CC";"2007-09-20 22:00:00+00:00";"2002-05-29 22:00:00+00:00";"33";"41";"24";"2021";"NON";"NON";"244100798";"";"";"";"2021-10-06";"52786";""
"41086";"1432";"CC";"CC";"2006-07-03 22:00:00+00:00";"2003-04-23 22:00:00+00:00";"13";"41";"24";"2021";"NON";"NON";"244100798";"";"";"";"2021-10-06";"13445";""
"41088";"3299";"PLUi/PLUiS";"CC";"2021-04-14 22:00:00+00:00";"2015-11-08 23:00:00+00:00";"39";"41";"24";"2021";"NON";"OUI";"41088";"";"";"";"2021-10-06";"143645";""
"41089";"3299";"PLUi/PLUiS";"CC";"2021-04-14 22:00:00+00:00";"2015-11-08 23:00:00+00:00";"39";"41";"24";"2021";"NON";"OUI";"41089";"";"";"";"2021-10-06";"143645";""
"41091";"3432";"PLU";"CA";"2007-06-27 22:00:00+00:00";"2004-05-10 22:00:00+00:00";"33";"41";"24";"2021";"NON";"NON";"41091";"";"";"";"2021-10-06";"52787";""
"41093";"1432";"CC";"CA";"2008-03-26 23:00:00+00:00";"2005-02-22 23:00:00+00:00";"13";"41";"24";"2021";"NON";"NON";"200030385";"";"";"";"2021-10-06";"68157";""
"41094";"3399";"PLUi/PLUiS";"CC";"2021-06-29 22:00:00+00:00";"2015-11-29 23:00:00+00:00";"39";"41";"24";"2021";"OUI";"NON";"200072064";"";"";"";"2021-10-06";"143236";""
"41095";"3299";"PLUi/PLUiS";"CC";"2021-04-14 22:00:00+00:00";"2015-11-08 23:00:00+00:00";"39";"41";"24";"2021";"NON";"OUI";"41095";"";"";"";"2021-10-06";"143645";""
"41096";"3299";"PLUi/PLUiS";"CC";"2021-01-20 23:00:00+00:00";"2015-12-02 23:00:00+00:00";"39";"41";"24";"2021";"NON";"OUI";"41096";"";"";"";"2021-10-06";"143647";""
"41097";"3499";"PLU";"CC";"2019-10-08 22:00:00+00:00";"2016-01-18 23:00:00+00:00";"39";"41";"24";"2021";"NON";"NON";"200018406";"";"";"";"2021-10-06";"153569";""
"41098";"1432";"CC";"CA";"2013-11-05 23:00:00+00:00";"2011-04-05 22:00:00+00:00";"13";"41";"24";"2021";"NON";"NON";"41098";"";"";"";"2021-10-06";"90818";""
"41099";"3399";"PLUi/PLUiS";"CC";"2021-06-29 22:00:00+00:00";"2015-11-29 23:00:00+00:00";"39";"41";"24";"2021";"OUI";"NON";"200072064";"";"";"";"2021-10-06";"143236";""
"41101";"3432";"PLU";"CA";"2005-02-24 23:00:00+00:00";"2001-11-25 23:00:00+00:00";"33";"41";"24";"2021";"NON";"NON";"200030385";"";"";"";"2021-10-06";"85796";""
"41102";"1432";"CC";"CA";"2009-09-13 22:00:00+00:00";"2006-03-22 23:00:00+00:00";"13";"41";"24";"2021";"NON";"NON";"41102";"";"";"";"2021-10-06";"69404";""
"41103";"1432";"CC";"CA";"2003-10-05 22:00:00+00:00";"2003-03-31 22:00:00+00:00";"13";"41";"24";"2021";"NON";"NON";"41103";"";"";"";"2021-10-06";"69405";""
"41104";"3432";"PLU";"CC";"2008-02-28 23:00:00+00:00";"2005-05-20 22:00:00+00:00";"33";"41";"24";"2021";"NON";"NON";"244100798";"";"";"";"2021-10-06";"52792";""
"41105";"3432";"PLU";"CC";"2013-10-06 22:00:00+00:00";"2010-05-07 22:00:00+00:00";"33";"41";"24";"2021";"NON";"NON";"41105";"";"";"";"2021-10-06";"65064";""
"41106";"3199";"PLU";"COM";"2014-03-16 23:00:00+00:00";"2011-01-30 23:00:00+00:00";"39";"41";"24";"2021";"NON";"NON";"41106";"";"";"";"2021-10-06";"85363";""
"41110";"1499";"CC";"CC";"2004-11-15 23:00:00+00:00";"2001-08-30 22:00:00+00:00";"19";"41";"24";"2021";"NON";"NON";"200018406";"";"";"";"2021-10-06";"69406";""
"41112";"3399";"PLUi/PLUiS";"CC";"2021-06-29 22:00:00+00:00";"2015-11-29 23:00:00+00:00";"39";"41";"24";"2021";"OUI";"NON";"200072064";"";"";"";"2021-10-06";"143236";""
"41114";"3432";"PLU";"CC";"2008-02-25 23:00:00+00:00";"2001-09-23 22:00:00+00:00";"33";"41";"24";"2021";"NON";"NON";"41114";"";"";"";"2021-10-06";"52793";""
"41115";"3299";"PLUi/PLUiS";"CC";"2021-04-14 22:00:00+00:00";"2015-11-08 23:00:00+00:00";"39";"41";"24";"2021";"NON";"OUI";"41115";"";"";"";"2021-10-06";"143645";""
"41116";"3299";"PLUi/PLUiS";"CC";"2021-04-14 22:00:00+00:00";"2015-11-08 23:00:00+00:00";"39";"41";"24";"2021";"NON";"OUI";"41116";"";"";"";"2021-10-06";"143645";""
"41120";"3432";"PLU";"CA";"2012-02-01 23:00:00+00:00";"2005-11-23 23:00:00+00:00";"33";"41";"24";"2021";"NON";"NON";"200072072";"";"";"";"2021-10-06";"62404";""
"41122";"1499";"CC";"CC";"2006-06-22 22:00:00+00:00";"2005-01-31 23:00:00+00:00";"19";"41";"24";"2021";"NON";"NON";"200018406";"";"";"";"2021-10-06";"69408";""
"41123";"1432";"CC";"CC";"2005-05-17 22:00:00+00:00";"2001-10-07 22:00:00+00:00";"13";"41";"24";"2021";"NON";"NON";"41123";"";"";"";"2021-10-06";"69409";""
"41124";"1432";"CC";"CA";"2013-05-26 22:00:00+00:00";"2010-04-19 22:00:00+00:00";"13";"41";"24";"2021";"NON";"NON";"200072072";"";"";"";"2021-10-06";"87657";""
"41126";"3399";"PLUi/PLUiS";"CC";"2021-06-29 22:00:00+00:00";"2015-11-29 23:00:00+00:00";"39";"41";"24";"2021";"OUI";"NON";"200072064";"";"";"";"2021-10-06";"143236";""
"41128";"3432";"PLU";"CA";"2013-07-04 22:00:00+00:00";"2004-05-06 22:00:00+00:00";"33";"41";"24";"2021";"NON";"NON";"41128";"";"";"";"2021-10-06";"62406";""
"41129";"3432";"PLU";"CC";"2005-05-22 22:00:00+00:00";"2001-09-30 22:00:00+00:00";"33";"41";"24";"2021";"NON";"NON";"244100798";"";"";"";"2021-10-06";"84454";""
"41130";"1432";"CC";"CC";"2010-12-06 23:00:00+00:00";"2007-06-24 22:00:00+00:00";"13";"41";"24";"2021";"NON";"NON";"41130";"";"";"";"2021-10-06";"65591";""
"41131";"1432";"CC";"CA";"2005-09-04 22:00:00+00:00";"2002-09-23 22:00:00+00:00";"13";"41";"24";"2021";"NON";"NON";"200072072";"";"";"";"2021-10-06";"69411";""
"41132";"3399";"PLUi/PLUiS";"CC";"2021-06-29 22:00:00+00:00";"2015-11-29 23:00:00+00:00";"39";"41";"24";"2021";"OUI";"NON";"200072064";"";"";"";"2021-10-06";"143236";""
"41134";"3432";"PLU";"CA";"2017-07-05 22:00:00+00:00";"2013-07-07 22:00:00+00:00";"33";"41";"24";"2021";"NON";"NON";"41134";"";"";"";"2021-10-06";"126331";""
"41135";"3499";"PLU";"CC";"2013-12-02 23:00:00+00:00";"2010-01-18 23:00:00+00:00";"39";"41";"24";"2021";"NON";"NON";"200018406";"";"";"";"2021-10-06";"84095";""
"41136";"3432";"PLU";"CC";"2013-02-24 23:00:00+00:00";"2007-02-04 23:00:00+00:00";"33";"41";"24";"2021";"NON";"NON";"41136";"";"";"";"2021-10-06";"84078";""
"41137";"3432";"PLU";"CA";"2008-01-02 23:00:00+00:00";"2005-05-11 22:00:00+00:00";"33";"41";"24";"2021";"NON";"NON";"200030385";"";"";"";"2021-10-06";"52797";""
"41138";"1432";"CC";"CA";"2006-06-15 22:00:00+00:00";"2004-05-10 22:00:00+00:00";"13";"41";"24";"2021";"NON";"NON";"200072072";"";"";"";"2021-10-06";"83862";""
"41139";"3399";"PLUi/PLUiS";"CC";"2021-06-29 22:00:00+00:00";"2015-11-29 23:00:00+00:00";"39";"41";"24";"2021";"OUI";"NON";"200072064";"";"";"";"2021-10-06";"143236";""
"41141";"3299";"PLUi/PLUiS";"CC";"2021-04-14 22:00:00+00:00";"2015-11-08 23:00:00+00:00";"39";"41";"24";"2021";"NON";"OUI";"41141";"";"";"";"2021-10-06";"143645";""
"41142";"3432";"PLU";"CA";"2016-12-14 23:00:00+00:00";"2015-02-26 23:00:00+00:00";"33";"41";"24";"2021";"NON";"NON";"200030385";"";"";"";"2021-10-06";"145042";""
"41143";"3299";"PLUi/PLUiS";"CC";"2021-01-20 23:00:00+00:00";"2015-12-02 23:00:00+00:00";"39";"41";"24";"2021";"NON";"OUI";"41143";"";"";"";"2021-10-06";"143647";""
"41145";"1432";"CC";"CA";"2005-03-23 23:00:00+00:00";"2002-03-31 22:00:00+00:00";"13";"41";"24";"2021";"NON";"NON";"41145";"";"";"";"2021-10-06";"69415";""
"41146";"3399";"PLUi/PLUiS";"CC";"2019-12-08 23:00:00+00:00";"2015-02-08 23:00:00+00:00";"39";"41";"24";"2021";"OUI";"NON";"200072064";"";"";"";"2021-10-06";"143139";""
"41147";"3432";"PLU";"CA";"2016-07-06 22:00:00+00:00";"2011-09-01 22:00:00+00:00";"33";"41";"24";"2021";"NON";"NON";"41147";"";"";"";"2021-10-06";"91306";""
"41149";"3432";"PLU";"CA";"2006-04-10 22:00:00+00:00";"2001-09-09 22:00:00+00:00";"33";"41";"24";"2021";"NON";"NON";"41149";"";"";"";"2021-10-06";"83577";""
"41151";"3399";"PLUi/PLUiS";"CC";"2019-12-08 23:00:00+00:00";"2015-02-08 23:00:00+00:00";"39";"41";"24";"2021";"OUI";"NON";"200072064";"";"";"";"2021-10-06";"143139";""
"41152";"1432";"CC";"CC";"2008-05-26 22:00:00+00:00";"2005-05-18 22:00:00+00:00";"13";"41";"24";"2021";"NON";"NON";"41152";"";"";"";"2021-10-06";"69416";""
"41154";"3299";"PLUi/PLUiS";"CC";"2021-04-14 22:00:00+00:00";"2015-11-08 23:00:00+00:00";"39";"41";"24";"2021";"NON";"OUI";"41154";"";"";"";"2021-10-06";"143645";""
"41155";"3432";"PLU";"CC";"2008-12-15 23:00:00+00:00";"2002-09-02 22:00:00+00:00";"33";"41";"24";"2021";"NON";"NON";"41155";"";"";"";"2021-10-06";"56863";""
"41156";"1432";"CC";"CC";"2012-05-23 22:00:00+00:00";"2009-09-21 22:00:00+00:00";"13";"41";"24";"2021";"NON";"NON";"41156";"";"";"";"2021-10-06";"65708";""
"41157";"1499";"CC";"CC";"2004-03-31 22:00:00+00:00";"2001-05-02 22:00:00+00:00";"19";"41";"24";"2021";"NON";"NON";"200018406";"";"";"";"2021-10-06";"64810";""
"41158";"3432";"PLU";"CA";"2006-12-11 23:00:00+00:00";"2005-12-11 23:00:00+00:00";"33";"41";"24";"2021";"NON";"NON";"200072072";"";"";"";"2021-10-06";"83046";""
"41159";"3432";"PLU";"CC";"2006-02-07 23:00:00+00:00";"2002-09-10 22:00:00+00:00";"33";"41";"24";"2021";"NON";"NON";"41159";"";"";"";"2021-10-06";"83021";""
"41160";"3432";"PLU";"CC";"2013-10-27 23:00:00+00:00";"2010-01-25 23:00:00+00:00";"33";"41";"24";"2021";"NON";"NON";"244100798";"";"";"";"2021-10-06";"50037";""
"41161";"1199";"CC";"COM";"2012-01-22 23:00:00+00:00";"2008-09-25 22:00:00+00:00";"19";"41";"24";"2021";"NON";"NON";"41161";"";"";"";"2021-10-06";"67419";""
"41164";"3399";"PLUi/PLUiS";"CC";"2021-06-29 22:00:00+00:00";"2015-11-29 23:00:00+00:00";"39";"41";"24";"2021";"OUI";"NON";"200072064";"";"";"";"2021-10-06";"143236";""
"41166";"3399";"PLUi/PLUiS";"CC";"2021-06-29 22:00:00+00:00";"2015-11-29 23:00:00+00:00";"39";"41";"24";"2021";"OUI";"NON";"200072064";"";"";"";"2021-10-06";"143236";""
"41167";"3432";"PLU";"CA";"2006-01-19 23:00:00+00:00";"2003-09-18 22:00:00+00:00";"33";"41";"24";"2021";"NON";"NON";"200030385";"";"";"";"2021-10-06";"83000";""
"41171";"3432";"PLU";"CC";"2006-07-03 22:00:00+00:00";"2003-10-27 23:00:00+00:00";"33";"41";"24";"2021";"NON";"NON";"41171";"";"";"";"2021-10-06";"82691";""
"41172";"3299";"PLUi/PLUiS";"CC";"2021-04-14 22:00:00+00:00";"2015-11-08 23:00:00+00:00";"39";"41";"24";"2021";"NON";"OUI";"41172";"";"";"";"2021-10-06";"143645";""
"41173";"3111";"PLU";"COM";"2013-12-16 23:00:00+00:00";"2011-06-28 22:00:00+00:00";"31";"41";"24";"2021";"NON";"NON";"41173";"";"";"";"2021-10-06";"100772";""
"41175";"3299";"PLUi/PLUiS";"CC";"2021-04-14 22:00:00+00:00";"2015-11-08 23:00:00+00:00";"39";"41";"24";"2021";"NON";"OUI";"41175";"";"";"";"2021-10-06";"143645";""
"41176";"3432";"PLU";"CC";"2011-04-26 22:00:00+00:00";"2006-02-28 23:00:00+00:00";"33";"41";"24";"2021";"NON";"NON";"41176";"";"";"";"2021-10-06";"82442";""
"41177";"3299";"PLUi/PLUiS";"CC";"2021-01-20 23:00:00+00:00";"2015-12-02 23:00:00+00:00";"39";"41";"24";"2021";"NON";"OUI";"41177";"";"";"";"2021-10-06";"143647";""
"41179";"3299";"PLUi/PLUiS";"CC";"2021-04-14 22:00:00+00:00";"2015-11-08 23:00:00+00:00";"39";"41";"24";"2021";"NON";"OUI";"41179";"";"";"";"2021-10-06";"143645";""
"41180";"3399";"PLUi/PLUiS";"CC";"2019-12-08 23:00:00+00:00";"2015-02-08 23:00:00+00:00";"39";"41";"24";"2021";"OUI";"NON";"200072064";"";"";"";"2021-10-06";"143139";""
"41181";"3399";"PLUi/PLUiS";"CC";"2021-06-29 22:00:00+00:00";"2015-11-29 23:00:00+00:00";"39";"41";"24";"2021";"OUI";"NON";"200072064";"";"";"";"2021-10-06";"143236";""
"41184";"1432";"CC";"CA";"2017-05-28 22:00:00+00:00";"2015-12-10 23:00:00+00:00";"13";"41";"24";"2021";"NON";"NON";"41184";"";"";"";"2021-10-06";"143656";""
"41185";"3499";"PLU";"CC";"2014-11-06 23:00:00+00:00";"2011-04-01 22:00:00+00:00";"39";"41";"24";"2021";"NON";"NON";"200018406";"";"";"";"2021-10-06";"82360";""
"41186";"1432";"CC";"CA";"2007-04-01 22:00:00+00:00";"2004-05-05 22:00:00+00:00";"13";"41";"24";"2021";"NON";"NON";"200072072";"";"";"";"2021-10-06";"68158";""
"41187";"3299";"PLUi/PLUiS";"CC";"2021-04-14 22:00:00+00:00";"2015-11-08 23:00:00+00:00";"39";"41";"24";"2021";"NON";"OUI";"41187";"";"";"";"2021-10-06";"143645";""
"41189";"3432";"PLU";"CA";"2012-10-24 22:00:00+00:00";"2006-06-08 22:00:00+00:00";"33";"41";"24";"2021";"NON";"NON";"200030385";"";"";"";"2021-10-06";"62416";""
"41192";"1432";"CC";"CA";"2014-01-13 23:00:00+00:00";"2013-06-10 22:00:00+00:00";"13";"41";"24";"2021";"NON";"NON";"41192";"";"";"";"2021-10-06";"128186";""
"41193";"3299";"PLUi/PLUiS";"CC";"2021-04-14 22:00:00+00:00";"2015-11-08 23:00:00+00:00";"39";"41";"24";"2021";"NON";"OUI";"41193";"";"";"";"2021-10-06";"143645";""
"41194";"3499";"PLU";"CC";"2019-09-22 22:00:00+00:00";"2015-06-29 22:00:00+00:00";"39";"41";"24";"2021";"NON";"NON";"200018406";"";"";"";"2021-10-06";"143283";""
"41195";"3399";"PLUi/PLUiS";"CC";"2021-06-29 22:00:00+00:00";"2015-11-29 23:00:00+00:00";"39";"41";"24";"2021";"OUI";"NON";"200072064";"";"";"";"2021-10-06";"143236";""
"41196";"3299";"PLUi/PLUiS";"CC";"2021-04-14 22:00:00+00:00";"2015-11-08 23:00:00+00:00";"39";"41";"24";"2021";"NON";"OUI";"41196";"";"";"";"2021-10-06";"143645";""
"41198";"3399";"PLUi/PLUiS";"CC";"2021-06-29 22:00:00+00:00";"2015-11-29 23:00:00+00:00";"39";"41";"24";"2021";"OUI";"NON";"200072064";"";"";"";"2021-10-06";"143236";""
"41199";"3432";"PLU";"CA";"2009-02-02 23:00:00+00:00";"2005-03-01 23:00:00+00:00";"33";"41";"24";"2021";"NON";"NON";"41199";"";"";"";"2021-10-06";"81875";""
"41200";"1432";"CC";"CA";"2006-10-03 22:00:00+00:00";"2004-05-03 22:00:00+00:00";"13";"41";"24";"2021";"NON";"NON";"200072072";"";"";"";"2021-10-06";"69420";""
"41201";"1432";"CC";"CA";"2009-12-03 23:00:00+00:00";"2004-06-28 22:00:00+00:00";"13";"41";"24";"2021";"NON";"NON";"41201";"";"";"";"2021-10-06";"13449";""
"41204";"3432";"PLU";"CC";"2013-10-13 22:00:00+00:00";"2009-11-29 23:00:00+00:00";"33";"41";"24";"2021";"NON";"NON";"244100798";"";"";"";"2021-10-06";"63952";""
"41206";"3432";"PLU";"CA";"2008-02-27 23:00:00+00:00";"2003-11-20 23:00:00+00:00";"33";"41";"24";"2021";"NON";"NON";"41206";"";"";"";"2021-10-06";"81819";""
"41207";"3432";"PLU";"CC";"2009-01-22 23:00:00+00:00";"2001-06-18 22:00:00+00:00";"33";"41";"24";"2021";"NON";"NON";"244100798";"";"";"";"2021-10-06";"81808";""
"41211";"3399";"PLUi/PLUiS";"CC";"2019-12-08 23:00:00+00:00";"2015-02-08 23:00:00+00:00";"39";"41";"24";"2021";"OUI";"NON";"200072064";"";"";"";"2021-10-06";"143139";""
"41212";"3432";"PLU";"CA";"2008-02-27 23:00:00+00:00";"2004-05-05 22:00:00+00:00";"33";"41";"24";"2021";"NON";"NON";"41212";"";"";"";"2021-10-06";"81611";""
"41214";"3299";"PLUi/PLUiS";"CC";"2021-04-14 22:00:00+00:00";"2015-11-08 23:00:00+00:00";"39";"41";"24";"2021";"NON";"OUI";"41214";"";"";"";"2021-10-06";"143645";""
"41216";"3299";"PLUi/PLUiS";"CC";"2021-04-14 22:00:00+00:00";"2015-11-08 23:00:00+00:00";"39";"41";"24";"2021";"NON";"OUI";"41216";"";"";"";"2021-10-06";"143645";""
"41217";"3399";"PLUi/PLUiS";"CC";"2019-12-08 23:00:00+00:00";"2015-02-08 23:00:00+00:00";"39";"41";"24";"2021";"OUI";"NON";"200072064";"";"";"";"2021-10-06";"143139";""
"41218";"1499";"CC";"CC";"2012-06-18 22:00:00+00:00";"2004-12-08 23:00:00+00:00";"19";"41";"24";"2021";"NON";"NON";"200018406";"";"";"";"2021-10-06";"67421";""
"41219";"1199";"CC";"COM";"2005-09-25 22:00:00+00:00";"2002-03-28 23:00:00+00:00";"19";"41";"24";"2021";"NON";"NON";"41219";"";"";"";"2021-10-06";"69422";""
"41221";"1432";"CC";"CC";"2002-09-11 22:00:00+00:00";"2001-12-11 23:00:00+00:00";"13";"41";"24";"2021";"NON";"NON";"41221";"";"";"";"2021-10-06";"69423";""
"41222";"1499";"CC";"CC";"2004-05-31 22:00:00+00:00";"2002-04-27 22:00:00+00:00";"19";"41";"24";"2021";"NON";"NON";"200018406";"";"";"";"2021-10-06";"69424";""
"41223";"3432";"PLU";"CA";"2006-07-10 22:00:00+00:00";"2003-04-22 22:00:00+00:00";"33";"41";"24";"2021";"NON";"NON";"41223";"";"";"";"2021-10-06";"52813";""
"41224";"3299";"PLUi/PLUiS";"CC";"2021-01-20 23:00:00+00:00";"2015-12-02 23:00:00+00:00";"39";"41";"24";"2021";"NON";"OUI";"41224";"";"";"";"2021-10-06";"143647";""
"41225";"3432";"PLU";"CA";"2010-04-25 22:00:00+00:00";"2004-10-13 22:00:00+00:00";"33";"41";"24";"2021";"NON";"NON";"41225";"";"";"";"2021-10-06";"81104";""
"41226";"3432";"PLU";"CA";"2010-10-06 22:00:00+00:00";"2008-06-04 22:00:00+00:00";"33";"41";"24";"2021";"NON";"NON";"200072072";"";"";"";"2021-10-06";"81081";""
"41229";"3399";"PLUi/PLUiS";"CC";"2021-06-29 22:00:00+00:00";"2015-11-29 23:00:00+00:00";"39";"41";"24";"2021";"OUI";"NON";"200072064";"";"";"";"2021-10-06";"143236";""
"41230";"3432";"PLU";"CA";"2007-06-03 22:00:00+00:00";"2004-12-12 23:00:00+00:00";"33";"41";"24";"2021";"NON";"NON";"41230";"";"";"";"2021-10-06";"80813";""
"41232";"3432";"PLU";"CC";"2013-05-22 22:00:00+00:00";"2012-05-23 22:00:00+00:00";"33";"41";"24";"2021";"NON";"NON";"41232";"";"";"";"2021-10-06";"116861";""
"41233";"3432";"PLU";"CA";"2016-03-30 22:00:00+00:00";"2012-02-09 23:00:00+00:00";"33";"41";"24";"2021";"NON";"NON";"41233";"";"";"";"2021-10-06";"90521";""
"41234";"1432";"CC";"CA";"2012-01-05 23:00:00+00:00";"2009-02-04 23:00:00+00:00";"13";"41";"24";"2021";"NON";"NON";"200030385";"";"";"";"2021-10-06";"67422";""
"41235";"3299";"PLUi/PLUiS";"CC";"2021-01-20 23:00:00+00:00";"2015-12-02 23:00:00+00:00";"39";"41";"24";"2021";"NON";"OUI";"41235";"";"";"";"2021-10-06";"143647";""
"41236";"3432";"PLU";"CA";"2013-11-21 23:00:00+00:00";"2011-03-10 23:00:00+00:00";"33";"41";"24";"2021";"NON";"NON";"41236";"";"";"";"2021-10-06";"100788";""
"41237";"3399";"PLUi/PLUiS";"CC";"2021-06-29 22:00:00+00:00";"2015-11-29 23:00:00+00:00";"39";"41";"24";"2021";"OUI";"NON";"200072064";"";"";"";"2021-10-06";"143236";""
"41238";"3432";"PLU";"CA";"2013-07-29 22:00:00+00:00";"2007-10-24 22:00:00+00:00";"33";"41";"24";"2021";"NON";"NON";"41238";"";"";"";"2021-10-06";"49590";""
"41239";"3399";"PLUi/PLUiS";"CC";"2021-06-29 22:00:00+00:00";"2015-11-29 23:00:00+00:00";"39";"41";"24";"2021";"OUI";"NON";"200072064";"";"";"";"2021-10-06";"143236";""
"41241";"3432";"PLU";"CC";"2004-07-22 22:00:00+00:00";"2002-02-18 23:00:00+00:00";"33";"41";"24";"2021";"NON";"NON";"41241";"";"";"";"2021-10-06";"52825";""
"41242";"3399";"PLUi/PLUiS";"CC";"2021-06-29 22:00:00+00:00";"2015-11-29 23:00:00+00:00";"39";"41";"24";"2021";"OUI";"NON";"200072064";"";"";"";"2021-10-06";"143236";""
"41245";"3432";"PLU";"CC";"2013-06-19 22:00:00+00:00";"2010-05-16 22:00:00+00:00";"33";"41";"24";"2021";"NON";"NON";"41245";"";"";"";"2021-10-06";"49591";""
"41246";"3432";"PLU";"CA";"2014-09-07 22:00:00+00:00";"2009-01-28 23:00:00+00:00";"33";"41";"24";"2021";"NON";"NON";"41246";"";"";"";"2021-10-06";"62419";""
"41247";"3399";"PLUi/PLUiS";"CC";"2021-06-29 22:00:00+00:00";"2015-11-29 23:00:00+00:00";"39";"41";"24";"2021";"OUI";"NON";"200072064";"";"";"";"2021-10-06";"143236";""
"41248";"3299";"PLUi/PLUiS";"CC";"2021-01-20 23:00:00+00:00";"2015-12-02 23:00:00+00:00";"39";"41";"24";"2021";"NON";"OUI";"41248";"";"";"";"2021-10-06";"143647";""
"41249";"3432";"PLU";"CC";"2011-04-26 22:00:00+00:00";"2006-02-28 23:00:00+00:00";"33";"41";"24";"2021";"NON";"NON";"41249";"";"";"";"2021-10-06";"79593";""
"41250";"3432";"PLU";"CA";"2005-04-21 22:00:00+00:00";"2001-10-18 22:00:00+00:00";"33";"41";"24";"2021";"NON";"NON";"41250";"";"";"";"2021-10-06";"52826";""
"41251";"1199";"CC";"COM";"2004-09-20 22:00:00+00:00";"2002-04-30 22:00:00+00:00";"19";"41";"24";"2021";"NON";"NON";"41251";"";"";"";"2021-10-06";"69428";""
"41252";"3432";"PLU";"CC";"2005-06-15 22:00:00+00:00";"2001-07-04 22:00:00+00:00";"33";"41";"24";"2021";"NON";"NON";"41252";"";"";"";"2021-10-06";"79389";""
"41254";"3299";"PLUi/PLUiS";"CC";"2021-01-20 23:00:00+00:00";"2015-12-02 23:00:00+00:00";"39";"41";"24";"2021";"NON";"OUI";"41254";"";"";"";"2021-10-06";"143647";""
"41255";"1432";"CC";"CA";"2009-06-01 22:00:00+00:00";"2003-09-18 22:00:00+00:00";"13";"41";"24";"2021";"NON";"NON";"41255";"";"";"";"2021-10-06";"69429";""
"41256";"3432";"PLU";"CC";"2017-06-18 22:00:00+00:00";"2012-02-05 23:00:00+00:00";"33";"41";"24";"2021";"NON";"NON";"41256";"";"";"";"2021-10-06";"116869";""
"41258";"3399";"PLUi/PLUiS";"CC";"2021-06-29 22:00:00+00:00";"2015-11-29 23:00:00+00:00";"39";"41";"24";"2021";"OUI";"NON";"200072064";"";"";"";"2021-10-06";"143236";""
"41259";"3432";"PLU";"CA";"2012-06-14 22:00:00+00:00";"2008-04-23 22:00:00+00:00";"33";"41";"24";"2021";"NON";"NON";"200072072";"";"";"";"2021-10-06";"62421";""
"41260";"3432";"PLU";"CC";"2001-12-27 23:00:00+00:00";"2001-06-14 22:00:00+00:00";"33";"41";"24";"2021";"NON";"NON";"244100798";"";"";"";"2021-10-06";"56086";""
"41262";"3432";"PLU";"CC";"2014-05-26 22:00:00+00:00";"2009-05-25 22:00:00+00:00";"33";"41";"24";"2021";"NON";"NON";"244100798";"";"";"";"2021-10-06";"65066";""
"41266";"1432";"CC";"CA";"2011-04-27 22:00:00+00:00";"2009-01-31 23:00:00+00:00";"13";"41";"24";"2021";"NON";"NON";"41266";"";"";"";"2021-10-06";"67505";""
"41267";"3399";"PLUi/PLUiS";"CC";"2019-12-08 23:00:00+00:00";"2015-02-08 23:00:00+00:00";"39";"41";"24";"2021";"OUI";"NON";"200072064";"";"";"";"2021-10-06";"143139";""
"41268";"1432";"CC";"CC";"2011-07-18 22:00:00+00:00";"2009-09-03 22:00:00+00:00";"13";"41";"24";"2021";"NON";"NON";"41268";"";"";"";"2021-10-06";"49317";""
"41269";"3432";"PLU";"CA";"2013-09-25 22:00:00+00:00";"2009-09-23 22:00:00+00:00";"33";"41";"24";"2021";"NON";"NON";"200072072";"";"";"";"2021-10-06";"62422";""
"41271";"3432";"PLU";"CC";"2006-05-18 22:00:00+00:00";"2002-05-16 22:00:00+00:00";"33";"41";"24";"2021";"NON";"NON";"41271";"";"";"";"2021-10-06";"52827";""
"41273";"1432";"CC";"CC";"2006-08-28 22:00:00+00:00";"2003-03-09 23:00:00+00:00";"13";"41";"24";"2021";"NON";"NON";"41273";"";"";"";"2021-10-06";"69433";""
"41275";"3432";"PLU";"CA";"2011-11-13 23:00:00+00:00";"2007-07-17 22:00:00+00:00";"33";"41";"24";"2021";"NON";"NON";"200072072";"";"";"";"2021-10-06";"62423";""
"41276";"3432";"PLU";"CA";"2006-05-08 22:00:00+00:00";"2003-09-07 22:00:00+00:00";"33";"41";"24";"2021";"NON";"NON";"41276";"";"";"";"2021-10-06";"52823";""
"41277";"3299";"PLUi/PLUiS";"CC";"2021-04-14 22:00:00+00:00";"2015-11-08 23:00:00+00:00";"39";"41";"24";"2021";"NON";"OUI";"41277";"";"";"";"2021-10-06";"143645";""
"41279";"1432";"CC";"CA";"2006-01-17 23:00:00+00:00";"2004-12-31 23:00:00+00:00";"13";"41";"24";"2021";"NON";"NON";"41279";"";"";"";"2021-10-06";"70389";""
"41280";"3499";"PLU";"CC";"2018-11-22 23:00:00+00:00";"2009-12-14 23:00:00+00:00";"39";"41";"24";"2021";"NON";"NON";"200018406";"";"";"";"2021-10-06";"62424";""
"41281";"1432";"CC";"CA";"2005-10-23 22:00:00+00:00";"2004-12-31 23:00:00+00:00";"13";"41";"24";"2021";"NON";"NON";"200030385";"";"";"";"2021-10-06";"68160";""
"41282";"1499";"CC";"CC";"2013-03-26 23:00:00+00:00";"2011-04-06 22:00:00+00:00";"19";"41";"24";"2021";"NON";"NON";"200018406";"";"";"";"2021-10-06";"74212";""
"41285";"1432";"CC";"CC";"2010-07-07 22:00:00+00:00";"2009-12-31 23:00:00+00:00";"13";"41";"24";"2021";"NON";"NON";"41285";"";"";"";"2021-10-06";"74209";""
"41287";"3432";"PLU";"CA";"2007-07-03 22:00:00+00:00";"2003-09-18 22:00:00+00:00";"33";"41";"24";"2021";"NON";"NON";"200072072";"";"";"";"2021-10-06";"52831";""
"41288";"3432";"PLU";"CA";"2006-07-05 22:00:00+00:00";"2003-08-31 22:00:00+00:00";"33";"41";"24";"2021";"NON";"NON";"41288";"";"";"";"2021-10-06";"52830";""
"41289";"1199";"CC";"COM";"2005-08-22 22:00:00+00:00";"2002-02-28 23:00:00+00:00";"19";"41";"24";"2021";"NON";"NON";"41289";"";"";"";"2021-10-06";"69435";""
"41292";"1432";"CC";"CC";"2008-03-19 23:00:00+00:00";"2004-05-03 22:00:00+00:00";"13";"41";"24";"2021";"NON";"NON";"41292";"";"";"";"2021-10-06";"68161";""
"41293";"1432";"CC";"CA";"2013-03-10 23:00:00+00:00";"2004-04-08 22:00:00+00:00";"13";"41";"24";"2021";"NON";"NON";"200072072";"";"";"";"2021-10-06";"13456";""
"41294";"3432";"PLU";"CA";"2013-11-28 23:00:00+00:00";"2009-11-19 23:00:00+00:00";"33";"41";"24";"2021";"NON";"NON";"200072072";"";"";"";"2021-10-06";"63954";""
"41295";"3432";"PLU";"CA";"2012-12-16 23:00:00+00:00";"2008-09-21 22:00:00+00:00";"33";"41";"24";"2021";"NON";"NON";"41295";"";"";"";"2021-10-06";"62425";""
"41296";"3131";"PLU";"COM";"2003-03-13 23:00:00+00:00";"2001-06-14 22:00:00+00:00";"33";"41";"24";"2021";"NON";"NON";"41296";"";"";"";"2021-10-06";"52832";""
"41297";"1432";"CC";"CC";"2006-01-15 23:00:00+00:00";"2005-03-31 22:00:00+00:00";"13";"41";"24";"2021";"NON";"NON";"41297";"";"";"";"2021-10-06";"69436";""
"42001";"3432";"PLU";"MET";"2019-06-26 22:00:00+00:00";"2015-01-22 23:00:00+00:00";"33";"42";"84";"2021";"NON";"NON";"244200770";"";"";"";"2021-10-06";"137948";""
"42002";"1499";"CC";"CA";"2007-06-13 22:00:00+00:00";"2002-09-03 22:00:00+00:00";"19";"42";"84";"2021";"NON";"NON";"200065886";"";"";"";"2021-10-06";"12055";""
"42003";"3199";"PLU";"COM";"2019-06-17 22:00:00+00:00";"2013-10-16 22:00:00+00:00";"39";"42";"84";"2021";"NON";"NON";"42003";"";"";"";"2021-10-06";"127151";""
"42005";"3432";"PLU";"MET";"2013-12-18 23:00:00+00:00";"2012-06-27 22:00:00+00:00";"33";"42";"84";"2021";"NON";"NON";"244200770";"";"";"";"2021-10-06";"113112";""
"42006";"3499";"PLU";"CA";"2009-05-14 22:00:00+00:00";"2006-01-19 23:00:00+00:00";"39";"42";"84";"2021";"NON";"NON";"200065886";"";"";"";"2021-10-06";"12024";""
"42007";"3199";"PLU";"COM";"2018-11-05 23:00:00+00:00";"2012-04-25 22:00:00+00:00";"39";"42";"84";"2021";"NON";"NON";"42007";"";"";"";"2021-10-06";"95428";""
"42009";"1499";"CC";"CA";"2007-03-26 22:00:00+00:00";"2002-09-11 22:00:00+00:00";"19";"42";"84";"2021";"NON";"NON";"200065886";"";"";"";"2021-10-06";"11893";""
"42010";"3131";"PLU";"COM";"2009-12-16 23:00:00+00:00";"2002-03-03 23:00:00+00:00";"33";"42";"84";"2021";"NON";"NON";"42010";"";"";"";"2021-10-06";"11295";""
"42011";"3199";"PLU";"COM";"2018-10-08 22:00:00+00:00";"2014-09-15 22:00:00+00:00";"39";"42";"84";"2021";"NON";"NON";"42011";"";"";"";"2021-10-06";"134780";""
"42012";"3433";"PLU";"CA";"2008-03-14 23:00:00+00:00";"2005-11-16 23:00:00+00:00";"33";"42";"84";"2021";"NON";"NON";"200065886";"";"";"";"2021-10-06";"18508";""
"42013";"3199";"PLU";"COM";"2016-12-11 23:00:00+00:00";"2009-10-26 23:00:00+00:00";"39";"42";"84";"2021";"NON";"NON";"42013";"";"";"";"2021-10-06";"40255";""
"42014";"3199";"PLU";"COM";"2017-02-27 23:00:00+00:00";"2012-02-23 23:00:00+00:00";"39";"42";"84";"2021";"NON";"NON";"42014";"";"";"";"2021-10-06";"95403";""
"42015";"3199";"PLU";"COM";"2018-01-11 23:00:00+00:00";"2010-12-09 23:00:00+00:00";"39";"42";"84";"2021";"NON";"NON";"42015";"";"";"";"2021-10-06";"46488";""
"42016";"3199";"PLU";"COM";"2017-01-23 23:00:00+00:00";"2011-12-18 23:00:00+00:00";"39";"42";"84";"2021";"NON";"NON";"42016";"";"";"";"2021-10-06";"106924";""
"42017";"3199";"PLU";"COM";"2016-11-24 23:00:00+00:00";"2009-12-21 23:00:00+00:00";"39";"42";"84";"2021";"NON";"NON";"42017";"";"";"";"2021-10-06";"40927";""
"42018";"3199";"PLU";"COM";"2019-09-11 22:00:00+00:00";"2014-11-12 23:00:00+00:00";"39";"42";"84";"2021";"NON";"NON";"42018";"";"";"";"2021-10-06";"131820";""
"42019";"3499";"PLU";"CA";"2018-07-09 22:00:00+00:00";"2008-06-08 22:00:00+00:00";"39";"42";"84";"2021";"NON";"NON";"200065886";"";"";"";"2021-10-06";"11304";""
"42020";"3433";"PLU";"CA";"2014-03-10 23:00:00+00:00";"2011-12-21 23:00:00+00:00";"33";"42";"84";"2021";"NON";"NON";"200065886";"";"";"";"2021-10-06";"102630";""
"42021";"3433";"PLU";"CA";"2015-07-08 22:00:00+00:00";"2009-09-03 22:00:00+00:00";"33";"42";"84";"2021";"NON";"NON";"200065886";"";"";"";"2021-10-06";"39651";""
"42022";"3433";"PLU";"CA";"2012-07-11 22:00:00+00:00";"2009-03-24 23:00:00+00:00";"33";"42";"84";"2021";"NON";"NON";"200065886";"";"";"";"2021-10-06";"38467";""
"42023";"3131";"PLU";"COM";"2004-01-28 23:00:00+00:00";"2003-03-26 23:00:00+00:00";"33";"42";"84";"2021";"NON";"NON";"42023";"";"";"";"2021-10-06";"11203";""
"42026";"3199";"PLU";"COM";"2017-05-29 22:00:00+00:00";"2012-11-29 23:00:00+00:00";"39";"42";"84";"2021";"NON";"NON";"42026";"";"";"";"2021-10-06";"116136";""
"42027";"3199";"PLU";"COM";"2009-05-24 22:00:00+00:00";"2005-05-17 22:00:00+00:00";"39";"42";"84";"2021";"NON";"NON";"42027";"";"";"";"2021-10-06";"12059";""
"42028";"3199";"PLU";"COM";"2010-05-05 22:00:00+00:00";"2005-10-09 22:00:00+00:00";"39";"42";"84";"2021";"NON";"NON";"42028";"";"";"";"2021-10-06";"11962";""
"42029";"3199";"PLU";"COM";"2017-11-30 23:00:00+00:00";"2015-12-10 23:00:00+00:00";"39";"42";"84";"2021";"NON";"NON";"42029";"";"";"";"2021-10-06";"144455";""
"42030";"3499";"PLU";"CA";"2013-12-09 23:00:00+00:00";"2008-06-09 22:00:00+00:00";"39";"42";"84";"2021";"NON";"NON";"200065886";"";"";"";"2021-10-06";"36689";""
"42031";"3432";"PLU";"MET";"2016-05-10 22:00:00+00:00";"2011-06-16 22:00:00+00:00";"33";"42";"84";"2021";"NON";"NON";"244200770";"";"";"";"2021-10-06";"77723";""
"42032";"3432";"PLU";"MET";"2019-10-02 22:00:00+00:00";"2008-10-22 22:00:00+00:00";"33";"42";"84";"2021";"NON";"NON";"244200770";"";"";"";"2021-10-06";"38600";""
"42033";"3199";"PLU";"COM";"2017-01-23 23:00:00+00:00";"2012-01-11 23:00:00+00:00";"39";"42";"84";"2021";"NON";"NON";"42033";"";"";"";"2021-10-06";"95459";""
"42035";"1499";"CC";"CA";"2004-11-15 23:00:00+00:00";"2002-11-07 23:00:00+00:00";"19";"42";"84";"2021";"NON";"NON";"200065886";"";"";"";"2021-10-06";"12065";""
"42036";"3432";"PLU";"MET";"2014-03-19 23:00:00+00:00";"2008-12-03 23:00:00+00:00";"33";"42";"84";"2021";"NON";"NON";"244200770";"";"";"";"2021-10-06";"37207";""
"42037";"3433";"PLU";"CA";"2008-04-29 22:00:00+00:00";"2006-01-19 23:00:00+00:00";"33";"42";"84";"2021";"NON";"NON";"200065886";"";"";"";"2021-10-06";"11912";""
"42038";"3433";"PLU";"CA";"2010-02-14 23:00:00+00:00";"2006-11-13 23:00:00+00:00";"33";"42";"84";"2021";"NON";"NON";"200065886";"";"";"";"2021-10-06";"26252";""
"42039";"1433";"CC";"CA";"2004-12-01 23:00:00+00:00";"2001-11-06 23:00:00+00:00";"13";"42";"84";"2021";"NON";"NON";"200065886";"";"";"";"2021-10-06";"11915";""
"42041";"3131";"PLU";"COM";"2009-05-25 22:00:00+00:00";"2006-03-27 22:00:00+00:00";"33";"42";"84";"2021";"NON";"NON";"42041";"";"";"";"2021-10-06";"13395";""
"42043";"3432";"PLU";"MET";"2021-03-24 23:00:00+00:00";"2010-11-03 23:00:00+00:00";"33";"42";"84";"2021";"NON";"NON";"244200770";"";"";"";"2021-10-06";"43476";""
"42044";"3432";"PLU";"MET";"2006-12-12 23:00:00+00:00";"2001-10-22 22:00:00+00:00";"33";"42";"84";"2021";"NON";"NON";"244200770";"";"";"";"2021-10-06";"4331";""
"42046";"3433";"PLU";"CA";"2005-12-20 23:00:00+00:00";"2002-12-11 23:00:00+00:00";"33";"42";"84";"2021";"NON";"NON";"200065886";"";"";"";"2021-10-06";"11345";""
"42048";"3199";"PLU";"COM";"2017-07-03 22:00:00+00:00";"2012-01-09 23:00:00+00:00";"39";"42";"84";"2021";"NON";"NON";"42048";"";"";"";"2021-10-06";"95467";""
"42049";"1199";"CC";"COM";"2014-04-17 22:00:00+00:00";"2012-10-21 22:00:00+00:00";"19";"42";"84";"2021";"NON";"NON";"42049";"";"";"";"2021-10-06";"116133";""
"42050";"3499";"PLU";"CA";"2014-11-13 23:00:00+00:00";"2006-01-26 23:00:00+00:00";"39";"42";"84";"2021";"NON";"NON";"200065886";"";"";"";"2021-10-06";"12067";""
"42051";"3199";"PLU";"COM";"2008-04-27 22:00:00+00:00";"2004-04-18 22:00:00+00:00";"39";"42";"84";"2021";"NON";"NON";"42051";"";"";"";"2021-10-06";"11509";""
"42052";"3199";"PLU";"COM";"2017-04-05 22:00:00+00:00";"2012-04-04 22:00:00+00:00";"39";"42";"84";"2021";"NON";"NON";"42052";"";"";"";"2021-10-06";"116145";""
"42053";"3432";"PLU";"MET";"2012-03-26 22:00:00+00:00";"2006-10-09 22:00:00+00:00";"33";"42";"84";"2021";"NON";"NON";"244200770";"";"";"";"2021-10-06";"15826";""
"42054";"3433";"PLU";"CA";"2003-07-06 22:00:00+00:00";"2001-12-20 23:00:00+00:00";"33";"42";"84";"2021";"NON";"NON";"200065886";"";"";"";"2021-10-06";"12033";""
"42056";"3199";"PLU";"COM";"2019-02-19 23:00:00+00:00";"2011-06-16 22:00:00+00:00";"39";"42";"84";"2021";"NON";"NON";"42056";"";"";"";"2021-10-06";"77754";""
"42058";"3433";"PLU";"CA";"2009-05-19 22:00:00+00:00";"2005-03-03 23:00:00+00:00";"33";"42";"84";"2021";"NON";"NON";"200065886";"";"";"";"2021-10-06";"11543";""
"42059";"3199";"PLU";"COM";"2014-02-12 23:00:00+00:00";"2010-01-20 23:00:00+00:00";"39";"42";"84";"2021";"NON";"NON";"42059";"";"";"";"2021-10-06";"29255";""
"42060";"3499";"PLU";"CA";"2014-07-09 22:00:00+00:00";"2012-07-19 22:00:00+00:00";"39";"42";"84";"2021";"NON";"NON";"200065886";"";"";"";"2021-10-06";"113110";""
"42062";"3199";"PLU";"COM";"2019-09-26 22:00:00+00:00";"2014-06-26 22:00:00+00:00";"39";"42";"84";"2021";"NON";"NON";"42062";"";"";"";"2021-10-06";"131817";""
"42063";"3432";"PLU";"CC";"2017-03-29 22:00:00+00:00";"2007-04-25 22:00:00+00:00";"33";"42";"84";"2021";"NON";"NON";"244200630";"";"";"";"2021-10-06";"36756";""
"42064";"3199";"PLU";"COM";"2009-10-01 22:00:00+00:00";"2005-03-20 23:00:00+00:00";"39";"42";"84";"2021";"NON";"NON";"42064";"";"";"";"2021-10-06";"36757";""
"42065";"3199";"PLU";"COM";"2011-05-15 22:00:00+00:00";"2008-05-21 22:00:00+00:00";"39";"42";"84";"2021";"NON";"NON";"42065";"";"";"";"2021-10-06";"36758";""
"42066";"3199";"PLU";"COM";"2008-05-15 22:00:00+00:00";"2003-05-13 22:00:00+00:00";"39";"42";"84";"2021";"NON";"NON";"42066";"";"";"";"2021-10-06";"11917";""
"42067";"1199";"CC";"COM";"2012-02-01 23:00:00+00:00";"2008-10-15 22:00:00+00:00";"19";"42";"84";"2021";"NON";"NON";"42067";"";"";"";"2021-10-06";"38346";""
"42068";"1199";"CC";"COM";"2007-01-15 23:00:00+00:00";"2005-05-11 22:00:00+00:00";"19";"42";"84";"2021";"NON";"NON";"42068";"";"";"";"2021-10-06";"12039";""
"42069";"3199";"PLU";"COM";"2018-02-21 23:00:00+00:00";"2012-10-17 22:00:00+00:00";"39";"42";"84";"2021";"NON";"NON";"42069";"";"";"";"2021-10-06";"116132";""
"42070";"3432";"PLU";"CC";"2007-10-07 22:00:00+00:00";"2003-10-09 22:00:00+00:00";"33";"42";"84";"2021";"NON";"NON";"244200630";"";"";"";"2021-10-06";"11920";""
"42071";"3199";"PLU";"COM";"2019-12-18 23:00:00+00:00";"2012-07-04 22:00:00+00:00";"39";"42";"84";"2021";"NON";"NON";"42071";"";"";"";"2021-10-06";"114482";""
"42073";"1199";"CC";"COM";"2008-04-27 22:00:00+00:00";"2007-07-16 22:00:00+00:00";"19";"42";"84";"2021";"NON";"NON";"42073";"";"";"";"2021-10-06";"36761";""
"42074";"3199";"PLU";"COM";"2017-10-18 22:00:00+00:00";"2014-10-13 22:00:00+00:00";"39";"42";"84";"2021";"NON";"NON";"42074";"";"";"";"2021-10-06";"134751";""
"42075";"3433";"PLU";"CA";"2018-02-05 23:00:00+00:00";"2011-09-15 22:00:00+00:00";"33";"42";"84";"2021";"NON";"NON";"200065886";"";"";"";"2021-10-06";"82659";""
"42076";"1199";"CC";"COM";"2006-02-22 23:00:00+00:00";"2003-01-08 23:00:00+00:00";"19";"42";"84";"2021";"NON";"NON";"42076";"";"";"";"2021-10-06";"11729";""
"42077";"1432";"CC";"CC";"2009-05-28 22:00:00+00:00";"2005-03-03 23:00:00+00:00";"13";"42";"84";"2021";"NON";"NON";"244200630";"";"";"";"2021-10-06";"12040";""
"42078";"3199";"PLU";"COM";"2015-05-10 22:00:00+00:00";"2007-06-21 22:00:00+00:00";"39";"42";"84";"2021";"NON";"NON";"42078";"";"";"";"2021-10-06";"33185";""
"42079";"3199";"PLU";"COM";"2016-07-19 22:00:00+00:00";"2012-02-02 23:00:00+00:00";"39";"42";"84";"2021";"NON";"NON";"42079";"";"";"";"2021-10-06";"95439";""
"42081";"3199";"PLU";"COM";"2019-10-06 22:00:00+00:00";"2015-03-25 23:00:00+00:00";"39";"42";"84";"2021";"NON";"NON";"42081";"";"";"";"2021-10-06";"137949";""
"42083";"3432";"PLU";"MET";"2017-12-06 23:00:00+00:00";"2015-09-13 22:00:00+00:00";"33";"42";"84";"2021";"NON";"NON";"244200770";"";"";"";"2021-10-06";"142333";""
"42085";"3432";"PLU";"MET";"2014-02-10 23:00:00+00:00";"2010-02-17 23:00:00+00:00";"33";"42";"84";"2021";"NON";"NON";"244200770";"";"";"";"2021-10-06";"41392";""
"42086";"3199";"PLU";"COM";"2015-07-16 22:00:00+00:00";"2009-06-03 22:00:00+00:00";"39";"42";"84";"2021";"NON";"NON";"42086";"";"";"";"2021-10-06";"39289";""
"42088";"3131";"PLU";"COM";"2008-02-26 23:00:00+00:00";"2003-10-02 22:00:00+00:00";"33";"42";"84";"2021";"NON";"NON";"42088";"";"";"";"2021-10-06";"11735";""
"42089";"3433";"PLU";"CA";"2014-11-02 23:00:00+00:00";"2010-09-05 22:00:00+00:00";"33";"42";"84";"2021";"NON";"NON";"200065886";"";"";"";"2021-10-06";"42302";""
"42090";"1199";"CC";"COM";"2008-12-09 23:00:00+00:00";"2004-10-12 22:00:00+00:00";"19";"42";"84";"2021";"NON";"NON";"42090";"";"";"";"2021-10-06";"11929";""
"42091";"3499";"PLU";"CA";"2006-11-15 23:00:00+00:00";"2001-06-13 22:00:00+00:00";"39";"42";"84";"2021";"NON";"NON";"200065886";"";"";"";"2021-10-06";"11737";""
"42092";"3432";"PLU";"MET";"2013-09-30 22:00:00+00:00";"2010-05-10 22:00:00+00:00";"33";"42";"84";"2021";"NON";"NON";"244200770";"";"";"";"2021-10-06";"41718";""
"42093";"3432";"PLU";"MET";"2007-01-11 23:00:00+00:00";"2002-03-28 23:00:00+00:00";"33";"42";"84";"2021";"NON";"NON";"244200770";"";"";"";"2021-10-06";"11364";""
"42094";"3131";"PLU";"COM";"2010-07-11 22:00:00+00:00";"2002-12-09 23:00:00+00:00";"33";"42";"84";"2021";"NON";"NON";"42094";"";"";"";"2021-10-06";"38498";""
"42095";"3432";"PLU";"MET";"2007-02-09 23:00:00+00:00";"2002-05-24 22:00:00+00:00";"33";"42";"84";"2021";"NON";"NON";"244200770";"";"";"";"2021-10-06";"4321";""
"42096";"3432";"PLU";"MET";"2014-02-13 23:00:00+00:00";"2011-01-06 23:00:00+00:00";"33";"42";"84";"2021";"NON";"NON";"244200770";"";"";"";"2021-10-06";"47911";""
"42097";"3432";"PLU";"MET";"2014-01-19 23:00:00+00:00";"2009-02-22 23:00:00+00:00";"33";"42";"84";"2021";"NON";"NON";"244200770";"";"";"";"2021-10-06";"38608";""
"42098";"1432";"CC";"CC";"2006-02-05 23:00:00+00:00";"2003-10-23 22:00:00+00:00";"13";"42";"84";"2021";"NON";"NON";"244200630";"";"";"";"2021-10-06";"11741";""
"42099";"3432";"PLU";"MET";"2014-09-04 22:00:00+00:00";"2008-04-06 22:00:00+00:00";"33";"42";"84";"2021";"NON";"NON";"244200770";"";"";"";"2021-10-06";"36764";""
"42100";"3432";"PLU";"MET";"2008-01-10 23:00:00+00:00";"2005-06-02 22:00:00+00:00";"33";"42";"84";"2021";"NON";"NON";"244200770";"";"";"";"2021-10-06";"12042";""
"42102";"1131";"CC";"COM";"2006-11-23 23:00:00+00:00";"2003-03-10 23:00:00+00:00";"13";"42";"84";"2021";"NON";"NON";"42102";"";"";"";"2021-10-06";"11742";""
"42103";"3432";"PLU";"MET";"2016-06-29 22:00:00+00:00";"2011-01-27 23:00:00+00:00";"33";"42";"84";"2021";"NON";"NON";"244200770";"";"";"";"2021-10-06";"47789";""
"42104";"3199";"PLU";"COM";"2020-02-04 23:00:00+00:00";"2017-07-25 22:00:00+00:00";"39";"42";"84";"2021";"NON";"NON";"42104";"";"";"";"2021-10-06";"160666";""
"42105";"1433";"CC";"CA";"2007-03-26 22:00:00+00:00";"2002-12-08 23:00:00+00:00";"13";"42";"84";"2021";"NON";"NON";"200065886";"";"";"";"2021-10-06";"12068";""
"42106";"3199";"PLU";"COM";"2018-02-13 23:00:00+00:00";"2014-07-06 22:00:00+00:00";"39";"42";"84";"2021";"NON";"NON";"42106";"";"";"";"2021-10-06";"131842";""
"42107";"3433";"PLU";"CA";"2012-12-16 23:00:00+00:00";"2006-05-23 22:00:00+00:00";"33";"42";"84";"2021";"NON";"NON";"200065886";"";"";"";"2021-10-06";"38427";""
"42108";"3433";"PLU";"CA";"2013-06-18 22:00:00+00:00";"2008-05-21 22:00:00+00:00";"33";"42";"84";"2021";"NON";"NON";"200065886";"";"";"";"2021-10-06";"36767";""
"42110";"3432";"PLU";"MET";"2008-10-27 23:00:00+00:00";"2002-12-11 23:00:00+00:00";"33";"42";"84";"2021";"NON";"NON";"244200770";"";"";"";"2021-10-06";"11050";""
"42112";"3199";"PLU";"COM";"2012-02-26 23:00:00+00:00";"2009-02-02 23:00:00+00:00";"39";"42";"84";"2021";"NON";"NON";"42112";"";"";"";"2021-10-06";"38425";""
"42113";"3199";"PLU";"COM";"2013-06-20 22:00:00+00:00";"2006-02-02 23:00:00+00:00";"39";"42";"84";"2021";"NON";"NON";"42113";"";"";"";"2021-10-06";"11510";""
"42115";"3199";"PLU";"COM";"2006-03-01 23:00:00+00:00";"2001-05-31 22:00:00+00:00";"39";"42";"84";"2021";"NON";"NON";"42115";"";"";"";"2021-10-06";"11367";""
"42116";"1199";"CC";"COM";"2016-05-03 22:00:00+00:00";"2014-04-28 22:00:00+00:00";"19";"42";"84";"2021";"NON";"NON";"42116";"";"";"";"2021-10-06";"130282";""
"42117";"3433";"PLU";"CA";"2007-11-29 23:00:00+00:00";"2004-03-11 23:00:00+00:00";"33";"42";"84";"2021";"NON";"NON";"200065886";"";"";"";"2021-10-06";"12076";""
"42118";"1432";"CC";"CC";"2005-04-18 22:00:00+00:00";"2001-06-13 22:00:00+00:00";"13";"42";"84";"2021";"NON";"NON";"244200630";"";"";"";"2021-10-06";"11748";""
"42120";"3199";"PLU";"COM";"2017-04-24 22:00:00+00:00";"2014-06-22 22:00:00+00:00";"39";"42";"84";"2021";"NON";"NON";"42120";"";"";"";"2021-10-06";"131807";""
"42121";"1433";"CC";"CA";"2006-12-04 23:00:00+00:00";"2003-09-17 22:00:00+00:00";"13";"42";"84";"2021";"NON";"NON";"200065886";"";"";"";"2021-10-06";"12069";""
"42122";"3433";"PLU";"CA";"2013-04-18 22:00:00+00:00";"2010-07-01 22:00:00+00:00";"33";"42";"84";"2021";"NON";"NON";"200065886";"";"";"";"2021-10-06";"33966";""
"42123";"3432";"PLU";"MET";"2018-10-03 22:00:00+00:00";"2005-05-29 22:00:00+00:00";"33";"42";"84";"2021";"NON";"NON";"244200770";"";"";"";"2021-10-06";"62427";""
"42124";"3199";"PLU";"COM";"2019-10-03 22:00:00+00:00";"2012-04-05 22:00:00+00:00";"39";"42";"84";"2021";"NON";"NON";"42124";"";"";"";"2021-10-06";"116146";""
"42126";"3499";"PLU";"CA";"2019-09-16 22:00:00+00:00";"2012-04-26 22:00:00+00:00";"39";"42";"84";"2021";"NON";"NON";"200065886";"";"";"";"2021-10-06";"110364";""
"42127";"3199";"PLU";"COM";"2016-10-27 22:00:00+00:00";"2013-10-24 22:00:00+00:00";"39";"42";"84";"2021";"NON";"NON";"42127";"";"";"";"2021-10-06";"127154";""
"42129";"3199";"PLU";"COM";"2017-04-03 22:00:00+00:00";"2012-10-17 22:00:00+00:00";"39";"42";"84";"2021";"NON";"NON";"42129";"";"";"";"2021-10-06";"115818";""
"42130";"3433";"PLU";"CA";"2010-03-10 23:00:00+00:00";"2005-11-25 23:00:00+00:00";"33";"42";"84";"2021";"NON";"NON";"200065886";"";"";"";"2021-10-06";"11966";""
"42131";"1199";"CC";"COM";"2017-07-17 22:00:00+00:00";"2012-12-04 23:00:00+00:00";"19";"42";"84";"2021";"NON";"NON";"42131";"";"";"";"2021-10-06";"120058";""
"42132";"3199";"PLU";"COM";"2018-05-04 22:00:00+00:00";"2012-11-26 23:00:00+00:00";"39";"42";"84";"2021";"NON";"NON";"42132";"";"";"";"2021-10-06";"120239";""
"42133";"3432";"PLU";"MET";"2014-09-21 22:00:00+00:00";"2011-01-12 23:00:00+00:00";"33";"42";"84";"2021";"NON";"NON";"244200770";"";"";"";"2021-10-06";"65184";""
"42134";"3499";"PLU";"CA";"2005-10-27 22:00:00+00:00";"2003-02-20 23:00:00+00:00";"39";"42";"84";"2021";"NON";"NON";"200065886";"";"";"";"2021-10-06";"11757";""
"42135";"3199";"PLU";"COM";"2008-02-08 23:00:00+00:00";"2003-10-29 23:00:00+00:00";"39";"42";"84";"2021";"NON";"NON";"42135";"";"";"";"2021-10-06";"11973";""
"42137";"3433";"PLU";"CA";"2007-03-21 23:00:00+00:00";"2003-05-22 22:00:00+00:00";"33";"42";"84";"2021";"NON";"NON";"200065886";"";"";"";"2021-10-06";"11762";""
"42138";"3199";"PLU";"COM";"2003-11-06 23:00:00+00:00";"2000-04-13 22:00:00+00:00";"39";"42";"84";"2021";"NON";"NON";"42138";"";"";"";"2021-10-06";"11766";""
"42139";"3199";"PLU";"COM";"2008-10-22 22:00:00+00:00";"2003-03-26 23:00:00+00:00";"39";"42";"84";"2021";"NON";"NON";"42139";"";"";"";"2021-10-06";"10836";""
"42140";"3499";"PLU";"CA";"2007-10-17 22:00:00+00:00";"2003-09-04 22:00:00+00:00";"39";"42";"84";"2021";"NON";"NON";"200065886";"";"";"";"2021-10-06";"11974";""
"42141";"3199";"PLU";"COM";"2017-10-17 22:00:00+00:00";"2014-05-18 22:00:00+00:00";"39";"42";"84";"2021";"NON";"NON";"42141";"";"";"";"2021-10-06";"130759";""
"42143";"1199";"CC";"COM";"2007-07-24 22:00:00+00:00";"2006-10-09 22:00:00+00:00";"19";"42";"84";"2021";"NON";"NON";"42143";"";"";"";"2021-10-06";"15353";""
"42145";"3199";"PLU";"COM";"2017-12-13 23:00:00+00:00";"2015-01-28 23:00:00+00:00";"39";"42";"84";"2021";"NON";"NON";"42145";"";"";"";"2021-10-06";"140651";""
"42146";"3499";"PLU";"CA";"2021-01-25 23:00:00+00:00";"2014-11-03 23:00:00+00:00";"39";"42";"84";"2021";"NON";"NON";"200065886";"";"";"";"2021-10-06";"134857";""
"42147";"3433";"PLU";"CA";"2013-07-11 22:00:00+00:00";"2008-06-17 22:00:00+00:00";"33";"42";"84";"2021";"NON";"NON";"200065886";"";"";"";"2021-10-06";"36802";""
"42148";"1199";"CC";"COM";"2017-03-15 23:00:00+00:00";"2016-05-08 22:00:00+00:00";"19";"42";"84";"2021";"NON";"NON";"42148";"";"";"";"2021-10-06";"156127";""
"42149";"3199";"PLU";"COM";"2019-05-20 22:00:00+00:00";"2012-09-17 22:00:00+00:00";"39";"42";"84";"2021";"NON";"NON";"42149";"";"";"";"2021-10-06";"115820";""
"42150";"3499";"PLU";"CA";"2008-06-22 22:00:00+00:00";"2003-11-06 23:00:00+00:00";"39";"42";"84";"2021";"NON";"NON";"200065886";"";"";"";"2021-10-06";"11769";""
"42151";"3433";"PLU";"CA";"2012-03-26 22:00:00+00:00";"2008-12-16 23:00:00+00:00";"33";"42";"84";"2021";"NON";"NON";"200065886";"";"";"";"2021-10-06";"38465";""
"42152";"1199";"CC";"COM";"2016-04-14 22:00:00+00:00";"2012-10-02 22:00:00+00:00";"19";"42";"84";"2021";"NON";"NON";"42152";"";"";"";"2021-10-06";"116521";""
"42154";"1199";"CC";"COM";"2009-04-19 22:00:00+00:00";"2004-11-25 23:00:00+00:00";"19";"42";"84";"2021";"NON";"NON";"42154";"";"";"";"2021-10-06";"11977";""
"42155";"3131";"PLU";"COM";"2008-01-24 23:00:00+00:00";"2004-07-01 22:00:00+00:00";"33";"42";"84";"2021";"NON";"NON";"42155";"";"";"";"2021-10-06";"11981";""
"42156";"3432";"PLU";"CC";"2013-07-21 22:00:00+00:00";"2008-05-04 22:00:00+00:00";"33";"42";"84";"2021";"NON";"NON";"244200630";"";"";"";"2021-10-06";"36815";""
"42157";"3199";"PLU";"COM";"2018-09-03 22:00:00+00:00";"2015-11-23 23:00:00+00:00";"39";"42";"84";"2021";"NON";"NON";"42157";"";"";"";"2021-10-06";"144513";""
"42159";"3499";"PLU";"CA";"2008-01-02 23:00:00+00:00";"2004-12-19 23:00:00+00:00";"39";"42";"84";"2021";"NON";"NON";"200065886";"";"";"";"2021-10-06";"11405";""
"42160";"3199";"PLU";"COM";"2017-01-19 23:00:00+00:00";"2012-10-07 22:00:00+00:00";"39";"42";"84";"2021";"NON";"NON";"42160";"";"";"";"2021-10-06";"119888";""
"42161";"3199";"PLU";"COM";"2015-09-28 22:00:00+00:00";"2008-03-30 22:00:00+00:00";"39";"42";"84";"2021";"NON";"NON";"42161";"";"";"";"2021-10-06";"36817";""
"42162";"3199";"PLU";"COM";"2016-10-16 22:00:00+00:00";"2013-12-17 23:00:00+00:00";"39";"42";"84";"2021";"NON";"NON";"42162";"";"";"";"2021-10-06";"127158";""
"42163";"3199";"PLU";"COM";"2017-03-13 23:00:00+00:00";"2013-11-11 23:00:00+00:00";"39";"42";"84";"2021";"NON";"NON";"42163";"";"";"";"2021-10-06";"127156";""
"42164";"3433";"PLU";"CA";"2015-02-08 23:00:00+00:00";"2007-05-29 22:00:00+00:00";"33";"42";"84";"2021";"NON";"NON";"200065886";"";"";"";"2021-10-06";"36818";""
"42165";"3199";"PLU";"COM";"2012-04-25 22:00:00+00:00";"2008-09-08 22:00:00+00:00";"39";"42";"84";"2021";"NON";"NON";"42165";"";"";"";"2021-10-06";"36819";""
"42166";"3199";"PLU";"COM";"2019-12-17 23:00:00+00:00";"2014-01-23 23:00:00+00:00";"39";"42";"84";"2021";"NON";"NON";"42166";"";"";"";"2021-10-06";"127146";""
"42167";"3432";"PLU";"MET";"2019-04-02 22:00:00+00:00";"2010-11-18 23:00:00+00:00";"33";"42";"84";"2021";"NON";"NON";"244200770";"";"";"";"2021-10-06";"46069";""
"42168";"3199";"PLU";"COM";"2016-11-03 23:00:00+00:00";"2010-07-08 22:00:00+00:00";"39";"42";"84";"2021";"NON";"NON";"42168";"";"";"";"2021-10-06";"42096";""
"42169";"3433";"PLU";"CA";"2006-03-05 23:00:00+00:00";"2002-01-20 23:00:00+00:00";"33";"42";"84";"2021";"NON";"NON";"200065886";"";"";"";"2021-10-06";"11411";""
"42170";"3199";"PLU";"COM";"2016-01-20 23:00:00+00:00";"2009-11-22 23:00:00+00:00";"39";"42";"84";"2021";"NON";"NON";"42170";"";"";"";"2021-10-06";"40796";""
"42171";"1199";"CC";"COM";"2006-08-20 22:00:00+00:00";"2005-02-07 23:00:00+00:00";"19";"42";"84";"2021";"NON";"NON";"42171";"";"";"";"2021-10-06";"12048";""
"42172";"3199";"PLU";"COM";"2017-03-26 22:00:00+00:00";"2012-05-21 22:00:00+00:00";"39";"42";"84";"2021";"NON";"NON";"42172";"";"";"";"2021-10-06";"107719";""
"42173";"1199";"CC";"COM";"2007-06-28 22:00:00+00:00";"2004-09-20 22:00:00+00:00";"19";"42";"84";"2021";"NON";"NON";"42173";"";"";"";"2021-10-06";"11982";""
"42174";"3199";"PLU";"COM";"2007-12-18 23:00:00+00:00";"2002-10-20 22:00:00+00:00";"39";"42";"84";"2021";"NON";"NON";"42174";"";"";"";"2021-10-06";"11783";""
"42175";"3199";"PLU";"COM";"2011-02-17 23:00:00+00:00";"2003-12-09 23:00:00+00:00";"39";"42";"84";"2021";"NON";"NON";"42175";"";"";"";"2021-10-06";"11784";""
"42176";"3199";"PLU";"COM";"2017-03-20 23:00:00+00:00";"2014-04-07 22:00:00+00:00";"39";"42";"84";"2021";"NON";"NON";"42176";"";"";"";"2021-10-06";"129983";""
"42177";"3199";"PLU";"COM";"2015-04-08 22:00:00+00:00";"2012-03-29 22:00:00+00:00";"39";"42";"84";"2021";"NON";"NON";"42177";"";"";"";"2021-10-06";"106925";""
"42178";"1432";"CC";"CC";"2006-06-14 22:00:00+00:00";"2005-01-19 23:00:00+00:00";"13";"42";"84";"2021";"NON";"NON";"244200630";"";"";"";"2021-10-06";"11785";""
"42179";"3433";"PLU";"CA";"2014-02-12 23:00:00+00:00";"2011-03-16 23:00:00+00:00";"33";"42";"84";"2021";"NON";"NON";"200065886";"";"";"";"2021-10-06";"77715";""
"42181";"3432";"PLU";"CC";"2015-04-06 22:00:00+00:00";"2008-06-02 22:00:00+00:00";"33";"42";"84";"2021";"NON";"NON";"244200630";"";"";"";"2021-10-06";"37751";""
"42182";"3199";"PLU";"COM";"2015-11-23 23:00:00+00:00";"2013-05-12 22:00:00+00:00";"39";"42";"84";"2021";"NON";"NON";"42182";"";"";"";"2021-10-06";"122354";""
"42183";"3432";"PLU";"MET";"2019-06-26 22:00:00+00:00";"2014-09-24 22:00:00+00:00";"33";"42";"84";"2021";"NON";"NON";"244200770";"";"";"";"2021-10-06";"133161";""
"42184";"3199";"PLU";"COM";"2016-10-19 22:00:00+00:00";"2011-07-06 22:00:00+00:00";"39";"42";"84";"2021";"NON";"NON";"42184";"";"";"";"2021-10-06";"77432";""
"42185";"3199";"PLU";"COM";"2018-10-15 22:00:00+00:00";"2013-07-15 22:00:00+00:00";"39";"42";"84";"2021";"NON";"NON";"42185";"";"";"";"2021-10-06";"124053";""
"42186";"3432";"PLU";"MET";"2020-10-04 22:00:00+00:00";"2012-12-19 23:00:00+00:00";"33";"42";"84";"2021";"NON";"NON";"244200770";"";"";"";"2021-10-06";"118617";""
"42187";"3199";"PLU";"COM";"2016-12-13 23:00:00+00:00";"2011-10-10 22:00:00+00:00";"39";"42";"84";"2021";"NON";"NON";"42187";"";"";"";"2021-10-06";"95452";""
"42189";"3432";"PLU";"MET";"2006-12-26 23:00:00+00:00";"2000-03-28 22:00:00+00:00";"33";"42";"84";"2021";"NON";"NON";"244200770";"";"";"";"2021-10-06";"4339";""
"42191";"3199";"PLU";"COM";"2019-07-02 22:00:00+00:00";"2014-11-18 23:00:00+00:00";"39";"42";"84";"2021";"NON";"NON";"42191";"";"";"";"2021-10-06";"132851";""
"42193";"3199";"PLU";"COM";"2006-11-27 23:00:00+00:00";"2003-12-09 23:00:00+00:00";"39";"42";"84";"2021";"NON";"NON";"42193";"";"";"";"2021-10-06";"11423";""
"42194";"1199";"CC";"COM";"2007-06-28 22:00:00+00:00";"2005-03-22 23:00:00+00:00";"19";"42";"84";"2021";"NON";"NON";"42194";"";"";"";"2021-10-06";"12049";""
"42195";"3499";"PLU";"CA";"2006-12-13 23:00:00+00:00";"2003-09-10 22:00:00+00:00";"39";"42";"84";"2021";"NON";"NON";"200065886";"";"";"";"2021-10-06";"11799";""
"42196";"1199";"CC";"COM";"2008-07-07 22:00:00+00:00";"2005-01-20 23:00:00+00:00";"19";"42";"84";"2021";"NON";"NON";"42196";"";"";"";"2021-10-06";"12070";""
"42197";"3499";"PLU";"CA";"2008-06-11 22:00:00+00:00";"2005-12-01 23:00:00+00:00";"39";"42";"84";"2021";"NON";"NON";"200065886";"";"";"";"2021-10-06";"11775";""
"42198";"3199";"PLU";"COM";"2017-03-28 22:00:00+00:00";"2012-11-04 23:00:00+00:00";"39";"42";"84";"2021";"NON";"NON";"42198";"";"";"";"2021-10-06";"116135";""
"42199";"3199";"PLU";"COM";"2016-12-11 23:00:00+00:00";"2012-10-29 23:00:00+00:00";"39";"42";"84";"2021";"NON";"NON";"42199";"";"";"";"2021-10-06";"116134";""
"42200";"3131";"PLU";"COM";"2005-05-11 22:00:00+00:00";"2001-06-06 22:00:00+00:00";"33";"42";"84";"2021";"NON";"NON";"42200";"";"";"";"2021-10-06";"11427";""
"42201";"3199";"PLU";"COM";"2017-10-12 22:00:00+00:00";"2011-10-19 22:00:00+00:00";"39";"42";"84";"2021";"NON";"NON";"42201";"";"";"";"2021-10-06";"91988";""
"42202";"3199";"PLU";"COM";"2019-09-26 22:00:00+00:00";"2014-09-25 22:00:00+00:00";"39";"42";"84";"2021";"NON";"NON";"42202";"";"";"";"2021-10-06";"134149";""
"42204";"3499";"PLU";"CA";"2013-06-05 22:00:00+00:00";"2010-01-20 23:00:00+00:00";"39";"42";"84";"2021";"NON";"NON";"200065886";"";"";"";"2021-10-06";"41281";""
"42205";"1433";"CC";"CA";"2002-04-25 22:00:00+00:00";"2001-04-30 22:00:00+00:00";"13";"42";"84";"2021";"NON";"NON";"200065886";"";"";"";"2021-10-06";"11806";""
"42206";"3432";"PLU";"MET";"2013-01-28 23:00:00+00:00";"2006-06-26 22:00:00+00:00";"33";"42";"84";"2021";"NON";"NON";"244200770";"";"";"";"2021-10-06";"18432";""
"42207";"3432";"PLU";"MET";"2013-02-03 23:00:00+00:00";"2007-01-22 23:00:00+00:00";"33";"42";"84";"2021";"NON";"NON";"244200770";"";"";"";"2021-10-06";"26075";""
"42208";"3432";"PLU";"MET";"2019-10-02 22:00:00+00:00";"2010-05-26 22:00:00+00:00";"33";"42";"84";"2021";"NON";"NON";"244200770";"";"";"";"2021-10-06";"42197";""
"42209";"1199";"CC";"COM";"2007-09-11 22:00:00+00:00";"2003-05-13 22:00:00+00:00";"19";"42";"84";"2021";"NON";"NON";"42209";"";"";"";"2021-10-06";"11936";""
"42210";"3432";"PLU";"MET";"2016-06-29 22:00:00+00:00";"2010-10-26 22:00:00+00:00";"33";"42";"84";"2021";"NON";"NON";"244200770";"";"";"";"2021-10-06";"46071";""
"42211";"3433";"PLU";"CA";"2013-12-10 23:00:00+00:00";"2010-07-08 22:00:00+00:00";"33";"42";"84";"2021";"NON";"NON";"200065886";"";"";"";"2021-10-06";"47905";""
"42212";"1432";"CC";"CC";"2007-06-08 22:00:00+00:00";"2004-12-19 23:00:00+00:00";"13";"42";"84";"2021";"NON";"NON";"244200630";"";"";"";"2021-10-06";"11807";""
"42213";"3199";"PLU";"COM";"2015-07-16 22:00:00+00:00";"2007-02-01 23:00:00+00:00";"39";"42";"84";"2021";"NON";"NON";"42213";"";"";"";"2021-10-06";"26546";""
"42214";"3199";"PLU";"COM";"2007-05-03 22:00:00+00:00";"2004-06-02 22:00:00+00:00";"39";"42";"84";"2021";"NON";"NON";"42214";"";"";"";"2021-10-06";"11809";""
"42215";"3199";"PLU";"COM";"2016-07-17 22:00:00+00:00";"2011-11-30 23:00:00+00:00";"39";"42";"84";"2021";"NON";"NON";"42215";"";"";"";"2021-10-06";"95469";""
"42216";"3131";"PLU";"COM";"2009-07-01 22:00:00+00:00";"2002-04-24 22:00:00+00:00";"33";"42";"84";"2021";"NON";"NON";"42216";"";"";"";"2021-10-06";"11810";""
"42217";"1499";"CC";"CA";"2006-02-21 23:00:00+00:00";"2003-06-05 22:00:00+00:00";"19";"42";"84";"2021";"NON";"NON";"200065886";"";"";"";"2021-10-06";"11937";""
"42218";"3432";"PLU";"MET";"2008-01-06 23:00:00+00:00";"2001-06-04 22:00:00+00:00";"33";"42";"84";"2021";"NON";"NON";"244200770";"";"";"";"2021-10-06";"12109";""
"42219";"1499";"CC";"CA";"2006-01-30 23:00:00+00:00";"2003-07-02 22:00:00+00:00";"19";"42";"84";"2021";"NON";"NON";"200065886";"";"";"";"2021-10-06";"11811";""
"42220";"3199";"PLU";"COM";"2017-12-13 23:00:00+00:00";"2013-05-27 22:00:00+00:00";"39";"42";"84";"2021";"NON";"NON";"42220";"";"";"";"2021-10-06";"122353";""
"42221";"1499";"CC";"CA";"2005-01-30 23:00:00+00:00";"2003-09-18 22:00:00+00:00";"19";"42";"84";"2021";"NON";"NON";"200065886";"";"";"";"2021-10-06";"11987";""
"42222";"3432";"PLU";"MET";"2019-06-26 22:00:00+00:00";"2015-12-09 23:00:00+00:00";"33";"42";"84";"2021";"NON";"NON";"244200770";"";"";"";"2021-10-06";"144887";""
"42223";"3432";"PLU";"MET";"2017-06-28 22:00:00+00:00";"2015-01-27 23:00:00+00:00";"33";"42";"84";"2021";"NON";"NON";"244200770";"";"";"";"2021-10-06";"137947";""
"42224";"3199";"PLU";"COM";"2017-01-26 23:00:00+00:00";"2011-12-15 23:00:00+00:00";"39";"42";"84";"2021";"NON";"NON";"42224";"";"";"";"2021-10-06";"94774";""
"42225";"3432";"PLU";"MET";"2018-03-21 23:00:00+00:00";"2014-07-08 22:00:00+00:00";"33";"42";"84";"2021";"NON";"NON";"244200770";"";"";"";"2021-10-06";"131819";""
"42226";"3199";"PLU";"COM";"2015-03-01 23:00:00+00:00";"2012-05-28 22:00:00+00:00";"39";"42";"84";"2021";"NON";"NON";"42226";"";"";"";"2021-10-06";"114484";""
"42227";"3433";"PLU";"CA";"2002-11-14 23:00:00+00:00";"1995-12-06 23:00:00+00:00";"33";"42";"84";"2021";"NON";"NON";"200065886";"";"";"";"2021-10-06";"11938";""
"42228";"3433";"PLU";"CA";"2015-05-04 22:00:00+00:00";"2011-09-12 22:00:00+00:00";"33";"42";"84";"2021";"NON";"NON";"200065886";"";"";"";"2021-10-06";"79729";""
"42229";"3199";"PLU";"COM";"2018-11-29 23:00:00+00:00";"2012-01-26 23:00:00+00:00";"39";"42";"84";"2021";"NON";"NON";"42229";"";"";"";"2021-10-06";"95398";""
"42230";"3199";"PLU";"COM";"2014-03-03 23:00:00+00:00";"2003-09-15 22:00:00+00:00";"39";"42";"84";"2021";"NON";"NON";"42230";"";"";"";"2021-10-06";"11459";""
"42231";"3199";"PLU";"COM";"2013-09-17 22:00:00+00:00";"2008-06-24 22:00:00+00:00";"39";"42";"84";"2021";"NON";"NON";"42231";"";"";"";"2021-10-06";"11463";""
"42232";"3199";"PLU";"COM";"2019-04-14 22:00:00+00:00";"2014-12-14 23:00:00+00:00";"39";"42";"84";"2021";"NON";"NON";"42232";"";"";"";"2021-10-06";"136247";""
"42233";"3199";"PLU";"COM";"2018-01-31 23:00:00+00:00";"2013-12-08 23:00:00+00:00";"39";"42";"84";"2021";"NON";"NON";"42233";"";"";"";"2021-10-06";"128289";""
"42234";"3432";"PLU";"MET";"2018-03-21 23:00:00+00:00";"2014-07-21 22:00:00+00:00";"33";"42";"84";"2021";"NON";"NON";"244200770";"";"";"";"2021-10-06";"131877";""
"42235";"3499";"PLU";"CA";"2021-03-01 23:00:00+00:00";"2014-07-03 22:00:00+00:00";"39";"42";"84";"2021";"NON";"NON";"200065886";"";"";"";"2021-10-06";"131816";""
"42236";"3199";"PLU";"COM";"2012-12-05 23:00:00+00:00";"2009-12-15 23:00:00+00:00";"39";"42";"84";"2021";"NON";"NON";"42236";"";"";"";"2021-10-06";"40856";""
"42237";"3432";"PLU";"MET";"2020-01-26 23:00:00+00:00";"2015-02-04 23:00:00+00:00";"33";"42";"84";"2021";"NON";"NON";"244200770";"";"";"";"2021-10-06";"139523";""
"42239";"3199";"PLU";"COM";"2011-04-07 22:00:00+00:00";"2004-05-27 22:00:00+00:00";"39";"42";"84";"2021";"NON";"NON";"42239";"";"";"";"2021-10-06";"11466";""
"42240";"3499";"PLU";"CA";"2004-03-25 23:00:00+00:00";"1998-05-14 22:00:00+00:00";"39";"42";"84";"2021";"NON";"NON";"200065886";"";"";"";"2021-10-06";"11822";""
"42242";"3432";"PLU";"MET";"2014-01-28 23:00:00+00:00";"2009-09-29 22:00:00+00:00";"33";"42";"84";"2021";"NON";"NON";"244200770";"";"";"";"2021-10-06";"40348";""
"42246";"3199";"PLU";"COM";"2017-02-08 23:00:00+00:00";"2011-06-21 22:00:00+00:00";"39";"42";"84";"2021";"NON";"NON";"42246";"";"";"";"2021-10-06";"77755";""
"42249";"3432";"PLU";"CC";"2008-02-14 23:00:00+00:00";"2002-11-21 23:00:00+00:00";"33";"42";"84";"2021";"NON";"NON";"244200630";"";"";"";"2021-10-06";"11490";""
"42251";"3199";"PLU";"COM";"2019-10-23 22:00:00+00:00";"2014-12-08 23:00:00+00:00";"39";"42";"84";"2021";"NON";"NON";"42251";"";"";"";"2021-10-06";"134766";""
"42253";"3199";"PLU";"COM";"2017-03-14 23:00:00+00:00";"2012-12-18 23:00:00+00:00";"39";"42";"84";"2021";"NON";"NON";"42253";"";"";"";"2021-10-06";"119890";""
"42254";"3199";"PLU";"COM";"2013-06-17 22:00:00+00:00";"2008-07-31 22:00:00+00:00";"39";"42";"84";"2021";"NON";"NON";"42254";"";"";"";"2021-10-06";"39904";""
"42256";"3433";"PLU";"CA";"2015-09-09 22:00:00+00:00";"2008-05-05 22:00:00+00:00";"33";"42";"84";"2021";"NON";"NON";"200065886";"";"";"";"2021-10-06";"36846";""
"42257";"3199";"PLU";"COM";"2017-01-26 23:00:00+00:00";"2014-05-22 22:00:00+00:00";"39";"42";"84";"2021";"NON";"NON";"42257";"";"";"";"2021-10-06";"130758";""
"42259";"3432";"PLU";"MET";"2007-03-21 23:00:00+00:00";"2001-09-03 22:00:00+00:00";"33";"42";"84";"2021";"NON";"NON";"244200770";"";"";"";"2021-10-06";"11175";""
"42260";"1199";"CC";"COM";"2006-02-26 23:00:00+00:00";"2003-03-12 23:00:00+00:00";"19";"42";"84";"2021";"NON";"NON";"42260";"";"";"";"2021-10-06";"11730";""
"42261";"1199";"CC";"COM";"2005-08-31 22:00:00+00:00";"2004-02-02 23:00:00+00:00";"19";"42";"84";"2021";"NON";"NON";"42261";"";"";"";"2021-10-06";"11833";""
"42262";"3432";"PLU";"MET";"2009-10-19 22:00:00+00:00";"2003-11-06 23:00:00+00:00";"33";"42";"84";"2021";"NON";"NON";"244200770";"";"";"";"2021-10-06";"11493";""
"42264";"3131";"PLU";"COM";"2005-11-17 23:00:00+00:00";"2001-06-07 22:00:00+00:00";"33";"42";"84";"2021";"NON";"NON";"42264";"";"";"";"2021-10-06";"11835";""
"42265";"3199";"PLU";"COM";"2014-03-18 23:00:00+00:00";"2011-03-30 22:00:00+00:00";"39";"42";"84";"2021";"NON";"NON";"42265";"";"";"";"2021-10-06";"77719";""
"42266";"3432";"PLU";"MET";"2010-03-24 23:00:00+00:00";"2003-07-24 22:00:00+00:00";"33";"42";"84";"2021";"NON";"NON";"244200770";"";"";"";"2021-10-06";"11847";""
"42267";"3199";"PLU";"COM";"2015-06-29 22:00:00+00:00";"2012-01-30 23:00:00+00:00";"39";"42";"84";"2021";"NON";"NON";"42267";"";"";"";"2021-10-06";"104907";""
"42268";"3131";"PLU";"COM";"2013-11-28 23:00:00+00:00";"2006-12-14 23:00:00+00:00";"33";"42";"84";"2021";"NON";"NON";"42268";"";"";"";"2021-10-06";"36665";""
"42269";"1433";"CC";"CA";"2003-01-02 23:00:00+00:00";"2001-11-16 23:00:00+00:00";"13";"42";"84";"2021";"NON";"NON";"200065886";"";"";"";"2021-10-06";"12078";""
"42270";"3432";"PLU";"MET";"2015-10-26 23:00:00+00:00";"2011-06-20 22:00:00+00:00";"33";"42";"84";"2021";"NON";"NON";"244200770";"";"";"";"2021-10-06";"77756";""
"42271";"3432";"PLU";"MET";"2015-02-23 23:00:00+00:00";"2012-10-23 22:00:00+00:00";"33";"42";"84";"2021";"NON";"NON";"244200770";"";"";"";"2021-10-06";"104908";""
"42272";"3199";"PLU";"COM";"2017-01-30 23:00:00+00:00";"2011-05-23 22:00:00+00:00";"39";"42";"84";"2021";"NON";"NON";"42272";"";"";"";"2021-10-06";"77736";""
"42273";"1199";"CC";"COM";"2019-04-08 22:00:00+00:00";"2017-04-11 22:00:00+00:00";"19";"42";"84";"2021";"NON";"NON";"42273";"";"";"";"2021-10-06";"160673";""
"42275";"3432";"PLU";"MET";"2005-04-03 22:00:00+00:00";"2001-08-30 22:00:00+00:00";"33";"42";"84";"2021";"NON";"NON";"244200770";"";"";"";"2021-10-06";"10980";""
"42276";"3199";"PLU";"COM";"2017-10-26 22:00:00+00:00";"2011-12-01 23:00:00+00:00";"39";"42";"84";"2021";"NON";"NON";"42276";"";"";"";"2021-10-06";"95444";""
"42277";"3432";"PLU";"CC";"2017-11-29 23:00:00+00:00";"2010-09-02 22:00:00+00:00";"33";"42";"84";"2021";"NON";"NON";"244200630";"";"";"";"2021-10-06";"507";""
"42278";"3499";"PLU";"CA";"2014-05-22 22:00:00+00:00";"2011-09-22 22:00:00+00:00";"39";"42";"84";"2021";"NON";"NON";"200065886";"";"";"";"2021-10-06";"77779";""
"42279";"3433";"PLU";"CA";"2011-11-09 23:00:00+00:00";"2006-12-20 23:00:00+00:00";"33";"42";"84";"2021";"NON";"NON";"200065886";"";"";"";"2021-10-06";"25716";""
"42280";"3199";"PLU";"COM";"2017-09-20 22:00:00+00:00";"2012-03-21 23:00:00+00:00";"39";"42";"84";"2021";"NON";"NON";"42280";"";"";"";"2021-10-06";"107718";""
"42282";"3199";"PLU";"COM";"2008-08-28 22:00:00+00:00";"2005-11-03 23:00:00+00:00";"39";"42";"84";"2021";"NON";"NON";"42282";"";"";"";"2021-10-06";"12051";""
"42283";"3432";"PLU";"MET";"2014-02-20 23:00:00+00:00";"2001-10-11 22:00:00+00:00";"33";"42";"84";"2021";"NON";"NON";"244200770";"";"";"";"2021-10-06";"11848";""
"42284";"3199";"PLU";"COM";"2017-04-17 22:00:00+00:00";"2013-07-17 22:00:00+00:00";"39";"42";"84";"2021";"NON";"NON";"42284";"";"";"";"2021-10-06";"127149";""
"42285";"3433";"PLU";"CA";"2016-12-12 23:00:00+00:00";"2011-11-02 23:00:00+00:00";"33";"42";"84";"2021";"NON";"NON";"200065886";"";"";"";"2021-10-06";"88976";""
"42286";"3199";"PLU";"COM";"2008-04-09 22:00:00+00:00";"2005-04-21 22:00:00+00:00";"39";"42";"84";"2021";"NON";"NON";"42286";"";"";"";"2021-10-06";"10926";""
"42287";"3199";"PLU";"COM";"2015-11-04 23:00:00+00:00";"2005-10-19 22:00:00+00:00";"39";"42";"84";"2021";"NON";"NON";"42287";"";"";"";"2021-10-06";"11691";""
"42288";"3499";"PLU";"CA";"2010-07-22 22:00:00+00:00";"2006-02-09 23:00:00+00:00";"39";"42";"84";"2021";"NON";"NON";"200065886";"";"";"";"2021-10-06";"11508";""
"42290";"3433";"PLU";"CA";"2013-12-19 23:00:00+00:00";"2010-09-05 22:00:00+00:00";"33";"42";"84";"2021";"NON";"NON";"200065886";"";"";"";"2021-10-06";"42340";""
"42293";"3432";"PLU";"CC";"2013-05-12 22:00:00+00:00";"2007-06-24 22:00:00+00:00";"33";"42";"84";"2021";"NON";"NON";"244200630";"";"";"";"2021-10-06";"36877";""
"42294";"3199";"PLU";"COM";"2016-08-31 22:00:00+00:00";"2008-06-12 22:00:00+00:00";"39";"42";"84";"2021";"NON";"NON";"42294";"";"";"";"2021-10-06";"37753";""
"42295";"3199";"PLU";"COM";"2006-03-12 23:00:00+00:00";"2001-07-22 22:00:00+00:00";"39";"42";"84";"2021";"NON";"NON";"42295";"";"";"";"2021-10-06";"11946";""
"42296";"3199";"PLU";"COM";"2006-12-04 23:00:00+00:00";"2003-04-16 22:00:00+00:00";"39";"42";"84";"2021";"NON";"NON";"42296";"";"";"";"2021-10-06";"11989";""
"42297";"3199";"PLU";"COM";"2015-07-01 22:00:00+00:00";"2012-04-12 22:00:00+00:00";"39";"42";"84";"2021";"NON";"NON";"42297";"";"";"";"2021-10-06";"110354";""
"42299";"3433";"PLU";"CA";"2013-12-11 23:00:00+00:00";"2008-12-10 23:00:00+00:00";"33";"42";"84";"2021";"NON";"NON";"200065886";"";"";"";"2021-10-06";"38603";""
"42300";"3199";"PLU";"COM";"2011-04-13 22:00:00+00:00";"2007-09-13 22:00:00+00:00";"39";"42";"84";"2021";"NON";"NON";"42300";"";"";"";"2021-10-06";"36878";""
"42301";"3499";"PLU";"CA";"2006-10-22 22:00:00+00:00";"2002-11-28 23:00:00+00:00";"39";"42";"84";"2021";"NON";"NON";"200065886";"";"";"";"2021-10-06";"11950";""
"42302";"3432";"PLU";"MET";"2015-12-15 23:00:00+00:00";"2010-10-19 22:00:00+00:00";"33";"42";"84";"2021";"NON";"NON";"244200770";"";"";"";"2021-10-06";"46068";""
"42304";"3433";"PLU";"CA";"2014-03-04 23:00:00+00:00";"2011-11-28 23:00:00+00:00";"33";"42";"84";"2021";"NON";"NON";"200065886";"";"";"";"2021-10-06";"94063";""
"42305";"3432";"PLU";"MET";"2021-05-19 22:00:00+00:00";"2015-12-20 23:00:00+00:00";"33";"42";"84";"2021";"NON";"NON";"244200770";"";"";"";"2021-10-06";"144439";""
"42306";"3199";"PLU";"COM";"2012-09-26 22:00:00+00:00";"2006-12-05 23:00:00+00:00";"39";"42";"84";"2021";"NON";"NON";"42306";"";"";"";"2021-10-06";"26378";""
"42307";"3432";"PLU";"MET";"2011-10-20 22:00:00+00:00";"2008-09-11 22:00:00+00:00";"33";"42";"84";"2021";"NON";"NON";"244200770";"";"";"";"2021-10-06";"36881";""
"42308";"3432";"PLU";"MET";"2015-03-29 22:00:00+00:00";"2012-02-26 23:00:00+00:00";"33";"42";"84";"2021";"NON";"NON";"244200770";"";"";"";"2021-10-06";"88985";""
"42311";"3432";"PLU";"MET";"2015-10-02 22:00:00+00:00";"2011-12-19 23:00:00+00:00";"33";"42";"84";"2021";"NON";"NON";"244200770";"";"";"";"2021-10-06";"94771";""
"42312";"3499";"PLU";"CA";"2017-12-18 23:00:00+00:00";"2012-10-25 22:00:00+00:00";"39";"42";"84";"2021";"NON";"NON";"200065886";"";"";"";"2021-10-06";"115819";""
"42315";"3433";"PLU";"CA";"2003-01-18 23:00:00+00:00";"2000-06-26 22:00:00+00:00";"33";"42";"84";"2021";"NON";"NON";"200065886";"";"";"";"2021-10-06";"12054";""
"42316";"3432";"PLU";"MET";"2015-11-29 23:00:00+00:00";"2009-02-22 23:00:00+00:00";"33";"42";"84";"2021";"NON";"NON";"244200770";"";"";"";"2021-10-06";"38604";""
"42318";"3499";"PLU";"CA";"2011-08-10 22:00:00+00:00";"2006-12-17 23:00:00+00:00";"39";"42";"84";"2021";"NON";"NON";"200065886";"";"";"";"2021-10-06";"27658";""
"42320";"3432";"PLU";"MET";"2014-02-24 23:00:00+00:00";"2011-05-26 22:00:00+00:00";"33";"42";"84";"2021";"NON";"NON";"244200770";"";"";"";"2021-10-06";"77737";""
"42322";"3432";"PLU";"MET";"2017-10-04 22:00:00+00:00";"2014-12-18 23:00:00+00:00";"33";"42";"84";"2021";"NON";"NON";"244200770";"";"";"";"2021-10-06";"136246";""
"42323";"3131";"PLU";"COM";"2007-07-30 22:00:00+00:00";"2002-03-25 23:00:00+00:00";"33";"42";"84";"2021";"NON";"NON";"42323";"";"";"";"2021-10-06";"11012";""
"42324";"3433";"PLU";"CA";"2013-12-04 23:00:00+00:00";"2010-10-06 22:00:00+00:00";"33";"42";"84";"2021";"NON";"NON";"200065886";"";"";"";"2021-10-06";"44507";""
"42325";"1432";"CC";"CC";"2006-02-16 23:00:00+00:00";"2004-03-04 23:00:00+00:00";"13";"42";"84";"2021";"NON";"NON";"244200630";"";"";"";"2021-10-06";"11515";""
"42326";"3199";"PLU";"COM";"2019-07-29 22:00:00+00:00";"2014-09-08 22:00:00+00:00";"39";"42";"84";"2021";"NON";"NON";"42326";"";"";"";"2021-10-06";"133160";""
"42327";"3199";"PLU";"COM";"2017-09-13 22:00:00+00:00";"2011-04-20 22:00:00+00:00";"39";"42";"84";"2021";"NON";"NON";"42327";"";"";"";"2021-10-06";"77735";""
"42328";"3433";"PLU";"CA";"2016-12-12 23:00:00+00:00";"2012-02-23 23:00:00+00:00";"33";"42";"84";"2021";"NON";"NON";"200065886";"";"";"";"2021-10-06";"106922";""
"42329";"3199";"PLU";"COM";"2013-06-26 22:00:00+00:00";"2008-05-27 22:00:00+00:00";"39";"42";"84";"2021";"NON";"NON";"42329";"";"";"";"2021-10-06";"36797";""
"42330";"3432";"PLU";"MET";"2020-01-26 23:00:00+00:00";"2014-04-21 22:00:00+00:00";"33";"42";"84";"2021";"NON";"NON";"244200770";"";"";"";"2021-10-06";"130281";""
"42331";"3199";"PLU";"COM";"2017-10-04 22:00:00+00:00";"2014-04-28 22:00:00+00:00";"39";"42";"84";"2021";"NON";"NON";"42331";"";"";"";"2021-10-06";"130280";""
"42332";"3199";"PLU";"COM";"2019-09-25 22:00:00+00:00";"2011-02-09 23:00:00+00:00";"39";"42";"84";"2021";"NON";"NON";"42332";"";"";"";"2021-10-06";"76454";""
"42334";"3199";"PLU";"COM";"2013-10-13 22:00:00+00:00";"2009-04-22 22:00:00+00:00";"39";"42";"84";"2021";"NON";"NON";"42334";"";"";"";"2021-10-06";"38466";""
"42335";"1111";"CC";"COM";"2006-01-22 23:00:00+00:00";"2003-06-04 22:00:00+00:00";"11";"42";"84";"2021";"NON";"NON";"42335";"";"";"";"2021-10-06";"11470";""
"42336";"1199";"CC";"COM";"2020-04-13 22:00:00+00:00";"2015-11-24 23:00:00+00:00";"19";"42";"84";"2021";"NON";"NON";"42336";"";"";"";"2021-10-06";"144882";""
"42338";"3199";"PLU";"COM";"2018-09-02 22:00:00+00:00";"2012-04-01 22:00:00+00:00";"39";"42";"84";"2021";"NON";"NON";"42338";"";"";"";"2021-10-06";"116144";""
"43002";"3199";"PLU";"COM";"2017-12-06 23:00:00+00:00";"2016-06-24 22:00:00+00:00";"39";"43";"84";"2021";"NON";"NON";"43002";"";"";"";"2021-10-06";"152461";""
"43003";"3199";"PLU";"COM";"2013-06-06 22:00:00+00:00";"2008-07-24 22:00:00+00:00";"39";"43";"84";"2021";"NON";"NON";"43003";"";"";"";"2021-10-06";"62430";""
"43007";"1199";"CC";"COM";"2007-12-05 23:00:00+00:00";"2006-12-31 23:00:00+00:00";"19";"43";"84";"2021";"NON";"NON";"43007";"";"";"";"2021-10-06";"69437";""
"43010";"1199";"CC";"COM";"2008-02-28 23:00:00+00:00";"2006-12-31 23:00:00+00:00";"19";"43";"84";"2021";"NON";"NON";"43010";"";"";"";"2021-10-06";"69438";""
"43012";"3199";"PLU";"COM";"2017-12-06 23:00:00+00:00";"2015-11-04 23:00:00+00:00";"39";"43";"84";"2021";"NON";"NON";"43012";"";"";"";"2021-10-06";"152463";""
"43016";"1199";"CC";"COM";"2005-12-13 23:00:00+00:00";"2004-12-31 23:00:00+00:00";"19";"43";"84";"2021";"NON";"NON";"43016";"";"";"";"2021-10-06";"69439";""
"43018";"3199";"PLU";"COM";"2004-07-18 22:00:00+00:00";"2002-02-14 23:00:00+00:00";"39";"43";"84";"2021";"NON";"NON";"43018";"";"";"";"2021-10-06";"52839";""
"43020";"3199";"PLU";"COM";"2017-06-15 22:00:00+00:00";"2014-07-10 22:00:00+00:00";"39";"43";"84";"2021";"NON";"NON";"43020";"";"";"";"2021-10-06";"134193";""
"43021";"1199";"CC";"COM";"2006-03-29 22:00:00+00:00";"2005-12-31 23:00:00+00:00";"19";"43";"84";"2021";"NON";"NON";"43021";"";"";"";"2021-10-06";"69440";""
"43024";"1199";"CC";"COM";"2007-12-12 23:00:00+00:00";"2006-12-31 23:00:00+00:00";"19";"43";"84";"2021";"NON";"NON";"43024";"";"";"";"2021-10-06";"69441";""
"43025";"3199";"PLU";"COM";"2014-01-23 23:00:00+00:00";"2009-12-26 23:00:00+00:00";"39";"43";"84";"2021";"NON";"NON";"43025";"";"";"";"2021-10-06";"65132";""
"43026";"1199";"CC";"COM";"2013-04-24 22:00:00+00:00";"2009-10-29 23:00:00+00:00";"19";"43";"84";"2021";"NON";"NON";"43026";"";"";"";"2021-10-06";"93089";""
"43028";"1199";"CC";"COM";"2002-08-22 22:00:00+00:00";"2001-12-31 23:00:00+00:00";"19";"43";"84";"2021";"NON";"NON";"43028";"";"";"";"2021-10-06";"69442";""
"43030";"1199";"CC";"COM";"2017-05-14 22:00:00+00:00";"2015-07-03 22:00:00+00:00";"19";"43";"84";"2021";"NON";"NON";"43030";"";"";"";"2021-10-06";"144971";""
"43032";"3199";"PLU";"COM";"2019-10-17 22:00:00+00:00";"2015-06-25 22:00:00+00:00";"39";"43";"84";"2021";"NON";"NON";"43032";"";"";"";"2021-10-06";"144972";""
"43033";"1432";"CC";"CC";"2002-11-04 23:00:00+00:00";"2001-12-31 23:00:00+00:00";"13";"43";"84";"2021";"NON";"NON";"244301032";"";"";"";"2021-10-06";"69444";""
"43034";"1199";"CC";"COM";"2013-04-24 22:00:00+00:00";"2010-09-13 22:00:00+00:00";"19";"43";"84";"2021";"NON";"NON";"43034";"";"";"";"2021-10-06";"65711";""
"43036";"1199";"CC";"COM";"2014-10-15 22:00:00+00:00";"2011-07-04 22:00:00+00:00";"19";"43";"84";"2021";"NON";"NON";"43036";"";"";"";"2021-10-06";"93107";""
"43037";"1432";"CC";"CC";"2004-10-04 22:00:00+00:00";"2003-12-31 23:00:00+00:00";"13";"43";"84";"2021";"NON";"NON";"43037";"";"";"";"2021-10-06";"69445";""
"43039";"1199";"CC";"COM";"2010-12-09 23:00:00+00:00";"2008-12-31 23:00:00+00:00";"19";"43";"84";"2021";"NON";"NON";"43039";"";"";"";"2021-10-06";"69446";""
"43040";"3432";"PLU";"CC";"2005-07-03 22:00:00+00:00";"2001-07-22 22:00:00+00:00";"33";"43";"84";"2021";"NON";"NON";"244301032";"";"";"";"2021-10-06";"52840";""
"43041";"3199";"PLU";"COM";"2019-07-02 22:00:00+00:00";"2009-04-01 22:00:00+00:00";"39";"43";"84";"2021";"NON";"NON";"43041";"";"";"";"2021-10-06";"62432";""
"43042";"1432";"CC";"CC";"2005-01-05 23:00:00+00:00";"2003-12-31 23:00:00+00:00";"13";"43";"84";"2021";"NON";"NON";"43042";"";"";"";"2021-10-06";"69447";""
"43043";"1111";"CC";"COM";"2006-03-04 23:00:00+00:00";"2004-12-31 23:00:00+00:00";"11";"43";"84";"2021";"NON";"NON";"43043";"";"";"";"2021-10-06";"65465";""
"43045";"1199";"CC";"COM";"2004-10-04 22:00:00+00:00";"2003-12-31 23:00:00+00:00";"19";"43";"84";"2021";"NON";"NON";"43045";"";"";"";"2021-10-06";"69448";""
"43046";"3199";"PLU";"COM";"2012-11-15 23:00:00+00:00";"2009-01-28 23:00:00+00:00";"39";"43";"84";"2021";"NON";"NON";"43046";"";"";"";"2021-10-06";"62433";""
"43047";"1432";"CC";"CC";"2005-06-09 22:00:00+00:00";"2003-12-31 23:00:00+00:00";"13";"43";"84";"2021";"NON";"NON";"200073401";"";"";"";"2021-10-06";"69449";""
"43051";"3131";"PLU";"COM";"2008-07-16 22:00:00+00:00";"2002-10-13 22:00:00+00:00";"33";"43";"84";"2021";"NON";"NON";"43051";"";"";"";"2021-10-06";"52841";""
"43056";"1199";"CC";"COM";"2007-11-27 23:00:00+00:00";"2006-12-31 23:00:00+00:00";"19";"43";"84";"2021";"NON";"NON";"43056";"";"";"";"2021-10-06";"69450";""
"43058";"3199";"PLU";"COM";"2008-03-04 23:00:00+00:00";"2001-11-04 23:00:00+00:00";"39";"43";"84";"2021";"NON";"NON";"43058";"";"";"";"2021-10-06";"52842";""
"43061";"1199";"CC";"COM";"2019-01-30 23:00:00+00:00";"2017-03-27 22:00:00+00:00";"19";"43";"84";"2021";"NON";"NON";"43061";"";"";"";"2021-10-06";"171967";""
"43062";"3131";"PLU";"COM";"2006-11-16 23:00:00+00:00";"2004-04-15 22:00:00+00:00";"33";"43";"84";"2021";"NON";"NON";"43062";"";"";"";"2021-10-06";"52843";""
"43069";"1199";"CC";"COM";"2005-01-10 23:00:00+00:00";"2003-12-31 23:00:00+00:00";"19";"43";"84";"2021";"NON";"NON";"43069";"";"";"";"2021-10-06";"69451";""
"43071";"1199";"CC";"COM";"2004-05-31 22:00:00+00:00";"2002-04-01 22:00:00+00:00";"19";"43";"84";"2021";"NON";"NON";"43071";"";"";"";"2021-10-06";"69452";""
"43074";"3432";"PLU";"CC";"2006-03-22 23:00:00+00:00";"2002-05-23 22:00:00+00:00";"33";"43";"84";"2021";"NON";"NON";"244301032";"";"";"";"2021-10-06";"52844";""
"43077";"3432";"PLU";"CC";"2008-06-23 22:00:00+00:00";"2004-04-19 22:00:00+00:00";"33";"43";"84";"2021";"NON";"NON";"43077";"";"";"";"2021-10-06";"52849";""
"43078";"3199";"PLU";"COM";"2005-10-27 22:00:00+00:00";"2001-10-04 22:00:00+00:00";"39";"43";"84";"2021";"NON";"NON";"43078";"";"";"";"2021-10-06";"52845";""
"43079";"1199";"CC";"COM";"2003-11-06 23:00:00+00:00";"2001-12-31 23:00:00+00:00";"19";"43";"84";"2021";"NON";"NON";"43079";"";"";"";"2021-10-06";"69453";""
"43080";"3199";"PLU";"COM";"2020-02-09 23:00:00+00:00";"2015-06-28 22:00:00+00:00";"39";"43";"84";"2021";"NON";"NON";"43080";"";"";"";"2021-10-06";"145258";""
"43084";"3199";"PLU";"COM";"2007-07-08 22:00:00+00:00";"2004-01-11 23:00:00+00:00";"39";"43";"84";"2021";"NON";"NON";"43084";"";"";"";"2021-10-06";"52847";""
"43087";"3131";"PLU";"COM";"2008-01-17 23:00:00+00:00";"2003-10-09 22:00:00+00:00";"33";"43";"84";"2021";"NON";"NON";"43087";"";"";"";"2021-10-06";"52848";""
"43091";"3432";"PLU";"CC";"2008-03-06 23:00:00+00:00";"2002-09-01 22:00:00+00:00";"33";"43";"84";"2021";"NON";"NON";"200073401";"";"";"";"2021-10-06";"52851";""
"43096";"1432";"CC";"CC";"2004-02-09 23:00:00+00:00";"2002-12-31 23:00:00+00:00";"13";"43";"84";"2021";"NON";"NON";"244301032";"";"";"";"2021-10-06";"69454";""
"43102";"1199";"CC";"COM";"2006-05-09 22:00:00+00:00";"2004-12-31 23:00:00+00:00";"19";"43";"84";"2021";"NON";"NON";"43102";"";"";"";"2021-10-06";"69455";""
"43105";"1432";"CC";"CC";"2002-11-04 23:00:00+00:00";"2001-12-31 23:00:00+00:00";"13";"43";"84";"2021";"NON";"NON";"244301032";"";"";"";"2021-10-06";"69456";""
"43110";"3432";"PLU";"CC";"2010-03-31 22:00:00+00:00";"2005-10-11 22:00:00+00:00";"33";"43";"84";"2021";"NON";"NON";"244301032";"";"";"";"2021-10-06";"52852";""
"43111";"1432";"CC";"CC";"2002-09-24 22:00:00+00:00";"2001-12-31 23:00:00+00:00";"13";"43";"84";"2021";"NON";"NON";"43111";"";"";"";"2021-10-06";"69457";""
"43112";"3199";"PLU";"COM";"2011-07-10 22:00:00+00:00";"2003-06-19 22:00:00+00:00";"39";"43";"84";"2021";"NON";"NON";"43112";"";"";"";"2021-10-06";"62435";""
"43113";"3432";"PLU";"CC";"2004-06-23 22:00:00+00:00";"2001-05-20 22:00:00+00:00";"33";"43";"84";"2021";"NON";"NON";"200073401";"";"";"";"2021-10-06";"52857";""
"43114";"1199";"CC";"COM";"2009-08-18 22:00:00+00:00";"2008-12-31 23:00:00+00:00";"19";"43";"84";"2021";"NON";"NON";"43114";"";"";"";"2021-10-06";"69458";""
"43115";"1432";"CC";"CC";"2009-09-17 22:00:00+00:00";"2008-07-27 22:00:00+00:00";"13";"43";"84";"2021";"NON";"NON";"200073401";"";"";"";"2021-10-06";"93459";""
"43118";"3199";"PLU";"COM";"2004-08-15 22:00:00+00:00";"2000-02-20 23:00:00+00:00";"39";"43";"84";"2021";"NON";"NON";"43118";"";"";"";"2021-10-06";"52853";""
"43119";"3199";"PLU";"COM";"2003-06-18 22:00:00+00:00";"2000-05-25 22:00:00+00:00";"39";"43";"84";"2021";"NON";"NON";"43119";"";"";"";"2021-10-06";"56094";""
"43120";"3199";"PLU";"COM";"2018-11-06 23:00:00+00:00";"2014-12-04 23:00:00+00:00";"39";"43";"84";"2021";"NON";"NON";"43120";"";"";"";"2021-10-06";"145279";""
"43124";"3199";"PLU";"COM";"2013-05-22 22:00:00+00:00";"2008-07-02 22:00:00+00:00";"39";"43";"84";"2021";"NON";"NON";"43124";"";"";"";"2021-10-06";"62436";""
"43126";"3199";"PLU";"COM";"2014-01-15 23:00:00+00:00";"2010-07-14 22:00:00+00:00";"39";"43";"84";"2021";"NON";"NON";"43126";"";"";"";"2021-10-06";"93468";""
"43127";"3199";"PLU";"COM";"2018-11-21 23:00:00+00:00";"2014-09-10 22:00:00+00:00";"39";"43";"84";"2021";"NON";"NON";"43127";"";"";"";"2021-10-06";"134303";""
"43130";"1199";"CC";"COM";"2016-07-20 22:00:00+00:00";"2013-02-20 23:00:00+00:00";"19";"43";"84";"2021";"NON";"NON";"43130";"";"";"";"2021-10-06";"126229";""
"43132";"3199";"PLU";"COM";"2017-09-11 22:00:00+00:00";"2009-12-09 23:00:00+00:00";"39";"43";"84";"2021";"NON";"NON";"43132";"";"";"";"2021-10-06";"62437";""
"43135";"3432";"PLU";"CC";"2006-02-16 23:00:00+00:00";"2002-06-27 22:00:00+00:00";"33";"43";"84";"2021";"NON";"NON";"200073401";"";"";"";"2021-10-06";"52854";""
"43137";"3131";"PLU";"COM";"2004-12-14 23:00:00+00:00";"1998-12-17 23:00:00+00:00";"33";"43";"84";"2021";"NON";"NON";"43137";"";"";"";"2021-10-06";"52855";""
"43138";"1111";"CC";"COM";"2005-06-08 22:00:00+00:00";"2003-12-31 23:00:00+00:00";"11";"43";"84";"2021";"NON";"NON";"43138";"";"";"";"2021-10-06";"69463";""
"43140";"3199";"PLU";"COM";"2005-12-01 23:00:00+00:00";"2003-05-22 22:00:00+00:00";"39";"43";"84";"2021";"NON";"NON";"43140";"";"";"";"2021-10-06";"52856";""
"43141";"3131";"PLU";"COM";"2010-05-31 22:00:00+00:00";"2006-09-04 22:00:00+00:00";"33";"43";"84";"2021";"NON";"NON";"43141";"";"";"";"2021-10-06";"52850";""
"43142";"1199";"CC";"COM";"2017-07-19 22:00:00+00:00";"2012-06-14 22:00:00+00:00";"19";"43";"84";"2021";"NON";"NON";"43142";"";"";"";"2021-10-06";"126240";""
"43147";"3432";"PLU";"CC";"2007-02-07 23:00:00+00:00";"2005-02-03 23:00:00+00:00";"33";"43";"84";"2021";"NON";"NON";"244301032";"";"";"";"2021-10-06";"52859";""
"43148";"3199";"PLU";"COM";"2005-01-30 23:00:00+00:00";"1997-09-29 22:00:00+00:00";"39";"43";"84";"2021";"NON";"NON";"43148";"";"";"";"2021-10-06";"52866";""
"43150";"3199";"PLU";"COM";"2004-11-18 23:00:00+00:00";"2000-02-21 23:00:00+00:00";"39";"43";"84";"2021";"NON";"NON";"43150";"";"";"";"2021-10-06";"52867";""
"43152";"3199";"PLU";"COM";"2009-08-24 22:00:00+00:00";"2003-06-09 22:00:00+00:00";"39";"43";"84";"2021";"NON";"NON";"43152";"";"";"";"2021-10-06";"52860";""
"43153";"3199";"PLU";"COM";"2007-12-06 23:00:00+00:00";"2001-02-19 23:00:00+00:00";"39";"43";"84";"2021";"NON";"NON";"43153";"";"";"";"2021-10-06";"52861";""
"43154";"3432";"PLU";"CC";"2007-11-09 23:00:00+00:00";"2004-09-24 22:00:00+00:00";"33";"43";"84";"2021";"NON";"NON";"43154";"";"";"";"2021-10-06";"52862";""
"43157";"3199";"PLU";"COM";"2019-10-14 22:00:00+00:00";"2014-12-11 23:00:00+00:00";"39";"43";"84";"2021";"NON";"NON";"43157";"";"";"";"2021-10-06";"145301";""
"43158";"1432";"CC";"CC";"2006-05-23 22:00:00+00:00";"2004-12-31 23:00:00+00:00";"13";"43";"84";"2021";"NON";"NON";"200073401";"";"";"";"2021-10-06";"69465";""
"43159";"1199";"CC";"COM";"2017-06-11 22:00:00+00:00";"2016-01-19 23:00:00+00:00";"19";"43";"84";"2021";"NON";"NON";"43159";"";"";"";"2021-10-06";"179943";""
"43162";"3199";"PLU";"COM";"2013-06-27 22:00:00+00:00";"2002-08-26 22:00:00+00:00";"39";"43";"84";"2021";"NON";"NON";"43162";"";"";"";"2021-10-06";"62440";""
"43163";"3199";"PLU";"COM";"2009-09-16 22:00:00+00:00";"2006-06-29 22:00:00+00:00";"39";"43";"84";"2021";"NON";"NON";"43163";"";"";"";"2021-10-06";"52858";""
"43164";"1199";"CC";"COM";"2004-11-07 23:00:00+00:00";"2002-12-31 23:00:00+00:00";"19";"43";"84";"2021";"NON";"NON";"43164";"";"";"";"2021-10-06";"69467";""
"43165";"3131";"PLU";"COM";"2005-11-24 23:00:00+00:00";"1999-01-12 23:00:00+00:00";"33";"43";"84";"2021";"NON";"NON";"43165";"";"";"";"2021-10-06";"52863";""
"43166";"1111";"CC";"COM";"2011-12-20 23:00:00+00:00";"2009-12-16 23:00:00+00:00";"11";"43";"84";"2021";"NON";"NON";"43166";"";"";"";"2021-10-06";"93566";""
"43170";"3432";"PLU";"CC";"2019-11-13 23:00:00+00:00";"2014-11-11 23:00:00+00:00";"33";"43";"84";"2021";"NON";"NON";"244301032";"";"";"";"2021-10-06";"134212";""
"43174";"3199";"PLU";"COM";"2021-01-24 23:00:00+00:00";"2017-11-19 23:00:00+00:00";"39";"43";"84";"2021";"NON";"NON";"43174";"";"";"";"2021-10-06";"159382";""
"43177";"3131";"PLU";"COM";"2006-07-09 22:00:00+00:00";"2001-06-28 22:00:00+00:00";"33";"43";"84";"2021";"NON";"NON";"43177";"";"";"";"2021-10-06";"52869";""
"43181";"1199";"CC";"COM";"2006-10-29 23:00:00+00:00";"2004-05-27 22:00:00+00:00";"19";"43";"84";"2021";"NON";"NON";"43181";"";"";"";"2021-10-06";"69469";""
"43184";"3199";"PLU";"COM";"2008-03-02 23:00:00+00:00";"1995-11-09 23:00:00+00:00";"39";"43";"84";"2021";"NON";"NON";"43184";"";"";"";"2021-10-06";"52864";""
"43185";"3199";"PLU";"COM";"2012-05-03 22:00:00+00:00";"2008-06-19 22:00:00+00:00";"39";"43";"84";"2021";"NON";"NON";"43185";"";"";"";"2021-10-06";"62441";""
"43186";"3432";"PLU";"CC";"2006-07-19 22:00:00+00:00";"2004-03-18 23:00:00+00:00";"33";"43";"84";"2021";"NON";"NON";"200073401";"";"";"";"2021-10-06";"52870";""
"43187";"1199";"CC";"COM";"2004-12-16 23:00:00+00:00";"2003-12-31 23:00:00+00:00";"19";"43";"84";"2021";"NON";"NON";"43187";"";"";"";"2021-10-06";"69470";""
"43188";"1199";"CC";"COM";"2019-01-30 23:00:00+00:00";"2015-03-19 23:00:00+00:00";"19";"43";"84";"2021";"NON";"NON";"43188";"";"";"";"2021-10-06";"145519";""
"43190";"3199";"PLU";"COM";"2007-11-14 23:00:00+00:00";"2004-12-16 23:00:00+00:00";"39";"43";"84";"2021";"NON";"NON";"43190";"";"";"";"2021-10-06";"52865";""
"43191";"1432";"CC";"CC";"2009-04-16 22:00:00+00:00";"2007-12-31 23:00:00+00:00";"13";"43";"84";"2021";"NON";"NON";"244301032";"";"";"";"2021-10-06";"69471";""
"43194";"1199";"CC";"COM";"2015-03-26 23:00:00+00:00";"2011-05-04 22:00:00+00:00";"19";"43";"84";"2021";"NON";"NON";"43194";"";"";"";"2021-10-06";"93575";""
"43199";"3199";"PLU";"COM";"2004-02-26 23:00:00+00:00";"2001-08-10 22:00:00+00:00";"39";"43";"84";"2021";"NON";"NON";"43199";"";"";"";"2021-10-06";"52873";""
"43203";"1111";"CC";"COM";"2009-08-02 22:00:00+00:00";"2007-12-31 23:00:00+00:00";"11";"43";"84";"2021";"NON";"NON";"43203";"";"";"";"2021-10-06";"69473";""
"43205";"3199";"PLU";"COM";"2007-09-06 22:00:00+00:00";"2001-10-25 22:00:00+00:00";"39";"43";"84";"2021";"NON";"NON";"43205";"";"";"";"2021-10-06";"52874";""
"43211";"3199";"PLU";"COM";"2013-02-07 23:00:00+00:00";"2009-05-06 22:00:00+00:00";"39";"43";"84";"2021";"NON";"NON";"43211";"";"";"";"2021-10-06";"62443";""
"43212";"3199";"PLU";"COM";"2007-10-18 22:00:00+00:00";"2003-11-20 23:00:00+00:00";"39";"43";"84";"2021";"NON";"NON";"43212";"";"";"";"2021-10-06";"52877";""
"43213";"3131";"PLU";"COM";"2005-08-21 22:00:00+00:00";"2001-11-13 23:00:00+00:00";"33";"43";"84";"2021";"NON";"NON";"43213";"";"";"";"2021-10-06";"52875";""
"43216";"3199";"PLU";"COM";"2011-04-20 22:00:00+00:00";"2008-04-14 22:00:00+00:00";"39";"43";"84";"2021";"NON";"NON";"43216";"";"";"";"2021-10-06";"62444";""
"43218";"3432";"PLU";"CC";"2006-07-25 22:00:00+00:00";"2003-02-25 23:00:00+00:00";"33";"43";"84";"2021";"NON";"NON";"200073401";"";"";"";"2021-10-06";"52878";""
"43223";"1111";"CC";"COM";"2013-03-20 23:00:00+00:00";"2012-03-11 23:00:00+00:00";"11";"43";"84";"2021";"NON";"NON";"43223";"";"";"";"2021-10-06";"115001";""
"43224";"3199";"PLU";"COM";"2012-04-11 22:00:00+00:00";"2009-02-02 23:00:00+00:00";"39";"43";"84";"2021";"NON";"NON";"43224";"";"";"";"2021-10-06";"62442";""
"43227";"3199";"PLU";"COM";"2020-03-04 23:00:00+00:00";"2017-10-25 22:00:00+00:00";"39";"43";"84";"2021";"NON";"NON";"43227";"";"";"";"2021-10-06";"159388";""
"43229";"1199";"CC";"COM";"2004-12-05 23:00:00+00:00";"2003-06-26 22:00:00+00:00";"19";"43";"84";"2021";"NON";"NON";"43229";"";"";"";"2021-10-06";"69475";""
"43230";"1199";"CC";"COM";"2012-08-15 22:00:00+00:00";"2010-02-25 23:00:00+00:00";"19";"43";"84";"2021";"NON";"NON";"43230";"";"";"";"2021-10-06";"65713";""
"43232";"1199";"CC";"COM";"2012-04-04 22:00:00+00:00";"2010-07-21 22:00:00+00:00";"19";"43";"84";"2021";"NON";"NON";"43232";"";"";"";"2021-10-06";"65714";""
"43233";"3199";"PLU";"COM";"2011-10-27 22:00:00+00:00";"2005-11-03 23:00:00+00:00";"39";"43";"84";"2021";"NON";"NON";"43233";"";"";"";"2021-10-06";"62445";""
"43234";"3199";"PLU";"COM";"2008-11-16 23:00:00+00:00";"2005-12-04 23:00:00+00:00";"39";"43";"84";"2021";"NON";"NON";"43234";"";"";"";"2021-10-06";"52876";""
"43238";"1432";"CC";"CC";"2008-02-27 23:00:00+00:00";"2007-12-31 23:00:00+00:00";"13";"43";"84";"2021";"NON";"NON";"43238";"";"";"";"2021-10-06";"69476";""
"43239";"1199";"CC";"COM";"2013-05-20 22:00:00+00:00";"2011-09-08 22:00:00+00:00";"19";"43";"84";"2021";"NON";"NON";"43239";"";"";"";"2021-10-06";"93627";""
"43240";"1131";"CC";"COM";"2005-12-06 23:00:00+00:00";"2004-12-31 23:00:00+00:00";"13";"43";"84";"2021";"NON";"NON";"43240";"";"";"";"2021-10-06";"69478";""
"43241";"3131";"PLU";"COM";"2004-04-18 22:00:00+00:00";"2001-08-06 22:00:00+00:00";"33";"43";"84";"2021";"NON";"NON";"43241";"";"";"";"2021-10-06";"56099";""
"43244";"3199";"PLU";"COM";"2016-06-06 22:00:00+00:00";"2008-09-28 22:00:00+00:00";"39";"43";"84";"2021";"NON";"NON";"43244";"";"";"";"2021-10-06";"62446";""
"43246";"1199";"CC";"COM";"2018-09-27 22:00:00+00:00";"2014-09-25 22:00:00+00:00";"19";"43";"84";"2021";"NON";"NON";"43246";"";"";"";"2021-10-06";"152481";""
"43249";"1199";"CC";"COM";"2005-12-06 23:00:00+00:00";"2004-12-31 23:00:00+00:00";"19";"43";"84";"2021";"NON";"NON";"43249";"";"";"";"2021-10-06";"65470";""
"43251";"3199";"PLU";"COM";"2019-10-02 22:00:00+00:00";"2014-12-10 23:00:00+00:00";"39";"43";"84";"2021";"NON";"NON";"43251";"";"";"";"2021-10-06";"145378";""
"43257";"1111";"CC";"COM";"2006-03-22 23:00:00+00:00";"2003-11-27 23:00:00+00:00";"11";"43";"84";"2021";"NON";"NON";"43257";"";"";"";"2021-10-06";"69480";""
"43258";"3199";"PLU";"COM";"2018-05-17 22:00:00+00:00";"2014-06-05 22:00:00+00:00";"39";"43";"84";"2021";"NON";"NON";"43258";"";"";"";"2021-10-06";"134312";""
"43261";"3199";"PLU";"COM";"2019-10-24 22:00:00+00:00";"2015-06-25 22:00:00+00:00";"39";"43";"84";"2021";"NON";"NON";"43261";"";"";"";"2021-10-06";"145381";""
"43265";"3199";"PLU";"COM";"2021-02-24 23:00:00+00:00";"2018-09-18 22:00:00+00:00";"39";"43";"84";"2021";"NON";"NON";"43265";"";"";"";"2021-10-06";"166512";""
"43267";"3199";"PLU";"COM";"2006-04-10 22:00:00+00:00";"2003-06-02 22:00:00+00:00";"39";"43";"84";"2021";"NON";"NON";"43267";"";"";"";"2021-10-06";"52881";""
"43268";"3199";"PLU";"COM";"2013-05-16 22:00:00+00:00";"2008-10-22 22:00:00+00:00";"39";"43";"84";"2021";"NON";"NON";"43268";"";"";"";"2021-10-06";"63956";""
"44001";"3432";"PLU";"CC";"2012-02-22 23:00:00+00:00";"2006-11-15 23:00:00+00:00";"33";"44";"52";"2021";"NON";"NON";"44001";"";"";"";"2021-10-06";"63957";""
"44002";"3199";"PLU";"COM";"2020-10-07 22:00:00+00:00";"2015-07-01 22:00:00+00:00";"39";"44";"52";"2021";"NON";"NON";"44002";"";"";"";"2021-10-06";"105168";""
"44003";"3131";"PLU";"COM";"2014-04-27 22:00:00+00:00";"2008-01-13 23:00:00+00:00";"33";"44";"52";"2021";"NON";"NON";"44003";"";"";"";"2021-10-06";"63958";""
"44005";"3199";"PLU";"COM";"2017-06-18 22:00:00+00:00";"2014-09-08 22:00:00+00:00";"39";"44";"52";"2021";"NON";"NON";"44005";"";"";"";"2021-10-06";"133958";""
"44006";"3199";"PLU";"COM";"2015-06-14 22:00:00+00:00";"2010-06-14 22:00:00+00:00";"39";"44";"52";"2021";"NON";"NON";"44006";"";"";"";"2021-10-06";"63959";""
"44007";"3199";"PLU";"COM";"2017-04-27 22:00:00+00:00";"2011-11-16 23:00:00+00:00";"39";"44";"52";"2021";"NON";"NON";"44007";"";"";"";"2021-10-06";"97741";""
"44009";"3299";"PLUi/PLUiS";"MET";"2019-04-04 22:00:00+00:00";"2014-10-16 22:00:00+00:00";"39";"44";"52";"2021";"NON";"OUI";"44009";"";"";"";"2021-10-06";"122092";""
"44010";"3199";"PLU";"COM";"2017-12-19 23:00:00+00:00";"2014-07-27 22:00:00+00:00";"39";"44";"52";"2021";"NON";"NON";"44010";"";"";"";"2021-10-06";"132769";""
"44012";"3199";"PLU";"COM";"2018-10-25 22:00:00+00:00";"2013-09-26 22:00:00+00:00";"39";"44";"52";"2021";"NON";"NON";"44012";"";"";"";"2021-10-06";"126220";""
"44013";"3299";"PLUi/PLUiS";"CA";"2020-02-03 23:00:00+00:00";"2015-12-14 23:00:00+00:00";"39";"44";"52";"2021";"NON";"OUI";"44013";"";"";"";"2021-10-06";"146528";""
"44014";"3199";"PLU";"COM";"2014-02-20 23:00:00+00:00";"2009-10-29 23:00:00+00:00";"39";"44";"52";"2021";"NON";"NON";"44014";"";"";"";"2021-10-06";"61628";""
"44015";"3432";"PLU";"CC";"2013-05-22 22:00:00+00:00";"2009-02-25 23:00:00+00:00";"33";"44";"52";"2021";"NON";"NON";"44015";"";"";"";"2021-10-06";"62448";""
"44016";"3432";"PLU";"CC";"2006-06-11 22:00:00+00:00";"2003-02-23 23:00:00+00:00";"33";"44";"52";"2021";"NON";"NON";"200067866";"";"";"";"2021-10-06";"52888";""
"44018";"3299";"PLUi/PLUiS";"MET";"2019-04-04 22:00:00+00:00";"2014-10-16 22:00:00+00:00";"39";"44";"52";"2021";"NON";"OUI";"44018";"";"";"";"2021-10-06";"122092";""
"44019";"3499";"PLU";"CC";"2011-02-09 23:00:00+00:00";"2010-05-04 22:00:00+00:00";"39";"44";"52";"2021";"NON";"NON";"200072734";"";"";"";"2021-10-06";"61629";""
"44020";"3299";"PLUi/PLUiS";"MET";"2019-04-04 22:00:00+00:00";"2014-10-16 22:00:00+00:00";"39";"44";"52";"2021";"NON";"OUI";"44020";"";"";"";"2021-10-06";"122092";""
"44021";"3199";"PLU";"COM";"2017-03-06 23:00:00+00:00";"2012-02-15 23:00:00+00:00";"39";"44";"52";"2021";"NON";"NON";"44021";"";"";"";"2021-10-06";"105183";""
"44022";"3199";"PLU";"COM";"2007-09-11 22:00:00+00:00";"2005-06-22 22:00:00+00:00";"39";"44";"52";"2021";"NON";"NON";"44022";"";"";"";"2021-10-06";"52890";""
"44023";"3432";"PLU";"CC";"2005-05-22 22:00:00+00:00";"2001-05-17 22:00:00+00:00";"33";"44";"52";"2021";"NON";"NON";"44023";"";"";"";"2021-10-06";"52891";""
"44024";"3299";"PLUi/PLUiS";"MET";"2019-04-04 22:00:00+00:00";"2014-10-16 22:00:00+00:00";"39";"44";"52";"2021";"NON";"OUI";"44024";"";"";"";"2021-10-06";"122092";""
"44025";"3499";"PLU";"CC";"2020-01-29 23:00:00+00:00";"2015-06-10 22:00:00+00:00";"39";"44";"52";"2021";"NON";"NON";"200072734";"";"";"";"2021-10-06";"140279";""
"44026";"3299";"PLUi/PLUiS";"MET";"2019-04-04 22:00:00+00:00";"2014-10-16 22:00:00+00:00";"39";"44";"52";"2021";"NON";"OUI";"44026";"";"";"";"2021-10-06";"122092";""
"44027";"3299";"PLUi/PLUiS";"CC";"2019-12-17 23:00:00+00:00";"2015-12-15 23:00:00+00:00";"39";"44";"52";"2021";"NON";"OUI";"44027";"";"";"";"2021-10-06";"130618";""
"44028";"3199";"PLU";"COM";"2013-12-16 23:00:00+00:00";"2011-08-29 22:00:00+00:00";"39";"44";"52";"2021";"NON";"NON";"44028";"";"";"";"2021-10-06";"80633";""
"44029";"3432";"PLU";"CC";"2019-03-11 23:00:00+00:00";"2009-10-19 22:00:00+00:00";"33";"44";"52";"2021";"NON";"NON";"200067866";"";"";"";"2021-10-06";"63960";""
"44030";"3299";"PLUi/PLUiS";"CA";"2020-02-03 23:00:00+00:00";"2015-12-14 23:00:00+00:00";"39";"44";"52";"2021";"NON";"OUI";"44030";"";"";"";"2021-10-06";"146528";""
"44031";"3199";"PLU";"COM";"2010-05-26 22:00:00+00:00";"2006-09-28 22:00:00+00:00";"39";"44";"52";"2021";"NON";"NON";"44031";"";"";"";"2021-10-06";"51562";""
"44032";"3432";"PLU";"CC";"2011-11-28 23:00:00+00:00";"2008-06-30 22:00:00+00:00";"33";"44";"52";"2021";"NON";"NON";"200067866";"";"";"";"2021-10-06";"61632";""
"44033";"3434";"PLU";"CC";"2009-09-24 22:00:00+00:00";"2001-05-03 22:00:00+00:00";"33";"44";"52";"2021";"NON";"NON";"200072734";"";"";"";"2021-10-06";"56866";""
"44035";"3299";"PLUi/PLUiS";"MET";"2019-04-04 22:00:00+00:00";"2014-10-16 22:00:00+00:00";"39";"44";"52";"2021";"NON";"OUI";"44035";"";"";"";"2021-10-06";"122092";""
"44036";"3199";"PLU";"COM";"2019-12-18 23:00:00+00:00";"2011-05-29 22:00:00+00:00";"39";"44";"52";"2021";"NON";"NON";"44036";"";"";"";"2021-10-06";"80655";""
"44037";"3199";"PLU";"COM";"2006-01-08 23:00:00+00:00";"2002-11-03 23:00:00+00:00";"39";"44";"52";"2021";"NON";"NON";"44037";"";"";"";"2021-10-06";"57423";""
"44038";"3199";"PLU";"COM";"2014-03-11 23:00:00+00:00";"2009-12-16 23:00:00+00:00";"39";"44";"52";"2021";"NON";"NON";"44038";"";"";"";"2021-10-06";"61633";""
"44039";"3199";"PLU";"COM";"2016-07-06 22:00:00+00:00";"2009-02-19 23:00:00+00:00";"39";"44";"52";"2021";"NON";"NON";"44039";"";"";"";"2021-10-06";"63961";""
"44041";"3131";"PLU";"COM";"2007-01-30 23:00:00+00:00";"2002-05-06 22:00:00+00:00";"33";"44";"52";"2021";"NON";"NON";"44041";"";"";"";"2021-10-06";"56869";""
"44043";"3199";"PLU";"COM";"2011-01-26 23:00:00+00:00";"2004-02-25 23:00:00+00:00";"39";"44";"52";"2021";"NON";"NON";"44043";"";"";"";"2021-10-06";"56103";""
"44044";"3199";"PLU";"COM";"2013-07-24 22:00:00+00:00";"2008-09-18 22:00:00+00:00";"39";"44";"52";"2021";"NON";"NON";"44044";"";"";"";"2021-10-06";"63955";""
"44045";"3399";"PLUi/PLUiS";"CC";"2019-07-03 22:00:00+00:00";"2017-04-23 22:00:00+00:00";"39";"44";"52";"2021";"OUI";"NON";"200072734";"";"";"";"2021-10-06";"142852";""
"44046";"3499";"PLU";"CC";"2018-06-20 22:00:00+00:00";"2015-09-20 22:00:00+00:00";"39";"44";"52";"2021";"NON";"NON";"244400586";"";"";"";"2021-10-06";"141790";""
"44047";"3299";"PLUi/PLUiS";"MET";"2019-04-04 22:00:00+00:00";"2014-10-16 22:00:00+00:00";"39";"44";"52";"2021";"NON";"OUI";"44047";"";"";"";"2021-10-06";"122092";""
"44048";"3199";"PLU";"COM";"2019-12-04 23:00:00+00:00";"2015-07-15 22:00:00+00:00";"39";"44";"52";"2021";"NON";"NON";"44048";"";"";"";"2021-10-06";"141791";""
"44049";"3199";"PLU";"COM";"2012-10-28 23:00:00+00:00";"2009-03-19 23:00:00+00:00";"39";"44";"52";"2021";"NON";"NON";"44049";"";"";"";"2021-10-06";"63962";""
"44050";"3199";"PLU";"COM";"2014-01-27 23:00:00+00:00";"2009-06-22 22:00:00+00:00";"39";"44";"52";"2021";"NON";"NON";"44050";"";"";"";"2021-10-06";"63963";""
"44051";"3131";"PLU";"COM";"2004-05-26 22:00:00+00:00";"2002-02-27 23:00:00+00:00";"33";"44";"52";"2021";"NON";"NON";"44051";"";"";"";"2021-10-06";"52894";""
"44052";"3299";"PLUi/PLUiS";"CA";"2020-02-03 23:00:00+00:00";"2015-12-14 23:00:00+00:00";"39";"44";"52";"2021";"NON";"OUI";"44052";"";"";"";"2021-10-06";"146528";""
"44053";"3131";"PLU";"COM";"2007-11-29 23:00:00+00:00";"2005-11-03 23:00:00+00:00";"33";"44";"52";"2021";"NON";"NON";"44053";"";"";"";"2021-10-06";"52896";""
"44054";"3131";"PLU";"COM";"2004-04-21 22:00:00+00:00";"2001-08-30 22:00:00+00:00";"33";"44";"52";"2021";"NON";"NON";"44054";"";"";"";"2021-10-06";"52897";""
"44055";"3199";"PLU";"COM";"2013-02-21 23:00:00+00:00";"2008-06-26 22:00:00+00:00";"39";"44";"52";"2021";"NON";"NON";"44055";"";"";"";"2021-10-06";"63964";""
"44056";"3299";"PLUi/PLUiS";"CC";"2019-12-17 23:00:00+00:00";"2015-12-15 23:00:00+00:00";"39";"44";"52";"2021";"NON";"OUI";"44056";"";"";"";"2021-10-06";"130618";""
"44057";"3199";"PLU";"COM";"2017-05-09 22:00:00+00:00";"2013-05-27 22:00:00+00:00";"39";"44";"52";"2021";"NON";"NON";"44057";"";"";"";"2021-10-06";"121517";""
"44061";"3499";"PLU";"CC";"2014-03-10 23:00:00+00:00";"2009-10-19 22:00:00+00:00";"39";"44";"52";"2021";"NON";"NON";"244400586";"";"";"";"2021-10-06";"63966";""
"44062";"3432";"PLU";"CC";"2005-07-05 22:00:00+00:00";"2001-12-06 23:00:00+00:00";"33";"44";"52";"2021";"NON";"NON";"44062";"";"";"";"2021-10-06";"52901";""
"44063";"3199";"PLU";"COM";"2020-02-12 23:00:00+00:00";"2016-04-27 22:00:00+00:00";"39";"44";"52";"2021";"NON";"NON";"44063";"";"";"";"2021-10-06";"150611";""
"44064";"3199";"PLU";"COM";"2008-01-16 23:00:00+00:00";"2005-03-30 22:00:00+00:00";"39";"44";"52";"2021";"NON";"NON";"44064";"";"";"";"2021-10-06";"52903";""
"44065";"3131";"PLU";"COM";"2004-02-26 23:00:00+00:00";"2001-12-06 23:00:00+00:00";"33";"44";"52";"2021";"NON";"NON";"44065";"";"";"";"2021-10-06";"52904";""
"44066";"3299";"PLUi/PLUiS";"CC";"2019-12-17 23:00:00+00:00";"2015-12-15 23:00:00+00:00";"39";"44";"52";"2021";"NON";"OUI";"44066";"";"";"";"2021-10-06";"130618";""
"44067";"3199";"PLU";"COM";"2013-09-17 22:00:00+00:00";"2009-03-17 23:00:00+00:00";"39";"44";"52";"2021";"NON";"NON";"44067";"";"";"";"2021-10-06";"62452";""
"44068";"3199";"PLU";"COM";"2018-03-12 23:00:00+00:00";"2011-06-16 22:00:00+00:00";"39";"44";"52";"2021";"NON";"NON";"44068";"";"";"";"2021-10-06";"81044";""
"44069";"3199";"PLU";"COM";"2017-11-12 23:00:00+00:00";"2013-01-20 23:00:00+00:00";"39";"44";"52";"2021";"NON";"NON";"44069";"";"";"";"2021-10-06";"120553";""
"44070";"3199";"PLU";"COM";"2012-10-17 22:00:00+00:00";"2008-05-15 22:00:00+00:00";"39";"44";"52";"2021";"NON";"NON";"44070";"";"";"";"2021-10-06";"63967";""
"44071";"3199";"PLU";"COM";"2014-02-20 23:00:00+00:00";"2009-10-08 22:00:00+00:00";"39";"44";"52";"2021";"NON";"NON";"44071";"";"";"";"2021-10-06";"62451";""
"44072";"3199";"PLU";"COM";"2017-03-30 22:00:00+00:00";"2013-05-06 22:00:00+00:00";"39";"44";"52";"2021";"NON";"NON";"44072";"";"";"";"2021-10-06";"125024";""
"44073";"3299";"PLUi/PLUiS";"CC";"2019-12-17 23:00:00+00:00";"2015-12-15 23:00:00+00:00";"39";"44";"52";"2021";"NON";"OUI";"44073";"";"";"";"2021-10-06";"130618";""
"44074";"3299";"PLUi/PLUiS";"MET";"2019-04-04 22:00:00+00:00";"2014-10-16 22:00:00+00:00";"39";"44";"52";"2021";"NON";"OUI";"44074";"";"";"";"2021-10-06";"122092";""
"44075";"3199";"PLU";"COM";"2020-07-08 22:00:00+00:00";"2015-09-23 22:00:00+00:00";"39";"44";"52";"2021";"NON";"NON";"44075";"";"";"";"2021-10-06";"150613";""
"44076";"3131";"PLU";"COM";"2005-11-24 23:00:00+00:00";"2003-02-27 23:00:00+00:00";"33";"44";"52";"2021";"NON";"NON";"44076";"";"";"";"2021-10-06";"56890";""
"44077";"3199";"PLU";"COM";"2020-06-21 22:00:00+00:00";"2016-01-31 23:00:00+00:00";"39";"44";"52";"2021";"NON";"NON";"44077";"";"";"";"2021-10-06";"149181";""
"44078";"1199";"CC";"COM";"2014-04-16 22:00:00+00:00";"2010-10-14 22:00:00+00:00";"19";"44";"52";"2021";"NON";"NON";"44078";"";"";"";"2021-10-06";"101434";""
"44079";"3432";"PLU";"CC";"2011-12-14 23:00:00+00:00";"2008-07-17 22:00:00+00:00";"33";"44";"52";"2021";"NON";"NON";"200067866";"";"";"";"2021-10-06";"62866";""
"44080";"3499";"PLU";"CC";"2019-09-25 22:00:00+00:00";"2015-06-28 22:00:00+00:00";"39";"44";"52";"2021";"NON";"NON";"200072734";"";"";"";"2021-10-06";"140281";""
"44081";"3199";"PLU";"COM";"2019-12-11 23:00:00+00:00";"2015-07-21 22:00:00+00:00";"39";"44";"52";"2021";"NON";"NON";"44081";"";"";"";"2021-10-06";"140381";""
"44082";"3199";"PLU";"COM";"2020-03-02 23:00:00+00:00";"2014-12-03 23:00:00+00:00";"39";"44";"52";"2021";"NON";"NON";"44082";"";"";"";"2021-10-06";"138110";""
"44083";"3199";"PLU";"COM";"2020-03-08 23:00:00+00:00";"2017-01-22 23:00:00+00:00";"39";"44";"52";"2021";"NON";"NON";"44083";"";"";"";"2021-10-06";"160699";""
"44084";"3432";"PLU";"CC";"2010-12-06 23:00:00+00:00";"2006-01-18 23:00:00+00:00";"33";"44";"52";"2021";"NON";"NON";"200067866";"";"";"";"2021-10-06";"56878";""
"44085";"3199";"PLU";"COM";"2008-06-30 22:00:00+00:00";"2006-04-14 22:00:00+00:00";"39";"44";"52";"2021";"NON";"NON";"44085";"";"";"";"2021-10-06";"56879";""
"44086";"3131";"PLU";"COM";"2008-02-27 23:00:00+00:00";"2005-03-02 23:00:00+00:00";"33";"44";"52";"2021";"NON";"NON";"44086";"";"";"";"2021-10-06";"56880";""
"44087";"3199";"PLU";"COM";"2007-04-09 22:00:00+00:00";"2001-11-26 23:00:00+00:00";"39";"44";"52";"2021";"NON";"NON";"44087";"";"";"";"2021-10-06";"56881";""
"44088";"3199";"PLU";"COM";"2007-11-07 23:00:00+00:00";"2006-03-29 22:00:00+00:00";"39";"44";"52";"2021";"NON";"NON";"44088";"";"";"";"2021-10-06";"56882";""
"44089";"3499";"PLU";"CC";"2015-07-06 22:00:00+00:00";"2012-02-06 23:00:00+00:00";"39";"44";"52";"2021";"NON";"NON";"200072734";"";"";"";"2021-10-06";"103761";""
"44090";"3199";"PLU";"COM";"2020-01-29 23:00:00+00:00";"2015-06-25 22:00:00+00:00";"39";"44";"52";"2021";"NON";"NON";"44090";"";"";"";"2021-10-06";"140282";""
"44091";"3131";"PLU";"COM";"2005-11-13 23:00:00+00:00";"2002-10-02 22:00:00+00:00";"33";"44";"52";"2021";"NON";"NON";"44091";"";"";"";"2021-10-06";"57238";""
"44092";"3199";"PLU";"COM";"2013-03-13 23:00:00+00:00";"2009-03-27 23:00:00+00:00";"39";"44";"52";"2021";"NON";"NON";"44092";"";"";"";"2021-10-06";"50288";""
"44094";"3299";"PLUi/PLUiS";"MET";"2019-04-04 22:00:00+00:00";"2014-10-16 22:00:00+00:00";"39";"44";"52";"2021";"NON";"OUI";"44094";"";"";"";"2021-10-06";"122092";""
"44095";"3131";"PLU";"COM";"2005-07-04 22:00:00+00:00";"2002-01-07 23:00:00+00:00";"33";"44";"52";"2021";"NON";"NON";"44095";"";"";"";"2021-10-06";"56886";""
"44096";"3199";"PLU";"COM";"2013-07-17 22:00:00+00:00";"2007-11-07 23:00:00+00:00";"39";"44";"52";"2021";"NON";"NON";"44096";"";"";"";"2021-10-06";"64501";""
"44097";"3199";"PLU";"COM";"2012-06-14 22:00:00+00:00";"2001-12-02 23:00:00+00:00";"39";"44";"52";"2021";"NON";"NON";"44097";"";"";"";"2021-10-06";"62870";""
"44098";"3199";"PLU";"COM";"2013-09-26 22:00:00+00:00";"2010-03-25 23:00:00+00:00";"39";"44";"52";"2021";"NON";"NON";"44098";"";"";"";"2021-10-06";"64502";""
"44099";"3131";"PLU";"COM";"2006-11-21 23:00:00+00:00";"2003-08-26 22:00:00+00:00";"33";"44";"52";"2021";"NON";"NON";"44099";"";"";"";"2021-10-06";"56887";""
"44100";"3131";"PLU";"COM";"2006-09-14 22:00:00+00:00";"2003-11-20 23:00:00+00:00";"33";"44";"52";"2021";"NON";"NON";"44100";"";"";"";"2021-10-06";"56888";""
"44101";"3299";"PLUi/PLUiS";"MET";"2019-04-04 22:00:00+00:00";"2014-10-16 22:00:00+00:00";"39";"44";"52";"2021";"NON";"OUI";"44101";"";"";"";"2021-10-06";"122092";""
"44102";"3199";"PLU";"COM";"2013-12-18 23:00:00+00:00";"2008-06-29 22:00:00+00:00";"39";"44";"52";"2021";"NON";"NON";"44102";"";"";"";"2021-10-06";"62876";""
"44103";"3299";"PLUi/PLUiS";"CA";"2020-02-03 23:00:00+00:00";"2015-12-14 23:00:00+00:00";"39";"44";"52";"2021";"NON";"OUI";"44103";"";"";"";"2021-10-06";"146528";""
"44104";"3199";"PLU";"COM";"2020-01-23 23:00:00+00:00";"2017-03-23 23:00:00+00:00";"39";"44";"52";"2021";"NON";"NON";"44104";"";"";"";"2021-10-06";"156802";""
"44105";"1199";"CC";"COM";"2007-03-14 23:00:00+00:00";"2005-12-08 23:00:00+00:00";"19";"44";"52";"2021";"NON";"NON";"44105";"";"";"";"2021-10-06";"69481";""
"44106";"3199";"PLU";"COM";"2009-06-21 22:00:00+00:00";"2002-09-23 22:00:00+00:00";"39";"44";"52";"2021";"NON";"NON";"44106";"";"";"";"2021-10-06";"51596";""
"44107";"3199";"PLU";"COM";"2014-09-14 22:00:00+00:00";"2012-02-05 23:00:00+00:00";"39";"44";"52";"2021";"NON";"NON";"44107";"";"";"";"2021-10-06";"110228";""
"44108";"3432";"PLU";"CC";"2011-10-09 22:00:00+00:00";"2005-04-10 22:00:00+00:00";"33";"44";"52";"2021";"NON";"NON";"200067866";"";"";"";"2021-10-06";"81597";""
"44109";"3299";"PLUi/PLUiS";"MET";"2019-04-04 22:00:00+00:00";"2014-10-16 22:00:00+00:00";"39";"44";"52";"2021";"NON";"OUI";"44109";"";"";"";"2021-10-06";"122092";""
"44110";"3299";"PLUi/PLUiS";"CC";"2019-12-17 23:00:00+00:00";"2015-12-15 23:00:00+00:00";"39";"44";"52";"2021";"NON";"OUI";"44110";"";"";"";"2021-10-06";"130618";""
"44111";"3299";"PLUi/PLUiS";"CC";"2019-12-17 23:00:00+00:00";"2015-12-15 23:00:00+00:00";"39";"44";"52";"2021";"NON";"OUI";"44111";"";"";"";"2021-10-06";"130618";""
"44112";"3199";"PLU";"COM";"2011-10-06 22:00:00+00:00";"2007-06-07 22:00:00+00:00";"39";"44";"52";"2021";"NON";"NON";"44112";"";"";"";"2021-10-06";"63970";""
"44113";"3432";"PLU";"CC";"2007-01-24 23:00:00+00:00";"2003-09-24 22:00:00+00:00";"33";"44";"52";"2021";"NON";"NON";"44113";"";"";"";"2021-10-06";"52909";""
"44114";"3299";"PLUi/PLUiS";"MET";"2019-04-04 22:00:00+00:00";"2014-10-16 22:00:00+00:00";"39";"44";"52";"2021";"NON";"OUI";"44114";"";"";"";"2021-10-06";"122092";""
"44115";"3199";"PLU";"COM";"2020-02-20 23:00:00+00:00";"2015-09-24 22:00:00+00:00";"39";"44";"52";"2021";"NON";"NON";"44115";"";"";"";"2021-10-06";"142877";""
"44116";"3499";"PLU";"CC";"2017-03-15 23:00:00+00:00";"2012-07-03 22:00:00+00:00";"39";"44";"52";"2021";"NON";"NON";"244400586";"";"";"";"2021-10-06";"110275";""
"44117";"3432";"PLU";"CC";"2012-02-26 23:00:00+00:00";"2004-09-30 22:00:00+00:00";"33";"44";"52";"2021";"NON";"NON";"200067866";"";"";"";"2021-10-06";"64503";""
"44118";"3199";"PLU";"COM";"2015-02-18 23:00:00+00:00";"2010-03-03 23:00:00+00:00";"39";"44";"52";"2021";"NON";"NON";"44118";"";"";"";"2021-10-06";"64504";""
"44119";"3199";"PLU";"COM";"2020-06-17 22:00:00+00:00";"2015-06-22 22:00:00+00:00";"39";"44";"52";"2021";"NON";"NON";"44119";"";"";"";"2021-10-06";"140382";""
"44120";"3299";"PLUi/PLUiS";"MET";"2019-04-04 22:00:00+00:00";"2014-10-16 22:00:00+00:00";"39";"44";"52";"2021";"NON";"OUI";"44120";"";"";"";"2021-10-06";"122092";""
"44121";"3199";"PLU";"COM";"2013-05-29 22:00:00+00:00";"2008-01-09 23:00:00+00:00";"39";"44";"52";"2021";"NON";"NON";"44121";"";"";"";"2021-10-06";"49783";""
"44122";"3299";"PLUi/PLUiS";"CC";"2019-12-17 23:00:00+00:00";"2015-12-15 23:00:00+00:00";"39";"44";"52";"2021";"NON";"OUI";"44122";"";"";"";"2021-10-06";"130618";""
"44123";"3199";"PLU";"COM";"2006-12-20 23:00:00+00:00";"2003-11-20 23:00:00+00:00";"39";"44";"52";"2021";"NON";"NON";"44123";"";"";"";"2021-10-06";"52912";""
"44124";"3199";"PLU";"COM";"2018-10-25 22:00:00+00:00";"2015-03-26 23:00:00+00:00";"39";"44";"52";"2021";"NON";"NON";"44124";"";"";"";"2021-10-06";"138804";""
"44125";"3131";"PLU";"COM";"2013-12-18 23:00:00+00:00";"2009-06-28 22:00:00+00:00";"33";"44";"52";"2021";"NON";"NON";"44125";"";"";"";"2021-10-06";"62453";""
"44126";"3199";"PLU";"COM";"2013-12-15 23:00:00+00:00";"2009-02-04 23:00:00+00:00";"39";"44";"52";"2021";"NON";"NON";"44126";"";"";"";"2021-10-06";"64506";""
"44127";"3199";"PLU";"COM";"2019-11-06 23:00:00+00:00";"2016-03-23 23:00:00+00:00";"39";"44";"52";"2021";"NON";"NON";"44127";"";"";"";"2021-10-06";"149187";""
"44128";"3131";"PLU";"COM";"2008-12-17 23:00:00+00:00";"2002-10-22 22:00:00+00:00";"33";"44";"52";"2021";"NON";"NON";"44128";"";"";"";"2021-10-06";"52907";""
"44129";"3131";"PLU";"COM";"2006-05-21 22:00:00+00:00";"2002-02-24 23:00:00+00:00";"33";"44";"52";"2021";"NON";"NON";"44129";"";"";"";"2021-10-06";"52915";""
"44130";"3199";"PLU";"COM";"2013-10-09 22:00:00+00:00";"2008-12-17 23:00:00+00:00";"39";"44";"52";"2021";"NON";"NON";"44130";"";"";"";"2021-10-06";"62888";""
"44131";"3131";"PLU";"COM";"2011-12-01 23:00:00+00:00";"2002-12-19 23:00:00+00:00";"33";"44";"52";"2021";"NON";"NON";"44131";"";"";"";"2021-10-06";"1133";""
"44132";"3299";"PLUi/PLUiS";"CA";"2020-02-03 23:00:00+00:00";"2015-12-14 23:00:00+00:00";"39";"44";"52";"2021";"NON";"OUI";"44132";"";"";"";"2021-10-06";"146528";""
"44133";"3131";"PLU";"COM";"2009-05-18 22:00:00+00:00";"2003-06-05 22:00:00+00:00";"33";"44";"52";"2021";"NON";"NON";"44133";"";"";"";"2021-10-06";"52917";""
"44134";"3131";"PLU";"COM";"2004-12-02 23:00:00+00:00";"2001-07-05 22:00:00+00:00";"33";"44";"52";"2021";"NON";"NON";"44134";"";"";"";"2021-10-06";"52918";""
"44135";"3199";"PLU";"COM";"2014-01-27 23:00:00+00:00";"2008-10-16 22:00:00+00:00";"39";"44";"52";"2021";"NON";"NON";"44135";"";"";"";"2021-10-06";"64507";""
"44136";"3199";"PLU";"COM";"2015-12-17 23:00:00+00:00";"2014-06-05 22:00:00+00:00";"39";"44";"52";"2021";"NON";"NON";"44136";"";"";"";"2021-10-06";"131100";""
"44137";"3499";"PLU";"CC";"2017-09-13 22:00:00+00:00";"2008-11-13 23:00:00+00:00";"39";"44";"52";"2021";"NON";"NON";"200072734";"";"";"";"2021-10-06";"63920";""
"44138";"3432";"PLU";"CC";"2008-02-27 23:00:00+00:00";"2004-06-28 22:00:00+00:00";"33";"44";"52";"2021";"NON";"NON";"44138";"";"";"";"2021-10-06";"52920";""
"44139";"3499";"PLU";"CC";"2014-02-16 23:00:00+00:00";"2012-03-18 23:00:00+00:00";"39";"44";"52";"2021";"NON";"NON";"200072734";"";"";"";"2021-10-06";"105976";""
"44140";"3432";"PLU";"CC";"2013-03-27 23:00:00+00:00";"2010-05-16 22:00:00+00:00";"33";"44";"52";"2021";"NON";"NON";"200067866";"";"";"";"2021-10-06";"64508";""
"44141";"3432";"PLU";"CC";"2012-01-15 23:00:00+00:00";"2009-05-17 22:00:00+00:00";"33";"44";"52";"2021";"NON";"NON";"200067866";"";"";"";"2021-10-06";"64509";""
"44142";"3199";"PLU";"COM";"2013-05-29 22:00:00+00:00";"2008-10-15 22:00:00+00:00";"39";"44";"52";"2021";"NON";"NON";"44142";"";"";"";"2021-10-06";"62889";""
"44143";"3299";"PLUi/PLUiS";"MET";"2019-04-04 22:00:00+00:00";"2014-10-16 22:00:00+00:00";"39";"44";"52";"2021";"NON";"OUI";"44143";"";"";"";"2021-10-06";"122092";""
"44144";"3199";"PLU";"COM";"2020-01-21 23:00:00+00:00";"2015-09-15 22:00:00+00:00";"39";"44";"52";"2021";"NON";"NON";"44144";"";"";"";"2021-10-06";"141802";""
"44145";"3199";"PLU";"COM";"2013-09-05 22:00:00+00:00";"2009-02-26 23:00:00+00:00";"39";"44";"52";"2021";"NON";"NON";"44145";"";"";"";"2021-10-06";"64510";""
"44146";"3199";"PLU";"COM";"2010-12-19 23:00:00+00:00";"2006-12-06 23:00:00+00:00";"39";"44";"52";"2021";"NON";"NON";"44146";"";"";"";"2021-10-06";"52922";""
"44148";"3199";"PLU";"COM";"2012-07-03 22:00:00+00:00";"2005-02-14 23:00:00+00:00";"39";"44";"52";"2021";"NON";"NON";"44148";"";"";"";"2021-10-06";"50289";""
"44149";"3432";"PLU";"CC";"2011-09-21 22:00:00+00:00";"2009-04-28 22:00:00+00:00";"33";"44";"52";"2021";"NON";"NON";"44149";"";"";"";"2021-10-06";"82181";""
"44150";"3299";"PLUi/PLUiS";"MET";"2019-04-04 22:00:00+00:00";"2014-10-16 22:00:00+00:00";"39";"44";"52";"2021";"NON";"OUI";"44150";"";"";"";"2021-10-06";"122092";""
"44151";"3299";"PLUi/PLUiS";"CA";"2020-02-03 23:00:00+00:00";"2015-12-14 23:00:00+00:00";"39";"44";"52";"2021";"NON";"OUI";"44151";"";"";"";"2021-10-06";"146528";""
"44152";"3199";"PLU";"COM";"2017-10-16 22:00:00+00:00";"2011-05-29 22:00:00+00:00";"39";"44";"52";"2021";"NON";"NON";"44152";"";"";"";"2021-10-06";"82184";""
"44153";"3131";"PLU";"COM";"2005-03-29 22:00:00+00:00";"2001-09-23 22:00:00+00:00";"33";"44";"52";"2021";"NON";"NON";"44153";"";"";"";"2021-10-06";"52926";""
"44154";"3499";"PLU";"CC";"2014-04-27 22:00:00+00:00";"2009-01-28 23:00:00+00:00";"39";"44";"52";"2021";"NON";"NON";"244400586";"";"";"";"2021-10-06";"64511";""
"44155";"3199";"PLU";"COM";"2012-06-20 22:00:00+00:00";"2008-12-10 23:00:00+00:00";"39";"44";"52";"2021";"NON";"NON";"44155";"";"";"";"2021-10-06";"64512";""
"44156";"3199";"PLU";"COM";"2014-03-12 23:00:00+00:00";"2010-05-19 22:00:00+00:00";"39";"44";"52";"2021";"NON";"NON";"44156";"";"";"";"2021-10-06";"64513";""
"44157";"3199";"PLU";"COM";"2009-02-02 23:00:00+00:00";"2005-10-03 22:00:00+00:00";"39";"44";"52";"2021";"NON";"NON";"44157";"";"";"";"2021-10-06";"52927";""
"44158";"3399";"PLUi/PLUiS";"CC";"2019-07-03 22:00:00+00:00";"2017-04-23 22:00:00+00:00";"39";"44";"52";"2021";"OUI";"NON";"200072734";"";"";"";"2021-10-06";"142852";""
"44159";"3199";"PLU";"COM";"2013-11-17 23:00:00+00:00";"2009-03-01 23:00:00+00:00";"39";"44";"52";"2021";"NON";"NON";"44159";"";"";"";"2021-10-06";"62890";""
"44161";"3131";"PLU";"COM";"2004-12-08 23:00:00+00:00";"1998-11-30 23:00:00+00:00";"33";"44";"52";"2021";"NON";"NON";"44161";"";"";"";"2021-10-06";"57241";""
"44162";"3299";"PLUi/PLUiS";"MET";"2019-04-04 22:00:00+00:00";"2014-10-16 22:00:00+00:00";"39";"44";"52";"2021";"NON";"OUI";"44162";"";"";"";"2021-10-06";"122092";""
"44163";"3199";"PLU";"COM";"2019-12-15 23:00:00+00:00";"2016-06-05 22:00:00+00:00";"39";"44";"52";"2021";"NON";"NON";"44163";"";"";"";"2021-10-06";"154665";""
"44164";"3131";"PLU";"COM";"2005-01-17 23:00:00+00:00";"2002-05-27 22:00:00+00:00";"33";"44";"52";"2021";"NON";"NON";"44164";"";"";"";"2021-10-06";"56891";""
"44165";"3131";"PLU";"COM";"2007-12-06 23:00:00+00:00";"2005-01-06 23:00:00+00:00";"33";"44";"52";"2021";"NON";"NON";"44165";"";"";"";"2021-10-06";"56892";""
"44166";"3299";"PLUi/PLUiS";"MET";"2019-04-04 22:00:00+00:00";"2014-10-16 22:00:00+00:00";"39";"44";"52";"2021";"NON";"OUI";"44166";"";"";"";"2021-10-06";"122092";""
"44168";"3299";"PLUi/PLUiS";"CA";"2020-02-03 23:00:00+00:00";"2015-12-14 23:00:00+00:00";"39";"44";"52";"2021";"NON";"OUI";"44168";"";"";"";"2021-10-06";"146528";""
"44169";"3432";"PLU";"CC";"2014-02-17 23:00:00+00:00";"2010-02-22 23:00:00+00:00";"33";"44";"52";"2021";"NON";"NON";"200067866";"";"";"";"2021-10-06";"63972";""
"44170";"3199";"PLU";"COM";"2005-04-18 22:00:00+00:00";"2003-09-08 22:00:00+00:00";"39";"44";"52";"2021";"NON";"NON";"44170";"";"";"";"2021-10-06";"52934";""
"44171";"3299";"PLUi/PLUiS";"MET";"2019-04-04 22:00:00+00:00";"2014-10-16 22:00:00+00:00";"39";"44";"52";"2021";"NON";"OUI";"44171";"";"";"";"2021-10-06";"122092";""
"44172";"3299";"PLUi/PLUiS";"MET";"2019-04-04 22:00:00+00:00";"2014-10-16 22:00:00+00:00";"39";"44";"52";"2021";"NON";"OUI";"44172";"";"";"";"2021-10-06";"122092";""
"44173";"3199";"PLU";"COM";"2016-12-14 23:00:00+00:00";"2012-05-02 22:00:00+00:00";"39";"44";"52";"2021";"NON";"NON";"44173";"";"";"";"2021-10-06";"110071";""
"44174";"3131";"PLU";"COM";"2006-07-09 22:00:00+00:00";"1996-04-22 22:00:00+00:00";"33";"44";"52";"2021";"NON";"NON";"44174";"";"";"";"2021-10-06";"52937";""
"44175";"3199";"PLU";"COM";"2013-07-08 22:00:00+00:00";"2009-06-30 22:00:00+00:00";"39";"44";"52";"2021";"NON";"NON";"44175";"";"";"";"2021-10-06";"63973";""
"44176";"3299";"PLUi/PLUiS";"CA";"2020-02-03 23:00:00+00:00";"2015-12-14 23:00:00+00:00";"39";"44";"52";"2021";"NON";"OUI";"44176";"";"";"";"2021-10-06";"146528";""
"44178";"3199";"PLU";"COM";"2017-03-01 23:00:00+00:00";"2010-02-03 23:00:00+00:00";"39";"44";"52";"2021";"NON";"NON";"44178";"";"";"";"2021-10-06";"63974";""
"44179";"3299";"PLUi/PLUiS";"CC";"2019-12-17 23:00:00+00:00";"2015-12-15 23:00:00+00:00";"39";"44";"52";"2021";"NON";"OUI";"44179";"";"";"";"2021-10-06";"130618";""
"44180";"3199";"PLU";"COM";"2020-02-03 23:00:00+00:00";"2015-06-18 22:00:00+00:00";"39";"44";"52";"2021";"NON";"NON";"44180";"";"";"";"2021-10-06";"140296";""
"44182";"3199";"PLU";"COM";"2018-11-11 23:00:00+00:00";"2013-01-30 23:00:00+00:00";"39";"44";"52";"2021";"NON";"NON";"44182";"";"";"";"2021-10-06";"120567";""
"44183";"3199";"PLU";"COM";"2013-02-04 23:00:00+00:00";"2009-06-30 22:00:00+00:00";"39";"44";"52";"2021";"NON";"NON";"44183";"";"";"";"2021-10-06";"63975";""
"44184";"3299";"PLUi/PLUiS";"CA";"2020-02-03 23:00:00+00:00";"2015-12-14 23:00:00+00:00";"39";"44";"52";"2021";"NON";"OUI";"44184";"";"";"";"2021-10-06";"146528";""
"44185";"3199";"PLU";"COM";"2013-07-10 22:00:00+00:00";"2009-11-09 23:00:00+00:00";"39";"44";"52";"2021";"NON";"NON";"44185";"";"";"";"2021-10-06";"82457";""
"44186";"3199";"PLU";"COM";"2020-01-27 23:00:00+00:00";"2016-09-19 22:00:00+00:00";"39";"44";"52";"2021";"NON";"NON";"44186";"";"";"";"2021-10-06";"154625";""
"44187";"3499";"PLU";"CC";"2018-12-19 23:00:00+00:00";"2015-09-20 22:00:00+00:00";"39";"44";"52";"2021";"NON";"NON";"244400586";"";"";"";"2021-10-06";"141870";""
"44188";"3199";"PLU";"COM";"2019-06-23 22:00:00+00:00";"2014-01-19 23:00:00+00:00";"39";"44";"52";"2021";"NON";"NON";"44188";"";"";"";"2021-10-06";"82479";""
"44189";"3199";"PLU";"COM";"2013-10-29 23:00:00+00:00";"2009-07-14 22:00:00+00:00";"39";"44";"52";"2021";"NON";"NON";"44189";"";"";"";"2021-10-06";"63976";""
"44190";"3299";"PLUi/PLUiS";"MET";"2019-04-04 22:00:00+00:00";"2014-10-16 22:00:00+00:00";"39";"44";"52";"2021";"NON";"OUI";"44190";"";"";"";"2021-10-06";"122092";""
"44192";"3499";"PLU";"CC";"2018-10-17 22:00:00+00:00";"2015-02-04 23:00:00+00:00";"39";"44";"52";"2021";"NON";"NON";"244400586";"";"";"";"2021-10-06";"138127";""
"44193";"3199";"PLU";"COM";"2012-11-04 23:00:00+00:00";"2008-01-06 23:00:00+00:00";"39";"44";"52";"2021";"NON";"NON";"44193";"";"";"";"2021-10-06";"63978";""
"44194";"3299";"PLUi/PLUiS";"MET";"2019-04-04 22:00:00+00:00";"2014-10-16 22:00:00+00:00";"39";"44";"52";"2021";"NON";"OUI";"44194";"";"";"";"2021-10-06";"122092";""
"44195";"3499";"PLU";"CC";"2013-06-26 22:00:00+00:00";"2011-01-25 23:00:00+00:00";"39";"44";"52";"2021";"NON";"NON";"200072734";"";"";"";"2021-10-06";"82535";""
"44196";"3131";"PLU";"COM";"2008-05-26 22:00:00+00:00";"2006-04-18 22:00:00+00:00";"33";"44";"52";"2021";"NON";"NON";"44196";"";"";"";"2021-10-06";"56896";""
"44197";"3131";"PLU";"COM";"2006-02-06 23:00:00+00:00";"2002-10-07 22:00:00+00:00";"33";"44";"52";"2021";"NON";"NON";"44197";"";"";"";"2021-10-06";"56897";""
"44198";"3299";"PLUi/PLUiS";"MET";"2019-04-04 22:00:00+00:00";"2014-10-16 22:00:00+00:00";"39";"44";"52";"2021";"NON";"OUI";"44198";"";"";"";"2021-10-06";"122092";""
"44199";"3199";"PLU";"COM";"2006-09-28 22:00:00+00:00";"2003-01-30 23:00:00+00:00";"39";"44";"52";"2021";"NON";"NON";"44199";"";"";"";"2021-10-06";"56899";""
"44200";"3199";"PLU";"COM";"2009-12-03 23:00:00+00:00";"2006-05-18 22:00:00+00:00";"39";"44";"52";"2021";"NON";"NON";"44200";"";"";"";"2021-10-06";"57242";""
"44201";"3299";"PLUi/PLUiS";"CC";"2019-12-17 23:00:00+00:00";"2015-12-15 23:00:00+00:00";"39";"44";"52";"2021";"NON";"OUI";"44201";"";"";"";"2021-10-06";"130618";""
"44202";"3199";"PLU";"COM";"2018-07-02 22:00:00+00:00";"2014-10-06 22:00:00+00:00";"39";"44";"52";"2021";"NON";"NON";"44202";"";"";"";"2021-10-06";"134055";""
"44203";"3399";"PLUi/PLUiS";"CC";"2019-07-03 22:00:00+00:00";"2017-04-23 22:00:00+00:00";"39";"44";"52";"2021";"OUI";"NON";"200072734";"";"";"";"2021-10-06";"142852";""
"44204";"3299";"PLUi/PLUiS";"MET";"2019-04-04 22:00:00+00:00";"2014-10-16 22:00:00+00:00";"39";"44";"52";"2021";"NON";"OUI";"44204";"";"";"";"2021-10-06";"122092";""
"44205";"3299";"PLUi/PLUiS";"CC";"2019-12-17 23:00:00+00:00";"2015-12-15 23:00:00+00:00";"39";"44";"52";"2021";"NON";"OUI";"44205";"";"";"";"2021-10-06";"130618";""
"44206";"3199";"PLU";"COM";"2007-10-01 22:00:00+00:00";"2001-09-24 22:00:00+00:00";"39";"44";"52";"2021";"NON";"NON";"44206";"";"";"";"2021-10-06";"56903";""
"44207";"3199";"PLU";"COM";"2019-09-26 22:00:00+00:00";"2017-01-23 23:00:00+00:00";"39";"44";"52";"2021";"NON";"NON";"44207";"";"";"";"2021-10-06";"155487";""
"44208";"3432";"PLU";"CC";"2019-02-13 23:00:00+00:00";"2012-05-20 22:00:00+00:00";"33";"44";"52";"2021";"NON";"NON";"44208";"";"";"";"2021-10-06";"110079";""
"44209";"3299";"PLUi/PLUiS";"CC";"2019-12-17 23:00:00+00:00";"2015-12-15 23:00:00+00:00";"39";"44";"52";"2021";"NON";"OUI";"44209";"";"";"";"2021-10-06";"130618";""
"44210";"3299";"PLUi/PLUiS";"CA";"2020-02-03 23:00:00+00:00";"2015-12-14 23:00:00+00:00";"39";"44";"52";"2021";"NON";"OUI";"44210";"";"";"";"2021-10-06";"146528";""
"44211";"3131";"PLU";"COM";"2010-07-08 22:00:00+00:00";"2004-06-17 22:00:00+00:00";"33";"44";"52";"2021";"NON";"NON";"44211";"";"";"";"2021-10-06";"56906";""
"44212";"3432";"PLU";"CC";"2013-05-12 22:00:00+00:00";"2008-04-13 22:00:00+00:00";"33";"44";"52";"2021";"NON";"NON";"200067866";"";"";"";"2021-10-06";"64516";""
"44213";"3199";"PLU";"COM";"2020-02-09 23:00:00+00:00";"2015-11-08 23:00:00+00:00";"39";"44";"52";"2021";"NON";"NON";"44213";"";"";"";"2021-10-06";"142888";""
"44214";"3432";"PLU";"CC";"2019-01-15 23:00:00+00:00";"2015-02-08 23:00:00+00:00";"33";"44";"52";"2021";"NON";"NON";"44214";"";"";"";"2021-10-06";"138131";""
"44215";"3299";"PLUi/PLUiS";"MET";"2019-04-04 22:00:00+00:00";"2014-10-16 22:00:00+00:00";"39";"44";"52";"2021";"NON";"OUI";"44215";"";"";"";"2021-10-06";"122092";""
"44216";"3199";"PLU";"COM";"2020-01-08 23:00:00+00:00";"2017-09-13 22:00:00+00:00";"39";"44";"52";"2021";"NON";"NON";"44216";"";"";"";"2021-10-06";"162520";""
"44217";"3299";"PLUi/PLUiS";"CC";"2019-12-17 23:00:00+00:00";"2015-12-15 23:00:00+00:00";"39";"44";"52";"2021";"NON";"OUI";"44217";"";"";"";"2021-10-06";"130618";""
"44218";"3199";"PLU";"COM";"2007-07-03 22:00:00+00:00";"2004-09-07 22:00:00+00:00";"39";"44";"52";"2021";"NON";"NON";"44218";"";"";"";"2021-10-06";"51602";""
"44220";"3199";"PLU";"COM";"2009-11-23 23:00:00+00:00";"2006-09-25 22:00:00+00:00";"39";"44";"52";"2021";"NON";"NON";"44220";"";"";"";"2021-10-06";"56908";""
"44221";"3432";"PLU";"CC";"2008-05-22 22:00:00+00:00";"2004-06-03 22:00:00+00:00";"33";"44";"52";"2021";"NON";"NON";"44221";"";"";"";"2021-10-06";"56909";""
"44222";"3199";"PLU";"COM";"2019-12-15 23:00:00+00:00";"2015-01-25 23:00:00+00:00";"39";"44";"52";"2021";"NON";"NON";"44222";"";"";"";"2021-10-06";"105179";""
"44223";"3199";"PLU";"COM";"2015-12-16 23:00:00+00:00";"2010-07-08 22:00:00+00:00";"39";"44";"52";"2021";"NON";"NON";"44223";"";"";"";"2021-10-06";"64517";""
"44224";"3432";"PLU";"CC";"2019-01-10 23:00:00+00:00";"2014-12-11 23:00:00+00:00";"33";"44";"52";"2021";"NON";"NON";"44224";"";"";"";"2021-10-06";"138133";""
"45001";"3299";"PLUi/PLUiS";"CC";"2019-12-09 23:00:00+00:00";"2017-03-30 22:00:00+00:00";"39";"45";"24";"2021";"NON";"OUI";"200068278";"";"";"";"2021-10-06";"159242";""
"45002";"1432";"CC";"CC";"2013-02-06 23:00:00+00:00";"2010-06-01 22:00:00+00:00";"13";"45";"24";"2021";"NON";"NON";"200067676";"";"";"";"2021-10-06";"46485";""
"45004";"3299";"PLUi/PLUiS";"CA";"2020-02-26 23:00:00+00:00";"2015-05-27 22:00:00+00:00";"39";"45";"24";"2021";"NON";"OUI";"45004";"";"";"";"2021-10-06";"140495";""
"45005";"1432";"CC";"CC";"2006-03-13 23:00:00+00:00";"2004-06-30 22:00:00+00:00";"13";"45";"24";"2021";"NON";"NON";"244500542";"";"";"";"2021-10-06";"15728";""
"45006";"3432";"PLU";"CC";"2018-03-19 23:00:00+00:00";"2013-11-17 23:00:00+00:00";"33";"45";"24";"2021";"NON";"NON";"45006";"";"";"";"2021-10-06";"127068";""
"45008";"3299";"PLUi/PLUiS";"CC";"2021-03-24 23:00:00+00:00";"2016-09-28 22:00:00+00:00";"39";"45";"24";"2021";"NON";"OUI";"45008";"";"";"";"2021-10-06";"151825";""
"45009";"3131";"PLU";"COM";"2010-06-23 22:00:00+00:00";"2006-04-19 22:00:00+00:00";"33";"45";"24";"2021";"NON";"NON";"45009";"";"";"";"2021-10-06";"25094";""
"45010";"3199";"PLU";"COM";"2006-11-09 23:00:00+00:00";"2004-02-05 23:00:00+00:00";"39";"45";"24";"2021";"NON";"NON";"45010";"";"";"";"2021-10-06";"16494";""
"45011";"1432";"CC";"CC";"2006-09-10 22:00:00+00:00";"2005-03-28 22:00:00+00:00";"13";"45";"24";"2021";"NON";"NON";"244500542";"";"";"";"2021-10-06";"15730";""
"45015";"3199";"PLU";"COM";"2010-03-03 23:00:00+00:00";"2006-09-20 22:00:00+00:00";"39";"45";"24";"2021";"NON";"NON";"45015";"";"";"";"2021-10-06";"25092";""
"45016";"3299";"PLUi/PLUiS";"CC";"2019-12-09 23:00:00+00:00";"2017-03-30 22:00:00+00:00";"39";"45";"24";"2021";"NON";"OUI";"200068278";"";"";"";"2021-10-06";"159242";""
"45017";"3332";"PLUi/PLUiS";"CC";"2015-06-29 22:00:00+00:00";"2011-03-28 22:00:00+00:00";"33";"45";"24";"2021";"OUI";"NON";"45017";"";"";"";"2021-10-06";"86421";""
"45018";"3433";"PLU";"CC";"2010-10-21 22:00:00+00:00";"2004-06-24 22:00:00+00:00";"33";"45";"24";"2021";"NON";"NON";"200071850";"";"";"";"2021-10-06";"16506";""
"45019";"1199";"CC";"COM";"2005-04-17 22:00:00+00:00";"2002-09-05 22:00:00+00:00";"19";"45";"24";"2021";"NON";"NON";"45019";"";"";"";"2021-10-06";"17458";""
"45020";"1199";"CC";"COM";"2011-08-25 22:00:00+00:00";"2011-02-11 23:00:00+00:00";"19";"45";"24";"2021";"NON";"NON";"45020";"";"";"";"2021-10-06";"87130";""
"45022";"1433";"CC";"CC";"2009-05-25 22:00:00+00:00";"2007-05-29 22:00:00+00:00";"13";"45";"24";"2021";"NON";"NON";"200071850";"";"";"";"2021-10-06";"33688";""
"45023";"3299";"PLUi/PLUiS";"CC";"2019-12-09 23:00:00+00:00";"2017-03-30 22:00:00+00:00";"39";"45";"24";"2021";"NON";"OUI";"200068278";"";"";"";"2021-10-06";"159242";""
"45024";"3199";"PLU";"COM";"2019-10-16 22:00:00+00:00";"2016-11-16 23:00:00+00:00";"39";"45";"24";"2021";"NON";"NON";"45024";"";"";"";"2021-10-06";"156033";""
"45025";"3432";"PLU";"CC";"2003-06-02 22:00:00+00:00";"1999-05-03 22:00:00+00:00";"33";"45";"24";"2021";"NON";"NON";"244500542";"";"";"";"2021-10-06";"16509";""
"45026";"3332";"PLUi/PLUiS";"CC";"2013-05-20 22:00:00+00:00";"2004-02-03 23:00:00+00:00";"33";"45";"24";"2021";"OUI";"NON";"200067668";"";"";"";"2021-10-06";"118183";""
"45027";"3332";"PLUi/PLUiS";"CC";"2015-06-29 22:00:00+00:00";"2011-03-28 22:00:00+00:00";"33";"45";"24";"2021";"OUI";"NON";"45027";"";"";"";"2021-10-06";"86421";""
"45028";"3131";"PLU";"COM";"2005-10-27 22:00:00+00:00";"2002-01-24 23:00:00+00:00";"33";"45";"24";"2021";"NON";"NON";"45028";"";"";"";"2021-10-06";"16541";""
"45029";"3299";"PLUi/PLUiS";"CC";"2019-12-09 23:00:00+00:00";"2017-03-30 22:00:00+00:00";"39";"45";"24";"2021";"NON";"OUI";"200068278";"";"";"";"2021-10-06";"159242";""
"45031";"3332";"PLUi/PLUiS";"CC";"2015-06-29 22:00:00+00:00";"2011-03-28 22:00:00+00:00";"33";"45";"24";"2021";"OUI";"NON";"45031";"";"";"";"2021-10-06";"86421";""
"45032";"3332";"PLUi/PLUiS";"CC";"2014-04-23 22:00:00+00:00";"2013-07-04 22:00:00+00:00";"33";"45";"24";"2021";"OUI";"NON";"244500419";"";"";"";"2021-10-06";"127061";""
"45034";"3432";"PLU";"MET";"2017-09-27 22:00:00+00:00";"2014-09-22 22:00:00+00:00";"33";"45";"24";"2021";"NON";"NON";"244500468";"";"";"";"2021-10-06";"133537";""
"45035";"1433";"CC";"CC";"2011-03-14 23:00:00+00:00";"2010-03-02 23:00:00+00:00";"13";"45";"24";"2021";"NON";"NON";"200071850";"";"";"";"2021-10-06";"46486";""
"45036";"3299";"PLUi/PLUiS";"CC";"2019-12-19 23:00:00+00:00";"2015-12-10 23:00:00+00:00";"39";"45";"24";"2021";"NON";"OUI";"244500211";"";"";"";"2021-10-06";"145288";""
"45037";"3432";"PLU";"CC";"2007-12-10 23:00:00+00:00";"2006-10-02 22:00:00+00:00";"33";"45";"24";"2021";"NON";"NON";"244500542";"";"";"";"2021-10-06";"25093";""
"45038";"3131";"PLU";"COM";"2011-09-08 22:00:00+00:00";"2008-09-03 22:00:00+00:00";"33";"45";"24";"2021";"NON";"NON";"45038";"";"";"";"2021-10-06";"118377";""
"45039";"3199";"PLU";"COM";"2008-10-29 23:00:00+00:00";"1996-07-21 22:00:00+00:00";"39";"45";"24";"2021";"NON";"NON";"45039";"";"";"";"2021-10-06";"17070";""
"45040";"3299";"PLUi/PLUiS";"CC";"2019-12-09 23:00:00+00:00";"2017-03-30 22:00:00+00:00";"39";"45";"24";"2021";"NON";"OUI";"200068278";"";"";"";"2021-10-06";"159242";""
"45042";"3199";"PLU";"COM";"2018-06-21 22:00:00+00:00";"2015-02-18 23:00:00+00:00";"39";"45";"24";"2021";"NON";"NON";"45042";"";"";"";"2021-10-06";"140508";""
"45043";"3432";"PLU";"MET";"2013-01-21 23:00:00+00:00";"2009-06-15 22:00:00+00:00";"33";"45";"24";"2021";"NON";"NON";"244500468";"";"";"";"2021-10-06";"40909";""
"45044";"1199";"CC";"COM";"2015-10-27 23:00:00+00:00";"2011-02-16 23:00:00+00:00";"19";"45";"24";"2021";"NON";"NON";"45044";"";"";"";"2021-10-06";"118418";""
"45046";"3299";"PLUi/PLUiS";"CC";"2021-03-24 23:00:00+00:00";"2016-09-28 22:00:00+00:00";"39";"45";"24";"2021";"NON";"OUI";"45046";"";"";"";"2021-10-06";"151825";""
"45047";"1199";"CC";"COM";"2014-03-20 23:00:00+00:00";"2012-11-01 23:00:00+00:00";"19";"45";"24";"2021";"NON";"NON";"45047";"";"";"";"2021-10-06";"127143";""
"45049";"3199";"PLU";"COM";"2014-06-25 22:00:00+00:00";"2005-02-22 23:00:00+00:00";"39";"45";"24";"2021";"NON";"NON";"45049";"";"";"";"2021-10-06";"17621";""
"45050";"3199";"PLU";"COM";"2019-02-25 23:00:00+00:00";"2015-06-22 22:00:00+00:00";"39";"45";"24";"2021";"NON";"NON";"45050";"";"";"";"2021-10-06";"140497";""
"45051";"3199";"PLU";"COM";"2018-07-18 22:00:00+00:00";"2015-06-29 22:00:00+00:00";"39";"45";"24";"2021";"NON";"NON";"45051";"";"";"";"2021-10-06";"140498";""
"45052";"3299";"PLUi/PLUiS";"CC";"2019-12-09 23:00:00+00:00";"2017-03-30 22:00:00+00:00";"39";"45";"24";"2021";"NON";"OUI";"200068278";"";"";"";"2021-10-06";"159242";""
"45053";"3299";"PLUi/PLUiS";"CC";"2019-12-09 23:00:00+00:00";"2017-03-30 22:00:00+00:00";"39";"45";"24";"2021";"NON";"OUI";"200068278";"";"";"";"2021-10-06";"159242";""
"45054";"3433";"PLU";"CC";"2011-11-24 23:00:00+00:00";"2009-04-23 22:00:00+00:00";"33";"45";"24";"2021";"NON";"NON";"200071850";"";"";"";"2021-10-06";"38689";""
"45055";"3299";"PLUi/PLUiS";"CC";"2021-03-24 23:00:00+00:00";"2016-09-28 22:00:00+00:00";"39";"45";"24";"2021";"NON";"OUI";"45055";"";"";"";"2021-10-06";"151825";""
"45058";"3299";"PLUi/PLUiS";"CC";"2021-03-24 23:00:00+00:00";"2016-09-28 22:00:00+00:00";"39";"45";"24";"2021";"NON";"OUI";"45058";"";"";"";"2021-10-06";"151825";""
"45059";"3299";"PLUi/PLUiS";"CC";"2021-03-24 23:00:00+00:00";"2016-09-28 22:00:00+00:00";"39";"45";"24";"2021";"NON";"OUI";"45059";"";"";"";"2021-10-06";"151825";""
"45060";"3299";"PLUi/PLUiS";"CC";"2019-12-09 23:00:00+00:00";"2017-03-30 22:00:00+00:00";"39";"45";"24";"2021";"NON";"OUI";"200068278";"";"";"";"2021-10-06";"159242";""
"45061";"3299";"PLUi/PLUiS";"CA";"2020-02-26 23:00:00+00:00";"2015-05-27 22:00:00+00:00";"39";"45";"24";"2021";"NON";"OUI";"45061";"";"";"";"2021-10-06";"140495";""
"45062";"3299";"PLUi/PLUiS";"CC";"2021-03-24 23:00:00+00:00";"2016-09-28 22:00:00+00:00";"39";"45";"24";"2021";"NON";"OUI";"45062";"";"";"";"2021-10-06";"151825";""
"45063";"3199";"PLU";"COM";"2016-01-18 23:00:00+00:00";"2008-11-19 23:00:00+00:00";"39";"45";"24";"2021";"NON";"NON";"45063";"";"";"";"2021-10-06";"37155";""
"45064";"3299";"PLUi/PLUiS";"CC";"2019-12-09 23:00:00+00:00";"2017-03-30 22:00:00+00:00";"39";"45";"24";"2021";"NON";"OUI";"200068278";"";"";"";"2021-10-06";"159242";""
"45065";"3199";"PLU";"COM";"2012-11-12 23:00:00+00:00";"2010-04-05 22:00:00+00:00";"39";"45";"24";"2021";"NON";"NON";"45065";"";"";"";"2021-10-06";"46433";""
"45066";"1432";"CC";"CC";"2009-02-22 23:00:00+00:00";"2007-12-09 23:00:00+00:00";"13";"45";"24";"2021";"NON";"NON";"200067676";"";"";"";"2021-10-06";"41495";""
"45067";"3199";"PLU";"COM";"2020-09-21 22:00:00+00:00";"2013-02-25 23:00:00+00:00";"39";"45";"24";"2021";"NON";"NON";"45067";"";"";"";"2021-10-06";"123696";""
"45068";"3299";"PLUi/PLUiS";"CA";"2020-02-26 23:00:00+00:00";"2015-05-27 22:00:00+00:00";"39";"45";"24";"2021";"NON";"OUI";"45068";"";"";"";"2021-10-06";"140495";""
"45069";"1433";"CC";"CC";"2006-01-29 23:00:00+00:00";"2003-01-21 23:00:00+00:00";"13";"45";"24";"2021";"NON";"NON";"200071850";"";"";"";"2021-10-06";"15732";""
"45070";"3299";"PLUi/PLUiS";"CC";"2019-12-09 23:00:00+00:00";"2017-03-30 22:00:00+00:00";"39";"45";"24";"2021";"NON";"OUI";"200068278";"";"";"";"2021-10-06";"159242";""
"45072";"3432";"PLU";"MET";"2013-02-07 23:00:00+00:00";"2009-11-16 23:00:00+00:00";"33";"45";"24";"2021";"NON";"NON";"244500468";"";"";"";"2021-10-06";"40930";""
"45073";"3332";"PLUi/PLUiS";"CC";"2013-05-20 22:00:00+00:00";"2004-02-03 23:00:00+00:00";"33";"45";"24";"2021";"OUI";"NON";"200067668";"";"";"";"2021-10-06";"118183";""
"45074";"3299";"PLUi/PLUiS";"CC";"2021-03-24 23:00:00+00:00";"2016-09-28 22:00:00+00:00";"39";"45";"24";"2021";"NON";"OUI";"45074";"";"";"";"2021-10-06";"151825";""
"45075";"3432";"PLU";"MET";"2019-01-30 23:00:00+00:00";"2015-11-23 23:00:00+00:00";"33";"45";"24";"2021";"NON";"NON";"244500468";"";"";"";"2021-10-06";"144665";""
"45076";"3332";"PLUi/PLUiS";"CC";"2013-05-20 22:00:00+00:00";"2004-02-03 23:00:00+00:00";"33";"45";"24";"2021";"OUI";"NON";"200067668";"";"";"";"2021-10-06";"118183";""
"45077";"1432";"CC";"CC";"2006-03-23 23:00:00+00:00";"2003-07-02 22:00:00+00:00";"13";"45";"24";"2021";"NON";"NON";"200067676";"";"";"";"2021-10-06";"15733";""
"45078";"3332";"PLUi/PLUiS";"CC";"2015-06-29 22:00:00+00:00";"2011-03-28 22:00:00+00:00";"33";"45";"24";"2021";"OUI";"NON";"45078";"";"";"";"2021-10-06";"86421";""
"45079";"1432";"CC";"CC";"2008-03-13 23:00:00+00:00";"2007-10-26 22:00:00+00:00";"13";"45";"24";"2021";"NON";"NON";"200067676";"";"";"";"2021-10-06";"33690";""
"45080";"1432";"CC";"CC";"2007-12-26 23:00:00+00:00";"2006-09-18 22:00:00+00:00";"13";"45";"24";"2021";"NON";"NON";"244500542";"";"";"";"2021-10-06";"25160";""
"45081";"3199";"PLU";"COM";"2006-02-22 23:00:00+00:00";"2002-06-26 22:00:00+00:00";"39";"45";"24";"2021";"NON";"NON";"45081";"";"";"";"2021-10-06";"16605";""
"45082";"3199";"PLU";"COM";"2013-10-17 22:00:00+00:00";"2009-04-09 22:00:00+00:00";"39";"45";"24";"2021";"NON";"NON";"45082";"";"";"";"2021-10-06";"46505";""
"45083";"3432";"PLU";"CC";"2014-06-03 22:00:00+00:00";"2008-10-13 22:00:00+00:00";"33";"45";"24";"2021";"NON";"NON";"200067668";"";"";"";"2021-10-06";"37152";""
"45084";"1432";"CC";"CC";"2014-10-27 23:00:00+00:00";"2013-08-31 22:00:00+00:00";"13";"45";"24";"2021";"NON";"NON";"200067676";"";"";"";"2021-10-06";"127145";""
"45085";"3332";"PLUi/PLUiS";"CC";"2007-05-14 22:00:00+00:00";"2004-03-28 22:00:00+00:00";"33";"45";"24";"2021";"OUI";"NON";"200067676";"";"";"";"2021-10-06";"48624";""
"45086";"1432";"CC";"CC";"2008-07-30 22:00:00+00:00";"2006-02-08 23:00:00+00:00";"13";"45";"24";"2021";"NON";"NON";"244500542";"";"";"";"2021-10-06";"17639";""
"45087";"3299";"PLUi/PLUiS";"CC";"2019-12-09 23:00:00+00:00";"2017-03-30 22:00:00+00:00";"39";"45";"24";"2021";"NON";"OUI";"200068278";"";"";"";"2021-10-06";"159242";""
"45089";"3432";"PLU";"MET";"2019-01-30 23:00:00+00:00";"2015-05-11 22:00:00+00:00";"33";"45";"24";"2021";"NON";"NON";"244500468";"";"";"";"2021-10-06";"140503";""
"45091";"3332";"PLUi/PLUiS";"CC";"2014-04-23 22:00:00+00:00";"2013-07-04 22:00:00+00:00";"33";"45";"24";"2021";"OUI";"NON";"244500419";"";"";"";"2021-10-06";"127061";""
"45092";"3299";"PLUi/PLUiS";"CA";"2020-02-26 23:00:00+00:00";"2015-05-27 22:00:00+00:00";"39";"45";"24";"2021";"NON";"OUI";"244500203";"";"";"";"2021-10-06";"140495";""
"45093";"3299";"PLUi/PLUiS";"CC";"2021-03-24 23:00:00+00:00";"2016-09-28 22:00:00+00:00";"39";"45";"24";"2021";"NON";"OUI";"45093";"";"";"";"2021-10-06";"151825";""
"45094";"3332";"PLUi/PLUiS";"CC";"2014-04-23 22:00:00+00:00";"2013-07-04 22:00:00+00:00";"33";"45";"24";"2021";"OUI";"NON";"244500419";"";"";"";"2021-10-06";"127061";""
"45095";"3199";"PLU";"COM";"2005-09-15 22:00:00+00:00";"1999-11-18 23:00:00+00:00";"39";"45";"24";"2021";"NON";"NON";"45095";"";"";"";"2021-10-06";"12130";""
"45096";"3299";"PLUi/PLUiS";"CC";"2019-12-19 23:00:00+00:00";"2015-12-10 23:00:00+00:00";"39";"45";"24";"2021";"NON";"OUI";"244500211";"";"";"";"2021-10-06";"145288";""
"45097";"1432";"CC";"CC";"2011-10-27 22:00:00+00:00";"2011-02-11 23:00:00+00:00";"13";"45";"24";"2021";"NON";"NON";"200067668";"";"";"";"2021-10-06";"87131";""
"45098";"3199";"PLU";"COM";"2018-12-16 23:00:00+00:00";"2015-11-29 23:00:00+00:00";"39";"45";"24";"2021";"NON";"NON";"45098";"";"";"";"2021-10-06";"150598";""
"45099";"3299";"PLUi/PLUiS";"CC";"2021-03-24 23:00:00+00:00";"2016-09-28 22:00:00+00:00";"39";"45";"24";"2021";"NON";"OUI";"45099";"";"";"";"2021-10-06";"151825";""
"45100";"3432";"PLU";"MET";"2013-02-10 23:00:00+00:00";"2010-03-29 22:00:00+00:00";"33";"45";"24";"2021";"NON";"NON";"244500468";"";"";"";"2021-10-06";"46439";""
"45102";"3299";"PLUi/PLUiS";"CA";"2020-02-26 23:00:00+00:00";"2015-05-27 22:00:00+00:00";"39";"45";"24";"2021";"NON";"OUI";"45102";"";"";"";"2021-10-06";"140495";""
"45104";"3299";"PLUi/PLUiS";"CA";"2020-02-26 23:00:00+00:00";"2015-05-27 22:00:00+00:00";"39";"45";"24";"2021";"NON";"OUI";"45104";"";"";"";"2021-10-06";"140495";""
"45105";"1432";"CC";"CC";"2013-07-04 22:00:00+00:00";"2011-12-31 23:00:00+00:00";"13";"45";"24";"2021";"NON";"NON";"200067676";"";"";"";"2021-10-06";"118424";""
"45108";"3299";"PLUi/PLUiS";"CC";"2019-12-19 23:00:00+00:00";"2015-12-10 23:00:00+00:00";"39";"45";"24";"2021";"NON";"OUI";"244500211";"";"";"";"2021-10-06";"145288";""
"45109";"3199";"PLU";"COM";"2012-01-25 23:00:00+00:00";"2008-08-27 22:00:00+00:00";"39";"45";"24";"2021";"NON";"NON";"45109";"";"";"";"2021-10-06";"37138";""
"45110";"1433";"CC";"CC";"2007-09-19 22:00:00+00:00";"2005-10-03 22:00:00+00:00";"13";"45";"24";"2021";"NON";"NON";"200071850";"";"";"";"2021-10-06";"17509";""
"45112";"1432";"CC";"CC";"2012-01-30 23:00:00+00:00";"2011-08-04 22:00:00+00:00";"13";"45";"24";"2021";"NON";"NON";"200067676";"";"";"";"2021-10-06";"118417";""
"45113";"3332";"PLUi/PLUiS";"CC";"2013-05-20 22:00:00+00:00";"2004-02-03 23:00:00+00:00";"33";"45";"24";"2021";"OUI";"NON";"200067668";"";"";"";"2021-10-06";"118183";""
"45115";"3332";"PLUi/PLUiS";"CC";"2013-05-20 22:00:00+00:00";"2004-02-03 23:00:00+00:00";"33";"45";"24";"2021";"OUI";"NON";"200067668";"";"";"";"2021-10-06";"118183";""
"45116";"1199";"CC";"COM";"2020-01-09 23:00:00+00:00";"2012-09-12 22:00:00+00:00";"19";"45";"24";"2021";"NON";"NON";"45116";"";"";"";"2021-10-06";"118422";""
"45118";"1432";"CC";"CC";"2006-05-28 22:00:00+00:00";"2003-04-13 22:00:00+00:00";"13";"45";"24";"2021";"NON";"NON";"244500542";"";"";"";"2021-10-06";"15739";""
"45119";"3131";"PLU";"COM";"2011-09-05 22:00:00+00:00";"2008-03-29 23:00:00+00:00";"33";"45";"24";"2021";"NON";"NON";"45119";"";"";"";"2021-10-06";"118409";""
"45120";"3299";"PLUi/PLUiS";"CC";"2019-12-09 23:00:00+00:00";"2017-03-30 22:00:00+00:00";"39";"45";"24";"2021";"NON";"OUI";"200068278";"";"";"";"2021-10-06";"159242";""
"45122";"3199";"PLU";"COM";"2007-05-21 22:00:00+00:00";"2003-03-25 23:00:00+00:00";"39";"45";"24";"2021";"NON";"NON";"45122";"";"";"";"2021-10-06";"16631";""
"45123";"3199";"PLU";"COM";"2016-03-31 22:00:00+00:00";"2012-08-30 22:00:00+00:00";"39";"45";"24";"2021";"NON";"NON";"45123";"";"";"";"2021-10-06";"117011";""
"45125";"3433";"PLU";"CC";"2016-09-19 22:00:00+00:00";"2011-09-28 22:00:00+00:00";"33";"45";"24";"2021";"NON";"NON";"200071850";"";"";"";"2021-10-06";"87297";""
"45126";"3131";"PLU";"COM";"2018-01-24 23:00:00+00:00";"2014-07-30 22:00:00+00:00";"33";"45";"24";"2021";"NON";"NON";"45126";"";"";"";"2021-10-06";"133474";""
"45127";"3432";"PLU";"CC";"2006-03-28 22:00:00+00:00";"2002-12-12 23:00:00+00:00";"33";"45";"24";"2021";"NON";"NON";"45127";"";"";"";"2021-10-06";"16637";""
"45129";"3432";"PLU";"CC";"2010-07-15 22:00:00+00:00";"2006-11-05 23:00:00+00:00";"33";"45";"24";"2021";"NON";"NON";"200067668";"";"";"";"2021-10-06";"25097";""
"45130";"3199";"PLU";"COM";"2013-01-27 23:00:00+00:00";"2008-12-14 23:00:00+00:00";"39";"45";"24";"2021";"NON";"NON";"45130";"";"";"";"2021-10-06";"38698";""
"45131";"3433";"PLU";"CC";"2007-10-30 23:00:00+00:00";"2002-03-28 23:00:00+00:00";"33";"45";"24";"2021";"NON";"NON";"200071850";"";"";"";"2021-10-06";"16667";""
"45132";"1433";"CC";"CC";"2006-01-11 23:00:00+00:00";"2004-02-15 23:00:00+00:00";"13";"45";"24";"2021";"NON";"NON";"200071850";"";"";"";"2021-10-06";"15741";""
"45133";"1199";"CC";"COM";"2005-08-29 22:00:00+00:00";"2003-10-29 23:00:00+00:00";"19";"45";"24";"2021";"NON";"NON";"45133";"";"";"";"2021-10-06";"17512";""
"45134";"3199";"PLU";"COM";"2010-03-08 23:00:00+00:00";"2005-01-17 23:00:00+00:00";"39";"45";"24";"2021";"NON";"NON";"45134";"";"";"";"2021-10-06";"17625";""
"45135";"1432";"CC";"CC";"2009-09-27 22:00:00+00:00";"2006-03-28 22:00:00+00:00";"13";"45";"24";"2021";"NON";"NON";"244500542";"";"";"";"2021-10-06";"17676";""
"45136";"3332";"PLUi/PLUiS";"CC";"2013-05-20 22:00:00+00:00";"2004-02-03 23:00:00+00:00";"33";"45";"24";"2021";"OUI";"NON";"200067668";"";"";"";"2021-10-06";"118183";""
"45137";"3199";"PLU";"COM";"2004-11-21 23:00:00+00:00";"1988-02-01 23:00:00+00:00";"39";"45";"24";"2021";"NON";"NON";"45137";"";"";"";"2021-10-06";"15545";""
"45138";"3299";"PLUi/PLUiS";"CC";"2019-12-09 23:00:00+00:00";"2017-03-30 22:00:00+00:00";"39";"45";"24";"2021";"NON";"OUI";"200068278";"";"";"";"2021-10-06";"159242";""
"45139";"3199";"PLU";"COM";"2009-03-26 23:00:00+00:00";"2003-05-22 22:00:00+00:00";"39";"45";"24";"2021";"NON";"NON";"45139";"";"";"";"2021-10-06";"16689";""
"45141";"3299";"PLUi/PLUiS";"CC";"2019-12-09 23:00:00+00:00";"2017-03-30 22:00:00+00:00";"39";"45";"24";"2021";"NON";"OUI";"200068278";"";"";"";"2021-10-06";"159242";""
"45142";"3199";"PLU";"COM";"2014-10-29 23:00:00+00:00";"2012-10-24 22:00:00+00:00";"39";"45";"24";"2021";"NON";"NON";"45142";"";"";"";"2021-10-06";"117009";""
"45143";"3299";"PLUi/PLUiS";"CC";"2019-12-09 23:00:00+00:00";"2017-03-30 22:00:00+00:00";"39";"45";"24";"2021";"NON";"OUI";"200068278";"";"";"";"2021-10-06";"159242";""
"45144";"3199";"PLU";"COM";"2020-03-05 23:00:00+00:00";"2017-09-14 22:00:00+00:00";"39";"45";"24";"2021";"NON";"NON";"45144";"";"";"";"2021-10-06";"162559";""
"45145";"3432";"PLU";"CC";"2006-06-28 22:00:00+00:00";"2003-03-25 23:00:00+00:00";"33";"45";"24";"2021";"NON";"NON";"244500419";"";"";"";"2021-10-06";"16700";""
"45146";"3432";"PLU";"CC";"2009-09-30 22:00:00+00:00";"2008-01-27 23:00:00+00:00";"33";"45";"24";"2021";"NON";"NON";"45146";"";"";"";"2021-10-06";"35669";""
"45147";"3432";"PLU";"MET";"2018-09-26 22:00:00+00:00";"2015-12-13 23:00:00+00:00";"33";"45";"24";"2021";"NON";"NON";"244500468";"";"";"";"2021-10-06";"145362";""
"45148";"3432";"PLU";"CC";"2013-12-15 23:00:00+00:00";"2010-09-07 22:00:00+00:00";"33";"45";"24";"2021";"NON";"NON";"244500419";"";"";"";"2021-10-06";"46504";""
"45149";"3332";"PLUi/PLUiS";"CC";"2013-05-20 22:00:00+00:00";"2004-02-03 23:00:00+00:00";"33";"45";"24";"2021";"OUI";"NON";"200067668";"";"";"";"2021-10-06";"118183";""
"45150";"3332";"PLUi/PLUiS";"CC";"2015-06-29 22:00:00+00:00";"2011-03-28 22:00:00+00:00";"33";"45";"24";"2021";"OUI";"NON";"45150";"";"";"";"2021-10-06";"86421";""
"45151";"1433";"CC";"CC";"2010-03-22 23:00:00+00:00";"2008-01-15 23:00:00+00:00";"13";"45";"24";"2021";"NON";"NON";"200071850";"";"";"";"2021-10-06";"35695";""
"45152";"3299";"PLUi/PLUiS";"CC";"2021-03-24 23:00:00+00:00";"2016-09-28 22:00:00+00:00";"39";"45";"24";"2021";"NON";"OUI";"45152";"";"";"";"2021-10-06";"151825";""
"45153";"3199";"PLU";"COM";"2019-06-18 22:00:00+00:00";"2015-04-22 22:00:00+00:00";"39";"45";"24";"2021";"NON";"NON";"45153";"";"";"";"2021-10-06";"140507";""
"45154";"3299";"PLUi/PLUiS";"CC";"2021-03-24 23:00:00+00:00";"2016-09-28 22:00:00+00:00";"39";"45";"24";"2021";"NON";"OUI";"45154";"";"";"";"2021-10-06";"151825";""
"45155";"3299";"PLUi/PLUiS";"CC";"2019-12-19 23:00:00+00:00";"2015-12-10 23:00:00+00:00";"39";"45";"24";"2021";"NON";"OUI";"244500211";"";"";"";"2021-10-06";"145288";""
"45157";"3199";"PLU";"COM";"2015-12-21 23:00:00+00:00";"2011-11-07 23:00:00+00:00";"39";"45";"24";"2021";"NON";"NON";"45157";"";"";"";"2021-10-06";"116984";""
"45158";"1432";"CC";"CC";"2014-02-04 23:00:00+00:00";"2013-07-04 22:00:00+00:00";"13";"45";"24";"2021";"NON";"NON";"244500419";"";"";"";"2021-10-06";"125836";""
"45159";"1433";"CC";"CC";"2008-01-24 23:00:00+00:00";"2006-09-28 22:00:00+00:00";"13";"45";"24";"2021";"NON";"NON";"200071850";"";"";"";"2021-10-06";"25162";""
"45161";"3332";"PLUi/PLUiS";"CC";"2014-04-23 22:00:00+00:00";"2013-07-04 22:00:00+00:00";"33";"45";"24";"2021";"OUI";"NON";"45161";"";"";"";"2021-10-06";"127061";""
"45162";"1199";"CC";"COM";"2012-10-17 22:00:00+00:00";"2011-12-12 23:00:00+00:00";"19";"45";"24";"2021";"NON";"NON";"45162";"";"";"";"2021-10-06";"118420";""
"45164";"3199";"PLU";"COM";"2013-10-13 22:00:00+00:00";"2012-06-07 22:00:00+00:00";"39";"45";"24";"2021";"NON";"NON";"45164";"";"";"";"2021-10-06";"117482";""
"45165";"1432";"CC";"CC";"2005-06-02 22:00:00+00:00";"2002-11-07 23:00:00+00:00";"13";"45";"24";"2021";"NON";"NON";"200067668";"";"";"";"2021-10-06";"17515";""
"45166";"3299";"PLUi/PLUiS";"CC";"2021-03-24 23:00:00+00:00";"2016-09-28 22:00:00+00:00";"39";"45";"24";"2021";"NON";"OUI";"45166";"";"";"";"2021-10-06";"151825";""
"45167";"3199";"PLU";"COM";"2008-02-22 23:00:00+00:00";"2002-10-11 22:00:00+00:00";"39";"45";"24";"2021";"NON";"NON";"45167";"";"";"";"2021-10-06";"17176";""
"45169";"3432";"PLU";"MET";"2019-02-27 23:00:00+00:00";"2011-02-09 23:00:00+00:00";"33";"45";"24";"2021";"NON";"NON";"244500468";"";"";"";"2021-10-06";"86520";""
"45170";"1199";"CC";"COM";"2006-10-25 22:00:00+00:00";"2005-06-14 22:00:00+00:00";"19";"45";"24";"2021";"NON";"NON";"45170";"";"";"";"2021-10-06";"17517";""
"45171";"3199";"PLU";"COM";"2018-07-26 22:00:00+00:00";"2014-11-06 23:00:00+00:00";"39";"45";"24";"2021";"NON";"NON";"45171";"";"";"";"2021-10-06";"145392";""
"45173";"3199";"PLU";"COM";"2020-03-04 23:00:00+00:00";"2014-06-18 22:00:00+00:00";"39";"45";"24";"2021";"NON";"NON";"45173";"";"";"";"2021-10-06";"132238";""
"45174";"1432";"CC";"CC";"2009-11-02 23:00:00+00:00";"2005-05-08 22:00:00+00:00";"13";"45";"24";"2021";"NON";"NON";"244500542";"";"";"";"2021-10-06";"17518";""
"45175";"3432";"PLU";"CC";"2011-12-08 23:00:00+00:00";"2007-09-06 22:00:00+00:00";"33";"45";"24";"2021";"NON";"NON";"200005932";"";"";"";"2021-10-06";"33680";""
"45177";"3199";"PLU";"COM";"2006-02-06 23:00:00+00:00";"2001-10-14 22:00:00+00:00";"39";"45";"24";"2021";"NON";"NON";"45177";"";"";"";"2021-10-06";"17229";""
"45178";"3332";"PLUi/PLUiS";"CC";"2015-06-29 22:00:00+00:00";"2011-03-28 22:00:00+00:00";"33";"45";"24";"2021";"OUI";"NON";"45178";"";"";"";"2021-10-06";"86421";""
"45179";"3199";"PLU";"COM";"2020-03-01 23:00:00+00:00";"2016-11-06 23:00:00+00:00";"39";"45";"24";"2021";"NON";"NON";"45179";"";"";"";"2021-10-06";"158561";""
"45180";"3299";"PLUi/PLUiS";"CC";"2019-12-19 23:00:00+00:00";"2015-12-10 23:00:00+00:00";"39";"45";"24";"2021";"NON";"OUI";"244500211";"";"";"";"2021-10-06";"145288";""
"45182";"3432";"PLU";"CC";"2013-05-30 22:00:00+00:00";"2008-09-11 22:00:00+00:00";"33";"45";"24";"2021";"NON";"NON";"45182";"";"";"";"2021-10-06";"37144";""
"45183";"3299";"PLUi/PLUiS";"CC";"2021-03-24 23:00:00+00:00";"2016-09-28 22:00:00+00:00";"39";"45";"24";"2021";"NON";"OUI";"45183";"";"";"";"2021-10-06";"151825";""
"45184";"3199";"PLU";"COM";"2009-09-24 22:00:00+00:00";"2005-09-29 22:00:00+00:00";"39";"45";"24";"2021";"NON";"NON";"45184";"";"";"";"2021-10-06";"17227";""
"45185";"3299";"PLUi/PLUiS";"CA";"2020-02-26 23:00:00+00:00";"2015-05-27 22:00:00+00:00";"39";"45";"24";"2021";"NON";"OUI";"244500203";"";"";"";"2021-10-06";"140495";""
"45186";"1433";"CC";"CC";"2009-02-01 23:00:00+00:00";"2006-03-20 23:00:00+00:00";"13";"45";"24";"2021";"NON";"NON";"200071850";"";"";"";"2021-10-06";"17681";""
"45187";"3432";"PLU";"CC";"2009-05-13 22:00:00+00:00";"2005-01-26 23:00:00+00:00";"33";"45";"24";"2021";"NON";"NON";"200067676";"";"";"";"2021-10-06";"17231";""
"45188";"3199";"PLU";"COM";"2017-04-24 22:00:00+00:00";"2012-12-03 23:00:00+00:00";"39";"45";"24";"2021";"NON";"NON";"45188";"";"";"";"2021-10-06";"123693";""
"45189";"3332";"PLUi/PLUiS";"CC";"2013-05-20 22:00:00+00:00";"2004-02-03 23:00:00+00:00";"33";"45";"24";"2021";"OUI";"NON";"200067668";"";"";"";"2021-10-06";"118183";""
"45191";"3434";"PLU";"CC";"2013-09-17 22:00:00+00:00";"2009-03-10 23:00:00+00:00";"33";"45";"24";"2021";"NON";"NON";"200071850";"";"";"";"2021-10-06";"38695";""
"45193";"3432";"PLU";"CC";"2011-05-19 22:00:00+00:00";"2008-06-03 22:00:00+00:00";"33";"45";"24";"2021";"NON";"NON";"45193";"";"";"";"2021-10-06";"37129";""
"45194";"3432";"PLU";"MET";"2011-12-15 23:00:00+00:00";"2001-12-02 23:00:00+00:00";"33";"45";"24";"2021";"NON";"NON";"244500468";"";"";"";"2021-10-06";"17540";""
"45196";"3199";"PLU";"COM";"2010-09-19 22:00:00+00:00";"2005-02-24 23:00:00+00:00";"39";"45";"24";"2021";"NON";"NON";"45196";"";"";"";"2021-10-06";"17234";""
"45197";"3432";"PLU";"MET";"2010-06-07 22:00:00+00:00";"2006-10-29 23:00:00+00:00";"33";"45";"24";"2021";"NON";"NON";"244500468";"";"";"";"2021-10-06";"25095";""
"45198";"1199";"CC";"COM";"2010-02-16 23:00:00+00:00";"2006-03-19 23:00:00+00:00";"19";"45";"24";"2021";"NON";"NON";"45198";"";"";"";"2021-10-06";"17682";""
"45199";"1432";"CC";"CC";"2006-03-22 23:00:00+00:00";"2004-06-06 22:00:00+00:00";"13";"45";"24";"2021";"NON";"NON";"200067668";"";"";"";"2021-10-06";"15748";""
"45200";"3432";"PLU";"CC";"2018-06-18 22:00:00+00:00";"2015-10-12 22:00:00+00:00";"33";"45";"24";"2021";"NON";"NON";"45200";"";"";"";"2021-10-06";"142651";""
"45201";"3332";"PLUi/PLUiS";"CC";"2013-05-20 22:00:00+00:00";"2004-02-03 23:00:00+00:00";"33";"45";"24";"2021";"OUI";"NON";"200067668";"";"";"";"2021-10-06";"118183";""
"45202";"3131";"PLU";"COM";"2007-02-15 23:00:00+00:00";"2004-03-28 22:00:00+00:00";"33";"45";"24";"2021";"NON";"NON";"45202";"";"";"";"2021-10-06";"17544";""
"45203";"3199";"PLU";"COM";"2011-03-22 23:00:00+00:00";"2005-02-23 23:00:00+00:00";"39";"45";"24";"2021";"NON";"NON";"45203";"";"";"";"2021-10-06";"17545";""
"45204";"3199";"PLU";"COM";"2013-01-29 23:00:00+00:00";"2009-01-14 23:00:00+00:00";"39";"45";"24";"2021";"NON";"NON";"45204";"";"";"";"2021-10-06";"40887";""
"45205";"3332";"PLUi/PLUiS";"CC";"2015-06-29 22:00:00+00:00";"2011-03-28 22:00:00+00:00";"33";"45";"24";"2021";"OUI";"NON";"45205";"";"";"";"2021-10-06";"86421";""
"45208";"3299";"PLUi/PLUiS";"CA";"2020-02-26 23:00:00+00:00";"2015-05-27 22:00:00+00:00";"39";"45";"24";"2021";"NON";"OUI";"45208";"";"";"";"2021-10-06";"140495";""
"45209";"1433";"CC";"CC";"2011-10-09 22:00:00+00:00";"2009-05-27 22:00:00+00:00";"13";"45";"24";"2021";"NON";"NON";"200071850";"";"";"";"2021-10-06";"41497";""
"45210";"3432";"PLU";"CC";"2014-10-08 22:00:00+00:00";"2009-11-26 23:00:00+00:00";"33";"45";"24";"2021";"NON";"NON";"200067676";"";"";"";"2021-10-06";"46448";""
"45212";"3432";"PLU";"CC";"2008-03-02 23:00:00+00:00";"2002-11-03 23:00:00+00:00";"33";"45";"24";"2021";"NON";"NON";"200067676";"";"";"";"2021-10-06";"17542";""
"45213";"1432";"CC";"CC";"2006-03-19 23:00:00+00:00";"2003-06-30 22:00:00+00:00";"13";"45";"24";"2021";"NON";"NON";"200067676";"";"";"";"2021-10-06";"15751";""
"45214";"1199";"CC";"COM";"2009-08-03 22:00:00+00:00";"2002-03-24 23:00:00+00:00";"19";"45";"24";"2021";"NON";"NON";"45214";"";"";"";"2021-10-06";"17529";""
"45215";"1433";"CC";"CC";"2007-12-19 23:00:00+00:00";"2006-01-25 23:00:00+00:00";"13";"45";"24";"2021";"NON";"NON";"200071850";"";"";"";"2021-10-06";"17694";""
"45216";"3299";"PLUi/PLUiS";"CA";"2020-02-26 23:00:00+00:00";"2015-05-27 22:00:00+00:00";"39";"45";"24";"2021";"NON";"OUI";"244500203";"";"";"";"2021-10-06";"140495";""
"45217";"1199";"CC";"COM";"2007-02-05 23:00:00+00:00";"2005-05-16 22:00:00+00:00";"19";"45";"24";"2021";"NON";"NON";"45217";"";"";"";"2021-10-06";"17530";""
"45218";"3299";"PLUi/PLUiS";"CC";"2019-12-19 23:00:00+00:00";"2015-12-10 23:00:00+00:00";"39";"45";"24";"2021";"NON";"OUI";"244500211";"";"";"";"2021-10-06";"145288";""
"45219";"3332";"PLUi/PLUiS";"CC";"2015-06-29 22:00:00+00:00";"2011-03-28 22:00:00+00:00";"33";"45";"24";"2021";"OUI";"NON";"45219";"";"";"";"2021-10-06";"86421";""
"45220";"1433";"CC";"CC";"2008-07-03 22:00:00+00:00";"2004-12-06 23:00:00+00:00";"13";"45";"24";"2021";"NON";"NON";"200071850";"";"";"";"2021-10-06";"15752";""
"45222";"3432";"PLU";"CC";"2013-12-19 23:00:00+00:00";"2010-09-30 22:00:00+00:00";"33";"45";"24";"2021";"NON";"NON";"45222";"";"";"";"2021-10-06";"46511";""
"45223";"3332";"PLUi/PLUiS";"CC";"2015-06-29 22:00:00+00:00";"2011-03-28 22:00:00+00:00";"33";"45";"24";"2021";"OUI";"NON";"45223";"";"";"";"2021-10-06";"86421";""
"45224";"3199";"PLU";"COM";"2017-04-02 22:00:00+00:00";"2015-02-18 23:00:00+00:00";"39";"45";"24";"2021";"NON";"NON";"45224";"";"";"";"2021-10-06";"140511";""
"45225";"3433";"PLU";"CC";"2004-12-13 23:00:00+00:00";"2001-06-18 22:00:00+00:00";"33";"45";"24";"2021";"NON";"NON";"200071850";"";"";"";"2021-10-06";"18939";""
"45226";"3199";"PLU";"COM";"2004-04-03 22:00:00+00:00";"2000-02-10 23:00:00+00:00";"39";"45";"24";"2021";"NON";"NON";"45226";"";"";"";"2021-10-06";"17225";""
"45227";"3299";"PLUi/PLUiS";"CC";"2019-12-19 23:00:00+00:00";"2015-12-10 23:00:00+00:00";"39";"45";"24";"2021";"NON";"OUI";"244500211";"";"";"";"2021-10-06";"145288";""
"45228";"1433";"CC";"CC";"2011-04-11 22:00:00+00:00";"2010-03-25 23:00:00+00:00";"13";"45";"24";"2021";"NON";"NON";"200071850";"";"";"";"2021-10-06";"65716";""
"45229";"3432";"PLU";"CC";"2013-07-14 22:00:00+00:00";"2010-07-01 22:00:00+00:00";"33";"45";"24";"2021";"NON";"NON";"200067676";"";"";"";"2021-10-06";"87560";""
"45230";"1432";"CC";"CC";"2008-03-26 23:00:00+00:00";"2004-04-14 22:00:00+00:00";"13";"45";"24";"2021";"NON";"NON";"200067676";"";"";"";"2021-10-06";"15753";""
"45232";"3432";"PLU";"MET";"2018-05-30 22:00:00+00:00";"2015-03-26 23:00:00+00:00";"33";"45";"24";"2021";"NON";"NON";"244500468";"";"";"";"2021-10-06";"140512";""
"45233";"3433";"PLU";"CC";"2017-12-20 23:00:00+00:00";"2011-04-14 22:00:00+00:00";"33";"45";"24";"2021";"NON";"NON";"200071850";"";"";"";"2021-10-06";"87060";""
"45234";"3432";"PLU";"MET";"2019-11-27 23:00:00+00:00";"2016-07-03 22:00:00+00:00";"33";"45";"24";"2021";"NON";"NON";"244500468";"";"";"";"2021-10-06";"150625";""
"45235";"3432";"PLU";"MET";"2008-02-03 23:00:00+00:00";"2004-12-21 23:00:00+00:00";"33";"45";"24";"2021";"NON";"NON";"244500468";"";"";"";"2021-10-06";"18943";""
"45237";"3433";"PLU";"CC";"2008-12-26 23:00:00+00:00";"2001-12-16 23:00:00+00:00";"33";"45";"24";"2021";"NON";"NON";"200071850";"";"";"";"2021-10-06";"19227";""
"45238";"3299";"PLUi/PLUiS";"CC";"2019-12-09 23:00:00+00:00";"2017-03-30 22:00:00+00:00";"39";"45";"24";"2021";"NON";"OUI";"200068278";"";"";"";"2021-10-06";"159242";""
"45239";"1432";"CC";"CC";"2008-03-20 23:00:00+00:00";"2007-01-31 23:00:00+00:00";"13";"45";"24";"2021";"NON";"NON";"200067676";"";"";"";"2021-10-06";"33689";""
"45240";"3432";"PLU";"CC";"2013-03-13 23:00:00+00:00";"2003-09-28 22:00:00+00:00";"33";"45";"24";"2021";"NON";"NON";"244500542";"";"";"";"2021-10-06";"19228";""
"45243";"3332";"PLUi/PLUiS";"CC";"2015-06-29 22:00:00+00:00";"2011-03-28 22:00:00+00:00";"33";"45";"24";"2021";"OUI";"NON";"45243";"";"";"";"2021-10-06";"86421";""
"45244";"3199";"PLU";"COM";"2015-07-07 22:00:00+00:00";"2005-02-21 23:00:00+00:00";"39";"45";"24";"2021";"NON";"NON";"45244";"";"";"";"2021-10-06";"19229";""
"45245";"3299";"PLUi/PLUiS";"CC";"2019-12-09 23:00:00+00:00";"2017-03-30 22:00:00+00:00";"39";"45";"24";"2021";"NON";"OUI";"200068278";"";"";"";"2021-10-06";"159242";""
"45247";"3299";"PLUi/PLUiS";"CA";"2020-02-26 23:00:00+00:00";"2015-05-27 22:00:00+00:00";"39";"45";"24";"2021";"NON";"OUI";"45247";"";"";"";"2021-10-06";"140495";""
"45248";"3299";"PLUi/PLUiS";"CC";"2021-03-24 23:00:00+00:00";"2016-09-28 22:00:00+00:00";"39";"45";"24";"2021";"NON";"OUI";"45248";"";"";"";"2021-10-06";"151825";""
"45249";"3299";"PLUi/PLUiS";"CA";"2020-02-26 23:00:00+00:00";"2015-05-27 22:00:00+00:00";"39";"45";"24";"2021";"NON";"OUI";"45249";"";"";"";"2021-10-06";"140495";""
"45250";"3332";"PLUi/PLUiS";"CC";"2013-05-20 22:00:00+00:00";"2004-02-03 23:00:00+00:00";"33";"45";"24";"2021";"OUI";"NON";"200067668";"";"";"";"2021-10-06";"118183";""
"45251";"3299";"PLUi/PLUiS";"CC";"2019-12-09 23:00:00+00:00";"2017-03-30 22:00:00+00:00";"39";"45";"24";"2021";"NON";"OUI";"200068278";"";"";"";"2021-10-06";"159242";""
"45252";"3131";"PLU";"COM";"2011-07-04 22:00:00+00:00";"2008-05-04 22:00:00+00:00";"33";"45";"24";"2021";"NON";"NON";"45252";"";"";"";"2021-10-06";"48823";""
"45253";"3131";"PLU";"COM";"2011-11-07 23:00:00+00:00";"2008-09-08 22:00:00+00:00";"33";"45";"24";"2021";"NON";"NON";"45253";"";"";"";"2021-10-06";"37150";""
"45254";"3299";"PLUi/PLUiS";"CC";"2019-12-19 23:00:00+00:00";"2015-12-10 23:00:00+00:00";"39";"45";"24";"2021";"NON";"OUI";"244500211";"";"";"";"2021-10-06";"145288";""
"45255";"1432";"CC";"CC";"2007-06-07 22:00:00+00:00";"2006-09-13 22:00:00+00:00";"13";"45";"24";"2021";"NON";"NON";"244500419";"";"";"";"2021-10-06";"25159";""
"45257";"3432";"PLU";"CC";"2008-07-14 22:00:00+00:00";"2003-04-07 22:00:00+00:00";"33";"45";"24";"2021";"NON";"NON";"200067676";"";"";"";"2021-10-06";"19260";""
"45259";"3332";"PLUi/PLUiS";"CC";"2015-06-29 22:00:00+00:00";"2011-03-28 22:00:00+00:00";"33";"45";"24";"2021";"OUI";"NON";"45259";"";"";"";"2021-10-06";"86421";""
"45260";"1199";"CC";"COM";"2007-07-25 22:00:00+00:00";"2005-09-15 22:00:00+00:00";"19";"45";"24";"2021";"NON";"NON";"45260";"";"";"";"2021-10-06";"17538";""
"45261";"3199";"PLU";"COM";"2013-01-24 23:00:00+00:00";"2004-11-25 23:00:00+00:00";"39";"45";"24";"2021";"NON";"NON";"45261";"";"";"";"2021-10-06";"19263";""
"45262";"3299";"PLUi/PLUiS";"CC";"2021-03-24 23:00:00+00:00";"2016-09-28 22:00:00+00:00";"39";"45";"24";"2021";"NON";"OUI";"45262";"";"";"";"2021-10-06";"151825";""
"45263";"1199";"CC";"COM";"2007-06-21 22:00:00+00:00";"2006-01-25 23:00:00+00:00";"19";"45";"24";"2021";"NON";"NON";"45263";"";"";"";"2021-10-06";"17696";""
"45264";"3199";"PLU";"COM";"2010-12-19 23:00:00+00:00";"2007-09-09 22:00:00+00:00";"39";"45";"24";"2021";"NON";"NON";"45264";"";"";"";"2021-10-06";"33678";""
"45265";"3432";"PLU";"CC";"2013-06-23 22:00:00+00:00";"2004-02-03 23:00:00+00:00";"33";"45";"24";"2021";"NON";"NON";"244500419";"";"";"";"2021-10-06";"125399";""
"45266";"3299";"PLUi/PLUiS";"CC";"2021-03-24 23:00:00+00:00";"2016-09-28 22:00:00+00:00";"39";"45";"24";"2021";"NON";"OUI";"45266";"";"";"";"2021-10-06";"151825";""
"45268";"3199";"PLU";"COM";"2011-06-16 22:00:00+00:00";"2005-09-08 22:00:00+00:00";"39";"45";"24";"2021";"NON";"NON";"45268";"";"";"";"2021-10-06";"19423";""
"45269";"3199";"PLU";"COM";"2020-02-02 23:00:00+00:00";"2015-11-29 23:00:00+00:00";"39";"45";"24";"2021";"NON";"NON";"45269";"";"";"";"2021-10-06";"145364";""
"45270";"3199";"PLU";"COM";"2019-05-19 22:00:00+00:00";"2011-10-16 22:00:00+00:00";"39";"45";"24";"2021";"NON";"NON";"45270";"";"";"";"2021-10-06";"87302";""
"45271";"3299";"PLUi/PLUiS";"CC";"2019-12-19 23:00:00+00:00";"2015-12-10 23:00:00+00:00";"39";"45";"24";"2021";"NON";"OUI";"244500211";"";"";"";"2021-10-06";"145288";""
"45272";"3432";"PLU";"MET";"2010-01-21 23:00:00+00:00";"2007-06-18 22:00:00+00:00";"33";"45";"24";"2021";"NON";"NON";"244500468";"";"";"";"2021-10-06";"33675";""
"45273";"3199";"PLU";"COM";"2014-03-16 23:00:00+00:00";"2012-09-02 22:00:00+00:00";"39";"45";"24";"2021";"NON";"NON";"45273";"";"";"";"2021-10-06";"116999";""
"45274";"3432";"PLU";"MET";"2019-10-23 22:00:00+00:00";"2016-11-14 23:00:00+00:00";"33";"45";"24";"2021";"NON";"NON";"244500468";"";"";"";"2021-10-06";"154434";""
"45276";"3299";"PLUi/PLUiS";"CC";"2019-12-09 23:00:00+00:00";"2017-03-30 22:00:00+00:00";"39";"45";"24";"2021";"NON";"OUI";"200068278";"";"";"";"2021-10-06";"159242";""
"45277";"1199";"CC";"COM";"2008-02-07 23:00:00+00:00";"2006-05-10 22:00:00+00:00";"19";"45";"24";"2021";"NON";"NON";"45277";"";"";"";"2021-10-06";"25139";""
"45278";"3332";"PLUi/PLUiS";"CC";"2007-05-14 22:00:00+00:00";"2004-03-28 22:00:00+00:00";"33";"45";"24";"2021";"OUI";"NON";"200067676";"";"";"";"2021-10-06";"48624";""
"45279";"3432";"PLU";"CC";"2012-02-16 23:00:00+00:00";"2010-12-31 23:00:00+00:00";"33";"45";"24";"2021";"NON";"NON";"200067668";"";"";"";"2021-10-06";"87367";""
"45280";"3299";"PLUi/PLUiS";"CC";"2019-12-19 23:00:00+00:00";"2015-12-10 23:00:00+00:00";"39";"45";"24";"2021";"NON";"OUI";"244500211";"";"";"";"2021-10-06";"145288";""
"45281";"3332";"PLUi/PLUiS";"CC";"2013-05-20 22:00:00+00:00";"2004-02-03 23:00:00+00:00";"33";"45";"24";"2021";"OUI";"NON";"200067668";"";"";"";"2021-10-06";"118183";""
"45282";"3432";"PLU";"MET";"2015-09-16 22:00:00+00:00";"2009-05-26 22:00:00+00:00";"33";"45";"24";"2021";"NON";"NON";"244500468";"";"";"";"2021-10-06";"40900";""
"45284";"3432";"PLU";"MET";"2016-12-15 23:00:00+00:00";"2014-11-27 23:00:00+00:00";"33";"45";"24";"2021";"NON";"NON";"244500468";"";"";"";"2021-10-06";"140514";""
"45285";"3432";"PLU";"MET";"2006-05-31 22:00:00+00:00";"2003-04-27 22:00:00+00:00";"33";"45";"24";"2021";"NON";"NON";"244500468";"";"";"";"2021-10-06";"20647";""
"45286";"3432";"PLU";"MET";"2017-03-22 23:00:00+00:00";"2015-01-19 23:00:00+00:00";"33";"45";"24";"2021";"NON";"NON";"244500468";"";"";"";"2021-10-06";"150583";""
"45287";"3332";"PLUi/PLUiS";"CC";"2013-05-20 22:00:00+00:00";"2004-02-03 23:00:00+00:00";"33";"45";"24";"2021";"OUI";"NON";"200067668";"";"";"";"2021-10-06";"118183";""
"45289";"3199";"PLU";"COM";"2019-04-23 22:00:00+00:00";"2015-09-08 22:00:00+00:00";"39";"45";"24";"2021";"NON";"NON";"45289";"";"";"";"2021-10-06";"142649";""
"45290";"3199";"PLU";"COM";"2016-01-25 23:00:00+00:00";"2012-04-15 22:00:00+00:00";"39";"45";"24";"2021";"NON";"NON";"45290";"";"";"";"2021-10-06";"110662";""
"45291";"3299";"PLUi/PLUiS";"CC";"2019-12-19 23:00:00+00:00";"2015-12-10 23:00:00+00:00";"39";"45";"24";"2021";"NON";"OUI";"244500211";"";"";"";"2021-10-06";"145288";""
"45292";"3432";"PLU";"CC";"2013-04-08 22:00:00+00:00";"2008-09-03 22:00:00+00:00";"33";"45";"24";"2021";"NON";"NON";"200067676";"";"";"";"2021-10-06";"37140";""
"45293";"3299";"PLUi/PLUiS";"CA";"2020-02-26 23:00:00+00:00";"2015-05-27 22:00:00+00:00";"39";"45";"24";"2021";"NON";"OUI";"244500203";"";"";"";"2021-10-06";"140495";""
"45296";"3299";"PLUi/PLUiS";"CC";"2021-03-24 23:00:00+00:00";"2016-09-28 22:00:00+00:00";"39";"45";"24";"2021";"NON";"OUI";"45296";"";"";"";"2021-10-06";"151825";""
"45297";"3199";"PLU";"COM";"2019-06-25 22:00:00+00:00";"2014-12-03 23:00:00+00:00";"39";"45";"24";"2021";"NON";"NON";"45297";"";"";"";"2021-10-06";"150599";""
"45298";"3432";"PLU";"MET";"2011-07-11 22:00:00+00:00";"2008-11-20 23:00:00+00:00";"33";"45";"24";"2021";"NON";"NON";"244500468";"";"";"";"2021-10-06";"87320";""
"45299";"3299";"PLUi/PLUiS";"CC";"2021-03-24 23:00:00+00:00";"2016-09-28 22:00:00+00:00";"39";"45";"24";"2021";"NON";"OUI";"45299";"";"";"";"2021-10-06";"151825";""
"45300";"3199";"PLU";"COM";"2017-12-11 23:00:00+00:00";"2015-10-09 22:00:00+00:00";"39";"45";"24";"2021";"NON";"NON";"45300";"";"";"";"2021-10-06";"156047";""
"45301";"1199";"CC";"COM";"2007-07-25 22:00:00+00:00";"2006-01-17 23:00:00+00:00";"19";"45";"24";"2021";"NON";"NON";"45301";"";"";"";"2021-10-06";"17701";""
"45302";"3432";"PLU";"MET";"2016-12-15 23:00:00+00:00";"2012-06-28 22:00:00+00:00";"33";"45";"24";"2021";"NON";"NON";"244500468";"";"";"";"2021-10-06";"116993";""
"45303";"3432";"PLU";"CC";"2006-08-31 22:00:00+00:00";"1996-07-07 22:00:00+00:00";"33";"45";"24";"2021";"NON";"NON";"244500419";"";"";"";"2021-10-06";"15801";""
"45306";"1432";"CC";"CC";"2005-06-28 22:00:00+00:00";"2001-04-01 22:00:00+00:00";"13";"45";"24";"2021";"NON";"NON";"200067668";"";"";"";"2021-10-06";"17539";""
"45307";"3332";"PLUi/PLUiS";"CC";"2013-05-20 22:00:00+00:00";"2004-02-03 23:00:00+00:00";"33";"45";"24";"2021";"OUI";"NON";"200067668";"";"";"";"2021-10-06";"118183";""
"45308";"3432";"PLU";"MET";"2018-02-21 23:00:00+00:00";"2014-09-18 22:00:00+00:00";"33";"45";"24";"2021";"NON";"NON";"244500468";"";"";"";"2021-10-06";"133536";""
"45309";"1432";"CC";"CC";"2001-09-27 22:00:00+00:00";"2001-05-21 22:00:00+00:00";"13";"45";"24";"2021";"NON";"NON";"45309";"";"";"";"2021-10-06";"17549";""
"45310";"3199";"PLU";"COM";"2008-02-26 23:00:00+00:00";"1988-06-22 22:00:00+00:00";"39";"45";"24";"2021";"NON";"NON";"45310";"";"";"";"2021-10-06";"15883";""
"45311";"1199";"CC";"COM";"2004-09-07 22:00:00+00:00";"2002-09-29 22:00:00+00:00";"19";"45";"24";"2021";"NON";"NON";"45311";"";"";"";"2021-10-06";"17550";""
"45312";"3299";"PLUi/PLUiS";"CA";"2020-02-26 23:00:00+00:00";"2015-05-27 22:00:00+00:00";"39";"45";"24";"2021";"NON";"OUI";"244500203";"";"";"";"2021-10-06";"140495";""
"45313";"3299";"PLUi/PLUiS";"CC";"2021-03-24 23:00:00+00:00";"2016-09-28 22:00:00+00:00";"39";"45";"24";"2021";"NON";"OUI";"45313";"";"";"";"2021-10-06";"151825";""
"45314";"1199";"CC";"COM";"2019-03-03 23:00:00+00:00";"2017-05-14 22:00:00+00:00";"19";"45";"24";"2021";"NON";"NON";"45314";"";"";"";"2021-10-06";"162582";""
"45315";"3199";"PLU";"COM";"2017-12-20 23:00:00+00:00";"2005-07-27 22:00:00+00:00";"39";"45";"24";"2021";"NON";"NON";"45315";"";"";"";"2021-10-06";"20681";""
"45316";"3199";"PLU";"COM";"2006-10-19 22:00:00+00:00";"2004-01-15 23:00:00+00:00";"39";"45";"24";"2021";"NON";"NON";"45316";"";"";"";"2021-10-06";"20682";""
"45317";"3199";"PLU";"COM";"2006-04-13 22:00:00+00:00";"2001-10-10 22:00:00+00:00";"39";"45";"24";"2021";"NON";"NON";"45317";"";"";"";"2021-10-06";"20683";""
"45320";"3199";"PLU";"COM";"2012-12-16 23:00:00+00:00";"2010-05-30 22:00:00+00:00";"39";"45";"24";"2021";"NON";"NON";"45320";"";"";"";"2021-10-06";"46506";""
"45321";"1432";"CC";"CC";"2007-12-10 23:00:00+00:00";"2001-04-01 22:00:00+00:00";"13";"45";"24";"2021";"NON";"NON";"200067676";"";"";"";"2021-10-06";"15754";""
"45322";"3332";"PLUi/PLUiS";"CC";"2013-05-20 22:00:00+00:00";"2004-02-03 23:00:00+00:00";"33";"45";"24";"2021";"OUI";"NON";"200067668";"";"";"";"2021-10-06";"118183";""
"45323";"3299";"PLUi/PLUiS";"CC";"2019-12-09 23:00:00+00:00";"2017-03-30 22:00:00+00:00";"39";"45";"24";"2021";"NON";"OUI";"200068278";"";"";"";"2021-10-06";"159242";""
"45324";"3199";"PLU";"COM";"2015-09-08 22:00:00+00:00";"2008-09-23 22:00:00+00:00";"39";"45";"24";"2021";"NON";"NON";"45324";"";"";"";"2021-10-06";"37142";""
"45325";"1432";"CC";"CC";"2011-03-07 23:00:00+00:00";"2009-09-03 22:00:00+00:00";"13";"45";"24";"2021";"NON";"NON";"244500542";"";"";"";"2021-10-06";"46487";""
"45326";"3299";"PLUi/PLUiS";"CC";"2021-03-24 23:00:00+00:00";"2016-09-28 22:00:00+00:00";"39";"45";"24";"2021";"NON";"OUI";"45326";"";"";"";"2021-10-06";"151825";""
"45327";"3199";"PLU";"COM";"2015-02-04 23:00:00+00:00";"2011-02-22 23:00:00+00:00";"39";"45";"24";"2021";"NON";"NON";"45327";"";"";"";"2021-10-06";"88371";""
"45329";"3432";"PLU";"CC";"2008-03-05 23:00:00+00:00";"2004-12-09 23:00:00+00:00";"33";"45";"24";"2021";"NON";"NON";"200067668";"";"";"";"2021-10-06";"20685";""
"45330";"3299";"PLUi/PLUiS";"CC";"2021-03-24 23:00:00+00:00";"2016-09-28 22:00:00+00:00";"39";"45";"24";"2021";"NON";"OUI";"45330";"";"";"";"2021-10-06";"151825";""
"45331";"3199";"PLU";"COM";"2013-06-23 22:00:00+00:00";"2008-10-22 22:00:00+00:00";"39";"45";"24";"2021";"NON";"NON";"45331";"";"";"";"2021-10-06";"37141";""
"45332";"3432";"PLU";"CC";"2008-12-11 23:00:00+00:00";"2003-03-09 23:00:00+00:00";"33";"45";"24";"2021";"NON";"NON";"200067676";"";"";"";"2021-10-06";"20686";""
"45333";"3199";"PLU";"COM";"2020-12-13 23:00:00+00:00";"2016-05-25 22:00:00+00:00";"39";"45";"24";"2021";"NON";"NON";"45333";"";"";"";"2021-10-06";"150624";""
"45334";"1432";"CC";"CC";"2008-03-12 23:00:00+00:00";"2005-09-22 22:00:00+00:00";"13";"45";"24";"2021";"NON";"NON";"200067676";"";"";"";"2021-10-06";"35697";""
"45335";"3199";"PLU";"COM";"2005-04-26 22:00:00+00:00";"2001-10-18 22:00:00+00:00";"39";"45";"24";"2021";"NON";"NON";"45335";"";"";"";"2021-10-06";"20688";""
"45336";"3199";"PLU";"COM";"2021-07-07 22:00:00+00:00";"2015-10-07 22:00:00+00:00";"39";"45";"24";"2021";"NON";"NON";"45336";"";"";"";"2021-10-06";"142655";""
"45337";"3299";"PLUi/PLUiS";"CC";"2021-03-24 23:00:00+00:00";"2016-09-28 22:00:00+00:00";"39";"45";"24";"2021";"NON";"OUI";"45337";"";"";"";"2021-10-06";"151825";""
"45338";"3299";"PLUi/PLUiS";"CA";"2020-02-26 23:00:00+00:00";"2015-05-27 22:00:00+00:00";"39";"45";"24";"2021";"NON";"OUI";"45338";"";"";"";"2021-10-06";"140495";""
"45339";"3332";"PLUi/PLUiS";"CC";"2015-06-29 22:00:00+00:00";"2011-03-28 22:00:00+00:00";"33";"45";"24";"2021";"OUI";"NON";"45339";"";"";"";"2021-10-06";"86421";""
"45340";"3199";"PLU";"COM";"2007-09-16 22:00:00+00:00";"2003-09-17 22:00:00+00:00";"39";"45";"24";"2021";"NON";"NON";"45340";"";"";"";"2021-10-06";"20689";""
"45341";"3299";"PLUi/PLUiS";"CC";"2021-03-24 23:00:00+00:00";"2016-09-28 22:00:00+00:00";"39";"45";"24";"2021";"NON";"OUI";"45341";"";"";"";"2021-10-06";"151825";""
"45342";"1199";"CC";"COM";"2004-03-02 23:00:00+00:00";"2001-04-01 22:00:00+00:00";"19";"45";"24";"2021";"NON";"NON";"45342";"";"";"";"2021-10-06";"17555";""
"45343";"1432";"CC";"CC";"2010-07-19 22:00:00+00:00";"2007-03-27 22:00:00+00:00";"13";"45";"24";"2021";"NON";"NON";"244500419";"";"";"";"2021-10-06";"29751";""
"45344";"1199";"CC";"COM";"2013-02-06 23:00:00+00:00";"2006-09-18 22:00:00+00:00";"19";"45";"24";"2021";"NON";"NON";"45344";"";"";"";"2021-10-06";"25161";""
"45345";"3299";"PLUi/PLUiS";"CA";"2020-02-26 23:00:00+00:00";"2015-05-27 22:00:00+00:00";"39";"45";"24";"2021";"NON";"OUI";"45345";"";"";"";"2021-10-06";"140495";""
"45347";"3199";"PLU";"COM";"2005-02-06 23:00:00+00:00";"1999-11-28 23:00:00+00:00";"39";"45";"24";"2021";"NON";"NON";"45347";"";"";"";"2021-10-06";"16239";""
"45348";"3199";"PLU";"COM";"2017-05-10 22:00:00+00:00";"2015-06-30 22:00:00+00:00";"39";"45";"24";"2021";"NON";"NON";"45348";"";"";"";"2021-10-06";"140515";""
"46001";"3432";"PLU";"CC";"2010-04-25 22:00:00+00:00";"2002-01-24 23:00:00+00:00";"33";"46";"76";"2021";"NON";"NON";"46001";"";"";"";"2021-10-06";"52956";""
"46002";"1432";"CC";"CC";"2018-02-12 23:00:00+00:00";"2014-05-16 22:00:00+00:00";"13";"46";"76";"2021";"NON";"NON";"200067361";"";"";"";"2021-10-06";"152030";""
"46003";"3432";"PLU";"CC";"2005-03-22 23:00:00+00:00";"2001-09-19 22:00:00+00:00";"33";"46";"76";"2021";"NON";"NON";"200066371";"";"";"";"2021-10-06";"52949";""
"46004";"1432";"CC";"CC";"2014-11-02 23:00:00+00:00";"2011-10-11 22:00:00+00:00";"13";"46";"76";"2021";"NON";"NON";"200067361";"";"";"";"2021-10-06";"152065";""
"46005";"1432";"CC";"CC";"2013-03-11 23:00:00+00:00";"2001-12-17 23:00:00+00:00";"13";"46";"76";"2021";"NON";"NON";"46005";"";"";"";"2021-10-06";"66171";""
"46006";"3499";"PLU";"CC";"2019-10-06 22:00:00+00:00";"2010-12-15 23:00:00+00:00";"39";"46";"76";"2021";"NON";"NON";"46006";"";"";"";"2021-10-06";"94037";""
"46008";"1499";"CC";"CC";"2004-03-30 22:00:00+00:00";"2001-04-30 22:00:00+00:00";"19";"46";"76";"2021";"NON";"NON";"46008";"";"";"";"2021-10-06";"65471";""
"46009";"3432";"PLU";"CC";"2011-03-23 23:00:00+00:00";"2002-01-29 23:00:00+00:00";"33";"46";"76";"2021";"NON";"NON";"200067361";"";"";"";"2021-10-06";"62456";""
"46010";"3432";"PLU";"CC";"2004-11-28 23:00:00+00:00";"2001-07-03 22:00:00+00:00";"33";"46";"76";"2021";"NON";"NON";"46010";"";"";"";"2021-10-06";"52950";""
"46011";"1432";"CC";"CC";"2018-02-19 23:00:00+00:00";"2014-11-05 23:00:00+00:00";"13";"46";"76";"2021";"NON";"NON";"200066371";"";"";"";"2021-10-06";"152031";""
"46012";"3432";"PLU";"CC";"2012-10-21 22:00:00+00:00";"2005-06-13 22:00:00+00:00";"33";"46";"76";"2021";"NON";"NON";"200067361";"";"";"";"2021-10-06";"49606";""
"46013";"1432";"CC";"CC";"2012-12-10 23:00:00+00:00";"2002-05-01 22:00:00+00:00";"13";"46";"76";"2021";"NON";"NON";"46013";"";"";"";"2021-10-06";"66172";""
"46015";"3432";"PLU";"CC";"2017-09-25 22:00:00+00:00";"2011-11-28 23:00:00+00:00";"33";"46";"76";"2021";"NON";"NON";"200067361";"";"";"";"2021-10-06";"94051";""
"46016";"3432";"PLU";"CC";"2013-05-22 22:00:00+00:00";"2009-03-17 23:00:00+00:00";"33";"46";"76";"2021";"NON";"NON";"200066371";"";"";"";"2021-10-06";"62459";""
"46018";"1432";"CC";"CC";"2017-11-13 23:00:00+00:00";"2014-12-07 23:00:00+00:00";"13";"46";"76";"2021";"NON";"NON";"200066371";"";"";"";"2021-10-06";"152048";""
"46020";"3432";"PLU";"CC";"2006-12-14 23:00:00+00:00";"2003-04-14 22:00:00+00:00";"33";"46";"76";"2021";"NON";"NON";"244600532";"";"";"";"2021-10-06";"52953";""
"46021";"3432";"PLU";"CC";"2008-04-09 22:00:00+00:00";"2002-09-19 22:00:00+00:00";"33";"46";"76";"2021";"NON";"NON";"200067361";"";"";"";"2021-10-06";"52954";""
"46022";"3432";"PLU";"CC";"2007-07-24 22:00:00+00:00";"2002-11-12 23:00:00+00:00";"33";"46";"76";"2021";"NON";"NON";"46022";"";"";"";"2021-10-06";"57244";""
"46023";"3432";"PLU";"CC";"2012-10-29 23:00:00+00:00";"2004-08-23 22:00:00+00:00";"33";"46";"76";"2021";"NON";"NON";"46023";"";"";"";"2021-10-06";"49607";""
"46024";"3432";"PLU";"CC";"2010-11-09 23:00:00+00:00";"2006-09-10 22:00:00+00:00";"33";"46";"76";"2021";"NON";"NON";"200066371";"";"";"";"2021-10-06";"71530";""
"46027";"1432";"CC";"CC";"2011-05-01 22:00:00+00:00";"2005-08-24 22:00:00+00:00";"13";"46";"76";"2021";"NON";"NON";"244600532";"";"";"";"2021-10-06";"66174";""
"46028";"3332";"PLUi/PLUiS";"CC";"2014-03-06 23:00:00+00:00";"2012-04-10 22:00:00+00:00";"33";"46";"76";"2021";"OUI";"NON";"200066371";"";"";"";"2021-10-06";"118307";""
"46029";"3432";"PLU";"CC";"2015-02-26 23:00:00+00:00";"2009-11-25 23:00:00+00:00";"33";"46";"76";"2021";"NON";"NON";"200066371";"";"";"";"2021-10-06";"64521";""
"46030";"1432";"CC";"CC";"2010-10-19 22:00:00+00:00";"2010-04-07 22:00:00+00:00";"13";"46";"76";"2021";"NON";"NON";"200066371";"";"";"";"2021-10-06";"71531";""
"46032";"3432";"PLU";"CA";"2016-11-06 23:00:00+00:00";"2011-10-19 22:00:00+00:00";"33";"46";"76";"2021";"NON";"NON";"46032";"";"";"";"2021-10-06";"118053";""
"46033";"3432";"PLU";"CC";"2018-02-11 23:00:00+00:00";"2011-06-06 22:00:00+00:00";"33";"46";"76";"2021";"NON";"NON";"200039519";"";"";"";"2021-10-06";"71565";""
"46034";"3432";"PLU";"CC";"2011-06-24 22:00:00+00:00";"2005-01-06 23:00:00+00:00";"33";"46";"76";"2021";"NON";"NON";"200067361";"";"";"";"2021-10-06";"49608";""
"46035";"1432";"CC";"CC";"2012-11-19 23:00:00+00:00";"2001-11-25 23:00:00+00:00";"13";"46";"76";"2021";"NON";"NON";"200067361";"";"";"";"2021-10-06";"66175";""
"46037";"3432";"PLU";"CA";"2008-09-23 22:00:00+00:00";"2002-02-12 23:00:00+00:00";"33";"46";"76";"2021";"NON";"NON";"200023737";"";"";"";"2021-10-06";"57245";""
"46038";"3432";"PLU";"CC";"2013-06-09 22:00:00+00:00";"2001-06-13 22:00:00+00:00";"33";"46";"76";"2021";"NON";"NON";"200066371";"";"";"";"2021-10-06";"52948";""
"46039";"1432";"CC";"CC";"2009-09-06 22:00:00+00:00";"2003-10-20 22:00:00+00:00";"13";"46";"76";"2021";"NON";"NON";"200067361";"";"";"";"2021-10-06";"69485";""
"46040";"1432";"CC";"CA";"2006-11-16 23:00:00+00:00";"2004-06-23 22:00:00+00:00";"13";"46";"76";"2021";"NON";"NON";"200023737";"";"";"";"2021-10-06";"68175";""
"46041";"1432";"CC";"CC";"2012-01-09 23:00:00+00:00";"2008-06-03 22:00:00+00:00";"13";"46";"76";"2021";"NON";"NON";"200067361";"";"";"";"2021-10-06";"67425";""
"46042";"3432";"PLU";"CA";"2017-04-26 22:00:00+00:00";"2014-04-17 22:00:00+00:00";"33";"46";"76";"2021";"NON";"NON";"46042";"";"";"";"2021-10-06";"134906";""
"46044";"3432";"PLU";"CA";"2010-03-09 23:00:00+00:00";"2001-12-13 23:00:00+00:00";"33";"46";"76";"2021";"NON";"NON";"46044";"";"";"";"2021-10-06";"62457";""
"46045";"3432";"PLU";"CC";"2011-07-11 22:00:00+00:00";"2001-06-27 22:00:00+00:00";"33";"46";"76";"2021";"NON";"NON";"200067361";"";"";"";"2021-10-06";"49610";""
"46046";"3432";"PLU";"CA";"2011-11-03 23:00:00+00:00";"2003-07-03 22:00:00+00:00";"33";"46";"76";"2021";"NON";"NON";"46046";"";"";"";"2021-10-06";"62458";""
"46047";"1432";"CC";"CC";"2007-10-09 22:00:00+00:00";"2005-07-25 22:00:00+00:00";"13";"46";"76";"2021";"NON";"NON";"200066371";"";"";"";"2021-10-06";"68176";""
"46049";"3432";"PLU";"CC";"2008-03-06 23:00:00+00:00";"2003-10-16 22:00:00+00:00";"33";"46";"76";"2021";"NON";"NON";"200067361";"";"";"";"2021-10-06";"52959";""
"46050";"3432";"PLU";"CC";"2010-07-21 22:00:00+00:00";"2003-03-19 23:00:00+00:00";"33";"46";"76";"2021";"NON";"NON";"46050";"";"";"";"2021-10-06";"49611";""
"46051";"3432";"PLU";"CC";"2011-06-16 22:00:00+00:00";"2005-08-31 22:00:00+00:00";"33";"46";"76";"2021";"NON";"NON";"200067361";"";"";"";"2021-10-06";"62460";""
"46052";"3432";"PLU";"CC";"2017-06-25 22:00:00+00:00";"2011-02-10 23:00:00+00:00";"33";"46";"76";"2021";"NON";"NON";"200067361";"";"";"";"2021-10-06";"50290";""
"46055";"3432";"PLU";"CC";"2009-05-18 22:00:00+00:00";"2001-07-29 22:00:00+00:00";"33";"46";"76";"2021";"NON";"NON";"200067361";"";"";"";"2021-10-06";"52975";""
"46056";"1432";"CC";"CC";"2011-11-06 23:00:00+00:00";"2006-11-21 23:00:00+00:00";"13";"46";"76";"2021";"NON";"NON";"200067361";"";"";"";"2021-10-06";"66947";""
"46057";"3432";"PLU";"CC";"2020-02-03 23:00:00+00:00";"2010-12-19 23:00:00+00:00";"33";"46";"76";"2021";"NON";"NON";"200067361";"";"";"";"2021-10-06";"62463";""
"46058";"3332";"PLUi/PLUiS";"CC";"2014-03-06 23:00:00+00:00";"2012-04-10 22:00:00+00:00";"33";"46";"76";"2021";"OUI";"NON";"200066371";"";"";"";"2021-10-06";"118307";""
"46059";"1432";"CC";"CC";"2018-04-22 22:00:00+00:00";"2014-11-05 23:00:00+00:00";"13";"46";"76";"2021";"NON";"NON";"200066371";"";"";"";"2021-10-06";"152034";""
"46060";"1432";"CC";"CC";"2013-12-09 23:00:00+00:00";"2012-06-29 22:00:00+00:00";"13";"46";"76";"2021";"NON";"NON";"46060";"";"";"";"2021-10-06";"126471";""
"46061";"1432";"CC";"CC";"2011-02-01 23:00:00+00:00";"2002-01-31 23:00:00+00:00";"13";"46";"76";"2021";"NON";"NON";"46061";"";"";"";"2021-10-06";"66177";""
"46062";"3432";"PLU";"CC";"2010-06-29 22:00:00+00:00";"2005-11-06 23:00:00+00:00";"33";"46";"76";"2021";"NON";"NON";"46062";"";"";"";"2021-10-06";"52960";""
"46063";"3432";"PLU";"CC";"2008-10-28 23:00:00+00:00";"2002-09-10 22:00:00+00:00";"33";"46";"76";"2021";"NON";"NON";"200039519";"";"";"";"2021-10-06";"52964";""
"46064";"3432";"PLU";"CA";"2016-02-03 23:00:00+00:00";"2013-04-10 22:00:00+00:00";"33";"46";"76";"2021";"NON";"NON";"46064";"";"";"";"2021-10-06";"126436";""
"46065";"3332";"PLUi/PLUiS";"CC";"2014-03-06 23:00:00+00:00";"2012-04-10 22:00:00+00:00";"33";"46";"76";"2021";"OUI";"NON";"200066371";"";"";"";"2021-10-06";"118307";""
"46066";"3499";"PLU";"CC";"2007-12-04 23:00:00+00:00";"2001-06-07 22:00:00+00:00";"39";"46";"76";"2021";"NON";"NON";"46066";"";"";"";"2021-10-06";"52966";""
"46068";"1432";"CC";"CC";"2008-03-30 22:00:00+00:00";"2002-01-22 23:00:00+00:00";"13";"46";"76";"2021";"NON";"NON";"244600532";"";"";"";"2021-10-06";"68178";""
"46069";"3432";"PLU";"CC";"2009-07-06 22:00:00+00:00";"2002-06-05 22:00:00+00:00";"33";"46";"76";"2021";"NON";"NON";"200039519";"";"";"";"2021-10-06";"52976";""
"46072";"1499";"CC";"CC";"2012-06-25 22:00:00+00:00";"2008-06-10 22:00:00+00:00";"19";"46";"76";"2021";"NON";"NON";"46072";"";"";"";"2021-10-06";"94169";""
"46074";"3332";"PLUi/PLUiS";"CC";"2014-03-06 23:00:00+00:00";"2012-04-10 22:00:00+00:00";"33";"46";"76";"2021";"OUI";"NON";"200066371";"";"";"";"2021-10-06";"118307";""
"46075";"1432";"CC";"CC";"2003-04-03 22:00:00+00:00";"2002-03-01 23:00:00+00:00";"13";"46";"76";"2021";"NON";"NON";"200067361";"";"";"";"2021-10-06";"68180";""
"46076";"3432";"PLU";"CC";"2010-09-13 22:00:00+00:00";"2005-03-02 23:00:00+00:00";"33";"46";"76";"2021";"NON";"NON";"200066371";"";"";"";"2021-10-06";"49615";""
"46078";"1432";"CC";"CC";"2017-11-13 23:00:00+00:00";"2014-12-10 23:00:00+00:00";"13";"46";"76";"2021";"NON";"NON";"200066371";"";"";"";"2021-10-06";"152037";""
"46080";"3432";"PLU";"CA";"2011-02-06 23:00:00+00:00";"2001-05-14 22:00:00+00:00";"33";"46";"76";"2021";"NON";"NON";"46080";"";"";"";"2021-10-06";"62461";""
"46081";"1432";"CC";"CC";"2005-10-18 22:00:00+00:00";"2001-06-04 22:00:00+00:00";"13";"46";"76";"2021";"NON";"NON";"244600532";"";"";"";"2021-10-06";"68181";""
"46082";"1432";"CC";"CC";"2004-10-13 22:00:00+00:00";"2004-03-14 23:00:00+00:00";"13";"46";"76";"2021";"NON";"NON";"46082";"";"";"";"2021-10-06";"68182";""
"46083";"3432";"PLU";"CC";"2012-12-21 23:00:00+00:00";"2003-07-03 22:00:00+00:00";"33";"46";"76";"2021";"NON";"NON";"200066371";"";"";"";"2021-10-06";"49616";""
"46084";"3432";"PLU";"CC";"2011-05-17 22:00:00+00:00";"2003-03-20 23:00:00+00:00";"33";"46";"76";"2021";"NON";"NON";"200066371";"";"";"";"2021-10-06";"49617";""
"46086";"3432";"PLU";"CC";"2006-06-07 22:00:00+00:00";"2003-06-15 22:00:00+00:00";"33";"46";"76";"2021";"NON";"NON";"200066371";"";"";"";"2021-10-06";"52969";""
"46087";"3499";"PLU";"CC";"2006-03-02 23:00:00+00:00";"2002-05-23 22:00:00+00:00";"39";"46";"76";"2021";"NON";"NON";"46087";"";"";"";"2021-10-06";"52970";""
"46088";"3432";"PLU";"CA";"2012-02-27 23:00:00+00:00";"2009-03-30 22:00:00+00:00";"33";"46";"76";"2021";"NON";"NON";"200023737";"";"";"";"2021-10-06";"62462";""
"46089";"3432";"PLU";"CC";"2009-01-21 23:00:00+00:00";"2002-02-24 23:00:00+00:00";"33";"46";"76";"2021";"NON";"NON";"46089";"";"";"";"2021-10-06";"52971";""
"46090";"1432";"CC";"CC";"2013-09-23 22:00:00+00:00";"2008-05-20 22:00:00+00:00";"13";"46";"76";"2021";"NON";"NON";"200067361";"";"";"";"2021-10-06";"66178";""
"46091";"1432";"CC";"CC";"2010-11-02 23:00:00+00:00";"2009-06-07 22:00:00+00:00";"13";"46";"76";"2021";"NON";"NON";"46091";"";"";"";"2021-10-06";"71533";""
"46092";"1432";"CC";"CC";"2006-01-23 23:00:00+00:00";"2003-12-04 23:00:00+00:00";"13";"46";"76";"2021";"NON";"NON";"244600532";"";"";"";"2021-10-06";"68184";""
"46094";"1432";"CC";"CC";"2006-11-27 23:00:00+00:00";"2001-11-06 23:00:00+00:00";"13";"46";"76";"2021";"NON";"NON";"200067361";"";"";"";"2021-10-06";"68185";""
"46095";"3432";"PLU";"CA";"2011-01-17 23:00:00+00:00";"2007-04-23 22:00:00+00:00";"33";"46";"76";"2021";"NON";"NON";"46095";"";"";"";"2021-10-06";"64522";""
"46096";"1432";"CC";"CC";"2014-02-26 23:00:00+00:00";"2011-04-17 22:00:00+00:00";"13";"46";"76";"2021";"NON";"NON";"200067361";"";"";"";"2021-10-06";"71534";""
"46097";"1432";"CC";"CC";"2003-02-12 23:00:00+00:00";"2001-10-18 22:00:00+00:00";"13";"46";"76";"2021";"NON";"NON";"200066371";"";"";"";"2021-10-06";"68186";""
"46098";"1499";"CC";"CC";"2012-02-28 23:00:00+00:00";"2002-04-11 22:00:00+00:00";"19";"46";"76";"2021";"NON";"NON";"46098";"";"";"";"2021-10-06";"66179";""
"46100";"3432";"PLU";"CC";"2004-07-20 22:00:00+00:00";"1999-03-09 23:00:00+00:00";"33";"46";"76";"2021";"NON";"NON";"200067361";"";"";"";"2021-10-06";"52972";""
"46101";"3432";"PLU";"CC";"2006-06-06 22:00:00+00:00";"2002-05-14 22:00:00+00:00";"33";"46";"76";"2021";"NON";"NON";"200067361";"";"";"";"2021-10-06";"57246";""
"46102";"3432";"PLU";"CC";"2011-11-24 23:00:00+00:00";"2001-11-15 23:00:00+00:00";"33";"46";"76";"2021";"NON";"NON";"200067361";"";"";"";"2021-10-06";"64523";""
"46103";"3432";"PLU";"CC";"2010-11-09 23:00:00+00:00";"2002-06-24 22:00:00+00:00";"33";"46";"76";"2021";"NON";"NON";"200039519";"";"";"";"2021-10-06";"57247";""
"46105";"3432";"PLU";"CC";"2013-03-24 23:00:00+00:00";"2004-05-13 22:00:00+00:00";"33";"46";"76";"2021";"NON";"NON";"46105";"";"";"";"2021-10-06";"64524";""
"46106";"1432";"CC";"CC";"2018-06-03 22:00:00+00:00";"2014-09-28 22:00:00+00:00";"13";"46";"76";"2021";"NON";"NON";"200066371";"";"";"";"2021-10-06";"152038";""
"46107";"1432";"CC";"CC";"2019-04-01 22:00:00+00:00";"2014-10-15 22:00:00+00:00";"13";"46";"76";"2021";"NON";"NON";"46107";"";"";"";"2021-10-06";"152039";""
"46108";"1432";"CC";"CC";"2008-09-21 22:00:00+00:00";"2004-07-18 22:00:00+00:00";"13";"46";"76";"2021";"NON";"NON";"200067361";"";"";"";"2021-10-06";"68188";""
"46109";"3432";"PLU";"CA";"2009-10-11 22:00:00+00:00";"2002-01-28 23:00:00+00:00";"33";"46";"76";"2021";"NON";"NON";"46109";"";"";"";"2021-10-06";"57248";""
"46111";"3432";"PLU";"CC";"2012-02-16 23:00:00+00:00";"2005-06-09 22:00:00+00:00";"33";"46";"76";"2021";"NON";"NON";"200067361";"";"";"";"2021-10-06";"49618";""
"46112";"3432";"PLU";"CA";"2011-11-28 23:00:00+00:00";"2001-11-01 23:00:00+00:00";"33";"46";"76";"2021";"NON";"NON";"46112";"";"";"";"2021-10-06";"49619";""
"46113";"1432";"CC";"CC";"2013-09-01 22:00:00+00:00";"2009-05-31 22:00:00+00:00";"13";"46";"76";"2021";"NON";"NON";"244600573";"";"";"";"2021-10-06";"126523";""
"46115";"1432";"CC";"CC";"2012-02-16 23:00:00+00:00";"2010-11-04 23:00:00+00:00";"13";"46";"76";"2021";"NON";"NON";"200066371";"";"";"";"2021-10-06";"71536";""
"46116";"1432";"CC";"CC";"2010-01-31 23:00:00+00:00";"2007-12-26 23:00:00+00:00";"13";"46";"76";"2021";"NON";"NON";"200067361";"";"";"";"2021-10-06";"71537";""
"46117";"3432";"PLU";"CC";"2004-05-24 22:00:00+00:00";"2001-08-30 22:00:00+00:00";"33";"46";"76";"2021";"NON";"NON";"200066371";"";"";"";"2021-10-06";"52973";""
"46118";"3432";"PLU";"CC";"2014-03-18 23:00:00+00:00";"2011-04-05 22:00:00+00:00";"33";"46";"76";"2021";"NON";"NON";"200066371";"";"";"";"2021-10-06";"71564";""
"46119";"3432";"PLU";"CA";"2011-12-11 23:00:00+00:00";"2006-07-20 22:00:00+00:00";"33";"46";"76";"2021";"NON";"NON";"46119";"";"";"";"2021-10-06";"65186";""
"46120";"3499";"PLU";"CC";"2011-10-26 22:00:00+00:00";"2004-07-19 22:00:00+00:00";"39";"46";"76";"2021";"NON";"NON";"46120";"";"";"";"2021-10-06";"49621";""
"46121";"1432";"CC";"CC";"2013-06-12 22:00:00+00:00";"2010-10-28 22:00:00+00:00";"13";"46";"76";"2021";"NON";"NON";"244600573";"";"";"";"2021-10-06";"66182";""
"46122";"1432";"CC";"CC";"2017-10-26 22:00:00+00:00";"2014-11-25 23:00:00+00:00";"13";"46";"76";"2021";"NON";"NON";"200066371";"";"";"";"2021-10-06";"143189";""
"46123";"3432";"PLU";"CC";"2017-07-09 22:00:00+00:00";"2015-06-10 22:00:00+00:00";"33";"46";"76";"2021";"NON";"NON";"200066371";"";"";"";"2021-10-06";"49622";""
"46124";"3432";"PLU";"CC";"2016-12-21 23:00:00+00:00";"2012-04-03 22:00:00+00:00";"33";"46";"76";"2021";"NON";"NON";"200066371";"";"";"";"2021-10-06";"152280";""
"46126";"1414";"CC";"CC";"2013-02-27 23:00:00+00:00";"2008-10-27 23:00:00+00:00";"11";"46";"76";"2021";"NON";"NON";"46126";"";"";"";"2021-10-06";"126464";""
"46127";"3499";"PLU";"CC";"2010-06-21 22:00:00+00:00";"2003-04-14 22:00:00+00:00";"39";"46";"76";"2021";"NON";"NON";"46127";"";"";"";"2021-10-06";"52974";""
"46128";"3432";"PLU";"CC";"2006-07-09 22:00:00+00:00";"2001-09-16 22:00:00+00:00";"33";"46";"76";"2021";"NON";"NON";"200066371";"";"";"";"2021-10-06";"52979";""
"46129";"1432";"CC";"CC";"2011-07-31 22:00:00+00:00";"2006-10-19 22:00:00+00:00";"13";"46";"76";"2021";"NON";"NON";"200067361";"";"";"";"2021-10-06";"66609";""
"46130";"1432";"CC";"CC";"2014-02-02 23:00:00+00:00";"2002-01-20 23:00:00+00:00";"13";"46";"76";"2021";"NON";"NON";"46130";"";"";"";"2021-10-06";"66184";""
"46131";"1432";"CC";"CC";"2016-04-06 22:00:00+00:00";"2012-10-10 22:00:00+00:00";"13";"46";"76";"2021";"NON";"NON";"200067361";"";"";"";"2021-10-06";"66949";""
"46132";"3432";"PLU";"CC";"2007-03-22 23:00:00+00:00";"2001-11-26 23:00:00+00:00";"33";"46";"76";"2021";"NON";"NON";"200067361";"";"";"";"2021-10-06";"52980";""
"46133";"3432";"PLU";"CC";"2007-05-09 22:00:00+00:00";"2001-09-27 22:00:00+00:00";"33";"46";"76";"2021";"NON";"NON";"200067361";"";"";"";"2021-10-06";"52981";""
"46134";"3432";"PLU";"CA";"2017-07-05 22:00:00+00:00";"2011-10-13 22:00:00+00:00";"33";"46";"76";"2021";"NON";"NON";"46134";"";"";"";"2021-10-06";"117943";""
"46136";"3432";"PLU";"CA";"2018-01-28 23:00:00+00:00";"2011-10-03 22:00:00+00:00";"33";"46";"76";"2021";"NON";"NON";"46136";"";"";"";"2021-10-06";"117929";""
"46137";"3432";"PLU";"CA";"2007-01-10 23:00:00+00:00";"2004-03-10 23:00:00+00:00";"33";"46";"76";"2021";"NON";"NON";"46137";"";"";"";"2021-10-06";"52983";""
"46138";"1432";"CC";"CC";"2011-04-26 22:00:00+00:00";"2002-04-21 22:00:00+00:00";"13";"46";"76";"2021";"NON";"NON";"244600573";"";"";"";"2021-10-06";"66181";""
"46139";"1432";"CC";"CC";"2015-06-28 22:00:00+00:00";"2006-09-14 22:00:00+00:00";"13";"46";"76";"2021";"NON";"NON";"200067361";"";"";"";"2021-10-06";"66950";""
"46140";"1432";"CC";"CC";"2005-05-29 22:00:00+00:00";"2004-01-11 23:00:00+00:00";"13";"46";"76";"2021";"NON";"NON";"46140";"";"";"";"2021-10-06";"68194";""
"46142";"3432";"PLU";"CC";"2009-07-01 22:00:00+00:00";"2004-03-30 22:00:00+00:00";"33";"46";"76";"2021";"NON";"NON";"46142";"";"";"";"2021-10-06";"52996";""
"46144";"3432";"PLU";"CC";"2012-02-06 23:00:00+00:00";"2001-07-12 22:00:00+00:00";"33";"46";"76";"2021";"NON";"NON";"200066371";"";"";"";"2021-10-06";"49624";""
"46145";"3432";"PLU";"CC";"2013-06-24 22:00:00+00:00";"2002-09-23 22:00:00+00:00";"33";"46";"76";"2021";"NON";"NON";"200066371";"";"";"";"2021-10-06";"62465";""
"46147";"1432";"CC";"CC";"2002-06-27 22:00:00+00:00";"2001-04-03 22:00:00+00:00";"13";"46";"76";"2021";"NON";"NON";"46147";"";"";"";"2021-10-06";"68195";""
"46148";"3432";"PLU";"CC";"2007-03-22 23:00:00+00:00";"2001-08-08 22:00:00+00:00";"33";"46";"76";"2021";"NON";"NON";"46148";"";"";"";"2021-10-06";"52984";""
"46149";"3432";"PLU";"CA";"2013-06-23 22:00:00+00:00";"2007-09-04 22:00:00+00:00";"33";"46";"76";"2021";"NON";"NON";"46149";"";"";"";"2021-10-06";"62466";""
"46151";"1499";"CC";"CC";"2009-06-21 22:00:00+00:00";"2002-01-10 23:00:00+00:00";"19";"46";"76";"2021";"NON";"NON";"46151";"";"";"";"2021-10-06";"69487";""
"46153";"3432";"PLU";"CC";"2009-12-27 23:00:00+00:00";"2002-06-24 22:00:00+00:00";"33";"46";"76";"2021";"NON";"NON";"200066371";"";"";"";"2021-10-06";"52985";""
"46155";"3432";"PLU";"CC";"2007-12-25 23:00:00+00:00";"2004-03-28 22:00:00+00:00";"33";"46";"76";"2021";"NON";"NON";"200067361";"";"";"";"2021-10-06";"52986";""
"46156";"3432";"PLU";"CA";"2013-06-19 22:00:00+00:00";"2003-10-16 22:00:00+00:00";"33";"46";"76";"2021";"NON";"NON";"46156";"";"";"";"2021-10-06";"62467";""
"46159";"1432";"CC";"CC";"2014-07-23 22:00:00+00:00";"2012-12-31 23:00:00+00:00";"13";"46";"76";"2021";"NON";"NON";"200066371";"";"";"";"2021-10-06";"152069";""
"46164";"3499";"PLU";"CC";"2018-09-27 22:00:00+00:00";"2015-05-12 22:00:00+00:00";"39";"46";"76";"2021";"NON";"NON";"46164";"";"";"";"2021-10-06";"142903";""
"46165";"3432";"PLU";"CC";"2011-12-08 23:00:00+00:00";"2002-12-05 23:00:00+00:00";"33";"46";"76";"2021";"NON";"NON";"200066371";"";"";"";"2021-10-06";"49625";""
"46167";"1432";"CC";"CC";"2012-03-15 23:00:00+00:00";"2011-06-28 22:00:00+00:00";"13";"46";"76";"2021";"NON";"NON";"244600573";"";"";"";"2021-10-06";"126525";""
"46168";"1432";"CC";"CC";"2014-02-16 23:00:00+00:00";"2010-12-07 23:00:00+00:00";"13";"46";"76";"2021";"NON";"NON";"200067361";"";"";"";"2021-10-06";"152070";""
"46170";"3432";"PLU";"CC";"2014-01-27 23:00:00+00:00";"2009-12-09 23:00:00+00:00";"33";"46";"76";"2021";"NON";"NON";"200067361";"";"";"";"2021-10-06";"62471";""
"46171";"3432";"PLU";"CA";"2016-11-06 23:00:00+00:00";"2011-10-10 22:00:00+00:00";"33";"46";"76";"2021";"NON";"NON";"46171";"";"";"";"2021-10-06";"117945";""
"46173";"3432";"PLU";"CC";"2007-10-10 22:00:00+00:00";"2001-12-19 23:00:00+00:00";"33";"46";"76";"2021";"NON";"NON";"244600532";"";"";"";"2021-10-06";"52988";""
"46174";"3432";"PLU";"CC";"2010-03-17 23:00:00+00:00";"2005-02-03 23:00:00+00:00";"33";"46";"76";"2021";"NON";"NON";"200067361";"";"";"";"2021-10-06";"52982";""
"46176";"3432";"PLU";"CC";"2018-01-16 23:00:00+00:00";"2015-10-25 23:00:00+00:00";"33";"46";"76";"2021";"NON";"NON";"200067361";"";"";"";"2021-10-06";"142908";""
"46177";"3432";"PLU";"CC";"2011-07-28 22:00:00+00:00";"2005-04-06 22:00:00+00:00";"33";"46";"76";"2021";"NON";"NON";"200066371";"";"";"";"2021-10-06";"62468";""
"46178";"3432";"PLU";"CC";"2011-10-07 22:00:00+00:00";"2007-06-07 22:00:00+00:00";"33";"46";"76";"2021";"NON";"NON";"200066371";"";"";"";"2021-10-06";"49627";""
"46179";"1432";"CC";"CC";"2019-02-26 23:00:00+00:00";"2016-11-09 23:00:00+00:00";"13";"46";"76";"2021";"NON";"NON";"46179";"";"";"";"2021-10-06";"152051";""
"46182";"3432";"PLU";"CC";"2010-07-01 22:00:00+00:00";"2008-05-08 22:00:00+00:00";"33";"46";"76";"2021";"NON";"NON";"46182";"";"";"";"2021-10-06";"52992";""
"46185";"3432";"PLU";"CC";"2007-12-05 23:00:00+00:00";"2001-10-22 22:00:00+00:00";"33";"46";"76";"2021";"NON";"NON";"200066371";"";"";"";"2021-10-06";"52993";""
"46186";"1432";"CC";"CC";"2012-01-04 23:00:00+00:00";"2009-12-31 23:00:00+00:00";"13";"46";"76";"2021";"NON";"NON";"200066371";"";"";"";"2021-10-06";"71542";""
"46187";"3432";"PLU";"CC";"2011-10-18 22:00:00+00:00";"2007-11-21 23:00:00+00:00";"33";"46";"76";"2021";"NON";"NON";"46187";"";"";"";"2021-10-06";"62470";""
"46188";"3432";"PLU";"CA";"2017-11-08 23:00:00+00:00";"2011-10-21 22:00:00+00:00";"33";"46";"76";"2021";"NON";"NON";"46188";"";"";"";"2021-10-06";"117957";""
"46189";"1432";"CC";"CC";"2010-12-12 23:00:00+00:00";"2009-12-31 23:00:00+00:00";"13";"46";"76";"2021";"NON";"NON";"200066371";"";"";"";"2021-10-06";"71543";""
"46190";"3432";"PLU";"CA";"2018-01-28 23:00:00+00:00";"2011-10-13 22:00:00+00:00";"33";"46";"76";"2021";"NON";"NON";"46190";"";"";"";"2021-10-06";"118056";""
"46191";"3432";"PLU";"CA";"2010-02-23 23:00:00+00:00";"2001-10-22 22:00:00+00:00";"33";"46";"76";"2021";"NON";"NON";"46191";"";"";"";"2021-10-06";"53012";""
"46192";"3432";"PLU";"CC";"2010-03-02 23:00:00+00:00";"2003-03-05 23:00:00+00:00";"33";"46";"76";"2021";"NON";"NON";"200066371";"";"";"";"2021-10-06";"53014";""
"46193";"3432";"PLU";"CC";"2012-02-19 23:00:00+00:00";"2004-11-08 23:00:00+00:00";"33";"46";"76";"2021";"NON";"NON";"200066371";"";"";"";"2021-10-06";"49628";""
"46194";"1499";"CC";"CC";"2016-02-22 23:00:00+00:00";"2015-04-13 22:00:00+00:00";"19";"46";"76";"2021";"NON";"NON";"46194";"";"";"";"2021-10-06";"152071";""
"46196";"1414";"CC";"CC";"2006-04-02 22:00:00+00:00";"2001-11-22 23:00:00+00:00";"11";"46";"76";"2021";"NON";"NON";"46196";"";"";"";"2021-10-06";"68204";""
"46197";"3432";"PLU";"CA";"2008-02-17 23:00:00+00:00";"2003-09-07 22:00:00+00:00";"33";"46";"76";"2021";"NON";"NON";"46197";"";"";"";"2021-10-06";"53001";""
"46198";"1432";"CC";"CC";"2014-08-31 22:00:00+00:00";"2010-09-29 22:00:00+00:00";"13";"46";"76";"2021";"NON";"NON";"200067361";"";"";"";"2021-10-06";"71545";""
"46199";"1432";"CC";"CC";"2005-11-06 23:00:00+00:00";"2002-01-15 23:00:00+00:00";"13";"46";"76";"2021";"NON";"NON";"46199";"";"";"";"2021-10-06";"68205";""
"46200";"1499";"CC";"CC";"2014-06-25 22:00:00+00:00";"2008-07-15 22:00:00+00:00";"19";"46";"76";"2021";"NON";"NON";"46200";"";"";"";"2021-10-06";"152072";""
"46201";"1432";"CC";"CC";"2012-07-02 22:00:00+00:00";"2010-09-01 22:00:00+00:00";"13";"46";"76";"2021";"NON";"NON";"200039519";"";"";"";"2021-10-06";"126530";""
"46202";"1432";"CC";"CC";"2007-04-01 22:00:00+00:00";"2004-06-07 22:00:00+00:00";"13";"46";"76";"2021";"NON";"NON";"46202";"";"";"";"2021-10-06";"68207";""
"46203";"1432";"CC";"CC";"2011-08-31 22:00:00+00:00";"2007-05-14 22:00:00+00:00";"13";"46";"76";"2021";"NON";"NON";"200067361";"";"";"";"2021-10-06";"71546";""
"46204";"3432";"PLU";"CC";"2013-05-12 22:00:00+00:00";"2001-11-11 23:00:00+00:00";"33";"46";"76";"2021";"NON";"NON";"244600573";"";"";"";"2021-10-06";"49629";""
"46205";"3432";"PLU";"CA";"2016-09-27 22:00:00+00:00";"2011-10-12 22:00:00+00:00";"33";"46";"76";"2021";"NON";"NON";"46205";"";"";"";"2021-10-06";"117964";""
"46206";"1432";"CC";"CC";"2014-01-01 23:00:00+00:00";"2003-12-18 23:00:00+00:00";"13";"46";"76";"2021";"NON";"NON";"200039519";"";"";"";"2021-10-06";"66190";""
"46207";"1432";"CC";"CC";"2013-05-01 22:00:00+00:00";"2010-12-07 23:00:00+00:00";"13";"46";"76";"2021";"NON";"NON";"200067361";"";"";"";"2021-10-06";"71547";""
"46208";"3432";"PLU";"CC";"2005-09-07 22:00:00+00:00";"2001-11-01 23:00:00+00:00";"33";"46";"76";"2021";"NON";"NON";"200066371";"";"";"";"2021-10-06";"53003";""
"46209";"1432";"CC";"CC";"2012-05-28 22:00:00+00:00";"2006-11-30 23:00:00+00:00";"13";"46";"76";"2021";"NON";"NON";"200066371";"";"";"";"2021-10-06";"71548";""
"46211";"3432";"PLU";"CA";"2016-09-27 22:00:00+00:00";"2011-09-21 22:00:00+00:00";"33";"46";"76";"2021";"NON";"NON";"46211";"";"";"";"2021-10-06";"118057";""
"46214";"3432";"PLU";"CC";"2006-04-11 22:00:00+00:00";"2002-09-17 22:00:00+00:00";"33";"46";"76";"2021";"NON";"NON";"46214";"";"";"";"2021-10-06";"53004";""
"46215";"3432";"PLU";"CC";"2011-02-27 23:00:00+00:00";"2005-07-21 22:00:00+00:00";"33";"46";"76";"2021";"NON";"NON";"200066371";"";"";"";"2021-10-06";"49631";""
"46216";"3499";"PLU";"CC";"2016-01-17 23:00:00+00:00";"2008-10-16 22:00:00+00:00";"39";"46";"76";"2021";"NON";"NON";"46216";"";"";"";"2021-10-06";"62474";""
"46217";"3432";"PLU";"CC";"2010-04-08 22:00:00+00:00";"2002-09-12 22:00:00+00:00";"33";"46";"76";"2021";"NON";"NON";"200039519";"";"";"";"2021-10-06";"53015";""
"46218";"3432";"PLU";"CC";"2016-05-22 22:00:00+00:00";"2011-09-07 22:00:00+00:00";"33";"46";"76";"2021";"NON";"NON";"46218";"";"";"";"2021-10-06";"94323";""
"46219";"1499";"CC";"CC";"2014-08-12 22:00:00+00:00";"2011-02-10 23:00:00+00:00";"19";"46";"76";"2021";"NON";"NON";"46219";"";"";"";"2021-10-06";"71550";""
"46220";"3432";"PLU";"CC";"2012-12-13 23:00:00+00:00";"2002-02-13 23:00:00+00:00";"33";"46";"76";"2021";"NON";"NON";"200066371";"";"";"";"2021-10-06";"49632";""
"46221";"3432";"PLU";"CC";"2005-07-19 22:00:00+00:00";"2001-11-15 23:00:00+00:00";"33";"46";"76";"2021";"NON";"NON";"200067361";"";"";"";"2021-10-06";"53005";""
"46222";"1499";"CC";"CC";"2007-07-12 22:00:00+00:00";"2001-12-28 23:00:00+00:00";"19";"46";"76";"2021";"NON";"NON";"46222";"";"";"";"2021-10-06";"68211";""
"46223";"3432";"PLU";"CA";"2017-03-22 23:00:00+00:00";"2011-10-13 22:00:00+00:00";"33";"46";"76";"2021";"NON";"NON";"46223";"";"";"";"2021-10-06";"117972";""
"46224";"3432";"PLU";"CA";"2013-05-22 22:00:00+00:00";"2003-12-17 23:00:00+00:00";"33";"46";"76";"2021";"NON";"NON";"46224";"";"";"";"2021-10-06";"62475";""
"46225";"3432";"PLU";"CC";"2014-01-22 23:00:00+00:00";"2010-09-13 22:00:00+00:00";"33";"46";"76";"2021";"NON";"NON";"46225";"";"";"";"2021-10-06";"71551";""
"46226";"1432";"CC";"CC";"2020-04-15 22:00:00+00:00";"2015-12-14 23:00:00+00:00";"13";"46";"76";"2021";"NON";"NON";"200067361";"";"";"";"2021-10-06";"152053";""
"46228";"3432";"PLU";"CC";"2004-06-10 22:00:00+00:00";"2001-06-28 22:00:00+00:00";"33";"46";"76";"2021";"NON";"NON";"200066371";"";"";"";"2021-10-06";"53006";""
"46229";"3432";"PLU";"CC";"2008-07-01 22:00:00+00:00";"2003-05-29 22:00:00+00:00";"33";"46";"76";"2021";"NON";"NON";"200066371";"";"";"";"2021-10-06";"53007";""
"46231";"3432";"PLU";"CC";"2007-06-19 22:00:00+00:00";"2003-05-11 22:00:00+00:00";"33";"46";"76";"2021";"NON";"NON";"46231";"";"";"";"2021-10-06";"53000";""
"46232";"3332";"PLUi/PLUiS";"CC";"2014-03-06 23:00:00+00:00";"2012-04-10 22:00:00+00:00";"33";"46";"76";"2021";"OUI";"NON";"200066371";"";"";"";"2021-10-06";"118307";""
"46233";"3432";"PLU";"CC";"2012-10-28 23:00:00+00:00";"2004-09-12 22:00:00+00:00";"33";"46";"76";"2021";"NON";"NON";"200067361";"";"";"";"2021-10-06";"49633";""
"46234";"3499";"PLU";"CC";"2008-07-09 22:00:00+00:00";"2004-11-04 23:00:00+00:00";"39";"46";"76";"2021";"NON";"NON";"46234";"";"";"";"2021-10-06";"53017";""
"46235";"1432";"CC";"CC";"2003-05-18 22:00:00+00:00";"2001-10-18 22:00:00+00:00";"13";"46";"76";"2021";"NON";"NON";"200067361";"";"";"";"2021-10-06";"68213";""
"46236";"1432";"CC";"CC";"2008-12-17 23:00:00+00:00";"2004-09-27 22:00:00+00:00";"13";"46";"76";"2021";"NON";"NON";"200066371";"";"";"";"2021-10-06";"69489";""
"46237";"1432";"CC";"CC";"2006-06-11 22:00:00+00:00";"2004-04-14 22:00:00+00:00";"13";"46";"76";"2021";"NON";"NON";"200067361";"";"";"";"2021-10-06";"68214";""
"46240";"3432";"PLU";"CC";"2018-01-15 23:00:00+00:00";"2013-10-13 22:00:00+00:00";"33";"46";"76";"2021";"NON";"NON";"200066371";"";"";"";"2021-10-06";"152283";""
"46242";"3432";"PLU";"CC";"2017-04-05 22:00:00+00:00";"2014-10-05 22:00:00+00:00";"33";"46";"76";"2021";"NON";"NON";"200067361";"";"";"";"2021-10-06";"135514";""
"46243";"1432";"CC";"CC";"2007-09-11 22:00:00+00:00";"2004-07-18 22:00:00+00:00";"13";"46";"76";"2021";"NON";"NON";"200067361";"";"";"";"2021-10-06";"68215";""
"46245";"1432";"CC";"CC";"2006-05-11 22:00:00+00:00";"2002-01-21 23:00:00+00:00";"13";"46";"76";"2021";"NON";"NON";"244600573";"";"";"";"2021-10-06";"68216";""
"46246";"1432";"CC";"CC";"2017-10-26 22:00:00+00:00";"2014-11-09 23:00:00+00:00";"13";"46";"76";"2021";"NON";"NON";"200066371";"";"";"";"2021-10-06";"143233";""
"46251";"3432";"PLU";"CC";"2008-01-17 23:00:00+00:00";"2001-07-01 22:00:00+00:00";"33";"46";"76";"2021";"NON";"NON";"200066371";"";"";"";"2021-10-06";"53009";""
"46253";"3499";"PLU";"CC";"2009-10-01 22:00:00+00:00";"2004-06-03 22:00:00+00:00";"39";"46";"76";"2021";"NON";"NON";"46253";"";"";"";"2021-10-06";"51597";""
"46254";"1432";"CC";"CC";"2018-12-20 23:00:00+00:00";"2011-06-16 22:00:00+00:00";"13";"46";"76";"2021";"NON";"NON";"200067361";"";"";"";"2021-10-06";"94349";""
"46256";"3432";"PLU";"CA";"2012-01-18 23:00:00+00:00";"2002-06-10 22:00:00+00:00";"33";"46";"76";"2021";"NON";"NON";"200023737";"";"";"";"2021-10-06";"49634";""
"46257";"1499";"CC";"CC";"2010-11-28 23:00:00+00:00";"2009-12-31 23:00:00+00:00";"19";"46";"76";"2021";"NON";"NON";"46257";"";"";"";"2021-10-06";"71554";""
"46258";"3499";"PLU";"CC";"2008-04-17 22:00:00+00:00";"2003-04-01 22:00:00+00:00";"39";"46";"76";"2021";"NON";"NON";"46258";"";"";"";"2021-10-06";"53016";""
"46259";"1499";"CC";"CC";"2009-04-07 22:00:00+00:00";"2007-09-27 22:00:00+00:00";"19";"46";"76";"2021";"NON";"NON";"46259";"";"";"";"2021-10-06";"69490";""
"46260";"3432";"PLU";"CC";"2011-08-07 22:00:00+00:00";"2006-03-16 23:00:00+00:00";"33";"46";"76";"2021";"NON";"NON";"200067361";"";"";"";"2021-10-06";"49635";""
"46262";"1432";"CC";"CC";"2013-07-29 22:00:00+00:00";"2008-12-31 23:00:00+00:00";"13";"46";"76";"2021";"NON";"NON";"200039519";"";"";"";"2021-10-06";"71555";""
"46263";"1432";"CC";"CC";"2012-04-02 22:00:00+00:00";"2011-09-15 22:00:00+00:00";"13";"46";"76";"2021";"NON";"NON";"200039519";"";"";"";"2021-10-06";"126528";""
"46264";"1432";"CC";"CA";"2007-12-25 23:00:00+00:00";"2004-06-09 22:00:00+00:00";"13";"46";"76";"2021";"NON";"NON";"46264";"";"";"";"2021-10-06";"68219";""
"46265";"1432";"CC";"CC";"2019-01-20 23:00:00+00:00";"2014-09-15 22:00:00+00:00";"13";"46";"76";"2021";"NON";"NON";"200066371";"";"";"";"2021-10-06";"152059";""
"46266";"3432";"PLU";"CC";"2007-01-04 23:00:00+00:00";"2003-07-10 22:00:00+00:00";"33";"46";"76";"2021";"NON";"NON";"200067361";"";"";"";"2021-10-06";"53020";""
"46267";"3499";"PLU";"CC";"2006-12-20 23:00:00+00:00";"2002-11-05 23:00:00+00:00";"39";"46";"76";"2021";"NON";"NON";"46267";"";"";"";"2021-10-06";"53021";""
"46268";"3432";"PLU";"CA";"2007-12-18 23:00:00+00:00";"2001-11-18 23:00:00+00:00";"33";"46";"76";"2021";"NON";"NON";"200023737";"";"";"";"2021-10-06";"53022";""
"46271";"3432";"PLU";"CC";"2004-02-25 23:00:00+00:00";"2001-05-07 22:00:00+00:00";"33";"46";"76";"2021";"NON";"NON";"200066371";"";"";"";"2021-10-06";"53024";""
"46272";"3432";"PLU";"CC";"2015-05-20 22:00:00+00:00";"2008-11-27 23:00:00+00:00";"33";"46";"76";"2021";"NON";"NON";"200067361";"";"";"";"2021-10-06";"50293";""
"46273";"3432";"PLU";"CC";"2007-01-28 23:00:00+00:00";"2002-03-27 23:00:00+00:00";"33";"46";"76";"2021";"NON";"NON";"200066371";"";"";"";"2021-10-06";"53026";""
"46277";"1432";"CC";"CC";"2014-01-01 23:00:00+00:00";"2001-12-07 23:00:00+00:00";"13";"46";"76";"2021";"NON";"NON";"46277";"";"";"";"2021-10-06";"66194";""
"46279";"3432";"PLU";"CC";"2012-05-31 22:00:00+00:00";"2004-10-03 22:00:00+00:00";"33";"46";"76";"2021";"NON";"NON";"200067361";"";"";"";"2021-10-06";"49637";""
"46280";"3432";"PLU";"CA";"2016-12-11 23:00:00+00:00";"2011-10-12 22:00:00+00:00";"33";"46";"76";"2021";"NON";"NON";"46280";"";"";"";"2021-10-06";"118006";""
"46281";"1432";"CC";"CC";"2012-10-24 22:00:00+00:00";"2002-01-25 23:00:00+00:00";"13";"46";"76";"2021";"NON";"NON";"200066371";"";"";"";"2021-10-06";"66196";""
"46283";"3332";"PLUi/PLUiS";"CC";"2014-03-06 23:00:00+00:00";"2012-04-10 22:00:00+00:00";"33";"46";"76";"2021";"OUI";"NON";"200066371";"";"";"";"2021-10-06";"118307";""
"46284";"3432";"PLU";"CC";"2011-07-07 22:00:00+00:00";"2005-03-03 23:00:00+00:00";"33";"46";"76";"2021";"NON";"NON";"200066371";"";"";"";"2021-10-06";"65134";""
"46288";"3432";"PLU";"CC";"2012-01-26 23:00:00+00:00";"2005-11-23 23:00:00+00:00";"33";"46";"76";"2021";"NON";"NON";"200067361";"";"";"";"2021-10-06";"49638";""
"46289";"1432";"CC";"CC";"2015-10-06 22:00:00+00:00";"2012-09-27 22:00:00+00:00";"13";"46";"76";"2021";"NON";"NON";"200067361";"";"";"";"2021-10-06";"152075";""
"46290";"3499";"PLU";"CC";"2009-11-30 23:00:00+00:00";"2004-03-11 23:00:00+00:00";"39";"46";"76";"2021";"NON";"NON";"46290";"";"";"";"2021-10-06";"53025";""
"46292";"3432";"PLU";"CC";"2007-05-21 22:00:00+00:00";"2003-12-10 23:00:00+00:00";"33";"46";"76";"2021";"NON";"NON";"200067361";"";"";"";"2021-10-06";"53031";""
"46293";"3432";"PLU";"CC";"2017-07-09 22:00:00+00:00";"2014-12-03 23:00:00+00:00";"33";"46";"76";"2021";"NON";"NON";"200066371";"";"";"";"2021-10-06";"134057";""
"46294";"1432";"CC";"CC";"2021-07-04 22:00:00+00:00";"2014-05-19 22:00:00+00:00";"13";"46";"76";"2021";"NON";"NON";"200067361";"";"";"";"2021-10-06";"152061";""
"46295";"1432";"CC";"CC";"2010-12-26 23:00:00+00:00";"2008-07-06 22:00:00+00:00";"13";"46";"76";"2021";"NON";"NON";"200066371";"";"";"";"2021-10-06";"67269";""
"46296";"3432";"PLU";"CC";"2013-02-04 23:00:00+00:00";"2009-04-26 22:00:00+00:00";"33";"46";"76";"2021";"NON";"NON";"46296";"";"";"";"2021-10-06";"65188";""
"46297";"3499";"PLU";"CC";"2020-02-05 23:00:00+00:00";"2014-10-01 22:00:00+00:00";"39";"46";"76";"2021";"NON";"NON";"46297";"";"";"";"2021-10-06";"135515";""
"46299";"1432";"CC";"CC";"2009-02-09 23:00:00+00:00";"2008-08-27 22:00:00+00:00";"13";"46";"76";"2021";"NON";"NON";"200067361";"";"";"";"2021-10-06";"71556";""
"46301";"3432";"PLU";"CC";"2008-02-21 23:00:00+00:00";"2003-03-26 23:00:00+00:00";"33";"46";"76";"2021";"NON";"NON";"46301";"";"";"";"2021-10-06";"53035";""
"46302";"3432";"PLU";"CC";"2004-09-02 22:00:00+00:00";"2001-08-07 22:00:00+00:00";"33";"46";"76";"2021";"NON";"NON";"200067361";"";"";"";"2021-10-06";"53036";""
"46304";"1432";"CC";"CC";"2014-03-27 23:00:00+00:00";"2011-09-28 22:00:00+00:00";"13";"46";"76";"2021";"NON";"NON";"244600573";"";"";"";"2021-10-06";"152076";""
"46305";"1432";"CC";"CC";"2004-08-26 22:00:00+00:00";"2002-03-22 23:00:00+00:00";"13";"46";"76";"2021";"NON";"NON";"46305";"";"";"";"2021-10-06";"68222";""
"46306";"1432";"CC";"CC";"2005-09-22 22:00:00+00:00";"2001-11-29 23:00:00+00:00";"13";"46";"76";"2021";"NON";"NON";"200067361";"";"";"";"2021-10-06";"68223";""
"46307";"3432";"PLU";"CC";"2010-11-18 23:00:00+00:00";"2004-03-04 23:00:00+00:00";"33";"46";"76";"2021";"NON";"NON";"46307";"";"";"";"2021-10-06";"53046";""
"46308";"1499";"CC";"CC";"2011-06-30 22:00:00+00:00";"2009-12-31 23:00:00+00:00";"19";"46";"76";"2021";"NON";"NON";"46308";"";"";"";"2021-10-06";"71559";""
"46309";"3432";"PLU";"CC";"2007-11-01 23:00:00+00:00";"2002-01-31 23:00:00+00:00";"33";"46";"76";"2021";"NON";"NON";"200066371";"";"";"";"2021-10-06";"53037";""
"46311";"3432";"PLU";"CC";"2013-06-25 22:00:00+00:00";"2001-10-18 22:00:00+00:00";"33";"46";"76";"2021";"NON";"NON";"200066371";"";"";"";"2021-10-06";"49639";""
"46312";"3332";"PLUi/PLUiS";"CC";"2014-03-06 23:00:00+00:00";"2012-04-10 22:00:00+00:00";"33";"46";"76";"2021";"OUI";"NON";"200066371";"";"";"";"2021-10-06";"118307";""
"46313";"3432";"PLU";"CC";"2007-05-03 22:00:00+00:00";"2003-05-06 22:00:00+00:00";"33";"46";"76";"2021";"NON";"NON";"200066371";"";"";"";"2021-10-06";"53039";""
"46315";"3432";"PLU";"CC";"2014-04-10 22:00:00+00:00";"2006-05-17 22:00:00+00:00";"33";"46";"76";"2021";"NON";"NON";"200066371";"";"";"";"2021-10-06";"49641";""
"46316";"1499";"CC";"CC";"2012-03-20 23:00:00+00:00";"2006-03-15 23:00:00+00:00";"19";"46";"76";"2021";"NON";"NON";"46316";"";"";"";"2021-10-06";"71562";""
"46317";"3432";"PLU";"CC";"2013-06-19 22:00:00+00:00";"2009-04-15 22:00:00+00:00";"33";"46";"76";"2021";"NON";"NON";"200066371";"";"";"";"2021-10-06";"65189";""
"46318";"3432";"PLU";"CC";"2017-09-25 22:00:00+00:00";"2015-04-09 22:00:00+00:00";"33";"46";"76";"2021";"NON";"NON";"200067361";"";"";"";"2021-10-06";"142913";""
"46319";"1432";"CC";"CC";"2011-02-28 23:00:00+00:00";"2006-11-15 23:00:00+00:00";"13";"46";"76";"2021";"NON";"NON";"200067361";"";"";"";"2021-10-06";"67426";""
"46320";"3432";"PLU";"CA";"2010-11-01 23:00:00+00:00";"2002-12-09 23:00:00+00:00";"33";"46";"76";"2021";"NON";"NON";"200023737";"";"";"";"2021-10-06";"53032";""
"46321";"3432";"PLU";"CC";"2010-04-18 22:00:00+00:00";"2003-06-29 22:00:00+00:00";"33";"46";"76";"2021";"NON";"NON";"46321";"";"";"";"2021-10-06";"53042";""
"46322";"3432";"PLU";"CA";"2012-01-23 23:00:00+00:00";"2005-09-19 22:00:00+00:00";"33";"46";"76";"2021";"NON";"NON";"46322";"";"";"";"2021-10-06";"62477";""
"46324";"3499";"PLU";"CC";"2012-01-13 23:00:00+00:00";"2005-07-03 22:00:00+00:00";"39";"46";"76";"2021";"NON";"NON";"46324";"";"";"";"2021-10-06";"65135";""
"46328";"1432";"CC";"CC";"2004-01-22 23:00:00+00:00";"2001-11-09 23:00:00+00:00";"13";"46";"76";"2021";"NON";"NON";"46328";"";"";"";"2021-10-06";"68226";""
"46329";"1432";"CC";"CC";"2007-07-09 22:00:00+00:00";"2001-10-10 22:00:00+00:00";"13";"46";"76";"2021";"NON";"NON";"46329";"";"";"";"2021-10-06";"68227";""
"46330";"3332";"PLUi/PLUiS";"CC";"2014-03-06 23:00:00+00:00";"2012-04-10 22:00:00+00:00";"33";"46";"76";"2021";"OUI";"NON";"200066371";"";"";"";"2021-10-06";"118307";""
"46333";"1432";"CC";"CC";"2014-02-02 23:00:00+00:00";"2002-10-07 22:00:00+00:00";"13";"46";"76";"2021";"NON";"NON";"46333";"";"";"";"2021-10-06";"66201";""
"46334";"3499";"PLU";"CC";"2007-10-24 22:00:00+00:00";"2001-09-17 22:00:00+00:00";"39";"46";"76";"2021";"NON";"NON";"46334";"";"";"";"2021-10-06";"53044";""
"46335";"3432";"PLU";"CC";"2009-04-27 22:00:00+00:00";"2003-03-26 23:00:00+00:00";"33";"46";"76";"2021";"NON";"NON";"46335";"";"";"";"2021-10-06";"53027";""
"46337";"1432";"CC";"CC";"2013-06-25 22:00:00+00:00";"2010-02-10 23:00:00+00:00";"13";"46";"76";"2021";"NON";"NON";"200066371";"";"";"";"2021-10-06";"126526";""
"46340";"3432";"PLU";"CA";"2007-07-24 22:00:00+00:00";"2001-06-12 22:00:00+00:00";"33";"46";"76";"2021";"NON";"NON";"46340";"";"";"";"2021-10-06";"53047";""
"47001";"3299";"PLUi/PLUiS";"CA";"2017-06-21 22:00:00+00:00";"2013-09-25 22:00:00+00:00";"39";"47";"75";"2021";"NON";"OUI";"200035459";"";"";"";"2021-10-06";"132548";""
"47003";"1131";"CC";"COM";"2008-12-03 23:00:00+00:00";"2006-03-23 23:00:00+00:00";"13";"47";"75";"2021";"NON";"NON";"47003";"";"";"";"2021-10-06";"79488";""
"47004";"3499";"PLU";"CC";"2018-07-10 22:00:00+00:00";"2013-05-27 22:00:00+00:00";"39";"47";"75";"2021";"NON";"NON";"200068922";"";"";"";"2021-10-06";"117221";""
"47006";"3299";"PLUi/PLUiS";"CA";"2018-12-19 23:00:00+00:00";"2015-02-11 23:00:00+00:00";"39";"47";"75";"2021";"NON";"OUI";"200023307";"";"";"";"2021-10-06";"140537";""
"47008";"3499";"PLU";"CC";"2019-05-22 22:00:00+00:00";"2015-02-12 23:00:00+00:00";"39";"47";"75";"2021";"NON";"NON";"200068922";"";"";"";"2021-10-06";"139711";""
"47009";"3432";"PLU";"CC";"2016-07-19 22:00:00+00:00";"2014-05-21 22:00:00+00:00";"33";"47";"75";"2021";"NON";"NON";"200068948";"";"";"";"2021-10-06";"117218";""
"47011";"3399";"PLUi/PLUiS";"CC";"2015-12-09 23:00:00+00:00";"2008-07-21 22:00:00+00:00";"39";"47";"75";"2021";"OUI";"NON";"200068930";"";"";"";"2021-10-06";"71286";""
"47012";"1432";"CC";"CC";"2009-08-25 22:00:00+00:00";"2006-11-26 23:00:00+00:00";"13";"47";"75";"2021";"NON";"NON";"244701355";"";"";"";"2021-10-06";"69495";""
"47015";"3299";"PLUi/PLUiS";"CA";"2017-06-21 22:00:00+00:00";"2013-09-25 22:00:00+00:00";"39";"47";"75";"2021";"NON";"OUI";"200035459";"";"";"";"2021-10-06";"132548";""
"47016";"3299";"PLUi/PLUiS";"CA";"2017-06-21 22:00:00+00:00";"2013-09-25 22:00:00+00:00";"39";"47";"75";"2021";"NON";"OUI";"200035459";"";"";"";"2021-10-06";"132548";""
"47017";"1499";"CC";"CC";"2006-02-27 23:00:00+00:00";"2003-12-21 23:00:00+00:00";"19";"47";"75";"2021";"NON";"NON";"200068930";"";"";"";"2021-10-06";"15102";""
"47018";"1199";"CC";"COM";"2020-07-19 22:00:00+00:00";"2018-02-12 23:00:00+00:00";"19";"47";"75";"2021";"NON";"NON";"47018";"";"";"";"2021-10-06";"161660";""
"47019";"3299";"PLUi/PLUiS";"CA";"2017-06-21 22:00:00+00:00";"2013-09-25 22:00:00+00:00";"39";"47";"75";"2021";"NON";"OUI";"200035459";"";"";"";"2021-10-06";"132548";""
"47020";"1199";"CC";"COM";"2020-10-08 22:00:00+00:00";"2018-03-14 23:00:00+00:00";"19";"47";"75";"2021";"NON";"NON";"47020";"";"";"";"2021-10-06";"162298";""
"47021";"3432";"PLU";"CC";"2008-02-28 23:00:00+00:00";"2002-05-04 22:00:00+00:00";"33";"47";"75";"2021";"NON";"NON";"200068948";"";"";"";"2021-10-06";"73148";""
"47022";"3499";"PLU";"CC";"2019-07-10 22:00:00+00:00";"2013-04-07 22:00:00+00:00";"39";"47";"75";"2021";"NON";"NON";"200068922";"";"";"";"2021-10-06";"122007";""
"47023";"3299";"PLUi/PLUiS";"CC";"2020-02-19 23:00:00+00:00";"2015-01-27 23:00:00+00:00";"39";"47";"75";"2021";"NON";"OUI";"200036523";"";"";"";"2021-10-06";"139139";""
"47024";"3199";"PLU";"COM";"2019-01-28 23:00:00+00:00";"2015-10-11 22:00:00+00:00";"39";"47";"75";"2021";"NON";"NON";"47024";"";"";"";"2021-10-06";"141815";""
"47025";"1199";"CC";"COM";"2011-06-23 22:00:00+00:00";"2005-12-27 23:00:00+00:00";"19";"47";"75";"2021";"NON";"NON";"47025";"";"";"";"2021-10-06";"73215";""
"47026";"3432";"PLU";"CC";"2017-06-18 22:00:00+00:00";"2014-11-11 23:00:00+00:00";"33";"47";"75";"2021";"NON";"NON";"244701355";"";"";"";"2021-10-06";"134138";""
"47027";"3299";"PLUi/PLUiS";"CA";"2018-12-19 23:00:00+00:00";"2015-02-11 23:00:00+00:00";"39";"47";"75";"2021";"NON";"OUI";"200023307";"";"";"";"2021-10-06";"140537";""
"47028";"3199";"PLU";"COM";"2015-11-30 23:00:00+00:00";"2008-11-11 23:00:00+00:00";"39";"47";"75";"2021";"NON";"NON";"47028";"";"";"";"2021-10-06";"73427";""
"47029";"3399";"PLUi/PLUiS";"CC";"2015-12-09 23:00:00+00:00";"2008-07-21 22:00:00+00:00";"39";"47";"75";"2021";"OUI";"NON";"200068930";"";"";"";"2021-10-06";"71286";""
"47031";"3299";"PLUi/PLUiS";"CA";"2017-06-21 22:00:00+00:00";"2013-09-25 22:00:00+00:00";"39";"47";"75";"2021";"NON";"OUI";"200035459";"";"";"";"2021-10-06";"132548";""
"47032";"3299";"PLUi/PLUiS";"CA";"2017-06-21 22:00:00+00:00";"2013-09-25 22:00:00+00:00";"39";"47";"75";"2021";"NON";"OUI";"200035459";"";"";"";"2021-10-06";"132548";""
"47033";"3299";"PLUi/PLUiS";"CC";"2020-02-19 23:00:00+00:00";"2015-01-27 23:00:00+00:00";"39";"47";"75";"2021";"NON";"OUI";"200036523";"";"";"";"2021-10-06";"139139";""
"47034";"1432";"CC";"CC";"2005-09-14 22:00:00+00:00";"2003-08-28 22:00:00+00:00";"13";"47";"75";"2021";"NON";"NON";"244701355";"";"";"";"2021-10-06";"73751";""
"47036";"3399";"PLUi/PLUiS";"CC";"2015-12-09 23:00:00+00:00";"2008-07-21 22:00:00+00:00";"39";"47";"75";"2021";"OUI";"NON";"200068930";"";"";"";"2021-10-06";"71286";""
"47037";"3299";"PLUi/PLUiS";"CC";"2020-02-19 23:00:00+00:00";"2015-01-27 23:00:00+00:00";"39";"47";"75";"2021";"NON";"OUI";"200036523";"";"";"";"2021-10-06";"139139";""
"47038";"3499";"PLU";"CC";"2014-07-28 22:00:00+00:00";"2010-07-25 22:00:00+00:00";"39";"47";"75";"2021";"NON";"NON";"200068922";"";"";"";"2021-10-06";"49330";""
"47039";"3432";"PLU";"CC";"2014-02-12 23:00:00+00:00";"2010-08-30 22:00:00+00:00";"33";"47";"75";"2021";"NON";"NON";"244701355";"";"";"";"2021-10-06";"50295";""
"47040";"3299";"PLUi/PLUiS";"CA";"2017-06-21 22:00:00+00:00";"2013-09-25 22:00:00+00:00";"39";"47";"75";"2021";"NON";"OUI";"200035459";"";"";"";"2021-10-06";"132548";""
"47041";"3432";"PLU";"CC";"2013-06-10 22:00:00+00:00";"2010-09-13 22:00:00+00:00";"33";"47";"75";"2021";"NON";"NON";"200068948";"";"";"";"2021-10-06";"122315";""
"47042";"3299";"PLUi/PLUiS";"CC";"2020-01-27 23:00:00+00:00";"2015-06-01 22:00:00+00:00";"39";"47";"75";"2021";"NON";"OUI";"244701405";"";"";"";"2021-10-06";"145747";""
"47043";"3432";"PLU";"CC";"2019-10-15 22:00:00+00:00";"2015-03-18 23:00:00+00:00";"33";"47";"75";"2021";"NON";"NON";"200068948";"";"";"";"2021-10-06";"138810";""
"47044";"3299";"PLUi/PLUiS";"CC";"2020-02-19 23:00:00+00:00";"2015-01-27 23:00:00+00:00";"39";"47";"75";"2021";"NON";"OUI";"200036523";"";"";"";"2021-10-06";"139139";""
"47045";"1432";"CC";"CC";"2006-10-04 22:00:00+00:00";"2006-03-26 22:00:00+00:00";"13";"47";"75";"2021";"NON";"NON";"200068948";"";"";"";"2021-10-06";"74031";""
"47048";"3299";"PLUi/PLUiS";"CC";"2020-02-19 23:00:00+00:00";"2015-01-27 23:00:00+00:00";"39";"47";"75";"2021";"NON";"OUI";"200036523";"";"";"";"2021-10-06";"139139";""
"47049";"3299";"PLUi/PLUiS";"CA";"2018-12-19 23:00:00+00:00";"2015-02-11 23:00:00+00:00";"39";"47";"75";"2021";"NON";"OUI";"200023307";"";"";"";"2021-10-06";"140537";""
"47050";"3299";"PLUi/PLUiS";"CA";"2018-12-19 23:00:00+00:00";"2015-02-11 23:00:00+00:00";"39";"47";"75";"2021";"NON";"OUI";"200023307";"";"";"";"2021-10-06";"140537";""
"47051";"3299";"PLUi/PLUiS";"CA";"2017-06-21 22:00:00+00:00";"2013-09-25 22:00:00+00:00";"39";"47";"75";"2021";"NON";"OUI";"200035459";"";"";"";"2021-10-06";"132548";""
"47052";"3432";"PLU";"CC";"2001-06-24 22:00:00+00:00";"2001-06-24 22:00:00+00:00";"33";"47";"75";"2021";"NON";"NON";"244701355";"";"";"";"2021-10-06";"74167";""
"47053";"3299";"PLUi/PLUiS";"CA";"2018-12-19 23:00:00+00:00";"2015-02-11 23:00:00+00:00";"39";"47";"75";"2021";"NON";"OUI";"200023307";"";"";"";"2021-10-06";"140537";""
"47054";"3299";"PLUi/PLUiS";"CC";"2020-01-27 23:00:00+00:00";"2015-06-01 22:00:00+00:00";"39";"47";"75";"2021";"NON";"OUI";"244701405";"";"";"";"2021-10-06";"145747";""
"47055";"3299";"PLUi/PLUiS";"CC";"2020-02-19 23:00:00+00:00";"2015-01-27 23:00:00+00:00";"39";"47";"75";"2021";"NON";"OUI";"200036523";"";"";"";"2021-10-06";"139139";""
"47056";"3199";"PLU";"COM";"2018-11-29 23:00:00+00:00";"2013-07-04 22:00:00+00:00";"39";"47";"75";"2021";"NON";"NON";"47056";"";"";"";"2021-10-06";"120686";""
"47057";"3299";"PLUi/PLUiS";"CC";"2020-02-19 23:00:00+00:00";"2015-01-27 23:00:00+00:00";"39";"47";"75";"2021";"NON";"OUI";"200036523";"";"";"";"2021-10-06";"139139";""
"47058";"1432";"CC";"CC";"2006-03-26 22:00:00+00:00";"2003-12-03 23:00:00+00:00";"13";"47";"75";"2021";"NON";"NON";"244701355";"";"";"";"2021-10-06";"15108";""
"47059";"3199";"PLU";"COM";"2018-11-06 23:00:00+00:00";"2013-07-14 22:00:00+00:00";"39";"47";"75";"2021";"NON";"NON";"47059";"";"";"";"2021-10-06";"124559";""
"47060";"3299";"PLUi/PLUiS";"CA";"2017-06-21 22:00:00+00:00";"2013-09-25 22:00:00+00:00";"39";"47";"75";"2021";"NON";"OUI";"200035459";"";"";"";"2021-10-06";"132548";""
"47061";"3199";"PLU";"COM";"2020-06-10 22:00:00+00:00";"2015-12-14 23:00:00+00:00";"39";"47";"75";"2021";"NON";"NON";"47061";"";"";"";"2021-10-06";"144868";""
"47062";"3199";"PLU";"COM";"2013-07-07 22:00:00+00:00";"2010-03-01 23:00:00+00:00";"39";"47";"75";"2021";"NON";"NON";"47062";"";"";"";"2021-10-06";"119477";""
"47063";"3299";"PLUi/PLUiS";"CC";"2020-02-19 23:00:00+00:00";"2015-01-27 23:00:00+00:00";"39";"47";"75";"2021";"NON";"OUI";"200036523";"";"";"";"2021-10-06";"139139";""
"47064";"3399";"PLUi/PLUiS";"CC";"2015-12-09 23:00:00+00:00";"2008-07-21 22:00:00+00:00";"39";"47";"75";"2021";"OUI";"NON";"200068930";"";"";"";"2021-10-06";"71286";""
"47065";"3199";"PLU";"COM";"2019-04-09 22:00:00+00:00";"2013-08-04 22:00:00+00:00";"39";"47";"75";"2021";"NON";"NON";"47065";"";"";"";"2021-10-06";"121984";""
"47066";"3499";"PLU";"CC";"2020-01-27 23:00:00+00:00";"2014-12-15 23:00:00+00:00";"39";"47";"75";"2021";"NON";"NON";"200068922";"";"";"";"2021-10-06";"137894";""
"47067";"3432";"PLU";"CC";"2011-09-28 22:00:00+00:00";"2008-09-02 22:00:00+00:00";"33";"47";"75";"2021";"NON";"NON";"248200016";"";"";"";"2021-10-06";"50041";""
"47068";"3199";"PLU";"COM";"2020-09-01 22:00:00+00:00";"2015-09-06 22:00:00+00:00";"39";"47";"75";"2021";"NON";"NON";"47068";"";"";"";"2021-10-06";"141275";""
"47069";"3299";"PLUi/PLUiS";"CA";"2017-06-21 22:00:00+00:00";"2013-09-25 22:00:00+00:00";"39";"47";"75";"2021";"NON";"OUI";"200035459";"";"";"";"2021-10-06";"132548";""
"47070";"3399";"PLUi/PLUiS";"CC";"2015-12-09 23:00:00+00:00";"2008-07-21 22:00:00+00:00";"39";"47";"75";"2021";"OUI";"NON";"200068930";"";"";"";"2021-10-06";"71286";""
"47071";"3299";"PLUi/PLUiS";"CC";"2020-01-27 23:00:00+00:00";"2015-06-01 22:00:00+00:00";"39";"47";"75";"2021";"NON";"OUI";"244701405";"";"";"";"2021-10-06";"145747";""
"47072";"3399";"PLUi/PLUiS";"CC";"2015-12-09 23:00:00+00:00";"2008-07-21 22:00:00+00:00";"39";"47";"75";"2021";"OUI";"NON";"200068930";"";"";"";"2021-10-06";"71286";""
"47073";"3399";"PLUi/PLUiS";"CC";"2019-09-24 22:00:00+00:00";"2015-12-09 23:00:00+00:00";"39";"47";"75";"2021";"OUI";"NON";"200068922";"";"";"";"2021-10-06";"144338";""
"47075";"3299";"PLUi/PLUiS";"CA";"2018-12-19 23:00:00+00:00";"2015-02-11 23:00:00+00:00";"39";"47";"75";"2021";"NON";"OUI";"200023307";"";"";"";"2021-10-06";"140537";""
"47076";"3299";"PLUi/PLUiS";"CA";"2017-06-21 22:00:00+00:00";"2013-09-25 22:00:00+00:00";"39";"47";"75";"2021";"NON";"OUI";"200035459";"";"";"";"2021-10-06";"132548";""
"47077";"3399";"PLUi/PLUiS";"CC";"2015-12-09 23:00:00+00:00";"2008-07-21 22:00:00+00:00";"39";"47";"75";"2021";"OUI";"NON";"200068930";"";"";"";"2021-10-06";"71286";""
"47078";"3499";"PLU";"CC";"2020-12-13 23:00:00+00:00";"2014-12-15 23:00:00+00:00";"39";"47";"75";"2021";"NON";"NON";"200068922";"";"";"";"2021-10-06";"137897";""
"47079";"1499";"CC";"CC";"2003-10-19 22:00:00+00:00";"2003-01-28 23:00:00+00:00";"19";"47";"75";"2021";"NON";"NON";"200068930";"";"";"";"2021-10-06";"68237";""
"47080";"3299";"PLUi/PLUiS";"CC";"2020-02-19 23:00:00+00:00";"2015-01-27 23:00:00+00:00";"39";"47";"75";"2021";"NON";"OUI";"200036523";"";"";"";"2021-10-06";"139139";""
"47081";"3299";"PLUi/PLUiS";"CA";"2018-12-19 23:00:00+00:00";"2015-02-11 23:00:00+00:00";"39";"47";"75";"2021";"NON";"OUI";"200023307";"";"";"";"2021-10-06";"140537";""
"47082";"3199";"PLU";"COM";"2013-05-23 22:00:00+00:00";"2010-02-21 23:00:00+00:00";"39";"47";"75";"2021";"NON";"NON";"47082";"";"";"";"2021-10-06";"50296";""
"47083";"3299";"PLUi/PLUiS";"CC";"2020-02-19 23:00:00+00:00";"2015-01-27 23:00:00+00:00";"39";"47";"75";"2021";"NON";"OUI";"200036523";"";"";"";"2021-10-06";"139139";""
"47084";"3299";"PLUi/PLUiS";"CC";"2020-02-19 23:00:00+00:00";"2015-01-27 23:00:00+00:00";"39";"47";"75";"2021";"NON";"OUI";"200036523";"";"";"";"2021-10-06";"139139";""
"47085";"3432";"PLU";"CC";"2013-11-13 23:00:00+00:00";"2010-06-08 22:00:00+00:00";"33";"47";"75";"2021";"NON";"NON";"244701355";"";"";"";"2021-10-06";"50297";""
"47086";"3199";"PLU";"COM";"2020-01-30 23:00:00+00:00";"2016-04-07 22:00:00+00:00";"39";"47";"75";"2021";"NON";"NON";"47086";"";"";"";"2021-10-06";"148175";""
"47088";"3199";"PLU";"COM";"2015-11-29 23:00:00+00:00";"2009-11-22 23:00:00+00:00";"39";"47";"75";"2021";"NON";"NON";"47088";"";"";"";"2021-10-06";"74715";""
"47089";"1199";"CC";"COM";"2021-02-24 23:00:00+00:00";"2018-03-15 23:00:00+00:00";"19";"47";"75";"2021";"NON";"NON";"47089";"";"";"";"2021-10-06";"161659";""
"47091";"3299";"PLUi/PLUiS";"CA";"2017-06-21 22:00:00+00:00";"2013-09-25 22:00:00+00:00";"39";"47";"75";"2021";"NON";"OUI";"200035459";"";"";"";"2021-10-06";"132548";""
"47092";"3299";"PLUi/PLUiS";"CA";"2017-06-21 22:00:00+00:00";"2013-09-25 22:00:00+00:00";"39";"47";"75";"2021";"NON";"OUI";"200035459";"";"";"";"2021-10-06";"132548";""
"47093";"3432";"PLU";"CC";"2014-02-06 23:00:00+00:00";"2008-08-17 22:00:00+00:00";"33";"47";"75";"2021";"NON";"NON";"244701355";"";"";"";"2021-10-06";"50299";""
"47094";"3199";"PLU";"COM";"2014-02-09 23:00:00+00:00";"2008-06-30 22:00:00+00:00";"39";"47";"75";"2021";"NON";"NON";"47094";"";"";"";"2021-10-06";"50300";""
"47095";"3199";"PLU";"COM";"2019-02-26 23:00:00+00:00";"2013-09-03 22:00:00+00:00";"39";"47";"75";"2021";"NON";"NON";"47095";"";"";"";"2021-10-06";"124547";""
"47096";"3299";"PLUi/PLUiS";"CC";"2020-02-19 23:00:00+00:00";"2015-01-27 23:00:00+00:00";"39";"47";"75";"2021";"NON";"OUI";"200036523";"";"";"";"2021-10-06";"139139";""
"47097";"3432";"PLU";"CC";"2020-01-21 23:00:00+00:00";"2015-04-08 22:00:00+00:00";"33";"47";"75";"2021";"NON";"NON";"200068948";"";"";"";"2021-10-06";"138701";""
"47098";"1432";"CC";"CC";"2008-11-09 23:00:00+00:00";"2006-11-22 23:00:00+00:00";"13";"47";"75";"2021";"NON";"NON";"200068948";"";"";"";"2021-10-06";"69502";""
"47099";"3299";"PLUi/PLUiS";"CA";"2018-12-19 23:00:00+00:00";"2015-02-11 23:00:00+00:00";"39";"47";"75";"2021";"NON";"OUI";"200023307";"";"";"";"2021-10-06";"140537";""
"47100";"3299";"PLUi/PLUiS";"CA";"2017-06-21 22:00:00+00:00";"2013-09-25 22:00:00+00:00";"39";"47";"75";"2021";"NON";"OUI";"200035459";"";"";"";"2021-10-06";"132548";""
"47101";"3199";"PLU";"COM";"2017-09-03 22:00:00+00:00";"2008-12-10 23:00:00+00:00";"39";"47";"75";"2021";"NON";"NON";"47101";"";"";"";"2021-10-06";"62488";""
"47102";"1432";"CC";"CC";"2006-01-18 23:00:00+00:00";"2004-09-22 22:00:00+00:00";"13";"47";"75";"2021";"NON";"NON";"200068948";"";"";"";"2021-10-06";"15790";""
"47103";"1432";"CC";"CC";"2011-03-22 23:00:00+00:00";"2004-11-08 23:00:00+00:00";"13";"47";"75";"2021";"NON";"NON";"200068948";"";"";"";"2021-10-06";"66204";""
"47104";"3499";"PLU";"CC";"2014-03-02 23:00:00+00:00";"2010-06-15 22:00:00+00:00";"39";"47";"75";"2021";"NON";"NON";"200068922";"";"";"";"2021-10-06";"50442";""
"47105";"3499";"PLU";"CC";"2016-11-14 23:00:00+00:00";"2011-12-08 23:00:00+00:00";"39";"47";"75";"2021";"NON";"NON";"200068930";"";"";"";"2021-10-06";"97438";""
"47106";"3399";"PLUi/PLUiS";"CC";"2015-12-09 23:00:00+00:00";"2008-07-21 22:00:00+00:00";"39";"47";"75";"2021";"OUI";"NON";"200068930";"";"";"";"2021-10-06";"71286";""
"47107";"3499";"PLU";"CC";"2014-11-17 23:00:00+00:00";"2010-06-23 22:00:00+00:00";"39";"47";"75";"2021";"NON";"NON";"200068922";"";"";"";"2021-10-06";"75005";""
"47109";"3299";"PLUi/PLUiS";"CC";"2020-02-19 23:00:00+00:00";"2015-01-27 23:00:00+00:00";"39";"47";"75";"2021";"NON";"OUI";"200036523";"";"";"";"2021-10-06";"139139";""
"47110";"3199";"PLU";"COM";"2015-09-15 22:00:00+00:00";"2011-10-05 22:00:00+00:00";"39";"47";"75";"2021";"NON";"NON";"47110";"";"";"";"2021-10-06";"79686";""
"47111";"3399";"PLUi/PLUiS";"CC";"2019-09-24 22:00:00+00:00";"2015-12-09 23:00:00+00:00";"39";"47";"75";"2021";"OUI";"NON";"200068922";"";"";"";"2021-10-06";"144338";""
"47112";"3199";"PLU";"COM";"2018-06-14 22:00:00+00:00";"2013-08-07 22:00:00+00:00";"39";"47";"75";"2021";"NON";"NON";"47112";"";"";"";"2021-10-06";"124557";""
"47113";"3432";"PLU";"CC";"2011-10-11 22:00:00+00:00";"2008-09-18 22:00:00+00:00";"33";"47";"75";"2021";"NON";"NON";"248200016";"";"";"";"2021-10-06";"50444";""
"47117";"3299";"PLUi/PLUiS";"CA";"2018-12-19 23:00:00+00:00";"2015-02-11 23:00:00+00:00";"39";"47";"75";"2021";"NON";"OUI";"200023307";"";"";"";"2021-10-06";"140537";""
"47118";"3299";"PLUi/PLUiS";"CC";"2020-01-27 23:00:00+00:00";"2015-06-01 22:00:00+00:00";"39";"47";"75";"2021";"NON";"OUI";"244701405";"";"";"";"2021-10-06";"145747";""
"47122";"3299";"PLUi/PLUiS";"CC";"2020-01-27 23:00:00+00:00";"2015-06-01 22:00:00+00:00";"39";"47";"75";"2021";"NON";"OUI";"244701405";"";"";"";"2021-10-06";"145747";""
"47123";"3399";"PLUi/PLUiS";"CC";"2015-12-09 23:00:00+00:00";"2008-07-21 22:00:00+00:00";"39";"47";"75";"2021";"OUI";"NON";"200068930";"";"";"";"2021-10-06";"71286";""
"47124";"3299";"PLUi/PLUiS";"CC";"2020-02-19 23:00:00+00:00";"2015-01-27 23:00:00+00:00";"39";"47";"75";"2021";"NON";"OUI";"200036523";"";"";"";"2021-10-06";"139139";""
"47125";"3399";"PLUi/PLUiS";"CC";"2019-09-24 22:00:00+00:00";"2015-12-09 23:00:00+00:00";"39";"47";"75";"2021";"OUI";"NON";"200068922";"";"";"";"2021-10-06";"144338";""
"47127";"3199";"PLU";"COM";"2018-08-23 22:00:00+00:00";"2013-07-18 22:00:00+00:00";"39";"47";"75";"2021";"NON";"NON";"47127";"";"";"";"2021-10-06";"124561";""
"47128";"3299";"PLUi/PLUiS";"CA";"2017-06-21 22:00:00+00:00";"2013-09-25 22:00:00+00:00";"39";"47";"75";"2021";"NON";"OUI";"200035459";"";"";"";"2021-10-06";"132548";""
"47129";"3499";"PLU";"CC";"2018-07-10 22:00:00+00:00";"2013-05-05 22:00:00+00:00";"39";"47";"75";"2021";"NON";"NON";"200068922";"";"";"";"2021-10-06";"122014";""
"47130";"3199";"PLU";"COM";"2020-02-20 23:00:00+00:00";"2015-12-17 23:00:00+00:00";"39";"47";"75";"2021";"NON";"NON";"47130";"";"";"";"2021-10-06";"144143";""
"47131";"3199";"PLU";"COM";"2018-10-28 23:00:00+00:00";"2013-09-02 22:00:00+00:00";"39";"47";"75";"2021";"NON";"NON";"47131";"";"";"";"2021-10-06";"124556";""
"47132";"3299";"PLUi/PLUiS";"CC";"2020-02-19 23:00:00+00:00";"2015-01-27 23:00:00+00:00";"39";"47";"75";"2021";"NON";"OUI";"200036523";"";"";"";"2021-10-06";"139139";""
"47133";"3432";"PLU";"CC";"2019-12-25 23:00:00+00:00";"2009-09-24 22:00:00+00:00";"33";"47";"75";"2021";"NON";"NON";"200068948";"";"";"";"2021-10-06";"65274";""
"47134";"3332";"PLUi/PLUiS";"CC";"2016-03-13 23:00:00+00:00";"2009-10-26 23:00:00+00:00";"33";"47";"75";"2021";"OUI";"NON";"200068948";"";"";"";"2021-10-06";"71509";""
"47135";"3299";"PLUi/PLUiS";"CC";"2020-01-27 23:00:00+00:00";"2015-06-01 22:00:00+00:00";"39";"47";"75";"2021";"NON";"OUI";"244701405";"";"";"";"2021-10-06";"145747";""
"47137";"3299";"PLUi/PLUiS";"CA";"2017-06-21 22:00:00+00:00";"2013-09-25 22:00:00+00:00";"39";"47";"75";"2021";"NON";"OUI";"200035459";"";"";"";"2021-10-06";"132548";""
"47138";"3299";"PLUi/PLUiS";"CA";"2018-12-19 23:00:00+00:00";"2015-02-11 23:00:00+00:00";"39";"47";"75";"2021";"NON";"OUI";"200023307";"";"";"";"2021-10-06";"140537";""
"47140";"3399";"PLUi/PLUiS";"CC";"2019-09-24 22:00:00+00:00";"2015-12-09 23:00:00+00:00";"39";"47";"75";"2021";"OUI";"NON";"200068922";"";"";"";"2021-10-06";"144338";""
"47141";"3299";"PLUi/PLUiS";"CC";"2020-02-19 23:00:00+00:00";"2015-01-27 23:00:00+00:00";"39";"47";"75";"2021";"NON";"OUI";"200036523";"";"";"";"2021-10-06";"139139";""
"47142";"3199";"PLU";"COM";"2013-12-05 23:00:00+00:00";"2007-06-26 22:00:00+00:00";"39";"47";"75";"2021";"NON";"NON";"47142";"";"";"";"2021-10-06";"49643";""
"47143";"3432";"PLU";"CC";"2014-07-30 22:00:00+00:00";"2009-11-09 23:00:00+00:00";"33";"47";"75";"2021";"NON";"NON";"200068948";"";"";"";"2021-10-06";"62492";""
"47144";"1199";"CC";"COM";"2006-10-12 22:00:00+00:00";"2005-07-07 22:00:00+00:00";"19";"47";"75";"2021";"NON";"NON";"47144";"";"";"";"2021-10-06";"75992";""
"47145";"3299";"PLUi/PLUiS";"CA";"2017-06-21 22:00:00+00:00";"2013-09-25 22:00:00+00:00";"39";"47";"75";"2021";"NON";"OUI";"200035459";"";"";"";"2021-10-06";"132548";""
"47146";"3299";"PLUi/PLUiS";"CA";"2018-12-19 23:00:00+00:00";"2015-02-11 23:00:00+00:00";"39";"47";"75";"2021";"NON";"OUI";"200023307";"";"";"";"2021-10-06";"140537";""
"47147";"1199";"CC";"COM";"2005-12-22 23:00:00+00:00";"2001-11-28 23:00:00+00:00";"19";"47";"75";"2021";"NON";"NON";"47147";"";"";"";"2021-10-06";"15792";""
"47150";"1199";"CC";"COM";"2008-04-20 22:00:00+00:00";"2006-01-11 23:00:00+00:00";"19";"47";"75";"2021";"NON";"NON";"47150";"";"";"";"2021-10-06";"69498";""
"47151";"1199";"CC";"COM";"2020-07-14 22:00:00+00:00";"2018-03-14 23:00:00+00:00";"19";"47";"75";"2021";"NON";"NON";"47151";"";"";"";"2021-10-06";"162299";""
"47152";"3299";"PLUi/PLUiS";"CC";"2020-02-19 23:00:00+00:00";"2015-01-27 23:00:00+00:00";"39";"47";"75";"2021";"NON";"OUI";"200036523";"";"";"";"2021-10-06";"139139";""
"47154";"3399";"PLUi/PLUiS";"CC";"2019-09-24 22:00:00+00:00";"2015-12-09 23:00:00+00:00";"39";"47";"75";"2021";"OUI";"NON";"200068922";"";"";"";"2021-10-06";"144338";""
"47155";"3399";"PLUi/PLUiS";"CC";"2019-09-24 22:00:00+00:00";"2015-12-09 23:00:00+00:00";"39";"47";"75";"2021";"OUI";"NON";"200068922";"";"";"";"2021-10-06";"144338";""
"47156";"3199";"PLU";"COM";"2020-07-29 22:00:00+00:00";"2015-09-03 22:00:00+00:00";"39";"47";"75";"2021";"NON";"NON";"47156";"";"";"";"2021-10-06";"141071";""
"47157";"3199";"PLU";"COM";"2020-11-15 23:00:00+00:00";"2015-11-01 23:00:00+00:00";"39";"47";"75";"2021";"NON";"NON";"47157";"";"";"";"2021-10-06";"142231";""
"47158";"3299";"PLUi/PLUiS";"CA";"2017-06-21 22:00:00+00:00";"2013-09-25 22:00:00+00:00";"39";"47";"75";"2021";"NON";"OUI";"200035459";"";"";"";"2021-10-06";"132548";""
"47159";"3199";"PLU";"COM";"2020-02-18 23:00:00+00:00";"2015-12-15 23:00:00+00:00";"39";"47";"75";"2021";"NON";"NON";"47159";"";"";"";"2021-10-06";"144171";""
"47160";"3399";"PLUi/PLUiS";"CC";"2015-12-09 23:00:00+00:00";"2008-07-21 22:00:00+00:00";"39";"47";"75";"2021";"OUI";"NON";"200068930";"";"";"";"2021-10-06";"71286";""
"47162";"1499";"CC";"CC";"2010-06-02 22:00:00+00:00";"2006-04-24 22:00:00+00:00";"19";"47";"75";"2021";"NON";"NON";"200068930";"";"";"";"2021-10-06";"69500";""
"47163";"3199";"PLU";"COM";"2019-03-18 23:00:00+00:00";"2015-10-12 22:00:00+00:00";"39";"47";"75";"2021";"NON";"NON";"47163";"";"";"";"2021-10-06";"141939";""
"47164";"3299";"PLUi/PLUiS";"CC";"2020-02-19 23:00:00+00:00";"2015-01-27 23:00:00+00:00";"39";"47";"75";"2021";"NON";"OUI";"200036523";"";"";"";"2021-10-06";"139139";""
"47165";"3199";"PLU";"COM";"2020-07-03 22:00:00+00:00";"2015-09-25 22:00:00+00:00";"39";"47";"75";"2021";"NON";"NON";"47165";"";"";"";"2021-10-06";"141430";""
"47167";"3332";"PLUi/PLUiS";"CC";"2016-03-13 23:00:00+00:00";"2009-10-26 23:00:00+00:00";"33";"47";"75";"2021";"OUI";"NON";"200068948";"";"";"";"2021-10-06";"71509";""
"47168";"3199";"PLU";"COM";"2018-04-04 22:00:00+00:00";"2010-11-28 23:00:00+00:00";"39";"47";"75";"2021";"NON";"NON";"47168";"";"";"";"2021-10-06";"107163";""
"47169";"3299";"PLUi/PLUiS";"CA";"2017-06-21 22:00:00+00:00";"2013-09-25 22:00:00+00:00";"39";"47";"75";"2021";"NON";"OUI";"200035459";"";"";"";"2021-10-06";"132548";""
"47170";"3299";"PLUi/PLUiS";"CC";"2020-02-19 23:00:00+00:00";"2015-01-27 23:00:00+00:00";"39";"47";"75";"2021";"NON";"OUI";"200036523";"";"";"";"2021-10-06";"139139";""
"47171";"3299";"PLUi/PLUiS";"CA";"2018-12-19 23:00:00+00:00";"2015-02-11 23:00:00+00:00";"39";"47";"75";"2021";"NON";"OUI";"200023307";"";"";"";"2021-10-06";"140537";""
"47172";"1432";"CC";"CC";"2005-11-22 23:00:00+00:00";"2002-09-05 22:00:00+00:00";"13";"47";"75";"2021";"NON";"NON";"200068948";"";"";"";"2021-10-06";"15793";""
"47173";"3299";"PLUi/PLUiS";"CC";"2020-01-27 23:00:00+00:00";"2015-06-01 22:00:00+00:00";"39";"47";"75";"2021";"NON";"OUI";"244701405";"";"";"";"2021-10-06";"145747";""
"47174";"1432";"CC";"CC";"2006-01-18 23:00:00+00:00";"2002-09-29 22:00:00+00:00";"13";"47";"75";"2021";"NON";"NON";"200068948";"";"";"";"2021-10-06";"15795";""
"47175";"3299";"PLUi/PLUiS";"CC";"2020-02-19 23:00:00+00:00";"2015-01-27 23:00:00+00:00";"39";"47";"75";"2021";"NON";"OUI";"200036523";"";"";"";"2021-10-06";"139139";""
"47176";"1432";"CC";"CC";"2009-01-12 23:00:00+00:00";"2006-04-06 22:00:00+00:00";"13";"47";"75";"2021";"NON";"NON";"200068948";"";"";"";"2021-10-06";"69504";""
"47178";"3299";"PLUi/PLUiS";"CC";"2020-02-19 23:00:00+00:00";"2015-01-27 23:00:00+00:00";"39";"47";"75";"2021";"NON";"OUI";"200036523";"";"";"";"2021-10-06";"139139";""
"47179";"3399";"PLUi/PLUiS";"CC";"2015-12-09 23:00:00+00:00";"2008-07-21 22:00:00+00:00";"39";"47";"75";"2021";"OUI";"NON";"200068930";"";"";"";"2021-10-06";"71286";""
"47180";"1432";"CC";"CC";"2003-09-02 22:00:00+00:00";"2001-12-03 23:00:00+00:00";"13";"47";"75";"2021";"NON";"NON";"200068948";"";"";"";"2021-10-06";"68243";""
"47181";"3299";"PLUi/PLUiS";"CC";"2020-02-19 23:00:00+00:00";"2015-01-27 23:00:00+00:00";"39";"47";"75";"2021";"NON";"OUI";"200036523";"";"";"";"2021-10-06";"139139";""
"47182";"3299";"PLUi/PLUiS";"CC";"2020-01-27 23:00:00+00:00";"2015-06-01 22:00:00+00:00";"39";"47";"75";"2021";"NON";"OUI";"244701405";"";"";"";"2021-10-06";"145747";""
"47183";"3299";"PLUi/PLUiS";"CC";"2020-02-19 23:00:00+00:00";"2015-01-27 23:00:00+00:00";"39";"47";"75";"2021";"NON";"OUI";"200036523";"";"";"";"2021-10-06";"139139";""
"47184";"3299";"PLUi/PLUiS";"CC";"2020-02-19 23:00:00+00:00";"2015-01-27 23:00:00+00:00";"39";"47";"75";"2021";"NON";"OUI";"200036523";"";"";"";"2021-10-06";"139139";""
"47185";"3399";"PLUi/PLUiS";"CC";"2015-12-09 23:00:00+00:00";"2008-07-21 22:00:00+00:00";"39";"47";"75";"2021";"OUI";"NON";"200068930";"";"";"";"2021-10-06";"71286";""
"47186";"3432";"PLU";"CC";"2017-12-12 23:00:00+00:00";"2014-07-16 22:00:00+00:00";"33";"47";"75";"2021";"NON";"NON";"200068948";"";"";"";"2021-10-06";"130551";""
"47187";"1199";"CC";"COM";"2007-08-22 22:00:00+00:00";"2007-02-28 23:00:00+00:00";"19";"47";"75";"2021";"NON";"NON";"47187";"";"";"";"2021-10-06";"68244";""
"47190";"3399";"PLUi/PLUiS";"CC";"2019-09-24 22:00:00+00:00";"2015-12-09 23:00:00+00:00";"39";"47";"75";"2021";"OUI";"NON";"200068922";"";"";"";"2021-10-06";"144338";""
"47191";"3199";"PLU";"COM";"2019-12-09 23:00:00+00:00";"2015-09-14 22:00:00+00:00";"39";"47";"75";"2021";"NON";"NON";"47191";"";"";"";"2021-10-06";"141273";""
"47192";"3299";"PLUi/PLUiS";"CC";"2020-02-19 23:00:00+00:00";"2015-01-27 23:00:00+00:00";"39";"47";"75";"2021";"NON";"OUI";"200036523";"";"";"";"2021-10-06";"139139";""
"47193";"3299";"PLUi/PLUiS";"CC";"2020-02-19 23:00:00+00:00";"2015-01-27 23:00:00+00:00";"39";"47";"75";"2021";"NON";"OUI";"200036523";"";"";"";"2021-10-06";"139139";""
"47194";"1199";"CC";"COM";"2012-11-11 23:00:00+00:00";"2010-05-19 22:00:00+00:00";"19";"47";"75";"2021";"NON";"NON";"47194";"";"";"";"2021-10-06";"67453";""
"47195";"3432";"PLU";"CC";"2017-03-21 23:00:00+00:00";"2011-05-25 22:00:00+00:00";"33";"47";"75";"2021";"NON";"NON";"200068948";"";"";"";"2021-10-06";"62496";""
"47197";"1432";"CC";"CC";"2007-11-19 23:00:00+00:00";"2006-05-07 22:00:00+00:00";"13";"47";"75";"2021";"NON";"NON";"200068948";"";"";"";"2021-10-06";"68246";""
"47198";"3299";"PLUi/PLUiS";"CC";"2020-02-19 23:00:00+00:00";"2015-01-27 23:00:00+00:00";"39";"47";"75";"2021";"NON";"OUI";"200036523";"";"";"";"2021-10-06";"139139";""
"47199";"1199";"CC";"COM";"2020-05-10 22:00:00+00:00";"2018-03-04 23:00:00+00:00";"19";"47";"75";"2021";"NON";"NON";"47199";"";"";"";"2021-10-06";"161899";""
"47200";"3299";"PLUi/PLUiS";"CC";"2020-02-19 23:00:00+00:00";"2015-01-27 23:00:00+00:00";"39";"47";"75";"2021";"NON";"OUI";"200036523";"";"";"";"2021-10-06";"139139";""
"47201";"3299";"PLUi/PLUiS";"CA";"2017-06-21 22:00:00+00:00";"2013-09-25 22:00:00+00:00";"39";"47";"75";"2021";"NON";"OUI";"200035459";"";"";"";"2021-10-06";"132548";""
"47202";"3299";"PLUi/PLUiS";"CC";"2020-02-19 23:00:00+00:00";"2015-01-27 23:00:00+00:00";"39";"47";"75";"2021";"NON";"OUI";"200036523";"";"";"";"2021-10-06";"139139";""
"47203";"3499";"PLU";"CC";"2017-06-21 22:00:00+00:00";"2010-03-30 22:00:00+00:00";"39";"47";"75";"2021";"NON";"NON";"200068930";"";"";"";"2021-10-06";"62498";""
"47204";"1131";"CC";"COM";"2007-11-21 23:00:00+00:00";"2005-01-26 23:00:00+00:00";"13";"47";"75";"2021";"NON";"NON";"47204";"";"";"";"2021-10-06";"15124";""
"47205";"3432";"PLU";"CC";"2017-06-18 22:00:00+00:00";"2014-11-18 23:00:00+00:00";"33";"47";"75";"2021";"NON";"NON";"244701355";"";"";"";"2021-10-06";"145749";""
"47206";"3299";"PLUi/PLUiS";"CC";"2020-01-27 23:00:00+00:00";"2015-06-01 22:00:00+00:00";"39";"47";"75";"2021";"NON";"OUI";"244701405";"";"";"";"2021-10-06";"145747";""
"47207";"3432";"PLU";"CC";"2017-03-21 23:00:00+00:00";"2014-01-30 23:00:00+00:00";"33";"47";"75";"2021";"NON";"NON";"200068948";"";"";"";"2021-10-06";"130375";""
"47208";"3432";"PLU";"CC";"2011-06-16 22:00:00+00:00";"2010-02-11 23:00:00+00:00";"33";"47";"75";"2021";"NON";"NON";"244701355";"";"";"";"2021-10-06";"49644";""
"47209";"3299";"PLUi/PLUiS";"CA";"2017-06-21 22:00:00+00:00";"2013-09-25 22:00:00+00:00";"39";"47";"75";"2021";"NON";"OUI";"200035459";"";"";"";"2021-10-06";"132548";""
"47210";"3499";"PLU";"CC";"2018-07-10 22:00:00+00:00";"2013-04-14 22:00:00+00:00";"39";"47";"75";"2021";"NON";"NON";"200068922";"";"";"";"2021-10-06";"122013";""
"47211";"3332";"PLUi/PLUiS";"CC";"2016-03-13 23:00:00+00:00";"2009-10-26 23:00:00+00:00";"33";"47";"75";"2021";"OUI";"NON";"200068948";"";"";"";"2021-10-06";"71509";""
"47212";"1432";"CC";"CC";"2006-11-29 23:00:00+00:00";"2004-01-28 23:00:00+00:00";"13";"47";"75";"2021";"NON";"NON";"244701355";"";"";"";"2021-10-06";"15127";""
"47213";"3399";"PLUi/PLUiS";"CC";"2019-09-24 22:00:00+00:00";"2015-12-09 23:00:00+00:00";"39";"47";"75";"2021";"OUI";"NON";"200068922";"";"";"";"2021-10-06";"144338";""
"47214";"3499";"PLU";"CC";"2019-10-23 22:00:00+00:00";"2014-12-14 23:00:00+00:00";"39";"47";"75";"2021";"NON";"NON";"200068922";"";"";"";"2021-10-06";"137895";""
"47215";"3299";"PLUi/PLUiS";"CA";"2018-12-19 23:00:00+00:00";"2015-02-11 23:00:00+00:00";"39";"47";"75";"2021";"NON";"OUI";"200023307";"";"";"";"2021-10-06";"140537";""
"47216";"3199";"PLU";"COM";"2020-03-02 23:00:00+00:00";"2015-11-30 23:00:00+00:00";"39";"47";"75";"2021";"NON";"NON";"47216";"";"";"";"2021-10-06";"144161";""
"47217";"3199";"PLU";"COM";"2018-05-14 22:00:00+00:00";"2015-06-08 22:00:00+00:00";"39";"47";"75";"2021";"NON";"NON";"47217";"";"";"";"2021-10-06";"139702";""
"47219";"3299";"PLUi/PLUiS";"CC";"2020-02-19 23:00:00+00:00";"2015-01-27 23:00:00+00:00";"39";"47";"75";"2021";"NON";"OUI";"200036523";"";"";"";"2021-10-06";"139139";""
"47220";"3499";"PLU";"CC";"2020-01-15 23:00:00+00:00";"2014-12-21 23:00:00+00:00";"39";"47";"75";"2021";"NON";"NON";"200068922";"";"";"";"2021-10-06";"139701";""
"47221";"3332";"PLUi/PLUiS";"CC";"2016-03-13 23:00:00+00:00";"2009-10-26 23:00:00+00:00";"33";"47";"75";"2021";"OUI";"NON";"200068948";"";"";"";"2021-10-06";"71509";""
"47222";"1432";"CC";"CC";"2006-11-29 23:00:00+00:00";"2005-04-06 22:00:00+00:00";"13";"47";"75";"2021";"NON";"NON";"244701355";"";"";"";"2021-10-06";"68251";""
"47223";"3299";"PLUi/PLUiS";"CC";"2020-02-19 23:00:00+00:00";"2015-01-27 23:00:00+00:00";"39";"47";"75";"2021";"NON";"OUI";"200036523";"";"";"";"2021-10-06";"139139";""
"47225";"3299";"PLUi/PLUiS";"CA";"2017-06-21 22:00:00+00:00";"2013-09-25 22:00:00+00:00";"39";"47";"75";"2021";"NON";"OUI";"200035459";"";"";"";"2021-10-06";"132548";""
"47226";"1199";"CC";"COM";"2009-04-08 22:00:00+00:00";"2004-06-02 22:00:00+00:00";"19";"47";"75";"2021";"NON";"NON";"47226";"";"";"";"2021-10-06";"15131";""
"47227";"3432";"PLU";"CC";"2014-01-30 23:00:00+00:00";"2009-09-03 22:00:00+00:00";"33";"47";"75";"2021";"NON";"NON";"244701355";"";"";"";"2021-10-06";"96473";""
"47228";"3299";"PLUi/PLUiS";"CA";"2018-12-19 23:00:00+00:00";"2015-02-11 23:00:00+00:00";"39";"47";"75";"2021";"NON";"OUI";"200023307";"";"";"";"2021-10-06";"140537";""
"47230";"3299";"PLUi/PLUiS";"CC";"2020-02-19 23:00:00+00:00";"2015-01-27 23:00:00+00:00";"39";"47";"75";"2021";"NON";"OUI";"200036523";"";"";"";"2021-10-06";"139139";""
"47231";"3199";"PLU";"COM";"2014-02-09 23:00:00+00:00";"2010-11-17 23:00:00+00:00";"39";"47";"75";"2021";"NON";"NON";"47231";"";"";"";"2021-10-06";"66954";""
"47232";"1131";"CC";"COM";"2008-11-09 23:00:00+00:00";"2006-01-26 23:00:00+00:00";"13";"47";"75";"2021";"NON";"NON";"47232";"";"";"";"2021-10-06";"69507";""
"47233";"3199";"PLU";"COM";"2019-02-10 23:00:00+00:00";"2015-10-11 22:00:00+00:00";"39";"47";"75";"2021";"NON";"NON";"47233";"";"";"";"2021-10-06";"141610";""
"47234";"3299";"PLUi/PLUiS";"CA";"2017-06-21 22:00:00+00:00";"2013-09-25 22:00:00+00:00";"39";"47";"75";"2021";"NON";"OUI";"200035459";"";"";"";"2021-10-06";"132548";""
"47236";"1199";"CC";"COM";"2021-02-04 23:00:00+00:00";"2018-02-21 23:00:00+00:00";"19";"47";"75";"2021";"NON";"NON";"47236";"";"";"";"2021-10-06";"162086";""
"47237";"3299";"PLUi/PLUiS";"CA";"2018-12-19 23:00:00+00:00";"2015-02-11 23:00:00+00:00";"39";"47";"75";"2021";"NON";"OUI";"200023307";"";"";"";"2021-10-06";"140537";""
"47238";"3299";"PLUi/PLUiS";"CA";"2017-06-21 22:00:00+00:00";"2013-09-25 22:00:00+00:00";"39";"47";"75";"2021";"NON";"OUI";"200035459";"";"";"";"2021-10-06";"132548";""
"47239";"3299";"PLUi/PLUiS";"CA";"2018-12-19 23:00:00+00:00";"2015-02-11 23:00:00+00:00";"39";"47";"75";"2021";"NON";"OUI";"200023307";"";"";"";"2021-10-06";"140537";""
"47240";"3299";"PLUi/PLUiS";"CC";"2020-02-19 23:00:00+00:00";"2015-01-27 23:00:00+00:00";"39";"47";"75";"2021";"NON";"OUI";"200036523";"";"";"";"2021-10-06";"139139";""
"47241";"3299";"PLUi/PLUiS";"CC";"2020-02-19 23:00:00+00:00";"2015-01-27 23:00:00+00:00";"39";"47";"75";"2021";"NON";"OUI";"200036523";"";"";"";"2021-10-06";"139139";""
"47242";"3399";"PLUi/PLUiS";"CC";"2015-12-09 23:00:00+00:00";"2008-07-21 22:00:00+00:00";"39";"47";"75";"2021";"OUI";"NON";"200068930";"";"";"";"2021-10-06";"71286";""
"47245";"1199";"CC";"COM";"2020-05-10 22:00:00+00:00";"2018-02-20 23:00:00+00:00";"19";"47";"75";"2021";"NON";"NON";"47245";"";"";"";"2021-10-06";"161799";""
"47246";"3299";"PLUi/PLUiS";"CA";"2017-06-21 22:00:00+00:00";"2013-09-25 22:00:00+00:00";"39";"47";"75";"2021";"NON";"OUI";"200035459";"";"";"";"2021-10-06";"132548";""
"47247";"1199";"CC";"COM";"2020-07-14 22:00:00+00:00";"2018-03-05 23:00:00+00:00";"19";"47";"75";"2021";"NON";"NON";"47247";"";"";"";"2021-10-06";"161188";""
"47248";"3199";"PLU";"COM";"2019-07-17 22:00:00+00:00";"2015-03-23 23:00:00+00:00";"39";"47";"75";"2021";"NON";"NON";"47248";"";"";"";"2021-10-06";"139714";""
"47251";"1499";"CC";"CC";"2008-11-09 23:00:00+00:00";"2005-11-10 23:00:00+00:00";"19";"47";"75";"2021";"NON";"NON";"200068922";"";"";"";"2021-10-06";"69508";""
"47252";"3299";"PLUi/PLUiS";"CA";"2018-12-19 23:00:00+00:00";"2015-02-11 23:00:00+00:00";"39";"47";"75";"2021";"NON";"OUI";"200023307";"";"";"";"2021-10-06";"140537";""
"47253";"1432";"CC";"CC";"2008-07-14 22:00:00+00:00";"2005-01-23 23:00:00+00:00";"13";"47";"75";"2021";"NON";"NON";"244701355";"";"";"";"2021-10-06";"69592";""
"47256";"3299";"PLUi/PLUiS";"CC";"2020-02-19 23:00:00+00:00";"2015-01-27 23:00:00+00:00";"39";"47";"75";"2021";"NON";"OUI";"200036523";"";"";"";"2021-10-06";"139139";""
"47257";"3199";"PLU";"COM";"2018-10-28 23:00:00+00:00";"2013-08-27 22:00:00+00:00";"39";"47";"75";"2021";"NON";"NON";"47257";"";"";"";"2021-10-06";"124558";""
"47258";"3332";"PLUi/PLUiS";"CC";"2016-03-13 23:00:00+00:00";"2009-10-26 23:00:00+00:00";"33";"47";"75";"2021";"OUI";"NON";"200068948";"";"";"";"2021-10-06";"71509";""
"47259";"3299";"PLUi/PLUiS";"CC";"2020-02-19 23:00:00+00:00";"2015-01-27 23:00:00+00:00";"39";"47";"75";"2021";"NON";"OUI";"200036523";"";"";"";"2021-10-06";"139139";""
"47260";"3199";"PLU";"COM";"2017-03-15 23:00:00+00:00";"2010-05-20 22:00:00+00:00";"39";"47";"75";"2021";"NON";"NON";"47260";"";"";"";"2021-10-06";"50050";""
"47262";"3299";"PLUi/PLUiS";"CA";"2017-06-21 22:00:00+00:00";"2013-09-25 22:00:00+00:00";"39";"47";"75";"2021";"NON";"OUI";"200035459";"";"";"";"2021-10-06";"132548";""
"47263";"3199";"PLU";"COM";"2019-02-17 23:00:00+00:00";"2015-10-18 22:00:00+00:00";"39";"47";"75";"2021";"NON";"NON";"47263";"";"";"";"2021-10-06";"141940";""
"47264";"1131";"CC";"COM";"2004-11-29 23:00:00+00:00";"2004-02-01 23:00:00+00:00";"13";"47";"75";"2021";"NON";"NON";"47264";"";"";"";"2021-10-06";"68254";""
"47265";"3299";"PLUi/PLUiS";"CC";"2020-01-27 23:00:00+00:00";"2015-06-01 22:00:00+00:00";"39";"47";"75";"2021";"NON";"OUI";"244701405";"";"";"";"2021-10-06";"145747";""
"47266";"3332";"PLUi/PLUiS";"CC";"2016-03-13 23:00:00+00:00";"2009-10-26 23:00:00+00:00";"33";"47";"75";"2021";"OUI";"NON";"200068948";"";"";"";"2021-10-06";"71509";""
"47267";"3499";"PLU";"CC";"2019-09-24 22:00:00+00:00";"2015-01-28 23:00:00+00:00";"39";"47";"75";"2021";"NON";"NON";"200068922";"";"";"";"2021-10-06";"139709";""
"47269";"3299";"PLUi/PLUiS";"CA";"2017-06-21 22:00:00+00:00";"2013-09-25 22:00:00+00:00";"39";"47";"75";"2021";"NON";"OUI";"200035459";"";"";"";"2021-10-06";"132548";""
"47271";"1199";"CC";"COM";"2009-01-18 23:00:00+00:00";"2006-03-15 23:00:00+00:00";"19";"47";"75";"2021";"NON";"NON";"47271";"";"";"";"2021-10-06";"69488";""
"47272";"3299";"PLUi/PLUiS";"CC";"2020-02-19 23:00:00+00:00";"2015-01-27 23:00:00+00:00";"39";"47";"75";"2021";"NON";"OUI";"200036523";"";"";"";"2021-10-06";"139139";""
"47273";"3299";"PLUi/PLUiS";"CA";"2018-12-19 23:00:00+00:00";"2015-02-11 23:00:00+00:00";"39";"47";"75";"2021";"NON";"OUI";"200023307";"";"";"";"2021-10-06";"140537";""
"47274";"3199";"PLU";"COM";"2017-09-21 22:00:00+00:00";"2010-04-12 22:00:00+00:00";"39";"47";"75";"2021";"NON";"NON";"47274";"";"";"";"2021-10-06";"50481";""
"47276";"3399";"PLUi/PLUiS";"CC";"2019-09-24 22:00:00+00:00";"2015-12-09 23:00:00+00:00";"39";"47";"75";"2021";"OUI";"NON";"200068922";"";"";"";"2021-10-06";"144338";""
"47277";"1199";"CC";"COM";"2011-11-20 23:00:00+00:00";"2007-09-27 22:00:00+00:00";"19";"47";"75";"2021";"NON";"NON";"47277";"";"";"";"2021-10-06";"66951";""
"47278";"3199";"PLU";"COM";"2018-02-08 23:00:00+00:00";"2016-04-07 22:00:00+00:00";"39";"47";"75";"2021";"NON";"NON";"47278";"";"";"";"2021-10-06";"148058";""
"47279";"3299";"PLUi/PLUiS";"CA";"2017-06-21 22:00:00+00:00";"2013-09-25 22:00:00+00:00";"39";"47";"75";"2021";"NON";"OUI";"200035459";"";"";"";"2021-10-06";"132548";""
"47280";"3499";"PLU";"CC";"2019-04-10 22:00:00+00:00";"2016-03-21 23:00:00+00:00";"39";"47";"75";"2021";"NON";"NON";"200068930";"";"";"";"2021-10-06";"160184";""
"47281";"3199";"PLU";"COM";"2011-09-01 22:00:00+00:00";"2008-07-07 22:00:00+00:00";"39";"47";"75";"2021";"NON";"NON";"47281";"";"";"";"2021-10-06";"50291";""
"47282";"3432";"PLU";"CC";"2017-12-12 23:00:00+00:00";"2010-04-11 22:00:00+00:00";"33";"47";"75";"2021";"NON";"NON";"200068948";"";"";"";"2021-10-06";"78250";""
"47283";"3399";"PLUi/PLUiS";"CC";"2015-12-09 23:00:00+00:00";"2008-07-21 22:00:00+00:00";"39";"47";"75";"2021";"OUI";"NON";"200068930";"";"";"";"2021-10-06";"71286";""
"47284";"3299";"PLUi/PLUiS";"CC";"2020-02-19 23:00:00+00:00";"2015-01-27 23:00:00+00:00";"39";"47";"75";"2021";"NON";"OUI";"200036523";"";"";"";"2021-10-06";"139139";""
"47285";"3199";"PLU";"COM";"2020-06-07 22:00:00+00:00";"2015-09-15 22:00:00+00:00";"39";"47";"75";"2021";"NON";"NON";"47285";"";"";"";"2021-10-06";"141272";""
"47287";"3432";"PLU";"CC";"2016-04-03 22:00:00+00:00";"2011-10-18 22:00:00+00:00";"33";"47";"75";"2021";"NON";"NON";"200068948";"";"";"";"2021-10-06";"85010";""
"47288";"3299";"PLUi/PLUiS";"CA";"2017-06-21 22:00:00+00:00";"2013-09-25 22:00:00+00:00";"39";"47";"75";"2021";"NON";"OUI";"200035459";"";"";"";"2021-10-06";"132548";""
"47289";"1199";"CC";"COM";"2018-05-27 22:00:00+00:00";"2014-12-25 23:00:00+00:00";"19";"47";"75";"2021";"NON";"NON";"47289";"";"";"";"2021-10-06";"161206";""
"47290";"1131";"CC";"COM";"2007-07-23 22:00:00+00:00";"2003-01-29 23:00:00+00:00";"13";"47";"75";"2021";"NON";"NON";"47290";"";"";"";"2021-10-06";"68255";""
"47291";"3299";"PLUi/PLUiS";"CC";"2020-02-19 23:00:00+00:00";"2015-01-27 23:00:00+00:00";"39";"47";"75";"2021";"NON";"OUI";"200036523";"";"";"";"2021-10-06";"139139";""
"47292";"3399";"PLUi/PLUiS";"CC";"2015-12-09 23:00:00+00:00";"2008-07-21 22:00:00+00:00";"39";"47";"75";"2021";"OUI";"NON";"200068930";"";"";"";"2021-10-06";"71286";""
"47293";"3299";"PLUi/PLUiS";"CA";"2017-06-21 22:00:00+00:00";"2013-09-25 22:00:00+00:00";"39";"47";"75";"2021";"NON";"OUI";"200035459";"";"";"";"2021-10-06";"132548";""
"47294";"1199";"CC";"COM";"2007-08-22 22:00:00+00:00";"2006-01-20 23:00:00+00:00";"19";"47";"75";"2021";"NON";"NON";"47294";"";"";"";"2021-10-06";"68256";""
"47295";"3299";"PLUi/PLUiS";"CC";"2020-02-19 23:00:00+00:00";"2015-01-27 23:00:00+00:00";"39";"47";"75";"2021";"NON";"OUI";"200036523";"";"";"";"2021-10-06";"139139";""
"47297";"3399";"PLUi/PLUiS";"CC";"2019-09-24 22:00:00+00:00";"2015-12-09 23:00:00+00:00";"39";"47";"75";"2021";"OUI";"NON";"200068922";"";"";"";"2021-10-06";"144338";""
"47299";"3299";"PLUi/PLUiS";"CC";"2020-02-19 23:00:00+00:00";"2015-01-27 23:00:00+00:00";"39";"47";"75";"2021";"NON";"OUI";"200036523";"";"";"";"2021-10-06";"139139";""
"47300";"3299";"PLUi/PLUiS";"CA";"2017-06-21 22:00:00+00:00";"2013-09-25 22:00:00+00:00";"39";"47";"75";"2021";"NON";"OUI";"200035459";"";"";"";"2021-10-06";"132548";""
"47301";"3199";"PLU";"COM";"2021-05-24 22:00:00+00:00";"2015-11-30 23:00:00+00:00";"39";"47";"75";"2021";"NON";"NON";"47301";"";"";"";"2021-10-06";"144166";""
"47302";"3332";"PLUi/PLUiS";"CC";"2016-03-13 23:00:00+00:00";"2009-10-26 23:00:00+00:00";"33";"47";"75";"2021";"OUI";"NON";"200068948";"";"";"";"2021-10-06";"71509";""
"47303";"1199";"CC";"COM";"2008-01-16 23:00:00+00:00";"2006-02-12 23:00:00+00:00";"19";"47";"75";"2021";"NON";"NON";"47303";"";"";"";"2021-10-06";"69512";""
"47305";"3199";"PLU";"COM";"2018-01-10 23:00:00+00:00";"2010-05-20 22:00:00+00:00";"39";"47";"75";"2021";"NON";"NON";"47305";"";"";"";"2021-10-06";"132385";""
"47306";"3299";"PLUi/PLUiS";"CC";"2020-01-27 23:00:00+00:00";"2015-06-01 22:00:00+00:00";"39";"47";"75";"2021";"NON";"OUI";"244701405";"";"";"";"2021-10-06";"145747";""
"47307";"3399";"PLUi/PLUiS";"CC";"2015-12-09 23:00:00+00:00";"2008-07-21 22:00:00+00:00";"39";"47";"75";"2021";"OUI";"NON";"200068930";"";"";"";"2021-10-06";"71286";""
"47309";"3299";"PLUi/PLUiS";"CC";"2020-01-27 23:00:00+00:00";"2015-06-01 22:00:00+00:00";"39";"47";"75";"2021";"NON";"OUI";"244701405";"";"";"";"2021-10-06";"145747";""
"47310";"3199";"PLU";"COM";"2020-02-12 23:00:00+00:00";"2015-12-21 23:00:00+00:00";"39";"47";"75";"2021";"NON";"NON";"47310";"";"";"";"2021-10-06";"144146";""
"47311";"3299";"PLUi/PLUiS";"CC";"2020-02-19 23:00:00+00:00";"2015-01-27 23:00:00+00:00";"39";"47";"75";"2021";"NON";"OUI";"200036523";"";"";"";"2021-10-06";"139139";""
"47312";"3399";"PLUi/PLUiS";"CC";"2015-12-09 23:00:00+00:00";"2008-07-21 22:00:00+00:00";"39";"47";"75";"2021";"OUI";"NON";"200068930";"";"";"";"2021-10-06";"71286";""
"47313";"3299";"PLUi/PLUiS";"CC";"2020-01-27 23:00:00+00:00";"2015-06-01 22:00:00+00:00";"39";"47";"75";"2021";"NON";"OUI";"244701405";"";"";"";"2021-10-06";"145747";""
"47314";"1499";"CC";"CC";"2008-03-03 23:00:00+00:00";"2006-02-19 23:00:00+00:00";"19";"47";"75";"2021";"NON";"NON";"200068930";"";"";"";"2021-10-06";"69509";""
"47315";"3399";"PLUi/PLUiS";"CC";"2015-12-09 23:00:00+00:00";"2008-07-21 22:00:00+00:00";"39";"47";"75";"2021";"OUI";"NON";"200068930";"";"";"";"2021-10-06";"71286";""
"47316";"3199";"PLU";"COM";"2020-02-16 23:00:00+00:00";"2016-01-06 23:00:00+00:00";"39";"47";"75";"2021";"NON";"NON";"47316";"";"";"";"2021-10-06";"147613";""
"47317";"3299";"PLUi/PLUiS";"CC";"2020-01-27 23:00:00+00:00";"2015-06-01 22:00:00+00:00";"39";"47";"75";"2021";"NON";"OUI";"244701405";"";"";"";"2021-10-06";"145747";""
"47318";"3432";"PLU";"CC";"2020-01-21 23:00:00+00:00";"2015-04-13 22:00:00+00:00";"33";"47";"75";"2021";"NON";"NON";"200068948";"";"";"";"2021-10-06";"138702";""
"47319";"3299";"PLUi/PLUiS";"CC";"2020-01-27 23:00:00+00:00";"2015-06-01 22:00:00+00:00";"39";"47";"75";"2021";"NON";"OUI";"244701405";"";"";"";"2021-10-06";"145747";""
"47320";"1432";"CC";"CC";"2009-01-07 23:00:00+00:00";"2005-11-10 23:00:00+00:00";"13";"47";"75";"2021";"NON";"NON";"244701355";"";"";"";"2021-10-06";"69510";""
"47321";"1199";"CC";"COM";"2020-07-19 22:00:00+00:00";"2018-03-12 23:00:00+00:00";"19";"47";"75";"2021";"NON";"NON";"47321";"";"";"";"2021-10-06";"162297";""
"47323";"3299";"PLUi/PLUiS";"CA";"2018-12-19 23:00:00+00:00";"2015-02-11 23:00:00+00:00";"39";"47";"75";"2021";"NON";"OUI";"200023307";"";"";"";"2021-10-06";"140537";""
"47324";"3299";"PLUi/PLUiS";"CC";"2020-02-19 23:00:00+00:00";"2015-01-27 23:00:00+00:00";"39";"47";"75";"2021";"NON";"OUI";"200036523";"";"";"";"2021-10-06";"139139";""
"47326";"3199";"PLU";"COM";"2019-02-12 23:00:00+00:00";"2015-10-13 22:00:00+00:00";"39";"47";"75";"2021";"NON";"NON";"47326";"";"";"";"2021-10-06";"141943";""
"47327";"3432";"PLU";"CC";"2018-03-27 22:00:00+00:00";"2014-01-28 23:00:00+00:00";"33";"47";"75";"2021";"NON";"NON";"200068948";"";"";"";"2021-10-06";"126504";""
"47328";"3399";"PLUi/PLUiS";"CC";"2015-12-09 23:00:00+00:00";"2008-07-21 22:00:00+00:00";"39";"47";"75";"2021";"OUI";"NON";"200068930";"";"";"";"2021-10-06";"71286";""
"48002";"3199";"PLU";"COM";"2020-05-22 22:00:00+00:00";"2013-08-28 22:00:00+00:00";"39";"48";"76";"2021";"NON";"NON";"48002";"";"";"";"2021-10-06";"136492";""
"48009";"3199";"PLU";"COM";"2010-04-07 22:00:00+00:00";"2005-03-22 23:00:00+00:00";"39";"48";"76";"2021";"NON";"NON";"48009";"";"";"";"2021-10-06";"53091";""
"48010";"3332";"PLUi/PLUiS";"CC";"2014-02-19 23:00:00+00:00";"2010-07-04 22:00:00+00:00";"33";"48";"76";"2021";"OUI";"NON";"200006930";"";"";"";"2021-10-06";"120077";""
"48013";"3199";"PLU";"COM";"2013-06-04 22:00:00+00:00";"2008-06-19 22:00:00+00:00";"39";"48";"76";"2021";"NON";"NON";"48013";"";"";"";"2021-10-06";"62510";""
"48016";"3199";"PLU";"COM";"2013-06-23 22:00:00+00:00";"2006-02-16 23:00:00+00:00";"39";"48";"76";"2021";"NON";"NON";"48016";"";"";"";"2021-10-06";"62511";""
"48017";"3131";"PLU";"COM";"2008-02-14 23:00:00+00:00";"2000-05-19 22:00:00+00:00";"33";"48";"76";"2021";"NON";"NON";"48017";"";"";"";"2021-10-06";"53099";""
"48018";"1199";"CC";"COM";"2005-04-26 22:00:00+00:00";"2002-01-23 23:00:00+00:00";"19";"48";"76";"2021";"NON";"NON";"48018";"";"";"";"2021-10-06";"68260";""
"48030";"3199";"PLU";"COM";"2010-12-16 23:00:00+00:00";"2006-01-10 23:00:00+00:00";"39";"48";"76";"2021";"NON";"NON";"48030";"";"";"";"2021-10-06";"53093";""
"48034";"3131";"PLU";"COM";"2013-06-23 22:00:00+00:00";"2000-02-17 23:00:00+00:00";"33";"48";"76";"2021";"NON";"NON";"48034";"";"";"";"2021-10-06";"62512";""
"48039";"3199";"PLU";"COM";"2020-02-23 23:00:00+00:00";"2017-03-23 23:00:00+00:00";"39";"48";"76";"2021";"NON";"NON";"48039";"";"";"";"2021-10-06";"159686";""
"48041";"3332";"PLUi/PLUiS";"CC";"2014-02-19 23:00:00+00:00";"2010-07-04 22:00:00+00:00";"33";"48";"76";"2021";"OUI";"NON";"200006930";"";"";"";"2021-10-06";"120077";""
"48042";"3199";"PLU";"COM";"2010-01-27 23:00:00+00:00";"2001-09-24 22:00:00+00:00";"39";"48";"76";"2021";"NON";"NON";"48042";"";"";"";"2021-10-06";"53094";""
"48043";"1199";"CC";"COM";"2004-12-23 23:00:00+00:00";"2002-08-21 22:00:00+00:00";"19";"48";"76";"2021";"NON";"NON";"48043";"";"";"";"2021-10-06";"68261";""
"48048";"3332";"PLUi/PLUiS";"CC";"2014-02-19 23:00:00+00:00";"2010-07-04 22:00:00+00:00";"33";"48";"76";"2021";"OUI";"NON";"200006930";"";"";"";"2021-10-06";"120077";""
"48056";"1199";"CC";"COM";"2004-06-17 22:00:00+00:00";"2001-10-28 23:00:00+00:00";"19";"48";"76";"2021";"NON";"NON";"48056";"";"";"";"2021-10-06";"68262";""
"48061";"1199";"CC";"COM";"2008-09-07 22:00:00+00:00";"2004-07-14 22:00:00+00:00";"19";"48";"76";"2021";"NON";"NON";"48061";"";"";"";"2021-10-06";"68269";""
"48064";"3199";"PLU";"COM";"2010-04-01 22:00:00+00:00";"2006-07-16 22:00:00+00:00";"39";"48";"76";"2021";"NON";"NON";"48064";"";"";"";"2021-10-06";"53108";""
"48071";"1199";"CC";"COM";"2010-09-20 22:00:00+00:00";"2007-05-17 22:00:00+00:00";"19";"48";"76";"2021";"NON";"NON";"48071";"";"";"";"2021-10-06";"69515";""
"48072";"1432";"CC";"CC";"2010-12-22 23:00:00+00:00";"2006-10-19 22:00:00+00:00";"13";"48";"76";"2021";"NON";"NON";"244800470";"";"";"";"2021-10-06";"69516";""
"48075";"1199";"CC";"COM";"2006-12-20 23:00:00+00:00";"2004-04-22 22:00:00+00:00";"19";"48";"76";"2021";"NON";"NON";"48075";"";"";"";"2021-10-06";"65474";""
"48080";"3332";"PLUi/PLUiS";"CC";"2014-02-19 23:00:00+00:00";"2010-07-04 22:00:00+00:00";"33";"48";"76";"2021";"OUI";"NON";"200006930";"";"";"";"2021-10-06";"120077";""
"48081";"3199";"PLU";"COM";"2014-11-26 23:00:00+00:00";"2009-06-25 22:00:00+00:00";"39";"48";"76";"2021";"NON";"NON";"48081";"";"";"";"2021-10-06";"62515";""
"48086";"3332";"PLUi/PLUiS";"CC";"2014-02-19 23:00:00+00:00";"2010-07-04 22:00:00+00:00";"33";"48";"76";"2021";"OUI";"NON";"200006930";"";"";"";"2021-10-06";"120077";""
"48089";"1111";"CC";"COM";"2006-02-05 23:00:00+00:00";"2003-07-31 22:00:00+00:00";"11";"48";"76";"2021";"NON";"NON";"48089";"";"";"";"2021-10-06";"68263";""
"48090";"3199";"PLU";"COM";"2013-06-26 22:00:00+00:00";"2007-03-04 23:00:00+00:00";"39";"48";"76";"2021";"NON";"NON";"48090";"";"";"";"2021-10-06";"49651";""
"48092";"3432";"PLU";"CC";"2006-06-29 22:00:00+00:00";"2001-11-29 23:00:00+00:00";"33";"48";"76";"2021";"NON";"NON";"244800470";"";"";"";"2021-10-06";"53105";""
"48094";"1199";"CC";"COM";"2007-03-20 23:00:00+00:00";"2002-11-22 23:00:00+00:00";"19";"48";"76";"2021";"NON";"NON";"48094";"";"";"";"2021-10-06";"68267";""
"48095";"3199";"PLU";"COM";"2018-01-09 23:00:00+00:00";"2013-11-24 23:00:00+00:00";"39";"48";"76";"2021";"NON";"NON";"48095";"";"";"";"2021-10-06";"136493";""
"48099";"3432";"PLU";"CC";"2007-01-31 23:00:00+00:00";"2000-12-13 23:00:00+00:00";"33";"48";"76";"2021";"NON";"NON";"244800470";"";"";"";"2021-10-06";"53106";""
"48103";"1432";"CC";"CC";"2003-09-14 22:00:00+00:00";"2002-02-28 23:00:00+00:00";"13";"48";"76";"2021";"NON";"NON";"244800470";"";"";"";"2021-10-06";"68265";""
"48104";"1199";"CC";"COM";"2020-07-06 22:00:00+00:00";"2016-08-06 22:00:00+00:00";"19";"48";"76";"2021";"NON";"NON";"48104";"";"";"";"2021-10-06";"159697";""
"48105";"3332";"PLUi/PLUiS";"CC";"2014-02-19 23:00:00+00:00";"2010-07-04 22:00:00+00:00";"33";"48";"76";"2021";"OUI";"NON";"200006930";"";"";"";"2021-10-06";"120077";""
"48112";"1199";"CC";"COM";"2010-01-26 23:00:00+00:00";"2006-03-31 22:00:00+00:00";"19";"48";"76";"2021";"NON";"NON";"48112";"";"";"";"2021-10-06";"69517";""
"48116";"3434";"PLU";"CC";"2015-11-04 23:00:00+00:00";"2011-04-12 22:00:00+00:00";"33";"48";"76";"2021";"NON";"NON";"200069136";"";"";"";"2021-10-06";"126613";""
"48117";"3199";"PLU";"COM";"2013-02-07 23:00:00+00:00";"2008-05-29 22:00:00+00:00";"39";"48";"76";"2021";"NON";"NON";"48117";"";"";"";"2021-10-06";"62518";""
"48119";"1111";"CC";"COM";"2010-07-21 22:00:00+00:00";"2002-11-28 23:00:00+00:00";"11";"48";"76";"2021";"NON";"NON";"48119";"";"";"";"2021-10-06";"69518";""
"48128";"3199";"PLU";"COM";"2019-04-16 22:00:00+00:00";"2015-02-24 23:00:00+00:00";"39";"48";"76";"2021";"NON";"NON";"48128";"";"";"";"2021-10-06";"137663";""
"48129";"3332";"PLUi/PLUiS";"CC";"2014-02-19 23:00:00+00:00";"2010-07-04 22:00:00+00:00";"33";"48";"76";"2021";"OUI";"NON";"200006930";"";"";"";"2021-10-06";"120077";""
"48131";"3299";"PLUi/PLUiS";"CC";"2019-06-25 22:00:00+00:00";"2017-06-13 22:00:00+00:00";"39";"48";"76";"2021";"NON";"OUI";"241200567";"";"";"";"2021-10-06";"63807";""
"48132";"3199";"PLU";"COM";"2006-04-27 22:00:00+00:00";"2000-09-29 22:00:00+00:00";"39";"48";"76";"2021";"NON";"NON";"48132";"";"";"";"2021-10-06";"53109";""
"48136";"1499";"CC";"CC";"2006-10-22 22:00:00+00:00";"2003-09-11 22:00:00+00:00";"19";"48";"76";"2021";"NON";"NON";"200069136";"";"";"";"2021-10-06";"68268";""
"48137";"3199";"PLU";"COM";"2005-01-27 23:00:00+00:00";"2001-05-17 22:00:00+00:00";"39";"48";"76";"2021";"NON";"NON";"48137";"";"";"";"2021-10-06";"53110";""
"48140";"3199";"PLU";"COM";"2005-05-24 22:00:00+00:00";"2000-03-13 23:00:00+00:00";"39";"48";"76";"2021";"NON";"NON";"48140";"";"";"";"2021-10-06";"53111";""
"48146";"3131";"PLU";"COM";"2007-12-10 23:00:00+00:00";"2003-04-14 22:00:00+00:00";"33";"48";"76";"2021";"NON";"NON";"48146";"";"";"";"2021-10-06";"53112";""
"48150";"3332";"PLUi/PLUiS";"CC";"2014-02-19 23:00:00+00:00";"2010-07-04 22:00:00+00:00";"33";"48";"76";"2021";"OUI";"NON";"200006930";"";"";"";"2021-10-06";"120077";""
"48155";"3499";"PLU";"CC";"2019-09-23 22:00:00+00:00";"2009-03-03 23:00:00+00:00";"39";"48";"76";"2021";"NON";"NON";"200069136";"";"";"";"2021-10-06";"50052";""
"48156";"3131";"PLU";"COM";"2011-09-08 22:00:00+00:00";"2002-08-12 22:00:00+00:00";"33";"48";"76";"2021";"NON";"NON";"48156";"";"";"";"2021-10-06";"62519";""
"48163";"1499";"CC";"CC";"2008-02-04 23:00:00+00:00";"2005-07-01 22:00:00+00:00";"19";"48";"76";"2021";"NON";"NON";"200069136";"";"";"";"2021-10-06";"69520";""
"48169";"1199";"CC";"COM";"2006-03-26 22:00:00+00:00";"2003-02-08 23:00:00+00:00";"19";"48";"76";"2021";"NON";"NON";"48169";"";"";"";"2021-10-06";"69521";""
"48173";"3499";"PLU";"CC";"2019-06-05 22:00:00+00:00";"2009-12-03 23:00:00+00:00";"39";"48";"76";"2021";"NON";"NON";"200069136";"";"";"";"2021-10-06";"50303";""
"48178";"1499";"CC";"CC";"2011-06-30 22:00:00+00:00";"2008-07-30 22:00:00+00:00";"19";"48";"76";"2021";"NON";"NON";"200069136";"";"";"";"2021-10-06";"66213";""
"48191";"1199";"CC";"COM";"2007-04-01 22:00:00+00:00";"2004-11-28 23:00:00+00:00";"19";"48";"76";"2021";"NON";"NON";"48191";"";"";"";"2021-10-06";"68270";""
"48198";"3131";"PLU";"COM";"2006-09-03 22:00:00+00:00";"2002-10-08 22:00:00+00:00";"33";"48";"76";"2021";"NON";"NON";"48198";"";"";"";"2021-10-06";"53117";""
"49002";"3399";"PLUi/PLUiS";"CA";"2020-03-04 23:00:00+00:00";"2015-12-09 23:00:00+00:00";"39";"49";"52";"2021";"OUI";"NON";"200071876";"";"";"";"2021-10-06";"146730";""
"49003";"3499";"PLU";"CA";"2021-06-28 22:00:00+00:00";"2016-11-06 23:00:00+00:00";"39";"49";"52";"2021";"NON";"NON";"200071876";"";"";"";"2021-10-06";"151474";""
"49007";"3299";"PLUi/PLUiS";"CU";"2021-09-12 22:00:00+00:00";"2018-03-11 23:00:00+00:00";"39";"49";"52";"2021";"NON";"OUI";"49007";"";"";"";"2021-10-06";"162473";""
"49008";"3432";"PLU";"CC";"2003-08-31 22:00:00+00:00";"1999-03-28 22:00:00+00:00";"33";"49";"52";"2021";"NON";"NON";"49008";"";"";"";"2021-10-06";"53132";""
"49009";"3399";"PLUi/PLUiS";"CA";"2020-03-04 23:00:00+00:00";"2015-12-09 23:00:00+00:00";"39";"49";"52";"2021";"OUI";"NON";"200071876";"";"";"";"2021-10-06";"146730";""
"49010";"3332";"PLUi/PLUiS";"CC";"2017-09-25 22:00:00+00:00";"2012-11-27 23:00:00+00:00";"33";"49";"52";"2021";"OUI";"NON";"244900809";"";"";"";"2021-10-06";"115776";""
"49011";"3399";"PLUi/PLUiS";"CA";"2020-03-04 23:00:00+00:00";"2015-12-09 23:00:00+00:00";"39";"49";"52";"2021";"OUI";"NON";"200071876";"";"";"";"2021-10-06";"146730";""
"49012";"3199";"PLU";"COM";"2013-06-18 22:00:00+00:00";"2006-05-29 22:00:00+00:00";"39";"49";"52";"2021";"NON";"NON";"49012";"";"";"";"2021-10-06";"50305";""
"49015";"3299";"PLUi/PLUiS";"CU";"2021-09-12 22:00:00+00:00";"2018-03-11 23:00:00+00:00";"39";"49";"52";"2021";"NON";"OUI";"49015";"";"";"";"2021-10-06";"162473";""
"49017";"1432";"CC";"CC";"2007-09-05 22:00:00+00:00";"2004-12-15 23:00:00+00:00";"13";"49";"52";"2021";"NON";"NON";"200068955";"";"";"";"2021-10-06";"69525";""
"49018";"3131";"PLU";"COM";"2015-12-20 23:00:00+00:00";"2014-06-29 22:00:00+00:00";"33";"49";"52";"2021";"NON";"NON";"49018";"";"";"";"2021-10-06";"121491";""
"49020";"3299";"PLUi/PLUiS";"CU";"2021-09-12 22:00:00+00:00";"2018-03-11 23:00:00+00:00";"39";"49";"52";"2021";"NON";"OUI";"49020";"";"";"";"2021-10-06";"162473";""
"49021";"3131";"PLU";"COM";"2011-12-18 23:00:00+00:00";"2007-10-14 22:00:00+00:00";"33";"49";"52";"2021";"NON";"NON";"49021";"";"";"";"2021-10-06";"62528";""
"49022";"3199";"PLU";"COM";"2007-11-04 23:00:00+00:00";"2002-06-02 22:00:00+00:00";"39";"49";"52";"2021";"NON";"NON";"49022";"";"";"";"2021-10-06";"53119";""
"49023";"3199";"PLU";"COM";"2019-10-27 23:00:00+00:00";"2015-03-25 23:00:00+00:00";"39";"49";"52";"2021";"NON";"NON";"49023";"";"";"";"2021-10-06";"144486";""
"49026";"3499";"PLU";"CC";"2020-09-30 22:00:00+00:00";"2017-04-05 22:00:00+00:00";"39";"49";"52";"2021";"NON";"NON";"200071868";"";"";"";"2021-10-06";"156263";""
"49027";"3432";"PLU";"CA";"2008-02-17 23:00:00+00:00";"2004-09-05 22:00:00+00:00";"33";"49";"52";"2021";"NON";"NON";"200071678";"";"";"";"2021-10-06";"53122";""
"49028";"3299";"PLUi/PLUiS";"CU";"2021-09-12 22:00:00+00:00";"2018-03-11 23:00:00+00:00";"39";"49";"52";"2021";"NON";"OUI";"49028";"";"";"";"2021-10-06";"162473";""
"49029";"3199";"PLU";"COM";"2008-01-20 23:00:00+00:00";"2002-12-05 23:00:00+00:00";"39";"49";"52";"2021";"NON";"NON";"49029";"";"";"";"2021-10-06";"53123";""
"49030";"3399";"PLUi/PLUiS";"CA";"2021-06-28 22:00:00+00:00";"2016-12-07 23:00:00+00:00";"39";"49";"52";"2021";"OUI";"NON";"200071876";"";"";"";"2021-10-06";"154784";""
"49035";"3299";"PLUi/PLUiS";"CU";"2021-09-12 22:00:00+00:00";"2018-03-11 23:00:00+00:00";"39";"49";"52";"2021";"NON";"OUI";"49035";"";"";"";"2021-10-06";"162473";""
"49036";"3332";"PLUi/PLUiS";"CC";"2017-09-25 22:00:00+00:00";"2012-11-27 23:00:00+00:00";"33";"49";"52";"2021";"OUI";"NON";"244900809";"";"";"";"2021-10-06";"115776";""
"49038";"3332";"PLUi/PLUiS";"CC";"2017-09-25 22:00:00+00:00";"2012-11-27 23:00:00+00:00";"33";"49";"52";"2021";"OUI";"NON";"244900809";"";"";"";"2021-10-06";"115776";""
"49041";"3399";"PLUi/PLUiS";"CA";"2020-03-04 23:00:00+00:00";"2015-12-09 23:00:00+00:00";"39";"49";"52";"2021";"OUI";"NON";"200071876";"";"";"";"2021-10-06";"146730";""
"49045";"3399";"PLUi/PLUiS";"CA";"2020-03-04 23:00:00+00:00";"2015-12-09 23:00:00+00:00";"39";"49";"52";"2021";"OUI";"NON";"200071876";"";"";"";"2021-10-06";"146730";""
"49048";"3299";"PLUi/PLUiS";"CU";"2021-09-12 22:00:00+00:00";"2018-03-11 23:00:00+00:00";"39";"49";"52";"2021";"NON";"OUI";"49048";"";"";"";"2021-10-06";"162473";""
"49050";"3131";"PLU";"COM";"2014-02-23 23:00:00+00:00";"2011-05-16 22:00:00+00:00";"33";"49";"52";"2021";"NON";"NON";"49050";"";"";"";"2021-10-06";"103852";""
"49053";"3399";"PLUi/PLUiS";"CA";"2020-03-04 23:00:00+00:00";"2015-12-09 23:00:00+00:00";"39";"49";"52";"2021";"OUI";"NON";"200071876";"";"";"";"2021-10-06";"146730";""
"49054";"3432";"PLU";"CC";"2004-02-25 23:00:00+00:00";"2002-03-27 23:00:00+00:00";"33";"49";"52";"2021";"NON";"NON";"49054";"";"";"";"2021-10-06";"53128";""
"49055";"3299";"PLUi/PLUiS";"CU";"2021-09-12 22:00:00+00:00";"2018-03-11 23:00:00+00:00";"39";"49";"52";"2021";"NON";"OUI";"49055";"";"";"";"2021-10-06";"162473";""
"49056";"3332";"PLUi/PLUiS";"CC";"2017-09-25 22:00:00+00:00";"2012-11-27 23:00:00+00:00";"33";"49";"52";"2021";"OUI";"NON";"244900809";"";"";"";"2021-10-06";"115776";""
"49057";"1432";"CC";"CA";"2013-03-04 23:00:00+00:00";"2006-07-26 22:00:00+00:00";"13";"49";"52";"2021";"NON";"NON";"200071678";"";"";"";"2021-10-06";"69529";""
"49058";"3432";"PLU";"CA";"2017-07-16 22:00:00+00:00";"2011-04-06 22:00:00+00:00";"33";"49";"52";"2021";"NON";"NON";"200071678";"";"";"";"2021-10-06";"77511";""
"49060";"3399";"PLUi/PLUiS";"CA";"2020-03-04 23:00:00+00:00";"2015-12-09 23:00:00+00:00";"39";"49";"52";"2021";"OUI";"NON";"200071876";"";"";"";"2021-10-06";"146730";""
"49063";"3199";"PLU";"COM";"2012-07-08 22:00:00+00:00";"2009-02-25 23:00:00+00:00";"39";"49";"52";"2021";"NON";"NON";"49063";"";"";"";"2021-10-06";"62526";""
"49067";"1114";"CC";"COM";"2003-11-24 23:00:00+00:00";"2001-10-12 22:00:00+00:00";"11";"49";"52";"2021";"NON";"NON";"200071868";"";"";"";"2021-10-06";"69530";""
"49068";"3199";"PLU";"COM";"2013-12-18 23:00:00+00:00";"2008-12-17 23:00:00+00:00";"39";"49";"52";"2021";"NON";"NON";"49068";"";"";"";"2021-10-06";"62531";""
"49069";"3199";"PLU";"COM";"2019-10-28 23:00:00+00:00";"2013-09-26 22:00:00+00:00";"39";"49";"52";"2021";"NON";"NON";"49069";"";"";"";"2021-10-06";"124960";""
"49076";"3332";"PLUi/PLUiS";"CC";"2019-02-20 23:00:00+00:00";"2015-06-17 22:00:00+00:00";"33";"49";"52";"2021";"OUI";"NON";"200068955";"";"";"";"2021-10-06";"139765";""
"49080";"3431";"PLU";"CC";"2020-06-22 22:00:00+00:00";"2014-10-09 22:00:00+00:00";"33";"49";"52";"2021";"NON";"NON";"200071868";"";"";"";"2021-10-06";"136873";""
"49082";"3199";"PLU";"COM";"2008-02-25 23:00:00+00:00";"2002-11-03 23:00:00+00:00";"39";"49";"52";"2021";"NON";"NON";"49082";"";"";"";"2021-10-06";"53141";""
"49086";"3131";"PLU";"COM";"2014-03-12 23:00:00+00:00";"2009-07-06 22:00:00+00:00";"33";"49";"52";"2021";"NON";"NON";"49086";"";"";"";"2021-10-06";"62534";""
"49090";"3432";"PLU";"CC";"2020-09-02 22:00:00+00:00";"2015-04-15 22:00:00+00:00";"33";"49";"52";"2021";"NON";"NON";"200068955";"";"";"";"2021-10-06";"138779";""
"49092";"3199";"PLU";"COM";"2020-01-29 23:00:00+00:00";"2014-10-21 22:00:00+00:00";"39";"49";"52";"2021";"NON";"NON";"49092";"";"";"";"2021-10-06";"134079";""
"49099";"3432";"PLU";"CA";"2005-05-08 22:00:00+00:00";"2001-06-10 22:00:00+00:00";"33";"49";"52";"2021";"NON";"NON";"200071678";"";"";"";"2021-10-06";"377";""
"49100";"3399";"PLUi/PLUiS";"CA";"2020-03-04 23:00:00+00:00";"2015-12-09 23:00:00+00:00";"39";"49";"52";"2021";"OUI";"NON";"200071876";"";"";"";"2021-10-06";"146730";""
"49107";"3332";"PLUi/PLUiS";"CC";"2019-02-20 23:00:00+00:00";"2015-06-17 22:00:00+00:00";"33";"49";"52";"2021";"OUI";"NON";"200068955";"";"";"";"2021-10-06";"139765";""
"49109";"3432";"PLU";"CA";"2008-12-16 23:00:00+00:00";"2006-04-26 22:00:00+00:00";"33";"49";"52";"2021";"NON";"NON";"200071678";"";"";"";"2021-10-06";"53148";""
"49110";"3332";"PLUi/PLUiS";"CC";"2019-02-20 23:00:00+00:00";"2015-06-17 22:00:00+00:00";"33";"49";"52";"2021";"OUI";"NON";"200068955";"";"";"";"2021-10-06";"139765";""
"49112";"3399";"PLUi/PLUiS";"CA";"2020-03-04 23:00:00+00:00";"2015-12-09 23:00:00+00:00";"39";"49";"52";"2021";"OUI";"NON";"200071876";"";"";"";"2021-10-06";"146730";""
"49113";"3399";"PLUi/PLUiS";"CA";"2020-03-04 23:00:00+00:00";"2015-12-09 23:00:00+00:00";"39";"49";"52";"2021";"OUI";"NON";"200071876";"";"";"";"2021-10-06";"146730";""
"49114";"3399";"PLUi/PLUiS";"CA";"2021-06-28 22:00:00+00:00";"2016-12-07 23:00:00+00:00";"39";"49";"52";"2021";"OUI";"NON";"200071876";"";"";"";"2021-10-06";"154784";""
"49120";"3131";"PLU";"COM";"2005-12-11 23:00:00+00:00";"2002-04-28 22:00:00+00:00";"33";"49";"52";"2021";"NON";"NON";"49120";"";"";"";"2021-10-06";"53150";""
"49121";"3399";"PLUi/PLUiS";"CA";"2016-12-13 23:00:00+00:00";"2012-12-19 23:00:00+00:00";"39";"49";"52";"2021";"OUI";"NON";"200071876";"";"";"";"2021-10-06";"116887";""
"49123";"3399";"PLUi/PLUiS";"CA";"2020-03-04 23:00:00+00:00";"2015-12-09 23:00:00+00:00";"39";"49";"52";"2021";"OUI";"NON";"200071876";"";"";"";"2021-10-06";"146730";""
"49125";"3399";"PLUi/PLUiS";"CA";"2016-12-13 23:00:00+00:00";"2012-12-19 23:00:00+00:00";"39";"49";"52";"2021";"OUI";"NON";"200071876";"";"";"";"2021-10-06";"116887";""
"49127";"3432";"PLU";"CC";"2007-03-20 23:00:00+00:00";"2002-12-10 23:00:00+00:00";"33";"49";"52";"2021";"NON";"NON";"200068955";"";"";"";"2021-10-06";"53152";""
"49129";"3299";"PLUi/PLUiS";"CU";"2021-09-12 22:00:00+00:00";"2018-03-11 23:00:00+00:00";"39";"49";"52";"2021";"NON";"OUI";"49129";"";"";"";"2021-10-06";"162473";""
"49130";"3299";"PLUi/PLUiS";"CU";"2021-09-12 22:00:00+00:00";"2018-03-11 23:00:00+00:00";"39";"49";"52";"2021";"NON";"OUI";"244900015";"";"";"";"2021-10-06";"162473";""
"49131";"3399";"PLUi/PLUiS";"CA";"2020-03-04 23:00:00+00:00";"2015-12-09 23:00:00+00:00";"39";"49";"52";"2021";"OUI";"NON";"200071876";"";"";"";"2021-10-06";"146730";""
"49132";"3432";"PLU";"CC";"2014-03-12 23:00:00+00:00";"2011-05-11 22:00:00+00:00";"33";"49";"52";"2021";"NON";"NON";"200068955";"";"";"";"2021-10-06";"80045";""
"49135";"3299";"PLUi/PLUiS";"CU";"2021-09-12 22:00:00+00:00";"2018-03-11 23:00:00+00:00";"39";"49";"52";"2021";"NON";"OUI";"49135";"";"";"";"2021-10-06";"162473";""
"49138";"3199";"PLU";"COM";"2020-03-08 23:00:00+00:00";"2016-02-14 23:00:00+00:00";"39";"49";"52";"2021";"NON";"NON";"49138";"";"";"";"2021-10-06";"146771";""
"49140";"3399";"PLUi/PLUiS";"CA";"2020-03-04 23:00:00+00:00";"2015-12-09 23:00:00+00:00";"39";"49";"52";"2021";"OUI";"NON";"200071876";"";"";"";"2021-10-06";"146730";""
"49155";"3134";"PLU";"COM";"2014-03-06 23:00:00+00:00";"2009-09-03 22:00:00+00:00";"33";"49";"52";"2021";"NON";"NON";"200071868";"";"";"";"2021-10-06";"62538";""
"49160";"3131";"PLU";"COM";"2012-01-18 23:00:00+00:00";"2004-07-21 22:00:00+00:00";"33";"49";"52";"2021";"NON";"NON";"49160";"";"";"";"2021-10-06";"62539";""
"49161";"3499";"PLU";"CC";"2007-12-03 23:00:00+00:00";"2003-12-11 23:00:00+00:00";"39";"49";"52";"2021";"NON";"NON";"200071868";"";"";"";"2021-10-06";"57253";""
"49163";"3332";"PLUi/PLUiS";"CC";"2019-02-20 23:00:00+00:00";"2015-06-17 22:00:00+00:00";"33";"49";"52";"2021";"OUI";"NON";"200068955";"";"";"";"2021-10-06";"139765";""
"49167";"3199";"PLU";"COM";"2019-11-11 23:00:00+00:00";"2013-12-15 23:00:00+00:00";"39";"49";"52";"2021";"NON";"NON";"49167";"";"";"";"2021-10-06";"126935";""
"49170";"3499";"PLU";"CC";"2019-12-05 23:00:00+00:00";"2014-09-04 22:00:00+00:00";"39";"49";"52";"2021";"NON";"NON";"200071868";"";"";"";"2021-10-06";"132746";""
"49171";"3399";"PLUi/PLUiS";"CA";"2021-06-28 22:00:00+00:00";"2016-12-07 23:00:00+00:00";"39";"49";"52";"2021";"OUI";"NON";"200071876";"";"";"";"2021-10-06";"154784";""
"49174";"3332";"PLUi/PLUiS";"CC";"2019-02-20 23:00:00+00:00";"2015-06-17 22:00:00+00:00";"33";"49";"52";"2021";"OUI";"NON";"200068955";"";"";"";"2021-10-06";"139765";""
"49176";"3499";"PLU";"CC";"2020-10-04 22:00:00+00:00";"2016-11-06 23:00:00+00:00";"39";"49";"52";"2021";"NON";"NON";"200071868";"";"";"";"2021-10-06";"153624";""
"49178";"3432";"PLU";"CC";"2007-04-11 22:00:00+00:00";"2003-04-09 22:00:00+00:00";"33";"49";"52";"2021";"NON";"NON";"49178";"";"";"";"2021-10-06";"53167";""
"49180";"3399";"PLUi/PLUiS";"CA";"2021-06-28 22:00:00+00:00";"2016-12-07 23:00:00+00:00";"39";"49";"52";"2021";"OUI";"NON";"200071876";"";"";"";"2021-10-06";"154784";""
"49182";"3399";"PLUi/PLUiS";"CA";"2016-12-13 23:00:00+00:00";"2012-12-19 23:00:00+00:00";"39";"49";"52";"2021";"OUI";"NON";"200071876";"";"";"";"2021-10-06";"116887";""
"49183";"3134";"PLU";"COM";"2008-01-16 23:00:00+00:00";"2005-03-30 22:00:00+00:00";"33";"49";"52";"2021";"NON";"NON";"200071868";"";"";"";"2021-10-06";"53169";""
"49188";"3332";"PLUi/PLUiS";"CC";"2019-02-20 23:00:00+00:00";"2015-06-17 22:00:00+00:00";"33";"49";"52";"2021";"OUI";"NON";"200068955";"";"";"";"2021-10-06";"139765";""
"49192";"3432";"PLU";"CA";"2006-06-01 22:00:00+00:00";"2003-12-04 23:00:00+00:00";"33";"49";"52";"2021";"NON";"NON";"200071678";"";"";"";"2021-10-06";"53172";""
"49193";"3432";"PLU";"CA";"2008-11-26 23:00:00+00:00";"2006-05-09 22:00:00+00:00";"33";"49";"52";"2021";"NON";"NON";"200071678";"";"";"";"2021-10-06";"53173";""
"49194";"3131";"PLU";"COM";"2011-12-15 23:00:00+00:00";"2008-02-10 23:00:00+00:00";"33";"49";"52";"2021";"NON";"NON";"49194";"";"";"";"2021-10-06";"64539";""
"49195";"3432";"PLU";"CA";"2008-02-14 23:00:00+00:00";"2004-03-04 23:00:00+00:00";"33";"49";"52";"2021";"NON";"NON";"200071678";"";"";"";"2021-10-06";"53174";""
"49200";"3299";"PLUi/PLUiS";"CU";"2021-09-12 22:00:00+00:00";"2018-03-11 23:00:00+00:00";"39";"49";"52";"2021";"NON";"OUI";"244900015";"";"";"";"2021-10-06";"162473";""
"49201";"3131";"PLU";"COM";"2004-04-21 22:00:00+00:00";"1998-02-25 23:00:00+00:00";"33";"49";"52";"2021";"NON";"NON";"49201";"";"";"";"2021-10-06";"53181";""
"49205";"3499";"PLU";"CC";"2018-05-24 22:00:00+00:00";"2014-10-28 23:00:00+00:00";"39";"49";"52";"2021";"NON";"NON";"200071868";"";"";"";"2021-10-06";"135451";""
"49209";"1432";"CC";"CC";"2008-07-30 22:00:00+00:00";"2004-03-22 23:00:00+00:00";"13";"49";"52";"2021";"NON";"NON";"200068955";"";"";"";"2021-10-06";"69537";""
"49214";"3299";"PLUi/PLUiS";"CU";"2021-09-12 22:00:00+00:00";"2018-03-11 23:00:00+00:00";"39";"49";"52";"2021";"NON";"OUI";"49214";"";"";"";"2021-10-06";"162473";""
"49215";"3399";"PLUi/PLUiS";"CA";"2020-03-04 23:00:00+00:00";"2015-12-09 23:00:00+00:00";"39";"49";"52";"2021";"OUI";"NON";"200071876";"";"";"";"2021-10-06";"146730";""
"49216";"3332";"PLUi/PLUiS";"CC";"2019-02-20 23:00:00+00:00";"2015-06-17 22:00:00+00:00";"33";"49";"52";"2021";"OUI";"NON";"200068955";"";"";"";"2021-10-06";"139765";""
"49217";"3499";"PLU";"CC";"2020-12-10 23:00:00+00:00";"2015-11-26 23:00:00+00:00";"39";"49";"52";"2021";"NON";"NON";"200071868";"";"";"";"2021-10-06";"144385";""
"49218";"3199";"PLU";"COM";"2017-04-23 22:00:00+00:00";"2011-05-29 22:00:00+00:00";"39";"49";"52";"2021";"NON";"NON";"49218";"";"";"";"2021-10-06";"78538";""
"49219";"3399";"PLUi/PLUiS";"CA";"2020-03-04 23:00:00+00:00";"2015-12-09 23:00:00+00:00";"39";"49";"52";"2021";"OUI";"NON";"200071876";"";"";"";"2021-10-06";"146730";""
"49220";"3432";"PLU";"CC";"2009-11-02 23:00:00+00:00";"1999-05-09 22:00:00+00:00";"33";"49";"52";"2021";"NON";"NON";"200068955";"";"";"";"2021-10-06";"56925";""
"49221";"3399";"PLUi/PLUiS";"CA";"2021-06-28 22:00:00+00:00";"2016-12-07 23:00:00+00:00";"39";"49";"52";"2021";"OUI";"NON";"200071876";"";"";"";"2021-10-06";"154784";""
"49222";"3199";"PLU";"COM";"2020-03-04 23:00:00+00:00";"2014-11-11 23:00:00+00:00";"39";"49";"52";"2021";"NON";"NON";"49222";"";"";"";"2021-10-06";"134091";""
"49223";"3299";"PLUi/PLUiS";"CU";"2021-09-12 22:00:00+00:00";"2018-03-11 23:00:00+00:00";"39";"49";"52";"2021";"NON";"OUI";"49223";"";"";"";"2021-10-06";"162473";""
"49224";"3399";"PLUi/PLUiS";"CA";"2020-03-04 23:00:00+00:00";"2015-12-09 23:00:00+00:00";"39";"49";"52";"2021";"OUI";"NON";"200071876";"";"";"";"2021-10-06";"146730";""
"49228";"3131";"PLU";"COM";"2012-11-21 23:00:00+00:00";"2008-06-23 22:00:00+00:00";"33";"49";"52";"2021";"NON";"NON";"49228";"";"";"";"2021-10-06";"63996";""
"49231";"3432";"PLU";"CA";"2013-11-07 23:00:00+00:00";"2008-07-10 22:00:00+00:00";"33";"49";"52";"2021";"NON";"NON";"200071678";"";"";"";"2021-10-06";"63997";""
"49235";"3399";"PLUi/PLUiS";"CA";"2020-03-04 23:00:00+00:00";"2015-12-09 23:00:00+00:00";"39";"49";"52";"2021";"OUI";"NON";"200071876";"";"";"";"2021-10-06";"146730";""
"49240";"1432";"CC";"CA";"2012-11-15 23:00:00+00:00";"2011-06-20 22:00:00+00:00";"13";"49";"52";"2021";"NON";"NON";"200071678";"";"";"";"2021-10-06";"97855";""
"49241";"3299";"PLUi/PLUiS";"CU";"2021-09-12 22:00:00+00:00";"2018-03-11 23:00:00+00:00";"39";"49";"52";"2021";"NON";"OUI";"49241";"";"";"";"2021-10-06";"162473";""
"49244";"3199";"PLU";"COM";"2019-12-15 23:00:00+00:00";"2013-07-08 22:00:00+00:00";"39";"49";"52";"2021";"NON";"NON";"49244";"";"";"";"2021-10-06";"123042";""
"49246";"3299";"PLUi/PLUiS";"CU";"2021-09-12 22:00:00+00:00";"2018-03-11 23:00:00+00:00";"39";"49";"52";"2021";"NON";"OUI";"49246";"";"";"";"2021-10-06";"162473";""
"49247";"3199";"PLU";"COM";"2014-01-16 23:00:00+00:00";"2009-10-01 22:00:00+00:00";"39";"49";"52";"2021";"NON";"NON";"49247";"";"";"";"2021-10-06";"64000";""
"49248";"3332";"PLUi/PLUiS";"CC";"2017-09-25 22:00:00+00:00";"2012-11-27 23:00:00+00:00";"33";"49";"52";"2021";"OUI";"NON";"244900809";"";"";"";"2021-10-06";"115776";""
"49253";"3399";"PLUi/PLUiS";"CA";"2020-03-04 23:00:00+00:00";"2015-12-09 23:00:00+00:00";"39";"49";"52";"2021";"OUI";"NON";"200071876";"";"";"";"2021-10-06";"146730";""
"49257";"3432";"PLU";"CC";"2007-01-15 23:00:00+00:00";"1999-06-09 22:00:00+00:00";"33";"49";"52";"2021";"NON";"NON";"200068955";"";"";"";"2021-10-06";"56940";""
"49259";"3199";"PLU";"COM";"2014-03-16 23:00:00+00:00";"2011-09-18 22:00:00+00:00";"39";"49";"52";"2021";"NON";"NON";"49259";"";"";"";"2021-10-06";"99849";""
"49260";"3432";"PLU";"CA";"2007-05-29 22:00:00+00:00";"2004-02-12 23:00:00+00:00";"33";"49";"52";"2021";"NON";"NON";"200071678";"";"";"";"2021-10-06";"56932";""
"49261";"3434";"PLU";"CA";"2021-06-28 22:00:00+00:00";"2016-11-20 23:00:00+00:00";"33";"49";"52";"2021";"NON";"NON";"200071876";"";"";"";"2021-10-06";"152335";""
"49262";"3399";"PLUi/PLUiS";"CA";"2020-03-04 23:00:00+00:00";"2015-12-09 23:00:00+00:00";"39";"49";"52";"2021";"OUI";"NON";"200071876";"";"";"";"2021-10-06";"146730";""
"49266";"3499";"PLU";"CC";"2020-02-12 23:00:00+00:00";"2016-06-15 22:00:00+00:00";"39";"49";"52";"2021";"NON";"NON";"200071868";"";"";"";"2021-10-06";"149836";""
"49267";"3299";"PLUi/PLUiS";"CU";"2021-09-12 22:00:00+00:00";"2018-03-11 23:00:00+00:00";"39";"49";"52";"2021";"NON";"OUI";"49267";"";"";"";"2021-10-06";"162473";""
"49269";"3432";"PLU";"CA";"2009-10-11 22:00:00+00:00";"2007-08-26 22:00:00+00:00";"33";"49";"52";"2021";"NON";"NON";"200071678";"";"";"";"2021-10-06";"53191";""
"49271";"3299";"PLUi/PLUiS";"CU";"2021-09-12 22:00:00+00:00";"2018-03-11 23:00:00+00:00";"39";"49";"52";"2021";"NON";"OUI";"49271";"";"";"";"2021-10-06";"162473";""
"49272";"3399";"PLUi/PLUiS";"CA";"2021-06-28 22:00:00+00:00";"2016-12-07 23:00:00+00:00";"39";"49";"52";"2021";"OUI";"NON";"200071876";"";"";"";"2021-10-06";"154784";""
"49278";"3299";"PLUi/PLUiS";"CU";"2021-09-12 22:00:00+00:00";"2018-03-11 23:00:00+00:00";"39";"49";"52";"2021";"NON";"OUI";"49278";"";"";"";"2021-10-06";"162473";""
"49283";"3199";"PLU";"COM";"2013-12-15 23:00:00+00:00";"2009-09-20 22:00:00+00:00";"39";"49";"52";"2021";"NON";"NON";"49283";"";"";"";"2021-10-06";"64541";""
"49284";"3199";"PLU";"COM";"2017-04-09 22:00:00+00:00";"2014-05-04 22:00:00+00:00";"39";"49";"52";"2021";"NON";"NON";"49284";"";"";"";"2021-10-06";"131239";""
"49291";"3399";"PLUi/PLUiS";"CA";"2020-03-04 23:00:00+00:00";"2015-12-09 23:00:00+00:00";"39";"49";"52";"2021";"OUI";"NON";"200071876";"";"";"";"2021-10-06";"146730";""
"49292";"3131";"PLU";"COM";"2013-09-19 22:00:00+00:00";"2009-06-18 22:00:00+00:00";"33";"49";"52";"2021";"NON";"NON";"49292";"";"";"";"2021-10-06";"64006";""
"49294";"3299";"PLUi/PLUiS";"CU";"2021-09-12 22:00:00+00:00";"2018-03-11 23:00:00+00:00";"39";"49";"52";"2021";"NON";"OUI";"49294";"";"";"";"2021-10-06";"162473";""
"49298";"3299";"PLUi/PLUiS";"CU";"2021-09-12 22:00:00+00:00";"2018-03-11 23:00:00+00:00";"39";"49";"52";"2021";"NON";"OUI";"49298";"";"";"";"2021-10-06";"162473";""
"49299";"3432";"PLU";"CA";"2012-05-03 22:00:00+00:00";"2006-06-08 22:00:00+00:00";"33";"49";"52";"2021";"NON";"NON";"200071678";"";"";"";"2021-10-06";"64543";""
"49301";"3199";"PLU";"COM";"2019-09-25 22:00:00+00:00";"2013-09-18 22:00:00+00:00";"39";"49";"52";"2021";"NON";"NON";"49301";"";"";"";"2021-10-06";"124777";""
"49302";"3399";"PLUi/PLUiS";"CA";"2020-03-04 23:00:00+00:00";"2015-12-09 23:00:00+00:00";"39";"49";"52";"2021";"OUI";"NON";"200071876";"";"";"";"2021-10-06";"146730";""
"49306";"3299";"PLUi/PLUiS";"CU";"2021-09-12 22:00:00+00:00";"2018-03-11 23:00:00+00:00";"39";"49";"52";"2021";"NON";"OUI";"49306";"";"";"";"2021-10-06";"162473";""
"49307";"3234";"PLUi/PLUiS";"CU";"2021-09-12 22:00:00+00:00";"2018-03-11 23:00:00+00:00";"33";"49";"52";"2021";"NON";"OUI";"244900015";"";"";"";"2021-10-06";"162473";""
"49308";"3199";"PLU";"COM";"2013-12-08 23:00:00+00:00";"2009-12-06 23:00:00+00:00";"39";"49";"52";"2021";"NON";"NON";"49308";"";"";"";"2021-10-06";"85050";""
"49310";"1432";"CC";"CA";"2007-12-11 23:00:00+00:00";"2001-12-12 23:00:00+00:00";"13";"49";"52";"2021";"NON";"NON";"200071678";"";"";"";"2021-10-06";"69542";""
"49311";"3399";"PLUi/PLUiS";"CA";"2021-06-28 22:00:00+00:00";"2016-12-07 23:00:00+00:00";"39";"49";"52";"2021";"OUI";"NON";"200071876";"";"";"";"2021-10-06";"154784";""
"49321";"3134";"PLU";"COM";"2010-04-08 22:00:00+00:00";"2004-02-12 23:00:00+00:00";"33";"49";"52";"2021";"NON";"NON";"200071868";"";"";"";"2021-10-06";"56945";""
"49323";"3299";"PLUi/PLUiS";"CU";"2021-09-12 22:00:00+00:00";"2018-03-11 23:00:00+00:00";"39";"49";"52";"2021";"NON";"OUI";"49323";"";"";"";"2021-10-06";"162473";""
"49326";"3299";"PLUi/PLUiS";"CU";"2021-09-12 22:00:00+00:00";"2018-03-11 23:00:00+00:00";"39";"49";"52";"2021";"NON";"OUI";"244900015";"";"";"";"2021-10-06";"162473";""
"49328";"3399";"PLUi/PLUiS";"CA";"2020-03-04 23:00:00+00:00";"2015-12-09 23:00:00+00:00";"39";"49";"52";"2021";"OUI";"NON";"200071876";"";"";"";"2021-10-06";"146730";""
"49329";"3299";"PLUi/PLUiS";"CU";"2021-09-12 22:00:00+00:00";"2018-03-11 23:00:00+00:00";"39";"49";"52";"2021";"NON";"OUI";"49329";"";"";"";"2021-10-06";"162473";""
"49330";"3499";"PLU";"CC";"2011-12-13 23:00:00+00:00";"2008-06-18 22:00:00+00:00";"39";"49";"52";"2021";"NON";"NON";"200071868";"";"";"";"2021-10-06";"64009";""
"49331";"3432";"PLU";"CC";"2014-10-27 23:00:00+00:00";"2012-12-10 23:00:00+00:00";"33";"49";"52";"2021";"NON";"NON";"244900809";"";"";"";"2021-10-06";"115835";""
"49332";"3432";"PLU";"CA";"2010-04-08 22:00:00+00:00";"2007-02-08 23:00:00+00:00";"33";"49";"52";"2021";"NON";"NON";"200071678";"";"";"";"2021-10-06";"53208";""
"49333";"3332";"PLUi/PLUiS";"CC";"2019-02-20 23:00:00+00:00";"2015-06-17 22:00:00+00:00";"33";"49";"52";"2021";"OUI";"NON";"200068955";"";"";"";"2021-10-06";"139765";""
"49334";"3332";"PLUi/PLUiS";"CC";"2019-02-20 23:00:00+00:00";"2015-06-17 22:00:00+00:00";"33";"49";"52";"2021";"OUI";"NON";"200068955";"";"";"";"2021-10-06";"139765";""
"49336";"3432";"PLU";"CA";"2005-12-08 23:00:00+00:00";"2001-07-26 22:00:00+00:00";"33";"49";"52";"2021";"NON";"NON";"200071678";"";"";"";"2021-10-06";"53210";""
"49338";"3299";"PLUi/PLUiS";"CU";"2021-09-12 22:00:00+00:00";"2018-03-11 23:00:00+00:00";"39";"49";"52";"2021";"NON";"OUI";"49338";"";"";"";"2021-10-06";"162473";""
"49339";"3299";"PLUi/PLUiS";"CU";"2021-09-12 22:00:00+00:00";"2018-03-11 23:00:00+00:00";"39";"49";"52";"2021";"NON";"OUI";"244900015";"";"";"";"2021-10-06";"162473";""
"49341";"3399";"PLUi/PLUiS";"CA";"2020-03-04 23:00:00+00:00";"2015-12-09 23:00:00+00:00";"39";"49";"52";"2021";"OUI";"NON";"200071876";"";"";"";"2021-10-06";"146730";""
"49343";"3432";"PLU";"CA";"2013-02-24 23:00:00+00:00";"2008-06-08 22:00:00+00:00";"33";"49";"52";"2021";"NON";"NON";"200071678";"";"";"";"2021-10-06";"63726";""
"49344";"3499";"PLU";"CC";"2002-12-16 23:00:00+00:00";"1999-09-15 22:00:00+00:00";"39";"49";"52";"2021";"NON";"NON";"200071868";"";"";"";"2021-10-06";"56947";""
"49345";"3131";"PLU";"COM";"2014-11-12 23:00:00+00:00";"2009-01-07 23:00:00+00:00";"33";"49";"52";"2021";"NON";"NON";"49345";"";"";"";"2021-10-06";"64002";""
"49347";"3432";"PLU";"CC";"2013-07-03 22:00:00+00:00";"2012-02-08 23:00:00+00:00";"33";"49";"52";"2021";"NON";"NON";"200068955";"";"";"";"2021-10-06";"104716";""
"49352";"3432";"PLU";"CA";"2005-02-13 23:00:00+00:00";"2001-05-22 22:00:00+00:00";"33";"49";"52";"2021";"NON";"NON";"200071678";"";"";"";"2021-10-06";"53214";""
"49353";"3299";"PLUi/PLUiS";"CU";"2021-09-12 22:00:00+00:00";"2018-03-11 23:00:00+00:00";"39";"49";"52";"2021";"NON";"OUI";"49353";"";"";"";"2021-10-06";"162473";""
"49355";"3432";"PLU";"CA";"2017-07-16 22:00:00+00:00";"2015-09-08 22:00:00+00:00";"33";"49";"52";"2021";"NON";"NON";"200071678";"";"";"";"2021-10-06";"142009";""
"49358";"3399";"PLUi/PLUiS";"CA";"2020-03-04 23:00:00+00:00";"2015-12-09 23:00:00+00:00";"39";"49";"52";"2021";"OUI";"NON";"200071876";"";"";"";"2021-10-06";"146730";""
"49359";"3399";"PLUi/PLUiS";"CA";"2016-12-13 23:00:00+00:00";"2012-12-19 23:00:00+00:00";"39";"49";"52";"2021";"OUI";"NON";"200071876";"";"";"";"2021-10-06";"116887";""
"49361";"3399";"PLUi/PLUiS";"CA";"2020-03-04 23:00:00+00:00";"2015-12-09 23:00:00+00:00";"39";"49";"52";"2021";"OUI";"NON";"200071876";"";"";"";"2021-10-06";"146730";""
"49362";"3399";"PLUi/PLUiS";"CA";"2020-03-04 23:00:00+00:00";"2015-12-09 23:00:00+00:00";"39";"49";"52";"2021";"OUI";"NON";"200071876";"";"";"";"2021-10-06";"146730";""
"49364";"3399";"PLUi/PLUiS";"CA";"2020-03-04 23:00:00+00:00";"2015-12-09 23:00:00+00:00";"39";"49";"52";"2021";"OUI";"NON";"200071876";"";"";"";"2021-10-06";"146730";""
"49367";"3499";"PLU";"CC";"2014-02-03 23:00:00+00:00";"2009-10-19 22:00:00+00:00";"39";"49";"52";"2021";"NON";"NON";"200071868";"";"";"";"2021-10-06";"64550";""
"49368";"3399";"PLUi/PLUiS";"CA";"2021-06-28 22:00:00+00:00";"2016-12-07 23:00:00+00:00";"39";"49";"52";"2021";"OUI";"NON";"200071876";"";"";"";"2021-10-06";"154784";""
"49369";"3399";"PLUi/PLUiS";"CA";"2021-06-28 22:00:00+00:00";"2016-12-07 23:00:00+00:00";"39";"49";"52";"2021";"OUI";"NON";"200071876";"";"";"";"2021-10-06";"154784";""
"49370";"3399";"PLUi/PLUiS";"CA";"2020-03-04 23:00:00+00:00";"2015-12-09 23:00:00+00:00";"39";"49";"52";"2021";"OUI";"NON";"200071876";"";"";"";"2021-10-06";"146730";""
"49371";"3432";"PLU";"CA";"2011-06-16 22:00:00+00:00";"2006-06-28 22:00:00+00:00";"33";"49";"52";"2021";"NON";"NON";"200071678";"";"";"";"2021-10-06";"64552";""
"49373";"3432";"PLU";"CA";"2014-07-16 22:00:00+00:00";"2012-01-04 23:00:00+00:00";"33";"49";"52";"2021";"NON";"NON";"200071678";"";"";"";"2021-10-06";"104838";""
"49374";"3399";"PLUi/PLUiS";"CA";"2020-03-04 23:00:00+00:00";"2015-12-09 23:00:00+00:00";"39";"49";"52";"2021";"OUI";"NON";"200071876";"";"";"";"2021-10-06";"146730";""
"49377";"3234";"PLUi/PLUiS";"CU";"2021-09-12 22:00:00+00:00";"2018-03-11 23:00:00+00:00";"33";"49";"52";"2021";"NON";"OUI";"49377";"";"";"";"2021-10-06";"162473";""
"49378";"3399";"PLUi/PLUiS";"CA";"2020-03-04 23:00:00+00:00";"2015-12-09 23:00:00+00:00";"39";"49";"52";"2021";"OUI";"NON";"200071876";"";"";"";"2021-10-06";"146730";""
"49381";"3432";"PLU";"CA";"2006-10-08 22:00:00+00:00";"2003-07-14 22:00:00+00:00";"33";"49";"52";"2021";"NON";"NON";"200071678";"";"";"";"2021-10-06";"56944";""
"50002";"3432";"PLU";"CA";"2005-12-07 23:00:00+00:00";"2001-09-02 22:00:00+00:00";"33";"50";"28";"2021";"NON";"NON";"200066389";"";"";"";"2021-10-06";"53226";""
"50003";"3432";"PLU";"CC";"2014-12-14 23:00:00+00:00";"2009-10-26 23:00:00+00:00";"33";"50";"28";"2021";"NON";"NON";"200067023";"";"";"";"2021-10-06";"53227";""
"50004";"1432";"CC";"CA";"2014-09-07 22:00:00+00:00";"2010-06-23 22:00:00+00:00";"13";"50";"28";"2021";"NON";"NON";"200066389";"";"";"";"2021-10-06";"66215";""
"50008";"3432";"PLU";"CC";"2019-03-24 23:00:00+00:00";"2015-11-03 23:00:00+00:00";"33";"50";"28";"2021";"NON";"NON";"50008";"";"";"";"2021-10-06";"142138";""
"50013";"3433";"PLU";"CA";"2008-11-17 23:00:00+00:00";"2006-09-04 22:00:00+00:00";"33";"50";"28";"2021";"NON";"NON";"200067205";"";"";"";"2021-10-06";"53229";""
"50019";"3399";"PLUi/PLUiS";"CA";"2020-02-26 23:00:00+00:00";"2015-12-18 23:00:00+00:00";"39";"50";"28";"2021";"OUI";"NON";"200069425";"";"";"";"2021-10-06";"143550";""
"50021";"3332";"PLUi/PLUiS";"CC";"2015-12-15 23:00:00+00:00";"2011-09-27 22:00:00+00:00";"33";"50";"28";"2021";"OUI";"NON";"200042729";"";"";"";"2021-10-06";"129157";""
"50023";"1432";"CC";"CC";"2011-03-09 23:00:00+00:00";"2007-09-12 22:00:00+00:00";"13";"50";"28";"2021";"NON";"NON";"200042729";"";"";"";"2021-10-06";"65477";""
"50024";"3399";"PLUi/PLUiS";"CC";"2019-09-25 22:00:00+00:00";"2013-09-10 22:00:00+00:00";"39";"50";"28";"2021";"OUI";"NON";"200067031";"";"";"";"2021-10-06";"124276";""
"50025";"3399";"PLUi/PLUiS";"CA";"2020-02-26 23:00:00+00:00";"2015-12-18 23:00:00+00:00";"39";"50";"28";"2021";"OUI";"NON";"200069425";"";"";"";"2021-10-06";"143550";""
"50027";"3399";"PLUi/PLUiS";"CA";"2020-02-26 23:00:00+00:00";"2015-12-18 23:00:00+00:00";"39";"50";"28";"2021";"OUI";"NON";"50027";"";"";"";"2021-10-06";"143550";""
"50030";"3433";"PLU";"CA";"2015-11-15 23:00:00+00:00";"2002-03-27 23:00:00+00:00";"33";"50";"28";"2021";"NON";"NON";"200067205";"";"";"";"2021-10-06";"62565";""
"50031";"3433";"PLU";"CA";"2005-12-11 23:00:00+00:00";"1999-03-12 23:00:00+00:00";"33";"50";"28";"2021";"NON";"NON";"200067205";"";"";"";"2021-10-06";"53228";""
"50034";"1432";"CC";"CA";"2007-07-01 22:00:00+00:00";"2005-11-14 23:00:00+00:00";"13";"50";"28";"2021";"NON";"NON";"200066389";"";"";"";"2021-10-06";"79640";""
"50036";"1432";"CC";"CC";"2019-02-05 23:00:00+00:00";"2016-12-31 23:00:00+00:00";"13";"50";"28";"2021";"NON";"NON";"200042729";"";"";"";"2021-10-06";"160507";""
"50041";"3434";"PLU";"CA";"2016-03-31 22:00:00+00:00";"2010-03-11 23:00:00+00:00";"33";"50";"28";"2021";"NON";"NON";"200067205";"";"";"";"2021-10-06";"64029";""
"50042";"3399";"PLUi/PLUiS";"CA";"2020-02-26 23:00:00+00:00";"2015-12-18 23:00:00+00:00";"39";"50";"28";"2021";"OUI";"NON";"50042";"";"";"";"2021-10-06";"143550";""
"50045";"1433";"CC";"CA";"2005-04-07 22:00:00+00:00";"2003-12-31 23:00:00+00:00";"13";"50";"28";"2021";"NON";"NON";"200067205";"";"";"";"2021-10-06";"68271";""
"50049";"1433";"CC";"CA";"2010-06-20 22:00:00+00:00";"2005-05-17 22:00:00+00:00";"13";"50";"28";"2021";"NON";"NON";"200067205";"";"";"";"2021-10-06";"16599";""
"50052";"3332";"PLUi/PLUiS";"CC";"2015-12-15 23:00:00+00:00";"2011-09-27 22:00:00+00:00";"33";"50";"28";"2021";"OUI";"NON";"200042729";"";"";"";"2021-10-06";"129157";""
"50059";"3332";"PLUi/PLUiS";"CC";"2015-12-15 23:00:00+00:00";"2011-09-27 22:00:00+00:00";"33";"50";"28";"2021";"OUI";"NON";"200042729";"";"";"";"2021-10-06";"129157";""
"50066";"3432";"PLU";"CC";"2020-11-21 23:00:00+00:00";"2015-06-18 22:00:00+00:00";"33";"50";"28";"2021";"NON";"NON";"50066";"";"";"";"2021-10-06";"140924";""
"50070";"3332";"PLUi/PLUiS";"CC";"2015-12-15 23:00:00+00:00";"2011-09-27 22:00:00+00:00";"33";"50";"28";"2021";"OUI";"NON";"200042729";"";"";"";"2021-10-06";"129157";""
"50076";"3432";"PLU";"CC";"2007-08-27 22:00:00+00:00";"2002-07-29 22:00:00+00:00";"33";"50";"28";"2021";"NON";"NON";"50076";"";"";"";"2021-10-06";"53231";""
"50081";"3432";"PLU";"CC";"2014-05-14 22:00:00+00:00";"2008-05-14 22:00:00+00:00";"33";"50";"28";"2021";"NON";"NON";"50081";"";"";"";"2021-10-06";"64012";""
"50082";"1433";"CC";"CA";"2007-07-23 22:00:00+00:00";"2004-06-07 22:00:00+00:00";"13";"50";"28";"2021";"NON";"NON";"200067205";"";"";"";"2021-10-06";"13581";""
"50083";"1433";"CC";"CA";"2005-10-12 22:00:00+00:00";"2002-01-16 23:00:00+00:00";"13";"50";"28";"2021";"NON";"NON";"200067205";"";"";"";"2021-10-06";"68272";""
"50085";"3432";"PLU";"CC";"2004-08-08 22:00:00+00:00";"1999-06-01 22:00:00+00:00";"33";"50";"28";"2021";"NON";"NON";"200042604";"";"";"";"2021-10-06";"53232";""
"50086";"1433";"CC";"CA";"2012-07-16 22:00:00+00:00";"2008-10-30 23:00:00+00:00";"13";"50";"28";"2021";"NON";"NON";"200067205";"";"";"";"2021-10-06";"66960";""
"50087";"3433";"PLU";"CA";"2003-06-26 22:00:00+00:00";"2001-09-26 22:00:00+00:00";"33";"50";"28";"2021";"NON";"NON";"200067205";"";"";"";"2021-10-06";"57424";""
"50090";"1499";"CC";"CA";"2015-11-18 23:00:00+00:00";"2011-02-28 23:00:00+00:00";"19";"50";"28";"2021";"NON";"NON";"200069425";"";"";"";"2021-10-06";"79767";""
"50092";"1432";"CC";"CC";"2009-04-05 22:00:00+00:00";"2005-01-23 23:00:00+00:00";"13";"50";"28";"2021";"NON";"NON";"200067023";"";"";"";"2021-10-06";"16602";""
"50093";"1432";"CC";"CC";"2007-03-15 23:00:00+00:00";"2004-02-23 23:00:00+00:00";"13";"50";"28";"2021";"NON";"NON";"200067023";"";"";"";"2021-10-06";"16603";""
"50095";"1432";"CC";"CA";"2018-05-31 22:00:00+00:00";"2016-02-29 23:00:00+00:00";"13";"50";"28";"2021";"NON";"NON";"200066389";"";"";"";"2021-10-06";"150214";""
"50098";"1432";"CC";"CA";"2008-03-12 23:00:00+00:00";"2003-04-03 22:00:00+00:00";"13";"50";"28";"2021";"NON";"NON";"200066389";"";"";"";"2021-10-06";"13621";""
"50099";"3332";"PLUi/PLUiS";"CC";"2015-12-15 23:00:00+00:00";"2011-09-27 22:00:00+00:00";"33";"50";"28";"2021";"OUI";"NON";"200042729";"";"";"";"2021-10-06";"129157";""
"50101";"3433";"PLU";"CA";"2009-03-04 23:00:00+00:00";"2004-11-11 23:00:00+00:00";"33";"50";"28";"2021";"NON";"NON";"200067205";"";"";"";"2021-10-06";"53234";""
"50102";"3432";"PLU";"CC";"2017-06-01 22:00:00+00:00";"2014-05-15 22:00:00+00:00";"33";"50";"28";"2021";"NON";"NON";"50102";"";"";"";"2021-10-06";"130086";""
"50106";"1432";"CC";"CA";"2019-01-30 23:00:00+00:00";"2015-01-05 23:00:00+00:00";"13";"50";"28";"2021";"NON";"NON";"200066389";"";"";"";"2021-10-06";"141693";""
"50108";"3399";"PLUi/PLUiS";"CA";"2020-02-26 23:00:00+00:00";"2015-12-18 23:00:00+00:00";"39";"50";"28";"2021";"OUI";"NON";"50108";"";"";"";"2021-10-06";"143550";""
"50109";"3432";"PLU";"CC";"2021-04-21 22:00:00+00:00";"2016-06-28 22:00:00+00:00";"33";"50";"28";"2021";"NON";"NON";"50109";"";"";"";"2021-10-06";"150067";""
"50110";"1432";"CC";"CA";"2005-02-02 23:00:00+00:00";"2002-12-31 23:00:00+00:00";"13";"50";"28";"2021";"NON";"NON";"200066389";"";"";"";"2021-10-06";"68275";""
"50111";"3432";"PLU";"CC";"2015-12-13 23:00:00+00:00";"2011-11-20 23:00:00+00:00";"33";"50";"28";"2021";"NON";"NON";"200067023";"";"";"";"2021-10-06";"104327";""
"50112";"1433";"CC";"CA";"2009-09-07 22:00:00+00:00";"2005-09-11 22:00:00+00:00";"13";"50";"28";"2021";"NON";"NON";"50112";"";"";"";"2021-10-06";"16614";""
"50115";"3399";"PLUi/PLUiS";"CA";"2020-02-26 23:00:00+00:00";"2015-12-18 23:00:00+00:00";"39";"50";"28";"2021";"OUI";"NON";"50115";"";"";"";"2021-10-06";"143550";""
"50117";"3432";"PLU";"CC";"2015-07-03 22:00:00+00:00";"2003-04-21 22:00:00+00:00";"33";"50";"28";"2021";"NON";"NON";"50117";"";"";"";"2021-10-06";"62573";""
"50120";"3432";"PLU";"CC";"2009-03-26 23:00:00+00:00";"2003-06-09 22:00:00+00:00";"33";"50";"28";"2021";"NON";"NON";"50120";"";"";"";"2021-10-06";"56949";""
"50126";"3399";"PLUi/PLUiS";"CA";"2020-02-26 23:00:00+00:00";"2015-12-18 23:00:00+00:00";"39";"50";"28";"2021";"OUI";"NON";"200069425";"";"";"";"2021-10-06";"143550";""
"50129";"3433";"PLU";"CA";"2007-12-18 23:00:00+00:00";"2003-05-21 22:00:00+00:00";"33";"50";"28";"2021";"NON";"NON";"200067205";"";"";"";"2021-10-06";"53244";""
"50135";"1433";"CC";"CA";"2013-07-03 22:00:00+00:00";"2011-06-29 22:00:00+00:00";"13";"50";"28";"2021";"NON";"NON";"200067205";"";"";"";"2021-10-06";"76647";""
"50137";"1432";"CC";"CC";"2002-07-22 22:00:00+00:00";"2001-11-26 23:00:00+00:00";"13";"50";"28";"2021";"NON";"NON";"50137";"";"";"";"2021-10-06";"68277";""
"50138";"1433";"CC";"CA";"2009-11-08 23:00:00+00:00";"2005-04-06 22:00:00+00:00";"13";"50";"28";"2021";"NON";"NON";"200067205";"";"";"";"2021-10-06";"16622";""
"50139";"1432";"CC";"CA";"2013-04-01 22:00:00+00:00";"2010-11-22 23:00:00+00:00";"13";"50";"28";"2021";"NON";"NON";"200066389";"";"";"";"2021-10-06";"66973";""
"50142";"3433";"PLU";"CA";"2009-06-30 22:00:00+00:00";"2002-06-04 22:00:00+00:00";"33";"50";"28";"2021";"NON";"NON";"200067205";"";"";"";"2021-10-06";"53237";""
"50143";"3432";"PLU";"CC";"2011-10-19 22:00:00+00:00";"2002-10-02 22:00:00+00:00";"33";"50";"28";"2021";"NON";"NON";"50143";"";"";"";"2021-10-06";"62574";""
"50145";"1432";"CC";"CC";"2008-07-24 22:00:00+00:00";"2006-12-31 23:00:00+00:00";"13";"50";"28";"2021";"NON";"NON";"200067023";"";"";"";"2021-10-06";"68278";""
"50146";"3399";"PLUi/PLUiS";"CA";"2020-02-26 23:00:00+00:00";"2015-12-18 23:00:00+00:00";"39";"50";"28";"2021";"OUI";"NON";"50146";"";"";"";"2021-10-06";"143550";""
"50147";"3432";"PLU";"CC";"2008-01-16 23:00:00+00:00";"2005-03-03 23:00:00+00:00";"33";"50";"28";"2021";"NON";"NON";"200067023";"";"";"";"2021-10-06";"53238";""
"50148";"1432";"CC";"CA";"2006-05-14 22:00:00+00:00";"2003-06-25 22:00:00+00:00";"13";"50";"28";"2021";"NON";"NON";"200066389";"";"";"";"2021-10-06";"13616";""
"50151";"3433";"PLU";"CC";"2017-07-11 22:00:00+00:00";"2014-09-09 22:00:00+00:00";"33";"50";"28";"2021";"NON";"NON";"200067031";"";"";"";"2021-10-06";"132503";""
"50155";"3399";"PLUi/PLUiS";"CA";"2020-02-26 23:00:00+00:00";"2015-12-18 23:00:00+00:00";"39";"50";"28";"2021";"OUI";"NON";"50155";"";"";"";"2021-10-06";"143550";""
"50159";"1432";"CC";"CA";"2010-01-14 23:00:00+00:00";"2005-10-02 22:00:00+00:00";"13";"50";"28";"2021";"NON";"NON";"200066389";"";"";"";"2021-10-06";"69556";""
"50161";"1432";"CC";"CA";"2011-12-21 23:00:00+00:00";"2009-05-19 22:00:00+00:00";"13";"50";"28";"2021";"NON";"NON";"200066389";"";"";"";"2021-10-06";"65719";""
"50162";"3433";"PLU";"CA";"2012-04-12 22:00:00+00:00";"2001-07-12 22:00:00+00:00";"33";"50";"28";"2021";"NON";"NON";"200067205";"";"";"";"2021-10-06";"64015";""
"50165";"3432";"PLU";"CC";"2007-12-09 23:00:00+00:00";"2000-11-15 23:00:00+00:00";"33";"50";"28";"2021";"NON";"NON";"50165";"";"";"";"2021-10-06";"53243";""
"50166";"3399";"PLUi/PLUiS";"CC";"2018-10-10 22:00:00+00:00";"2012-06-20 22:00:00+00:00";"39";"50";"28";"2021";"OUI";"NON";"200067031";"";"";"";"2021-10-06";"110303";""
"50167";"3399";"PLUi/PLUiS";"CA";"2020-02-26 23:00:00+00:00";"2015-12-18 23:00:00+00:00";"39";"50";"28";"2021";"OUI";"NON";"50167";"";"";"";"2021-10-06";"143550";""
"50168";"3399";"PLUi/PLUiS";"CA";"2020-02-26 23:00:00+00:00";"2015-12-18 23:00:00+00:00";"39";"50";"28";"2021";"OUI";"NON";"50168";"";"";"";"2021-10-06";"143550";""
"50172";"1433";"CC";"CA";"2009-04-08 22:00:00+00:00";"2007-03-12 23:00:00+00:00";"13";"50";"28";"2021";"NON";"NON";"200067205";"";"";"";"2021-10-06";"69554";""
"50176";"1433";"CC";"CA";"2008-09-24 22:00:00+00:00";"2003-08-18 22:00:00+00:00";"13";"50";"28";"2021";"NON";"NON";"200067205";"";"";"";"2021-10-06";"13613";""
"50177";"3332";"PLUi/PLUiS";"CC";"2015-12-15 23:00:00+00:00";"2011-09-27 22:00:00+00:00";"33";"50";"28";"2021";"OUI";"NON";"200042729";"";"";"";"2021-10-06";"129157";""
"50178";"3433";"PLU";"CA";"2014-01-29 23:00:00+00:00";"2008-07-06 22:00:00+00:00";"33";"50";"28";"2021";"NON";"NON";"200067205";"";"";"";"2021-10-06";"64018";""
"50181";"3399";"PLUi/PLUiS";"CC";"2019-09-25 22:00:00+00:00";"2013-09-10 22:00:00+00:00";"39";"50";"28";"2021";"OUI";"NON";"200067031";"";"";"";"2021-10-06";"124276";""
"50182";"1433";"CC";"CC";"2015-12-23 23:00:00+00:00";"2008-10-14 22:00:00+00:00";"13";"50";"28";"2021";"NON";"NON";"200067031";"";"";"";"2021-10-06";"66964";""
"50183";"1433";"CC";"CA";"2009-03-30 22:00:00+00:00";"2005-05-30 22:00:00+00:00";"13";"50";"28";"2021";"NON";"NON";"200067205";"";"";"";"2021-10-06";"16642";""
"50184";"3433";"PLU";"CA";"2008-02-10 23:00:00+00:00";"2003-11-06 23:00:00+00:00";"33";"50";"28";"2021";"NON";"NON";"200067205";"";"";"";"2021-10-06";"53250";""
"50186";"1433";"CC";"CA";"2011-10-05 22:00:00+00:00";"2008-10-09 22:00:00+00:00";"13";"50";"28";"2021";"NON";"NON";"200067205";"";"";"";"2021-10-06";"66965";""
"50188";"1432";"CC";"CC";"2008-03-12 23:00:00+00:00";"2004-03-18 23:00:00+00:00";"13";"50";"28";"2021";"NON";"NON";"50188";"";"";"";"2021-10-06";"13612";""
"50190";"3433";"PLU";"CA";"2007-12-13 23:00:00+00:00";"1999-04-15 22:00:00+00:00";"33";"50";"28";"2021";"NON";"NON";"200067205";"";"";"";"2021-10-06";"53251";""
"50192";"1432";"CC";"CA";"2006-11-19 23:00:00+00:00";"2003-04-28 22:00:00+00:00";"13";"50";"28";"2021";"NON";"NON";"200066389";"";"";"";"2021-10-06";"13611";""
"50193";"1433";"CC";"CA";"2011-11-27 23:00:00+00:00";"2005-04-11 22:00:00+00:00";"13";"50";"28";"2021";"NON";"NON";"50193";"";"";"";"2021-10-06";"16653";""
"50195";"1433";"CC";"CA";"2005-10-23 22:00:00+00:00";"2002-12-09 23:00:00+00:00";"13";"50";"28";"2021";"NON";"NON";"50195";"";"";"";"2021-10-06";"69559";""
"50197";"3432";"PLU";"CC";"2008-12-10 23:00:00+00:00";"2004-10-06 22:00:00+00:00";"33";"50";"28";"2021";"NON";"NON";"200067023";"";"";"";"2021-10-06";"53246";""
"50199";"3399";"PLUi/PLUiS";"CA";"2020-02-26 23:00:00+00:00";"2015-12-18 23:00:00+00:00";"39";"50";"28";"2021";"OUI";"NON";"50199";"";"";"";"2021-10-06";"143550";""
"50205";"3399";"PLUi/PLUiS";"CA";"2020-02-26 23:00:00+00:00";"2015-12-18 23:00:00+00:00";"39";"50";"28";"2021";"OUI";"NON";"50205";"";"";"";"2021-10-06";"143550";""
"50208";"3399";"PLUi/PLUiS";"CC";"2019-09-25 22:00:00+00:00";"2013-09-10 22:00:00+00:00";"39";"50";"28";"2021";"OUI";"NON";"200067031";"";"";"";"2021-10-06";"124276";""
"50209";"1433";"CC";"CA";"2005-05-08 22:00:00+00:00";"2002-12-31 23:00:00+00:00";"13";"50";"28";"2021";"NON";"NON";"200067205";"";"";"";"2021-10-06";"68316";""
"50210";"3399";"PLUi/PLUiS";"CC";"2019-09-25 22:00:00+00:00";"2013-09-10 22:00:00+00:00";"39";"50";"28";"2021";"OUI";"NON";"200067031";"";"";"";"2021-10-06";"124276";""
"50215";"1432";"CC";"CC";"2017-05-10 22:00:00+00:00";"2015-04-08 22:00:00+00:00";"13";"50";"28";"2021";"NON";"NON";"200067023";"";"";"";"2021-10-06";"141835";""
"50216";"1432";"CC";"CA";"2014-10-13 22:00:00+00:00";"2008-12-15 23:00:00+00:00";"13";"50";"28";"2021";"NON";"NON";"200066389";"";"";"";"2021-10-06";"66966";""
"50218";"3432";"PLU";"CC";"2017-05-28 22:00:00+00:00";"2010-03-25 23:00:00+00:00";"33";"50";"28";"2021";"NON";"NON";"50218";"";"";"";"2021-10-06";"62576";""
"50219";"1432";"CC";"CC";"2016-10-29 22:00:00+00:00";"2014-04-08 22:00:00+00:00";"13";"50";"28";"2021";"NON";"NON";"200067023";"";"";"";"2021-10-06";"129988";""
"50222";"1433";"CC";"CA";"2004-11-21 23:00:00+00:00";"2003-07-27 22:00:00+00:00";"13";"50";"28";"2021";"NON";"NON";"200067205";"";"";"";"2021-10-06";"68285";""
"50228";"1432";"CC";"CC";"2008-03-27 23:00:00+00:00";"2005-06-22 22:00:00+00:00";"13";"50";"28";"2021";"NON";"NON";"200067023";"";"";"";"2021-10-06";"16707";""
"50229";"3399";"PLUi/PLUiS";"CA";"2014-02-16 23:00:00+00:00";"2010-03-28 22:00:00+00:00";"39";"50";"28";"2021";"OUI";"NON";"50229";"";"";"";"2021-10-06";"87142";""
"50230";"3433";"PLU";"CA";"2011-01-20 23:00:00+00:00";"2006-04-19 22:00:00+00:00";"33";"50";"28";"2021";"NON";"NON";"200067205";"";"";"";"2021-10-06";"53254";""
"50231";"3432";"PLU";"CC";"2004-08-26 22:00:00+00:00";"1999-09-20 22:00:00+00:00";"33";"50";"28";"2021";"NON";"NON";"200067023";"";"";"";"2021-10-06";"53255";""
"50235";"1433";"CC";"CA";"2006-12-21 23:00:00+00:00";"2003-02-10 23:00:00+00:00";"13";"50";"28";"2021";"NON";"NON";"200067205";"";"";"";"2021-10-06";"13615";""
"50236";"3399";"PLUi/PLUiS";"CC";"2018-10-10 22:00:00+00:00";"2012-06-20 22:00:00+00:00";"39";"50";"28";"2021";"OUI";"NON";"200067031";"";"";"";"2021-10-06";"110303";""
"50237";"3432";"PLU";"CC";"2015-04-08 22:00:00+00:00";"2009-07-14 22:00:00+00:00";"33";"50";"28";"2021";"NON";"NON";"50237";"";"";"";"2021-10-06";"62584";""
"50238";"3433";"PLU";"CA";"2016-12-08 23:00:00+00:00";"2010-04-22 22:00:00+00:00";"33";"50";"28";"2021";"NON";"NON";"200067205";"";"";"";"2021-10-06";"62585";""
"50239";"1432";"CC";"CA";"2011-03-14 23:00:00+00:00";"2007-03-04 23:00:00+00:00";"13";"50";"28";"2021";"NON";"NON";"200066389";"";"";"";"2021-10-06";"65314";""
"50240";"1433";"CC";"CA";"2011-03-09 23:00:00+00:00";"2006-12-31 23:00:00+00:00";"13";"50";"28";"2021";"NON";"NON";"200067205";"";"";"";"2021-10-06";"104926";""
"50241";"1433";"CC";"CA";"2012-10-17 22:00:00+00:00";"2008-09-11 22:00:00+00:00";"13";"50";"28";"2021";"NON";"NON";"200067205";"";"";"";"2021-10-06";"66968";""
"50243";"3432";"PLU";"CC";"2011-11-03 23:00:00+00:00";"2006-09-06 22:00:00+00:00";"33";"50";"28";"2021";"NON";"NON";"200067023";"";"";"";"2021-10-06";"62582";""
"50246";"3332";"PLUi/PLUiS";"CC";"2015-12-15 23:00:00+00:00";"2011-09-27 22:00:00+00:00";"33";"50";"28";"2021";"OUI";"NON";"200042729";"";"";"";"2021-10-06";"129157";""
"50251";"1433";"CC";"CA";"2012-05-20 22:00:00+00:00";"2010-10-17 22:00:00+00:00";"13";"50";"28";"2021";"NON";"NON";"200067205";"";"";"";"2021-10-06";"79774";""
"50252";"3432";"PLU";"CC";"2005-03-17 23:00:00+00:00";"2003-04-23 22:00:00+00:00";"33";"50";"28";"2021";"NON";"NON";"50252";"";"";"";"2021-10-06";"53262";""
"50253";"3399";"PLUi/PLUiS";"CA";"2020-02-26 23:00:00+00:00";"2015-12-18 23:00:00+00:00";"39";"50";"28";"2021";"OUI";"NON";"50253";"";"";"";"2021-10-06";"143550";""
"50256";"3399";"PLUi/PLUiS";"CA";"2020-02-26 23:00:00+00:00";"2015-12-18 23:00:00+00:00";"39";"50";"28";"2021";"OUI";"NON";"50256";"";"";"";"2021-10-06";"143550";""
"50258";"1433";"CC";"CA";"2011-11-24 23:00:00+00:00";"2008-12-14 23:00:00+00:00";"13";"50";"28";"2021";"NON";"NON";"200067205";"";"";"";"2021-10-06";"66971";""
"50259";"3399";"PLUi/PLUiS";"CA";"2020-02-26 23:00:00+00:00";"2015-12-18 23:00:00+00:00";"39";"50";"28";"2021";"OUI";"NON";"50259";"";"";"";"2021-10-06";"143550";""
"50260";"3433";"PLU";"CA";"2009-11-23 23:00:00+00:00";"2002-11-12 23:00:00+00:00";"33";"50";"28";"2021";"NON";"NON";"50260";"";"";"";"2021-10-06";"53257";""
"50263";"2499";"POS";"CA";"1989-05-24 22:00:00+00:00";"1985-03-14 23:00:00+00:00";"29";"50";"28";"2021";"NON";"NON";"50263";"";"";"";"2021-10-06";"56169";""
"50266";"1432";"CC";"CC";"2016-07-19 22:00:00+00:00";"2011-09-22 22:00:00+00:00";"13";"50";"28";"2021";"NON";"NON";"200067023";"";"";"";"2021-10-06";"78756";""
"50267";"3433";"PLU";"CC";"2008-06-03 22:00:00+00:00";"2002-06-05 22:00:00+00:00";"33";"50";"28";"2021";"NON";"NON";"200067031";"";"";"";"2021-10-06";"53264";""
"50269";"3332";"PLUi/PLUiS";"CC";"2015-12-15 23:00:00+00:00";"2011-09-27 22:00:00+00:00";"33";"50";"28";"2021";"OUI";"NON";"200042729";"";"";"";"2021-10-06";"129157";""
"50270";"1433";"CC";"CA";"2005-09-19 22:00:00+00:00";"2003-12-31 23:00:00+00:00";"13";"50";"28";"2021";"NON";"NON";"200067205";"";"";"";"2021-10-06";"68288";""
"50272";"3432";"PLU";"CC";"2006-11-16 23:00:00+00:00";"1999-07-29 22:00:00+00:00";"33";"50";"28";"2021";"NON";"NON";"200067023";"";"";"";"2021-10-06";"53266";""
"50273";"3399";"PLUi/PLUiS";"CC";"2018-10-10 22:00:00+00:00";"2012-06-20 22:00:00+00:00";"39";"50";"28";"2021";"OUI";"NON";"200067031";"";"";"";"2021-10-06";"110303";""
"50274";"3499";"PLU";"CA";"2009-05-19 22:00:00+00:00";"2001-10-29 23:00:00+00:00";"39";"50";"28";"2021";"NON";"NON";"50274";"";"";"";"2021-10-06";"53259";""
"50276";"3399";"PLUi/PLUiS";"CA";"2020-02-26 23:00:00+00:00";"2015-12-18 23:00:00+00:00";"39";"50";"28";"2021";"OUI";"NON";"50276";"";"";"";"2021-10-06";"143550";""
"50277";"3432";"PLU";"CC";"2019-12-16 23:00:00+00:00";"2016-12-11 23:00:00+00:00";"33";"50";"28";"2021";"NON";"NON";"50277";"";"";"";"2021-10-06";"153559";""
"50279";"1432";"CC";"CA";"2017-07-19 22:00:00+00:00";"2011-07-11 22:00:00+00:00";"13";"50";"28";"2021";"NON";"NON";"200066389";"";"";"";"2021-10-06";"66972";""
"50281";"3432";"PLU";"CC";"2007-07-04 22:00:00+00:00";"2004-06-09 22:00:00+00:00";"33";"50";"28";"2021";"NON";"NON";"50281";"";"";"";"2021-10-06";"53263";""
"50282";"3399";"PLUi/PLUiS";"CA";"2020-02-26 23:00:00+00:00";"2015-12-18 23:00:00+00:00";"39";"50";"28";"2021";"OUI";"NON";"50282";"";"";"";"2021-10-06";"143550";""
"50285";"1433";"CC";"CA";"2010-01-25 23:00:00+00:00";"2004-02-22 23:00:00+00:00";"13";"50";"28";"2021";"NON";"NON";"200067205";"";"";"";"2021-10-06";"13742";""
"50288";"3399";"PLUi/PLUiS";"CA";"2020-02-26 23:00:00+00:00";"2015-12-18 23:00:00+00:00";"39";"50";"28";"2021";"OUI";"NON";"50288";"";"";"";"2021-10-06";"143550";""
"50289";"3399";"PLUi/PLUiS";"CC";"2019-09-25 22:00:00+00:00";"2013-09-10 22:00:00+00:00";"39";"50";"28";"2021";"OUI";"NON";"200067031";"";"";"";"2021-10-06";"124276";""
"50290";"3399";"PLUi/PLUiS";"CA";"2020-02-26 23:00:00+00:00";"2015-12-18 23:00:00+00:00";"39";"50";"28";"2021";"OUI";"NON";"50290";"";"";"";"2021-10-06";"143550";""
"50292";"1432";"CC";"CA";"2011-03-30 22:00:00+00:00";"2008-02-14 23:00:00+00:00";"13";"50";"28";"2021";"NON";"NON";"200066389";"";"";"";"2021-10-06";"66217";""
"50294";"3433";"PLU";"CA";"2003-10-13 22:00:00+00:00";"1998-02-11 23:00:00+00:00";"33";"50";"28";"2021";"NON";"NON";"200067205";"";"";"";"2021-10-06";"53267";""
"50297";"3432";"PLU";"CA";"2006-06-08 22:00:00+00:00";"2002-10-21 22:00:00+00:00";"33";"50";"28";"2021";"NON";"NON";"200066389";"";"";"";"2021-10-06";"53269";""
"50298";"3432";"PLU";"CC";"2008-11-30 23:00:00+00:00";"2004-05-16 22:00:00+00:00";"33";"50";"28";"2021";"NON";"NON";"200042729";"";"";"";"2021-10-06";"53270";""
"50299";"1433";"CC";"CA";"2008-09-01 22:00:00+00:00";"2005-05-19 22:00:00+00:00";"13";"50";"28";"2021";"NON";"NON";"200067205";"";"";"";"2021-10-06";"16662";""
"50302";"1432";"CC";"CA";"2014-03-18 23:00:00+00:00";"2011-04-17 22:00:00+00:00";"13";"50";"28";"2021";"NON";"NON";"200066389";"";"";"";"2021-10-06";"79424";""
"50304";"1432";"CC";"CC";"2007-06-13 22:00:00+00:00";"2003-11-12 23:00:00+00:00";"13";"50";"28";"2021";"NON";"NON";"50304";"";"";"";"2021-10-06";"16663";""
"50317";"3399";"PLUi/PLUiS";"CA";"2020-02-26 23:00:00+00:00";"2015-12-18 23:00:00+00:00";"39";"50";"28";"2021";"OUI";"NON";"50317";"";"";"";"2021-10-06";"143550";""
"50321";"3432";"PLU";"CA";"2014-02-25 23:00:00+00:00";"2010-02-09 23:00:00+00:00";"33";"50";"28";"2021";"NON";"NON";"200066389";"";"";"";"2021-10-06";"62590";""
"50328";"1433";"CC";"CC";"2008-10-15 22:00:00+00:00";"2003-09-17 22:00:00+00:00";"13";"50";"28";"2021";"NON";"NON";"200067031";"";"";"";"2021-10-06";"13740";""
"50332";"3433";"PLU";"CA";"2003-07-21 22:00:00+00:00";"1999-04-27 22:00:00+00:00";"33";"50";"28";"2021";"NON";"NON";"200067205";"";"";"";"2021-10-06";"58948";""
"50335";"1433";"CC";"CA";"2006-06-25 22:00:00+00:00";"2003-02-28 23:00:00+00:00";"13";"50";"28";"2021";"NON";"NON";"200067205";"";"";"";"2021-10-06";"13586";""
"50338";"1432";"CC";"CC";"2013-06-16 22:00:00+00:00";"2009-11-20 23:00:00+00:00";"13";"50";"28";"2021";"NON";"NON";"50338";"";"";"";"2021-10-06";"16665";""
"50341";"3433";"PLU";"CA";"2016-03-21 23:00:00+00:00";"2009-09-29 22:00:00+00:00";"33";"50";"28";"2021";"NON";"NON";"200067205";"";"";"";"2021-10-06";"62591";""
"50342";"3433";"PLU";"CA";"2016-02-14 23:00:00+00:00";"2010-03-22 23:00:00+00:00";"33";"50";"28";"2021";"NON";"NON";"200067205";"";"";"";"2021-10-06";"62592";""
"50345";"3432";"PLU";"CC";"2017-03-21 23:00:00+00:00";"2012-02-29 23:00:00+00:00";"33";"50";"28";"2021";"NON";"NON";"200067023";"";"";"";"2021-10-06";"107294";""
"50347";"3399";"PLUi/PLUiS";"CA";"2014-02-16 23:00:00+00:00";"2010-03-28 22:00:00+00:00";"39";"50";"28";"2021";"OUI";"NON";"50347";"";"";"";"2021-10-06";"87142";""
"50350";"1432";"CC";"CC";"2007-05-28 22:00:00+00:00";"2004-07-05 22:00:00+00:00";"13";"50";"28";"2021";"NON";"NON";"200067023";"";"";"";"2021-10-06";"13723";""
"50353";"3399";"PLUi/PLUiS";"CA";"2020-02-26 23:00:00+00:00";"2015-12-18 23:00:00+00:00";"39";"50";"28";"2021";"OUI";"NON";"50353";"";"";"";"2021-10-06";"143550";""
"50356";"1432";"CC";"CA";"2008-05-21 22:00:00+00:00";"2003-11-12 23:00:00+00:00";"13";"50";"28";"2021";"NON";"NON";"200066389";"";"";"";"2021-10-06";"16669";""
"50359";"3433";"PLU";"CA";"2011-06-27 22:00:00+00:00";"2005-06-13 22:00:00+00:00";"33";"50";"28";"2021";"NON";"NON";"50359";"";"";"";"2021-10-06";"62567";""
"50360";"1433";"CC";"CA";"2010-06-09 22:00:00+00:00";"2007-01-16 23:00:00+00:00";"13";"50";"28";"2021";"NON";"NON";"200067205";"";"";"";"2021-10-06";"69581";""
"50362";"2499";"POS";"CA";"1993-08-01 22:00:00+00:00";"1985-03-13 23:00:00+00:00";"29";"50";"28";"2021";"NON";"NON";"50362";"";"";"";"2021-10-06";"56177";""
"50363";"3432";"PLU";"CA";"2005-05-15 22:00:00+00:00";"2003-04-07 22:00:00+00:00";"33";"50";"28";"2021";"NON";"NON";"200066389";"";"";"";"2021-10-06";"53271";""
"50364";"1432";"CC";"CC";"2008-03-10 23:00:00+00:00";"2005-09-11 22:00:00+00:00";"13";"50";"28";"2021";"NON";"NON";"200067023";"";"";"";"2021-10-06";"68292";""
"50365";"1432";"CC";"CC";"2009-06-01 22:00:00+00:00";"2003-11-06 23:00:00+00:00";"13";"50";"28";"2021";"NON";"NON";"50365";"";"";"";"2021-10-06";"13735";""
"50368";"3399";"PLUi/PLUiS";"CC";"2019-09-25 22:00:00+00:00";"2013-09-10 22:00:00+00:00";"39";"50";"28";"2021";"OUI";"NON";"200067031";"";"";"";"2021-10-06";"124276";""
"50369";"1433";"CC";"CA";"2006-11-22 23:00:00+00:00";"2003-07-04 22:00:00+00:00";"13";"50";"28";"2021";"NON";"NON";"200067205";"";"";"";"2021-10-06";"13726";""
"50372";"3399";"PLUi/PLUiS";"CC";"2018-10-10 22:00:00+00:00";"2012-06-20 22:00:00+00:00";"39";"50";"28";"2021";"OUI";"NON";"200067031";"";"";"";"2021-10-06";"110303";""
"50373";"3332";"PLUi/PLUiS";"CC";"2015-12-15 23:00:00+00:00";"2011-09-27 22:00:00+00:00";"33";"50";"28";"2021";"OUI";"NON";"200042729";"";"";"";"2021-10-06";"129157";""
"50376";"3432";"PLU";"CC";"2019-07-09 22:00:00+00:00";"2015-01-18 23:00:00+00:00";"33";"50";"28";"2021";"NON";"NON";"200067023";"";"";"";"2021-10-06";"142667";""
"50382";"3433";"PLU";"CA";"2010-11-03 23:00:00+00:00";"2006-11-13 23:00:00+00:00";"33";"50";"28";"2021";"NON";"NON";"200067205";"";"";"";"2021-10-06";"53274";""
"50384";"1433";"CC";"CA";"2007-01-31 23:00:00+00:00";"2004-02-10 23:00:00+00:00";"13";"50";"28";"2021";"NON";"NON";"200067205";"";"";"";"2021-10-06";"13730";""
"50388";"3432";"PLU";"CC";"2009-11-23 23:00:00+00:00";"2004-02-25 23:00:00+00:00";"33";"50";"28";"2021";"NON";"NON";"200067023";"";"";"";"2021-10-06";"53275";""
"50389";"1432";"CC";"CC";"2007-07-25 22:00:00+00:00";"2005-05-18 22:00:00+00:00";"13";"50";"28";"2021";"NON";"NON";"200067023";"";"";"";"2021-10-06";"16671";""
"50390";"1433";"CC";"CA";"2010-08-09 22:00:00+00:00";"2007-10-04 22:00:00+00:00";"13";"50";"28";"2021";"NON";"NON";"200067205";"";"";"";"2021-10-06";"69582";""
"50391";"3499";"PLU";"CA";"2006-08-30 22:00:00+00:00";"2001-10-24 22:00:00+00:00";"39";"50";"28";"2021";"NON";"NON";"50391";"";"";"";"2021-10-06";"53282";""
"50393";"3432";"PLU";"CC";"2017-06-28 22:00:00+00:00";"2013-01-14 23:00:00+00:00";"33";"50";"28";"2021";"NON";"NON";"50393";"";"";"";"2021-10-06";"120393";""
"50394";"3399";"PLUi/PLUiS";"CC";"2019-09-25 22:00:00+00:00";"2013-09-10 22:00:00+00:00";"39";"50";"28";"2021";"OUI";"NON";"200067031";"";"";"";"2021-10-06";"124276";""
"50395";"3433";"PLU";"CA";"2009-01-26 23:00:00+00:00";"2006-07-05 22:00:00+00:00";"33";"50";"28";"2021";"NON";"NON";"200067205";"";"";"";"2021-10-06";"53276";""
"50400";"3332";"PLUi/PLUiS";"CC";"2015-12-15 23:00:00+00:00";"2011-09-27 22:00:00+00:00";"33";"50";"28";"2021";"OUI";"NON";"200042729";"";"";"";"2021-10-06";"129157";""
"50401";"1433";"CC";"CA";"2007-03-12 23:00:00+00:00";"2002-06-26 22:00:00+00:00";"13";"50";"28";"2021";"NON";"NON";"200067205";"";"";"";"2021-10-06";"13728";""
"50402";"3433";"PLU";"CA";"2019-02-06 23:00:00+00:00";"2012-12-19 23:00:00+00:00";"33";"50";"28";"2021";"NON";"NON";"200067205";"";"";"";"2021-10-06";"53278";""
"50405";"3399";"PLUi/PLUiS";"CC";"2019-09-25 22:00:00+00:00";"2013-09-10 22:00:00+00:00";"39";"50";"28";"2021";"OUI";"NON";"200067031";"";"";"";"2021-10-06";"124276";""
"50407";"3399";"PLUi/PLUiS";"CA";"2020-02-26 23:00:00+00:00";"2015-12-18 23:00:00+00:00";"39";"50";"28";"2021";"OUI";"NON";"50407";"";"";"";"2021-10-06";"143550";""
"50408";"3399";"PLUi/PLUiS";"CA";"2020-02-26 23:00:00+00:00";"2015-12-18 23:00:00+00:00";"39";"50";"28";"2021";"OUI";"NON";"50408";"";"";"";"2021-10-06";"143550";""
"50409";"1432";"CC";"CA";"2016-03-24 23:00:00+00:00";"2008-12-07 23:00:00+00:00";"13";"50";"28";"2021";"NON";"NON";"200066389";"";"";"";"2021-10-06";"66969";""
"50410";"3399";"PLUi/PLUiS";"CA";"2020-02-26 23:00:00+00:00";"2015-12-18 23:00:00+00:00";"39";"50";"28";"2021";"OUI";"NON";"50410";"";"";"";"2021-10-06";"143550";""
"50411";"3399";"PLUi/PLUiS";"CA";"2020-02-26 23:00:00+00:00";"2015-12-18 23:00:00+00:00";"39";"50";"28";"2021";"OUI";"NON";"50411";"";"";"";"2021-10-06";"143550";""
"50412";"3433";"PLU";"CA";"2016-12-28 23:00:00+00:00";"2010-01-17 23:00:00+00:00";"33";"50";"28";"2021";"NON";"NON";"200067205";"";"";"";"2021-10-06";"62580";""
"50413";"3399";"PLUi/PLUiS";"CA";"2020-02-26 23:00:00+00:00";"2015-12-18 23:00:00+00:00";"39";"50";"28";"2021";"OUI";"NON";"50413";"";"";"";"2021-10-06";"143550";""
"50417";"3433";"PLU";"CA";"2018-03-14 23:00:00+00:00";"2015-10-29 23:00:00+00:00";"33";"50";"28";"2021";"NON";"NON";"200067205";"";"";"";"2021-10-06";"148416";""
"50419";"1432";"CC";"CC";"2012-04-13 22:00:00+00:00";"2006-02-08 23:00:00+00:00";"13";"50";"28";"2021";"NON";"NON";"200067023";"";"";"";"2021-10-06";"66984";""
"50420";"1432";"CC";"CA";"2004-06-30 22:00:00+00:00";"2001-12-19 23:00:00+00:00";"13";"50";"28";"2021";"NON";"NON";"200066389";"";"";"";"2021-10-06";"70395";""
"50422";"3399";"PLUi/PLUiS";"CC";"2019-09-25 22:00:00+00:00";"2013-09-10 22:00:00+00:00";"39";"50";"28";"2021";"OUI";"NON";"200067031";"";"";"";"2021-10-06";"124276";""
"50423";"1432";"CC";"CA";"2010-06-09 22:00:00+00:00";"2008-06-25 22:00:00+00:00";"13";"50";"28";"2021";"NON";"NON";"200066389";"";"";"";"2021-10-06";"70394";""
"50425";"1433";"CC";"CA";"2008-03-30 22:00:00+00:00";"2004-12-31 23:00:00+00:00";"13";"50";"28";"2021";"NON";"NON";"200067205";"";"";"";"2021-10-06";"68297";""
"50426";"1433";"CC";"CA";"2012-02-21 23:00:00+00:00";"2008-05-28 22:00:00+00:00";"13";"50";"28";"2021";"NON";"NON";"200067205";"";"";"";"2021-10-06";"66977";""
"50435";"1433";"CC";"CA";"2006-04-09 22:00:00+00:00";"2003-09-07 22:00:00+00:00";"13";"50";"28";"2021";"NON";"NON";"200067205";"";"";"";"2021-10-06";"13580";""
"50436";"1433";"CC";"CA";"2007-11-14 23:00:00+00:00";"2004-02-18 23:00:00+00:00";"13";"50";"28";"2021";"NON";"NON";"50436";"";"";"";"2021-10-06";"16646";""
"50437";"1432";"CC";"CC";"2007-01-04 23:00:00+00:00";"2002-11-04 23:00:00+00:00";"13";"50";"28";"2021";"NON";"NON";"200067023";"";"";"";"2021-10-06";"13579";""
"50442";"3433";"PLU";"CA";"2010-11-22 23:00:00+00:00";"2005-05-16 22:00:00+00:00";"33";"50";"28";"2021";"NON";"NON";"200067205";"";"";"";"2021-10-06";"56950";""
"50443";"3399";"PLUi/PLUiS";"CA";"2020-02-26 23:00:00+00:00";"2015-12-18 23:00:00+00:00";"39";"50";"28";"2021";"OUI";"NON";"50443";"";"";"";"2021-10-06";"143550";""
"50444";"3432";"PLU";"CA";"2011-10-19 22:00:00+00:00";"2004-03-10 23:00:00+00:00";"33";"50";"28";"2021";"NON";"NON";"200066389";"";"";"";"2021-10-06";"64024";""
"50446";"3432";"PLU";"CA";"2016-10-06 22:00:00+00:00";"2008-11-13 23:00:00+00:00";"33";"50";"28";"2021";"NON";"NON";"200066389";"";"";"";"2021-10-06";"64025";""
"50447";"3432";"PLU";"CC";"2018-11-25 23:00:00+00:00";"2015-06-10 22:00:00+00:00";"33";"50";"28";"2021";"NON";"NON";"50447";"";"";"";"2021-10-06";"139519";""
"50448";"3399";"PLUi/PLUiS";"CA";"2014-02-16 23:00:00+00:00";"2010-03-28 22:00:00+00:00";"39";"50";"28";"2021";"OUI";"NON";"50448";"";"";"";"2021-10-06";"87142";""
"50451";"3399";"PLUi/PLUiS";"CA";"2020-02-26 23:00:00+00:00";"2015-12-18 23:00:00+00:00";"39";"50";"28";"2021";"OUI";"NON";"50451";"";"";"";"2021-10-06";"143550";""
"50452";"3499";"PLU";"CA";"2006-12-19 23:00:00+00:00";"2001-08-28 22:00:00+00:00";"39";"50";"28";"2021";"NON";"NON";"50452";"";"";"";"2021-10-06";"53284";""
"50453";"3432";"PLU";"CC";"2013-06-25 22:00:00+00:00";"2005-01-24 23:00:00+00:00";"33";"50";"28";"2021";"NON";"NON";"50453";"";"";"";"2021-10-06";"49662";""
"50454";"1433";"CC";"CA";"2005-11-16 23:00:00+00:00";"2002-05-31 22:00:00+00:00";"13";"50";"28";"2021";"NON";"NON";"200067205";"";"";"";"2021-10-06";"68301";""
"50455";"3432";"PLU";"CA";"2014-03-17 23:00:00+00:00";"2011-02-28 23:00:00+00:00";"33";"50";"28";"2021";"NON";"NON";"200066389";"";"";"";"2021-10-06";"87132";""
"50461";"1433";"CC";"CA";"2006-10-05 22:00:00+00:00";"2001-09-14 22:00:00+00:00";"13";"50";"28";"2021";"NON";"NON";"200067205";"";"";"";"2021-10-06";"13582";""
"50463";"1432";"CC";"CC";"2012-10-24 22:00:00+00:00";"2009-12-21 23:00:00+00:00";"13";"50";"28";"2021";"NON";"NON";"200067023";"";"";"";"2021-10-06";"66979";""
"50464";"1432";"CC";"CC";"2008-01-09 23:00:00+00:00";"2003-10-12 22:00:00+00:00";"13";"50";"28";"2021";"NON";"NON";"200067023";"";"";"";"2021-10-06";"16683";""
"50467";"1433";"CC";"CA";"2007-11-24 23:00:00+00:00";"2005-05-03 22:00:00+00:00";"13";"50";"28";"2021";"NON";"NON";"200067205";"";"";"";"2021-10-06";"16685";""
"50468";"1432";"CC";"CA";"2007-12-18 23:00:00+00:00";"2002-11-25 23:00:00+00:00";"13";"50";"28";"2021";"NON";"NON";"200066389";"";"";"";"2021-10-06";"13572";""
"50469";"1433";"CC";"CA";"2009-03-08 23:00:00+00:00";"2002-06-26 22:00:00+00:00";"13";"50";"28";"2021";"NON";"NON";"200067205";"";"";"";"2021-10-06";"13571";""
"50471";"3433";"PLU";"CA";"2003-12-24 23:00:00+00:00";"2000-02-22 23:00:00+00:00";"33";"50";"28";"2021";"NON";"NON";"200067205";"";"";"";"2021-10-06";"58957";""
"50473";"1432";"CC";"CA";"2010-01-19 23:00:00+00:00";"2006-05-28 22:00:00+00:00";"13";"50";"28";"2021";"NON";"NON";"200066389";"";"";"";"2021-10-06";"69583";""
"50474";"3433";"PLU";"CA";"2011-03-22 23:00:00+00:00";"2004-06-07 22:00:00+00:00";"33";"50";"28";"2021";"NON";"NON";"50474";"";"";"";"2021-10-06";"49661";""
"50475";"3432";"PLU";"CA";"2009-10-28 23:00:00+00:00";"2005-01-10 23:00:00+00:00";"33";"50";"28";"2021";"NON";"NON";"200066389";"";"";"";"2021-10-06";"53285";""
"50478";"1433";"CC";"CA";"2009-03-18 23:00:00+00:00";"2005-03-02 23:00:00+00:00";"13";"50";"28";"2021";"NON";"NON";"200067205";"";"";"";"2021-10-06";"16690";""
"50479";"3332";"PLUi/PLUiS";"CC";"2015-12-15 23:00:00+00:00";"2011-09-27 22:00:00+00:00";"33";"50";"28";"2021";"OUI";"NON";"200042729";"";"";"";"2021-10-06";"129157";""
"50480";"1433";"CC";"CA";"2006-03-30 22:00:00+00:00";"2002-02-17 23:00:00+00:00";"13";"50";"28";"2021";"NON";"NON";"200067205";"";"";"";"2021-10-06";"16691";""
"50481";"3433";"PLU";"CC";"2013-06-23 22:00:00+00:00";"2005-06-27 22:00:00+00:00";"33";"50";"28";"2021";"NON";"NON";"200067031";"";"";"";"2021-10-06";"62602";""
"50482";"3399";"PLUi/PLUiS";"CC";"2019-09-25 22:00:00+00:00";"2013-09-10 22:00:00+00:00";"39";"50";"28";"2021";"OUI";"NON";"200067031";"";"";"";"2021-10-06";"124276";""
"50483";"3432";"PLU";"CA";"2006-07-23 22:00:00+00:00";"2002-09-18 22:00:00+00:00";"33";"50";"28";"2021";"NON";"NON";"200066389";"";"";"";"2021-10-06";"53286";""
"50484";"3499";"PLU";"CA";"2016-12-13 23:00:00+00:00";"2011-12-19 23:00:00+00:00";"39";"50";"28";"2021";"NON";"NON";"50484";"";"";"";"2021-10-06";"106967";""
"50486";"1433";"CC";"CA";"2012-08-27 22:00:00+00:00";"2002-06-12 22:00:00+00:00";"13";"50";"28";"2021";"NON";"NON";"200067205";"";"";"";"2021-10-06";"13569";""
"50487";"3399";"PLUi/PLUiS";"CA";"2014-02-16 23:00:00+00:00";"2010-03-28 22:00:00+00:00";"39";"50";"28";"2021";"OUI";"NON";"50487";"";"";"";"2021-10-06";"87142";""
"50489";"3399";"PLUi/PLUiS";"CA";"2020-02-26 23:00:00+00:00";"2015-12-18 23:00:00+00:00";"39";"50";"28";"2021";"OUI";"NON";"50489";"";"";"";"2021-10-06";"143550";""
"50490";"3433";"PLU";"CA";"2015-12-28 23:00:00+00:00";"2007-06-11 22:00:00+00:00";"33";"50";"28";"2021";"NON";"NON";"200067205";"";"";"";"2021-10-06";"62601";""
"50492";"1432";"CC";"CA";"2016-05-31 22:00:00+00:00";"2013-02-24 23:00:00+00:00";"13";"50";"28";"2021";"NON";"NON";"200066389";"";"";"";"2021-10-06";"120430";""
"50493";"3432";"PLU";"CC";"2006-07-09 22:00:00+00:00";"2002-02-13 23:00:00+00:00";"33";"50";"28";"2021";"NON";"NON";"50493";"";"";"";"2021-10-06";"53291";""
"50496";"3399";"PLUi/PLUiS";"CA";"2020-02-26 23:00:00+00:00";"2015-12-18 23:00:00+00:00";"39";"50";"28";"2021";"OUI";"NON";"50496";"";"";"";"2021-10-06";"143550";""
"50498";"3433";"PLU";"CA";"2013-04-23 22:00:00+00:00";"2006-05-08 22:00:00+00:00";"33";"50";"28";"2021";"NON";"NON";"200067205";"";"";"";"2021-10-06";"62605";""
"50499";"1433";"CC";"CA";"2009-01-11 23:00:00+00:00";"2006-10-20 22:00:00+00:00";"13";"50";"28";"2021";"NON";"NON";"50499";"";"";"";"2021-10-06";"69584";""
"50500";"3399";"PLUi/PLUiS";"CA";"2014-02-16 23:00:00+00:00";"2010-03-28 22:00:00+00:00";"39";"50";"28";"2021";"OUI";"NON";"50500";"";"";"";"2021-10-06";"87142";""
"50502";"3432";"PLU";"CA";"2013-06-23 22:00:00+00:00";"2007-04-22 22:00:00+00:00";"33";"50";"28";"2021";"NON";"NON";"200066389";"";"";"";"2021-10-06";"53287";""
"50505";"3399";"PLUi/PLUiS";"CA";"2020-02-26 23:00:00+00:00";"2015-12-18 23:00:00+00:00";"39";"50";"28";"2021";"OUI";"NON";"50505";"";"";"";"2021-10-06";"143550";""
"50506";"1432";"CC";"CC";"2015-03-02 23:00:00+00:00";"2009-10-08 22:00:00+00:00";"13";"50";"28";"2021";"NON";"NON";"200067023";"";"";"";"2021-10-06";"13596";""
"50507";"3433";"PLU";"CA";"2011-03-01 23:00:00+00:00";"2002-06-12 22:00:00+00:00";"33";"50";"28";"2021";"NON";"NON";"200067205";"";"";"";"2021-10-06";"62607";""
"50509";"3332";"PLUi/PLUiS";"CC";"2015-12-15 23:00:00+00:00";"2011-09-27 22:00:00+00:00";"33";"50";"28";"2021";"OUI";"NON";"200042729";"";"";"";"2021-10-06";"129157";""
"50510";"3399";"PLUi/PLUiS";"CC";"2019-09-25 22:00:00+00:00";"2013-09-10 22:00:00+00:00";"39";"50";"28";"2021";"OUI";"NON";"200067031";"";"";"";"2021-10-06";"124276";""
"50512";"1432";"CC";"CA";"2009-05-24 22:00:00+00:00";"2005-11-23 23:00:00+00:00";"13";"50";"28";"2021";"NON";"NON";"200066389";"";"";"";"2021-10-06";"16694";""
"50517";"3332";"PLUi/PLUiS";"CC";"2015-12-15 23:00:00+00:00";"2011-09-27 22:00:00+00:00";"33";"50";"28";"2021";"OUI";"NON";"200042729";"";"";"";"2021-10-06";"129157";""
"50519";"1433";"CC";"CA";"2005-12-11 23:00:00+00:00";"2004-12-31 23:00:00+00:00";"13";"50";"28";"2021";"NON";"NON";"200067205";"";"";"";"2021-10-06";"68309";""
"50522";"1433";"CC";"CA";"2012-10-17 22:00:00+00:00";"2001-11-05 23:00:00+00:00";"13";"50";"28";"2021";"NON";"NON";"200067205";"";"";"";"2021-10-06";"13574";""
"50523";"3332";"PLUi/PLUiS";"CC";"2015-12-15 23:00:00+00:00";"2011-09-27 22:00:00+00:00";"33";"50";"28";"2021";"OUI";"NON";"200042729";"";"";"";"2021-10-06";"129157";""
"50528";"3399";"PLUi/PLUiS";"CC";"2018-10-10 22:00:00+00:00";"2012-06-20 22:00:00+00:00";"39";"50";"28";"2021";"OUI";"NON";"200067031";"";"";"";"2021-10-06";"110303";""
"50531";"3399";"PLUi/PLUiS";"CA";"2020-02-26 23:00:00+00:00";"2015-12-18 23:00:00+00:00";"39";"50";"28";"2021";"OUI";"NON";"50531";"";"";"";"2021-10-06";"143550";""
"50532";"3432";"PLU";"CC";"2007-04-02 22:00:00+00:00";"1999-06-29 22:00:00+00:00";"33";"50";"28";"2021";"NON";"NON";"50532";"";"";"";"2021-10-06";"53299";""
"50533";"1433";"CC";"CC";"2011-11-15 23:00:00+00:00";"2009-03-26 23:00:00+00:00";"13";"50";"28";"2021";"NON";"NON";"200067031";"";"";"";"2021-10-06";"66982";""
"50535";"3399";"PLUi/PLUiS";"CA";"2020-02-26 23:00:00+00:00";"2015-12-18 23:00:00+00:00";"39";"50";"28";"2021";"OUI";"NON";"50535";"";"";"";"2021-10-06";"143550";""
"50536";"1433";"CC";"CA";"2008-05-14 22:00:00+00:00";"2002-03-21 23:00:00+00:00";"13";"50";"28";"2021";"NON";"NON";"200067205";"";"";"";"2021-10-06";"13601";""
"50537";"3432";"PLU";"CC";"2011-07-26 22:00:00+00:00";"2005-01-20 23:00:00+00:00";"33";"50";"28";"2021";"NON";"NON";"200067023";"";"";"";"2021-10-06";"62610";""
"50539";"3433";"PLU";"CA";"2005-02-24 23:00:00+00:00";"2000-07-10 22:00:00+00:00";"33";"50";"28";"2021";"NON";"NON";"200067205";"";"";"";"2021-10-06";"53301";""
"50540";"3432";"PLU";"CC";"2011-07-25 22:00:00+00:00";"2004-10-12 22:00:00+00:00";"33";"50";"28";"2021";"NON";"NON";"50540";"";"";"";"2021-10-06";"49664";""
"50541";"3432";"PLU";"CC";"2008-04-28 22:00:00+00:00";"2003-02-03 23:00:00+00:00";"33";"50";"28";"2021";"NON";"NON";"50541";"";"";"";"2021-10-06";"53300";""
"50543";"3399";"PLUi/PLUiS";"CA";"2020-02-26 23:00:00+00:00";"2015-12-18 23:00:00+00:00";"39";"50";"28";"2021";"OUI";"NON";"50543";"";"";"";"2021-10-06";"143550";""
"50546";"1432";"CC";"CA";"2011-06-23 22:00:00+00:00";"2010-11-15 23:00:00+00:00";"13";"50";"28";"2021";"NON";"NON";"200066389";"";"";"";"2021-10-06";"65720";""
"50548";"3399";"PLUi/PLUiS";"CC";"2018-10-10 22:00:00+00:00";"2012-06-20 22:00:00+00:00";"39";"50";"28";"2021";"OUI";"NON";"200067031";"";"";"";"2021-10-06";"110303";""
"50549";"1432";"CC";"CC";"2015-02-05 23:00:00+00:00";"2012-02-02 23:00:00+00:00";"13";"50";"28";"2021";"NON";"NON";"50549";"";"";"";"2021-10-06";"115922";""
"50550";"1432";"CC";"CC";"2015-08-06 22:00:00+00:00";"2011-02-23 23:00:00+00:00";"13";"50";"28";"2021";"NON";"NON";"200067023";"";"";"";"2021-10-06";"76657";""
"50551";"3433";"PLU";"CA";"2005-12-12 23:00:00+00:00";"2001-06-11 22:00:00+00:00";"33";"50";"28";"2021";"NON";"NON";"200067205";"";"";"";"2021-10-06";"53303";""
"50552";"3399";"PLUi/PLUiS";"CC";"2019-09-25 22:00:00+00:00";"2013-09-10 22:00:00+00:00";"39";"50";"28";"2021";"OUI";"NON";"200067031";"";"";"";"2021-10-06";"124276";""
"50553";"3399";"PLUi/PLUiS";"CA";"2014-02-16 23:00:00+00:00";"2010-03-28 22:00:00+00:00";"39";"50";"28";"2021";"OUI";"NON";"50553";"";"";"";"2021-10-06";"87142";""
"50554";"3399";"PLUi/PLUiS";"CA";"2020-02-26 23:00:00+00:00";"2015-12-18 23:00:00+00:00";"39";"50";"28";"2021";"OUI";"NON";"50554";"";"";"";"2021-10-06";"143550";""
"50556";"1432";"CC";"CA";"2006-01-26 23:00:00+00:00";"2003-03-18 23:00:00+00:00";"13";"50";"28";"2021";"NON";"NON";"200066389";"";"";"";"2021-10-06";"13598";""
"50562";"3433";"PLU";"CA";"2013-06-27 22:00:00+00:00";"2005-01-06 23:00:00+00:00";"33";"50";"28";"2021";"NON";"NON";"200067205";"";"";"";"2021-10-06";"62611";""
"50565";"3399";"PLUi/PLUiS";"CA";"2020-02-26 23:00:00+00:00";"2015-12-18 23:00:00+00:00";"39";"50";"28";"2021";"OUI";"NON";"50565";"";"";"";"2021-10-06";"143550";""
"50567";"1433";"CC";"CA";"2017-02-02 23:00:00+00:00";"2011-05-25 22:00:00+00:00";"13";"50";"28";"2021";"NON";"NON";"200067205";"";"";"";"2021-10-06";"76645";""
"50568";"1432";"CC";"CC";"2013-04-02 22:00:00+00:00";"2010-12-22 23:00:00+00:00";"13";"50";"28";"2021";"NON";"NON";"200067023";"";"";"";"2021-10-06";"76659";""
"50569";"1432";"CC";"CC";"2009-02-25 23:00:00+00:00";"2007-02-14 23:00:00+00:00";"13";"50";"28";"2021";"NON";"NON";"200067023";"";"";"";"2021-10-06";"69595";""
"50571";"3332";"PLUi/PLUiS";"CC";"2015-12-15 23:00:00+00:00";"2011-09-27 22:00:00+00:00";"33";"50";"28";"2021";"OUI";"NON";"200042729";"";"";"";"2021-10-06";"129157";""
"50572";"1433";"CC";"CA";"2007-01-17 23:00:00+00:00";"2003-06-16 22:00:00+00:00";"13";"50";"28";"2021";"NON";"NON";"200067205";"";"";"";"2021-10-06";"13584";""
"50574";"3399";"PLUi/PLUiS";"CA";"2020-02-26 23:00:00+00:00";"2015-12-18 23:00:00+00:00";"39";"50";"28";"2021";"OUI";"NON";"50574";"";"";"";"2021-10-06";"143550";""
"50577";"1433";"CC";"CA";"2006-03-08 23:00:00+00:00";"2003-05-25 22:00:00+00:00";"13";"50";"28";"2021";"NON";"NON";"200067205";"";"";"";"2021-10-06";"13595";""
"50579";"3433";"PLU";"CA";"2006-12-17 23:00:00+00:00";"2002-03-07 23:00:00+00:00";"33";"50";"28";"2021";"NON";"NON";"200067205";"";"";"";"2021-10-06";"53312";""
"50580";"1433";"CC";"CA";"2005-08-28 22:00:00+00:00";"2002-03-07 23:00:00+00:00";"13";"50";"28";"2021";"NON";"NON";"200067205";"";"";"";"2021-10-06";"68315";""
"50582";"3433";"PLU";"CA";"2004-01-28 23:00:00+00:00";"1999-03-28 22:00:00+00:00";"33";"50";"28";"2021";"NON";"NON";"50582";"";"";"";"2021-10-06";"53307";""
"50584";"3399";"PLUi/PLUiS";"CA";"2020-02-26 23:00:00+00:00";"2015-12-18 23:00:00+00:00";"39";"50";"28";"2021";"OUI";"NON";"50584";"";"";"";"2021-10-06";"143550";""
"50585";"3433";"PLU";"CA";"2003-10-20 22:00:00+00:00";"1996-04-25 22:00:00+00:00";"33";"50";"28";"2021";"NON";"NON";"200067205";"";"";"";"2021-10-06";"53311";""
"50589";"3399";"PLUi/PLUiS";"CA";"2020-02-26 23:00:00+00:00";"2015-12-18 23:00:00+00:00";"39";"50";"28";"2021";"OUI";"NON";"50589";"";"";"";"2021-10-06";"143550";""
"50591";"3433";"PLU";"CA";"2003-01-12 23:00:00+00:00";"1998-03-22 23:00:00+00:00";"33";"50";"28";"2021";"NON";"NON";"50591";"";"";"";"2021-10-06";"53308";""
"50592";"1432";"CC";"CC";"2008-12-28 23:00:00+00:00";"2004-11-03 23:00:00+00:00";"13";"50";"28";"2021";"NON";"NON";"200066389";"";"";"";"2021-10-06";"68917";""
"50594";"3433";"PLU";"CA";"2014-02-23 23:00:00+00:00";"2009-12-06 23:00:00+00:00";"33";"50";"28";"2021";"NON";"NON";"200067205";"";"";"";"2021-10-06";"62613";""
"50597";"3433";"PLU";"CA";"2010-07-25 22:00:00+00:00";"2003-07-02 22:00:00+00:00";"33";"50";"28";"2021";"NON";"NON";"50597";"";"";"";"2021-10-06";"53313";""
"50599";"3433";"PLU";"CA";"2010-04-11 22:00:00+00:00";"2006-05-01 22:00:00+00:00";"33";"50";"28";"2021";"NON";"NON";"200067205";"";"";"";"2021-10-06";"53314";""
"50601";"1432";"CC";"CA";"2012-08-08 22:00:00+00:00";"2009-05-06 22:00:00+00:00";"13";"50";"28";"2021";"NON";"NON";"200066389";"";"";"";"2021-10-06";"66959";""
"50603";"3432";"PLU";"CC";"2008-11-13 23:00:00+00:00";"2004-05-07 22:00:00+00:00";"33";"50";"28";"2021";"NON";"NON";"200067023";"";"";"";"2021-10-06";"53316";""
"50604";"3433";"PLU";"CA";"2013-05-30 22:00:00+00:00";"2005-04-07 22:00:00+00:00";"33";"50";"28";"2021";"NON";"NON";"200067205";"";"";"";"2021-10-06";"62615";""
"50609";"3332";"PLUi/PLUiS";"CC";"2015-12-15 23:00:00+00:00";"2011-09-27 22:00:00+00:00";"33";"50";"28";"2021";"OUI";"NON";"200042729";"";"";"";"2021-10-06";"129157";""
"50612";"3399";"PLUi/PLUiS";"CA";"2020-02-26 23:00:00+00:00";"2015-12-18 23:00:00+00:00";"39";"50";"28";"2021";"OUI";"NON";"50612";"";"";"";"2021-10-06";"143550";""
"50613";"1433";"CC";"CA";"2008-09-10 22:00:00+00:00";"2002-11-27 23:00:00+00:00";"13";"50";"28";"2021";"NON";"NON";"200067205";"";"";"";"2021-10-06";"13590";""
"50615";"3433";"PLU";"CA";"2007-10-17 22:00:00+00:00";"2004-10-11 22:00:00+00:00";"33";"50";"28";"2021";"NON";"NON";"200067205";"";"";"";"2021-10-06";"53319";""
"50616";"3399";"PLUi/PLUiS";"CA";"2020-02-26 23:00:00+00:00";"2015-12-18 23:00:00+00:00";"39";"50";"28";"2021";"OUI";"NON";"50616";"";"";"";"2021-10-06";"143550";""
"50617";"3399";"PLUi/PLUiS";"CC";"2018-10-10 22:00:00+00:00";"2012-06-20 22:00:00+00:00";"39";"50";"28";"2021";"OUI";"NON";"200067031";"";"";"";"2021-10-06";"110303";""
"50618";"3433";"PLU";"CA";"2013-06-24 22:00:00+00:00";"2005-11-26 23:00:00+00:00";"33";"50";"28";"2021";"NON";"NON";"200067205";"";"";"";"2021-10-06";"62616";""
"50624";"1432";"CC";"CC";"2010-11-14 23:00:00+00:00";"2003-09-10 22:00:00+00:00";"13";"50";"28";"2021";"NON";"NON";"200067023";"";"";"";"2021-10-06";"13589";""
"50626";"1432";"CC";"CC";"2012-05-03 22:00:00+00:00";"2009-12-09 23:00:00+00:00";"13";"50";"28";"2021";"NON";"NON";"200067023";"";"";"";"2021-10-06";"66985";""
"50628";"1433";"CC";"CA";"2011-08-16 22:00:00+00:00";"2007-05-22 22:00:00+00:00";"13";"50";"28";"2021";"NON";"NON";"50628";"";"";"";"2021-10-06";"66225";""
"50629";"1433";"CC";"CC";"2011-11-21 23:00:00+00:00";"2009-02-16 23:00:00+00:00";"13";"50";"28";"2021";"NON";"NON";"200067031";"";"";"";"2021-10-06";"16705";""
"50633";"1433";"CC";"CA";"2007-07-09 22:00:00+00:00";"2003-09-01 22:00:00+00:00";"13";"50";"28";"2021";"NON";"NON";"200067205";"";"";"";"2021-10-06";"13588";""
"50639";"3432";"PLU";"CC";"2020-02-05 23:00:00+00:00";"2016-04-03 22:00:00+00:00";"33";"50";"28";"2021";"NON";"NON";"50639";"";"";"";"2021-10-06";"147797";""
"50641";"1432";"CC";"CA";"2018-07-25 22:00:00+00:00";"2017-06-18 22:00:00+00:00";"13";"50";"28";"2021";"NON";"NON";"200066389";"";"";"";"2021-10-06";"157324";""
"50647";"3432";"PLU";"CC";"2016-11-06 23:00:00+00:00";"2015-08-30 22:00:00+00:00";"33";"50";"28";"2021";"NON";"NON";"50647";"";"";"";"2021-10-06";"141381";""
"51001";"1499";"CC";"CC";"2009-11-04 23:00:00+00:00";"2007-04-24 22:00:00+00:00";"19";"51";"44";"2021";"NON";"NON";"51001";"";"";"";"2021-10-06";"69591";""
"51002";"3199";"PLU";"COM";"2018-02-20 23:00:00+00:00";"2012-12-05 23:00:00+00:00";"39";"51";"44";"2021";"NON";"NON";"51002";"";"";"";"2021-10-06";"77695";""
"51003";"3434";"PLU";"CA";"2012-12-09 23:00:00+00:00";"2005-01-02 23:00:00+00:00";"33";"51";"44";"2021";"NON";"NON";"200066876";"";"";"";"2021-10-06";"154311";""
"51006";"1499";"CC";"CC";"2013-06-04 22:00:00+00:00";"2009-06-17 22:00:00+00:00";"19";"51";"44";"2021";"NON";"NON";"200067379";"";"";"";"2021-10-06";"71354";""
"51007";"3199";"PLU";"COM";"2020-03-11 23:00:00+00:00";"2016-12-07 23:00:00+00:00";"39";"51";"44";"2021";"NON";"NON";"51007";"";"";"";"2021-10-06";"152952";""
"51008";"1432";"CC";"CA";"2013-04-01 22:00:00+00:00";"2008-10-01 22:00:00+00:00";"13";"51";"44";"2021";"NON";"NON";"200068666";"";"";"";"2021-10-06";"120904";""
"51009";"3199";"PLU";"COM";"2011-02-06 23:00:00+00:00";"2008-06-23 22:00:00+00:00";"39";"51";"44";"2021";"NON";"NON";"51009";"";"";"";"2021-10-06";"56957";""
"51012";"1499";"CC";"CU";"2005-11-17 23:00:00+00:00";"2003-11-02 23:00:00+00:00";"19";"51";"44";"2021";"NON";"NON";"200067213";"";"";"";"2021-10-06";"68319";""
"51013";"1499";"CC";"CU";"2016-05-30 22:00:00+00:00";"2014-01-27 23:00:00+00:00";"19";"51";"44";"2021";"NON";"NON";"200067213";"";"";"";"2021-10-06";"129111";""
"51014";"1499";"CC";"CU";"2010-07-11 22:00:00+00:00";"2008-05-22 22:00:00+00:00";"19";"51";"44";"2021";"NON";"NON";"200067213";"";"";"";"2021-10-06";"69596";""
"51015";"1199";"CC";"COM";"2005-12-29 23:00:00+00:00";"2002-03-05 23:00:00+00:00";"19";"51";"44";"2021";"NON";"NON";"51015";"";"";"";"2021-10-06";"68320";""
"51016";"3432";"PLU";"CC";"2013-06-26 22:00:00+00:00";"2008-10-01 22:00:00+00:00";"33";"51";"44";"2021";"NON";"NON";"51016";"";"";"";"2021-10-06";"71368";""
"51018";"3199";"PLU";"COM";"2014-01-22 23:00:00+00:00";"2007-10-09 22:00:00+00:00";"39";"51";"44";"2021";"NON";"NON";"51018";"";"";"";"2021-10-06";"62620";""
"51019";"1414";"CC";"CU";"2008-01-06 23:00:00+00:00";"2004-11-21 23:00:00+00:00";"11";"51";"44";"2021";"NON";"NON";"200067213";"";"";"";"2021-10-06";"69597";""
"51022";"1499";"CC";"CC";"2011-06-05 22:00:00+00:00";"2008-04-28 22:00:00+00:00";"19";"51";"44";"2021";"NON";"NON";"51022";"";"";"";"2021-10-06";"66228";""
"51023";"1414";"CC";"CA";"2004-04-27 22:00:00+00:00";"2001-10-29 23:00:00+00:00";"11";"51";"44";"2021";"NON";"NON";"200066876";"";"";"";"2021-10-06";"68321";""
"51025";"3499";"PLU";"CU";"2021-03-24 23:00:00+00:00";"2015-06-25 22:00:00+00:00";"39";"51";"44";"2021";"NON";"NON";"200067213";"";"";"";"2021-10-06";"142301";""
"51027";"1199";"CC";"COM";"2008-08-29 22:00:00+00:00";"2007-02-15 23:00:00+00:00";"19";"51";"44";"2021";"NON";"NON";"51027";"";"";"";"2021-10-06";"68322";""
"51028";"3131";"PLU";"COM";"2010-11-07 23:00:00+00:00";"2008-05-18 22:00:00+00:00";"33";"51";"44";"2021";"NON";"NON";"51028";"";"";"";"2021-10-06";"56958";""
"51029";"3199";"PLU";"COM";"2013-09-10 22:00:00+00:00";"2010-11-02 23:00:00+00:00";"39";"51";"44";"2021";"NON";"NON";"51029";"";"";"";"2021-10-06";"64026";""
"51030";"3199";"PLU";"COM";"2020-03-01 23:00:00+00:00";"2014-07-03 22:00:00+00:00";"39";"51";"44";"2021";"NON";"NON";"51030";"";"";"";"2021-10-06";"131797";""
"51031";"1499";"CC";"CA";"2005-12-12 23:00:00+00:00";"2003-03-27 23:00:00+00:00";"19";"51";"44";"2021";"NON";"NON";"200066876";"";"";"";"2021-10-06";"69598";""
"51033";"1199";"CC";"COM";"2005-11-13 23:00:00+00:00";"2003-11-05 23:00:00+00:00";"19";"51";"44";"2021";"NON";"NON";"51033";"";"";"";"2021-10-06";"69599";""
"51036";"1199";"CC";"COM";"2012-06-17 22:00:00+00:00";"2010-04-27 22:00:00+00:00";"19";"51";"44";"2021";"NON";"NON";"51036";"";"";"";"2021-10-06";"66988";""
"51037";"3499";"PLU";"CU";"2019-11-17 23:00:00+00:00";"2014-09-29 22:00:00+00:00";"39";"51";"44";"2021";"NON";"NON";"200067213";"";"";"";"2021-10-06";"132706";""
"51038";"3199";"PLU";"COM";"2020-12-09 23:00:00+00:00";"2015-12-09 23:00:00+00:00";"39";"51";"44";"2021";"NON";"NON";"51038";"";"";"";"2021-10-06";"143424";""
"51039";"1499";"CC";"CC";"2018-08-08 22:00:00+00:00";"2011-04-27 22:00:00+00:00";"19";"51";"44";"2021";"NON";"NON";"200067379";"";"";"";"2021-10-06";"71352";""
"51040";"1499";"CC";"CC";"2018-12-18 23:00:00+00:00";"2011-04-06 22:00:00+00:00";"19";"51";"44";"2021";"NON";"NON";"200067379";"";"";"";"2021-10-06";"133992";""
"51042";"1111";"CC";"COM";"2005-07-02 22:00:00+00:00";"2002-11-19 23:00:00+00:00";"11";"51";"44";"2021";"NON";"NON";"51042";"";"";"";"2021-10-06";"68323";""
"51043";"3434";"PLU";"CU";"2013-07-02 22:00:00+00:00";"2009-12-17 23:00:00+00:00";"33";"51";"44";"2021";"NON";"NON";"200067213";"";"";"";"2021-10-06";"71378";""
"51044";"3499";"PLU";"CU";"2020-02-12 23:00:00+00:00";"2014-11-19 23:00:00+00:00";"39";"51";"44";"2021";"NON";"NON";"200067213";"";"";"";"2021-10-06";"134280";""
"51045";"1199";"CC";"COM";"2008-03-09 23:00:00+00:00";"2006-12-10 23:00:00+00:00";"19";"51";"44";"2021";"NON";"NON";"51045";"";"";"";"2021-10-06";"68324";""
"51046";"3434";"PLU";"CU";"2009-04-14 22:00:00+00:00";"2001-02-27 23:00:00+00:00";"33";"51";"44";"2021";"NON";"NON";"200067213";"";"";"";"2021-10-06";"136881";""
"51048";"1199";"CC";"COM";"2016-05-16 22:00:00+00:00";"2013-06-26 22:00:00+00:00";"19";"51";"44";"2021";"NON";"NON";"51048";"";"";"";"2021-10-06";"121639";""
"51049";"3199";"PLU";"COM";"2010-09-22 22:00:00+00:00";"2004-11-29 23:00:00+00:00";"39";"51";"44";"2021";"NON";"NON";"51049";"";"";"";"2021-10-06";"53326";""
"51050";"1199";"CC";"COM";"2007-09-27 22:00:00+00:00";"2003-12-09 23:00:00+00:00";"19";"51";"44";"2021";"NON";"NON";"51050";"";"";"";"2021-10-06";"68325";""
"51051";"3499";"PLU";"CU";"2018-09-26 22:00:00+00:00";"2014-12-07 23:00:00+00:00";"39";"51";"44";"2021";"NON";"NON";"200067213";"";"";"";"2021-10-06";"134186";""
"51052";"3434";"PLU";"CU";"2009-04-14 22:00:00+00:00";"2001-02-27 23:00:00+00:00";"33";"51";"44";"2021";"NON";"NON";"200067213";"";"";"";"2021-10-06";"136877";""
"51054";"3499";"PLU";"CU";"2021-03-24 23:00:00+00:00";"2015-07-20 22:00:00+00:00";"39";"51";"44";"2021";"NON";"NON";"200067213";"";"";"";"2021-10-06";"140571";""
"51055";"3434";"PLU";"CU";"2016-12-14 23:00:00+00:00";"2011-06-26 22:00:00+00:00";"33";"51";"44";"2021";"NON";"NON";"200067213";"";"";"";"2021-10-06";"75527";""
"51056";"1199";"CC";"COM";"2006-12-27 23:00:00+00:00";"2005-01-24 23:00:00+00:00";"19";"51";"44";"2021";"NON";"NON";"51056";"";"";"";"2021-10-06";"68326";""
"51057";"1499";"CC";"CC";"2013-07-02 22:00:00+00:00";"2009-06-17 22:00:00+00:00";"19";"51";"44";"2021";"NON";"NON";"200067379";"";"";"";"2021-10-06";"133994";""
"51058";"3499";"PLU";"CU";"2020-02-12 23:00:00+00:00";"2015-03-17 23:00:00+00:00";"39";"51";"44";"2021";"NON";"NON";"200067213";"";"";"";"2021-10-06";"138234";""
"51059";"3499";"PLU";"CC";"2018-12-03 23:00:00+00:00";"2015-09-14 22:00:00+00:00";"39";"51";"44";"2021";"NON";"NON";"51059";"";"";"";"2021-10-06";"141511";""
"51060";"1499";"CC";"CC";"2020-08-09 22:00:00+00:00";"2014-09-03 22:00:00+00:00";"19";"51";"44";"2021";"NON";"NON";"200067379";"";"";"";"2021-10-06";"156566";""
"51061";"1499";"CC";"CU";"2006-01-29 23:00:00+00:00";"2004-02-16 23:00:00+00:00";"19";"51";"44";"2021";"NON";"NON";"200067213";"";"";"";"2021-10-06";"69600";""
"51063";"1199";"CC";"COM";"2010-04-07 22:00:00+00:00";"2008-10-13 22:00:00+00:00";"19";"51";"44";"2021";"NON";"NON";"51063";"";"";"";"2021-10-06";"69601";""
"51065";"3499";"PLU";"CC";"2010-03-25 23:00:00+00:00";"2006-11-23 23:00:00+00:00";"39";"51";"44";"2021";"NON";"NON";"51065";"";"";"";"2021-10-06";"53331";""
"51066";"3499";"PLU";"CC";"2014-01-09 23:00:00+00:00";"2010-04-12 22:00:00+00:00";"39";"51";"44";"2021";"NON";"NON";"51066";"";"";"";"2021-10-06";"62623";""
"51068";"1499";"CC";"CC";"2012-04-17 22:00:00+00:00";"2010-07-08 22:00:00+00:00";"19";"51";"44";"2021";"NON";"NON";"200067379";"";"";"";"2021-10-06";"66993";""
"51071";"1199";"CC";"COM";"2009-09-21 22:00:00+00:00";"2007-09-24 22:00:00+00:00";"19";"51";"44";"2021";"NON";"NON";"51071";"";"";"";"2021-10-06";"69602";""
"51072";"3499";"PLU";"CU";"2018-12-16 23:00:00+00:00";"2015-02-25 23:00:00+00:00";"39";"51";"44";"2021";"NON";"NON";"200067213";"";"";"";"2021-10-06";"137877";""
"51073";"3499";"PLU";"CU";"2018-03-25 22:00:00+00:00";"2015-03-08 23:00:00+00:00";"39";"51";"44";"2021";"NON";"NON";"200067213";"";"";"";"2021-10-06";"137601";""
"51074";"3499";"PLU";"CU";"2011-02-07 23:00:00+00:00";"2007-01-30 23:00:00+00:00";"39";"51";"44";"2021";"NON";"NON";"200067213";"";"";"";"2021-10-06";"62624";""
"51075";"1434";"CC";"CU";"2009-05-19 22:00:00+00:00";"2006-02-28 23:00:00+00:00";"13";"51";"44";"2021";"NON";"NON";"200067213";"";"";"";"2021-10-06";"69594";""
"51076";"3131";"PLU";"COM";"2003-11-25 23:00:00+00:00";"2002-03-28 23:00:00+00:00";"33";"51";"44";"2021";"NON";"NON";"51076";"";"";"";"2021-10-06";"53333";""
"51078";"3434";"PLU";"CA";"2007-09-06 22:00:00+00:00";"2003-02-06 23:00:00+00:00";"33";"51";"44";"2021";"NON";"NON";"200066876";"";"";"";"2021-10-06";"53334";""
"51080";"1432";"CC";"CC";"2013-04-02 22:00:00+00:00";"2008-10-01 22:00:00+00:00";"13";"51";"44";"2021";"NON";"NON";"51080";"";"";"";"2021-10-06";"134025";""
"51081";"3499";"PLU";"CU";"2017-03-26 22:00:00+00:00";"2014-09-28 22:00:00+00:00";"39";"51";"44";"2021";"NON";"NON";"200067213";"";"";"";"2021-10-06";"132707";""
"51082";"1199";"CC";"COM";"2005-08-15 22:00:00+00:00";"2002-09-30 22:00:00+00:00";"19";"51";"44";"2021";"NON";"NON";"51082";"";"";"";"2021-10-06";"68327";""
"51085";"1199";"CC";"COM";"2006-03-01 23:00:00+00:00";"2004-02-12 23:00:00+00:00";"19";"51";"44";"2021";"NON";"NON";"51085";"";"";"";"2021-10-06";"68328";""
"51086";"3434";"PLU";"CU";"2013-07-22 22:00:00+00:00";"2009-05-26 22:00:00+00:00";"33";"51";"44";"2021";"NON";"NON";"200067213";"";"";"";"2021-10-06";"65151";""
"51087";"3432";"PLU";"CC";"2012-04-04 22:00:00+00:00";"2007-09-26 22:00:00+00:00";"33";"51";"44";"2021";"NON";"NON";"200043438";"";"";"";"2021-10-06";"62622";""
"51089";"1414";"CC";"CU";"2013-07-02 22:00:00+00:00";"2010-09-15 22:00:00+00:00";"11";"51";"44";"2021";"NON";"NON";"200067213";"";"";"";"2021-10-06";"66994";""
"51090";"1199";"CC";"COM";"2008-04-16 22:00:00+00:00";"2006-04-09 22:00:00+00:00";"19";"51";"44";"2021";"NON";"NON";"51090";"";"";"";"2021-10-06";"23920";""
"51092";"1199";"CC";"COM";"2004-12-05 23:00:00+00:00";"2002-04-24 22:00:00+00:00";"19";"51";"44";"2021";"NON";"NON";"51092";"";"";"";"2021-10-06";"1477";""
"51093";"3199";"PLU";"COM";"2008-02-13 23:00:00+00:00";"2006-06-28 22:00:00+00:00";"39";"51";"44";"2021";"NON";"NON";"51093";"";"";"";"2021-10-06";"53337";""
"51094";"1499";"CC";"CC";"2015-03-01 23:00:00+00:00";"2010-07-01 22:00:00+00:00";"19";"51";"44";"2021";"NON";"NON";"200067379";"";"";"";"2021-10-06";"66995";""
"51097";"3432";"PLU";"CC";"2007-12-18 23:00:00+00:00";"2002-09-16 22:00:00+00:00";"33";"51";"44";"2021";"NON";"NON";"200042620";"";"";"";"2021-10-06";"53338";""
"51098";"1499";"CC";"CC";"2015-05-27 22:00:00+00:00";"2011-03-31 22:00:00+00:00";"19";"51";"44";"2021";"NON";"NON";"200067379";"";"";"";"2021-10-06";"133995";""
"51102";"3499";"PLU";"CU";"2016-11-13 23:00:00+00:00";"2013-07-01 22:00:00+00:00";"39";"51";"44";"2021";"NON";"NON";"200067213";"";"";"";"2021-10-06";"133401";""
"51105";"3434";"PLU";"CU";"2009-04-14 22:00:00+00:00";"2001-02-27 23:00:00+00:00";"33";"51";"44";"2021";"NON";"NON";"200067213";"";"";"";"2021-10-06";"71428";""
"51106";"3432";"PLU";"CC";"2011-12-13 23:00:00+00:00";"2008-04-20 22:00:00+00:00";"33";"51";"44";"2021";"NON";"NON";"200043438";"";"";"";"2021-10-06";"34747";""
"51108";"3499";"PLU";"CA";"2017-10-11 22:00:00+00:00";"2014-10-08 22:00:00+00:00";"39";"51";"44";"2021";"NON";"NON";"200066876";"";"";"";"2021-10-06";"132970";""
"51109";"3434";"PLU";"CU";"2011-04-17 22:00:00+00:00";"2008-06-08 22:00:00+00:00";"33";"51";"44";"2021";"NON";"NON";"200067213";"";"";"";"2021-10-06";"62625";""
"51110";"1199";"CC";"COM";"2013-05-22 22:00:00+00:00";"2011-01-20 23:00:00+00:00";"19";"51";"44";"2021";"NON";"NON";"51110";"";"";"";"2021-10-06";"66996";""
"51111";"1499";"CC";"CU";"2005-09-13 22:00:00+00:00";"2003-01-07 23:00:00+00:00";"19";"51";"44";"2021";"NON";"NON";"200067213";"";"";"";"2021-10-06";"68329";""
"51112";"3499";"PLU";"CU";"2019-06-26 22:00:00+00:00";"2015-04-13 22:00:00+00:00";"39";"51";"44";"2021";"NON";"NON";"200067213";"";"";"";"2021-10-06";"142340";""
"51115";"3434";"PLU";"CU";"2013-11-11 23:00:00+00:00";"2010-09-21 22:00:00+00:00";"33";"51";"44";"2021";"NON";"NON";"200067213";"";"";"";"2021-10-06";"62626";""
"51118";"3434";"PLU";"CU";"2016-03-23 23:00:00+00:00";"2009-12-06 23:00:00+00:00";"33";"51";"44";"2021";"NON";"NON";"200067213";"";"";"";"2021-10-06";"62627";""
"51119";"3199";"PLU";"COM";"2017-02-22 23:00:00+00:00";"2014-10-01 22:00:00+00:00";"39";"51";"44";"2021";"NON";"NON";"51119";"";"";"";"2021-10-06";"133729";""
"51120";"1199";"CC";"COM";"2018-12-18 23:00:00+00:00";"2015-01-08 23:00:00+00:00";"19";"51";"44";"2021";"NON";"NON";"51120";"";"";"";"2021-10-06";"137148";""
"51121";"1199";"CC";"COM";"2010-02-15 23:00:00+00:00";"2005-11-17 23:00:00+00:00";"19";"51";"44";"2021";"NON";"NON";"51121";"";"";"";"2021-10-06";"69603";""
"51122";"1499";"CC";"CC";"2013-05-29 22:00:00+00:00";"2010-09-09 22:00:00+00:00";"19";"51";"44";"2021";"NON";"NON";"200067379";"";"";"";"2021-10-06";"66997";""
"51126";"1199";"CC";"COM";"2018-09-20 22:00:00+00:00";"2014-05-18 22:00:00+00:00";"19";"51";"44";"2021";"NON";"NON";"51126";"";"";"";"2021-10-06";"133426";""
"51129";"1199";"CC";"COM";"2008-02-20 23:00:00+00:00";"2006-02-16 23:00:00+00:00";"19";"51";"44";"2021";"NON";"NON";"51129";"";"";"";"2021-10-06";"68330";""
"51130";"1499";"CC";"CC";"2013-07-02 22:00:00+00:00";"2009-06-17 22:00:00+00:00";"19";"51";"44";"2021";"NON";"NON";"200067379";"";"";"";"2021-10-06";"133996";""
"51134";"1499";"CC";"CC";"2011-08-31 22:00:00+00:00";"2008-06-26 22:00:00+00:00";"19";"51";"44";"2021";"NON";"NON";"51134";"";"";"";"2021-10-06";"66231";""
"51136";"3131";"PLU";"COM";"2009-04-13 22:00:00+00:00";"2004-07-25 22:00:00+00:00";"33";"51";"44";"2021";"NON";"NON";"51136";"";"";"";"2021-10-06";"53349";""
"51138";"1199";"CC";"COM";"2019-07-30 22:00:00+00:00";"2017-03-22 23:00:00+00:00";"19";"51";"44";"2021";"NON";"NON";"51138";"";"";"";"2021-10-06";"155436";""
"51139";"3199";"PLU";"COM";"2006-06-29 22:00:00+00:00";"2003-03-27 23:00:00+00:00";"39";"51";"44";"2021";"NON";"NON";"51139";"";"";"";"2021-10-06";"53346";""
"51140";"1499";"CC";"CU";"2004-08-22 22:00:00+00:00";"2001-11-15 23:00:00+00:00";"19";"51";"44";"2021";"NON";"NON";"200067213";"";"";"";"2021-10-06";"68331";""
"51141";"3499";"PLU";"CC";"2006-12-17 23:00:00+00:00";"2004-06-08 22:00:00+00:00";"39";"51";"44";"2021";"NON";"NON";"51141";"";"";"";"2021-10-06";"53347";""
"51142";"3199";"PLU";"COM";"2021-05-13 22:00:00+00:00";"2012-10-17 22:00:00+00:00";"39";"51";"44";"2021";"NON";"NON";"51142";"";"";"";"2021-10-06";"118805";""
"51144";"1432";"CC";"CA";"2013-12-08 23:00:00+00:00";"2010-03-04 23:00:00+00:00";"13";"51";"44";"2021";"NON";"NON";"51144";"";"";"";"2021-10-06";"66999";""
"51145";"3499";"PLU";"CU";"2019-09-25 22:00:00+00:00";"2015-06-15 22:00:00+00:00";"39";"51";"44";"2021";"NON";"NON";"200067213";"";"";"";"2021-10-06";"133434";""
"51146";"1499";"CC";"CA";"2004-02-17 23:00:00+00:00";"2001-11-14 23:00:00+00:00";"19";"51";"44";"2021";"NON";"NON";"200066876";"";"";"";"2021-10-06";"68332";""
"51147";"3432";"PLU";"CC";"2010-12-05 23:00:00+00:00";"2004-12-01 23:00:00+00:00";"33";"51";"44";"2021";"NON";"NON";"200042620";"";"";"";"2021-10-06";"53351";""
"51150";"3434";"PLU";"CA";"2011-10-21 22:00:00+00:00";"2009-03-02 23:00:00+00:00";"33";"51";"44";"2021";"NON";"NON";"200066876";"";"";"";"2021-10-06";"62629";""
"51152";"3499";"PLU";"CU";"2020-02-12 23:00:00+00:00";"2015-02-01 23:00:00+00:00";"39";"51";"44";"2021";"NON";"NON";"200067213";"";"";"";"2021-10-06";"137127";""
"51153";"3199";"PLU";"COM";"2007-12-11 23:00:00+00:00";"2004-03-23 23:00:00+00:00";"39";"51";"44";"2021";"NON";"NON";"51153";"";"";"";"2021-10-06";"53354";""
"51154";"1199";"CC";"COM";"2010-05-05 22:00:00+00:00";"2008-12-04 23:00:00+00:00";"19";"51";"44";"2021";"NON";"NON";"51154";"";"";"";"2021-10-06";"69604";""
"51155";"1199";"CC";"COM";"2019-08-20 22:00:00+00:00";"2017-06-29 22:00:00+00:00";"19";"51";"44";"2021";"NON";"NON";"51155";"";"";"";"2021-10-06";"157209";""
"51156";"3432";"PLU";"CC";"2006-01-18 23:00:00+00:00";"2002-05-31 22:00:00+00:00";"33";"51";"44";"2021";"NON";"NON";"51156";"";"";"";"2021-10-06";"53384";""
"51157";"1199";"CC";"COM";"2008-06-16 22:00:00+00:00";"2006-02-08 23:00:00+00:00";"19";"51";"44";"2021";"NON";"NON";"51157";"";"";"";"2021-10-06";"66232";""
"51158";"1199";"CC";"COM";"2007-03-25 22:00:00+00:00";"2003-09-11 22:00:00+00:00";"19";"51";"44";"2021";"NON";"NON";"51158";"";"";"";"2021-10-06";"68333";""
"51160";"3499";"PLU";"CA";"2019-12-19 23:00:00+00:00";"2016-07-05 22:00:00+00:00";"39";"51";"44";"2021";"NON";"NON";"200066876";"";"";"";"2021-10-06";"150102";""
"51161";"3434";"PLU";"CA";"2012-12-09 23:00:00+00:00";"2005-01-02 23:00:00+00:00";"33";"51";"44";"2021";"NON";"NON";"200066876";"";"";"";"2021-10-06";"71425";""
"51163";"3131";"PLU";"COM";"2019-07-28 22:00:00+00:00";"2015-07-26 22:00:00+00:00";"33";"51";"44";"2021";"NON";"NON";"51163";"";"";"";"2021-10-06";"140484";""
"51165";"3199";"PLU";"COM";"2011-07-25 22:00:00+00:00";"2008-05-26 22:00:00+00:00";"39";"51";"44";"2021";"NON";"NON";"51165";"";"";"";"2021-10-06";"62630";""
"51166";"1199";"CC";"COM";"2016-10-20 22:00:00+00:00";"2014-11-17 23:00:00+00:00";"19";"51";"44";"2021";"NON";"NON";"51166";"";"";"";"2021-10-06";"134771";""
"51167";"1499";"CC";"CC";"2007-09-30 22:00:00+00:00";"2006-02-08 23:00:00+00:00";"19";"51";"44";"2021";"NON";"NON";"51167";"";"";"";"2021-10-06";"68334";""
"51168";"3434";"PLU";"CA";"2006-05-03 22:00:00+00:00";"2000-06-25 22:00:00+00:00";"33";"51";"44";"2021";"NON";"NON";"200066876";"";"";"";"2021-10-06";"53358";""
"51170";"1199";"CC";"COM";"2010-05-04 22:00:00+00:00";"2008-01-12 23:00:00+00:00";"19";"51";"44";"2021";"NON";"NON";"51170";"";"";"";"2021-10-06";"69593";""
"51171";"3499";"PLU";"CU";"2019-11-17 23:00:00+00:00";"2015-04-20 22:00:00+00:00";"39";"51";"44";"2021";"NON";"NON";"200067213";"";"";"";"2021-10-06";"138022";""
"51172";"3434";"PLU";"CU";"2016-07-10 22:00:00+00:00";"2010-12-14 23:00:00+00:00";"33";"51";"44";"2021";"NON";"NON";"200067213";"";"";"";"2021-10-06";"64031";""
"51173";"1199";"CC";"COM";"2008-03-17 23:00:00+00:00";"2006-08-07 22:00:00+00:00";"19";"51";"44";"2021";"NON";"NON";"51173";"";"";"";"2021-10-06";"68335";""
"51174";"1199";"CC";"COM";"2007-05-01 22:00:00+00:00";"2003-11-27 23:00:00+00:00";"19";"51";"44";"2021";"NON";"NON";"51174";"";"";"";"2021-10-06";"13685";""
"51175";"1199";"CC";"COM";"2007-07-18 22:00:00+00:00";"2005-03-03 23:00:00+00:00";"19";"51";"44";"2021";"NON";"NON";"51175";"";"";"";"2021-10-06";"68337";""
"51176";"1199";"CC";"COM";"2008-08-10 22:00:00+00:00";"2007-01-31 23:00:00+00:00";"19";"51";"44";"2021";"NON";"NON";"51176";"";"";"";"2021-10-06";"68338";""
"51177";"3499";"PLU";"CU";"2018-11-21 23:00:00+00:00";"2015-03-08 23:00:00+00:00";"39";"51";"44";"2021";"NON";"NON";"200067213";"";"";"";"2021-10-06";"137602";""
"51178";"3432";"PLU";"CC";"2011-10-23 22:00:00+00:00";"2008-03-01 23:00:00+00:00";"33";"51";"44";"2021";"NON";"NON";"200043438";"";"";"";"2021-10-06";"62631";""
"51179";"1432";"CC";"CC";"2012-02-13 23:00:00+00:00";"2009-12-02 23:00:00+00:00";"13";"51";"44";"2021";"NON";"NON";"200043438";"";"";"";"2021-10-06";"67000";""
"51181";"3434";"PLU";"CU";"2015-02-05 23:00:00+00:00";"2012-02-02 23:00:00+00:00";"33";"51";"44";"2021";"NON";"NON";"200067213";"";"";"";"2021-10-06";"104351";""
"51183";"3499";"PLU";"CU";"2014-02-13 23:00:00+00:00";"2009-05-12 22:00:00+00:00";"39";"51";"44";"2021";"NON";"NON";"200067213";"";"";"";"2021-10-06";"64032";""
"51184";"3499";"PLU";"CC";"2014-02-10 23:00:00+00:00";"2008-07-02 22:00:00+00:00";"39";"51";"44";"2021";"NON";"NON";"51184";"";"";"";"2021-10-06";"62632";""
"51185";"1199";"CC";"COM";"2008-11-18 23:00:00+00:00";"2006-02-09 23:00:00+00:00";"19";"51";"44";"2021";"NON";"NON";"51185";"";"";"";"2021-10-06";"68339";""
"51186";"1199";"CC";"COM";"2011-07-04 22:00:00+00:00";"2008-12-17 23:00:00+00:00";"19";"51";"44";"2021";"NON";"NON";"51186";"";"";"";"2021-10-06";"67001";""
"51188";"3499";"PLU";"CU";"2018-12-16 23:00:00+00:00";"2015-05-25 22:00:00+00:00";"39";"51";"44";"2021";"NON";"NON";"200067213";"";"";"";"2021-10-06";"139740";""
"51190";"1499";"CC";"CU";"2011-04-05 22:00:00+00:00";"2009-02-12 23:00:00+00:00";"19";"51";"44";"2021";"NON";"NON";"200067213";"";"";"";"2021-10-06";"69605";""
"51191";"1199";"CC";"COM";"2020-01-09 23:00:00+00:00";"2017-09-21 22:00:00+00:00";"19";"51";"44";"2021";"NON";"NON";"51191";"";"";"";"2021-10-06";"158232";""
"51193";"3432";"PLU";"CC";"2009-11-16 23:00:00+00:00";"2006-06-19 22:00:00+00:00";"33";"51";"44";"2021";"NON";"NON";"200043438";"";"";"";"2021-10-06";"53360";""
"51194";"1499";"CC";"CU";"2002-07-14 22:00:00+00:00";"2001-07-14 22:00:00+00:00";"19";"51";"44";"2021";"NON";"NON";"200067213";"";"";"";"2021-10-06";"68340";""
"51195";"3499";"PLU";"CC";"2011-12-14 23:00:00+00:00";"2008-06-18 22:00:00+00:00";"39";"51";"44";"2021";"NON";"NON";"51195";"";"";"";"2021-10-06";"62634";""
"51196";"3199";"PLU";"COM";"2005-12-13 23:00:00+00:00";"2002-10-03 22:00:00+00:00";"39";"51";"44";"2021";"NON";"NON";"51196";"";"";"";"2021-10-06";"53362";""
"51197";"1432";"CC";"CC";"2007-09-03 22:00:00+00:00";"2006-11-30 23:00:00+00:00";"13";"51";"44";"2021";"NON";"NON";"51197";"";"";"";"2021-10-06";"68341";""
"51198";"3499";"PLU";"CU";"2021-06-23 22:00:00+00:00";"2015-11-25 23:00:00+00:00";"39";"51";"44";"2021";"NON";"NON";"200067213";"";"";"";"2021-10-06";"142601";""
"51199";"3199";"PLU";"COM";"2019-03-17 23:00:00+00:00";"2015-08-30 22:00:00+00:00";"39";"51";"44";"2021";"NON";"NON";"51199";"";"";"";"2021-10-06";"141162";""
"51200";"3199";"PLU";"COM";"2014-03-02 23:00:00+00:00";"2011-06-14 22:00:00+00:00";"39";"51";"44";"2021";"NON";"NON";"51200";"";"";"";"2021-10-06";"75537";""
"51201";"3434";"PLU";"CU";"2008-08-03 22:00:00+00:00";"2006-02-24 23:00:00+00:00";"33";"51";"44";"2021";"NON";"NON";"200067213";"";"";"";"2021-10-06";"97731";""
"51203";"1432";"CC";"CC";"2006-12-20 23:00:00+00:00";"2003-09-09 22:00:00+00:00";"13";"51";"44";"2021";"NON";"NON";"200042620";"";"";"";"2021-10-06";"68342";""
"51204";"3199";"PLU";"COM";"2017-12-18 23:00:00+00:00";"2013-09-25 22:00:00+00:00";"39";"51";"44";"2021";"NON";"NON";"51204";"";"";"";"2021-10-06";"125529";""
"51205";"1499";"CC";"CA";"2019-02-07 23:00:00+00:00";"2015-12-06 23:00:00+00:00";"19";"51";"44";"2021";"NON";"NON";"200066876";"";"";"";"2021-10-06";"142658";""
"51210";"3199";"PLU";"COM";"2019-04-29 22:00:00+00:00";"2010-11-08 23:00:00+00:00";"39";"51";"44";"2021";"NON";"NON";"51210";"";"";"";"2021-10-06";"62638";""
"51212";"3499";"PLU";"CA";"2021-03-08 23:00:00+00:00";"2015-09-07 22:00:00+00:00";"39";"51";"44";"2021";"NON";"NON";"200066876";"";"";"";"2021-10-06";"142349";""
"51214";"1199";"CC";"COM";"2012-08-19 22:00:00+00:00";"2011-02-14 23:00:00+00:00";"19";"51";"44";"2021";"NON";"NON";"51214";"";"";"";"2021-10-06";"71395";""
"51215";"1432";"CC";"CC";"2011-09-07 22:00:00+00:00";"2007-11-04 23:00:00+00:00";"13";"51";"44";"2021";"NON";"NON";"51215";"";"";"";"2021-10-06";"71366";""
"51216";"1414";"CC";"CU";"2008-07-02 22:00:00+00:00";"2005-01-03 23:00:00+00:00";"11";"51";"44";"2021";"NON";"NON";"200067213";"";"";"";"2021-10-06";"69606";""
"51217";"3199";"PLU";"COM";"2018-07-24 22:00:00+00:00";"2008-04-14 22:00:00+00:00";"39";"51";"44";"2021";"NON";"NON";"51217";"";"";"";"2021-10-06";"62636";""
"51218";"1499";"CC";"CC";"2016-06-08 22:00:00+00:00";"2011-02-17 23:00:00+00:00";"19";"51";"44";"2021";"NON";"NON";"200067379";"";"";"";"2021-10-06";"133998";""
"51219";"1432";"CC";"CC";"2015-01-26 23:00:00+00:00";"2008-10-01 22:00:00+00:00";"13";"51";"44";"2021";"NON";"NON";"51219";"";"";"";"2021-10-06";"71363";""
"51220";"1499";"CC";"CC";"2010-07-06 22:00:00+00:00";"2009-03-18 23:00:00+00:00";"19";"51";"44";"2021";"NON";"NON";"51220";"";"";"";"2021-10-06";"69607";""
"51223";"3432";"PLU";"CC";"2013-06-26 22:00:00+00:00";"2008-10-01 22:00:00+00:00";"33";"51";"44";"2021";"NON";"NON";"51223";"";"";"";"2021-10-06";"156483";""
"51224";"1432";"CC";"CC";"2014-11-18 23:00:00+00:00";"2012-04-02 22:00:00+00:00";"13";"51";"44";"2021";"NON";"NON";"51224";"";"";"";"2021-10-06";"107009";""
"51225";"3499";"PLU";"CU";"2021-03-24 23:00:00+00:00";"2015-01-27 23:00:00+00:00";"39";"51";"44";"2021";"NON";"NON";"200067213";"";"";"";"2021-10-06";"137147";""
"51227";"3432";"PLU";"CC";"2020-07-29 22:00:00+00:00";"2015-12-06 23:00:00+00:00";"33";"51";"44";"2021";"NON";"NON";"200043438";"";"";"";"2021-10-06";"142659";""
"51228";"1199";"CC";"COM";"2016-05-30 22:00:00+00:00";"2014-04-21 22:00:00+00:00";"19";"51";"44";"2021";"NON";"NON";"51228";"";"";"";"2021-10-06";"129902";""
"51230";"3199";"PLU";"COM";"2019-06-23 22:00:00+00:00";"2013-05-12 22:00:00+00:00";"39";"51";"44";"2021";"NON";"NON";"51230";"";"";"";"2021-10-06";"62633";""
"51231";"3434";"PLU";"CA";"2009-07-07 22:00:00+00:00";"2003-09-14 22:00:00+00:00";"33";"51";"44";"2021";"NON";"NON";"200066876";"";"";"";"2021-10-06";"53368";""
"51232";"3434";"PLU";"CU";"2015-03-13 23:00:00+00:00";"2012-04-11 22:00:00+00:00";"33";"51";"44";"2021";"NON";"NON";"200067213";"";"";"";"2021-10-06";"106640";""
"51234";"3199";"PLU";"COM";"2009-07-07 22:00:00+00:00";"2004-01-06 23:00:00+00:00";"39";"51";"44";"2021";"NON";"NON";"51234";"";"";"";"2021-10-06";"53369";""
"51236";"1199";"CC";"COM";"2009-11-17 23:00:00+00:00";"2007-05-30 22:00:00+00:00";"19";"51";"44";"2021";"NON";"NON";"51236";"";"";"";"2021-10-06";"69608";""
"51237";"3199";"PLU";"COM";"2007-09-19 22:00:00+00:00";"2004-10-25 22:00:00+00:00";"39";"51";"44";"2021";"NON";"NON";"51237";"";"";"";"2021-10-06";"53373";""
"51238";"3199";"PLU";"COM";"2018-03-18 23:00:00+00:00";"2011-09-13 22:00:00+00:00";"39";"51";"44";"2021";"NON";"NON";"51238";"";"";"";"2021-10-06";"80956";""
"51240";"1499";"CC";"CC";"2014-03-09 23:00:00+00:00";"2011-11-06 23:00:00+00:00";"19";"51";"44";"2021";"NON";"NON";"200067379";"";"";"";"2021-10-06";"93284";""
"51242";"3499";"PLU";"CA";"2018-05-24 22:00:00+00:00";"2014-10-16 22:00:00+00:00";"39";"51";"44";"2021";"NON";"NON";"200066876";"";"";"";"2021-10-06";"132887";""
"51244";"3432";"PLU";"CC";"2011-12-13 23:00:00+00:00";"2008-06-10 22:00:00+00:00";"33";"51";"44";"2021";"NON";"NON";"200043438";"";"";"";"2021-10-06";"62639";""
"51245";"3499";"PLU";"CU";"2016-06-15 22:00:00+00:00";"2011-03-13 23:00:00+00:00";"39";"51";"44";"2021";"NON";"NON";"200067213";"";"";"";"2021-10-06";"107012";""
"51246";"1432";"CC";"CC";"2013-05-20 22:00:00+00:00";"2010-10-21 22:00:00+00:00";"13";"51";"44";"2021";"NON";"NON";"51246";"";"";"";"2021-10-06";"67003";""
"51248";"3199";"PLU";"COM";"2012-06-27 22:00:00+00:00";"2006-11-29 23:00:00+00:00";"39";"51";"44";"2021";"NON";"NON";"51248";"";"";"";"2021-10-06";"62641";""
"51249";"3199";"PLU";"COM";"2020-03-02 23:00:00+00:00";"2016-04-05 22:00:00+00:00";"39";"51";"44";"2021";"NON";"NON";"51249";"";"";"";"2021-10-06";"148177";""
"51250";"3499";"PLU";"CU";"2018-06-27 22:00:00+00:00";"2015-02-09 23:00:00+00:00";"39";"51";"44";"2021";"NON";"NON";"200067213";"";"";"";"2021-10-06";"150111";""
"51252";"3199";"PLU";"COM";"2017-09-03 22:00:00+00:00";"2014-10-12 22:00:00+00:00";"39";"51";"44";"2021";"NON";"NON";"51252";"";"";"";"2021-10-06";"137129";""
"51253";"3199";"PLU";"COM";"2004-10-28 22:00:00+00:00";"2002-03-14 23:00:00+00:00";"39";"51";"44";"2021";"NON";"NON";"51253";"";"";"";"2021-10-06";"53379";""
"51258";"1199";"CC";"COM";"2011-04-14 22:00:00+00:00";"2008-09-04 22:00:00+00:00";"19";"51";"44";"2021";"NON";"NON";"51258";"";"";"";"2021-10-06";"66235";""
"51262";"3499";"PLU";"CC";"2014-02-18 23:00:00+00:00";"2010-12-14 23:00:00+00:00";"39";"51";"44";"2021";"NON";"NON";"51262";"";"";"";"2021-10-06";"62643";""
"51263";"1199";"CC";"COM";"2008-03-25 23:00:00+00:00";"2003-11-05 23:00:00+00:00";"19";"51";"44";"2021";"NON";"NON";"51263";"";"";"";"2021-10-06";"13682";""
"51264";"1199";"CC";"COM";"2004-11-30 23:00:00+00:00";"2002-06-05 22:00:00+00:00";"19";"51";"44";"2021";"NON";"NON";"51264";"";"";"";"2021-10-06";"69610";""
"51265";"1199";"CC";"COM";"2014-07-02 22:00:00+00:00";"2012-01-23 23:00:00+00:00";"19";"51";"44";"2021";"NON";"NON";"51265";"";"";"";"2021-10-06";"13684";""
"51266";"3199";"PLU";"COM";"2008-02-17 23:00:00+00:00";"2005-05-29 22:00:00+00:00";"39";"51";"44";"2021";"NON";"NON";"51266";"";"";"";"2021-10-06";"53380";""
"51267";"3499";"PLU";"CU";"2015-12-01 23:00:00+00:00";"2011-09-19 22:00:00+00:00";"39";"51";"44";"2021";"NON";"NON";"200067213";"";"";"";"2021-10-06";"78544";""
"51268";"1199";"CC";"COM";"2013-10-08 22:00:00+00:00";"2011-12-08 23:00:00+00:00";"19";"51";"44";"2021";"NON";"NON";"51268";"";"";"";"2021-10-06";"124669";""
"51269";"3432";"PLU";"CC";"2009-09-23 22:00:00+00:00";"2005-09-01 22:00:00+00:00";"33";"51";"44";"2021";"NON";"NON";"51269";"";"";"";"2021-10-06";"53382";""
"51272";"1199";"CC";"COM";"2011-05-11 22:00:00+00:00";"2009-11-25 23:00:00+00:00";"19";"51";"44";"2021";"NON";"NON";"51272";"";"";"";"2021-10-06";"67005";""
"51275";"3499";"PLU";"CC";"2012-10-04 22:00:00+00:00";"2009-06-11 22:00:00+00:00";"39";"51";"44";"2021";"NON";"NON";"51275";"";"";"";"2021-10-06";"64033";""
"51277";"3432";"PLU";"CC";"2013-06-26 22:00:00+00:00";"2008-10-01 22:00:00+00:00";"33";"51";"44";"2021";"NON";"NON";"51277";"";"";"";"2021-10-06";"156485";""
"51278";"1499";"CC";"CA";"2015-01-11 23:00:00+00:00";"2013-09-24 22:00:00+00:00";"19";"51";"44";"2021";"NON";"NON";"200066876";"";"";"";"2021-10-06";"128539";""
"51279";"1199";"CC";"COM";"2012-10-22 22:00:00+00:00";"2010-04-15 22:00:00+00:00";"19";"51";"44";"2021";"NON";"NON";"51279";"";"";"";"2021-10-06";"67006";""
"51281";"3199";"PLU";"COM";"2020-12-13 23:00:00+00:00";"2014-12-07 23:00:00+00:00";"39";"51";"44";"2021";"NON";"NON";"51281";"";"";"";"2021-10-06";"135410";""
"51282";"3499";"PLU";"CU";"2019-12-18 23:00:00+00:00";"2016-10-10 22:00:00+00:00";"39";"51";"44";"2021";"NON";"NON";"200067213";"";"";"";"2021-10-06";"150988";""
"51284";"1432";"CC";"CC";"2011-09-07 22:00:00+00:00";"2007-11-04 23:00:00+00:00";"13";"51";"44";"2021";"NON";"NON";"51284";"";"";"";"2021-10-06";"156472";""
"51286";"1432";"CC";"CA";"2014-10-22 22:00:00+00:00";"2011-03-02 23:00:00+00:00";"13";"51";"44";"2021";"NON";"NON";"200068666";"";"";"";"2021-10-06";"67007";""
"51287";"3199";"PLU";"COM";"2012-09-25 22:00:00+00:00";"2009-04-16 22:00:00+00:00";"39";"51";"44";"2021";"NON";"NON";"51287";"";"";"";"2021-10-06";"64036";""
"51288";"1432";"CC";"CC";"2006-12-29 23:00:00+00:00";"2004-04-21 22:00:00+00:00";"13";"51";"44";"2021";"NON";"NON";"51288";"";"";"";"2021-10-06";"68345";""
"51289";"3499";"PLU";"CC";"2011-06-05 22:00:00+00:00";"2006-07-02 22:00:00+00:00";"39";"51";"44";"2021";"NON";"NON";"200067379";"";"";"";"2021-10-06";"62645";""
"51291";"3499";"PLU";"CU";"2013-09-26 22:00:00+00:00";"2008-12-18 23:00:00+00:00";"39";"51";"44";"2021";"NON";"NON";"200067213";"";"";"";"2021-10-06";"64037";""
"51293";"3499";"PLU";"CU";"2019-09-25 22:00:00+00:00";"2014-06-25 22:00:00+00:00";"39";"51";"44";"2021";"NON";"NON";"200067213";"";"";"";"2021-10-06";"130005";""
"51295";"3499";"PLU";"CC";"2011-06-29 22:00:00+00:00";"2008-12-03 23:00:00+00:00";"39";"51";"44";"2021";"NON";"NON";"51295";"";"";"";"2021-10-06";"62644";""
"51296";"1499";"CC";"CC";"2011-08-30 22:00:00+00:00";"2010-01-28 23:00:00+00:00";"19";"51";"44";"2021";"NON";"NON";"51296";"";"";"";"2021-10-06";"67008";""
"51298";"1199";"CC";"COM";"2010-11-21 23:00:00+00:00";"2006-04-05 22:00:00+00:00";"19";"51";"44";"2021";"NON";"NON";"51298";"";"";"";"2021-10-06";"69611";""
"51299";"3499";"PLU";"CU";"2013-09-04 22:00:00+00:00";"2011-11-16 23:00:00+00:00";"39";"51";"44";"2021";"NON";"NON";"200067213";"";"";"";"2021-10-06";"85365";""
"51300";"3432";"PLU";"CC";"2006-01-18 23:00:00+00:00";"2002-05-31 22:00:00+00:00";"33";"51";"44";"2021";"NON";"NON";"51300";"";"";"";"2021-10-06";"156474";""
"51301";"3499";"PLU";"CA";"2012-12-09 23:00:00+00:00";"2005-01-02 23:00:00+00:00";"39";"51";"44";"2021";"NON";"NON";"200066876";"";"";"";"2021-10-06";"154315";""
"51302";"3199";"PLU";"COM";"2011-12-11 23:00:00+00:00";"2009-01-11 23:00:00+00:00";"39";"51";"44";"2021";"NON";"NON";"51302";"";"";"";"2021-10-06";"50062";""
"51303";"3434";"PLU";"CA";"2005-06-30 22:00:00+00:00";"2002-02-14 23:00:00+00:00";"33";"51";"44";"2021";"NON";"NON";"200066876";"";"";"";"2021-10-06";"53387";""
"51304";"1199";"CC";"COM";"2009-12-13 23:00:00+00:00";"2006-08-17 22:00:00+00:00";"19";"51";"44";"2021";"NON";"NON";"51304";"";"";"";"2021-10-06";"69612";""
"51305";"1499";"CC";"CU";"2013-03-03 23:00:00+00:00";"2011-06-27 22:00:00+00:00";"19";"51";"44";"2021";"NON";"NON";"200067213";"";"";"";"2021-10-06";"72866";""
"51307";"1432";"CC";"CC";"2005-01-27 23:00:00+00:00";"2002-04-14 22:00:00+00:00";"13";"51";"44";"2021";"NON";"NON";"51307";"";"";"";"2021-10-06";"68346";""
"51308";"3499";"PLU";"CU";"2018-09-26 22:00:00+00:00";"2014-06-15 22:00:00+00:00";"39";"51";"44";"2021";"NON";"NON";"200067213";"";"";"";"2021-10-06";"130767";""
"51309";"1499";"CC";"CU";"2010-02-01 23:00:00+00:00";"2007-04-09 22:00:00+00:00";"19";"51";"44";"2021";"NON";"NON";"200067213";"";"";"";"2021-10-06";"69617";""
"51310";"1499";"CC";"CU";"2001-12-26 23:00:00+00:00";"2001-06-18 22:00:00+00:00";"19";"51";"44";"2021";"NON";"NON";"200067213";"";"";"";"2021-10-06";"68347";""
"51311";"1499";"CC";"CC";"2018-05-06 22:00:00+00:00";"2014-09-03 22:00:00+00:00";"19";"51";"44";"2021";"NON";"NON";"200067379";"";"";"";"2021-10-06";"156568";""
"51312";"3434";"PLU";"CA";"2012-12-09 23:00:00+00:00";"2005-01-02 23:00:00+00:00";"33";"51";"44";"2021";"NON";"NON";"200066876";"";"";"";"2021-10-06";"154317";""
"51313";"3199";"PLU";"COM";"2021-05-19 22:00:00+00:00";"2018-11-05 23:00:00+00:00";"39";"51";"44";"2021";"NON";"NON";"51313";"";"";"";"2021-10-06";"62648";""
"51315";"1432";"CC";"CA";"2013-08-06 22:00:00+00:00";"2008-10-01 22:00:00+00:00";"13";"51";"44";"2021";"NON";"NON";"200068666";"";"";"";"2021-10-06";"123243";""
"51317";"1432";"CC";"CC";"2007-09-04 22:00:00+00:00";"2005-11-20 23:00:00+00:00";"13";"51";"44";"2021";"NON";"NON";"51317";"";"";"";"2021-10-06";"68348";""
"51318";"3499";"PLU";"CU";"2021-03-24 23:00:00+00:00";"2014-09-15 22:00:00+00:00";"39";"51";"44";"2021";"NON";"NON";"200067213";"";"";"";"2021-10-06";"133435";""
"51320";"3199";"PLU";"COM";"2010-03-15 23:00:00+00:00";"2007-02-19 23:00:00+00:00";"39";"51";"44";"2021";"NON";"NON";"51320";"";"";"";"2021-10-06";"56959";""
"51321";"1414";"CC";"CU";"2013-09-09 22:00:00+00:00";"2012-04-26 22:00:00+00:00";"11";"51";"44";"2021";"NON";"NON";"200067213";"";"";"";"2021-10-06";"110171";""
"51322";"1499";"CC";"CC";"2014-12-16 23:00:00+00:00";"2012-09-19 22:00:00+00:00";"19";"51";"44";"2021";"NON";"NON";"51322";"";"";"";"2021-10-06";"113480";""
"51325";"1499";"CC";"CC";"2010-01-27 23:00:00+00:00";"2008-12-16 23:00:00+00:00";"19";"51";"44";"2021";"NON";"NON";"200067379";"";"";"";"2021-10-06";"69618";""
"51326";"3499";"PLU";"CA";"2005-02-06 23:00:00+00:00";"2005-02-06 23:00:00+00:00";"39";"51";"44";"2021";"NON";"NON";"200066876";"";"";"";"2021-10-06";"59009";""
"51327";"1199";"CC";"COM";"2010-01-20 23:00:00+00:00";"2003-05-21 22:00:00+00:00";"19";"51";"44";"2021";"NON";"NON";"51327";"";"";"";"2021-10-06";"13691";""
"51328";"3499";"PLU";"CC";"2015-05-11 22:00:00+00:00";"2012-03-27 22:00:00+00:00";"39";"51";"44";"2021";"NON";"NON";"51328";"";"";"";"2021-10-06";"107011";""
"51329";"3499";"PLU";"CU";"2016-02-22 23:00:00+00:00";"2014-05-12 22:00:00+00:00";"39";"51";"44";"2021";"NON";"NON";"200067213";"";"";"";"2021-10-06";"64038";""
"51333";"3499";"PLU";"CU";"2020-09-23 22:00:00+00:00";"2014-10-05 22:00:00+00:00";"39";"51";"44";"2021";"NON";"NON";"200067213";"";"";"";"2021-10-06";"132971";""
"51334";"3432";"PLU";"CC";"2005-08-30 22:00:00+00:00";"2002-04-28 22:00:00+00:00";"33";"51";"44";"2021";"NON";"NON";"51334";"";"";"";"2021-10-06";"53395";""
"51336";"1199";"CC";"COM";"2010-06-13 22:00:00+00:00";"2008-11-13 23:00:00+00:00";"19";"51";"44";"2021";"NON";"NON";"51336";"";"";"";"2021-10-06";"69619";""
"51338";"3499";"PLU";"CU";"2021-03-24 23:00:00+00:00";"2014-11-03 23:00:00+00:00";"39";"51";"44";"2021";"NON";"NON";"200067213";"";"";"";"2021-10-06";"133480";""
"51339";"3432";"PLU";"CC";"2005-03-14 23:00:00+00:00";"1996-05-27 22:00:00+00:00";"33";"51";"44";"2021";"NON";"NON";"200043438";"";"";"";"2021-10-06";"53390";""
"51340";"1499";"CC";"CC";"2008-04-23 22:00:00+00:00";"2005-05-24 22:00:00+00:00";"19";"51";"44";"2021";"NON";"NON";"51340";"";"";"";"2021-10-06";"68349";""
"51341";"1199";"CC";"COM";"2013-09-11 22:00:00+00:00";"2010-10-03 22:00:00+00:00";"19";"51";"44";"2021";"NON";"NON";"51341";"";"";"";"2021-10-06";"66616";""
"51342";"3199";"PLU";"COM";"2006-02-13 23:00:00+00:00";"2003-02-13 23:00:00+00:00";"39";"51";"44";"2021";"NON";"NON";"51342";"";"";"";"2021-10-06";"53391";""
"51344";"3199";"PLU";"COM";"2008-06-12 22:00:00+00:00";"2004-02-04 23:00:00+00:00";"39";"51";"44";"2021";"NON";"NON";"51344";"";"";"";"2021-10-06";"53393";""
"51345";"3199";"PLU";"COM";"2007-03-11 23:00:00+00:00";"2001-12-16 23:00:00+00:00";"39";"51";"44";"2021";"NON";"NON";"51345";"";"";"";"2021-10-06";"53394";""
"51346";"3131";"PLU";"COM";"2008-12-01 23:00:00+00:00";"2001-05-02 22:00:00+00:00";"33";"51";"44";"2021";"NON";"NON";"51346";"";"";"";"2021-10-06";"53396";""
"51348";"1499";"CC";"CU";"2021-08-09 22:00:00+00:00";"2015-02-10 23:00:00+00:00";"19";"51";"44";"2021";"NON";"NON";"200067213";"";"";"";"2021-10-06";"137552";""
"51349";"1499";"CC";"CC";"2020-03-25 23:00:00+00:00";"2016-12-08 23:00:00+00:00";"19";"51";"44";"2021";"NON";"NON";"51349";"";"";"";"2021-10-06";"158249";""
"51352";"3499";"PLU";"CC";"2005-06-30 22:00:00+00:00";"1998-11-26 23:00:00+00:00";"39";"51";"44";"2021";"NON";"NON";"51352";"";"";"";"2021-10-06";"53398";""
"51355";"1199";"CC";"COM";"2013-05-22 22:00:00+00:00";"2010-09-23 22:00:00+00:00";"19";"51";"44";"2021";"NON";"NON";"51355";"";"";"";"2021-10-06";"66617";""
"51356";"3432";"PLU";"CC";"2006-01-18 23:00:00+00:00";"2002-05-31 22:00:00+00:00";"33";"51";"44";"2021";"NON";"NON";"51356";"";"";"";"2021-10-06";"156477";""
"51357";"3434";"PLU";"CA";"2015-12-17 23:00:00+00:00";"2012-10-18 22:00:00+00:00";"33";"51";"44";"2021";"NON";"NON";"200066876";"";"";"";"2021-10-06";"120466";""
"51358";"1432";"CC";"CA";"2013-11-20 23:00:00+00:00";"2010-03-03 23:00:00+00:00";"13";"51";"44";"2021";"NON";"NON";"51358";"";"";"";"2021-10-06";"67009";""
"51359";"1199";"CC";"COM";"2005-10-20 22:00:00+00:00";"2003-03-20 23:00:00+00:00";"19";"51";"44";"2021";"NON";"NON";"51359";"";"";"";"2021-10-06";"68350";""
"51360";"1199";"CC";"COM";"2009-12-13 23:00:00+00:00";"2008-08-12 22:00:00+00:00";"19";"51";"44";"2021";"NON";"NON";"51360";"";"";"";"2021-10-06";"69614";""
"51362";"3499";"PLU";"CU";"2020-02-12 23:00:00+00:00";"2015-03-30 22:00:00+00:00";"39";"51";"44";"2021";"NON";"NON";"200067213";"";"";"";"2021-10-06";"138137";""
"51363";"1499";"CC";"CC";"2012-08-28 22:00:00+00:00";"2010-06-27 22:00:00+00:00";"19";"51";"44";"2021";"NON";"NON";"200067379";"";"";"";"2021-10-06";"67010";""
"51364";"1499";"CC";"CU";"2015-06-11 22:00:00+00:00";"2010-05-02 22:00:00+00:00";"19";"51";"44";"2021";"NON";"NON";"200067213";"";"";"";"2021-10-06";"67011";""
"51365";"3499";"PLU";"CU";"2018-06-27 22:00:00+00:00";"2014-11-16 23:00:00+00:00";"39";"51";"44";"2021";"NON";"NON";"200067213";"";"";"";"2021-10-06";"134281";""
"51367";"3199";"PLU";"COM";"2015-03-17 23:00:00+00:00";"2010-07-04 22:00:00+00:00";"39";"51";"44";"2021";"NON";"NON";"51367";"";"";"";"2021-10-06";"64039";""
"51369";"3199";"PLU";"COM";"2016-12-13 23:00:00+00:00";"2014-04-27 22:00:00+00:00";"39";"51";"44";"2021";"NON";"NON";"51369";"";"";"";"2021-10-06";"130670";""
"51370";"1199";"CC";"COM";"2010-01-10 23:00:00+00:00";"2006-09-26 22:00:00+00:00";"19";"51";"44";"2021";"NON";"NON";"51370";"";"";"";"2021-10-06";"69615";""
"51372";"3434";"PLU";"CA";"2012-06-03 22:00:00+00:00";"2008-11-02 23:00:00+00:00";"33";"51";"44";"2021";"NON";"NON";"200066876";"";"";"";"2021-10-06";"49672";""
"51373";"3432";"PLU";"CC";"2006-01-18 23:00:00+00:00";"2002-05-31 22:00:00+00:00";"33";"51";"44";"2021";"NON";"NON";"51373";"";"";"";"2021-10-06";"156480";""
"51375";"3499";"PLU";"CU";"2019-12-18 23:00:00+00:00";"2015-02-17 23:00:00+00:00";"39";"51";"44";"2021";"NON";"NON";"200067213";"";"";"";"2021-10-06";"137449";""
"51377";"1499";"CC";"CA";"2010-02-18 23:00:00+00:00";"2008-12-14 23:00:00+00:00";"19";"51";"44";"2021";"NON";"NON";"200066876";"";"";"";"2021-10-06";"69620";""
"51378";"3199";"PLU";"COM";"2014-03-13 23:00:00+00:00";"2008-05-28 22:00:00+00:00";"39";"51";"44";"2021";"NON";"NON";"51378";"";"";"";"2021-10-06";"62652";""
"51379";"3499";"PLU";"CU";"2015-02-25 23:00:00+00:00";"2011-09-11 22:00:00+00:00";"39";"51";"44";"2021";"NON";"NON";"200067213";"";"";"";"2021-10-06";"76167";""
"51380";"3199";"PLU";"COM";"2008-06-22 22:00:00+00:00";"2005-10-19 22:00:00+00:00";"39";"51";"44";"2021";"NON";"NON";"51380";"";"";"";"2021-10-06";"53404";""
"51381";"3199";"PLU";"COM";"2013-06-06 22:00:00+00:00";"2011-06-16 22:00:00+00:00";"39";"51";"44";"2021";"NON";"NON";"51381";"";"";"";"2021-10-06";"122381";""
"51384";"3199";"PLU";"COM";"2011-06-16 22:00:00+00:00";"2007-10-04 22:00:00+00:00";"39";"51";"44";"2021";"NON";"NON";"51384";"";"";"";"2021-10-06";"62654";""
"51386";"1199";"CC";"COM";"2004-10-17 22:00:00+00:00";"2002-04-14 22:00:00+00:00";"19";"51";"44";"2021";"NON";"NON";"51386";"";"";"";"2021-10-06";"68352";""
"51387";"1199";"CC";"COM";"2014-04-01 22:00:00+00:00";"2012-03-07 23:00:00+00:00";"19";"51";"44";"2021";"NON";"NON";"51387";"";"";"";"2021-10-06";"105027";""
"51388";"3499";"PLU";"CA";"2012-06-13 22:00:00+00:00";"2006-02-07 23:00:00+00:00";"39";"51";"44";"2021";"NON";"NON";"200066876";"";"";"";"2021-10-06";"62655";""
"51389";"3499";"PLU";"CA";"2020-09-29 22:00:00+00:00";"2014-09-16 22:00:00+00:00";"39";"51";"44";"2021";"NON";"NON";"200066876";"";"";"";"2021-10-06";"132708";""
"51390";"3199";"PLU";"COM";"2010-11-17 23:00:00+00:00";"2007-05-31 22:00:00+00:00";"39";"51";"44";"2021";"NON";"NON";"51390";"";"";"";"2021-10-06";"53405";""
"51391";"3499";"PLU";"CU";"2019-06-26 22:00:00+00:00";"2013-01-20 23:00:00+00:00";"39";"51";"44";"2021";"NON";"NON";"200067213";"";"";"";"2021-10-06";"102802";""
"51392";"3199";"PLU";"COM";"2005-03-02 23:00:00+00:00";"2001-05-31 22:00:00+00:00";"39";"51";"44";"2021";"NON";"NON";"51392";"";"";"";"2021-10-06";"53406";""
"51393";"3199";"PLU";"COM";"2008-04-14 22:00:00+00:00";"2005-06-12 22:00:00+00:00";"39";"51";"44";"2021";"NON";"NON";"51393";"";"";"";"2021-10-06";"53407";""
"51398";"3199";"PLU";"COM";"2007-09-17 22:00:00+00:00";"1996-06-26 22:00:00+00:00";"39";"51";"44";"2021";"NON";"NON";"51398";"";"";"";"2021-10-06";"53412";""
"51399";"1199";"CC";"COM";"2007-04-23 22:00:00+00:00";"2006-05-17 22:00:00+00:00";"19";"51";"44";"2021";"NON";"NON";"51399";"";"";"";"2021-10-06";"105749";""
"51403";"3434";"PLU";"CU";"2009-04-14 22:00:00+00:00";"2001-02-27 23:00:00+00:00";"33";"51";"44";"2021";"NON";"NON";"200067213";"";"";"";"2021-10-06";"136885";""
"51404";"1199";"CC";"COM";"2014-03-26 23:00:00+00:00";"2011-12-06 23:00:00+00:00";"19";"51";"44";"2021";"NON";"NON";"51404";"";"";"";"2021-10-06";"102286";""
"51406";"3432";"PLU";"CC";"2008-01-24 23:00:00+00:00";"2005-10-12 22:00:00+00:00";"33";"51";"44";"2021";"NON";"NON";"51406";"";"";"";"2021-10-06";"134081";""
"51407";"1199";"CC";"COM";"2011-06-14 22:00:00+00:00";"2007-05-23 22:00:00+00:00";"19";"51";"44";"2021";"NON";"NON";"51407";"";"";"";"2021-10-06";"66240";""
"51409";"3432";"PLU";"CC";"2014-06-29 22:00:00+00:00";"2007-10-01 22:00:00+00:00";"33";"51";"44";"2021";"NON";"NON";"200043438";"";"";"";"2021-10-06";"62656";""
"51410";"3199";"PLU";"COM";"2020-01-13 23:00:00+00:00";"2015-07-06 22:00:00+00:00";"39";"51";"44";"2021";"NON";"NON";"51410";"";"";"";"2021-10-06";"140828";""
"51413";"3199";"PLU";"COM";"2005-10-19 22:00:00+00:00";"1997-04-24 22:00:00+00:00";"39";"51";"44";"2021";"NON";"NON";"51413";"";"";"";"2021-10-06";"53415";""
"51415";"3432";"PLU";"CC";"2019-07-10 22:00:00+00:00";"2015-01-18 23:00:00+00:00";"33";"51";"44";"2021";"NON";"NON";"200043438";"";"";"";"2021-10-06";"137132";""
"51416";"3199";"PLU";"COM";"2005-12-29 23:00:00+00:00";"1998-12-10 23:00:00+00:00";"39";"51";"44";"2021";"NON";"NON";"51416";"";"";"";"2021-10-06";"53417";""
"51417";"3432";"PLU";"CC";"2008-01-24 23:00:00+00:00";"2005-10-12 22:00:00+00:00";"33";"51";"44";"2021";"NON";"NON";"51417";"";"";"";"2021-10-06";"53413";""
"51418";"3434";"PLU";"CU";"2004-02-25 23:00:00+00:00";"2004-02-25 23:00:00+00:00";"33";"51";"44";"2021";"NON";"NON";"200067213";"";"";"";"2021-10-06";"56212";""
"51420";"1499";"CC";"CC";"2013-05-14 22:00:00+00:00";"2009-05-25 22:00:00+00:00";"19";"51";"44";"2021";"NON";"NON";"200067379";"";"";"";"2021-10-06";"67013";""
"51422";"3499";"PLU";"CU";"2017-06-28 22:00:00+00:00";"2015-02-04 23:00:00+00:00";"39";"51";"44";"2021";"NON";"NON";"200067213";"";"";"";"2021-10-06";"138785";""
"51423";"3499";"PLU";"CC";"2014-01-20 23:00:00+00:00";"2008-06-10 22:00:00+00:00";"39";"51";"44";"2021";"NON";"NON";"200067379";"";"";"";"2021-10-06";"62657";""
"51425";"3199";"PLU";"COM";"2018-01-22 23:00:00+00:00";"2014-09-10 22:00:00+00:00";"39";"51";"44";"2021";"NON";"NON";"51425";"";"";"";"2021-10-06";"131448";""
"51428";"3499";"PLU";"CU";"2017-09-27 22:00:00+00:00";"2014-07-16 22:00:00+00:00";"39";"51";"44";"2021";"NON";"NON";"200067213";"";"";"";"2021-10-06";"132347";""
"51429";"1434";"CC";"CU";"2008-08-06 22:00:00+00:00";"2006-05-15 22:00:00+00:00";"13";"51";"44";"2021";"NON";"NON";"200067213";"";"";"";"2021-10-06";"68354";""
"51431";"3199";"PLU";"COM";"2014-02-25 23:00:00+00:00";"2011-05-10 22:00:00+00:00";"39";"51";"44";"2021";"NON";"NON";"51431";"";"";"";"2021-10-06";"62653";""
"51432";"3199";"PLU";"COM";"2018-11-08 23:00:00+00:00";"2015-10-15 22:00:00+00:00";"39";"51";"44";"2021";"NON";"NON";"51432";"";"";"";"2021-10-06";"142706";""
"51433";"1499";"CC";"CC";"2013-09-23 22:00:00+00:00";"2010-07-29 22:00:00+00:00";"19";"51";"44";"2021";"NON";"NON";"200067379";"";"";"";"2021-10-06";"67014";""
"51434";"3199";"PLU";"COM";"2019-09-26 22:00:00+00:00";"2014-09-04 22:00:00+00:00";"39";"51";"44";"2021";"NON";"NON";"51434";"";"";"";"2021-10-06";"133008";""
"51435";"3199";"PLU";"COM";"2020-02-12 23:00:00+00:00";"2015-11-25 23:00:00+00:00";"39";"51";"44";"2021";"NON";"NON";"51435";"";"";"";"2021-10-06";"142656";""
"51438";"1432";"CC";"CC";"2018-11-16 23:00:00+00:00";"2015-01-25 23:00:00+00:00";"13";"51";"44";"2021";"NON";"NON";"200043438";"";"";"";"2021-10-06";"137205";""
"51439";"3434";"PLU";"CU";"2013-05-26 22:00:00+00:00";"2009-10-05 22:00:00+00:00";"33";"51";"44";"2021";"NON";"NON";"200067213";"";"";"";"2021-10-06";"65156";""
"51440";"3434";"PLU";"CU";"2007-04-18 22:00:00+00:00";"2003-01-23 23:00:00+00:00";"33";"51";"44";"2021";"NON";"NON";"200067213";"";"";"";"2021-10-06";"53426";""
"51441";"1499";"CC";"CC";"2020-08-09 22:00:00+00:00";"2010-06-03 22:00:00+00:00";"19";"51";"44";"2021";"NON";"NON";"200067379";"";"";"";"2021-10-06";"66244";""
"51442";"1499";"CC";"CC";"2013-07-02 22:00:00+00:00";"2009-06-17 22:00:00+00:00";"19";"51";"44";"2021";"NON";"NON";"200067379";"";"";"";"2021-10-06";"133997";""
"51443";"1199";"CC";"COM";"2018-06-14 22:00:00+00:00";"2014-05-20 22:00:00+00:00";"19";"51";"44";"2021";"NON";"NON";"51443";"";"";"";"2021-10-06";"130508";""
"51444";"3499";"PLU";"CU";"2014-02-16 23:00:00+00:00";"2006-03-26 22:00:00+00:00";"39";"51";"44";"2021";"NON";"NON";"200067213";"";"";"";"2021-10-06";"62658";""
"51445";"1499";"CC";"CU";"2006-11-29 23:00:00+00:00";"2005-02-21 23:00:00+00:00";"19";"51";"44";"2021";"NON";"NON";"200067213";"";"";"";"2021-10-06";"68355";""
"51448";"3499";"PLU";"CU";"2014-07-17 22:00:00+00:00";"2009-02-19 23:00:00+00:00";"39";"51";"44";"2021";"NON";"NON";"200067213";"";"";"";"2021-10-06";"62662";""
"51449";"3499";"PLU";"CU";"2020-02-12 23:00:00+00:00";"2013-11-21 23:00:00+00:00";"39";"51";"44";"2021";"NON";"NON";"200067213";"";"";"";"2021-10-06";"134772";""
"51450";"3499";"PLU";"CU";"2020-02-12 23:00:00+00:00";"2014-10-28 23:00:00+00:00";"39";"51";"44";"2021";"NON";"NON";"200067213";"";"";"";"2021-10-06";"133132";""
"51453";"3434";"PLU";"CA";"2014-05-19 22:00:00+00:00";"2010-02-08 23:00:00+00:00";"33";"51";"44";"2021";"NON";"NON";"200066876";"";"";"";"2021-10-06";"62663";""
"51454";"3499";"PLU";"CU";"2017-09-27 22:00:00+00:00";"2010-03-28 22:00:00+00:00";"39";"51";"44";"2021";"NON";"NON";"200067213";"";"";"";"2021-10-06";"62659";""
"51455";"1499";"CC";"CC";"2012-12-19 23:00:00+00:00";"2010-06-07 22:00:00+00:00";"19";"51";"44";"2021";"NON";"NON";"200067379";"";"";"";"2021-10-06";"67016";""
"51458";"1199";"CC";"COM";"2016-05-31 22:00:00+00:00";"2014-04-08 22:00:00+00:00";"19";"51";"44";"2021";"NON";"NON";"51458";"";"";"";"2021-10-06";"130040";""
"51459";"1199";"CC";"COM";"2008-04-10 22:00:00+00:00";"2006-12-08 23:00:00+00:00";"19";"51";"44";"2021";"NON";"NON";"51459";"";"";"";"2021-10-06";"68356";""
"51461";"3499";"PLU";"CU";"2020-12-16 23:00:00+00:00";"2015-05-18 22:00:00+00:00";"39";"51";"44";"2021";"NON";"NON";"200067213";"";"";"";"2021-10-06";"142023";""
"51464";"3499";"PLU";"CU";"2021-03-24 23:00:00+00:00";"2016-10-11 22:00:00+00:00";"39";"51";"44";"2021";"NON";"NON";"200067213";"";"";"";"2021-10-06";"151152";""
"51465";"3199";"PLU";"COM";"2006-12-17 23:00:00+00:00";"2003-03-17 23:00:00+00:00";"39";"51";"44";"2021";"NON";"NON";"51465";"";"";"";"2021-10-06";"53429";""
"51466";"1414";"CC";"CU";"2004-04-08 22:00:00+00:00";"2001-12-11 23:00:00+00:00";"11";"51";"44";"2021";"NON";"NON";"200067213";"";"";"";"2021-10-06";"68357";""
"51468";"3499";"PLU";"CU";"2018-03-25 22:00:00+00:00";"2014-09-29 22:00:00+00:00";"39";"51";"44";"2021";"NON";"NON";"200067213";"";"";"";"2021-10-06";"132709";""
"51471";"3499";"PLU";"CU";"2021-03-24 23:00:00+00:00";"2015-02-09 23:00:00+00:00";"39";"51";"44";"2021";"NON";"NON";"200067213";"";"";"";"2021-10-06";"137149";""
"51472";"3499";"PLU";"CC";"2008-12-21 23:00:00+00:00";"2006-06-12 22:00:00+00:00";"39";"51";"44";"2021";"NON";"NON";"200067379";"";"";"";"2021-10-06";"53433";""
"51473";"1199";"CC";"COM";"2011-07-04 22:00:00+00:00";"2008-06-01 22:00:00+00:00";"19";"51";"44";"2021";"NON";"NON";"51473";"";"";"";"2021-10-06";"66242";""
"51474";"3434";"PLU";"CU";"2008-06-04 22:00:00+00:00";"2001-10-03 22:00:00+00:00";"33";"51";"44";"2021";"NON";"NON";"200067213";"";"";"";"2021-10-06";"53431";""
"51476";"3499";"PLU";"CA";"2012-11-04 23:00:00+00:00";"2007-12-02 23:00:00+00:00";"39";"51";"44";"2021";"NON";"NON";"200066876";"";"";"";"2021-10-06";"62661";""
"51477";"3499";"PLU";"CU";"2019-11-17 23:00:00+00:00";"2015-09-10 22:00:00+00:00";"39";"51";"44";"2021";"NON";"NON";"200067213";"";"";"";"2021-10-06";"141295";""
"51479";"1499";"CC";"CU";"2006-05-14 22:00:00+00:00";"2004-12-08 23:00:00+00:00";"19";"51";"44";"2021";"NON";"NON";"200067213";"";"";"";"2021-10-06";"68358";""
"51482";"3432";"PLU";"CC";"2006-07-05 22:00:00+00:00";"2002-06-23 22:00:00+00:00";"33";"51";"44";"2021";"NON";"NON";"200043438";"";"";"";"2021-10-06";"53428";""
"51483";"3434";"PLU";"CA";"2014-02-24 23:00:00+00:00";"2009-01-02 23:00:00+00:00";"33";"51";"44";"2021";"NON";"NON";"200066876";"";"";"";"2021-10-06";"62666";""
"51484";"1499";"CC";"CU";"2009-08-16 22:00:00+00:00";"2007-06-21 22:00:00+00:00";"19";"51";"44";"2021";"NON";"NON";"200067213";"";"";"";"2021-10-06";"69621";""
"51485";"1499";"CC";"CA";"2018-12-18 23:00:00+00:00";"2015-03-11 23:00:00+00:00";"19";"51";"44";"2021";"NON";"NON";"200066876";"";"";"";"2021-10-06";"137844";""
"51486";"1432";"CC";"CC";"2006-07-25 22:00:00+00:00";"2004-02-04 23:00:00+00:00";"13";"51";"44";"2021";"NON";"NON";"51486";"";"";"";"2021-10-06";"68359";""
"51487";"1414";"CC";"CU";"2008-08-18 22:00:00+00:00";"2004-11-21 23:00:00+00:00";"11";"51";"44";"2021";"NON";"NON";"200067213";"";"";"";"2021-10-06";"69622";""
"51488";"3199";"PLU";"COM";"2011-06-26 22:00:00+00:00";"2007-12-11 23:00:00+00:00";"39";"51";"44";"2021";"NON";"NON";"51488";"";"";"";"2021-10-06";"62664";""
"51490";"1432";"CC";"CC";"2006-07-31 22:00:00+00:00";"2005-03-06 23:00:00+00:00";"13";"51";"44";"2021";"NON";"NON";"200043438";"";"";"";"2021-10-06";"68360";""
"51491";"1432";"CC";"CC";"2007-08-12 22:00:00+00:00";"2005-09-25 22:00:00+00:00";"13";"51";"44";"2021";"NON";"NON";"51491";"";"";"";"2021-10-06";"68361";""
"51492";"3199";"PLU";"COM";"2019-12-11 23:00:00+00:00";"2009-04-27 22:00:00+00:00";"39";"51";"44";"2021";"NON";"NON";"51492";"";"";"";"2021-10-06";"49673";""
"51493";"3499";"PLU";"CU";"2019-11-17 23:00:00+00:00";"2015-10-29 23:00:00+00:00";"39";"51";"44";"2021";"NON";"NON";"200067213";"";"";"";"2021-10-06";"142375";""
"51497";"1499";"CC";"CC";"2016-04-20 22:00:00+00:00";"2013-02-27 23:00:00+00:00";"19";"51";"44";"2021";"NON";"NON";"200067379";"";"";"";"2021-10-06";"124849";""
"51499";"1199";"CC";"COM";"2005-08-15 22:00:00+00:00";"2003-11-05 23:00:00+00:00";"19";"51";"44";"2021";"NON";"NON";"51499";"";"";"";"2021-10-06";"68362";""
"51500";"1199";"CC";"COM";"2015-06-18 22:00:00+00:00";"2012-10-21 22:00:00+00:00";"19";"51";"44";"2021";"NON";"NON";"51500";"";"";"";"2021-10-06";"118803";""
"51501";"1432";"CC";"CC";"2016-06-12 22:00:00+00:00";"2008-07-07 22:00:00+00:00";"13";"51";"44";"2021";"NON";"NON";"51501";"";"";"";"2021-10-06";"66243";""
"51502";"1432";"CC";"CC";"2011-05-09 22:00:00+00:00";"2008-11-18 23:00:00+00:00";"13";"51";"44";"2021";"NON";"NON";"200043438";"";"";"";"2021-10-06";"57483";""
"51503";"1414";"CC";"CU";"2010-09-08 22:00:00+00:00";"2009-07-08 22:00:00+00:00";"11";"51";"44";"2021";"NON";"NON";"200067213";"";"";"";"2021-10-06";"105757";""
"51504";"3499";"PLU";"CA";"2006-12-29 23:00:00+00:00";"2004-05-02 22:00:00+00:00";"39";"51";"44";"2021";"NON";"NON";"200066876";"";"";"";"2021-10-06";"53434";""
"51505";"3434";"PLU";"CU";"2008-01-20 23:00:00+00:00";"2005-06-23 22:00:00+00:00";"33";"51";"44";"2021";"NON";"NON";"200067213";"";"";"";"2021-10-06";"53435";""
"51506";"3499";"PLU";"CA";"2013-10-20 22:00:00+00:00";"2010-09-14 22:00:00+00:00";"39";"51";"44";"2021";"NON";"NON";"200066876";"";"";"";"2021-10-06";"62660";""
"51507";"3199";"PLU";"COM";"2017-06-29 22:00:00+00:00";"2012-01-25 23:00:00+00:00";"39";"51";"44";"2021";"NON";"NON";"51507";"";"";"";"2021-10-06";"102805";""
"51508";"1499";"CC";"CC";"2019-01-17 23:00:00+00:00";"2017-06-26 22:00:00+00:00";"19";"51";"44";"2021";"NON";"NON";"51508";"";"";"";"2021-10-06";"157054";""
"51509";"1499";"CC";"CA";"2020-07-01 22:00:00+00:00";"2015-11-17 23:00:00+00:00";"19";"51";"44";"2021";"NON";"NON";"200066876";"";"";"";"2021-10-06";"142622";""
"51510";"1499";"CC";"CC";"2013-05-22 22:00:00+00:00";"2010-06-17 22:00:00+00:00";"19";"51";"44";"2021";"NON";"NON";"200067379";"";"";"";"2021-10-06";"67017";""
"51512";"3432";"PLU";"CC";"2012-03-05 23:00:00+00:00";"2007-10-01 22:00:00+00:00";"33";"51";"44";"2021";"NON";"NON";"200043438";"";"";"";"2021-10-06";"62667";""
"51513";"3432";"PLU";"CC";"2013-06-26 22:00:00+00:00";"2008-10-01 22:00:00+00:00";"33";"51";"44";"2021";"NON";"NON";"51513";"";"";"";"2021-10-06";"156487";""
"51515";"1432";"CC";"CC";"2010-08-10 22:00:00+00:00";"2008-06-09 22:00:00+00:00";"13";"51";"44";"2021";"NON";"NON";"51515";"";"";"";"2021-10-06";"69623";""
"51517";"1414";"CC";"CU";"2008-07-02 22:00:00+00:00";"2004-11-21 23:00:00+00:00";"11";"51";"44";"2021";"NON";"NON";"200067213";"";"";"";"2021-10-06";"69624";""
"51518";"3499";"PLU";"CU";"2019-06-26 22:00:00+00:00";"2015-02-04 23:00:00+00:00";"39";"51";"44";"2021";"NON";"NON";"200067213";"";"";"";"2021-10-06";"137235";""
"51519";"1199";"CC";"COM";"2013-05-14 22:00:00+00:00";"2010-09-29 22:00:00+00:00";"19";"51";"44";"2021";"NON";"NON";"51519";"";"";"";"2021-10-06";"67018";""
"51521";"1432";"CC";"CA";"2012-02-15 23:00:00+00:00";"2010-06-13 22:00:00+00:00";"13";"51";"44";"2021";"NON";"NON";"200068666";"";"";"";"2021-10-06";"67019";""
"51522";"1432";"CC";"CA";"2013-04-01 22:00:00+00:00";"2008-10-01 22:00:00+00:00";"13";"51";"44";"2021";"NON";"NON";"200068666";"";"";"";"2021-10-06";"120916";""
"51523";"3499";"PLU";"CU";"2021-06-23 22:00:00+00:00";"2015-02-18 23:00:00+00:00";"39";"51";"44";"2021";"NON";"NON";"200067213";"";"";"";"2021-10-06";"137551";""
"51524";"3199";"PLU";"COM";"2013-12-15 23:00:00+00:00";"2010-02-28 23:00:00+00:00";"39";"51";"44";"2021";"NON";"NON";"51524";"";"";"";"2021-10-06";"50063";""
"51525";"3434";"PLU";"CA";"2008-02-25 23:00:00+00:00";"2005-06-27 22:00:00+00:00";"33";"51";"44";"2021";"NON";"NON";"200066876";"";"";"";"2021-10-06";"53444";""
"51529";"1414";"CC";"CU";"2004-12-20 23:00:00+00:00";"2002-11-07 23:00:00+00:00";"11";"51";"44";"2021";"NON";"NON";"200067213";"";"";"";"2021-10-06";"68363";""
"51530";"3499";"PLU";"CU";"2021-06-23 22:00:00+00:00";"2014-06-02 22:00:00+00:00";"39";"51";"44";"2021";"NON";"NON";"200067213";"";"";"";"2021-10-06";"131485";""
"51531";"3499";"PLU";"CC";"2014-03-16 23:00:00+00:00";"2010-02-04 23:00:00+00:00";"39";"51";"44";"2021";"NON";"NON";"200067379";"";"";"";"2021-10-06";"50064";""
"51532";"3499";"PLU";"CU";"2019-03-20 23:00:00+00:00";"2015-06-14 22:00:00+00:00";"39";"51";"44";"2021";"NON";"NON";"200067213";"";"";"";"2021-10-06";"138784";""
"51534";"1414";"CC";"CU";"2008-10-08 22:00:00+00:00";"2007-02-01 23:00:00+00:00";"11";"51";"44";"2021";"NON";"NON";"200067213";"";"";"";"2021-10-06";"68364";""
"51535";"3199";"PLU";"COM";"2016-11-02 23:00:00+00:00";"2007-05-09 22:00:00+00:00";"39";"51";"44";"2021";"NON";"NON";"51535";"";"";"";"2021-10-06";"62672";""
"51536";"3434";"PLU";"CU";"2014-01-26 23:00:00+00:00";"2009-10-11 22:00:00+00:00";"33";"51";"44";"2021";"NON";"NON";"200067213";"";"";"";"2021-10-06";"62668";""
"51537";"1199";"CC";"COM";"2012-09-05 22:00:00+00:00";"2010-09-19 22:00:00+00:00";"19";"51";"44";"2021";"NON";"NON";"51537";"";"";"";"2021-10-06";"66618";""
"51538";"1432";"CC";"CC";"2007-07-05 22:00:00+00:00";"2006-09-07 22:00:00+00:00";"13";"51";"44";"2021";"NON";"NON";"200043438";"";"";"";"2021-10-06";"105762";""
"51539";"1499";"CC";"CC";"2020-08-09 22:00:00+00:00";"2014-09-03 22:00:00+00:00";"19";"51";"44";"2021";"NON";"NON";"200067379";"";"";"";"2021-10-06";"156571";""
"51542";"1199";"CC";"COM";"2006-03-12 23:00:00+00:00";"2003-04-26 22:00:00+00:00";"19";"51";"44";"2021";"NON";"NON";"51542";"";"";"";"2021-10-06";"68366";""
"51544";"1432";"CC";"CC";"2016-02-21 23:00:00+00:00";"2013-02-24 23:00:00+00:00";"13";"51";"44";"2021";"NON";"NON";"51544";"";"";"";"2021-10-06";"120573";""
"51545";"3434";"PLU";"CA";"2007-05-23 22:00:00+00:00";"2003-02-09 23:00:00+00:00";"33";"51";"44";"2021";"NON";"NON";"200066876";"";"";"";"2021-10-06";"53438";""
"51546";"3432";"PLU";"CC";"2004-02-26 23:00:00+00:00";"2001-06-12 22:00:00+00:00";"33";"51";"44";"2021";"NON";"NON";"51546";"";"";"";"2021-10-06";"53446";""
"51547";"1432";"CC";"CC";"2008-02-17 23:00:00+00:00";"2006-10-23 22:00:00+00:00";"13";"51";"44";"2021";"NON";"NON";"51547";"";"";"";"2021-10-06";"68368";""
"51548";"1432";"CC";"CC";"2011-06-29 22:00:00+00:00";"2009-01-19 23:00:00+00:00";"13";"51";"44";"2021";"NON";"NON";"200043438";"";"";"";"2021-10-06";"66650";""
"51549";"1199";"CC";"COM";"2016-05-30 22:00:00+00:00";"2013-02-11 23:00:00+00:00";"19";"51";"44";"2021";"NON";"NON";"51549";"";"";"";"2021-10-06";"120575";""
"51552";"1499";"CC";"CC";"2011-07-04 22:00:00+00:00";"2009-02-03 23:00:00+00:00";"19";"51";"44";"2021";"NON";"NON";"51552";"";"";"";"2021-10-06";"67021";""
"51553";"1432";"CC";"CC";"2011-07-05 22:00:00+00:00";"2008-06-19 22:00:00+00:00";"13";"51";"44";"2021";"NON";"NON";"51553";"";"";"";"2021-10-06";"65722";""
"51556";"3499";"PLU";"CA";"2021-02-14 23:00:00+00:00";"2015-09-20 22:00:00+00:00";"39";"51";"44";"2021";"NON";"NON";"200066876";"";"";"";"2021-10-06";"140967";""
"51557";"1499";"CC";"CC";"2013-06-19 22:00:00+00:00";"2011-04-28 22:00:00+00:00";"19";"51";"44";"2021";"NON";"NON";"51557";"";"";"";"2021-10-06";"71291";""
"51558";"1199";"CC";"COM";"2011-04-10 22:00:00+00:00";"2007-01-14 23:00:00+00:00";"19";"51";"44";"2021";"NON";"NON";"51558";"";"";"";"2021-10-06";"66247";""
"51559";"3432";"PLU";"CC";"2006-12-05 23:00:00+00:00";"2001-06-24 22:00:00+00:00";"33";"51";"44";"2021";"NON";"NON";"51559";"";"";"";"2021-10-06";"53439";""
"51562";"3434";"PLU";"CU";"2012-02-08 23:00:00+00:00";"2008-12-08 23:00:00+00:00";"33";"51";"44";"2021";"NON";"NON";"200067213";"";"";"";"2021-10-06";"62670";""
"51564";"3199";"PLU";"COM";"2019-06-26 22:00:00+00:00";"2011-02-02 23:00:00+00:00";"39";"51";"44";"2021";"NON";"NON";"51564";"";"";"";"2021-10-06";"64040";""
"51568";"3434";"PLU";"CU";"2012-06-14 22:00:00+00:00";"2010-04-01 22:00:00+00:00";"33";"51";"44";"2021";"NON";"NON";"200067213";"";"";"";"2021-10-06";"62671";""
"51569";"3499";"PLU";"CU";"2020-02-12 23:00:00+00:00";"2015-03-30 22:00:00+00:00";"39";"51";"44";"2021";"NON";"NON";"200067213";"";"";"";"2021-10-06";"138889";""
"51570";"3199";"PLU";"COM";"2007-09-17 22:00:00+00:00";"2004-06-08 22:00:00+00:00";"39";"51";"44";"2021";"NON";"NON";"51570";"";"";"";"2021-10-06";"53450";""
"51571";"3499";"PLU";"CU";"2014-07-07 22:00:00+00:00";"2010-09-06 22:00:00+00:00";"39";"51";"44";"2021";"NON";"NON";"200067213";"";"";"";"2021-10-06";"64041";""
"51572";"1432";"CC";"CC";"2008-07-08 22:00:00+00:00";"2006-03-25 23:00:00+00:00";"13";"51";"44";"2021";"NON";"NON";"51572";"";"";"";"2021-10-06";"68369";""
"51573";"3499";"PLU";"CU";"2019-03-20 23:00:00+00:00";"2015-02-22 23:00:00+00:00";"39";"51";"44";"2021";"NON";"NON";"200067213";"";"";"";"2021-10-06";"137629";""
"51576";"3199";"PLU";"COM";"2019-12-16 23:00:00+00:00";"2016-02-07 23:00:00+00:00";"39";"51";"44";"2021";"NON";"NON";"51576";"";"";"";"2021-10-06";"142347";""
"51579";"1199";"CC";"COM";"2009-11-11 23:00:00+00:00";"2008-06-23 22:00:00+00:00";"19";"51";"44";"2021";"NON";"NON";"51579";"";"";"";"2021-10-06";"69626";""
"51580";"3499";"PLU";"CU";"2018-03-25 22:00:00+00:00";"2015-11-16 23:00:00+00:00";"39";"51";"44";"2021";"NON";"NON";"200067213";"";"";"";"2021-10-06";"137133";""
"51581";"1499";"CC";"CU";"2006-12-27 23:00:00+00:00";"2005-08-06 22:00:00+00:00";"19";"51";"44";"2021";"NON";"NON";"200067213";"";"";"";"2021-10-06";"68370";""
"51582";"3499";"PLU";"CU";"2018-12-16 23:00:00+00:00";"2015-06-28 22:00:00+00:00";"39";"51";"44";"2021";"NON";"NON";"200067213";"";"";"";"2021-10-06";"139731";""
"51583";"1432";"CC";"CA";"2013-03-03 23:00:00+00:00";"2011-09-15 22:00:00+00:00";"13";"51";"44";"2021";"NON";"NON";"200068666";"";"";"";"2021-10-06";"76163";""
"51584";"3499";"PLU";"CU";"2017-06-28 22:00:00+00:00";"2014-11-24 23:00:00+00:00";"39";"51";"44";"2021";"NON";"NON";"200067213";"";"";"";"2021-10-06";"135337";""
"51585";"3199";"PLU";"COM";"2018-07-22 22:00:00+00:00";"2015-06-09 22:00:00+00:00";"39";"51";"44";"2021";"NON";"NON";"51585";"";"";"";"2021-10-06";"138816";""
"51587";"1499";"CC";"CA";"2018-08-22 22:00:00+00:00";"2014-11-17 23:00:00+00:00";"19";"51";"44";"2021";"NON";"NON";"200066876";"";"";"";"2021-10-06";"135309";""
"51588";"1199";"CC";"COM";"2004-01-15 23:00:00+00:00";"2002-02-19 23:00:00+00:00";"19";"51";"44";"2021";"NON";"NON";"51588";"";"";"";"2021-10-06";"68371";""
"51589";"1499";"CC";"CC";"2016-06-08 22:00:00+00:00";"2008-10-21 22:00:00+00:00";"19";"51";"44";"2021";"NON";"NON";"200067379";"";"";"";"2021-10-06";"66248";""
"51590";"1499";"CC";"CC";"2020-08-04 22:00:00+00:00";"2017-12-13 23:00:00+00:00";"19";"51";"44";"2021";"NON";"NON";"200067379";"";"";"";"2021-10-06";"164670";""
"51591";"3499";"PLU";"CU";"2020-12-16 23:00:00+00:00";"2014-09-09 22:00:00+00:00";"39";"51";"44";"2021";"NON";"NON";"200067213";"";"";"";"2021-10-06";"133614";""
"51592";"3131";"PLU";"COM";"2005-07-04 22:00:00+00:00";"2003-04-28 22:00:00+00:00";"33";"51";"44";"2021";"NON";"NON";"51592";"";"";"";"2021-10-06";"53455";""
"51595";"1499";"CC";"CA";"2019-03-25 23:00:00+00:00";"2015-07-09 22:00:00+00:00";"19";"51";"44";"2021";"NON";"NON";"200066876";"";"";"";"2021-10-06";"140573";""
"51596";"1199";"CC";"COM";"2006-01-16 23:00:00+00:00";"2004-01-21 23:00:00+00:00";"19";"51";"44";"2021";"NON";"NON";"51596";"";"";"";"2021-10-06";"68372";""
"51597";"3199";"PLU";"COM";"2009-01-20 23:00:00+00:00";"2005-09-27 22:00:00+00:00";"39";"51";"44";"2021";"NON";"NON";"51597";"";"";"";"2021-10-06";"62674";""
"51598";"1499";"CC";"CC";"2006-04-10 22:00:00+00:00";"2004-02-08 23:00:00+00:00";"19";"51";"44";"2021";"NON";"NON";"200067379";"";"";"";"2021-10-06";"13683";""
"51599";"3499";"PLU";"CU";"2020-02-12 23:00:00+00:00";"2015-10-26 23:00:00+00:00";"39";"51";"44";"2021";"NON";"NON";"200067213";"";"";"";"2021-10-06";"142348";""
"51600";"1414";"CC";"CU";"2008-07-08 22:00:00+00:00";"2004-11-21 23:00:00+00:00";"11";"51";"44";"2021";"NON";"NON";"200067213";"";"";"";"2021-10-06";"69627";""
"51601";"1499";"CC";"CC";"2014-02-10 23:00:00+00:00";"2010-01-13 23:00:00+00:00";"19";"51";"44";"2021";"NON";"NON";"200067379";"";"";"";"2021-10-06";"129135";""
"51603";"1111";"CC";"COM";"2007-04-19 22:00:00+00:00";"2006-07-06 22:00:00+00:00";"11";"51";"44";"2021";"NON";"NON";"51603";"";"";"";"2021-10-06";"23923";""
"51605";"3199";"PLU";"COM";"2020-07-22 22:00:00+00:00";"2015-09-29 22:00:00+00:00";"39";"51";"44";"2021";"NON";"NON";"51605";"";"";"";"2021-10-06";"144101";""
"51607";"1199";"CC";"COM";"2005-12-13 23:00:00+00:00";"2003-03-24 23:00:00+00:00";"19";"51";"44";"2021";"NON";"NON";"51607";"";"";"";"2021-10-06";"68374";""
"51608";"1499";"CC";"CC";"2016-06-05 22:00:00+00:00";"2011-04-14 22:00:00+00:00";"19";"51";"44";"2021";"NON";"NON";"200067379";"";"";"";"2021-10-06";"134000";""
"51609";"3199";"PLU";"COM";"2012-07-29 22:00:00+00:00";"2002-05-23 22:00:00+00:00";"39";"51";"44";"2021";"NON";"NON";"51609";"";"";"";"2021-10-06";"62675";""
"51610";"3199";"PLU";"COM";"2006-05-18 22:00:00+00:00";"2003-10-23 22:00:00+00:00";"39";"51";"44";"2021";"NON";"NON";"51610";"";"";"";"2021-10-06";"53458";""
"51611";"1199";"CC";"COM";"2008-12-17 23:00:00+00:00";"2005-12-13 23:00:00+00:00";"19";"51";"44";"2021";"NON";"NON";"51611";"";"";"";"2021-10-06";"68375";""
"51612";"3131";"PLU";"COM";"2017-05-31 22:00:00+00:00";"2008-11-26 23:00:00+00:00";"33";"51";"44";"2021";"NON";"NON";"51612";"";"";"";"2021-10-06";"62677";""
"51613";"3434";"PLU";"CU";"2009-01-13 23:00:00+00:00";"2001-03-21 23:00:00+00:00";"33";"51";"44";"2021";"NON";"NON";"200067213";"";"";"";"2021-10-06";"53456";""
"51616";"3432";"PLU";"CC";"2011-04-26 22:00:00+00:00";"2007-10-03 22:00:00+00:00";"33";"51";"44";"2021";"NON";"NON";"200043438";"";"";"";"2021-10-06";"62676";""
"51617";"3434";"PLU";"CA";"2011-12-15 23:00:00+00:00";"2008-01-14 23:00:00+00:00";"33";"51";"44";"2021";"NON";"NON";"200066876";"";"";"";"2021-10-06";"62678";""
"51618";"1199";"CC";"COM";"2010-07-19 22:00:00+00:00";"2004-10-26 22:00:00+00:00";"19";"51";"44";"2021";"NON";"NON";"51618";"";"";"";"2021-10-06";"69628";""
"51620";"1199";"CC";"COM";"2012-09-09 22:00:00+00:00";"2010-06-28 22:00:00+00:00";"19";"51";"44";"2021";"NON";"NON";"51620";"";"";"";"2021-10-06";"67025";""
"51622";"3499";"PLU";"CU";"2021-03-24 23:00:00+00:00";"2015-07-16 22:00:00+00:00";"39";"51";"44";"2021";"NON";"NON";"200067213";"";"";"";"2021-10-06";"140570";""
"51624";"3499";"PLU";"CU";"2019-11-17 23:00:00+00:00";"2014-12-10 23:00:00+00:00";"39";"51";"44";"2021";"NON";"NON";"200067213";"";"";"";"2021-10-06";"135338";""
"51625";"1199";"CC";"COM";"2007-05-02 22:00:00+00:00";"2005-03-31 22:00:00+00:00";"19";"51";"44";"2021";"NON";"NON";"51625";"";"";"";"2021-10-06";"1798";""
"51626";"1199";"CC";"COM";"2006-01-29 23:00:00+00:00";"2003-10-20 22:00:00+00:00";"19";"51";"44";"2021";"NON";"NON";"51626";"";"";"";"2021-10-06";"68376";""
"51627";"1199";"CC";"COM";"2005-06-20 22:00:00+00:00";"2003-11-09 23:00:00+00:00";"19";"51";"44";"2021";"NON";"NON";"51627";"";"";"";"2021-10-06";"68377";""
"51629";"3499";"PLU";"CU";"2019-06-26 22:00:00+00:00";"2014-11-02 23:00:00+00:00";"39";"51";"44";"2021";"NON";"NON";"200067213";"";"";"";"2021-10-06";"137630";""
"51630";"1199";"CC";"COM";"2015-04-02 22:00:00+00:00";"2011-07-08 22:00:00+00:00";"19";"51";"44";"2021";"NON";"NON";"51630";"";"";"";"2021-10-06";"77647";""
"51632";"1199";"CC";"COM";"2016-04-10 22:00:00+00:00";"2013-05-23 22:00:00+00:00";"19";"51";"44";"2021";"NON";"NON";"51632";"";"";"";"2021-10-06";"124850";""
"51633";"1434";"CC";"CU";"2003-06-05 22:00:00+00:00";"2001-10-27 22:00:00+00:00";"13";"51";"44";"2021";"NON";"NON";"200067213";"";"";"";"2021-10-06";"68379";""
"51634";"1414";"CC";"CA";"2017-12-03 23:00:00+00:00";"2015-08-03 22:00:00+00:00";"11";"51";"44";"2021";"NON";"NON";"200066876";"";"";"";"2021-10-06";"140572";""
"51636";"3499";"PLU";"CU";"2021-03-24 23:00:00+00:00";"2015-11-01 23:00:00+00:00";"39";"51";"44";"2021";"NON";"NON";"200067213";"";"";"";"2021-10-06";"142374";""
"51637";"1199";"CC";"COM";"2005-12-11 23:00:00+00:00";"2004-03-30 22:00:00+00:00";"19";"51";"44";"2021";"NON";"NON";"51637";"";"";"";"2021-10-06";"68380";""
"51640";"1199";"CC";"COM";"2002-04-04 22:00:00+00:00";"2001-06-07 22:00:00+00:00";"19";"51";"44";"2021";"NON";"NON";"51640";"";"";"";"2021-10-06";"68381";""
"51641";"1199";"CC";"COM";"2019-01-09 23:00:00+00:00";"2017-03-05 23:00:00+00:00";"19";"51";"44";"2021";"NON";"NON";"51641";"";"";"";"2021-10-06";"155702";""
"51643";"3199";"PLU";"COM";"2019-04-08 22:00:00+00:00";"2015-02-15 23:00:00+00:00";"39";"51";"44";"2021";"NON";"NON";"51643";"";"";"";"2021-10-06";"137483";""
"51646";"1199";"CC";"COM";"2012-02-13 23:00:00+00:00";"2010-07-26 22:00:00+00:00";"19";"51";"44";"2021";"NON";"NON";"51646";"";"";"";"2021-10-06";"67026";""
"51647";"3499";"PLU";"CC";"2011-12-19 23:00:00+00:00";"2009-04-01 22:00:00+00:00";"39";"51";"44";"2021";"NON";"NON";"200067379";"";"";"";"2021-10-06";"62680";""
"51649";"3499";"PLU";"CC";"2010-12-08 23:00:00+00:00";"2005-12-14 23:00:00+00:00";"39";"51";"44";"2021";"NON";"NON";"51649";"";"";"";"2021-10-06";"53459";""
"51654";"1432";"CC";"CA";"2010-04-26 22:00:00+00:00";"2008-09-25 22:00:00+00:00";"13";"51";"44";"2021";"NON";"NON";"200068666";"";"";"";"2021-10-06";"69629";""
"51655";"1199";"CC";"COM";"2006-03-14 23:00:00+00:00";"2003-12-03 23:00:00+00:00";"19";"51";"44";"2021";"NON";"NON";"51655";"";"";"";"2021-10-06";"68382";""
"51656";"3434";"PLU";"CA";"2012-12-09 23:00:00+00:00";"2005-01-02 23:00:00+00:00";"33";"51";"44";"2021";"NON";"NON";"200066876";"";"";"";"2021-10-06";"154319";""
"51657";"3499";"PLU";"CU";"2020-02-12 23:00:00+00:00";"2015-02-24 23:00:00+00:00";"39";"51";"44";"2021";"NON";"NON";"200067213";"";"";"";"2021-10-06";"137351";""
"51658";"1499";"CC";"CC";"2013-06-04 22:00:00+00:00";"2009-06-17 22:00:00+00:00";"19";"51";"44";"2021";"NON";"NON";"200067379";"";"";"";"2021-10-06";"134001";""
"51659";"1199";"CC";"COM";"2013-04-01 22:00:00+00:00";"2010-09-30 22:00:00+00:00";"19";"51";"44";"2021";"NON";"NON";"51659";"";"";"";"2021-10-06";"67028";""
"51660";"3499";"PLU";"CU";"2009-02-09 23:00:00+00:00";"2003-12-10 23:00:00+00:00";"39";"51";"44";"2021";"NON";"NON";"200067213";"";"";"";"2021-10-06";"53466";""
"51662";"3499";"PLU";"CU";"2017-06-28 22:00:00+00:00";"2013-09-04 22:00:00+00:00";"39";"51";"44";"2021";"NON";"NON";"200067213";"";"";"";"2021-10-06";"123973";""
"51663";"3199";"PLU";"COM";"2020-01-14 23:00:00+00:00";"2014-01-30 23:00:00+00:00";"39";"51";"44";"2021";"NON";"NON";"51663";"";"";"";"2021-10-06";"129479";""
"52003";"1432";"CC";"CC";"2011-08-10 22:00:00+00:00";"2009-09-10 22:00:00+00:00";"13";"52";"44";"2021";"NON";"NON";"200069664";"";"";"";"2021-10-06";"67029";""
"52014";"1432";"CC";"CC";"2018-09-03 22:00:00+00:00";"2016-11-01 23:00:00+00:00";"13";"52";"44";"2021";"NON";"NON";"200027308";"";"";"";"2021-10-06";"159403";""
"52017";"3432";"PLU";"CC";"2007-07-09 22:00:00+00:00";"2003-04-03 22:00:00+00:00";"33";"52";"44";"2021";"NON";"NON";"52017";"";"";"";"2021-10-06";"53470";""
"52023";"1432";"CC";"CC";"2020-04-16 22:00:00+00:00";"2015-06-18 22:00:00+00:00";"13";"52";"44";"2021";"NON";"NON";"200027308";"";"";"";"2021-10-06";"140682";""
"52033";"3432";"PLU";"CC";"2006-11-08 23:00:00+00:00";"2002-07-03 22:00:00+00:00";"33";"52";"44";"2021";"NON";"NON";"200072999";"";"";"";"2021-10-06";"104109";""
"52045";"3432";"PLU";"CA";"2003-05-21 22:00:00+00:00";"1999-12-08 23:00:00+00:00";"33";"52";"44";"2021";"NON";"NON";"200068666";"";"";"";"2021-10-06";"53473";""
"52050";"3432";"PLU";"CA";"2005-04-03 22:00:00+00:00";"2005-04-03 22:00:00+00:00";"33";"52";"44";"2021";"NON";"NON";"200068658";"";"";"";"2021-10-06";"53474";""
"52056";"1432";"CC";"CC";"2006-01-20 23:00:00+00:00";"2003-09-17 22:00:00+00:00";"13";"52";"44";"2021";"NON";"NON";"52056";"";"";"";"2021-10-06";"68383";""
"52058";"3432";"PLU";"CA";"2007-02-12 23:00:00+00:00";"2003-04-08 22:00:00+00:00";"33";"52";"44";"2021";"NON";"NON";"200068658";"";"";"";"2021-10-06";"53469";""
"52060";"3499";"PLU";"CC";"2006-11-08 23:00:00+00:00";"2001-12-05 23:00:00+00:00";"39";"52";"44";"2021";"NON";"NON";"200070332";"";"";"";"2021-10-06";"53471";""
"52074";"3432";"PLU";"CC";"2007-10-14 22:00:00+00:00";"2005-01-23 23:00:00+00:00";"33";"52";"44";"2021";"NON";"NON";"200069664";"";"";"";"2021-10-06";"53476";""
"52076";"3432";"PLU";"CC";"2009-03-22 23:00:00+00:00";"2005-05-12 22:00:00+00:00";"33";"52";"44";"2021";"NON";"NON";"52076";"";"";"";"2021-10-06";"53477";""
"52087";"1432";"CC";"CA";"2018-01-25 23:00:00+00:00";"2015-04-13 22:00:00+00:00";"13";"52";"44";"2021";"NON";"NON";"200068658";"";"";"";"2021-10-06";"140683";""
"52088";"3432";"PLU";"CA";"2007-05-31 22:00:00+00:00";"2007-05-31 22:00:00+00:00";"33";"52";"44";"2021";"NON";"NON";"200068666";"";"";"";"2021-10-06";"59044";""
"52092";"1432";"CC";"CC";"2010-03-30 22:00:00+00:00";"2007-09-25 22:00:00+00:00";"13";"52";"44";"2021";"NON";"NON";"200027308";"";"";"";"2021-10-06";"69630";""
"52095";"1432";"CC";"CC";"2012-10-22 22:00:00+00:00";"2008-10-27 23:00:00+00:00";"13";"52";"44";"2021";"NON";"NON";"200069664";"";"";"";"2021-10-06";"67031";""
"52102";"3432";"PLU";"CC";"2006-05-21 22:00:00+00:00";"2001-12-13 23:00:00+00:00";"33";"52";"44";"2021";"NON";"NON";"200072999";"";"";"";"2021-10-06";"53479";""
"52104";"3432";"PLU";"CA";"2003-10-10 22:00:00+00:00";"1995-09-07 22:00:00+00:00";"33";"52";"44";"2021";"NON";"NON";"200068666";"";"";"";"2021-10-06";"53478";""
"52105";"3432";"PLU";"CC";"2016-06-29 22:00:00+00:00";"2001-12-16 23:00:00+00:00";"33";"52";"44";"2021";"NON";"NON";"200072999";"";"";"";"2021-10-06";"62686";""
"52107";"1432";"CC";"CC";"2015-06-17 22:00:00+00:00";"2014-01-27 23:00:00+00:00";"13";"52";"44";"2021";"NON";"NON";"200069664";"";"";"";"2021-10-06";"133394";""
"52108";"1432";"CC";"CC";"2017-02-05 23:00:00+00:00";"2014-11-13 23:00:00+00:00";"13";"52";"44";"2021";"NON";"NON";"200072999";"";"";"";"2021-10-06";"68385";""
"52113";"1432";"CC";"CC";"2005-10-05 22:00:00+00:00";"2003-09-25 22:00:00+00:00";"13";"52";"44";"2021";"NON";"NON";"200027308";"";"";"";"2021-10-06";"68386";""
"52114";"3432";"PLU";"CC";"2006-03-28 22:00:00+00:00";"2003-04-06 22:00:00+00:00";"33";"52";"44";"2021";"NON";"NON";"52114";"";"";"";"2021-10-06";"53480";""
"52121";"3432";"PLU";"CA";"2010-10-20 22:00:00+00:00";"2002-06-30 22:00:00+00:00";"33";"52";"44";"2021";"NON";"NON";"200068658";"";"";"";"2021-10-06";"53481";""
"52122";"1432";"CC";"CC";"2006-02-07 23:00:00+00:00";"2004-08-29 22:00:00+00:00";"13";"52";"44";"2021";"NON";"NON";"200069664";"";"";"";"2021-10-06";"68387";""
"52123";"3432";"PLU";"CA";"2016-11-27 23:00:00+00:00";"2011-04-25 22:00:00+00:00";"33";"52";"44";"2021";"NON";"NON";"200068666";"";"";"";"2021-10-06";"88355";""
"52125";"3432";"PLU";"CA";"2014-03-19 23:00:00+00:00";"2012-05-02 22:00:00+00:00";"33";"52";"44";"2021";"NON";"NON";"200068658";"";"";"";"2021-10-06";"112879";""
"52126";"1432";"CC";"CC";"2017-03-26 22:00:00+00:00";"2014-11-17 23:00:00+00:00";"13";"52";"44";"2021";"NON";"NON";"200027308";"";"";"";"2021-10-06";"135126";""
"52134";"3432";"PLU";"CC";"2007-11-21 23:00:00+00:00";"2004-10-17 22:00:00+00:00";"33";"52";"44";"2021";"NON";"NON";"200027308";"";"";"";"2021-10-06";"53483";""
"52140";"3432";"PLU";"CA";"2008-03-05 23:00:00+00:00";"2003-06-10 22:00:00+00:00";"33";"52";"44";"2021";"NON";"NON";"200068658";"";"";"";"2021-10-06";"53484";""
"52141";"3432";"PLU";"CA";"2015-07-07 22:00:00+00:00";"2010-11-02 23:00:00+00:00";"33";"52";"44";"2021";"NON";"NON";"200068658";"";"";"";"2021-10-06";"64042";""
"52172";"1432";"CC";"CC";"2016-12-20 23:00:00+00:00";"2013-12-09 23:00:00+00:00";"13";"52";"44";"2021";"NON";"NON";"52172";"";"";"";"2021-10-06";"133403";""
"52177";"3432";"PLU";"CC";"2012-08-23 22:00:00+00:00";"2009-10-01 22:00:00+00:00";"33";"52";"44";"2021";"NON";"NON";"200069664";"";"";"";"2021-10-06";"64043";""
"52182";"3432";"PLU";"CA";"2006-08-08 22:00:00+00:00";"2006-08-08 22:00:00+00:00";"33";"52";"44";"2021";"NON";"NON";"200068666";"";"";"";"2021-10-06";"60390";""
"52189";"1432";"CC";"CC";"2010-03-30 22:00:00+00:00";"2008-05-21 22:00:00+00:00";"13";"52";"44";"2021";"NON";"NON";"200027308";"";"";"";"2021-10-06";"69625";""
"52193";"3432";"PLU";"CA";"2004-02-26 23:00:00+00:00";"1998-01-20 23:00:00+00:00";"33";"52";"44";"2021";"NON";"NON";"200068658";"";"";"";"2021-10-06";"53485";""
"52194";"3432";"PLU";"CA";"2006-03-21 23:00:00+00:00";"2002-10-01 22:00:00+00:00";"33";"52";"44";"2021";"NON";"NON";"200068666";"";"";"";"2021-10-06";"53486";""
"52196";"1432";"CC";"CC";"2006-06-08 22:00:00+00:00";"2003-12-04 23:00:00+00:00";"13";"52";"44";"2021";"NON";"NON";"200072999";"";"";"";"2021-10-06";"68388";""
"52197";"3499";"PLU";"CC";"2006-04-19 22:00:00+00:00";"2006-04-19 22:00:00+00:00";"39";"52";"44";"2021";"NON";"NON";"200070332";"";"";"";"2021-10-06";"59047";""
"52203";"3432";"PLU";"CA";"2016-12-05 23:00:00+00:00";"2012-10-22 22:00:00+00:00";"33";"52";"44";"2021";"NON";"NON";"200068666";"";"";"";"2021-10-06";"114897";""
"52205";"3432";"PLU";"CA";"2012-02-23 23:00:00+00:00";"2004-08-19 22:00:00+00:00";"33";"52";"44";"2021";"NON";"NON";"200068658";"";"";"";"2021-10-06";"62688";""
"52211";"3432";"PLU";"CA";"2009-06-28 22:00:00+00:00";"2003-04-10 22:00:00+00:00";"33";"52";"44";"2021";"NON";"NON";"200068658";"";"";"";"2021-10-06";"53487";""
"52220";"1432";"CC";"CC";"2018-07-04 22:00:00+00:00";"2016-04-24 22:00:00+00:00";"13";"52";"44";"2021";"NON";"NON";"52220";"";"";"";"2021-10-06";"151004";""
"52244";"3432";"PLU";"CA";"2018-09-16 22:00:00+00:00";"2014-11-13 23:00:00+00:00";"33";"52";"44";"2021";"NON";"NON";"200068666";"";"";"";"2021-10-06";"135128";""
"52246";"1432";"CC";"CC";"2012-03-06 23:00:00+00:00";"2009-11-18 23:00:00+00:00";"13";"52";"44";"2021";"NON";"NON";"200072999";"";"";"";"2021-10-06";"67034";""
"52250";"3432";"PLU";"CC";"2007-09-24 22:00:00+00:00";"2002-04-24 22:00:00+00:00";"33";"52";"44";"2021";"NON";"NON";"52250";"";"";"";"2021-10-06";"53491";""
"52264";"1499";"CC";"CC";"2005-10-05 22:00:00+00:00";"2003-02-06 23:00:00+00:00";"19";"52";"44";"2021";"NON";"NON";"200070332";"";"";"";"2021-10-06";"68390";""
"52266";"3432";"PLU";"CA";"2006-12-07 23:00:00+00:00";"2003-09-11 22:00:00+00:00";"33";"52";"44";"2021";"NON";"NON";"200068666";"";"";"";"2021-10-06";"104116";""
"52267";"1432";"CC";"CA";"2010-10-17 22:00:00+00:00";"2008-10-29 23:00:00+00:00";"13";"52";"44";"2021";"NON";"NON";"200068666";"";"";"";"2021-10-06";"69647";""
"52269";"3432";"PLU";"CC";"2006-12-17 23:00:00+00:00";"1999-12-07 23:00:00+00:00";"33";"52";"44";"2021";"NON";"NON";"200072999";"";"";"";"2021-10-06";"53488";""
"52292";"3432";"PLU";"CC";"2006-08-24 22:00:00+00:00";"2001-09-20 22:00:00+00:00";"33";"52";"44";"2021";"NON";"NON";"200027308";"";"";"";"2021-10-06";"53489";""
"52295";"1432";"CC";"CA";"2008-03-06 23:00:00+00:00";"2005-12-18 23:00:00+00:00";"13";"52";"44";"2021";"NON";"NON";"200068658";"";"";"";"2021-10-06";"69632";""
"52305";"3432";"PLU";"CA";"2006-04-07 22:00:00+00:00";"2003-06-12 22:00:00+00:00";"33";"52";"44";"2021";"NON";"NON";"200068658";"";"";"";"2021-10-06";"53494";""
"52331";"3432";"PLU";"CA";"2007-10-10 22:00:00+00:00";"2002-12-04 23:00:00+00:00";"33";"52";"44";"2021";"NON";"NON";"200068666";"";"";"";"2021-10-06";"53496";""
"52332";"3432";"PLU";"CC";"2006-11-08 23:00:00+00:00";"2002-07-03 22:00:00+00:00";"33";"52";"44";"2021";"NON";"NON";"200072999";"";"";"";"2021-10-06";"53497";""
"52337";"1432";"CC";"CC";"2011-03-20 23:00:00+00:00";"2007-10-25 22:00:00+00:00";"13";"52";"44";"2021";"NON";"NON";"52337";"";"";"";"2021-10-06";"66249";""
"52347";"1432";"CC";"CA";"2015-08-31 22:00:00+00:00";"2011-02-24 23:00:00+00:00";"13";"52";"44";"2021";"NON";"NON";"200068666";"";"";"";"2021-10-06";"88392";""
"52349";"3432";"PLU";"CA";"2006-06-18 22:00:00+00:00";"2003-11-20 23:00:00+00:00";"33";"52";"44";"2021";"NON";"NON";"200068658";"";"";"";"2021-10-06";"53499";""
"52353";"3432";"PLU";"CA";"2005-11-29 23:00:00+00:00";"2001-11-14 23:00:00+00:00";"33";"52";"44";"2021";"NON";"NON";"200068658";"";"";"";"2021-10-06";"53500";""
"52365";"3432";"PLU";"CC";"2013-11-27 23:00:00+00:00";"2009-05-18 22:00:00+00:00";"33";"52";"44";"2021";"NON";"NON";"52365";"";"";"";"2021-10-06";"49678";""
"52380";"3432";"PLU";"CC";"2004-06-24 22:00:00+00:00";"1997-12-04 23:00:00+00:00";"33";"52";"44";"2021";"NON";"NON";"200072999";"";"";"";"2021-10-06";"53501";""
"52384";"3432";"PLU";"CC";"2015-08-30 22:00:00+00:00";"2011-10-18 22:00:00+00:00";"33";"52";"44";"2021";"NON";"NON";"200027308";"";"";"";"2021-10-06";"88406";""
"52386";"3432";"PLU";"CA";"2015-03-08 23:00:00+00:00";"2009-06-04 22:00:00+00:00";"33";"52";"44";"2021";"NON";"NON";"200068666";"";"";"";"2021-10-06";"49679";""
"52405";"3432";"PLU";"CC";"2016-10-02 22:00:00+00:00";"2005-01-23 23:00:00+00:00";"33";"52";"44";"2021";"NON";"NON";"200027308";"";"";"";"2021-10-06";"62690";""
"52411";"3432";"PLU";"CA";"2017-06-23 22:00:00+00:00";"2010-09-30 22:00:00+00:00";"33";"52";"44";"2021";"NON";"NON";"200068666";"";"";"";"2021-10-06";"50065";""
"52421";"3432";"PLU";"CA";"2008-06-26 22:00:00+00:00";"2003-10-16 22:00:00+00:00";"33";"52";"44";"2021";"NON";"NON";"200068658";"";"";"";"2021-10-06";"53505";""
"52423";"3432";"PLU";"CC";"2003-11-06 23:00:00+00:00";"1999-10-14 22:00:00+00:00";"33";"52";"44";"2021";"NON";"NON";"200069664";"";"";"";"2021-10-06";"53506";""
"52432";"3432";"PLU";"CC";"2017-04-27 22:00:00+00:00";"2002-04-17 22:00:00+00:00";"33";"52";"44";"2021";"NON";"NON";"200072999";"";"";"";"2021-10-06";"62691";""
"52444";"3432";"PLU";"CC";"2002-03-21 23:00:00+00:00";"1999-07-06 22:00:00+00:00";"33";"52";"44";"2021";"NON";"NON";"200069664";"";"";"";"2021-10-06";"56247";""
"52447";"1432";"CC";"CC";"2006-10-26 22:00:00+00:00";"2005-01-12 23:00:00+00:00";"13";"52";"44";"2021";"NON";"NON";"200072999";"";"";"";"2021-10-06";"68391";""
"52448";"3432";"PLU";"CA";"2014-01-15 23:00:00+00:00";"2008-10-26 23:00:00+00:00";"33";"52";"44";"2021";"NON";"NON";"200068666";"";"";"";"2021-10-06";"62692";""
"52449";"3432";"PLU";"CC";"2004-05-27 22:00:00+00:00";"2001-08-30 22:00:00+00:00";"33";"52";"44";"2021";"NON";"NON";"200072999";"";"";"";"2021-10-06";"53509";""
"52450";"1432";"CC";"CC";"2016-09-14 22:00:00+00:00";"2015-03-01 23:00:00+00:00";"13";"52";"44";"2021";"NON";"NON";"200027308";"";"";"";"2021-10-06";"137678";""
"52452";"1432";"CC";"CC";"2017-05-09 22:00:00+00:00";"2014-06-30 22:00:00+00:00";"13";"52";"44";"2021";"NON";"NON";"200072999";"";"";"";"2021-10-06";"133419";""
"52456";"1432";"CC";"CC";"2015-02-24 23:00:00+00:00";"2013-03-11 23:00:00+00:00";"13";"52";"44";"2021";"NON";"NON";"52456";"";"";"";"2021-10-06";"133422";""
"52461";"1432";"CC";"CC";"2009-08-27 22:00:00+00:00";"2008-04-29 22:00:00+00:00";"13";"52";"44";"2021";"NON";"NON";"200072999";"";"";"";"2021-10-06";"69633";""
"52465";"3432";"PLU";"CC";"2006-11-08 23:00:00+00:00";"2002-07-03 22:00:00+00:00";"33";"52";"44";"2021";"NON";"NON";"200072999";"";"";"";"2021-10-06";"104112";""
"52473";"1432";"CC";"CC";"2014-06-30 22:00:00+00:00";"2012-08-30 22:00:00+00:00";"13";"52";"44";"2021";"NON";"NON";"200069664";"";"";"";"2021-10-06";"112899";""
"52484";"1432";"CC";"CC";"2012-07-15 22:00:00+00:00";"2011-03-23 23:00:00+00:00";"13";"52";"44";"2021";"NON";"NON";"52484";"";"";"";"2021-10-06";"112901";""
"52494";"1432";"CC";"CA";"2004-07-20 22:00:00+00:00";"2002-04-07 22:00:00+00:00";"13";"52";"44";"2021";"NON";"NON";"200068658";"";"";"";"2021-10-06";"10441";""
"52512";"3432";"PLU";"CC";"2010-04-15 22:00:00+00:00";"2007-02-22 23:00:00+00:00";"33";"52";"44";"2021";"NON";"NON";"52512";"";"";"";"2021-10-06";"53519";""
"52515";"1432";"CC";"CC";"2007-11-29 23:00:00+00:00";"2006-02-02 23:00:00+00:00";"13";"52";"44";"2021";"NON";"NON";"200027308";"";"";"";"2021-10-06";"69635";""
"52516";"1432";"CC";"CC";"2018-03-18 23:00:00+00:00";"2014-04-28 22:00:00+00:00";"13";"52";"44";"2021";"NON";"NON";"200027308";"";"";"";"2021-10-06";"133424";""
"52519";"1432";"CC";"CC";"2006-07-31 22:00:00+00:00";"2005-02-15 23:00:00+00:00";"13";"52";"44";"2021";"NON";"NON";"200027308";"";"";"";"2021-10-06";"68392";""
"52522";"1432";"CC";"CA";"2005-06-05 22:00:00+00:00";"2004-12-19 23:00:00+00:00";"13";"52";"44";"2021";"NON";"NON";"200068658";"";"";"";"2021-10-06";"65026";""
"52529";"1432";"CC";"CC";"2011-06-09 22:00:00+00:00";"2009-11-18 23:00:00+00:00";"13";"52";"44";"2021";"NON";"NON";"200027308";"";"";"";"2021-10-06";"65723";""
"52534";"3432";"PLU";"CA";"2005-03-29 22:00:00+00:00";"2002-02-21 23:00:00+00:00";"33";"52";"44";"2021";"NON";"NON";"200068666";"";"";"";"2021-10-06";"53516";""
"52550";"3432";"PLU";"CA";"2007-01-14 23:00:00+00:00";"2007-01-14 23:00:00+00:00";"33";"52";"44";"2021";"NON";"NON";"200068666";"";"";"";"2021-10-06";"59054";""
"53001";"3399";"PLUi/PLUiS";"CA";"2019-12-15 23:00:00+00:00";"2015-11-22 23:00:00+00:00";"39";"53";"52";"2021";"OUI";"NON";"200083392";"";"";"";"2021-10-06";"143395";""
"53002";"3299";"PLUi/PLUiS";"CC";"2020-02-03 23:00:00+00:00";"2016-01-13 23:00:00+00:00";"39";"53";"52";"2021";"NON";"OUI";"53002";"";"";"";"2021-10-06";"146843";""
"53003";"3299";"PLUi/PLUiS";"CC";"2020-02-09 23:00:00+00:00";"2015-10-20 22:00:00+00:00";"39";"53";"52";"2021";"NON";"OUI";"245300389";"";"";"";"2021-10-06";"143391";""
"53005";"3299";"PLUi/PLUiS";"CC";"2019-11-24 23:00:00+00:00";"2015-11-15 23:00:00+00:00";"39";"53";"52";"2021";"NON";"OUI";"245300355";"";"";"";"2021-10-06";"143394";""
"53007";"3399";"PLUi/PLUiS";"CA";"2019-12-15 23:00:00+00:00";"2015-11-22 23:00:00+00:00";"39";"53";"52";"2021";"OUI";"NON";"200083392";"";"";"";"2021-10-06";"143395";""
"53008";"3299";"PLUi/PLUiS";"CC";"2020-02-03 23:00:00+00:00";"2016-01-13 23:00:00+00:00";"39";"53";"52";"2021";"NON";"OUI";"53008";"";"";"";"2021-10-06";"146843";""
"53009";"3299";"PLUi/PLUiS";"CC";"2021-04-26 22:00:00+00:00";"2015-12-21 23:00:00+00:00";"39";"53";"52";"2021";"NON";"OUI";"245300223";"";"";"";"2021-10-06";"143397";""
"53010";"3299";"PLUi/PLUiS";"CC";"2020-03-11 23:00:00+00:00";"2015-12-13 23:00:00+00:00";"39";"53";"52";"2021";"NON";"OUI";"200033298";"";"";"";"2021-10-06";"143396";""
"53011";"1199";"CC";"COM";"2021-06-24 22:00:00+00:00";"2018-12-02 23:00:00+00:00";"19";"53";"52";"2021";"NON";"NON";"53011";"";"";"";"2021-10-06";"169248";""
"53012";"1199";"CC";"COM";"2005-12-29 23:00:00+00:00";"2003-02-26 23:00:00+00:00";"19";"53";"52";"2021";"NON";"NON";"53012";"";"";"";"2021-10-06";"68394";""
"53013";"3432";"PLU";"CC";"2006-09-17 22:00:00+00:00";"2003-11-05 23:00:00+00:00";"33";"53";"52";"2021";"NON";"NON";"200042182";"";"";"";"2021-10-06";"53524";""
"53015";"3299";"PLUi/PLUiS";"CC";"2019-11-24 23:00:00+00:00";"2015-11-15 23:00:00+00:00";"39";"53";"52";"2021";"NON";"OUI";"245300355";"";"";"";"2021-10-06";"143394";""
"53016";"3299";"PLUi/PLUiS";"CC";"2020-03-11 23:00:00+00:00";"2015-12-13 23:00:00+00:00";"39";"53";"52";"2021";"NON";"OUI";"200033298";"";"";"";"2021-10-06";"143396";""
"53017";"3299";"PLUi/PLUiS";"CC";"2021-04-26 22:00:00+00:00";"2015-12-21 23:00:00+00:00";"39";"53";"52";"2021";"NON";"OUI";"245300223";"";"";"";"2021-10-06";"143397";""
"53018";"3131";"PLU";"COM";"2016-01-06 23:00:00+00:00";"2009-12-13 23:00:00+00:00";"33";"53";"52";"2021";"NON";"NON";"53018";"";"";"";"2021-10-06";"62696";""
"53019";"3299";"PLUi/PLUiS";"CC";"2021-04-26 22:00:00+00:00";"2015-12-21 23:00:00+00:00";"39";"53";"52";"2021";"NON";"OUI";"245300223";"";"";"";"2021-10-06";"143397";""
"53021";"3299";"PLUi/PLUiS";"CC";"2020-02-03 23:00:00+00:00";"2016-01-13 23:00:00+00:00";"39";"53";"52";"2021";"NON";"OUI";"53021";"";"";"";"2021-10-06";"146843";""
"53022";"3299";"PLUi/PLUiS";"CC";"2021-04-26 22:00:00+00:00";"2015-12-21 23:00:00+00:00";"39";"53";"52";"2021";"NON";"OUI";"245300223";"";"";"";"2021-10-06";"143397";""
"53023";"3299";"PLUi/PLUiS";"CC";"2020-03-11 23:00:00+00:00";"2015-12-13 23:00:00+00:00";"39";"53";"52";"2021";"NON";"OUI";"200033298";"";"";"";"2021-10-06";"143396";""
"53025";"3299";"PLUi/PLUiS";"CC";"2021-04-26 22:00:00+00:00";"2015-12-21 23:00:00+00:00";"39";"53";"52";"2021";"NON";"OUI";"245300223";"";"";"";"2021-10-06";"143397";""
"53026";"3399";"PLUi/PLUiS";"CA";"2019-12-15 23:00:00+00:00";"2015-11-25 23:00:00+00:00";"39";"53";"52";"2021";"OUI";"NON";"53026";"";"";"";"2021-10-06";"142690";""
"53027";"3299";"PLUi/PLUiS";"CC";"2021-04-26 22:00:00+00:00";"2015-12-21 23:00:00+00:00";"39";"53";"52";"2021";"NON";"OUI";"245300223";"";"";"";"2021-10-06";"143397";""
"53028";"3299";"PLUi/PLUiS";"CC";"2020-02-03 23:00:00+00:00";"2016-01-13 23:00:00+00:00";"39";"53";"52";"2021";"NON";"OUI";"53028";"";"";"";"2021-10-06";"146843";""
"53029";"3199";"PLU";"COM";"2013-11-13 23:00:00+00:00";"2008-12-17 23:00:00+00:00";"39";"53";"52";"2021";"NON";"NON";"53029";"";"";"";"2021-10-06";"62697";""
"53030";"3299";"PLUi/PLUiS";"CC";"2021-04-26 22:00:00+00:00";"2015-12-21 23:00:00+00:00";"39";"53";"52";"2021";"NON";"OUI";"245300223";"";"";"";"2021-10-06";"143397";""
"53031";"3299";"PLUi/PLUiS";"CC";"2019-11-24 23:00:00+00:00";"2015-11-15 23:00:00+00:00";"39";"53";"52";"2021";"NON";"OUI";"245300355";"";"";"";"2021-10-06";"143394";""
"53034";"3399";"PLUi/PLUiS";"CA";"2019-12-15 23:00:00+00:00";"2015-11-22 23:00:00+00:00";"39";"53";"52";"2021";"OUI";"NON";"200083392";"";"";"";"2021-10-06";"143395";""
"53035";"1199";"CC";"COM";"2020-02-27 23:00:00+00:00";"2017-05-18 22:00:00+00:00";"19";"53";"52";"2021";"NON";"NON";"53035";"";"";"";"2021-10-06";"157201";""
"53036";"3299";"PLUi/PLUiS";"CC";"2021-04-26 22:00:00+00:00";"2015-12-21 23:00:00+00:00";"39";"53";"52";"2021";"NON";"OUI";"245300223";"";"";"";"2021-10-06";"143397";""
"53037";"3299";"PLUi/PLUiS";"CC";"2021-04-08 22:00:00+00:00";"2015-12-17 23:00:00+00:00";"39";"53";"52";"2021";"NON";"OUI";"247200090";"";"";"";"2021-10-06";"146026";""
"53038";"1432";"CC";"CC";"2011-06-22 22:00:00+00:00";"2008-10-09 22:00:00+00:00";"13";"53";"52";"2021";"NON";"NON";"200042182";"";"";"";"2021-10-06";"67446";""
"53039";"3399";"PLUi/PLUiS";"CA";"2019-12-15 23:00:00+00:00";"2015-11-25 23:00:00+00:00";"39";"53";"52";"2021";"OUI";"NON";"53039";"";"";"";"2021-10-06";"142690";""
"53040";"3399";"PLUi/PLUiS";"CA";"2019-12-15 23:00:00+00:00";"2015-11-25 23:00:00+00:00";"39";"53";"52";"2021";"OUI";"NON";"53040";"";"";"";"2021-10-06";"142690";""
"53042";"3299";"PLUi/PLUiS";"CC";"2020-02-09 23:00:00+00:00";"2015-10-20 22:00:00+00:00";"39";"53";"52";"2021";"NON";"OUI";"245300389";"";"";"";"2021-10-06";"143391";""
"53043";"3299";"PLUi/PLUiS";"CC";"2020-03-11 23:00:00+00:00";"2015-12-13 23:00:00+00:00";"39";"53";"52";"2021";"NON";"OUI";"200033298";"";"";"";"2021-10-06";"143396";""
"53045";"3399";"PLUi/PLUiS";"CA";"2019-12-15 23:00:00+00:00";"2015-11-25 23:00:00+00:00";"39";"53";"52";"2021";"OUI";"NON";"53045";"";"";"";"2021-10-06";"142690";""
"53046";"3299";"PLUi/PLUiS";"CC";"2021-04-26 22:00:00+00:00";"2015-12-21 23:00:00+00:00";"39";"53";"52";"2021";"NON";"OUI";"245300223";"";"";"";"2021-10-06";"143397";""
"53047";"3299";"PLUi/PLUiS";"CC";"2020-02-09 23:00:00+00:00";"2015-10-20 22:00:00+00:00";"39";"53";"52";"2021";"NON";"OUI";"245300389";"";"";"";"2021-10-06";"143391";""
"53048";"3299";"PLUi/PLUiS";"CC";"2019-11-24 23:00:00+00:00";"2015-11-15 23:00:00+00:00";"39";"53";"52";"2021";"NON";"OUI";"245300355";"";"";"";"2021-10-06";"143394";""
"53049";"3399";"PLUi/PLUiS";"CA";"2019-12-15 23:00:00+00:00";"2015-11-22 23:00:00+00:00";"39";"53";"52";"2021";"OUI";"NON";"200083392";"";"";"";"2021-10-06";"143395";""
"53051";"3299";"PLUi/PLUiS";"CC";"2020-02-03 23:00:00+00:00";"2016-01-13 23:00:00+00:00";"39";"53";"52";"2021";"NON";"OUI";"53051";"";"";"";"2021-10-06";"146843";""
"53052";"1432";"CC";"CC";"2014-09-02 22:00:00+00:00";"2009-02-04 23:00:00+00:00";"13";"53";"52";"2021";"NON";"NON";"200042182";"";"";"";"2021-10-06";"67040";""
"53053";"3299";"PLUi/PLUiS";"CC";"2020-03-11 23:00:00+00:00";"2015-12-13 23:00:00+00:00";"39";"53";"52";"2021";"NON";"OUI";"200033298";"";"";"";"2021-10-06";"143396";""
"53054";"3399";"PLUi/PLUiS";"CA";"2019-12-15 23:00:00+00:00";"2015-11-22 23:00:00+00:00";"39";"53";"52";"2021";"OUI";"NON";"200083392";"";"";"";"2021-10-06";"143395";""
"53055";"3299";"PLUi/PLUiS";"CC";"2020-02-09 23:00:00+00:00";"2015-10-20 22:00:00+00:00";"39";"53";"52";"2021";"NON";"OUI";"245300389";"";"";"";"2021-10-06";"143391";""
"53056";"3399";"PLUi/PLUiS";"CA";"2019-12-15 23:00:00+00:00";"2015-11-22 23:00:00+00:00";"39";"53";"52";"2021";"OUI";"NON";"200083392";"";"";"";"2021-10-06";"143395";""
"53057";"3299";"PLUi/PLUiS";"CC";"2020-02-03 23:00:00+00:00";"2016-01-13 23:00:00+00:00";"39";"53";"52";"2021";"NON";"OUI";"53057";"";"";"";"2021-10-06";"146843";""
"53058";"1199";"CC";"COM";"2007-10-17 22:00:00+00:00";"2004-09-30 22:00:00+00:00";"19";"53";"52";"2021";"NON";"NON";"53058";"";"";"";"2021-10-06";"70184";""
"53059";"3299";"PLUi/PLUiS";"CC";"2020-03-11 23:00:00+00:00";"2015-12-13 23:00:00+00:00";"39";"53";"52";"2021";"NON";"OUI";"200033298";"";"";"";"2021-10-06";"143396";""
"53061";"3299";"PLUi/PLUiS";"CC";"2020-02-03 23:00:00+00:00";"2016-01-13 23:00:00+00:00";"39";"53";"52";"2021";"NON";"OUI";"53061";"";"";"";"2021-10-06";"146843";""
"53062";"3131";"PLU";"COM";"2011-03-28 22:00:00+00:00";"2006-03-20 23:00:00+00:00";"33";"53";"52";"2021";"NON";"NON";"53062";"";"";"";"2021-10-06";"100928";""
"53063";"1199";"CC";"COM";"2013-11-03 23:00:00+00:00";"2011-05-10 22:00:00+00:00";"19";"53";"52";"2021";"NON";"NON";"53063";"";"";"";"2021-10-06";"100069";""
"53064";"3299";"PLUi/PLUiS";"CC";"2020-02-09 23:00:00+00:00";"2015-10-20 22:00:00+00:00";"39";"53";"52";"2021";"NON";"OUI";"245300389";"";"";"";"2021-10-06";"143391";""
"53067";"3299";"PLUi/PLUiS";"CC";"2021-04-26 22:00:00+00:00";"2015-12-21 23:00:00+00:00";"39";"53";"52";"2021";"NON";"OUI";"245300223";"";"";"";"2021-10-06";"143397";""
"53069";"1432";"CC";"CC";"2013-11-11 23:00:00+00:00";"2011-03-10 23:00:00+00:00";"13";"53";"52";"2021";"NON";"NON";"200042182";"";"";"";"2021-10-06";"71839";""
"53071";"3299";"PLUi/PLUiS";"CC";"2020-02-09 23:00:00+00:00";"2015-10-20 22:00:00+00:00";"39";"53";"52";"2021";"NON";"OUI";"245300389";"";"";"";"2021-10-06";"143391";""
"53072";"3299";"PLUi/PLUiS";"CC";"2020-02-03 23:00:00+00:00";"2016-01-13 23:00:00+00:00";"39";"53";"52";"2021";"NON";"OUI";"53072";"";"";"";"2021-10-06";"146843";""
"53073";"3199";"PLU";"COM";"2015-01-14 23:00:00+00:00";"2010-06-02 22:00:00+00:00";"39";"53";"52";"2021";"NON";"NON";"53073";"";"";"";"2021-10-06";"62701";""
"53074";"3299";"PLUi/PLUiS";"CC";"2020-02-03 23:00:00+00:00";"2016-01-13 23:00:00+00:00";"39";"53";"52";"2021";"NON";"OUI";"53074";"";"";"";"2021-10-06";"146843";""
"53075";"1199";"CC";"COM";"2017-01-29 23:00:00+00:00";"2011-09-29 22:00:00+00:00";"19";"53";"52";"2021";"NON";"NON";"53075";"";"";"";"2021-10-06";"100089";""
"53076";"3299";"PLUi/PLUiS";"CC";"2021-04-26 22:00:00+00:00";"2015-12-21 23:00:00+00:00";"39";"53";"52";"2021";"NON";"OUI";"245300223";"";"";"";"2021-10-06";"143397";""
"53077";"3199";"PLU";"COM";"2019-12-04 23:00:00+00:00";"2016-03-30 22:00:00+00:00";"39";"53";"52";"2021";"NON";"NON";"53077";"";"";"";"2021-10-06";"149604";""
"53078";"3199";"PLU";"COM";"2017-05-18 22:00:00+00:00";"2014-09-11 22:00:00+00:00";"39";"53";"52";"2021";"NON";"NON";"53078";"";"";"";"2021-10-06";"135726";""
"53079";"3299";"PLUi/PLUiS";"CC";"2020-02-09 23:00:00+00:00";"2015-10-20 22:00:00+00:00";"39";"53";"52";"2021";"NON";"OUI";"245300389";"";"";"";"2021-10-06";"143391";""
"53080";"1432";"CC";"CC";"2014-08-25 22:00:00+00:00";"2011-02-24 23:00:00+00:00";"13";"53";"52";"2021";"NON";"NON";"200042182";"";"";"";"2021-10-06";"71832";""
"53082";"1199";"CC";"COM";"2020-03-19 23:00:00+00:00";"2017-05-17 22:00:00+00:00";"19";"53";"52";"2021";"NON";"NON";"53082";"";"";"";"2021-10-06";"156714";""
"53084";"3199";"PLU";"COM";"2011-09-21 22:00:00+00:00";"2006-12-21 23:00:00+00:00";"39";"53";"52";"2021";"NON";"NON";"53084";"";"";"";"2021-10-06";"62702";""
"53085";"1432";"CC";"CC";"2012-02-12 23:00:00+00:00";"2009-11-25 23:00:00+00:00";"13";"53";"52";"2021";"NON";"NON";"200042182";"";"";"";"2021-10-06";"57485";""
"53086";"3299";"PLUi/PLUiS";"CC";"2019-11-24 23:00:00+00:00";"2015-11-15 23:00:00+00:00";"39";"53";"52";"2021";"NON";"OUI";"245300355";"";"";"";"2021-10-06";"143394";""
"53087";"3299";"PLUi/PLUiS";"CC";"2021-04-26 22:00:00+00:00";"2015-12-21 23:00:00+00:00";"39";"53";"52";"2021";"NON";"OUI";"245300223";"";"";"";"2021-10-06";"143397";""
"53088";"3199";"PLU";"COM";"2019-11-27 23:00:00+00:00";"2016-05-16 22:00:00+00:00";"39";"53";"52";"2021";"NON";"NON";"53088";"";"";"";"2021-10-06";"149605";""
"53091";"3299";"PLUi/PLUiS";"CC";"2020-02-09 23:00:00+00:00";"2015-10-20 22:00:00+00:00";"39";"53";"52";"2021";"NON";"OUI";"245300389";"";"";"";"2021-10-06";"143391";""
"53093";"3299";"PLUi/PLUiS";"CC";"2020-02-09 23:00:00+00:00";"2015-10-20 22:00:00+00:00";"39";"53";"52";"2021";"NON";"OUI";"245300389";"";"";"";"2021-10-06";"143391";""
"53094";"3399";"PLUi/PLUiS";"CA";"2019-12-15 23:00:00+00:00";"2015-11-22 23:00:00+00:00";"39";"53";"52";"2021";"OUI";"NON";"200083392";"";"";"";"2021-10-06";"143395";""
"53096";"3299";"PLUi/PLUiS";"CC";"2019-11-24 23:00:00+00:00";"2015-11-15 23:00:00+00:00";"39";"53";"52";"2021";"NON";"OUI";"245300355";"";"";"";"2021-10-06";"143394";""
"53097";"3299";"PLUi/PLUiS";"CC";"2020-03-11 23:00:00+00:00";"2015-12-13 23:00:00+00:00";"39";"53";"52";"2021";"NON";"OUI";"200033298";"";"";"";"2021-10-06";"143396";""
"53098";"1199";"CC";"COM";"2016-05-02 22:00:00+00:00";"2012-03-27 22:00:00+00:00";"19";"53";"52";"2021";"NON";"NON";"53098";"";"";"";"2021-10-06";"71876";""
"53099";"3399";"PLUi/PLUiS";"CA";"2019-12-15 23:00:00+00:00";"2015-11-22 23:00:00+00:00";"39";"53";"52";"2021";"OUI";"NON";"200083392";"";"";"";"2021-10-06";"143395";""
"53100";"3299";"PLUi/PLUiS";"CC";"2020-02-09 23:00:00+00:00";"2015-10-20 22:00:00+00:00";"39";"53";"52";"2021";"NON";"OUI";"245300389";"";"";"";"2021-10-06";"143391";""
"53101";"3131";"PLU";"COM";"2006-10-05 22:00:00+00:00";"2002-03-28 23:00:00+00:00";"33";"53";"52";"2021";"NON";"NON";"53101";"";"";"";"2021-10-06";"53542";""
"53102";"1199";"CC";"COM";"2017-03-12 23:00:00+00:00";"2012-03-25 22:00:00+00:00";"19";"53";"52";"2021";"NON";"NON";"53102";"";"";"";"2021-10-06";"112977";""
"53103";"3399";"PLUi/PLUiS";"CA";"2019-12-15 23:00:00+00:00";"2015-11-25 23:00:00+00:00";"39";"53";"52";"2021";"OUI";"NON";"53103";"";"";"";"2021-10-06";"142690";""
"53104";"3199";"PLU";"COM";"2006-12-20 23:00:00+00:00";"2002-06-26 22:00:00+00:00";"39";"53";"52";"2021";"NON";"NON";"53104";"";"";"";"2021-10-06";"53545";""
"53105";"3299";"PLUi/PLUiS";"CC";"2020-03-11 23:00:00+00:00";"2015-12-13 23:00:00+00:00";"39";"53";"52";"2021";"NON";"OUI";"200033298";"";"";"";"2021-10-06";"143396";""
"53107";"3299";"PLUi/PLUiS";"CC";"2020-02-09 23:00:00+00:00";"2015-10-20 22:00:00+00:00";"39";"53";"52";"2021";"NON";"OUI";"245300389";"";"";"";"2021-10-06";"143391";""
"53108";"3399";"PLUi/PLUiS";"CA";"2019-12-15 23:00:00+00:00";"2015-11-25 23:00:00+00:00";"39";"53";"52";"2021";"OUI";"NON";"53108";"";"";"";"2021-10-06";"142690";""
"53109";"3299";"PLUi/PLUiS";"CC";"2020-02-03 23:00:00+00:00";"2016-01-13 23:00:00+00:00";"39";"53";"52";"2021";"NON";"OUI";"53109";"";"";"";"2021-10-06";"146843";""
"53110";"3299";"PLUi/PLUiS";"CC";"2021-04-26 22:00:00+00:00";"2015-12-21 23:00:00+00:00";"39";"53";"52";"2021";"NON";"OUI";"245300223";"";"";"";"2021-10-06";"143397";""
"53111";"3299";"PLUi/PLUiS";"CC";"2020-02-03 23:00:00+00:00";"2016-01-13 23:00:00+00:00";"39";"53";"52";"2021";"NON";"OUI";"53111";"";"";"";"2021-10-06";"146843";""
"53113";"3299";"PLUi/PLUiS";"CC";"2020-03-11 23:00:00+00:00";"2015-12-13 23:00:00+00:00";"39";"53";"52";"2021";"NON";"OUI";"200033298";"";"";"";"2021-10-06";"143396";""
"53114";"3299";"PLUi/PLUiS";"CC";"2020-02-03 23:00:00+00:00";"2016-01-13 23:00:00+00:00";"39";"53";"52";"2021";"NON";"OUI";"53114";"";"";"";"2021-10-06";"146843";""
"53115";"3299";"PLUi/PLUiS";"CC";"2020-02-09 23:00:00+00:00";"2015-10-20 22:00:00+00:00";"39";"53";"52";"2021";"NON";"OUI";"245300389";"";"";"";"2021-10-06";"143391";""
"53116";"3299";"PLUi/PLUiS";"CC";"2020-02-03 23:00:00+00:00";"2016-01-13 23:00:00+00:00";"39";"53";"52";"2021";"NON";"OUI";"53116";"";"";"";"2021-10-06";"146843";""
"53117";"1199";"CC";"COM";"2007-06-06 22:00:00+00:00";"2005-05-12 22:00:00+00:00";"19";"53";"52";"2021";"NON";"NON";"53117";"";"";"";"2021-10-06";"68396";""
"53118";"3299";"PLUi/PLUiS";"CC";"2020-02-03 23:00:00+00:00";"2016-01-13 23:00:00+00:00";"39";"53";"52";"2021";"NON";"OUI";"53118";"";"";"";"2021-10-06";"146843";""
"53119";"3399";"PLUi/PLUiS";"CA";"2019-12-15 23:00:00+00:00";"2015-11-22 23:00:00+00:00";"39";"53";"52";"2021";"OUI";"NON";"200083392";"";"";"";"2021-10-06";"143395";""
"53120";"3299";"PLUi/PLUiS";"CC";"2020-03-11 23:00:00+00:00";"2015-12-13 23:00:00+00:00";"39";"53";"52";"2021";"NON";"OUI";"200033298";"";"";"";"2021-10-06";"143396";""
"53122";"3299";"PLUi/PLUiS";"CC";"2020-02-03 23:00:00+00:00";"2016-01-13 23:00:00+00:00";"39";"53";"52";"2021";"NON";"OUI";"53122";"";"";"";"2021-10-06";"146843";""
"53123";"3299";"PLUi/PLUiS";"CC";"2019-11-24 23:00:00+00:00";"2015-11-15 23:00:00+00:00";"39";"53";"52";"2021";"NON";"OUI";"245300355";"";"";"";"2021-10-06";"143394";""
"53124";"1199";"CC";"COM";"2008-11-03 23:00:00+00:00";"2008-01-21 23:00:00+00:00";"19";"53";"52";"2021";"NON";"NON";"53124";"";"";"";"2021-10-06";"69636";""
"53125";"3299";"PLUi/PLUiS";"CC";"2020-02-09 23:00:00+00:00";"2015-10-20 22:00:00+00:00";"39";"53";"52";"2021";"NON";"OUI";"245300389";"";"";"";"2021-10-06";"143391";""
"53126";"3299";"PLUi/PLUiS";"CC";"2019-11-24 23:00:00+00:00";"2015-11-15 23:00:00+00:00";"39";"53";"52";"2021";"NON";"OUI";"245300355";"";"";"";"2021-10-06";"143394";""
"53127";"3299";"PLUi/PLUiS";"CC";"2020-02-03 23:00:00+00:00";"2016-01-13 23:00:00+00:00";"39";"53";"52";"2021";"NON";"OUI";"53127";"";"";"";"2021-10-06";"146843";""
"53128";"1199";"CC";"COM";"2016-09-18 22:00:00+00:00";"2011-11-06 23:00:00+00:00";"19";"53";"52";"2021";"NON";"NON";"53128";"";"";"";"2021-10-06";"100271";""
"53129";"3399";"PLUi/PLUiS";"CA";"2019-12-15 23:00:00+00:00";"2015-11-25 23:00:00+00:00";"39";"53";"52";"2021";"OUI";"NON";"53129";"";"";"";"2021-10-06";"142690";""
"53130";"3399";"PLUi/PLUiS";"CA";"2019-12-15 23:00:00+00:00";"2015-11-22 23:00:00+00:00";"39";"53";"52";"2021";"OUI";"NON";"200083392";"";"";"";"2021-10-06";"143395";""
"53131";"3299";"PLUi/PLUiS";"CC";"2020-02-09 23:00:00+00:00";"2015-10-20 22:00:00+00:00";"39";"53";"52";"2021";"NON";"OUI";"245300389";"";"";"";"2021-10-06";"143391";""
"53132";"3299";"PLUi/PLUiS";"CC";"2020-02-09 23:00:00+00:00";"2015-10-20 22:00:00+00:00";"39";"53";"52";"2021";"NON";"OUI";"245300389";"";"";"";"2021-10-06";"143391";""
"53134";"3299";"PLUi/PLUiS";"CC";"2020-03-11 23:00:00+00:00";"2015-12-13 23:00:00+00:00";"39";"53";"52";"2021";"NON";"OUI";"200033298";"";"";"";"2021-10-06";"143396";""
"53136";"3131";"PLU";"COM";"2017-06-14 22:00:00+00:00";"2014-09-03 22:00:00+00:00";"33";"53";"52";"2021";"NON";"NON";"53136";"";"";"";"2021-10-06";"135735";""
"53137";"3399";"PLUi/PLUiS";"CA";"2019-12-15 23:00:00+00:00";"2015-11-25 23:00:00+00:00";"39";"53";"52";"2021";"OUI";"NON";"53137";"";"";"";"2021-10-06";"142690";""
"53139";"1432";"CC";"CC";"2004-11-04 23:00:00+00:00";"2003-03-09 23:00:00+00:00";"13";"53";"52";"2021";"NON";"NON";"200042182";"";"";"";"2021-10-06";"68397";""
"53140";"3399";"PLUi/PLUiS";"CA";"2019-12-15 23:00:00+00:00";"2015-11-22 23:00:00+00:00";"39";"53";"52";"2021";"OUI";"NON";"200083392";"";"";"";"2021-10-06";"143395";""
"53141";"3399";"PLUi/PLUiS";"CA";"2019-12-15 23:00:00+00:00";"2015-11-22 23:00:00+00:00";"39";"53";"52";"2021";"OUI";"NON";"200083392";"";"";"";"2021-10-06";"143395";""
"53142";"1432";"CC";"CC";"2013-11-11 23:00:00+00:00";"2011-02-24 23:00:00+00:00";"13";"53";"52";"2021";"NON";"NON";"200042182";"";"";"";"2021-10-06";"71789";""
"53143";"3299";"PLUi/PLUiS";"CC";"2021-04-26 22:00:00+00:00";"2015-12-21 23:00:00+00:00";"39";"53";"52";"2021";"NON";"OUI";"245300223";"";"";"";"2021-10-06";"143397";""
"53144";"3299";"PLUi/PLUiS";"CC";"2020-02-03 23:00:00+00:00";"2016-01-13 23:00:00+00:00";"39";"53";"52";"2021";"NON";"OUI";"53144";"";"";"";"2021-10-06";"146843";""
"53145";"1199";"CC";"COM";"2008-01-23 23:00:00+00:00";"2002-09-22 22:00:00+00:00";"19";"53";"52";"2021";"NON";"NON";"53145";"";"";"";"2021-10-06";"69642";""
"53146";"3299";"PLUi/PLUiS";"CC";"2020-02-03 23:00:00+00:00";"2016-01-13 23:00:00+00:00";"39";"53";"52";"2021";"NON";"OUI";"53146";"";"";"";"2021-10-06";"146843";""
"53147";"3299";"PLUi/PLUiS";"CC";"2020-02-03 23:00:00+00:00";"2016-01-13 23:00:00+00:00";"39";"53";"52";"2021";"NON";"OUI";"53147";"";"";"";"2021-10-06";"146843";""
"53150";"3199";"PLU";"COM";"2005-02-23 23:00:00+00:00";"2001-05-28 22:00:00+00:00";"39";"53";"52";"2021";"NON";"NON";"53150";"";"";"";"2021-10-06";"53564";""
"53151";"3199";"PLU";"COM";"2019-12-11 23:00:00+00:00";"2016-03-02 23:00:00+00:00";"39";"53";"52";"2021";"NON";"NON";"53151";"";"";"";"2021-10-06";"149612";""
"53152";"3299";"PLUi/PLUiS";"CC";"2021-04-26 22:00:00+00:00";"2015-12-21 23:00:00+00:00";"39";"53";"52";"2021";"NON";"OUI";"245300223";"";"";"";"2021-10-06";"143397";""
"53153";"3299";"PLUi/PLUiS";"CC";"2020-03-11 23:00:00+00:00";"2015-12-13 23:00:00+00:00";"39";"53";"52";"2021";"NON";"OUI";"200033298";"";"";"";"2021-10-06";"143396";""
"53154";"3299";"PLUi/PLUiS";"CC";"2020-02-09 23:00:00+00:00";"2015-10-20 22:00:00+00:00";"39";"53";"52";"2021";"NON";"OUI";"245300389";"";"";"";"2021-10-06";"143391";""
"53155";"3299";"PLUi/PLUiS";"CC";"2019-11-24 23:00:00+00:00";"2015-11-15 23:00:00+00:00";"39";"53";"52";"2021";"NON";"OUI";"245300355";"";"";"";"2021-10-06";"143394";""
"53156";"3399";"PLUi/PLUiS";"CA";"2019-12-15 23:00:00+00:00";"2015-11-22 23:00:00+00:00";"39";"53";"52";"2021";"OUI";"NON";"200083392";"";"";"";"2021-10-06";"143395";""
"53157";"3399";"PLUi/PLUiS";"CA";"2019-12-15 23:00:00+00:00";"2015-11-22 23:00:00+00:00";"39";"53";"52";"2021";"OUI";"NON";"200083392";"";"";"";"2021-10-06";"143395";""
"53158";"3399";"PLUi/PLUiS";"CA";"2019-12-15 23:00:00+00:00";"2015-11-25 23:00:00+00:00";"39";"53";"52";"2021";"OUI";"NON";"53158";"";"";"";"2021-10-06";"142690";""
"53160";"3299";"PLUi/PLUiS";"CC";"2020-02-03 23:00:00+00:00";"2016-01-13 23:00:00+00:00";"39";"53";"52";"2021";"NON";"OUI";"53160";"";"";"";"2021-10-06";"146843";""
"53161";"3299";"PLUi/PLUiS";"CC";"2020-03-11 23:00:00+00:00";"2015-12-13 23:00:00+00:00";"39";"53";"52";"2021";"NON";"OUI";"200033298";"";"";"";"2021-10-06";"143396";""
"53162";"3299";"PLUi/PLUiS";"CC";"2020-02-03 23:00:00+00:00";"2016-01-13 23:00:00+00:00";"39";"53";"52";"2021";"NON";"OUI";"53162";"";"";"";"2021-10-06";"146843";""
"53163";"3299";"PLUi/PLUiS";"CC";"2020-03-11 23:00:00+00:00";"2015-12-13 23:00:00+00:00";"39";"53";"52";"2021";"NON";"OUI";"200033298";"";"";"";"2021-10-06";"143396";""
"53164";"1432";"CC";"CC";"2014-07-14 22:00:00+00:00";"2011-03-02 23:00:00+00:00";"13";"53";"52";"2021";"NON";"NON";"200042182";"";"";"";"2021-10-06";"71771";""
"53168";"3399";"PLUi/PLUiS";"CA";"2019-12-15 23:00:00+00:00";"2015-11-22 23:00:00+00:00";"39";"53";"52";"2021";"OUI";"NON";"200083392";"";"";"";"2021-10-06";"143395";""
"53169";"3399";"PLUi/PLUiS";"CA";"2019-12-15 23:00:00+00:00";"2015-11-25 23:00:00+00:00";"39";"53";"52";"2021";"OUI";"NON";"53169";"";"";"";"2021-10-06";"142690";""
"53170";"3299";"PLUi/PLUiS";"CC";"2020-02-09 23:00:00+00:00";"2015-10-20 22:00:00+00:00";"39";"53";"52";"2021";"NON";"OUI";"245300389";"";"";"";"2021-10-06";"143391";""
"53172";"3199";"PLU";"COM";"2007-10-11 22:00:00+00:00";"2004-09-23 22:00:00+00:00";"39";"53";"52";"2021";"NON";"NON";"53172";"";"";"";"2021-10-06";"53558";""
"53173";"1432";"CC";"CC";"2013-09-10 22:00:00+00:00";"2011-02-10 23:00:00+00:00";"13";"53";"52";"2021";"NON";"NON";"200042182";"";"";"";"2021-10-06";"71767";""
"53174";"3299";"PLUi/PLUiS";"CC";"2020-02-03 23:00:00+00:00";"2016-01-13 23:00:00+00:00";"39";"53";"52";"2021";"NON";"OUI";"53174";"";"";"";"2021-10-06";"146843";""
"53175";"3399";"PLUi/PLUiS";"CA";"2019-12-15 23:00:00+00:00";"2015-11-22 23:00:00+00:00";"39";"53";"52";"2021";"OUI";"NON";"200083392";"";"";"";"2021-10-06";"143395";""
"53176";"3299";"PLUi/PLUiS";"CC";"2020-02-09 23:00:00+00:00";"2015-10-20 22:00:00+00:00";"39";"53";"52";"2021";"NON";"OUI";"245300389";"";"";"";"2021-10-06";"143391";""
"53177";"3299";"PLUi/PLUiS";"CC";"2019-11-24 23:00:00+00:00";"2015-11-15 23:00:00+00:00";"39";"53";"52";"2021";"NON";"OUI";"245300355";"";"";"";"2021-10-06";"143394";""
"53179";"3299";"PLUi/PLUiS";"CC";"2020-02-03 23:00:00+00:00";"2016-01-13 23:00:00+00:00";"39";"53";"52";"2021";"NON";"OUI";"53179";"";"";"";"2021-10-06";"146843";""
"53180";"1199";"CC";"COM";"2019-10-28 23:00:00+00:00";"2017-04-26 22:00:00+00:00";"19";"53";"52";"2021";"NON";"NON";"53180";"";"";"";"2021-10-06";"157204";""
"53181";"3299";"PLUi/PLUiS";"CC";"2020-02-09 23:00:00+00:00";"2015-10-20 22:00:00+00:00";"39";"53";"52";"2021";"NON";"OUI";"245300389";"";"";"";"2021-10-06";"143391";""
"53182";"3399";"PLUi/PLUiS";"CA";"2019-12-15 23:00:00+00:00";"2015-11-25 23:00:00+00:00";"39";"53";"52";"2021";"OUI";"NON";"53182";"";"";"";"2021-10-06";"142690";""
"53184";"3299";"PLUi/PLUiS";"CC";"2021-04-26 22:00:00+00:00";"2015-12-21 23:00:00+00:00";"39";"53";"52";"2021";"NON";"OUI";"245300223";"";"";"";"2021-10-06";"143397";""
"53185";"1432";"CC";"CC";"2015-01-28 23:00:00+00:00";"2011-01-25 23:00:00+00:00";"13";"53";"52";"2021";"NON";"NON";"200042182";"";"";"";"2021-10-06";"74509";""
"53186";"3199";"PLU";"COM";"2019-11-13 23:00:00+00:00";"2016-04-13 22:00:00+00:00";"39";"53";"52";"2021";"NON";"NON";"53186";"";"";"";"2021-10-06";"149614";""
"53187";"1432";"CC";"CC";"2004-07-04 22:00:00+00:00";"2001-10-11 22:00:00+00:00";"13";"53";"52";"2021";"NON";"NON";"200042182";"";"";"";"2021-10-06";"68398";""
"53188";"3199";"PLU";"COM";"2017-09-04 22:00:00+00:00";"2014-09-01 22:00:00+00:00";"39";"53";"52";"2021";"NON";"NON";"53188";"";"";"";"2021-10-06";"135739";""
"53189";"3299";"PLUi/PLUiS";"CC";"2020-02-03 23:00:00+00:00";"2016-01-13 23:00:00+00:00";"39";"53";"52";"2021";"NON";"OUI";"53189";"";"";"";"2021-10-06";"146843";""
"53190";"3299";"PLUi/PLUiS";"CC";"2020-02-03 23:00:00+00:00";"2016-01-13 23:00:00+00:00";"39";"53";"52";"2021";"NON";"OUI";"53190";"";"";"";"2021-10-06";"146843";""
"53191";"1199";"CC";"COM";"2016-03-15 23:00:00+00:00";"2012-02-02 23:00:00+00:00";"19";"53";"52";"2021";"NON";"NON";"53191";"";"";"";"2021-10-06";"117512";""
"53193";"3299";"PLUi/PLUiS";"CC";"2021-04-26 22:00:00+00:00";"2015-12-21 23:00:00+00:00";"39";"53";"52";"2021";"NON";"OUI";"245300223";"";"";"";"2021-10-06";"143397";""
"53195";"3299";"PLUi/PLUiS";"CC";"2020-02-03 23:00:00+00:00";"2016-01-13 23:00:00+00:00";"39";"53";"52";"2021";"NON";"OUI";"53195";"";"";"";"2021-10-06";"146843";""
"53196";"1432";"CC";"CC";"2014-12-02 23:00:00+00:00";"2011-03-07 23:00:00+00:00";"13";"53";"52";"2021";"NON";"NON";"200042182";"";"";"";"2021-10-06";"71749";""
"53197";"3199";"PLU";"COM";"2018-09-20 22:00:00+00:00";"2015-02-11 23:00:00+00:00";"39";"53";"52";"2021";"NON";"NON";"53197";"";"";"";"2021-10-06";"142434";""
"53199";"3299";"PLUi/PLUiS";"CC";"2020-02-09 23:00:00+00:00";"2015-10-20 22:00:00+00:00";"39";"53";"52";"2021";"NON";"OUI";"245300389";"";"";"";"2021-10-06";"143391";""
"53200";"3299";"PLUi/PLUiS";"CC";"2020-02-03 23:00:00+00:00";"2016-01-13 23:00:00+00:00";"39";"53";"52";"2021";"NON";"OUI";"53200";"";"";"";"2021-10-06";"146843";""
"53201";"3399";"PLUi/PLUiS";"CA";"2019-12-15 23:00:00+00:00";"2015-11-22 23:00:00+00:00";"39";"53";"52";"2021";"OUI";"NON";"200083392";"";"";"";"2021-10-06";"143395";""
"53202";"3299";"PLUi/PLUiS";"CC";"2020-02-09 23:00:00+00:00";"2015-10-20 22:00:00+00:00";"39";"53";"52";"2021";"NON";"OUI";"245300389";"";"";"";"2021-10-06";"143391";""
"53203";"3299";"PLUi/PLUiS";"CC";"2021-04-26 22:00:00+00:00";"2015-12-21 23:00:00+00:00";"39";"53";"52";"2021";"NON";"OUI";"245300223";"";"";"";"2021-10-06";"143397";""
"53204";"1432";"CC";"CC";"2014-07-14 22:00:00+00:00";"2011-02-28 23:00:00+00:00";"13";"53";"52";"2021";"NON";"NON";"200042182";"";"";"";"2021-10-06";"71740";""
"53206";"3299";"PLUi/PLUiS";"CC";"2021-04-26 22:00:00+00:00";"2015-12-21 23:00:00+00:00";"39";"53";"52";"2021";"NON";"OUI";"245300223";"";"";"";"2021-10-06";"143397";""
"53208";"1432";"CC";"CC";"2015-04-06 22:00:00+00:00";"2011-02-16 23:00:00+00:00";"13";"53";"52";"2021";"NON";"NON";"200042182";"";"";"";"2021-10-06";"71735";""
"53209";"3399";"PLUi/PLUiS";"CA";"2019-12-15 23:00:00+00:00";"2015-11-25 23:00:00+00:00";"39";"53";"52";"2021";"OUI";"NON";"53209";"";"";"";"2021-10-06";"142690";""
"53210";"3199";"PLU";"COM";"2012-07-03 22:00:00+00:00";"2007-06-24 22:00:00+00:00";"39";"53";"52";"2021";"NON";"NON";"53210";"";"";"";"2021-10-06";"62711";""
"53211";"3299";"PLUi/PLUiS";"CC";"2019-11-24 23:00:00+00:00";"2015-11-15 23:00:00+00:00";"39";"53";"52";"2021";"NON";"OUI";"245300355";"";"";"";"2021-10-06";"143394";""
"53212";"3299";"PLUi/PLUiS";"CC";"2021-04-26 22:00:00+00:00";"2015-12-21 23:00:00+00:00";"39";"53";"52";"2021";"NON";"OUI";"245300223";"";"";"";"2021-10-06";"143397";""
"53213";"3299";"PLUi/PLUiS";"CC";"2020-02-09 23:00:00+00:00";"2015-10-20 22:00:00+00:00";"39";"53";"52";"2021";"NON";"OUI";"245300389";"";"";"";"2021-10-06";"143391";""
"53216";"3299";"PLUi/PLUiS";"CC";"2020-02-03 23:00:00+00:00";"2016-01-13 23:00:00+00:00";"39";"53";"52";"2021";"NON";"OUI";"53216";"";"";"";"2021-10-06";"146843";""
"53218";"3299";"PLUi/PLUiS";"CC";"2020-03-11 23:00:00+00:00";"2015-12-13 23:00:00+00:00";"39";"53";"52";"2021";"NON";"OUI";"200033298";"";"";"";"2021-10-06";"143396";""
"53219";"3299";"PLUi/PLUiS";"CC";"2020-02-03 23:00:00+00:00";"2016-01-13 23:00:00+00:00";"39";"53";"52";"2021";"NON";"OUI";"53219";"";"";"";"2021-10-06";"146843";""
"53220";"3299";"PLUi/PLUiS";"CC";"2020-03-11 23:00:00+00:00";"2015-12-13 23:00:00+00:00";"39";"53";"52";"2021";"NON";"OUI";"200033298";"";"";"";"2021-10-06";"143396";""
"53221";"3299";"PLUi/PLUiS";"CC";"2020-03-11 23:00:00+00:00";"2015-12-13 23:00:00+00:00";"39";"53";"52";"2021";"NON";"OUI";"200033298";"";"";"";"2021-10-06";"143396";""
"53222";"3299";"PLUi/PLUiS";"CC";"2020-02-03 23:00:00+00:00";"2016-01-13 23:00:00+00:00";"39";"53";"52";"2021";"NON";"OUI";"53222";"";"";"";"2021-10-06";"146843";""
"53224";"3399";"PLUi/PLUiS";"CA";"2019-12-15 23:00:00+00:00";"2015-11-22 23:00:00+00:00";"39";"53";"52";"2021";"OUI";"NON";"200083392";"";"";"";"2021-10-06";"143395";""
"53225";"3299";"PLUi/PLUiS";"CC";"2019-11-24 23:00:00+00:00";"2015-11-15 23:00:00+00:00";"39";"53";"52";"2021";"NON";"OUI";"245300355";"";"";"";"2021-10-06";"143394";""
"53226";"3299";"PLUi/PLUiS";"CC";"2019-11-24 23:00:00+00:00";"2015-11-15 23:00:00+00:00";"39";"53";"52";"2021";"NON";"OUI";"245300355";"";"";"";"2021-10-06";"143394";""
"53228";"3299";"PLUi/PLUiS";"CC";"2020-03-11 23:00:00+00:00";"2015-12-13 23:00:00+00:00";"39";"53";"52";"2021";"NON";"OUI";"200033298";"";"";"";"2021-10-06";"143396";""
"53229";"3399";"PLUi/PLUiS";"CA";"2019-12-15 23:00:00+00:00";"2015-11-22 23:00:00+00:00";"39";"53";"52";"2021";"OUI";"NON";"200083392";"";"";"";"2021-10-06";"143395";""
"53230";"3299";"PLUi/PLUiS";"CC";"2020-02-03 23:00:00+00:00";"2016-01-13 23:00:00+00:00";"39";"53";"52";"2021";"NON";"OUI";"53230";"";"";"";"2021-10-06";"146843";""
"53232";"3299";"PLUi/PLUiS";"CC";"2020-03-11 23:00:00+00:00";"2015-12-13 23:00:00+00:00";"39";"53";"52";"2021";"NON";"OUI";"200033298";"";"";"";"2021-10-06";"143396";""
"53233";"3299";"PLUi/PLUiS";"CC";"2021-04-26 22:00:00+00:00";"2015-12-21 23:00:00+00:00";"39";"53";"52";"2021";"NON";"OUI";"245300223";"";"";"";"2021-10-06";"143397";""
"53234";"3299";"PLUi/PLUiS";"CC";"2020-02-09 23:00:00+00:00";"2015-10-20 22:00:00+00:00";"39";"53";"52";"2021";"NON";"OUI";"245300389";"";"";"";"2021-10-06";"143391";""
"53235";"3299";"PLUi/PLUiS";"CC";"2020-02-03 23:00:00+00:00";"2016-01-13 23:00:00+00:00";"39";"53";"52";"2021";"NON";"OUI";"53235";"";"";"";"2021-10-06";"146843";""
"53237";"3299";"PLUi/PLUiS";"CC";"2020-02-09 23:00:00+00:00";"2015-10-20 22:00:00+00:00";"39";"53";"52";"2021";"NON";"OUI";"245300389";"";"";"";"2021-10-06";"143391";""
"53238";"3299";"PLUi/PLUiS";"CC";"2020-02-09 23:00:00+00:00";"2015-10-20 22:00:00+00:00";"39";"53";"52";"2021";"NON";"OUI";"245300389";"";"";"";"2021-10-06";"143391";""
"53239";"3299";"PLUi/PLUiS";"CC";"2020-03-11 23:00:00+00:00";"2015-12-13 23:00:00+00:00";"39";"53";"52";"2021";"NON";"OUI";"200033298";"";"";"";"2021-10-06";"143396";""
"53242";"1199";"CC";"COM";"2018-12-03 23:00:00+00:00";"2012-05-22 22:00:00+00:00";"19";"53";"52";"2021";"NON";"NON";"53242";"";"";"";"2021-10-06";"112982";""
"53243";"3399";"PLUi/PLUiS";"CA";"2019-12-15 23:00:00+00:00";"2015-11-25 23:00:00+00:00";"39";"53";"52";"2021";"OUI";"NON";"53243";"";"";"";"2021-10-06";"142690";""
"53245";"3299";"PLUi/PLUiS";"CC";"2019-11-24 23:00:00+00:00";"2015-11-15 23:00:00+00:00";"39";"53";"52";"2021";"NON";"OUI";"245300355";"";"";"";"2021-10-06";"143394";""
"53246";"3432";"PLU";"CC";"2004-10-07 22:00:00+00:00";"1998-12-03 23:00:00+00:00";"33";"53";"52";"2021";"NON";"NON";"200042182";"";"";"";"2021-10-06";"53589";""
"53247";"3399";"PLUi/PLUiS";"CA";"2019-12-15 23:00:00+00:00";"2015-11-25 23:00:00+00:00";"39";"53";"52";"2021";"OUI";"NON";"53247";"";"";"";"2021-10-06";"142690";""
"53248";"3299";"PLUi/PLUiS";"CC";"2020-03-11 23:00:00+00:00";"2015-12-13 23:00:00+00:00";"39";"53";"52";"2021";"NON";"OUI";"200033298";"";"";"";"2021-10-06";"143396";""
"53249";"3299";"PLUi/PLUiS";"CC";"2020-03-11 23:00:00+00:00";"2015-12-13 23:00:00+00:00";"39";"53";"52";"2021";"NON";"OUI";"200033298";"";"";"";"2021-10-06";"143396";""
"53250";"1199";"CC";"COM";"2016-11-23 23:00:00+00:00";"2011-02-27 23:00:00+00:00";"19";"53";"52";"2021";"NON";"NON";"53250";"";"";"";"2021-10-06";"71877";""
"53251";"1199";"CC";"COM";"2017-01-11 23:00:00+00:00";"2012-04-02 22:00:00+00:00";"19";"53";"52";"2021";"NON";"NON";"53251";"";"";"";"2021-10-06";"112983";""
"53253";"3199";"PLU";"COM";"2014-02-26 23:00:00+00:00";"2008-10-15 22:00:00+00:00";"39";"53";"52";"2021";"NON";"NON";"53253";"";"";"";"2021-10-06";"62716";""
"53255";"3299";"PLUi/PLUiS";"CC";"2020-03-11 23:00:00+00:00";"2015-12-13 23:00:00+00:00";"39";"53";"52";"2021";"NON";"OUI";"200033298";"";"";"";"2021-10-06";"143396";""
"53256";"3299";"PLUi/PLUiS";"CC";"2020-03-11 23:00:00+00:00";"2015-12-13 23:00:00+00:00";"39";"53";"52";"2021";"NON";"OUI";"200033298";"";"";"";"2021-10-06";"143396";""
"53257";"3299";"PLUi/PLUiS";"CC";"2020-03-11 23:00:00+00:00";"2015-12-13 23:00:00+00:00";"39";"53";"52";"2021";"NON";"OUI";"200033298";"";"";"";"2021-10-06";"143396";""
"53258";"3199";"PLU";"COM";"2016-12-14 23:00:00+00:00";"2010-05-19 22:00:00+00:00";"39";"53";"52";"2021";"NON";"NON";"53258";"";"";"";"2021-10-06";"62717";""
"53259";"1199";"CC";"COM";"2017-03-19 23:00:00+00:00";"2008-12-10 23:00:00+00:00";"19";"53";"52";"2021";"NON";"NON";"53259";"";"";"";"2021-10-06";"67046";""
"53260";"1199";"CC";"COM";"2019-02-25 23:00:00+00:00";"2011-07-17 22:00:00+00:00";"19";"53";"52";"2021";"NON";"NON";"53260";"";"";"";"2021-10-06";"100466";""
"53261";"3299";"PLUi/PLUiS";"CC";"2020-02-09 23:00:00+00:00";"2015-10-20 22:00:00+00:00";"39";"53";"52";"2021";"NON";"OUI";"245300389";"";"";"";"2021-10-06";"143391";""
"53262";"3399";"PLUi/PLUiS";"CA";"2019-12-15 23:00:00+00:00";"2015-11-22 23:00:00+00:00";"39";"53";"52";"2021";"OUI";"NON";"200083392";"";"";"";"2021-10-06";"143395";""
"53263";"3299";"PLUi/PLUiS";"CC";"2020-02-03 23:00:00+00:00";"2016-01-13 23:00:00+00:00";"39";"53";"52";"2021";"NON";"OUI";"53263";"";"";"";"2021-10-06";"146843";""
"53264";"3299";"PLUi/PLUiS";"CC";"2020-03-11 23:00:00+00:00";"2015-12-13 23:00:00+00:00";"39";"53";"52";"2021";"NON";"OUI";"200033298";"";"";"";"2021-10-06";"143396";""
"53265";"3299";"PLUi/PLUiS";"CC";"2020-03-11 23:00:00+00:00";"2015-12-13 23:00:00+00:00";"39";"53";"52";"2021";"NON";"OUI";"200033298";"";"";"";"2021-10-06";"143396";""
"53266";"3299";"PLUi/PLUiS";"CC";"2020-03-11 23:00:00+00:00";"2015-12-13 23:00:00+00:00";"39";"53";"52";"2021";"NON";"OUI";"200033298";"";"";"";"2021-10-06";"143396";""
"53267";"3299";"PLUi/PLUiS";"CC";"2020-03-11 23:00:00+00:00";"2015-12-13 23:00:00+00:00";"39";"53";"52";"2021";"NON";"OUI";"200033298";"";"";"";"2021-10-06";"143396";""
"53269";"3299";"PLUi/PLUiS";"CC";"2019-11-24 23:00:00+00:00";"2015-11-15 23:00:00+00:00";"39";"53";"52";"2021";"NON";"OUI";"245300355";"";"";"";"2021-10-06";"143394";""
"53270";"3299";"PLUi/PLUiS";"CC";"2020-02-09 23:00:00+00:00";"2015-10-20 22:00:00+00:00";"39";"53";"52";"2021";"NON";"OUI";"245300389";"";"";"";"2021-10-06";"143391";""
"53271";"3432";"PLU";"CC";"2010-05-16 22:00:00+00:00";"2004-02-22 23:00:00+00:00";"33";"53";"52";"2021";"NON";"NON";"200042182";"";"";"";"2021-10-06";"53594";""
"53273";"3299";"PLUi/PLUiS";"CC";"2021-04-26 22:00:00+00:00";"2015-12-21 23:00:00+00:00";"39";"53";"52";"2021";"NON";"OUI";"245300223";"";"";"";"2021-10-06";"143397";""
"53274";"3299";"PLUi/PLUiS";"CC";"2020-03-11 23:00:00+00:00";"2015-12-13 23:00:00+00:00";"39";"53";"52";"2021";"NON";"OUI";"200033298";"";"";"";"2021-10-06";"143396";""
"53276";"3299";"PLUi/PLUiS";"CC";"2020-03-11 23:00:00+00:00";"2015-12-13 23:00:00+00:00";"39";"53";"52";"2021";"NON";"OUI";"200033298";"";"";"";"2021-10-06";"143396";""
"54001";"3399";"PLUi/PLUiS";"CC";"2020-05-12 22:00:00+00:00";"2015-12-14 23:00:00+00:00";"39";"54";"44";"2021";"OUI";"NON";"200070589";"";"";"";"2021-10-06";"146275";""
"54003";"3299";"PLUi/PLUiS";"CC";"2021-03-17 23:00:00+00:00";"2015-10-13 22:00:00+00:00";"39";"54";"44";"2021";"NON";"OUI";"245400510";"";"";"";"2021-10-06";"142043";""
"54006";"3399";"PLUi/PLUiS";"CC";"2021-01-20 23:00:00+00:00";"2015-11-24 23:00:00+00:00";"39";"54";"44";"2021";"OUI";"NON";"200070589";"";"";"";"2021-10-06";"144090";""
"54008";"3299";"PLUi/PLUiS";"CC";"2021-03-17 23:00:00+00:00";"2015-10-13 22:00:00+00:00";"39";"54";"44";"2021";"NON";"OUI";"245400510";"";"";"";"2021-10-06";"142043";""
"54009";"3432";"PLU";"CC";"2014-06-05 22:00:00+00:00";"2011-06-16 22:00:00+00:00";"33";"54";"44";"2021";"NON";"NON";"200070845";"";"";"";"2021-10-06";"84151";""
"54010";"3299";"PLUi/PLUiS";"CC";"2021-03-17 23:00:00+00:00";"2015-10-13 22:00:00+00:00";"39";"54";"44";"2021";"NON";"OUI";"245400510";"";"";"";"2021-10-06";"142043";""
"54011";"3131";"PLU";"COM";"2010-10-12 22:00:00+00:00";"2008-05-15 22:00:00+00:00";"33";"54";"44";"2021";"NON";"NON";"54011";"";"";"";"2021-10-06";"18345";""
"54012";"3399";"PLUi/PLUiS";"CC";"2021-01-20 23:00:00+00:00";"2015-11-24 23:00:00+00:00";"39";"54";"44";"2021";"OUI";"NON";"200070589";"";"";"";"2021-10-06";"144090";""
"54016";"1432";"CC";"CC";"2003-02-19 23:00:00+00:00";"2001-09-27 22:00:00+00:00";"13";"54";"44";"2021";"NON";"NON";"200070563";"";"";"";"2021-10-06";"19592";""
"54017";"3199";"PLU";"COM";"2012-03-08 23:00:00+00:00";"2007-08-27 22:00:00+00:00";"39";"54";"44";"2021";"NON";"NON";"54017";"";"";"";"2021-10-06";"46316";""
"54018";"3432";"PLU";"CC";"2012-03-21 23:00:00+00:00";"2009-01-25 23:00:00+00:00";"33";"54";"44";"2021";"NON";"NON";"200070845";"";"";"";"2021-10-06";"46328";""
"54020";"3199";"PLU";"COM";"2018-10-14 22:00:00+00:00";"2014-06-18 22:00:00+00:00";"39";"54";"44";"2021";"NON";"NON";"54020";"";"";"";"2021-10-06";"130585";""
"54021";"3399";"PLUi/PLUiS";"CC";"2020-05-12 22:00:00+00:00";"2015-12-14 23:00:00+00:00";"39";"54";"44";"2021";"OUI";"NON";"200070589";"";"";"";"2021-10-06";"146275";""
"54022";"3432";"PLU";"CC";"2015-09-20 22:00:00+00:00";"2012-03-08 23:00:00+00:00";"33";"54";"44";"2021";"NON";"NON";"54022";"";"";"";"2021-10-06";"108952";""
"54024";"3399";"PLUi/PLUiS";"CC";"2020-05-12 22:00:00+00:00";"2015-12-14 23:00:00+00:00";"39";"54";"44";"2021";"OUI";"NON";"200070589";"";"";"";"2021-10-06";"146275";""
"54025";"3432";"PLU";"MET";"2007-05-03 22:00:00+00:00";"2001-06-21 22:00:00+00:00";"33";"54";"44";"2021";"NON";"NON";"245400676";"";"";"";"2021-10-06";"19770";""
"54027";"3199";"PLU";"COM";"2006-06-05 22:00:00+00:00";"2002-10-23 22:00:00+00:00";"39";"54";"44";"2021";"NON";"NON";"54027";"";"";"";"2021-10-06";"19773";""
"54028";"3432";"PLU";"CC";"2009-11-11 23:00:00+00:00";"2005-02-28 23:00:00+00:00";"33";"54";"44";"2021";"NON";"NON";"200070845";"";"";"";"2021-10-06";"19782";""
"54029";"3432";"PLU";"CC";"2016-11-22 23:00:00+00:00";"2006-06-21 22:00:00+00:00";"33";"54";"44";"2021";"NON";"NON";"200070290";"";"";"";"2021-10-06";"19791";""
"54030";"1199";"CC";"COM";"2017-06-25 22:00:00+00:00";"2006-09-21 22:00:00+00:00";"19";"54";"44";"2021";"NON";"NON";"54030";"";"";"";"2021-10-06";"22018";""
"54031";"3199";"PLU";"COM";"2006-07-09 22:00:00+00:00";"2001-07-22 22:00:00+00:00";"39";"54";"44";"2021";"NON";"NON";"54031";"";"";"";"2021-10-06";"19798";""
"54032";"1432";"CC";"CC";"2008-04-09 22:00:00+00:00";"2006-12-07 23:00:00+00:00";"13";"54";"44";"2021";"NON";"NON";"200035772";"";"";"";"2021-10-06";"27021";""
"54033";"1432";"CC";"CC";"2006-02-20 23:00:00+00:00";"2002-11-06 23:00:00+00:00";"13";"54";"44";"2021";"NON";"NON";"200070290";"";"";"";"2021-10-06";"14364";""
"54034";"3432";"PLU";"CC";"2013-01-24 23:00:00+00:00";"2009-12-15 23:00:00+00:00";"33";"54";"44";"2021";"NON";"NON";"200070563";"";"";"";"2021-10-06";"46342";""
"54035";"3199";"PLU";"COM";"2019-07-22 22:00:00+00:00";"2014-08-19 22:00:00+00:00";"39";"54";"44";"2021";"NON";"NON";"54035";"";"";"";"2021-10-06";"131767";""
"54036";"3432";"PLU";"CC";"2011-10-26 22:00:00+00:00";"2005-10-12 22:00:00+00:00";"33";"54";"44";"2021";"NON";"NON";"200070845";"";"";"";"2021-10-06";"19811";""
"54037";"3199";"PLU";"COM";"2018-12-10 23:00:00+00:00";"2014-02-28 23:00:00+00:00";"39";"54";"44";"2021";"NON";"NON";"54037";"";"";"";"2021-10-06";"129436";""
"54038";"3299";"PLUi/PLUiS";"CC";"2020-06-14 22:00:00+00:00";"2017-06-28 22:00:00+00:00";"39";"54";"44";"2021";"NON";"OUI";"200070324";"";"";"";"2021-10-06";"157242";""
"54039";"3299";"PLUi/PLUiS";"CC";"2020-06-14 22:00:00+00:00";"2017-06-28 22:00:00+00:00";"39";"54";"44";"2021";"NON";"OUI";"200070324";"";"";"";"2021-10-06";"157242";""
"54040";"3199";"PLU";"COM";"2011-01-27 23:00:00+00:00";"2006-10-05 22:00:00+00:00";"39";"54";"44";"2021";"NON";"NON";"54040";"";"";"";"2021-10-06";"23024";""
"54041";"3299";"PLUi/PLUiS";"CC";"2021-03-17 23:00:00+00:00";"2015-10-13 22:00:00+00:00";"39";"54";"44";"2021";"NON";"OUI";"245400510";"";"";"";"2021-10-06";"142043";""
"54042";"3432";"PLU";"CC";"2018-12-04 23:00:00+00:00";"2010-04-07 22:00:00+00:00";"33";"54";"44";"2021";"NON";"NON";"200035772";"";"";"";"2021-10-06";"46344";""
"54043";"3432";"PLU";"CC";"2014-02-20 23:00:00+00:00";"2009-03-05 23:00:00+00:00";"33";"54";"44";"2021";"NON";"NON";"245400171";"";"";"";"2021-10-06";"46345";""
"54044";"1199";"CC";"COM";"2012-04-02 22:00:00+00:00";"2010-05-09 22:00:00+00:00";"19";"54";"44";"2021";"NON";"NON";"54044";"";"";"";"2021-10-06";"46347";""
"54045";"3199";"PLU";"COM";"2016-04-28 22:00:00+00:00";"2012-03-29 22:00:00+00:00";"39";"54";"44";"2021";"NON";"NON";"54045";"";"";"";"2021-10-06";"106300";""
"54046";"3299";"PLUi/PLUiS";"CC";"2021-03-17 23:00:00+00:00";"2015-10-13 22:00:00+00:00";"39";"54";"44";"2021";"NON";"OUI";"245400510";"";"";"";"2021-10-06";"142043";""
"54047";"3299";"PLUi/PLUiS";"CC";"2021-03-17 23:00:00+00:00";"2015-10-13 22:00:00+00:00";"39";"54";"44";"2021";"NON";"OUI";"245400510";"";"";"";"2021-10-06";"142043";""
"54048";"3432";"PLU";"CC";"2011-03-22 23:00:00+00:00";"2006-03-27 22:00:00+00:00";"33";"54";"44";"2021";"NON";"NON";"200070845";"";"";"";"2021-10-06";"46349";""
"54049";"3199";"PLU";"COM";"2014-02-23 23:00:00+00:00";"2008-10-21 22:00:00+00:00";"39";"54";"44";"2021";"NON";"NON";"54049";"";"";"";"2021-10-06";"46352";""
"54052";"3299";"PLUi/PLUiS";"CC";"2021-03-17 23:00:00+00:00";"2015-10-13 22:00:00+00:00";"39";"54";"44";"2021";"NON";"OUI";"245400510";"";"";"";"2021-10-06";"142043";""
"54054";"3199";"PLU";"COM";"2015-03-01 23:00:00+00:00";"2011-06-28 22:00:00+00:00";"39";"54";"44";"2021";"NON";"NON";"54054";"";"";"";"2021-10-06";"84800";""
"54057";"3432";"PLU";"CC";"2004-11-09 23:00:00+00:00";"2002-02-28 23:00:00+00:00";"33";"54";"44";"2021";"NON";"NON";"54057";"";"";"";"2021-10-06";"19958";""
"54059";"3399";"PLUi/PLUiS";"CC";"2020-05-12 22:00:00+00:00";"2015-12-14 23:00:00+00:00";"39";"54";"44";"2021";"OUI";"NON";"200070589";"";"";"";"2021-10-06";"146275";""
"54060";"3199";"PLU";"COM";"2016-04-04 22:00:00+00:00";"2014-04-24 22:00:00+00:00";"39";"54";"44";"2021";"NON";"NON";"54060";"";"";"";"2021-10-06";"128816";""
"54061";"3299";"PLUi/PLUiS";"CC";"2020-06-14 22:00:00+00:00";"2017-06-28 22:00:00+00:00";"39";"54";"44";"2021";"NON";"OUI";"200070324";"";"";"";"2021-10-06";"157242";""
"54062";"3432";"PLU";"CC";"2005-07-19 22:00:00+00:00";"2001-09-02 22:00:00+00:00";"33";"54";"44";"2021";"NON";"NON";"200035772";"";"";"";"2021-10-06";"19995";""
"54063";"3432";"PLU";"CC";"2005-09-15 22:00:00+00:00";"1992-03-26 23:00:00+00:00";"33";"54";"44";"2021";"NON";"NON";"54063";"";"";"";"2021-10-06";"19996";""
"54065";"3299";"PLUi/PLUiS";"CC";"2020-06-14 22:00:00+00:00";"2017-06-28 22:00:00+00:00";"39";"54";"44";"2021";"NON";"OUI";"200070324";"";"";"";"2021-10-06";"157242";""
"54066";"3432";"PLU";"CC";"2018-03-12 23:00:00+00:00";"2012-10-01 22:00:00+00:00";"33";"54";"44";"2021";"NON";"NON";"200070845";"";"";"";"2021-10-06";"108957";""
"54067";"3199";"PLU";"COM";"2013-06-09 22:00:00+00:00";"2009-06-15 22:00:00+00:00";"39";"54";"44";"2021";"NON";"NON";"54067";"";"";"";"2021-10-06";"46356";""
"54068";"3299";"PLUi/PLUiS";"CC";"2021-03-17 23:00:00+00:00";"2015-10-13 22:00:00+00:00";"39";"54";"44";"2021";"NON";"OUI";"245400510";"";"";"";"2021-10-06";"142043";""
"54069";"3432";"PLU";"CC";"2012-09-20 22:00:00+00:00";"2004-02-10 23:00:00+00:00";"33";"54";"44";"2021";"NON";"NON";"200070290";"";"";"";"2021-10-06";"85130";""
"54070";"3399";"PLUi/PLUiS";"CC";"2020-05-12 22:00:00+00:00";"2015-12-14 23:00:00+00:00";"39";"54";"44";"2021";"OUI";"NON";"200070589";"";"";"";"2021-10-06";"146275";""
"54072";"1199";"CC";"COM";"2010-08-24 22:00:00+00:00";"2008-04-04 22:00:00+00:00";"19";"54";"44";"2021";"NON";"NON";"54072";"";"";"";"2021-10-06";"46358";""
"54073";"3432";"PLU";"CC";"2018-09-26 22:00:00+00:00";"2011-02-17 23:00:00+00:00";"33";"54";"44";"2021";"NON";"NON";"200070563";"";"";"";"2021-10-06";"47821";""
"54076";"3199";"PLU";"COM";"2016-04-10 22:00:00+00:00";"2009-06-23 22:00:00+00:00";"39";"54";"44";"2021";"NON";"NON";"54076";"";"";"";"2021-10-06";"46360";""
"54077";"3199";"PLU";"COM";"2014-03-04 23:00:00+00:00";"2002-10-21 22:00:00+00:00";"39";"54";"44";"2021";"NON";"NON";"54077";"";"";"";"2021-10-06";"20032";""
"54079";"3199";"PLU";"COM";"2014-12-16 23:00:00+00:00";"2012-03-07 23:00:00+00:00";"39";"54";"44";"2021";"NON";"NON";"54079";"";"";"";"2021-10-06";"103978";""
"54080";"3299";"PLUi/PLUiS";"CC";"2021-03-17 23:00:00+00:00";"2015-10-13 22:00:00+00:00";"39";"54";"44";"2021";"NON";"OUI";"245400510";"";"";"";"2021-10-06";"142043";""
"54081";"3199";"PLU";"COM";"2013-06-09 22:00:00+00:00";"2007-03-04 23:00:00+00:00";"39";"54";"44";"2021";"NON";"NON";"54081";"";"";"";"2021-10-06";"46374";""
"54082";"3432";"PLU";"CC";"2012-12-13 23:00:00+00:00";"2008-02-21 23:00:00+00:00";"33";"54";"44";"2021";"NON";"NON";"200070845";"";"";"";"2021-10-06";"20051";""
"54083";"3199";"PLU";"COM";"2007-10-09 22:00:00+00:00";"2002-11-26 23:00:00+00:00";"39";"54";"44";"2021";"NON";"NON";"54083";"";"";"";"2021-10-06";"20052";""
"54084";"3432";"PLU";"CC";"2011-10-24 22:00:00+00:00";"2008-06-19 22:00:00+00:00";"33";"54";"44";"2021";"NON";"NON";"200070290";"";"";"";"2021-10-06";"35574";""
"54086";"3432";"PLU";"CC";"2005-11-24 23:00:00+00:00";"2003-02-16 23:00:00+00:00";"33";"54";"44";"2021";"NON";"NON";"200070563";"";"";"";"2021-10-06";"20059";""
"54087";"3432";"PLU";"CC";"2011-04-06 22:00:00+00:00";"2008-04-10 22:00:00+00:00";"33";"54";"44";"2021";"NON";"NON";"54087";"";"";"";"2021-10-06";"35014";""
"54089";"3399";"PLUi/PLUiS";"CC";"2021-01-20 23:00:00+00:00";"2015-11-24 23:00:00+00:00";"39";"54";"44";"2021";"OUI";"NON";"200070589";"";"";"";"2021-10-06";"144090";""
"54090";"3299";"PLUi/PLUiS";"CC";"2021-04-07 22:00:00+00:00";"2015-12-14 23:00:00+00:00";"39";"54";"44";"2021";"NON";"OUI";"245400601";"";"";"";"2021-10-06";"146276";""
"54091";"3199";"PLU";"COM";"2010-02-24 23:00:00+00:00";"1997-12-11 23:00:00+00:00";"39";"54";"44";"2021";"NON";"NON";"54091";"";"";"";"2021-10-06";"46403";""
"54093";"3432";"PLU";"CC";"2014-07-02 22:00:00+00:00";"2010-02-11 23:00:00+00:00";"33";"54";"44";"2021";"NON";"NON";"200070845";"";"";"";"2021-10-06";"46405";""
"54094";"1432";"CC";"CC";"2012-12-12 23:00:00+00:00";"2007-06-25 22:00:00+00:00";"13";"54";"44";"2021";"NON";"NON";"200035772";"";"";"";"2021-10-06";"30494";""
"54099";"3432";"PLU";"CC";"2015-06-14 22:00:00+00:00";"2009-12-16 23:00:00+00:00";"33";"54";"44";"2021";"NON";"NON";"200070845";"";"";"";"2021-10-06";"46415";""
"54100";"3399";"PLUi/PLUiS";"CC";"2020-05-12 22:00:00+00:00";"2015-12-14 23:00:00+00:00";"39";"54";"44";"2021";"OUI";"NON";"200070589";"";"";"";"2021-10-06";"146275";""
"54101";"3299";"PLUi/PLUiS";"CC";"2020-06-14 22:00:00+00:00";"2017-06-28 22:00:00+00:00";"39";"54";"44";"2021";"NON";"OUI";"200070324";"";"";"";"2021-10-06";"157242";""
"54102";"3432";"PLU";"CC";"2020-10-14 22:00:00+00:00";"2014-07-07 22:00:00+00:00";"33";"54";"44";"2021";"NON";"NON";"200070563";"";"";"";"2021-10-06";"131504";""
"54104";"3399";"PLUi/PLUiS";"CC";"2021-01-20 23:00:00+00:00";"2015-11-24 23:00:00+00:00";"39";"54";"44";"2021";"OUI";"NON";"200070589";"";"";"";"2021-10-06";"144090";""
"54105";"3299";"PLUi/PLUiS";"CC";"2021-03-17 23:00:00+00:00";"2015-10-13 22:00:00+00:00";"39";"54";"44";"2021";"NON";"OUI";"245400510";"";"";"";"2021-10-06";"142043";""
"54108";"3199";"PLU";"COM";"2018-12-09 23:00:00+00:00";"2014-11-30 23:00:00+00:00";"39";"54";"44";"2021";"NON";"NON";"54108";"";"";"";"2021-10-06";"134277";""
"54110";"3399";"PLUi/PLUiS";"CC";"2021-01-20 23:00:00+00:00";"2015-11-24 23:00:00+00:00";"39";"54";"44";"2021";"OUI";"NON";"200070589";"";"";"";"2021-10-06";"144090";""
"54111";"3432";"PLU";"CC";"2018-09-19 22:00:00+00:00";"2009-12-10 23:00:00+00:00";"33";"54";"44";"2021";"NON";"NON";"245400171";"";"";"";"2021-10-06";"46427";""
"54112";"3432";"PLU";"CC";"2012-06-27 22:00:00+00:00";"2007-04-15 22:00:00+00:00";"33";"54";"44";"2021";"NON";"NON";"54112";"";"";"";"2021-10-06";"46429";""
"54113";"3399";"PLUi/PLUiS";"CC";"2021-01-20 23:00:00+00:00";"2015-11-24 23:00:00+00:00";"39";"54";"44";"2021";"OUI";"NON";"200070589";"";"";"";"2021-10-06";"144090";""
"54114";"3199";"PLU";"COM";"2020-03-10 23:00:00+00:00";"2014-06-16 22:00:00+00:00";"39";"54";"44";"2021";"NON";"NON";"54114";"";"";"";"2021-10-06";"130867";""
"54115";"3299";"PLUi/PLUiS";"CC";"2021-04-07 22:00:00+00:00";"2015-12-14 23:00:00+00:00";"39";"54";"44";"2021";"NON";"OUI";"245400601";"";"";"";"2021-10-06";"146276";""
"54116";"3299";"PLUi/PLUiS";"CC";"2020-06-14 22:00:00+00:00";"2017-06-28 22:00:00+00:00";"39";"54";"44";"2021";"NON";"OUI";"200070324";"";"";"";"2021-10-06";"157242";""
"54117";"1432";"CC";"CC";"2006-07-24 22:00:00+00:00";"2004-12-08 23:00:00+00:00";"13";"54";"44";"2021";"NON";"NON";"200035772";"";"";"";"2021-10-06";"14361";""
"54118";"3199";"PLU";"COM";"2021-02-10 23:00:00+00:00";"2015-05-19 22:00:00+00:00";"39";"54";"44";"2021";"NON";"NON";"54118";"";"";"";"2021-10-06";"139609";""
"54120";"3432";"PLU";"CC";"2007-07-10 22:00:00+00:00";"2005-02-24 23:00:00+00:00";"33";"54";"44";"2021";"NON";"NON";"200070563";"";"";"";"2021-10-06";"20189";""
"54121";"1199";"CC";"COM";"2009-10-28 23:00:00+00:00";"2006-01-25 23:00:00+00:00";"19";"54";"44";"2021";"NON";"NON";"54121";"";"";"";"2021-10-06";"20190";""
"54122";"3432";"PLU";"CC";"2007-01-25 23:00:00+00:00";"2003-02-20 23:00:00+00:00";"33";"54";"44";"2021";"NON";"NON";"200070563";"";"";"";"2021-10-06";"20195";""
"54123";"3432";"PLU";"CC";"2019-11-27 23:00:00+00:00";"2012-02-28 23:00:00+00:00";"33";"54";"44";"2021";"NON";"NON";"245400171";"";"";"";"2021-10-06";"89441";""
"54125";"3299";"PLUi/PLUiS";"CC";"2020-06-14 22:00:00+00:00";"2017-06-28 22:00:00+00:00";"39";"54";"44";"2021";"NON";"OUI";"200070324";"";"";"";"2021-10-06";"157242";""
"54126";"3399";"PLUi/PLUiS";"CC";"2020-05-12 22:00:00+00:00";"2015-12-14 23:00:00+00:00";"39";"54";"44";"2021";"OUI";"NON";"200070589";"";"";"";"2021-10-06";"146275";""
"54127";"3199";"PLU";"COM";"2020-02-19 23:00:00+00:00";"2017-06-18 22:00:00+00:00";"39";"54";"44";"2021";"NON";"NON";"54127";"";"";"";"2021-10-06";"157647";""
"54128";"3432";"PLU";"CC";"2012-01-11 23:00:00+00:00";"2008-09-02 22:00:00+00:00";"33";"54";"44";"2021";"NON";"NON";"200070563";"";"";"";"2021-10-06";"43485";""
"54129";"3199";"PLU";"COM";"2014-02-17 23:00:00+00:00";"2008-07-08 22:00:00+00:00";"39";"54";"44";"2021";"NON";"NON";"54129";"";"";"";"2021-10-06";"49688";""
"54130";"1199";"CC";"COM";"2006-11-16 23:00:00+00:00";"2005-10-30 23:00:00+00:00";"19";"54";"44";"2021";"NON";"NON";"54130";"";"";"";"2021-10-06";"19594";""
"54131";"3399";"PLUi/PLUiS";"CC";"2020-05-12 22:00:00+00:00";"2015-12-14 23:00:00+00:00";"39";"54";"44";"2021";"OUI";"NON";"200070589";"";"";"";"2021-10-06";"146275";""
"54132";"3432";"PLU";"CC";"2009-06-28 22:00:00+00:00";"2006-11-30 23:00:00+00:00";"33";"54";"44";"2021";"NON";"NON";"200035772";"";"";"";"2021-10-06";"27022";""
"54135";"3299";"PLUi/PLUiS";"CC";"2021-03-17 23:00:00+00:00";"2015-10-13 22:00:00+00:00";"39";"54";"44";"2021";"NON";"OUI";"245400510";"";"";"";"2021-10-06";"142043";""
"54136";"3432";"PLU";"CC";"2013-06-27 22:00:00+00:00";"2008-04-10 22:00:00+00:00";"33";"54";"44";"2021";"NON";"NON";"200070845";"";"";"";"2021-10-06";"46442";""
"54137";"3199";"PLU";"COM";"2021-07-25 22:00:00+00:00";"2015-02-01 23:00:00+00:00";"39";"54";"44";"2021";"NON";"NON";"54137";"";"";"";"2021-10-06";"137036";""
"54138";"3199";"PLU";"COM";"2019-07-01 22:00:00+00:00";"2007-03-28 22:00:00+00:00";"39";"54";"44";"2021";"NON";"NON";"54138";"";"";"";"2021-10-06";"46446";""
"54139";"3199";"PLU";"COM";"2011-10-23 22:00:00+00:00";"2009-03-01 23:00:00+00:00";"39";"54";"44";"2021";"NON";"NON";"54139";"";"";"";"2021-10-06";"46447";""
"54140";"3299";"PLUi/PLUiS";"CC";"2021-03-17 23:00:00+00:00";"2015-10-13 22:00:00+00:00";"39";"54";"44";"2021";"NON";"OUI";"245400510";"";"";"";"2021-10-06";"142043";""
"54141";"3199";"PLU";"COM";"2018-12-16 23:00:00+00:00";"2014-09-18 22:00:00+00:00";"39";"54";"44";"2021";"NON";"NON";"54141";"";"";"";"2021-10-06";"132342";""
"54143";"3299";"PLUi/PLUiS";"CC";"2021-03-17 23:00:00+00:00";"2015-10-13 22:00:00+00:00";"39";"54";"44";"2021";"NON";"OUI";"245400510";"";"";"";"2021-10-06";"142043";""
"54144";"3199";"PLU";"COM";"2018-09-02 22:00:00+00:00";"2015-02-01 23:00:00+00:00";"39";"54";"44";"2021";"NON";"NON";"54144";"";"";"";"2021-10-06";"137465";""
"54145";"3199";"PLU";"COM";"2019-10-21 22:00:00+00:00";"2014-06-26 22:00:00+00:00";"39";"54";"44";"2021";"NON";"NON";"54145";"";"";"";"2021-10-06";"130868";""
"54146";"3299";"PLUi/PLUiS";"CC";"2021-03-17 23:00:00+00:00";"2015-10-13 22:00:00+00:00";"39";"54";"44";"2021";"NON";"OUI";"245400510";"";"";"";"2021-10-06";"142043";""
"54148";"3299";"PLUi/PLUiS";"CC";"2020-06-14 22:00:00+00:00";"2017-06-28 22:00:00+00:00";"39";"54";"44";"2021";"NON";"OUI";"200070324";"";"";"";"2021-10-06";"157242";""
"54150";"3299";"PLUi/PLUiS";"CC";"2021-04-07 22:00:00+00:00";"2015-12-14 23:00:00+00:00";"39";"54";"44";"2021";"NON";"OUI";"245400601";"";"";"";"2021-10-06";"146276";""
"54151";"3199";"PLU";"COM";"2018-01-28 23:00:00+00:00";"2014-06-09 22:00:00+00:00";"39";"54";"44";"2021";"NON";"NON";"54151";"";"";"";"2021-10-06";"46517";""
"54152";"3131";"PLU";"COM";"2013-09-25 22:00:00+00:00";"2009-05-25 22:00:00+00:00";"33";"54";"44";"2021";"NON";"NON";"54152";"";"";"";"2021-10-06";"46518";""
"54153";"3432";"PLU";"CC";"2015-10-26 23:00:00+00:00";"2009-03-26 23:00:00+00:00";"33";"54";"44";"2021";"NON";"NON";"54153";"";"";"";"2021-10-06";"46519";""
"54154";"3299";"PLUi/PLUiS";"CC";"2020-06-14 22:00:00+00:00";"2017-06-28 22:00:00+00:00";"39";"54";"44";"2021";"NON";"OUI";"200070324";"";"";"";"2021-10-06";"157242";""
"54155";"3199";"PLU";"COM";"2021-03-10 23:00:00+00:00";"2014-06-18 22:00:00+00:00";"39";"54";"44";"2021";"NON";"NON";"54155";"";"";"";"2021-10-06";"130696";""
"54156";"3432";"PLU";"CC";"2017-04-11 22:00:00+00:00";"2014-12-09 23:00:00+00:00";"33";"54";"44";"2021";"NON";"NON";"200035772";"";"";"";"2021-10-06";"134688";""
"54157";"3199";"PLU";"COM";"2013-04-10 22:00:00+00:00";"2009-02-01 23:00:00+00:00";"39";"54";"44";"2021";"NON";"NON";"54157";"";"";"";"2021-10-06";"46522";""
"54158";"3299";"PLUi/PLUiS";"CC";"2021-03-17 23:00:00+00:00";"2015-10-13 22:00:00+00:00";"39";"54";"44";"2021";"NON";"OUI";"245400510";"";"";"";"2021-10-06";"142043";""
"54159";"3199";"PLU";"COM";"2017-06-29 22:00:00+00:00";"2014-12-01 23:00:00+00:00";"39";"54";"44";"2021";"NON";"NON";"54159";"";"";"";"2021-10-06";"134468";""
"54160";"3432";"PLU";"CC";"2018-09-26 22:00:00+00:00";"2015-03-24 23:00:00+00:00";"33";"54";"44";"2021";"NON";"NON";"200070563";"";"";"";"2021-10-06";"138254";""
"54162";"3432";"PLU";"CC";"2014-03-10 23:00:00+00:00";"2009-05-14 22:00:00+00:00";"33";"54";"44";"2021";"NON";"NON";"200070563";"";"";"";"2021-10-06";"46526";""
"54163";"1199";"CC";"COM";"2012-02-02 23:00:00+00:00";"2010-11-30 23:00:00+00:00";"19";"54";"44";"2021";"NON";"NON";"54163";"";"";"";"2021-10-06";"27058";""
"54164";"1432";"CC";"CC";"2008-02-28 23:00:00+00:00";"2005-12-08 23:00:00+00:00";"13";"54";"44";"2021";"NON";"NON";"200035772";"";"";"";"2021-10-06";"20863";""
"54166";"3432";"PLU";"CC";"2012-09-23 22:00:00+00:00";"2005-10-23 22:00:00+00:00";"33";"54";"44";"2021";"NON";"NON";"54166";"";"";"";"2021-10-06";"20870";""
"54167";"3432";"PLU";"CC";"2001-12-27 23:00:00+00:00";"1999-06-17 22:00:00+00:00";"33";"54";"44";"2021";"NON";"NON";"200070563";"";"";"";"2021-10-06";"20876";""
"54168";"3399";"PLUi/PLUiS";"CC";"2021-01-20 23:00:00+00:00";"2015-11-24 23:00:00+00:00";"39";"54";"44";"2021";"OUI";"NON";"200070589";"";"";"";"2021-10-06";"144090";""
"54169";"1432";"CC";"CC";"2009-03-24 23:00:00+00:00";"2002-11-06 23:00:00+00:00";"13";"54";"44";"2021";"NON";"NON";"200070290";"";"";"";"2021-10-06";"14366";""
"54171";"3432";"PLU";"CC";"2017-06-12 22:00:00+00:00";"2013-05-27 22:00:00+00:00";"33";"54";"44";"2021";"NON";"NON";"200070845";"";"";"";"2021-10-06";"122472";""
"54174";"3432";"PLU";"CC";"2005-10-27 22:00:00+00:00";"2002-06-28 22:00:00+00:00";"33";"54";"44";"2021";"NON";"NON";"200070563";"";"";"";"2021-10-06";"20892";""
"54175";"1111";"CC";"COM";"2010-04-29 22:00:00+00:00";"2009-03-05 23:00:00+00:00";"11";"54";"44";"2021";"NON";"NON";"54175";"";"";"";"2021-10-06";"25129";""
"54176";"3199";"PLU";"COM";"2016-11-02 23:00:00+00:00";"2012-02-29 23:00:00+00:00";"39";"54";"44";"2021";"NON";"NON";"54176";"";"";"";"2021-10-06";"104564";""
"54177";"3199";"PLU";"COM";"2018-02-28 23:00:00+00:00";"2014-07-23 22:00:00+00:00";"39";"54";"44";"2021";"NON";"NON";"54177";"";"";"";"2021-10-06";"131506";""
"54178";"3199";"PLU";"COM";"2020-03-05 23:00:00+00:00";"2011-06-06 22:00:00+00:00";"39";"54";"44";"2021";"NON";"NON";"54178";"";"";"";"2021-10-06";"46540";""
"54179";"3399";"PLUi/PLUiS";"CC";"2020-05-12 22:00:00+00:00";"2015-12-14 23:00:00+00:00";"39";"54";"44";"2021";"OUI";"NON";"200070589";"";"";"";"2021-10-06";"146275";""
"54180";"3399";"PLUi/PLUiS";"CC";"2021-01-20 23:00:00+00:00";"2015-11-24 23:00:00+00:00";"39";"54";"44";"2021";"OUI";"NON";"200070589";"";"";"";"2021-10-06";"144090";""
"54184";"3432";"PLU";"MET";"2007-10-11 22:00:00+00:00";"2003-12-18 23:00:00+00:00";"33";"54";"44";"2021";"NON";"NON";"54184";"";"";"";"2021-10-06";"20918";""
"54186";"3399";"PLUi/PLUiS";"CC";"2021-01-20 23:00:00+00:00";"2015-11-24 23:00:00+00:00";"39";"54";"44";"2021";"OUI";"NON";"200070589";"";"";"";"2021-10-06";"144090";""
"54187";"3432";"PLU";"CC";"2013-03-12 23:00:00+00:00";"2009-09-22 22:00:00+00:00";"33";"54";"44";"2021";"NON";"NON";"54187";"";"";"";"2021-10-06";"46544";""
"54188";"3299";"PLUi/PLUiS";"CC";"2021-04-07 22:00:00+00:00";"2015-12-14 23:00:00+00:00";"39";"54";"44";"2021";"NON";"OUI";"245400601";"";"";"";"2021-10-06";"146276";""
"54189";"3299";"PLUi/PLUiS";"CC";"2021-03-17 23:00:00+00:00";"2015-10-13 22:00:00+00:00";"39";"54";"44";"2021";"NON";"OUI";"245400510";"";"";"";"2021-10-06";"142043";""
"54190";"3299";"PLUi/PLUiS";"CC";"2021-03-17 23:00:00+00:00";"2015-10-13 22:00:00+00:00";"39";"54";"44";"2021";"NON";"OUI";"245400510";"";"";"";"2021-10-06";"142043";""
"54192";"3199";"PLU";"COM";"2007-04-26 22:00:00+00:00";"2003-06-22 22:00:00+00:00";"39";"54";"44";"2021";"NON";"NON";"54192";"";"";"";"2021-10-06";"20932";""
"54193";"3432";"PLU";"CC";"2017-02-28 23:00:00+00:00";"2012-11-26 23:00:00+00:00";"33";"54";"44";"2021";"NON";"NON";"54193";"";"";"";"2021-10-06";"20933";""
"54194";"3199";"PLU";"COM";"2013-07-11 22:00:00+00:00";"2009-03-19 23:00:00+00:00";"39";"54";"44";"2021";"NON";"NON";"54194";"";"";"";"2021-10-06";"85605";""
"54195";"3199";"PLU";"COM";"2020-10-22 22:00:00+00:00";"2014-06-22 22:00:00+00:00";"39";"54";"44";"2021";"NON";"NON";"54195";"";"";"";"2021-10-06";"131507";""
"54196";"3432";"PLU";"CC";"2017-12-13 23:00:00+00:00";"2014-10-12 22:00:00+00:00";"33";"54";"44";"2021";"NON";"NON";"245400171";"";"";"";"2021-10-06";"30490";""
"54197";"3432";"PLU";"MET";"2013-03-28 23:00:00+00:00";"2009-06-25 22:00:00+00:00";"33";"54";"44";"2021";"NON";"NON";"54197";"";"";"";"2021-10-06";"46550";""
"54198";"3432";"PLU";"CC";"2012-06-06 22:00:00+00:00";"2008-06-05 22:00:00+00:00";"33";"54";"44";"2021";"NON";"NON";"200070845";"";"";"";"2021-10-06";"46551";""
"54199";"3299";"PLUi/PLUiS";"CC";"2020-06-14 22:00:00+00:00";"2017-06-28 22:00:00+00:00";"39";"54";"44";"2021";"NON";"OUI";"200070324";"";"";"";"2021-10-06";"157242";""
"54200";"3432";"PLU";"CC";"2012-08-23 22:00:00+00:00";"2009-04-06 22:00:00+00:00";"33";"54";"44";"2021";"NON";"NON";"54200";"";"";"";"2021-10-06";"20947";""
"54201";"3299";"PLUi/PLUiS";"CC";"2020-06-14 22:00:00+00:00";"2017-06-28 22:00:00+00:00";"39";"54";"44";"2021";"NON";"OUI";"200070324";"";"";"";"2021-10-06";"157242";""
"54206";"3299";"PLUi/PLUiS";"CC";"2020-06-14 22:00:00+00:00";"2017-06-28 22:00:00+00:00";"39";"54";"44";"2021";"NON";"OUI";"200070324";"";"";"";"2021-10-06";"157242";""
"54208";"3432";"PLU";"CC";"2019-02-27 23:00:00+00:00";"2014-11-03 23:00:00+00:00";"33";"54";"44";"2021";"NON";"NON";"200070563";"";"";"";"2021-10-06";"133453";""
"54209";"3299";"PLUi/PLUiS";"CC";"2020-06-14 22:00:00+00:00";"2017-06-28 22:00:00+00:00";"39";"54";"44";"2021";"NON";"OUI";"200070324";"";"";"";"2021-10-06";"157242";""
"54210";"1199";"CC";"COM";"2019-07-22 22:00:00+00:00";"2011-10-20 22:00:00+00:00";"19";"54";"44";"2021";"NON";"NON";"54210";"";"";"";"2021-10-06";"84858";""
"54212";"3199";"PLU";"COM";"2014-01-12 23:00:00+00:00";"2007-05-31 22:00:00+00:00";"39";"54";"44";"2021";"NON";"NON";"54212";"";"";"";"2021-10-06";"21027";""
"54213";"3432";"PLU";"CC";"2012-06-14 22:00:00+00:00";"2008-10-23 22:00:00+00:00";"33";"54";"44";"2021";"NON";"NON";"200070845";"";"";"";"2021-10-06";"46554";""
"54214";"3432";"PLU";"CC";"2017-01-18 23:00:00+00:00";"2008-09-10 22:00:00+00:00";"33";"54";"44";"2021";"NON";"NON";"245400171";"";"";"";"2021-10-06";"46556";""
"54215";"3299";"PLUi/PLUiS";"CC";"2021-04-07 22:00:00+00:00";"2015-12-14 23:00:00+00:00";"39";"54";"44";"2021";"NON";"OUI";"245400601";"";"";"";"2021-10-06";"146276";""
"54217";"3299";"PLUi/PLUiS";"CC";"2020-06-14 22:00:00+00:00";"2017-06-28 22:00:00+00:00";"39";"54";"44";"2021";"NON";"OUI";"200070324";"";"";"";"2021-10-06";"157242";""
"54218";"3299";"PLUi/PLUiS";"CC";"2021-03-17 23:00:00+00:00";"2015-10-13 22:00:00+00:00";"39";"54";"44";"2021";"NON";"OUI";"245400510";"";"";"";"2021-10-06";"142043";""
"54219";"3399";"PLUi/PLUiS";"CC";"2021-01-20 23:00:00+00:00";"2015-11-24 23:00:00+00:00";"39";"54";"44";"2021";"OUI";"NON";"200070589";"";"";"";"2021-10-06";"144090";""
"54220";"3299";"PLUi/PLUiS";"CC";"2021-03-17 23:00:00+00:00";"2015-10-13 22:00:00+00:00";"39";"54";"44";"2021";"NON";"OUI";"245400510";"";"";"";"2021-10-06";"142043";""
"54221";"1432";"CC";"CC";"2009-11-29 23:00:00+00:00";"2007-09-05 22:00:00+00:00";"13";"54";"44";"2021";"NON";"NON";"200035772";"";"";"";"2021-10-06";"46558";""
"54222";"3131";"PLU";"COM";"2011-11-04 23:00:00+00:00";"2007-06-15 22:00:00+00:00";"33";"54";"44";"2021";"NON";"NON";"54222";"";"";"";"2021-10-06";"46567";""
"54223";"3299";"PLUi/PLUiS";"CC";"2021-03-17 23:00:00+00:00";"2015-10-13 22:00:00+00:00";"39";"54";"44";"2021";"NON";"OUI";"245400510";"";"";"";"2021-10-06";"142043";""
"54224";"1432";"CC";"CC";"2004-08-09 22:00:00+00:00";"2002-02-06 23:00:00+00:00";"13";"54";"44";"2021";"NON";"NON";"200035772";"";"";"";"2021-10-06";"19605";""
"54225";"3199";"PLU";"COM";"2006-10-03 22:00:00+00:00";"2002-12-12 23:00:00+00:00";"39";"54";"44";"2021";"NON";"NON";"54225";"";"";"";"2021-10-06";"21072";""
"54226";"3299";"PLUi/PLUiS";"CC";"2021-03-17 23:00:00+00:00";"2015-10-13 22:00:00+00:00";"39";"54";"44";"2021";"NON";"OUI";"245400510";"";"";"";"2021-10-06";"142043";""
"54227";"3432";"PLU";"CC";"2018-06-25 22:00:00+00:00";"2014-09-29 22:00:00+00:00";"33";"54";"44";"2021";"NON";"NON";"200070845";"";"";"";"2021-10-06";"133454";""
"54229";"3299";"PLUi/PLUiS";"CC";"2020-06-14 22:00:00+00:00";"2017-06-28 22:00:00+00:00";"39";"54";"44";"2021";"NON";"OUI";"200070324";"";"";"";"2021-10-06";"157242";""
"54232";"3432";"PLU";"CC";"2016-06-21 22:00:00+00:00";"2006-06-26 22:00:00+00:00";"33";"54";"44";"2021";"NON";"NON";"200070563";"";"";"";"2021-10-06";"21200";""
"54234";"3131";"PLU";"COM";"2005-09-19 22:00:00+00:00";"2002-05-23 22:00:00+00:00";"33";"54";"44";"2021";"NON";"NON";"54234";"";"";"";"2021-10-06";"21439";""
"54235";"1432";"CC";"CC";"2011-09-07 22:00:00+00:00";"2010-06-06 22:00:00+00:00";"13";"54";"44";"2021";"NON";"NON";"200035772";"";"";"";"2021-10-06";"46576";""
"54236";"3199";"PLU";"COM";"2007-10-24 22:00:00+00:00";"1997-04-10 22:00:00+00:00";"39";"54";"44";"2021";"NON";"NON";"54236";"";"";"";"2021-10-06";"21440";""
"54237";"3299";"PLUi/PLUiS";"CC";"2021-03-17 23:00:00+00:00";"2015-10-13 22:00:00+00:00";"39";"54";"44";"2021";"NON";"OUI";"245400510";"";"";"";"2021-10-06";"142043";""
"54238";"3432";"PLU";"CC";"2005-09-19 22:00:00+00:00";"2002-06-05 22:00:00+00:00";"33";"54";"44";"2021";"NON";"NON";"200035772";"";"";"";"2021-10-06";"21443";""
"54239";"3199";"PLU";"COM";"2006-09-22 22:00:00+00:00";"2003-01-23 23:00:00+00:00";"39";"54";"44";"2021";"NON";"NON";"54239";"";"";"";"2021-10-06";"21445";""
"54242";"3432";"PLU";"CC";"2019-04-03 22:00:00+00:00";"2015-01-15 23:00:00+00:00";"33";"54";"44";"2021";"NON";"NON";"200070563";"";"";"";"2021-10-06";"137037";""
"54243";"3299";"PLUi/PLUiS";"CC";"2020-06-14 22:00:00+00:00";"2017-06-28 22:00:00+00:00";"39";"54";"44";"2021";"NON";"OUI";"200070324";"";"";"";"2021-10-06";"157242";""
"54244";"3432";"PLU";"CC";"2015-11-23 23:00:00+00:00";"2009-03-15 23:00:00+00:00";"33";"54";"44";"2021";"NON";"NON";"54244";"";"";"";"2021-10-06";"46583";""
"54247";"1432";"CC";"CC";"2010-02-18 23:00:00+00:00";"2008-08-28 22:00:00+00:00";"13";"54";"44";"2021";"NON";"NON";"200035772";"";"";"";"2021-10-06";"46584";""
"54248";"1432";"CC";"CC";"2014-03-03 23:00:00+00:00";"2012-07-19 22:00:00+00:00";"13";"54";"44";"2021";"NON";"NON";"54248";"";"";"";"2021-10-06";"107837";""
"54249";"3432";"PLU";"CC";"2014-02-13 23:00:00+00:00";"2009-06-21 22:00:00+00:00";"33";"54";"44";"2021";"NON";"NON";"54249";"";"";"";"2021-10-06";"46585";""
"54250";"3399";"PLUi/PLUiS";"CC";"2021-01-20 23:00:00+00:00";"2015-11-24 23:00:00+00:00";"39";"54";"44";"2021";"OUI";"NON";"200070589";"";"";"";"2021-10-06";"144090";""
"54253";"3432";"PLU";"CC";"2006-10-08 22:00:00+00:00";"2001-10-15 22:00:00+00:00";"33";"54";"44";"2021";"NON";"NON";"200070845";"";"";"";"2021-10-06";"46598";""
"54254";"3131";"PLU";"COM";"2012-12-27 23:00:00+00:00";"2006-12-21 23:00:00+00:00";"33";"54";"44";"2021";"NON";"NON";"54254";"";"";"";"2021-10-06";"46611";""
"54255";"3299";"PLUi/PLUiS";"CC";"2020-06-14 22:00:00+00:00";"2017-06-28 22:00:00+00:00";"39";"54";"44";"2021";"NON";"OUI";"200070324";"";"";"";"2021-10-06";"157242";""
"54257";"3432";"PLU";"MET";"2013-03-28 23:00:00+00:00";"2005-11-03 23:00:00+00:00";"33";"54";"44";"2021";"NON";"NON";"54257";"";"";"";"2021-10-06";"86457";""
"54259";"3199";"PLU";"COM";"2014-02-12 23:00:00+00:00";"2009-03-02 23:00:00+00:00";"39";"54";"44";"2021";"NON";"NON";"54259";"";"";"";"2021-10-06";"46616";""
"54260";"3299";"PLUi/PLUiS";"CC";"2020-06-14 22:00:00+00:00";"2017-06-28 22:00:00+00:00";"39";"54";"44";"2021";"NON";"OUI";"200070324";"";"";"";"2021-10-06";"157242";""
"54261";"3131";"PLU";"COM";"2009-09-27 22:00:00+00:00";"2004-06-28 22:00:00+00:00";"33";"54";"44";"2021";"NON";"NON";"54261";"";"";"";"2021-10-06";"46640";""
"54263";"3432";"PLU";"CC";"2008-10-28 23:00:00+00:00";"2005-12-14 23:00:00+00:00";"33";"54";"44";"2021";"NON";"NON";"200070845";"";"";"";"2021-10-06";"46653";""
"54264";"3432";"PLU";"CC";"2010-01-07 23:00:00+00:00";"2007-05-23 22:00:00+00:00";"33";"54";"44";"2021";"NON";"NON";"200035772";"";"";"";"2021-10-06";"30491";""
"54265";"3432";"PLU";"MET";"2007-10-11 22:00:00+00:00";"2001-06-21 22:00:00+00:00";"33";"54";"44";"2021";"NON";"NON";"54265";"";"";"";"2021-10-06";"46663";""
"54266";"1432";"CC";"CC";"2017-11-28 23:00:00+00:00";"2014-12-08 23:00:00+00:00";"13";"54";"44";"2021";"NON";"NON";"200035772";"";"";"";"2021-10-06";"137040";""
"54268";"1432";"CC";"CC";"2006-04-20 22:00:00+00:00";"2005-02-10 23:00:00+00:00";"13";"54";"44";"2021";"NON";"NON";"200035772";"";"";"";"2021-10-06";"17600";""
"54269";"3199";"PLU";"COM";"2018-02-19 23:00:00+00:00";"2014-10-13 22:00:00+00:00";"39";"54";"44";"2021";"NON";"NON";"54269";"";"";"";"2021-10-06";"132927";""
"54270";"3199";"PLU";"COM";"2019-04-02 22:00:00+00:00";"2015-03-12 23:00:00+00:00";"39";"54";"44";"2021";"NON";"NON";"54270";"";"";"";"2021-10-06";"138256";""
"54271";"1199";"CC";"COM";"2009-07-23 22:00:00+00:00";"2007-11-08 23:00:00+00:00";"19";"54";"44";"2021";"NON";"NON";"54271";"";"";"";"2021-10-06";"46675";""
"54272";"3432";"PLU";"CC";"2011-10-20 22:00:00+00:00";"2007-05-03 22:00:00+00:00";"33";"54";"44";"2021";"NON";"NON";"200070563";"";"";"";"2021-10-06";"46680";""
"54273";"3432";"PLU";"CC";"2008-10-23 22:00:00+00:00";"2001-12-20 23:00:00+00:00";"33";"54";"44";"2021";"NON";"NON";"200070845";"";"";"";"2021-10-06";"46687";""
"54274";"3432";"PLU";"MET";"2011-01-27 23:00:00+00:00";"2007-02-08 23:00:00+00:00";"33";"54";"44";"2021";"NON";"NON";"54274";"";"";"";"2021-10-06";"46703";""
"54275";"3432";"PLU";"CC";"2003-07-04 22:00:00+00:00";"2001-09-20 22:00:00+00:00";"33";"54";"44";"2021";"NON";"NON";"54275";"";"";"";"2021-10-06";"46706";""
"54276";"3399";"PLUi/PLUiS";"CC";"2020-05-12 22:00:00+00:00";"2015-12-14 23:00:00+00:00";"39";"54";"44";"2021";"OUI";"NON";"200070589";"";"";"";"2021-10-06";"146275";""
"54277";"3432";"PLU";"CC";"2016-09-28 22:00:00+00:00";"2012-02-08 23:00:00+00:00";"33";"54";"44";"2021";"NON";"NON";"200070845";"";"";"";"2021-10-06";"130259";""
"54279";"3199";"PLU";"COM";"2015-09-21 22:00:00+00:00";"2014-02-05 23:00:00+00:00";"39";"54";"44";"2021";"NON";"NON";"54279";"";"";"";"2021-10-06";"128844";""
"54280";"3432";"PLU";"CC";"2008-01-27 23:00:00+00:00";"2005-02-01 23:00:00+00:00";"33";"54";"44";"2021";"NON";"NON";"200070845";"";"";"";"2021-10-06";"46718";""
"54281";"3299";"PLUi/PLUiS";"CC";"2020-06-14 22:00:00+00:00";"2017-06-28 22:00:00+00:00";"39";"54";"44";"2021";"NON";"OUI";"200070324";"";"";"";"2021-10-06";"157242";""
"54283";"3432";"PLU";"CC";"2007-05-02 22:00:00+00:00";"2003-10-12 22:00:00+00:00";"33";"54";"44";"2021";"NON";"NON";"200070845";"";"";"";"2021-10-06";"46729";""
"54284";"3432";"PLU";"CC";"2012-04-04 22:00:00+00:00";"2009-06-15 22:00:00+00:00";"33";"54";"44";"2021";"NON";"NON";"200070290";"";"";"";"2021-10-06";"87255";""
"54286";"3432";"PLU";"CC";"2008-11-13 23:00:00+00:00";"2005-03-23 23:00:00+00:00";"33";"54";"44";"2021";"NON";"NON";"200070845";"";"";"";"2021-10-06";"46746";""
"54287";"3299";"PLUi/PLUiS";"CC";"2020-06-14 22:00:00+00:00";"2017-06-28 22:00:00+00:00";"39";"54";"44";"2021";"NON";"OUI";"200070324";"";"";"";"2021-10-06";"157242";""
"54288";"3432";"PLU";"CC";"2007-08-23 22:00:00+00:00";"2003-02-20 23:00:00+00:00";"33";"54";"44";"2021";"NON";"NON";"200070563";"";"";"";"2021-10-06";"46754";""
"54289";"3399";"PLUi/PLUiS";"CC";"2021-01-20 23:00:00+00:00";"2015-11-24 23:00:00+00:00";"39";"54";"44";"2021";"OUI";"NON";"200070589";"";"";"";"2021-10-06";"144090";""
"54291";"1432";"CC";"CC";"2006-03-01 23:00:00+00:00";"2004-09-09 22:00:00+00:00";"13";"54";"44";"2021";"NON";"NON";"200035772";"";"";"";"2021-10-06";"14355";""
"54292";"3299";"PLUi/PLUiS";"CC";"2020-06-14 22:00:00+00:00";"2017-06-28 22:00:00+00:00";"39";"54";"44";"2021";"NON";"OUI";"200070324";"";"";"";"2021-10-06";"157242";""
"54294";"3199";"PLU";"COM";"2015-02-01 23:00:00+00:00";"2013-10-28 23:00:00+00:00";"39";"54";"44";"2021";"NON";"NON";"54294";"";"";"";"2021-10-06";"125148";""
"54295";"3432";"PLU";"CC";"2006-10-11 22:00:00+00:00";"2002-11-06 23:00:00+00:00";"33";"54";"44";"2021";"NON";"NON";"200070290";"";"";"";"2021-10-06";"46769";""
"54296";"3399";"PLUi/PLUiS";"CC";"2021-01-20 23:00:00+00:00";"2015-11-24 23:00:00+00:00";"39";"54";"44";"2021";"OUI";"NON";"200070589";"";"";"";"2021-10-06";"144090";""
"54297";"3299";"PLUi/PLUiS";"CC";"2020-06-14 22:00:00+00:00";"2017-06-28 22:00:00+00:00";"39";"54";"44";"2021";"NON";"OUI";"200070324";"";"";"";"2021-10-06";"157242";""
"54300";"3432";"PLU";"MET";"2013-03-28 23:00:00+00:00";"2007-12-19 23:00:00+00:00";"33";"54";"44";"2021";"NON";"NON";"54300";"";"";"";"2021-10-06";"46797";""
"54301";"3399";"PLUi/PLUiS";"CC";"2020-05-12 22:00:00+00:00";"2015-12-14 23:00:00+00:00";"39";"54";"44";"2021";"OUI";"NON";"200070589";"";"";"";"2021-10-06";"146275";""
"54302";"3432";"PLU";"CC";"2013-09-11 22:00:00+00:00";"2005-01-12 23:00:00+00:00";"33";"54";"44";"2021";"NON";"NON";"200070845";"";"";"";"2021-10-06";"46803";""
"54303";"3299";"PLUi/PLUiS";"CC";"2020-06-14 22:00:00+00:00";"2017-06-28 22:00:00+00:00";"39";"54";"44";"2021";"NON";"OUI";"200070324";"";"";"";"2021-10-06";"157242";""
"54304";"3432";"PLU";"MET";"2012-05-24 22:00:00+00:00";"2008-11-13 23:00:00+00:00";"33";"54";"44";"2021";"NON";"NON";"54304";"";"";"";"2021-10-06";"46813";""
"54305";"3299";"PLUi/PLUiS";"CC";"2021-04-07 22:00:00+00:00";"2015-12-14 23:00:00+00:00";"39";"54";"44";"2021";"NON";"OUI";"245400601";"";"";"";"2021-10-06";"146276";""
"54307";"3432";"PLU";"CC";"2011-11-27 23:00:00+00:00";"2010-01-31 23:00:00+00:00";"33";"54";"44";"2021";"NON";"NON";"200035772";"";"";"";"2021-10-06";"40956";""
"54308";"1199";"CC";"COM";"2009-02-02 23:00:00+00:00";"2007-01-24 23:00:00+00:00";"19";"54";"44";"2021";"NON";"NON";"54308";"";"";"";"2021-10-06";"35577";""
"54309";"3432";"PLU";"CC";"2015-11-29 23:00:00+00:00";"2011-10-23 22:00:00+00:00";"33";"54";"44";"2021";"NON";"NON";"200035772";"";"";"";"2021-10-06";"46835";""
"54311";"3399";"PLUi/PLUiS";"CC";"2021-01-20 23:00:00+00:00";"2015-11-24 23:00:00+00:00";"39";"54";"44";"2021";"OUI";"NON";"200070589";"";"";"";"2021-10-06";"144090";""
"54312";"3199";"PLU";"COM";"2013-06-28 22:00:00+00:00";"2009-09-28 22:00:00+00:00";"39";"54";"44";"2021";"NON";"NON";"54312";"";"";"";"2021-10-06";"46846";""
"54313";"3399";"PLUi/PLUiS";"CC";"2020-05-12 22:00:00+00:00";"2015-12-14 23:00:00+00:00";"39";"54";"44";"2021";"OUI";"NON";"200070589";"";"";"";"2021-10-06";"146275";""
"54314";"3131";"PLU";"COM";"2006-01-18 23:00:00+00:00";"2002-06-25 22:00:00+00:00";"33";"54";"44";"2021";"NON";"NON";"54314";"";"";"";"2021-10-06";"46856";""
"54315";"3399";"PLUi/PLUiS";"CC";"2020-05-12 22:00:00+00:00";"2015-12-14 23:00:00+00:00";"39";"54";"44";"2021";"OUI";"NON";"200070589";"";"";"";"2021-10-06";"146275";""
"54316";"3432";"PLU";"CC";"2008-02-28 23:00:00+00:00";"2002-12-18 23:00:00+00:00";"33";"54";"44";"2021";"NON";"NON";"54316";"";"";"";"2021-10-06";"46865";""
"54318";"3299";"PLUi/PLUiS";"CC";"2021-04-07 22:00:00+00:00";"2015-12-14 23:00:00+00:00";"39";"54";"44";"2021";"NON";"OUI";"245400601";"";"";"";"2021-10-06";"146276";""
"54320";"3199";"PLU";"COM";"2008-06-25 22:00:00+00:00";"1999-09-09 22:00:00+00:00";"39";"54";"44";"2021";"NON";"NON";"54320";"";"";"";"2021-10-06";"46886";""
"54321";"3199";"PLU";"COM";"2015-10-04 22:00:00+00:00";"2005-01-23 23:00:00+00:00";"39";"54";"44";"2021";"NON";"NON";"54321";"";"";"";"2021-10-06";"46891";""
"54322";"3131";"PLU";"COM";"2005-03-28 22:00:00+00:00";"1999-02-07 23:00:00+00:00";"33";"54";"44";"2021";"NON";"NON";"54322";"";"";"";"2021-10-06";"46898";""
"54323";"3131";"PLU";"COM";"2014-02-24 23:00:00+00:00";"2004-11-21 23:00:00+00:00";"33";"54";"44";"2021";"NON";"NON";"54323";"";"";"";"2021-10-06";"1174";""
"54326";"3432";"PLU";"CC";"2011-11-03 23:00:00+00:00";"2008-07-16 22:00:00+00:00";"33";"54";"44";"2021";"NON";"NON";"200070845";"";"";"";"2021-10-06";"14369";""
"54327";"3432";"PLU";"CC";"2005-06-07 22:00:00+00:00";"2001-09-05 22:00:00+00:00";"33";"54";"44";"2021";"NON";"NON";"200070563";"";"";"";"2021-10-06";"29147";""
"54328";"3432";"PLU";"MET";"2007-07-05 22:00:00+00:00";"2005-12-15 23:00:00+00:00";"33";"54";"44";"2021";"NON";"NON";"54328";"";"";"";"2021-10-06";"46590";""
"54329";"3299";"PLUi/PLUiS";"CC";"2020-06-14 22:00:00+00:00";"2017-06-28 22:00:00+00:00";"39";"54";"44";"2021";"NON";"OUI";"200070324";"";"";"";"2021-10-06";"157242";""
"54330";"3131";"PLU";"COM";"2014-12-15 23:00:00+00:00";"2010-03-25 23:00:00+00:00";"33";"54";"44";"2021";"NON";"NON";"54330";"";"";"";"2021-10-06";"46920";""
"54331";"3299";"PLUi/PLUiS";"CC";"2020-06-14 22:00:00+00:00";"2017-06-28 22:00:00+00:00";"39";"54";"44";"2021";"NON";"OUI";"200070324";"";"";"";"2021-10-06";"157242";""
"54332";"3199";"PLU";"COM";"2019-01-09 23:00:00+00:00";"2015-01-22 23:00:00+00:00";"39";"54";"44";"2021";"NON";"NON";"54332";"";"";"";"2021-10-06";"137042";""
"54333";"3399";"PLUi/PLUiS";"CC";"2020-05-12 22:00:00+00:00";"2015-12-14 23:00:00+00:00";"39";"54";"44";"2021";"OUI";"NON";"200070589";"";"";"";"2021-10-06";"146275";""
"54334";"3432";"PLU";"CC";"2006-10-11 22:00:00+00:00";"2002-11-06 23:00:00+00:00";"33";"54";"44";"2021";"NON";"NON";"200070290";"";"";"";"2021-10-06";"46935";""
"54335";"3199";"PLU";"COM";"2020-02-04 23:00:00+00:00";"2014-06-18 22:00:00+00:00";"39";"54";"44";"2021";"NON";"NON";"54335";"";"";"";"2021-10-06";"131902";""
"54336";"3432";"PLU";"CC";"2005-07-04 22:00:00+00:00";"2002-10-21 22:00:00+00:00";"33";"54";"44";"2021";"NON";"NON";"245400171";"";"";"";"2021-10-06";"46948";""
"54338";"3299";"PLUi/PLUiS";"CC";"2021-04-07 22:00:00+00:00";"2015-12-14 23:00:00+00:00";"39";"54";"44";"2021";"NON";"OUI";"245400601";"";"";"";"2021-10-06";"146276";""
"54339";"3432";"PLU";"MET";"2013-04-18 22:00:00+00:00";"2010-03-25 23:00:00+00:00";"33";"54";"44";"2021";"NON";"NON";"54339";"";"";"";"2021-10-06";"46962";""
"54343";"3432";"PLU";"CC";"2014-03-11 23:00:00+00:00";"2009-01-19 23:00:00+00:00";"33";"54";"44";"2021";"NON";"NON";"54343";"";"";"";"2021-10-06";"85920";""
"54344";"3432";"PLU";"CC";"2009-03-02 23:00:00+00:00";"2004-01-29 23:00:00+00:00";"33";"54";"44";"2021";"NON";"NON";"200035772";"";"";"";"2021-10-06";"46977";""
"54345";"3199";"PLU";"COM";"2018-10-25 22:00:00+00:00";"2014-09-11 22:00:00+00:00";"39";"54";"44";"2021";"NON";"NON";"54345";"";"";"";"2021-10-06";"132688";""
"54346";"1432";"CC";"CC";"2011-12-15 23:00:00+00:00";"2009-09-03 22:00:00+00:00";"13";"54";"44";"2021";"NON";"NON";"200070563";"";"";"";"2021-10-06";"39333";""
"54348";"3432";"PLU";"CC";"2006-09-14 22:00:00+00:00";"2002-03-21 23:00:00+00:00";"33";"54";"44";"2021";"NON";"NON";"200070563";"";"";"";"2021-10-06";"46984";""
"54349";"3299";"PLUi/PLUiS";"CC";"2020-06-14 22:00:00+00:00";"2017-06-28 22:00:00+00:00";"39";"54";"44";"2021";"NON";"OUI";"200070324";"";"";"";"2021-10-06";"157242";""
"54350";"3299";"PLUi/PLUiS";"CC";"2020-06-14 22:00:00+00:00";"2017-06-28 22:00:00+00:00";"39";"54";"44";"2021";"NON";"OUI";"200070324";"";"";"";"2021-10-06";"157242";""
"54351";"3299";"PLUi/PLUiS";"CC";"2021-04-07 22:00:00+00:00";"2015-12-14 23:00:00+00:00";"39";"54";"44";"2021";"NON";"OUI";"245400601";"";"";"";"2021-10-06";"146276";""
"54352";"3432";"PLU";"CC";"2011-11-20 23:00:00+00:00";"2008-10-19 22:00:00+00:00";"33";"54";"44";"2021";"NON";"NON";"245400171";"";"";"";"2021-10-06";"47003";""
"54353";"3432";"PLU";"CC";"2007-04-05 22:00:00+00:00";"2004-09-01 22:00:00+00:00";"33";"54";"44";"2021";"NON";"NON";"54353";"";"";"";"2021-10-06";"47004";""
"54355";"3199";"PLU";"COM";"2011-05-12 22:00:00+00:00";"2006-04-21 22:00:00+00:00";"39";"54";"44";"2021";"NON";"NON";"54355";"";"";"";"2021-10-06";"30497";""
"54357";"3432";"PLU";"MET";"2008-01-24 23:00:00+00:00";"2002-06-27 22:00:00+00:00";"33";"54";"44";"2021";"NON";"NON";"54357";"";"";"";"2021-10-06";"47011";""
"54358";"3399";"PLUi/PLUiS";"CC";"2021-01-20 23:00:00+00:00";"2015-11-24 23:00:00+00:00";"39";"54";"44";"2021";"OUI";"NON";"200070589";"";"";"";"2021-10-06";"144090";""
"54359";"1199";"CC";"COM";"2005-04-07 22:00:00+00:00";"2003-10-30 23:00:00+00:00";"19";"54";"44";"2021";"NON";"NON";"54359";"";"";"";"2021-10-06";"19611";""
"54360";"3432";"PLU";"CC";"2019-12-04 23:00:00+00:00";"2014-09-17 22:00:00+00:00";"33";"54";"44";"2021";"NON";"NON";"200070563";"";"";"";"2021-10-06";"132650";""
"54363";"3432";"PLU";"CC";"2011-10-13 22:00:00+00:00";"2004-06-16 22:00:00+00:00";"33";"54";"44";"2021";"NON";"NON";"200070290";"";"";"";"2021-10-06";"47028";""
"54365";"3299";"PLUi/PLUiS";"CC";"2020-06-14 22:00:00+00:00";"2017-06-28 22:00:00+00:00";"39";"54";"44";"2021";"NON";"OUI";"200070324";"";"";"";"2021-10-06";"157242";""
"54366";"3432";"PLU";"CC";"2003-06-29 22:00:00+00:00";"1999-04-29 22:00:00+00:00";"33";"54";"44";"2021";"NON";"NON";"245400171";"";"";"";"2021-10-06";"47044";""
"54367";"3199";"PLU";"COM";"2017-06-25 22:00:00+00:00";"2008-06-15 22:00:00+00:00";"39";"54";"44";"2021";"NON";"NON";"54367";"";"";"";"2021-10-06";"47060";""
"54369";"3299";"PLUi/PLUiS";"CC";"2021-04-07 22:00:00+00:00";"2015-12-14 23:00:00+00:00";"39";"54";"44";"2021";"NON";"OUI";"245400601";"";"";"";"2021-10-06";"146276";""
"54370";"1432";"CC";"CC";"2009-03-16 23:00:00+00:00";"2007-04-04 22:00:00+00:00";"13";"54";"44";"2021";"NON";"NON";"200070563";"";"";"";"2021-10-06";"27024";""
"54373";"3299";"PLUi/PLUiS";"CC";"2020-06-14 22:00:00+00:00";"2017-06-28 22:00:00+00:00";"39";"54";"44";"2021";"NON";"OUI";"200070324";"";"";"";"2021-10-06";"157242";""
"54374";"3399";"PLUi/PLUiS";"CC";"2021-01-20 23:00:00+00:00";"2015-11-24 23:00:00+00:00";"39";"54";"44";"2021";"OUI";"NON";"200070589";"";"";"";"2021-10-06";"144090";""
"54375";"3199";"PLU";"COM";"2007-03-29 22:00:00+00:00";"2001-06-06 22:00:00+00:00";"39";"54";"44";"2021";"NON";"NON";"54375";"";"";"";"2021-10-06";"47094";""
"54376";"3299";"PLUi/PLUiS";"CC";"2021-04-07 22:00:00+00:00";"2015-12-14 23:00:00+00:00";"39";"54";"44";"2021";"NON";"OUI";"245400601";"";"";"";"2021-10-06";"146276";""
"54378";"1199";"CC";"COM";"2019-07-25 22:00:00+00:00";"2018-09-30 22:00:00+00:00";"19";"54";"44";"2021";"NON";"NON";"54378";"";"";"";"2021-10-06";"164925";""
"54379";"3299";"PLUi/PLUiS";"CC";"2021-03-17 23:00:00+00:00";"2015-10-13 22:00:00+00:00";"39";"54";"44";"2021";"NON";"OUI";"245400510";"";"";"";"2021-10-06";"142043";""
"54380";"3299";"PLUi/PLUiS";"CC";"2021-03-17 23:00:00+00:00";"2015-10-13 22:00:00+00:00";"39";"54";"44";"2021";"NON";"OUI";"245400510";"";"";"";"2021-10-06";"142043";""
"54381";"1199";"CC";"COM";"2009-04-29 22:00:00+00:00";"2007-07-15 22:00:00+00:00";"19";"54";"44";"2021";"NON";"NON";"54381";"";"";"";"2021-10-06";"30495";""
"54382";"3199";"PLU";"COM";"2018-04-10 22:00:00+00:00";"2013-11-28 23:00:00+00:00";"39";"54";"44";"2021";"NON";"NON";"54382";"";"";"";"2021-10-06";"47106";""
"54383";"3199";"PLU";"COM";"2012-03-11 23:00:00+00:00";"2005-06-23 22:00:00+00:00";"39";"54";"44";"2021";"NON";"NON";"54383";"";"";"";"2021-10-06";"47114";""
"54385";"3199";"PLU";"COM";"2014-04-24 22:00:00+00:00";"2012-10-11 22:00:00+00:00";"39";"54";"44";"2021";"NON";"NON";"54385";"";"";"";"2021-10-06";"47117";""
"54387";"1199";"CC";"COM";"2015-12-10 23:00:00+00:00";"2013-11-13 23:00:00+00:00";"19";"54";"44";"2021";"NON";"NON";"54387";"";"";"";"2021-10-06";"126329";""
"54389";"3432";"PLU";"CC";"2011-11-27 23:00:00+00:00";"2006-10-29 23:00:00+00:00";"33";"54";"44";"2021";"NON";"NON";"200070845";"";"";"";"2021-10-06";"23028";""
"54390";"3199";"PLU";"COM";"2014-03-10 23:00:00+00:00";"2012-07-04 22:00:00+00:00";"39";"54";"44";"2021";"NON";"NON";"54390";"";"";"";"2021-10-06";"109572";""
"54391";"3432";"PLU";"CC";"2013-05-02 22:00:00+00:00";"2005-07-17 22:00:00+00:00";"33";"54";"44";"2021";"NON";"NON";"200070845";"";"";"";"2021-10-06";"47124";""
"54392";"3299";"PLUi/PLUiS";"CC";"2021-03-17 23:00:00+00:00";"2015-10-13 22:00:00+00:00";"39";"54";"44";"2021";"NON";"OUI";"245400510";"";"";"";"2021-10-06";"142043";""
"54393";"3299";"PLUi/PLUiS";"CC";"2020-06-14 22:00:00+00:00";"2017-06-28 22:00:00+00:00";"39";"54";"44";"2021";"NON";"OUI";"200070324";"";"";"";"2021-10-06";"157242";""
"54394";"3432";"PLU";"CC";"2016-05-31 22:00:00+00:00";"2011-04-10 22:00:00+00:00";"33";"54";"44";"2021";"NON";"NON";"200070290";"";"";"";"2021-10-06";"84904";""
"54395";"3432";"PLU";"MET";"2007-07-05 22:00:00+00:00";"2001-06-21 22:00:00+00:00";"33";"54";"44";"2021";"NON";"NON";"54395";"";"";"";"2021-10-06";"86623";""
"54396";"3199";"PLU";"COM";"2012-11-27 23:00:00+00:00";"2009-06-11 22:00:00+00:00";"39";"54";"44";"2021";"NON";"NON";"54396";"";"";"";"2021-10-06";"47139";""
"54397";"3432";"PLU";"CC";"2014-10-09 22:00:00+00:00";"2008-07-17 22:00:00+00:00";"33";"54";"44";"2021";"NON";"NON";"245400171";"";"";"";"2021-10-06";"47146";""
"54398";"1199";"CC";"COM";"2003-09-02 22:00:00+00:00";"2001-12-13 23:00:00+00:00";"19";"54";"44";"2021";"NON";"NON";"54398";"";"";"";"2021-10-06";"19614";""
"54400";"3399";"PLUi/PLUiS";"CC";"2020-05-12 22:00:00+00:00";"2015-12-14 23:00:00+00:00";"39";"54";"44";"2021";"OUI";"NON";"200070589";"";"";"";"2021-10-06";"146275";""
"54401";"1199";"CC";"COM";"2008-08-05 22:00:00+00:00";"2006-11-23 23:00:00+00:00";"19";"54";"44";"2021";"NON";"NON";"54401";"";"";"";"2021-10-06";"30496";""
"54402";"3432";"PLU";"CC";"2016-02-25 23:00:00+00:00";"2007-10-25 22:00:00+00:00";"33";"54";"44";"2021";"NON";"NON";"200070845";"";"";"";"2021-10-06";"47153";""
"54403";"3199";"PLU";"COM";"2020-02-27 23:00:00+00:00";"2014-06-26 22:00:00+00:00";"39";"54";"44";"2021";"NON";"NON";"54403";"";"";"";"2021-10-06";"130869";""
"54404";"3432";"PLU";"CC";"2018-09-26 22:00:00+00:00";"2014-06-22 22:00:00+00:00";"33";"54";"44";"2021";"NON";"NON";"200070563";"";"";"";"2021-10-06";"130870";""
"54405";"3299";"PLUi/PLUiS";"CC";"2021-03-17 23:00:00+00:00";"2015-10-13 22:00:00+00:00";"39";"54";"44";"2021";"NON";"OUI";"245400510";"";"";"";"2021-10-06";"142043";""
"54407";"1432";"CC";"CC";"2006-03-22 23:00:00+00:00";"2003-07-22 22:00:00+00:00";"13";"54";"44";"2021";"NON";"NON";"200035772";"";"";"";"2021-10-06";"14367";""
"54408";"3432";"PLU";"CC";"2009-07-07 22:00:00+00:00";"2005-07-25 22:00:00+00:00";"33";"54";"44";"2021";"NON";"NON";"200070845";"";"";"";"2021-10-06";"47169";""
"54409";"3432";"PLU";"CC";"2019-02-12 23:00:00+00:00";"2014-10-28 23:00:00+00:00";"33";"54";"44";"2021";"NON";"NON";"200035772";"";"";"";"2021-10-06";"133713";""
"54410";"1432";"CC";"CC";"2008-01-23 23:00:00+00:00";"2005-06-29 22:00:00+00:00";"13";"54";"44";"2021";"NON";"NON";"54410";"";"";"";"2021-10-06";"19621";""
"54414";"3432";"PLU";"CC";"2008-06-22 22:00:00+00:00";"2004-09-20 22:00:00+00:00";"33";"54";"44";"2021";"NON";"NON";"200070563";"";"";"";"2021-10-06";"47177";""
"54415";"3131";"PLU";"COM";"2013-06-25 22:00:00+00:00";"2004-08-25 22:00:00+00:00";"33";"54";"44";"2021";"NON";"NON";"54415";"";"";"";"2021-10-06";"47183";""
"54420";"1199";"CC";"COM";"2016-08-24 22:00:00+00:00";"2011-03-22 23:00:00+00:00";"19";"54";"44";"2021";"NON";"NON";"54420";"";"";"";"2021-10-06";"125577";""
"54422";"3299";"PLUi/PLUiS";"CC";"2020-06-14 22:00:00+00:00";"2017-06-28 22:00:00+00:00";"39";"54";"44";"2021";"NON";"OUI";"200070324";"";"";"";"2021-10-06";"157242";""
"54423";"3199";"PLU";"COM";"2011-09-29 22:00:00+00:00";"2008-05-15 22:00:00+00:00";"39";"54";"44";"2021";"NON";"NON";"54423";"";"";"";"2021-10-06";"47192";""
"54424";"3399";"PLUi/PLUiS";"CC";"2020-05-12 22:00:00+00:00";"2015-12-14 23:00:00+00:00";"39";"54";"44";"2021";"OUI";"NON";"200070589";"";"";"";"2021-10-06";"146275";""
"54425";"3432";"PLU";"CC";"2006-10-11 22:00:00+00:00";"2002-11-06 23:00:00+00:00";"33";"54";"44";"2021";"NON";"NON";"200070290";"";"";"";"2021-10-06";"47195";""
"54426";"3432";"PLU";"CC";"2012-11-20 23:00:00+00:00";"2001-12-16 23:00:00+00:00";"33";"54";"44";"2021";"NON";"NON";"200070563";"";"";"";"2021-10-06";"47197";""
"54428";"3199";"PLU";"COM";"2015-01-11 23:00:00+00:00";"2009-02-18 23:00:00+00:00";"39";"54";"44";"2021";"NON";"NON";"54428";"";"";"";"2021-10-06";"47208";""
"54429";"3432";"PLU";"CC";"2011-04-20 22:00:00+00:00";"2008-11-06 23:00:00+00:00";"33";"54";"44";"2021";"NON";"NON";"245400171";"";"";"";"2021-10-06";"47212";""
"54430";"3299";"PLUi/PLUiS";"CC";"2021-04-07 22:00:00+00:00";"2015-12-14 23:00:00+00:00";"39";"54";"44";"2021";"NON";"OUI";"245400601";"";"";"";"2021-10-06";"146276";""
"54431";"3199";"PLU";"COM";"2018-12-18 23:00:00+00:00";"2014-12-15 23:00:00+00:00";"39";"54";"44";"2021";"NON";"NON";"54431";"";"";"";"2021-10-06";"137043";""
"54432";"3432";"PLU";"CC";"2007-06-07 22:00:00+00:00";"2002-11-12 23:00:00+00:00";"33";"54";"44";"2021";"NON";"NON";"245400171";"";"";"";"2021-10-06";"47239";""
"54434";"1432";"CC";"CC";"2009-05-17 22:00:00+00:00";"2006-06-27 22:00:00+00:00";"13";"54";"44";"2021";"NON";"NON";"200035772";"";"";"";"2021-10-06";"18158";""
"54435";"3432";"PLU";"CC";"2008-02-07 23:00:00+00:00";"2004-02-05 23:00:00+00:00";"33";"54";"44";"2021";"NON";"NON";"54435";"";"";"";"2021-10-06";"47246";""
"54436";"1432";"CC";"CC";"2014-05-05 22:00:00+00:00";"2009-09-09 22:00:00+00:00";"13";"54";"44";"2021";"NON";"NON";"200070290";"";"";"";"2021-10-06";"47249";""
"54437";"3432";"PLU";"CC";"2020-01-29 23:00:00+00:00";"2015-02-26 23:00:00+00:00";"33";"54";"44";"2021";"NON";"NON";"245400171";"";"";"";"2021-10-06";"137435";""
"54438";"3299";"PLUi/PLUiS";"CC";"2021-03-17 23:00:00+00:00";"2015-10-13 22:00:00+00:00";"39";"54";"44";"2021";"NON";"OUI";"245400510";"";"";"";"2021-10-06";"142043";""
"54439";"3432";"PLU";"MET";"2007-07-05 22:00:00+00:00";"2005-12-15 23:00:00+00:00";"33";"54";"44";"2021";"NON";"NON";"54439";"";"";"";"2021-10-06";"47268";""
"54440";"3432";"PLU";"CC";"2010-10-17 22:00:00+00:00";"2008-06-15 22:00:00+00:00";"33";"54";"44";"2021";"NON";"NON";"200070845";"";"";"";"2021-10-06";"47269";""
"54441";"3432";"PLU";"CC";"2016-06-30 22:00:00+00:00";"2011-11-24 23:00:00+00:00";"33";"54";"44";"2021";"NON";"NON";"54441";"";"";"";"2021-10-06";"88959";""
"54442";"1432";"CC";"CC";"2010-03-02 23:00:00+00:00";"2009-11-30 23:00:00+00:00";"13";"54";"44";"2021";"NON";"NON";"200035772";"";"";"";"2021-10-06";"47270";""
"54443";"1432";"CC";"CA";"2006-07-02 22:00:00+00:00";"2005-02-25 23:00:00+00:00";"13";"54";"44";"2021";"NON";"NON";"200071066";"";"";"";"2021-10-06";"15298";""
"54444";"3399";"PLUi/PLUiS";"CC";"2020-05-12 22:00:00+00:00";"2015-12-14 23:00:00+00:00";"39";"54";"44";"2021";"OUI";"NON";"200070589";"";"";"";"2021-10-06";"146275";""
"54449";"3299";"PLUi/PLUiS";"CC";"2020-06-14 22:00:00+00:00";"2017-06-28 22:00:00+00:00";"39";"54";"44";"2021";"NON";"OUI";"200070324";"";"";"";"2021-10-06";"157242";""
"54450";"3299";"PLUi/PLUiS";"CC";"2020-06-14 22:00:00+00:00";"2017-06-28 22:00:00+00:00";"39";"54";"44";"2021";"NON";"OUI";"200070324";"";"";"";"2021-10-06";"157242";""
"54451";"3199";"PLU";"COM";"2012-04-03 22:00:00+00:00";"2003-03-30 22:00:00+00:00";"39";"54";"44";"2021";"NON";"NON";"54451";"";"";"";"2021-10-06";"47284";""
"54453";"3432";"PLU";"CC";"2006-12-14 23:00:00+00:00";"2002-12-05 23:00:00+00:00";"33";"54";"44";"2021";"NON";"NON";"54453";"";"";"";"2021-10-06";"47290";""
"54456";"3399";"PLUi/PLUiS";"CC";"2021-01-20 23:00:00+00:00";"2015-11-24 23:00:00+00:00";"39";"54";"44";"2021";"OUI";"NON";"200070589";"";"";"";"2021-10-06";"144090";""
"54458";"1199";"CC";"COM";"2011-08-03 22:00:00+00:00";"2007-07-19 22:00:00+00:00";"19";"54";"44";"2021";"NON";"NON";"54458";"";"";"";"2021-10-06";"30493";""
"54459";"3432";"PLU";"CC";"2014-03-02 23:00:00+00:00";"2008-12-14 23:00:00+00:00";"33";"54";"44";"2021";"NON";"NON";"245400171";"";"";"";"2021-10-06";"47302";""
"54460";"3199";"PLU";"COM";"2006-07-16 22:00:00+00:00";"2002-11-27 23:00:00+00:00";"39";"54";"44";"2021";"NON";"NON";"54460";"";"";"";"2021-10-06";"47303";""
"54462";"3199";"PLU";"COM";"2017-12-17 23:00:00+00:00";"2014-04-29 22:00:00+00:00";"39";"54";"44";"2021";"NON";"NON";"54462";"";"";"";"2021-10-06";"130093";""
"54463";"3199";"PLU";"COM";"2011-07-27 22:00:00+00:00";"2010-02-22 23:00:00+00:00";"39";"54";"44";"2021";"NON";"NON";"54463";"";"";"";"2021-10-06";"47315";""
"54464";"3399";"PLUi/PLUiS";"CC";"2020-05-12 22:00:00+00:00";"2015-12-14 23:00:00+00:00";"39";"54";"44";"2021";"OUI";"NON";"200070589";"";"";"";"2021-10-06";"146275";""
"54466";"3432";"PLU";"CC";"2013-06-25 22:00:00+00:00";"2007-06-27 22:00:00+00:00";"33";"54";"44";"2021";"NON";"NON";"200070563";"";"";"";"2021-10-06";"47320";""
"54468";"1199";"CC";"COM";"2003-01-26 23:00:00+00:00";"2001-06-19 22:00:00+00:00";"19";"54";"44";"2021";"NON";"NON";"54468";"";"";"";"2021-10-06";"19634";""
"54469";"3432";"PLU";"CC";"2016-06-16 22:00:00+00:00";"2013-06-06 22:00:00+00:00";"33";"54";"44";"2021";"NON";"NON";"200070845";"";"";"";"2021-10-06";"122358";""
"54472";"3299";"PLUi/PLUiS";"CC";"2020-06-14 22:00:00+00:00";"2017-06-28 22:00:00+00:00";"39";"54";"44";"2021";"NON";"OUI";"200070324";"";"";"";"2021-10-06";"157242";""
"54473";"1432";"CC";"CC";"2005-07-11 22:00:00+00:00";"2001-12-19 23:00:00+00:00";"13";"54";"44";"2021";"NON";"NON";"200035772";"";"";"";"2021-10-06";"19640";""
"54474";"3199";"PLU";"COM";"2015-02-08 23:00:00+00:00";"2013-11-05 23:00:00+00:00";"39";"54";"44";"2021";"NON";"NON";"54474";"";"";"";"2021-10-06";"125253";""
"54475";"1199";"CC";"COM";"2006-12-11 23:00:00+00:00";"2005-04-05 22:00:00+00:00";"19";"54";"44";"2021";"NON";"NON";"54475";"";"";"";"2021-10-06";"19641";""
"54476";"3199";"PLU";"COM";"2020-06-21 22:00:00+00:00";"2015-12-16 23:00:00+00:00";"39";"54";"44";"2021";"NON";"NON";"54476";"";"";"";"2021-10-06";"146270";""
"54477";"3432";"PLU";"CC";"2015-11-01 23:00:00+00:00";"2009-03-05 23:00:00+00:00";"33";"54";"44";"2021";"NON";"NON";"54477";"";"";"";"2021-10-06";"47337";""
"54481";"3199";"PLU";"COM";"2012-10-10 22:00:00+00:00";"2005-02-20 23:00:00+00:00";"39";"54";"44";"2021";"NON";"NON";"54481";"";"";"";"2021-10-06";"47339";""
"54482";"3432";"PLU";"MET";"2008-01-24 23:00:00+00:00";"2005-12-15 23:00:00+00:00";"33";"54";"44";"2021";"NON";"NON";"54482";"";"";"";"2021-10-06";"47342";""
"54483";"3199";"PLU";"COM";"2017-03-21 23:00:00+00:00";"2005-11-02 23:00:00+00:00";"39";"54";"44";"2021";"NON";"NON";"54483";"";"";"";"2021-10-06";"47358";""
"54485";"3199";"PLU";"COM";"2006-10-04 22:00:00+00:00";"2001-12-06 23:00:00+00:00";"39";"54";"44";"2021";"NON";"NON";"54485";"";"";"";"2021-10-06";"47361";""
"54486";"3432";"PLU";"CC";"2010-03-18 23:00:00+00:00";"2006-02-08 23:00:00+00:00";"33";"54";"44";"2021";"NON";"NON";"200035772";"";"";"";"2021-10-06";"47364";""
"54489";"3199";"PLU";"COM";"2014-12-15 23:00:00+00:00";"2008-09-17 22:00:00+00:00";"39";"54";"44";"2021";"NON";"NON";"54489";"";"";"";"2021-10-06";"47366";""
"54490";"3299";"PLUi/PLUiS";"CC";"2021-04-07 22:00:00+00:00";"2015-12-14 23:00:00+00:00";"39";"54";"44";"2021";"NON";"OUI";"245400601";"";"";"";"2021-10-06";"146276";""
"54491";"3432";"PLU";"CC";"2008-04-03 22:00:00+00:00";"1999-11-21 23:00:00+00:00";"33";"54";"44";"2021";"NON";"NON";"200070290";"";"";"";"2021-10-06";"47378";""
"54492";"3432";"PLU";"CC";"2014-01-16 23:00:00+00:00";"2012-08-02 22:00:00+00:00";"33";"54";"44";"2021";"NON";"NON";"200070563";"";"";"";"2021-10-06";"111391";""
"54494";"3299";"PLUi/PLUiS";"CC";"2021-03-17 23:00:00+00:00";"2015-10-13 22:00:00+00:00";"39";"54";"44";"2021";"NON";"OUI";"245400510";"";"";"";"2021-10-06";"142043";""
"54495";"3432";"PLU";"MET";"2011-01-27 23:00:00+00:00";"2001-06-21 22:00:00+00:00";"33";"54";"44";"2021";"NON";"NON";"54495";"";"";"";"2021-10-06";"47390";""
"54496";"3299";"PLUi/PLUiS";"CC";"2021-03-17 23:00:00+00:00";"2015-10-13 22:00:00+00:00";"39";"54";"44";"2021";"NON";"OUI";"245400510";"";"";"";"2021-10-06";"142043";""
"54497";"3432";"PLU";"CC";"2008-03-04 23:00:00+00:00";"2002-05-28 22:00:00+00:00";"33";"54";"44";"2021";"NON";"NON";"200035772";"";"";"";"2021-10-06";"47395";""
"54498";"3432";"PLU";"MET";"2007-06-28 22:00:00+00:00";"2005-12-15 23:00:00+00:00";"33";"54";"44";"2021";"NON";"NON";"54498";"";"";"";"2021-10-06";"47407";""
"54499";"3432";"PLU";"CC";"2008-02-27 23:00:00+00:00";"2003-01-29 23:00:00+00:00";"33";"54";"44";"2021";"NON";"NON";"54499";"";"";"";"2021-10-06";"47410";""
"54500";"3299";"PLUi/PLUiS";"CC";"2021-03-17 23:00:00+00:00";"2015-10-13 22:00:00+00:00";"39";"54";"44";"2021";"NON";"OUI";"245400510";"";"";"";"2021-10-06";"142043";""
"54502";"1199";"CC";"COM";"2010-07-25 22:00:00+00:00";"2007-08-26 22:00:00+00:00";"19";"54";"44";"2021";"NON";"NON";"54502";"";"";"";"2021-10-06";"47411";""
"54504";"3432";"PLU";"CC";"2008-05-29 22:00:00+00:00";"2005-07-06 22:00:00+00:00";"33";"54";"44";"2021";"NON";"NON";"200070290";"";"";"";"2021-10-06";"47412";""
"54505";"3432";"PLU";"CC";"2018-12-12 23:00:00+00:00";"2014-04-17 22:00:00+00:00";"33";"54";"44";"2021";"NON";"NON";"245400171";"";"";"";"2021-10-06";"129839";""
"54508";"3399";"PLUi/PLUiS";"CC";"2020-05-12 22:00:00+00:00";"2015-12-14 23:00:00+00:00";"39";"54";"44";"2021";"OUI";"NON";"200070589";"";"";"";"2021-10-06";"146275";""
"54509";"3199";"PLU";"COM";"2018-10-24 22:00:00+00:00";"2014-09-22 22:00:00+00:00";"39";"54";"44";"2021";"NON";"NON";"54509";"";"";"";"2021-10-06";"132341";""
"54510";"3399";"PLUi/PLUiS";"CC";"2021-01-20 23:00:00+00:00";"2015-11-24 23:00:00+00:00";"39";"54";"44";"2021";"OUI";"NON";"200070589";"";"";"";"2021-10-06";"144090";""
"54511";"3432";"PLU";"CC";"2012-12-19 23:00:00+00:00";"2008-08-06 22:00:00+00:00";"33";"54";"44";"2021";"NON";"NON";"54511";"";"";"";"2021-10-06";"47433";""
"54512";"1199";"CC";"COM";"2008-04-21 22:00:00+00:00";"2006-02-20 23:00:00+00:00";"19";"54";"44";"2021";"NON";"NON";"54512";"";"";"";"2021-10-06";"19649";""
"54513";"3432";"PLU";"CC";"2007-06-07 22:00:00+00:00";"2001-12-13 23:00:00+00:00";"33";"54";"44";"2021";"NON";"NON";"200035772";"";"";"";"2021-10-06";"47438";""
"54514";"3199";"PLU";"COM";"2008-02-21 23:00:00+00:00";"2004-12-02 23:00:00+00:00";"39";"54";"44";"2021";"NON";"NON";"54514";"";"";"";"2021-10-06";"47441";""
"54515";"3432";"PLU";"CC";"2018-07-04 22:00:00+00:00";"2014-07-01 22:00:00+00:00";"33";"54";"44";"2021";"NON";"NON";"245400171";"";"";"";"2021-10-06";"130873";""
"54517";"3399";"PLUi/PLUiS";"CC";"2020-05-12 22:00:00+00:00";"2015-12-14 23:00:00+00:00";"39";"54";"44";"2021";"OUI";"NON";"200070589";"";"";"";"2021-10-06";"146275";""
"54519";"3299";"PLUi/PLUiS";"CC";"2020-06-14 22:00:00+00:00";"2017-06-28 22:00:00+00:00";"39";"54";"44";"2021";"NON";"OUI";"200070324";"";"";"";"2021-10-06";"157242";""
"54520";"3299";"PLUi/PLUiS";"CC";"2020-06-14 22:00:00+00:00";"2017-06-28 22:00:00+00:00";"39";"54";"44";"2021";"NON";"OUI";"200070324";"";"";"";"2021-10-06";"157242";""
"54521";"3299";"PLUi/PLUiS";"CC";"2020-02-24 23:00:00+00:00";"2015-02-02 23:00:00+00:00";"39";"54";"44";"2021";"NON";"OUI";"245701404";"";"";"";"2021-10-06";"138132";""
"54523";"3299";"PLUi/PLUiS";"CC";"2021-03-17 23:00:00+00:00";"2015-10-13 22:00:00+00:00";"39";"54";"44";"2021";"NON";"OUI";"245400510";"";"";"";"2021-10-06";"142043";""
"54526";"3432";"PLU";"MET";"2007-11-22 23:00:00+00:00";"2001-06-21 22:00:00+00:00";"33";"54";"44";"2021";"NON";"NON";"54526";"";"";"";"2021-10-06";"47469";""
"54528";"3432";"PLU";"CC";"2007-12-05 23:00:00+00:00";"2004-09-28 22:00:00+00:00";"33";"54";"44";"2021";"NON";"NON";"200070563";"";"";"";"2021-10-06";"1159";""
"54529";"3299";"PLUi/PLUiS";"CC";"2021-03-17 23:00:00+00:00";"2015-10-13 22:00:00+00:00";"39";"54";"44";"2021";"NON";"OUI";"245400510";"";"";"";"2021-10-06";"142043";""
"54530";"3299";"PLUi/PLUiS";"CC";"2021-03-17 23:00:00+00:00";"2015-10-13 22:00:00+00:00";"39";"54";"44";"2021";"NON";"OUI";"245400510";"";"";"";"2021-10-06";"142043";""
"54531";"3299";"PLUi/PLUiS";"CC";"2021-03-17 23:00:00+00:00";"2015-10-13 22:00:00+00:00";"39";"54";"44";"2021";"NON";"OUI";"245400510";"";"";"";"2021-10-06";"142043";""
"54532";"3432";"PLU";"CC";"2018-09-26 22:00:00+00:00";"2014-11-06 23:00:00+00:00";"33";"54";"44";"2021";"NON";"NON";"200070563";"";"";"";"2021-10-06";"133677";""
"54533";"3432";"PLU";"CC";"2010-09-26 22:00:00+00:00";"2007-07-23 22:00:00+00:00";"33";"54";"44";"2021";"NON";"NON";"200070290";"";"";"";"2021-10-06";"87257";""
"54534";"3432";"PLU";"CC";"2008-02-28 23:00:00+00:00";"2003-03-06 23:00:00+00:00";"33";"54";"44";"2021";"NON";"NON";"200070563";"";"";"";"2021-10-06";"47490";""
"54536";"3432";"PLU";"CC";"2007-01-22 23:00:00+00:00";"2002-11-06 23:00:00+00:00";"33";"54";"44";"2021";"NON";"NON";"200070290";"";"";"";"2021-10-06";"47497";""
"54537";"3199";"PLU";"COM";"2015-11-23 23:00:00+00:00";"2013-04-03 22:00:00+00:00";"39";"54";"44";"2021";"NON";"NON";"54537";"";"";"";"2021-10-06";"121624";""
"54538";"3299";"PLUi/PLUiS";"CC";"2021-03-17 23:00:00+00:00";"2015-10-13 22:00:00+00:00";"39";"54";"44";"2021";"NON";"OUI";"245400510";"";"";"";"2021-10-06";"142043";""
"54539";"3299";"PLUi/PLUiS";"CC";"2020-06-14 22:00:00+00:00";"2017-06-28 22:00:00+00:00";"39";"54";"44";"2021";"NON";"OUI";"200070324";"";"";"";"2021-10-06";"157242";""
"54543";"3299";"PLUi/PLUiS";"CC";"2020-06-14 22:00:00+00:00";"2017-06-28 22:00:00+00:00";"39";"54";"44";"2021";"NON";"OUI";"200070324";"";"";"";"2021-10-06";"157242";""
"54545";"3299";"PLUi/PLUiS";"CC";"2021-03-17 23:00:00+00:00";"2015-10-13 22:00:00+00:00";"39";"54";"44";"2021";"NON";"OUI";"245400510";"";"";"";"2021-10-06";"142043";""
"54546";"3199";"PLU";"COM";"2011-02-10 23:00:00+00:00";"2005-09-01 22:00:00+00:00";"39";"54";"44";"2021";"NON";"NON";"54546";"";"";"";"2021-10-06";"47513";""
"54547";"3432";"PLU";"MET";"2007-12-19 23:00:00+00:00";"2001-10-18 22:00:00+00:00";"33";"54";"44";"2021";"NON";"NON";"54547";"";"";"";"2021-10-06";"1149";""
"54548";"3299";"PLUi/PLUiS";"CC";"2021-03-17 23:00:00+00:00";"2015-10-13 22:00:00+00:00";"39";"54";"44";"2021";"NON";"OUI";"245400510";"";"";"";"2021-10-06";"142043";""
"54550";"3299";"PLUi/PLUiS";"CC";"2020-06-14 22:00:00+00:00";"2017-06-28 22:00:00+00:00";"39";"54";"44";"2021";"NON";"OUI";"200070324";"";"";"";"2021-10-06";"157242";""
"54551";"3199";"PLU";"COM";"2008-10-09 22:00:00+00:00";"2005-07-03 22:00:00+00:00";"39";"54";"44";"2021";"NON";"NON";"54551";"";"";"";"2021-10-06";"47530";""
"54552";"3432";"PLU";"CC";"2002-11-11 23:00:00+00:00";"1999-06-17 22:00:00+00:00";"33";"54";"44";"2021";"NON";"NON";"200035772";"";"";"";"2021-10-06";"47531";""
"54553";"3432";"PLU";"CC";"2012-09-19 22:00:00+00:00";"2008-06-05 22:00:00+00:00";"33";"54";"44";"2021";"NON";"NON";"200035772";"";"";"";"2021-10-06";"47533";""
"54554";"3232";"PLUi/PLUiS";"CC";"2006-03-28 22:00:00+00:00";"2003-03-30 22:00:00+00:00";"33";"54";"44";"2021";"NON";"OUI";"200035772";"";"";"";"2021-10-06";"41163";""
"54555";"3299";"PLUi/PLUiS";"CC";"2020-06-14 22:00:00+00:00";"2017-06-28 22:00:00+00:00";"39";"54";"44";"2021";"NON";"OUI";"200070324";"";"";"";"2021-10-06";"157242";""
"54557";"3432";"PLU";"CC";"2012-04-05 22:00:00+00:00";"2008-10-30 23:00:00+00:00";"33";"54";"44";"2021";"NON";"NON";"200070563";"";"";"";"2021-10-06";"47421";""
"54558";"3399";"PLUi/PLUiS";"CC";"2021-01-20 23:00:00+00:00";"2015-11-24 23:00:00+00:00";"39";"54";"44";"2021";"OUI";"NON";"200070589";"";"";"";"2021-10-06";"144090";""
"54560";"3299";"PLUi/PLUiS";"CC";"2020-06-14 22:00:00+00:00";"2017-06-28 22:00:00+00:00";"39";"54";"44";"2021";"NON";"OUI";"200070324";"";"";"";"2021-10-06";"157242";""
"54563";"3432";"PLU";"CC";"2020-03-03 23:00:00+00:00";"2014-09-26 22:00:00+00:00";"33";"54";"44";"2021";"NON";"NON";"200035772";"";"";"";"2021-10-06";"132438";""
"54565";"3199";"PLU";"COM";"2017-12-13 23:00:00+00:00";"2014-07-10 22:00:00+00:00";"39";"54";"44";"2021";"NON";"NON";"54565";"";"";"";"2021-10-06";"130971";""
"54567";"1199";"CC";"COM";"2007-04-17 22:00:00+00:00";"2005-03-17 23:00:00+00:00";"19";"54";"44";"2021";"NON";"NON";"54567";"";"";"";"2021-10-06";"19654";""
"54572";"3199";"PLU";"COM";"2006-11-09 23:00:00+00:00";"2003-08-10 22:00:00+00:00";"39";"54";"44";"2021";"NON";"NON";"54572";"";"";"";"2021-10-06";"47573";""
"54573";"3199";"PLU";"COM";"2010-02-25 23:00:00+00:00";"2002-09-30 22:00:00+00:00";"39";"54";"44";"2021";"NON";"NON";"54573";"";"";"";"2021-10-06";"47575";""
"54574";"3199";"PLU";"COM";"2017-09-26 22:00:00+00:00";"2013-02-12 23:00:00+00:00";"39";"54";"44";"2021";"NON";"NON";"54574";"";"";"";"2021-10-06";"120823";""
"54575";"3131";"PLU";"COM";"2009-12-17 23:00:00+00:00";"2005-06-23 22:00:00+00:00";"33";"54";"44";"2021";"NON";"NON";"54575";"";"";"";"2021-10-06";"47588";""
"54576";"3199";"PLU";"COM";"2011-06-16 22:00:00+00:00";"2008-10-28 23:00:00+00:00";"39";"54";"44";"2021";"NON";"NON";"54576";"";"";"";"2021-10-06";"89368";""
"54577";"3499";"PLU";"CC";"2017-09-19 22:00:00+00:00";"2015-07-05 22:00:00+00:00";"39";"54";"44";"2021";"NON";"NON";"200070589";"";"";"";"2021-10-06";"139867";""
"54578";"3432";"PLU";"MET";"2008-01-24 23:00:00+00:00";"2001-10-18 22:00:00+00:00";"33";"54";"44";"2021";"NON";"NON";"54578";"";"";"";"2021-10-06";"1163";""
"54579";"3199";"PLU";"COM";"2006-08-20 22:00:00+00:00";"2003-01-05 23:00:00+00:00";"39";"54";"44";"2021";"NON";"NON";"54579";"";"";"";"2021-10-06";"47617";""
"54580";"3299";"PLUi/PLUiS";"CC";"2020-02-24 23:00:00+00:00";"2015-02-02 23:00:00+00:00";"39";"54";"44";"2021";"NON";"OUI";"245701404";"";"";"";"2021-10-06";"138132";""
"54581";"3432";"PLU";"CC";"2013-02-14 23:00:00+00:00";"2006-09-19 22:00:00+00:00";"33";"54";"44";"2021";"NON";"NON";"200070845";"";"";"";"2021-10-06";"47629";""
"54584";"3432";"PLU";"CC";"2013-06-03 22:00:00+00:00";"2010-05-03 22:00:00+00:00";"33";"54";"44";"2021";"NON";"NON";"200070563";"";"";"";"2021-10-06";"47640";""
"54585";"3199";"PLU";"COM";"2021-01-27 23:00:00+00:00";"2015-09-06 22:00:00+00:00";"39";"54";"44";"2021";"NON";"NON";"54585";"";"";"";"2021-10-06";"141165";""
"54586";"3432";"PLU";"CC";"2020-10-14 22:00:00+00:00";"2012-10-24 22:00:00+00:00";"33";"54";"44";"2021";"NON";"NON";"245400171";"";"";"";"2021-10-06";"113927";""
"54587";"1432";"CC";"CC";"2005-11-16 23:00:00+00:00";"2002-11-20 23:00:00+00:00";"13";"54";"44";"2021";"NON";"NON";"200035772";"";"";"";"2021-10-06";"19662";""
"54588";"3299";"PLUi/PLUiS";"CC";"2020-06-14 22:00:00+00:00";"2017-06-28 22:00:00+00:00";"39";"54";"44";"2021";"NON";"OUI";"200070324";"";"";"";"2021-10-06";"157242";""
"54589";"3199";"PLU";"COM";"2011-12-12 23:00:00+00:00";"2002-07-14 22:00:00+00:00";"39";"54";"44";"2021";"NON";"NON";"54589";"";"";"";"2021-10-06";"47647";""
"54590";"1111";"CC";"COM";"2012-10-23 22:00:00+00:00";"2010-04-08 22:00:00+00:00";"11";"54";"44";"2021";"NON";"NON";"54590";"";"";"";"2021-10-06";"47648";""
"54591";"3432";"PLU";"CC";"2012-07-01 22:00:00+00:00";"2008-09-29 22:00:00+00:00";"33";"54";"44";"2021";"NON";"NON";"200035772";"";"";"";"2021-10-06";"47655";""
"54592";"1432";"CC";"CC";"2006-05-02 22:00:00+00:00";"2004-02-15 23:00:00+00:00";"13";"54";"44";"2021";"NON";"NON";"200035772";"";"";"";"2021-10-06";"19663";""
"54593";"3432";"PLU";"CC";"2018-11-21 23:00:00+00:00";"2011-03-20 23:00:00+00:00";"33";"54";"44";"2021";"NON";"NON";"54593";"";"";"";"2021-10-06";"47656";""
"54594";"3432";"PLU";"CC";"2009-12-17 23:00:00+00:00";"2003-12-12 23:00:00+00:00";"33";"54";"44";"2021";"NON";"NON";"54594";"";"";"";"2021-10-06";"47657";""
"54595";"3299";"PLUi/PLUiS";"CC";"2020-06-14 22:00:00+00:00";"2017-06-28 22:00:00+00:00";"39";"54";"44";"2021";"NON";"OUI";"200070324";"";"";"";"2021-10-06";"157242";""
"54596";"3432";"PLU";"CC";"2009-01-28 23:00:00+00:00";"2002-12-05 23:00:00+00:00";"33";"54";"44";"2021";"NON";"NON";"245400171";"";"";"";"2021-10-06";"47667";""
"54597";"3432";"PLU";"CC";"2014-03-02 23:00:00+00:00";"2011-05-30 22:00:00+00:00";"33";"54";"44";"2021";"NON";"NON";"200035772";"";"";"";"2021-10-06";"89376";""
"54598";"1432";"CC";"CC";"2006-02-21 23:00:00+00:00";"2003-05-05 22:00:00+00:00";"13";"54";"44";"2021";"NON";"NON";"200070290";"";"";"";"2021-10-06";"14356";""
"54599";"3432";"PLU";"CC";"2011-03-27 22:00:00+00:00";"2007-12-26 23:00:00+00:00";"33";"54";"44";"2021";"NON";"NON";"54599";"";"";"";"2021-10-06";"47675";""
"54600";"3199";"PLU";"COM";"2018-02-18 23:00:00+00:00";"2014-08-17 22:00:00+00:00";"39";"54";"44";"2021";"NON";"NON";"54600";"";"";"";"2021-10-06";"131921";""
"55001";"1433";"CC";"CC";"2008-06-02 22:00:00+00:00";"2006-03-07 23:00:00+00:00";"13";"55";"44";"2021";"NON";"NON";"55001";"";"";"";"2021-10-06";"64920";""
"55009";"3199";"PLU";"COM";"2006-03-30 22:00:00+00:00";"2000-07-20 22:00:00+00:00";"39";"55";"44";"2021";"NON";"NON";"55009";"";"";"";"2021-10-06";"53602";""
"55011";"3432";"PLU";"CC";"2006-06-29 22:00:00+00:00";"2003-06-26 22:00:00+00:00";"33";"55";"44";"2021";"NON";"NON";"55011";"";"";"";"2021-10-06";"53603";""
"55013";"3199";"PLU";"COM";"2014-03-19 23:00:00+00:00";"2005-01-26 23:00:00+00:00";"39";"55";"44";"2021";"NON";"NON";"55013";"";"";"";"2021-10-06";"62724";""
"55014";"1199";"CC";"COM";"2007-10-10 22:00:00+00:00";"2005-11-27 23:00:00+00:00";"19";"55";"44";"2021";"NON";"NON";"55014";"";"";"";"2021-10-06";"69649";""
"55017";"3432";"PLU";"CC";"2017-03-27 22:00:00+00:00";"2010-03-22 23:00:00+00:00";"33";"55";"44";"2021";"NON";"NON";"200066140";"";"";"";"2021-10-06";"65175";""
"55024";"1199";"CC";"COM";"2013-06-19 22:00:00+00:00";"2010-06-29 22:00:00+00:00";"19";"55";"44";"2021";"NON";"NON";"55024";"";"";"";"2021-10-06";"67050";""
"55025";"3432";"PLU";"CC";"2013-06-12 22:00:00+00:00";"2009-12-10 23:00:00+00:00";"33";"55";"44";"2021";"NON";"NON";"55025";"";"";"";"2021-10-06";"62725";""
"55029";"3432";"PLU";"CA";"2006-09-27 22:00:00+00:00";"2005-02-02 23:00:00+00:00";"33";"55";"44";"2021";"NON";"NON";"200033025";"";"";"";"2021-10-06";"401";""
"55032";"1432";"CC";"CC";"2007-07-18 22:00:00+00:00";"2005-03-24 23:00:00+00:00";"13";"55";"44";"2021";"NON";"NON";"200066140";"";"";"";"2021-10-06";"69650";""
"55035";"1433";"CC";"CC";"2010-05-10 22:00:00+00:00";"2007-01-16 23:00:00+00:00";"13";"55";"44";"2021";"NON";"NON";"55035";"";"";"";"2021-10-06";"69656";""
"55038";"1432";"CC";"CC";"2020-12-16 23:00:00+00:00";"2018-06-25 22:00:00+00:00";"13";"55";"44";"2021";"NON";"NON";"200066140";"";"";"";"2021-10-06";"163626";""
"55040";"1432";"CC";"CC";"2009-07-22 22:00:00+00:00";"2006-12-10 23:00:00+00:00";"13";"55";"44";"2021";"NON";"NON";"200066140";"";"";"";"2021-10-06";"69651";""
"55042";"3432";"PLU";"CA";"2007-12-13 23:00:00+00:00";"2005-01-16 23:00:00+00:00";"33";"55";"44";"2021";"NON";"NON";"55042";"";"";"";"2021-10-06";"53604";""
"55043";"3432";"PLU";"CA";"2015-10-14 22:00:00+00:00";"2009-05-27 22:00:00+00:00";"33";"55";"44";"2021";"NON";"NON";"55043";"";"";"";"2021-10-06";"62728";""
"55044";"3432";"PLU";"CC";"2013-06-19 22:00:00+00:00";"2009-06-25 22:00:00+00:00";"33";"55";"44";"2021";"NON";"NON";"200066140";"";"";"";"2021-10-06";"49696";""
"55045";"3131";"PLU";"COM";"2010-04-01 22:00:00+00:00";"2005-09-01 22:00:00+00:00";"33";"55";"44";"2021";"NON";"NON";"55045";"";"";"";"2021-10-06";"53607";""
"55047";"3332";"PLUi/PLUiS";"CA";"2007-11-04 23:00:00+00:00";"2002-07-28 22:00:00+00:00";"33";"55";"44";"2021";"OUI";"NON";"55047";"";"";"";"2021-10-06";"48225";""
"55049";"3432";"PLU";"CA";"2020-02-27 23:00:00+00:00";"2015-09-30 22:00:00+00:00";"33";"55";"44";"2021";"NON";"NON";"55049";"";"";"";"2021-10-06";"141431";""
"55051";"3399";"PLUi/PLUiS";"CC";"2019-02-25 23:00:00+00:00";"2009-11-18 23:00:00+00:00";"39";"55";"44";"2021";"OUI";"NON";"55051";"";"";"";"2021-10-06";"49697";""
"55053";"1199";"CC";"COM";"2010-04-20 22:00:00+00:00";"2007-09-23 22:00:00+00:00";"19";"55";"44";"2021";"NON";"NON";"55053";"";"";"";"2021-10-06";"69652";""
"55054";"1199";"CC";"COM";"2005-11-30 23:00:00+00:00";"2003-09-25 22:00:00+00:00";"19";"55";"44";"2021";"NON";"NON";"55054";"";"";"";"2021-10-06";"69653";""
"55058";"3199";"PLU";"COM";"2009-09-07 22:00:00+00:00";"2006-10-11 22:00:00+00:00";"39";"55";"44";"2021";"NON";"NON";"200066157";"";"";"";"2021-10-06";"53609";""
"55060";"3199";"PLU";"COM";"2014-02-18 23:00:00+00:00";"2007-01-30 23:00:00+00:00";"39";"55";"44";"2021";"NON";"NON";"55060";"";"";"";"2021-10-06";"62729";""
"55061";"3399";"PLUi/PLUiS";"CC";"2019-02-25 23:00:00+00:00";"2009-11-18 23:00:00+00:00";"39";"55";"44";"2021";"OUI";"NON";"55061";"";"";"";"2021-10-06";"49697";""
"55063";"3432";"PLU";"CC";"2010-06-07 22:00:00+00:00";"1997-06-17 22:00:00+00:00";"33";"55";"44";"2021";"NON";"NON";"55063";"";"";"";"2021-10-06";"103241";""
"55064";"1432";"CC";"CC";"2007-07-18 22:00:00+00:00";"2005-03-24 23:00:00+00:00";"13";"55";"44";"2021";"NON";"NON";"200066140";"";"";"";"2021-10-06";"69654";""
"55068";"1199";"CC";"COM";"2007-07-09 22:00:00+00:00";"2005-03-29 22:00:00+00:00";"19";"55";"44";"2021";"NON";"NON";"55068";"";"";"";"2021-10-06";"93817";""
"55069";"1432";"CC";"CC";"2008-08-20 22:00:00+00:00";"2006-10-07 22:00:00+00:00";"13";"55";"44";"2021";"NON";"NON";"55069";"";"";"";"2021-10-06";"69655";""
"55070";"1199";"CC";"COM";"2014-12-14 23:00:00+00:00";"2010-04-13 22:00:00+00:00";"19";"55";"44";"2021";"NON";"NON";"55070";"";"";"";"2021-10-06";"67053";""
"55071";"1199";"CC";"COM";"2013-06-19 22:00:00+00:00";"2004-12-05 23:00:00+00:00";"19";"55";"44";"2021";"NON";"NON";"55071";"";"";"";"2021-10-06";"66621";""
"55073";"3432";"PLU";"CA";"2015-09-17 22:00:00+00:00";"2008-10-23 22:00:00+00:00";"33";"55";"44";"2021";"NON";"NON";"55073";"";"";"";"2021-10-06";"79613";""
"55075";"3399";"PLUi/PLUiS";"CC";"2019-02-25 23:00:00+00:00";"2009-11-18 23:00:00+00:00";"39";"55";"44";"2021";"OUI";"NON";"55075";"";"";"";"2021-10-06";"49697";""
"55077";"1199";"CC";"COM";"2006-12-28 23:00:00+00:00";"2003-02-04 23:00:00+00:00";"19";"55";"44";"2021";"NON";"NON";"55077";"";"";"";"2021-10-06";"69657";""
"55085";"1499";"CC";"CC";"2014-04-06 22:00:00+00:00";"2012-03-01 23:00:00+00:00";"19";"55";"44";"2021";"NON";"NON";"200034874";"";"";"";"2021-10-06";"104432";""
"55087";"3399";"PLUi/PLUiS";"CC";"2019-02-25 23:00:00+00:00";"2009-11-18 23:00:00+00:00";"39";"55";"44";"2021";"OUI";"NON";"55087";"";"";"";"2021-10-06";"49697";""
"55093";"3499";"PLU";"CC";"2018-04-02 22:00:00+00:00";"2014-06-29 22:00:00+00:00";"39";"55";"44";"2021";"NON";"NON";"55093";"";"";"";"2021-10-06";"131366";""
"55094";"1499";"CC";"CC";"2006-08-23 22:00:00+00:00";"2003-11-23 23:00:00+00:00";"19";"55";"44";"2021";"NON";"NON";"55094";"";"";"";"2021-10-06";"69658";""
"55095";"1432";"CC";"CC";"2006-08-23 22:00:00+00:00";"2004-06-22 22:00:00+00:00";"13";"55";"44";"2021";"NON";"NON";"55095";"";"";"";"2021-10-06";"69659";""
"55097";"3199";"PLU";"COM";"2019-11-14 23:00:00+00:00";"2015-09-24 22:00:00+00:00";"39";"55";"44";"2021";"NON";"NON";"200066157";"";"";"";"2021-10-06";"141770";""
"55099";"1432";"CC";"CA";"2005-05-02 22:00:00+00:00";"2001-09-07 22:00:00+00:00";"13";"55";"44";"2021";"NON";"NON";"55099";"";"";"";"2021-10-06";"69660";""
"55101";"1432";"CC";"CA";"2012-08-05 22:00:00+00:00";"2008-12-04 23:00:00+00:00";"13";"55";"44";"2021";"NON";"NON";"55101";"";"";"";"2021-10-06";"67057";""
"55102";"3432";"PLU";"CA";"2008-01-24 23:00:00+00:00";"2004-12-14 23:00:00+00:00";"33";"55";"44";"2021";"NON";"NON";"55102";"";"";"";"2021-10-06";"53610";""
"55104";"1433";"CC";"CC";"2009-06-24 22:00:00+00:00";"2008-05-22 22:00:00+00:00";"13";"55";"44";"2021";"NON";"NON";"55104";"";"";"";"2021-10-06";"64839";""
"55105";"1499";"CC";"CC";"2007-04-11 22:00:00+00:00";"2005-11-17 23:00:00+00:00";"19";"55";"44";"2021";"NON";"NON";"55105";"";"";"";"2021-10-06";"69661";""
"55109";"3199";"PLU";"COM";"2019-02-25 23:00:00+00:00";"2014-11-27 23:00:00+00:00";"39";"55";"44";"2021";"NON";"NON";"55109";"";"";"";"2021-10-06";"134420";""
"55111";"3199";"PLU";"COM";"2011-02-16 23:00:00+00:00";"2007-01-10 23:00:00+00:00";"39";"55";"44";"2021";"NON";"NON";"55111";"";"";"";"2021-10-06";"62730";""
"55113";"1199";"CC";"COM";"2016-03-10 23:00:00+00:00";"2013-07-10 22:00:00+00:00";"19";"55";"44";"2021";"NON";"NON";"55113";"";"";"";"2021-10-06";"134120";""
"55114";"1199";"CC";"COM";"2004-01-13 23:00:00+00:00";"2002-12-12 23:00:00+00:00";"19";"55";"44";"2021";"NON";"NON";"200066157";"";"";"";"2021-10-06";"65489";""
"55116";"1199";"CC";"COM";"2009-01-13 23:00:00+00:00";"2001-11-29 23:00:00+00:00";"19";"55";"44";"2021";"NON";"NON";"55116";"";"";"";"2021-10-06";"68402";""
"55117";"3199";"PLU";"COM";"2017-11-13 23:00:00+00:00";"2005-06-14 22:00:00+00:00";"39";"55";"44";"2021";"NON";"NON";"55117";"";"";"";"2021-10-06";"80060";""
"55121";"1199";"CC";"COM";"2004-10-18 22:00:00+00:00";"2002-03-03 23:00:00+00:00";"19";"55";"44";"2021";"NON";"NON";"55121";"";"";"";"2021-10-06";"69662";""
"55122";"3199";"PLU";"COM";"2021-03-21 23:00:00+00:00";"2016-06-26 22:00:00+00:00";"39";"55";"44";"2021";"NON";"NON";"200066157";"";"";"";"2021-10-06";"150059";""
"55123";"1432";"CC";"CC";"2010-11-16 23:00:00+00:00";"2006-03-20 23:00:00+00:00";"13";"55";"44";"2021";"NON";"NON";"200066140";"";"";"";"2021-10-06";"69670";""
"55124";"3199";"PLU";"COM";"2013-06-26 22:00:00+00:00";"2008-07-03 22:00:00+00:00";"39";"55";"44";"2021";"NON";"NON";"55124";"";"";"";"2021-10-06";"49700";""
"55125";"3432";"PLU";"CC";"2019-06-12 22:00:00+00:00";"2015-11-30 23:00:00+00:00";"33";"55";"44";"2021";"NON";"NON";"55125";"";"";"";"2021-10-06";"142926";""
"55127";"1432";"CC";"CC";"2017-09-12 22:00:00+00:00";"2008-12-18 23:00:00+00:00";"13";"55";"44";"2021";"NON";"NON";"200066140";"";"";"";"2021-10-06";"67058";""
"55133";"3399";"PLUi/PLUiS";"CC";"2019-02-25 23:00:00+00:00";"2009-11-18 23:00:00+00:00";"39";"55";"44";"2021";"OUI";"NON";"55133";"";"";"";"2021-10-06";"49697";""
"55138";"1432";"CC";"CA";"2007-12-05 23:00:00+00:00";"2005-03-13 23:00:00+00:00";"13";"55";"44";"2021";"NON";"NON";"200033025";"";"";"";"2021-10-06";"137866";""
"55144";"3399";"PLUi/PLUiS";"CC";"2019-02-25 23:00:00+00:00";"2009-11-18 23:00:00+00:00";"39";"55";"44";"2021";"OUI";"NON";"55144";"";"";"";"2021-10-06";"49697";""
"55145";"3131";"PLU";"COM";"2006-04-24 22:00:00+00:00";"2002-10-23 22:00:00+00:00";"33";"55";"44";"2021";"NON";"NON";"55145";"";"";"";"2021-10-06";"53612";""
"55153";"1499";"CC";"CC";"2014-03-10 23:00:00+00:00";"2011-04-28 22:00:00+00:00";"19";"55";"44";"2021";"NON";"NON";"55153";"";"";"";"2021-10-06";"80934";""
"55154";"3199";"PLU";"COM";"2010-07-08 22:00:00+00:00";"2005-11-16 23:00:00+00:00";"39";"55";"44";"2021";"NON";"NON";"55154";"";"";"";"2021-10-06";"53613";""
"55155";"1199";"CC";"COM";"2010-12-19 23:00:00+00:00";"2006-09-28 22:00:00+00:00";"19";"55";"44";"2021";"NON";"NON";"55155";"";"";"";"2021-10-06";"69663";""
"55158";"3199";"PLU";"COM";"2015-09-24 22:00:00+00:00";"2012-02-28 23:00:00+00:00";"39";"55";"44";"2021";"NON";"NON";"55158";"";"";"";"2021-10-06";"110905";""
"55159";"1199";"CC";"COM";"2005-03-03 23:00:00+00:00";"2002-11-13 23:00:00+00:00";"19";"55";"44";"2021";"NON";"NON";"55159";"";"";"";"2021-10-06";"69664";""
"55166";"3199";"PLU";"COM";"2004-11-28 23:00:00+00:00";"2001-06-25 22:00:00+00:00";"39";"55";"44";"2021";"NON";"NON";"55166";"";"";"";"2021-10-06";"53614";""
"55167";"3432";"PLU";"CC";"2006-05-02 22:00:00+00:00";"2001-07-09 22:00:00+00:00";"33";"55";"44";"2021";"NON";"NON";"55167";"";"";"";"2021-10-06";"53615";""
"55170";"1199";"CC";"COM";"2012-11-13 23:00:00+00:00";"2009-09-03 22:00:00+00:00";"19";"55";"44";"2021";"NON";"NON";"55170";"";"";"";"2021-10-06";"67061";""
"55171";"1499";"CC";"CC";"2004-08-30 22:00:00+00:00";"2001-10-11 22:00:00+00:00";"19";"55";"44";"2021";"NON";"NON";"55171";"";"";"";"2021-10-06";"69665";""
"55175";"1432";"CC";"CC";"2008-06-02 22:00:00+00:00";"2005-03-24 23:00:00+00:00";"13";"55";"44";"2021";"NON";"NON";"200066140";"";"";"";"2021-10-06";"69666";""
"55178";"1432";"CC";"CC";"2006-11-05 23:00:00+00:00";"2004-03-29 22:00:00+00:00";"13";"55";"44";"2021";"NON";"NON";"200066140";"";"";"";"2021-10-06";"69667";""
"55180";"1199";"CC";"COM";"2010-08-02 22:00:00+00:00";"2007-07-05 22:00:00+00:00";"19";"55";"44";"2021";"NON";"NON";"55180";"";"";"";"2021-10-06";"69671";""
"55181";"3434";"PLU";"CC";"2006-12-17 23:00:00+00:00";"2003-10-23 22:00:00+00:00";"33";"55";"44";"2021";"NON";"NON";"55181";"";"";"";"2021-10-06";"53616";""
"55182";"1199";"CC";"COM";"2012-08-05 22:00:00+00:00";"2011-11-28 23:00:00+00:00";"19";"55";"44";"2021";"NON";"NON";"55182";"";"";"";"2021-10-06";"91544";""
"55183";"1199";"CC";"COM";"2012-12-05 23:00:00+00:00";"2009-09-10 22:00:00+00:00";"19";"55";"44";"2021";"NON";"NON";"55183";"";"";"";"2021-10-06";"67062";""
"55184";"3199";"PLU";"COM";"2005-11-01 23:00:00+00:00";"2000-10-29 23:00:00+00:00";"39";"55";"44";"2021";"NON";"NON";"200066157";"";"";"";"2021-10-06";"53617";""
"55188";"1199";"CC";"COM";"2013-03-10 23:00:00+00:00";"2010-10-27 22:00:00+00:00";"19";"55";"44";"2021";"NON";"NON";"55188";"";"";"";"2021-10-06";"66622";""
"55191";"1499";"CC";"CC";"2008-04-16 22:00:00+00:00";"2007-03-22 23:00:00+00:00";"19";"55";"44";"2021";"NON";"NON";"55191";"";"";"";"2021-10-06";"69672";""
"55195";"3399";"PLUi/PLUiS";"CC";"2019-02-25 23:00:00+00:00";"2009-11-18 23:00:00+00:00";"39";"55";"44";"2021";"OUI";"NON";"55195";"";"";"";"2021-10-06";"49697";""
"55197";"1432";"CC";"CC";"2007-07-18 22:00:00+00:00";"2005-03-24 23:00:00+00:00";"13";"55";"44";"2021";"NON";"NON";"200066140";"";"";"";"2021-10-06";"69673";""
"55198";"3131";"PLU";"COM";"2006-05-08 22:00:00+00:00";"1999-06-06 22:00:00+00:00";"33";"55";"44";"2021";"NON";"NON";"55198";"";"";"";"2021-10-06";"53619";""
"55200";"3432";"PLU";"CA";"2016-10-10 22:00:00+00:00";"2007-12-13 23:00:00+00:00";"33";"55";"44";"2021";"NON";"NON";"55200";"";"";"";"2021-10-06";"62737";""
"55202";"1199";"CC";"COM";"2009-12-13 23:00:00+00:00";"2005-04-14 22:00:00+00:00";"19";"55";"44";"2021";"NON";"NON";"55202";"";"";"";"2021-10-06";"69674";""
"55204";"1199";"CC";"COM";"2010-06-02 22:00:00+00:00";"2006-02-16 23:00:00+00:00";"19";"55";"44";"2021";"NON";"NON";"55204";"";"";"";"2021-10-06";"69692";""
"55206";"1199";"CC";"COM";"2012-01-17 23:00:00+00:00";"2007-06-27 22:00:00+00:00";"19";"55";"44";"2021";"NON";"NON";"55206";"";"";"";"2021-10-06";"66623";""
"55207";"1432";"CC";"CC";"2020-02-20 23:00:00+00:00";"2017-03-20 23:00:00+00:00";"13";"55";"44";"2021";"NON";"NON";"200066140";"";"";"";"2021-10-06";"156574";""
"55210";"1432";"CC";"CC";"2009-08-16 22:00:00+00:00";"2006-12-14 23:00:00+00:00";"13";"55";"44";"2021";"NON";"NON";"200066140";"";"";"";"2021-10-06";"69675";""
"55214";"3432";"PLU";"CA";"2010-02-24 23:00:00+00:00";"2007-03-21 23:00:00+00:00";"33";"55";"44";"2021";"NON";"NON";"55214";"";"";"";"2021-10-06";"53620";""
"55215";"3433";"PLU";"CC";"2013-06-23 22:00:00+00:00";"2008-12-17 23:00:00+00:00";"33";"55";"44";"2021";"NON";"NON";"55215";"";"";"";"2021-10-06";"49707";""
"55219";"1499";"CC";"CC";"2006-11-16 23:00:00+00:00";"2004-08-22 22:00:00+00:00";"19";"55";"44";"2021";"NON";"NON";"55219";"";"";"";"2021-10-06";"69676";""
"55221";"3432";"PLU";"CA";"2013-05-22 22:00:00+00:00";"2009-03-02 23:00:00+00:00";"33";"55";"44";"2021";"NON";"NON";"55221";"";"";"";"2021-10-06";"50318";""
"55224";"3433";"PLU";"CC";"2011-10-06 22:00:00+00:00";"2007-07-05 22:00:00+00:00";"33";"55";"44";"2021";"NON";"NON";"55224";"";"";"";"2021-10-06";"62738";""
"55226";"3199";"PLU";"COM";"2014-06-22 22:00:00+00:00";"2010-02-04 23:00:00+00:00";"39";"55";"44";"2021";"NON";"NON";"55226";"";"";"";"2021-10-06";"49812";""
"55228";"3199";"PLU";"COM";"2015-11-12 23:00:00+00:00";"2011-06-16 22:00:00+00:00";"39";"55";"44";"2021";"NON";"NON";"55228";"";"";"";"2021-10-06";"62739";""
"55229";"1199";"CC";"COM";"2006-01-11 23:00:00+00:00";"2001-09-11 22:00:00+00:00";"19";"55";"44";"2021";"NON";"NON";"55229";"";"";"";"2021-10-06";"69677";""
"55232";"1199";"CC";"COM";"2008-06-02 22:00:00+00:00";"2006-01-16 23:00:00+00:00";"19";"55";"44";"2021";"NON";"NON";"55232";"";"";"";"2021-10-06";"69734";""
"55236";"3332";"PLUi/PLUiS";"CA";"2007-11-04 23:00:00+00:00";"2002-07-28 22:00:00+00:00";"33";"55";"44";"2021";"OUI";"NON";"55236";"";"";"";"2021-10-06";"48225";""
"55241";"1111";"CC";"COM";"2007-07-25 22:00:00+00:00";"2004-04-09 22:00:00+00:00";"11";"55";"44";"2021";"NON";"NON";"55241";"";"";"";"2021-10-06";"69678";""
"55243";"1199";"CC";"COM";"2006-07-30 22:00:00+00:00";"2005-12-04 23:00:00+00:00";"19";"55";"44";"2021";"NON";"NON";"55243";"";"";"";"2021-10-06";"82520";""
"55245";"3499";"PLU";"CC";"2012-01-11 23:00:00+00:00";"2009-07-10 22:00:00+00:00";"39";"55";"44";"2021";"NON";"NON";"55245";"";"";"";"2021-10-06";"82553";""
"55246";"3399";"PLUi/PLUiS";"CC";"2019-02-25 23:00:00+00:00";"2009-11-18 23:00:00+00:00";"39";"55";"44";"2021";"OUI";"NON";"55246";"";"";"";"2021-10-06";"49697";""
"55248";"1433";"CC";"CC";"2009-01-26 23:00:00+00:00";"2006-12-14 23:00:00+00:00";"13";"55";"44";"2021";"NON";"NON";"55248";"";"";"";"2021-10-06";"64933";""
"55251";"3432";"PLU";"CC";"2017-04-05 22:00:00+00:00";"2010-01-22 23:00:00+00:00";"33";"55";"44";"2021";"NON";"NON";"200066140";"";"";"";"2021-10-06";"50321";""
"55252";"1199";"CC";"COM";"2005-07-03 22:00:00+00:00";"2002-10-09 22:00:00+00:00";"19";"55";"44";"2021";"NON";"NON";"55252";"";"";"";"2021-10-06";"70396";""
"55253";"3199";"PLU";"COM";"2011-10-03 22:00:00+00:00";"2004-11-24 23:00:00+00:00";"39";"55";"44";"2021";"NON";"NON";"55253";"";"";"";"2021-10-06";"62740";""
"55254";"3432";"PLU";"CC";"2014-03-12 23:00:00+00:00";"2007-03-15 23:00:00+00:00";"33";"55";"44";"2021";"NON";"NON";"200066140";"";"";"";"2021-10-06";"49813";""
"55255";"1199";"CC";"COM";"2009-04-19 22:00:00+00:00";"2006-02-15 23:00:00+00:00";"19";"55";"44";"2021";"NON";"NON";"55255";"";"";"";"2021-10-06";"69680";""
"55257";"1199";"CC";"COM";"2013-12-16 23:00:00+00:00";"2008-05-25 22:00:00+00:00";"19";"55";"44";"2021";"NON";"NON";"55257";"";"";"";"2021-10-06";"67063";""
"55258";"3434";"PLU";"CC";"2008-03-03 23:00:00+00:00";"2005-12-15 23:00:00+00:00";"33";"55";"44";"2021";"NON";"NON";"200034874";"";"";"";"2021-10-06";"69681";""
"55262";"1111";"CC";"COM";"2007-08-27 22:00:00+00:00";"2003-09-28 22:00:00+00:00";"11";"55";"44";"2021";"NON";"NON";"55262";"";"";"";"2021-10-06";"69682";""
"55263";"1199";"CC";"COM";"2006-06-22 22:00:00+00:00";"2002-09-18 22:00:00+00:00";"19";"55";"44";"2021";"NON";"NON";"55263";"";"";"";"2021-10-06";"69683";""
"55264";"1199";"CC";"COM";"2007-10-10 22:00:00+00:00";"2005-01-25 23:00:00+00:00";"19";"55";"44";"2021";"NON";"NON";"55264";"";"";"";"2021-10-06";"69684";""
"55268";"3199";"PLU";"COM";"2014-03-11 23:00:00+00:00";"2009-12-20 23:00:00+00:00";"39";"55";"44";"2021";"NON";"NON";"55268";"";"";"";"2021-10-06";"62741";""
"55269";"1432";"CC";"CC";"2020-02-20 23:00:00+00:00";"2017-03-20 23:00:00+00:00";"13";"55";"44";"2021";"NON";"NON";"200066140";"";"";"";"2021-10-06";"150534";""
"55270";"1499";"CC";"CC";"2015-06-07 22:00:00+00:00";"2012-10-08 22:00:00+00:00";"19";"55";"44";"2021";"NON";"NON";"55270";"";"";"";"2021-10-06";"115668";""
"55271";"1432";"CC";"CC";"2007-07-09 22:00:00+00:00";"2005-03-17 23:00:00+00:00";"13";"55";"44";"2021";"NON";"NON";"55271";"";"";"";"2021-10-06";"69685";""
"55272";"1432";"CC";"CC";"2007-10-16 22:00:00+00:00";"2005-03-24 23:00:00+00:00";"13";"55";"44";"2021";"NON";"NON";"55272";"";"";"";"2021-10-06";"69686";""
"55274";"1499";"CC";"CC";"2007-09-20 22:00:00+00:00";"2006-06-29 22:00:00+00:00";"19";"55";"44";"2021";"NON";"NON";"200034874";"";"";"";"2021-10-06";"69687";""
"55276";"1199";"CC";"COM";"2012-12-05 23:00:00+00:00";"2008-10-05 22:00:00+00:00";"19";"55";"44";"2021";"NON";"NON";"55276";"";"";"";"2021-10-06";"67064";""
"55279";"1432";"CC";"CC";"2009-04-02 22:00:00+00:00";"2006-05-02 22:00:00+00:00";"13";"55";"44";"2021";"NON";"NON";"55279";"";"";"";"2021-10-06";"66253";""
"55282";"1432";"CC";"CC";"2007-07-18 22:00:00+00:00";"2005-03-24 23:00:00+00:00";"13";"55";"44";"2021";"NON";"NON";"200066140";"";"";"";"2021-10-06";"69688";""
"55285";"3432";"PLU";"CC";"2017-02-14 23:00:00+00:00";"2010-02-04 23:00:00+00:00";"33";"55";"44";"2021";"NON";"NON";"200066140";"";"";"";"2021-10-06";"49709";""
"55286";"3199";"PLU";"COM";"2008-01-30 23:00:00+00:00";"2005-03-10 23:00:00+00:00";"39";"55";"44";"2021";"NON";"NON";"55286";"";"";"";"2021-10-06";"53621";""
"55288";"3199";"PLU";"COM";"2017-04-06 22:00:00+00:00";"2014-06-29 22:00:00+00:00";"39";"55";"44";"2021";"NON";"NON";"200066157";"";"";"";"2021-10-06";"130787";""
"55289";"1432";"CC";"CC";"2009-05-27 22:00:00+00:00";"2006-12-14 23:00:00+00:00";"13";"55";"44";"2021";"NON";"NON";"200066140";"";"";"";"2021-10-06";"69689";""
"55290";"1432";"CC";"CC";"2007-07-18 22:00:00+00:00";"2006-12-14 23:00:00+00:00";"13";"55";"44";"2021";"NON";"NON";"200066140";"";"";"";"2021-10-06";"69690";""
"55291";"3432";"PLU";"CA";"2004-10-20 22:00:00+00:00";"2000-03-22 23:00:00+00:00";"33";"55";"44";"2021";"NON";"NON";"55291";"";"";"";"2021-10-06";"53622";""
"55298";"1432";"CC";"CA";"2007-12-05 23:00:00+00:00";"2005-03-13 23:00:00+00:00";"13";"55";"44";"2021";"NON";"NON";"55298";"";"";"";"2021-10-06";"69691";""
"55301";"1432";"CC";"CC";"2007-07-18 22:00:00+00:00";"2005-03-24 23:00:00+00:00";"13";"55";"44";"2021";"NON";"NON";"200066140";"";"";"";"2021-10-06";"69693";""
"55302";"3432";"PLU";"CA";"2018-04-09 22:00:00+00:00";"2012-09-04 22:00:00+00:00";"33";"55";"44";"2021";"NON";"NON";"55302";"";"";"";"2021-10-06";"112359";""
"55303";"1499";"CC";"CC";"2019-08-21 22:00:00+00:00";"2015-04-26 22:00:00+00:00";"19";"55";"44";"2021";"NON";"NON";"55303";"";"";"";"2021-10-06";"139365";""
"55311";"1199";"CC";"COM";"2012-12-20 23:00:00+00:00";"2011-07-27 22:00:00+00:00";"19";"55";"44";"2021";"NON";"NON";"55311";"";"";"";"2021-10-06";"83649";""
"55315";"3399";"PLUi/PLUiS";"CC";"2019-02-25 23:00:00+00:00";"2009-11-18 23:00:00+00:00";"39";"55";"44";"2021";"OUI";"NON";"55315";"";"";"";"2021-10-06";"49697";""
"55316";"1199";"CC";"COM";"2012-08-05 22:00:00+00:00";"2007-02-12 23:00:00+00:00";"19";"55";"44";"2021";"NON";"NON";"55316";"";"";"";"2021-10-06";"67067";""
"55321";"1432";"CC";"CA";"2015-05-27 22:00:00+00:00";"2013-02-10 23:00:00+00:00";"13";"55";"44";"2021";"NON";"NON";"55321";"";"";"";"2021-10-06";"120953";""
"55328";"3199";"PLU";"COM";"2019-04-04 22:00:00+00:00";"2014-08-28 22:00:00+00:00";"39";"55";"44";"2021";"NON";"NON";"200066157";"";"";"";"2021-10-06";"132144";""
"55332";"1432";"CC";"CA";"2008-06-19 22:00:00+00:00";"2005-03-04 23:00:00+00:00";"13";"55";"44";"2021";"NON";"NON";"55332";"";"";"";"2021-10-06";"69695";""
"55335";"3399";"PLUi/PLUiS";"CC";"2019-02-25 23:00:00+00:00";"2009-11-18 23:00:00+00:00";"39";"55";"44";"2021";"OUI";"NON";"55335";"";"";"";"2021-10-06";"49697";""
"55340";"3432";"PLU";"CC";"2012-04-26 22:00:00+00:00";"2009-04-29 22:00:00+00:00";"33";"55";"44";"2021";"NON";"NON";"55340";"";"";"";"2021-10-06";"65178";""
"55347";"1199";"CC";"COM";"2006-11-05 23:00:00+00:00";"2002-12-02 23:00:00+00:00";"19";"55";"44";"2021";"NON";"NON";"55347";"";"";"";"2021-10-06";"69696";""
"55348";"3399";"PLUi/PLUiS";"CC";"2019-02-25 23:00:00+00:00";"2009-11-18 23:00:00+00:00";"39";"55";"44";"2021";"OUI";"NON";"55348";"";"";"";"2021-10-06";"49697";""
"55350";"1199";"CC";"COM";"2007-05-08 22:00:00+00:00";"2005-09-11 22:00:00+00:00";"19";"55";"44";"2021";"NON";"NON";"200066157";"";"";"";"2021-10-06";"69697";""
"55351";"3199";"PLU";"COM";"2007-09-26 22:00:00+00:00";"2002-12-04 23:00:00+00:00";"39";"55";"44";"2021";"NON";"NON";"55351";"";"";"";"2021-10-06";"53623";""
"55353";"1499";"CC";"CC";"2013-07-24 22:00:00+00:00";"2010-09-08 22:00:00+00:00";"19";"55";"44";"2021";"NON";"NON";"55353";"";"";"";"2021-10-06";"67071";""
"55358";"3432";"PLU";"CA";"2016-02-03 23:00:00+00:00";"2012-06-13 22:00:00+00:00";"33";"55";"44";"2021";"NON";"NON";"55358";"";"";"";"2021-10-06";"109152";""
"55359";"3399";"PLUi/PLUiS";"CC";"2019-02-25 23:00:00+00:00";"2009-11-18 23:00:00+00:00";"39";"55";"44";"2021";"OUI";"NON";"55359";"";"";"";"2021-10-06";"49697";""
"55361";"1499";"CC";"CC";"2004-04-20 22:00:00+00:00";"2001-11-20 23:00:00+00:00";"19";"55";"44";"2021";"NON";"NON";"55361";"";"";"";"2021-10-06";"69698";""
"55363";"1199";"CC";"COM";"2009-02-19 23:00:00+00:00";"2007-03-25 22:00:00+00:00";"19";"55";"44";"2021";"NON";"NON";"55363";"";"";"";"2021-10-06";"69699";""
"55364";"1432";"CC";"CC";"2010-01-17 23:00:00+00:00";"2007-04-26 22:00:00+00:00";"13";"55";"44";"2021";"NON";"NON";"55364";"";"";"";"2021-10-06";"69712";""
"55366";"3432";"PLU";"CA";"2004-09-15 22:00:00+00:00";"1999-09-22 22:00:00+00:00";"33";"55";"44";"2021";"NON";"NON";"55366";"";"";"";"2021-10-06";"53625";""
"55369";"3432";"PLU";"CA";"2010-02-17 23:00:00+00:00";"2005-10-19 22:00:00+00:00";"33";"55";"44";"2021";"NON";"NON";"55369";"";"";"";"2021-10-06";"53626";""
"55372";"1432";"CC";"CA";"2006-03-21 23:00:00+00:00";"2003-09-07 22:00:00+00:00";"13";"55";"44";"2021";"NON";"NON";"55372";"";"";"";"2021-10-06";"69700";""
"55380";"1432";"CC";"CC";"2007-07-18 22:00:00+00:00";"2005-03-24 23:00:00+00:00";"13";"55";"44";"2021";"NON";"NON";"200066140";"";"";"";"2021-10-06";"69701";""
"55382";"1432";"CC";"CC";"2004-02-11 23:00:00+00:00";"2002-10-03 22:00:00+00:00";"13";"55";"44";"2021";"NON";"NON";"55382";"";"";"";"2021-10-06";"70398";""
"55383";"1199";"CC";"COM";"2007-06-21 22:00:00+00:00";"2005-12-08 23:00:00+00:00";"19";"55";"44";"2021";"NON";"NON";"55383";"";"";"";"2021-10-06";"69702";""
"55384";"1432";"CC";"CC";"2021-06-30 22:00:00+00:00";"2018-06-25 22:00:00+00:00";"13";"55";"44";"2021";"NON";"NON";"200066140";"";"";"";"2021-10-06";"163625";""
"55385";"3199";"PLU";"COM";"2006-11-02 23:00:00+00:00";"2003-01-30 23:00:00+00:00";"39";"55";"44";"2021";"NON";"NON";"55385";"";"";"";"2021-10-06";"53627";""
"55386";"3499";"PLU";"CC";"2008-08-10 22:00:00+00:00";"2004-03-17 23:00:00+00:00";"39";"55";"44";"2021";"NON";"NON";"200034874";"";"";"";"2021-10-06";"53628";""
"55387";"1111";"CC";"COM";"2008-11-06 23:00:00+00:00";"2006-07-11 22:00:00+00:00";"11";"55";"44";"2021";"NON";"NON";"55387";"";"";"";"2021-10-06";"69704";""
"55389";"3432";"PLU";"CC";"2015-09-07 22:00:00+00:00";"2010-03-28 22:00:00+00:00";"33";"55";"44";"2021";"NON";"NON";"200066140";"";"";"";"2021-10-06";"49347";""
"55391";"1432";"CC";"CC";"2018-04-08 22:00:00+00:00";"2015-04-12 22:00:00+00:00";"13";"55";"44";"2021";"NON";"NON";"55391";"";"";"";"2021-10-06";"137056";""
"55395";"1199";"CC";"COM";"2016-03-10 23:00:00+00:00";"2014-10-21 22:00:00+00:00";"19";"55";"44";"2021";"NON";"NON";"55395";"";"";"";"2021-10-06";"133207";""
"55396";"3199";"PLU";"COM";"2008-10-09 22:00:00+00:00";"2005-06-23 22:00:00+00:00";"39";"55";"44";"2021";"NON";"NON";"200066157";"";"";"";"2021-10-06";"53629";""
"55398";"3199";"PLU";"COM";"2020-03-03 23:00:00+00:00";"2004-11-25 23:00:00+00:00";"39";"55";"44";"2021";"NON";"NON";"200066157";"";"";"";"2021-10-06";"62743";""
"55400";"1499";"CC";"CC";"2006-07-06 22:00:00+00:00";"2004-04-04 22:00:00+00:00";"19";"55";"44";"2021";"NON";"NON";"55400";"";"";"";"2021-10-06";"69706";""
"55401";"3131";"PLU";"COM";"2011-03-24 23:00:00+00:00";"2007-09-11 22:00:00+00:00";"33";"55";"44";"2021";"NON";"NON";"55401";"";"";"";"2021-10-06";"65096";""
"55404";"3432";"PLU";"CC";"2011-09-29 22:00:00+00:00";"2006-12-14 23:00:00+00:00";"33";"55";"44";"2021";"NON";"NON";"200066140";"";"";"";"2021-10-06";"50068";""
"55408";"1432";"CC";"CC";"2017-02-16 23:00:00+00:00";"2013-05-16 22:00:00+00:00";"13";"55";"44";"2021";"NON";"NON";"55408";"";"";"";"2021-10-06";"121886";""
"55410";"1199";"CC";"COM";"2006-09-10 22:00:00+00:00";"2003-10-28 23:00:00+00:00";"19";"55";"44";"2021";"NON";"NON";"55410";"";"";"";"2021-10-06";"69707";""
"55411";"1199";"CC";"COM";"2008-08-11 22:00:00+00:00";"2006-03-17 23:00:00+00:00";"19";"55";"44";"2021";"NON";"NON";"55411";"";"";"";"2021-10-06";"69708";""
"55412";"1499";"CC";"CC";"2008-02-19 23:00:00+00:00";"2004-10-07 22:00:00+00:00";"19";"55";"44";"2021";"NON";"NON";"200034874";"";"";"";"2021-10-06";"69709";""
"55416";"3199";"PLU";"COM";"2007-07-19 22:00:00+00:00";"2000-03-30 22:00:00+00:00";"39";"55";"44";"2021";"NON";"NON";"55416";"";"";"";"2021-10-06";"53630";""
"55423";"3432";"PLU";"CC";"2016-03-17 23:00:00+00:00";"2008-08-07 22:00:00+00:00";"33";"55";"44";"2021";"NON";"NON";"200066140";"";"";"";"2021-10-06";"62744";""
"55425";"1199";"CC";"COM";"2012-08-05 22:00:00+00:00";"2008-11-20 23:00:00+00:00";"19";"55";"44";"2021";"NON";"NON";"55425";"";"";"";"2021-10-06";"67075";""
"55426";"3432";"PLU";"CA";"2019-08-27 22:00:00+00:00";"2014-12-10 23:00:00+00:00";"33";"55";"44";"2021";"NON";"NON";"55426";"";"";"";"2021-10-06";"132267";""
"55427";"3432";"PLU";"CC";"2014-01-19 23:00:00+00:00";"2008-11-27 23:00:00+00:00";"33";"55";"44";"2021";"NON";"NON";"55427";"";"";"";"2021-10-06";"63739";""
"55428";"1199";"CC";"COM";"2012-11-28 23:00:00+00:00";"2009-08-06 22:00:00+00:00";"19";"55";"44";"2021";"NON";"NON";"55428";"";"";"";"2021-10-06";"67076";""
"55430";"3399";"PLUi/PLUiS";"CC";"2019-02-25 23:00:00+00:00";"2009-11-18 23:00:00+00:00";"39";"55";"44";"2021";"OUI";"NON";"55430";"";"";"";"2021-10-06";"49697";""
"55431";"1499";"CC";"CC";"2019-06-17 22:00:00+00:00";"2015-04-05 22:00:00+00:00";"19";"55";"44";"2021";"NON";"NON";"200034874";"";"";"";"2021-10-06";"138901";""
"55439";"1199";"CC";"COM";"2017-07-19 22:00:00+00:00";"2015-07-05 22:00:00+00:00";"19";"55";"44";"2021";"NON";"NON";"55439";"";"";"";"2021-10-06";"139817";""
"55442";"3432";"PLU";"CC";"2018-09-26 22:00:00+00:00";"2010-02-11 23:00:00+00:00";"33";"55";"44";"2021";"NON";"NON";"200066140";"";"";"";"2021-10-06";"49715";""
"55443";"1499";"CC";"CC";"2007-10-10 22:00:00+00:00";"2007-02-01 23:00:00+00:00";"19";"55";"44";"2021";"NON";"NON";"55443";"";"";"";"2021-10-06";"84415";""
"55446";"1432";"CC";"CA";"2013-09-17 22:00:00+00:00";"2008-06-27 22:00:00+00:00";"13";"55";"44";"2021";"NON";"NON";"55446";"";"";"";"2021-10-06";"67078";""
"55447";"1433";"CC";"CC";"2010-07-18 22:00:00+00:00";"2007-01-17 23:00:00+00:00";"13";"55";"44";"2021";"NON";"NON";"55447";"";"";"";"2021-10-06";"69711";""
"55448";"1432";"CC";"CC";"2007-07-18 22:00:00+00:00";"2005-03-24 23:00:00+00:00";"13";"55";"44";"2021";"NON";"NON";"200066140";"";"";"";"2021-10-06";"84465";""
"55449";"3199";"PLU";"COM";"2013-06-27 22:00:00+00:00";"2009-06-28 22:00:00+00:00";"39";"55";"44";"2021";"NON";"NON";"55449";"";"";"";"2021-10-06";"49348";""
"55452";"1432";"CC";"CA";"2009-11-30 23:00:00+00:00";"2006-12-20 23:00:00+00:00";"13";"55";"44";"2021";"NON";"NON";"55452";"";"";"";"2021-10-06";"69724";""
"55456";"3199";"PLU";"COM";"2004-10-17 22:00:00+00:00";"1999-08-27 22:00:00+00:00";"39";"55";"44";"2021";"NON";"NON";"200066157";"";"";"";"2021-10-06";"53631";""
"55460";"1499";"CC";"CC";"2009-04-16 22:00:00+00:00";"2006-03-20 23:00:00+00:00";"19";"55";"44";"2021";"NON";"NON";"200034874";"";"";"";"2021-10-06";"69725";""
"55462";"3134";"PLU";"COM";"2008-09-21 22:00:00+00:00";"2007-02-22 23:00:00+00:00";"33";"55";"44";"2021";"NON";"NON";"55462";"";"";"";"2021-10-06";"51745";""
"55463";"3131";"PLU";"COM";"2007-03-07 23:00:00+00:00";"2002-03-07 23:00:00+00:00";"33";"55";"44";"2021";"NON";"NON";"55463";"";"";"";"2021-10-06";"53632";""
"55466";"1432";"CC";"CA";"2004-08-24 22:00:00+00:00";"2002-10-22 22:00:00+00:00";"13";"55";"44";"2021";"NON";"NON";"55466";"";"";"";"2021-10-06";"69714";""
"55467";"1131";"CC";"COM";"2007-10-24 22:00:00+00:00";"2006-01-24 23:00:00+00:00";"13";"55";"44";"2021";"NON";"NON";"55467";"";"";"";"2021-10-06";"69715";""
"55475";"1199";"CC";"COM";"2006-07-06 22:00:00+00:00";"2001-10-20 22:00:00+00:00";"19";"55";"44";"2021";"NON";"NON";"200066157";"";"";"";"2021-10-06";"69716";""
"55476";"3432";"PLU";"CA";"2010-01-31 23:00:00+00:00";"2006-03-30 22:00:00+00:00";"33";"55";"44";"2021";"NON";"NON";"55476";"";"";"";"2021-10-06";"53633";""
"55482";"1199";"CC";"COM";"2010-07-26 22:00:00+00:00";"2006-07-03 22:00:00+00:00";"19";"55";"44";"2021";"NON";"NON";"55482";"";"";"";"2021-10-06";"69763";""
"55488";"3432";"PLU";"CA";"2011-09-25 22:00:00+00:00";"2008-07-06 22:00:00+00:00";"33";"55";"44";"2021";"NON";"NON";"55488";"";"";"";"2021-10-06";"50075";""
"55489";"3332";"PLUi/PLUiS";"CA";"2007-11-04 23:00:00+00:00";"2002-07-28 22:00:00+00:00";"33";"55";"44";"2021";"OUI";"NON";"55489";"";"";"";"2021-10-06";"48225";""
"55492";"3199";"PLU";"COM";"2009-09-17 22:00:00+00:00";"2005-06-30 22:00:00+00:00";"39";"55";"44";"2021";"NON";"NON";"55492";"";"";"";"2021-10-06";"53634";""
"55493";"1432";"CC";"CC";"2011-12-25 23:00:00+00:00";"2008-07-17 22:00:00+00:00";"13";"55";"44";"2021";"NON";"NON";"55493";"";"";"";"2021-10-06";"67082";""
"55495";"1199";"CC";"COM";"2006-04-02 22:00:00+00:00";"2004-02-19 23:00:00+00:00";"19";"55";"44";"2021";"NON";"NON";"55495";"";"";"";"2021-10-06";"69717";""
"55496";"3199";"PLU";"COM";"2007-06-28 22:00:00+00:00";"2004-10-21 22:00:00+00:00";"39";"55";"44";"2021";"NON";"NON";"200066157";"";"";"";"2021-10-06";"53635";""
"55498";"1199";"CC";"COM";"2009-02-12 23:00:00+00:00";"2004-09-26 22:00:00+00:00";"19";"55";"44";"2021";"NON";"NON";"55498";"";"";"";"2021-10-06";"69718";""
"55500";"1199";"CC";"COM";"2012-12-13 23:00:00+00:00";"2009-06-30 22:00:00+00:00";"19";"55";"44";"2021";"NON";"NON";"55500";"";"";"";"2021-10-06";"85343";""
"55502";"3432";"PLU";"CC";"2015-11-08 23:00:00+00:00";"2011-09-21 22:00:00+00:00";"33";"55";"44";"2021";"NON";"NON";"55502";"";"";"";"2021-10-06";"85383";""
"55505";"3332";"PLUi/PLUiS";"CA";"2007-11-04 23:00:00+00:00";"2002-07-28 22:00:00+00:00";"33";"55";"44";"2021";"OUI";"NON";"55505";"";"";"";"2021-10-06";"48225";""
"55506";"1432";"CC";"CC";"2009-05-27 22:00:00+00:00";"2006-12-14 23:00:00+00:00";"13";"55";"44";"2021";"NON";"NON";"200066140";"";"";"";"2021-10-06";"69719";""
"55507";"1199";"CC";"COM";"2011-07-28 22:00:00+00:00";"2009-06-11 22:00:00+00:00";"19";"55";"44";"2021";"NON";"NON";"55507";"";"";"";"2021-10-06";"67083";""
"55508";"1199";"CC";"COM";"2008-07-14 22:00:00+00:00";"2007-01-16 23:00:00+00:00";"19";"55";"44";"2021";"NON";"NON";"55508";"";"";"";"2021-10-06";"69720";""
"55510";"1199";"CC";"COM";"2011-03-29 22:00:00+00:00";"2008-09-17 22:00:00+00:00";"19";"55";"44";"2021";"NON";"NON";"55510";"";"";"";"2021-10-06";"67084";""
"55514";"3432";"PLU";"CA";"2007-05-03 22:00:00+00:00";"2003-07-03 22:00:00+00:00";"33";"55";"44";"2021";"NON";"NON";"55514";"";"";"";"2021-10-06";"56963";""
"55516";"3433";"PLU";"CC";"2006-02-09 23:00:00+00:00";"2002-05-30 22:00:00+00:00";"33";"55";"44";"2021";"NON";"NON";"55516";"";"";"";"2021-10-06";"85875";""
"55517";"3432";"PLU";"CC";"2014-03-20 23:00:00+00:00";"2011-01-27 23:00:00+00:00";"33";"55";"44";"2021";"NON";"NON";"200066140";"";"";"";"2021-10-06";"65097";""
"55519";"3432";"PLU";"CA";"2014-05-22 22:00:00+00:00";"2006-03-30 22:00:00+00:00";"33";"55";"44";"2021";"NON";"NON";"200033025";"";"";"";"2021-10-06";"62747";""
"55520";"3199";"PLU";"COM";"2019-02-14 23:00:00+00:00";"2015-02-19 23:00:00+00:00";"39";"55";"44";"2021";"NON";"NON";"200066157";"";"";"";"2021-10-06";"137054";""
"55521";"1199";"CC";"COM";"2004-02-09 23:00:00+00:00";"2002-06-23 22:00:00+00:00";"19";"55";"44";"2021";"NON";"NON";"55521";"";"";"";"2021-10-06";"69721";""
"55525";"3199";"PLU";"COM";"2016-05-24 22:00:00+00:00";"2011-03-22 23:00:00+00:00";"39";"55";"44";"2021";"NON";"NON";"55525";"";"";"";"2021-10-06";"86324";""
"55526";"1199";"CC";"COM";"2006-09-18 22:00:00+00:00";"2004-10-12 22:00:00+00:00";"19";"55";"44";"2021";"NON";"NON";"200066157";"";"";"";"2021-10-06";"69722";""
"55527";"1111";"CC";"COM";"2014-11-20 23:00:00+00:00";"2013-04-17 22:00:00+00:00";"11";"55";"44";"2021";"NON";"NON";"55527";"";"";"";"2021-10-06";"122643";""
"55531";"1432";"CC";"CC";"2005-02-27 23:00:00+00:00";"2003-01-30 23:00:00+00:00";"13";"55";"44";"2021";"NON";"NON";"55531";"";"";"";"2021-10-06";"69723";""
"55532";"3432";"PLU";"CC";"2014-03-10 23:00:00+00:00";"2010-12-13 23:00:00+00:00";"33";"55";"44";"2021";"NON";"NON";"200066140";"";"";"";"2021-10-06";"49717";""
"55533";"3199";"PLU";"COM";"2010-09-08 22:00:00+00:00";"2009-09-02 22:00:00+00:00";"39";"55";"44";"2021";"NON";"NON";"200066157";"";"";"";"2021-10-06";"53638";""
"55536";"1199";"CC";"COM";"2008-06-02 22:00:00+00:00";"2007-03-01 23:00:00+00:00";"19";"55";"44";"2021";"NON";"NON";"55536";"";"";"";"2021-10-06";"69726";""
"55537";"1432";"CC";"CA";"2009-07-23 22:00:00+00:00";"2007-10-25 22:00:00+00:00";"13";"55";"44";"2021";"NON";"NON";"55537";"";"";"";"2021-10-06";"69727";""
"55541";"1432";"CC";"CA";"2011-01-23 23:00:00+00:00";"2009-02-22 23:00:00+00:00";"13";"55";"44";"2021";"NON";"NON";"55541";"";"";"";"2021-10-06";"86511";""
"55545";"3332";"PLUi/PLUiS";"CA";"2007-11-04 23:00:00+00:00";"2002-07-28 22:00:00+00:00";"33";"55";"44";"2021";"OUI";"NON";"55545";"";"";"";"2021-10-06";"48225";""
"55547";"1199";"CC";"COM";"2007-03-01 23:00:00+00:00";"2003-02-03 23:00:00+00:00";"19";"55";"44";"2021";"NON";"NON";"55547";"";"";"";"2021-10-06";"69728";""
"55551";"3434";"PLU";"CC";"2004-02-26 23:00:00+00:00";"1999-05-20 22:00:00+00:00";"33";"55";"44";"2021";"NON";"NON";"55551";"";"";"";"2021-10-06";"53639";""
"55553";"3199";"PLU";"COM";"2007-11-12 23:00:00+00:00";"2004-02-26 23:00:00+00:00";"39";"55";"44";"2021";"NON";"NON";"200066157";"";"";"";"2021-10-06";"53640";""
"55554";"1199";"CC";"COM";"2009-02-19 23:00:00+00:00";"2006-04-12 22:00:00+00:00";"19";"55";"44";"2021";"NON";"NON";"55554";"";"";"";"2021-10-06";"69729";""
"55555";"1432";"CC";"CC";"2017-02-15 23:00:00+00:00";"2008-12-18 23:00:00+00:00";"13";"55";"44";"2021";"NON";"NON";"200066140";"";"";"";"2021-10-06";"67087";""
"55557";"1199";"CC";"COM";"2008-05-21 22:00:00+00:00";"2006-12-13 23:00:00+00:00";"19";"55";"44";"2021";"NON";"NON";"55557";"";"";"";"2021-10-06";"69730";""
"55562";"3399";"PLUi/PLUiS";"CC";"2019-02-25 23:00:00+00:00";"2009-11-18 23:00:00+00:00";"39";"55";"44";"2021";"OUI";"NON";"55562";"";"";"";"2021-10-06";"49697";""
"55566";"1199";"CC";"COM";"2013-05-22 22:00:00+00:00";"2008-06-11 22:00:00+00:00";"19";"55";"44";"2021";"NON";"NON";"55566";"";"";"";"2021-10-06";"67088";""
"55567";"1199";"CC";"COM";"2007-09-02 22:00:00+00:00";"2005-05-18 22:00:00+00:00";"19";"55";"44";"2021";"NON";"NON";"55567";"";"";"";"2021-10-06";"69731";""
"55569";"1432";"CC";"CC";"2007-06-07 22:00:00+00:00";"2004-01-29 23:00:00+00:00";"13";"55";"44";"2021";"NON";"NON";"200066140";"";"";"";"2021-10-06";"69732";""
"55570";"1432";"CC";"CC";"2007-11-15 23:00:00+00:00";"2005-03-24 23:00:00+00:00";"13";"55";"44";"2021";"NON";"NON";"200066140";"";"";"";"2021-10-06";"69733";""
"55571";"1432";"CC";"CC";"2011-04-03 22:00:00+00:00";"2007-03-04 23:00:00+00:00";"13";"55";"44";"2021";"NON";"NON";"55571";"";"";"";"2021-10-06";"67089";""
"55573";"3199";"PLU";"COM";"2014-07-16 22:00:00+00:00";"2010-06-23 22:00:00+00:00";"39";"55";"44";"2021";"NON";"NON";"200066157";"";"";"";"2021-10-06";"62748";""
"55578";"1499";"CC";"CC";"2010-01-06 23:00:00+00:00";"2007-10-03 22:00:00+00:00";"19";"55";"44";"2021";"NON";"NON";"55578";"";"";"";"2021-10-06";"70185";""
"55583";"3199";"PLU";"COM";"2015-12-13 23:00:00+00:00";"2011-04-21 22:00:00+00:00";"39";"55";"44";"2021";"NON";"NON";"55583";"";"";"";"2021-10-06";"86719";""
"55584";"1432";"CC";"CC";"2007-07-18 22:00:00+00:00";"2005-03-24 23:00:00+00:00";"13";"55";"44";"2021";"NON";"NON";"200066140";"";"";"";"2021-10-06";"69735";""
"56001";"3199";"PLU";"COM";"2009-05-14 22:00:00+00:00";"2005-01-13 23:00:00+00:00";"39";"56";"53";"2021";"NON";"NON";"56001";"";"";"";"2021-10-06";"53641";""
"56002";"3199";"PLU";"COM";"2020-02-27 23:00:00+00:00";"2015-02-26 23:00:00+00:00";"39";"56";"53";"2021";"NON";"NON";"56002";"";"";"";"2021-10-06";"137406";""
"56003";"3199";"PLU";"COM";"2013-12-08 23:00:00+00:00";"2010-11-29 23:00:00+00:00";"39";"56";"53";"2021";"NON";"NON";"56003";"";"";"";"2021-10-06";"49716";""
"56004";"3131";"PLU";"COM";"2011-02-16 23:00:00+00:00";"2005-11-23 23:00:00+00:00";"33";"56";"53";"2021";"NON";"NON";"56004";"";"";"";"2021-10-06";"62749";""
"56005";"3199";"PLU";"COM";"2015-01-18 23:00:00+00:00";"2011-01-17 23:00:00+00:00";"39";"56";"53";"2021";"NON";"NON";"56005";"";"";"";"2021-10-06";"62746";""
"56006";"3199";"PLU";"COM";"2014-03-10 23:00:00+00:00";"2009-04-05 22:00:00+00:00";"39";"56";"53";"2021";"NON";"NON";"56006";"";"";"";"2021-10-06";"93291";""
"56007";"3199";"PLU";"COM";"2018-03-26 22:00:00+00:00";"2012-05-13 22:00:00+00:00";"39";"56";"53";"2021";"NON";"NON";"56007";"";"";"";"2021-10-06";"110441";""
"56008";"3131";"PLU";"COM";"2008-02-10 23:00:00+00:00";"2002-02-27 23:00:00+00:00";"33";"56";"53";"2021";"NON";"NON";"56008";"";"";"";"2021-10-06";"53643";""
"56009";"3199";"PLU";"COM";"2020-03-04 23:00:00+00:00";"2011-11-14 23:00:00+00:00";"39";"56";"53";"2021";"NON";"NON";"56009";"";"";"";"2021-10-06";"88343";""
"56010";"3199";"PLU";"COM";"2013-04-18 22:00:00+00:00";"2009-06-24 22:00:00+00:00";"39";"56";"53";"2021";"NON";"NON";"56010";"";"";"";"2021-10-06";"62750";""
"56011";"3199";"PLU";"COM";"2013-12-03 23:00:00+00:00";"2009-09-16 22:00:00+00:00";"39";"56";"53";"2021";"NON";"NON";"56011";"";"";"";"2021-10-06";"61779";""
"56012";"3199";"PLU";"COM";"2014-02-27 23:00:00+00:00";"2012-02-23 23:00:00+00:00";"39";"56";"53";"2021";"NON";"NON";"56012";"";"";"";"2021-10-06";"93327";""
"56013";"3131";"PLU";"COM";"2014-02-27 23:00:00+00:00";"2008-07-03 22:00:00+00:00";"33";"56";"53";"2021";"NON";"NON";"56013";"";"";"";"2021-10-06";"122480";""
"56014";"3432";"PLU";"CC";"2010-01-21 23:00:00+00:00";"2004-12-09 23:00:00+00:00";"33";"56";"53";"2021";"NON";"NON";"56014";"";"";"";"2021-10-06";"53646";""
"56015";"3299";"PLUi/PLUiS";"CC";"2019-12-15 23:00:00+00:00";"2014-10-19 22:00:00+00:00";"39";"56";"53";"2021";"NON";"OUI";"245614383";"";"";"";"2021-10-06";"135151";""
"56017";"3199";"PLU";"COM";"2012-05-03 22:00:00+00:00";"2007-06-13 22:00:00+00:00";"39";"56";"53";"2021";"NON";"NON";"56017";"";"";"";"2021-10-06";"62751";""
"56018";"3131";"PLU";"COM";"2008-01-16 23:00:00+00:00";"2004-12-08 23:00:00+00:00";"33";"56";"53";"2021";"NON";"NON";"56018";"";"";"";"2021-10-06";"53649";""
"56019";"1199";"CC";"COM";"2018-10-17 22:00:00+00:00";"2004-11-18 23:00:00+00:00";"19";"56";"53";"2021";"NON";"NON";"56019";"";"";"";"2021-10-06";"67260";""
"56020";"1131";"CC";"COM";"2005-04-21 22:00:00+00:00";"2003-05-11 22:00:00+00:00";"13";"56";"53";"2021";"NON";"NON";"56020";"";"";"";"2021-10-06";"69736";""
"56021";"3199";"PLU";"COM";"2013-03-20 23:00:00+00:00";"2008-04-14 22:00:00+00:00";"39";"56";"53";"2021";"NON";"NON";"56021";"";"";"";"2021-10-06";"64051";""
"56022";"3131";"PLU";"COM";"2008-01-07 23:00:00+00:00";"2003-10-23 22:00:00+00:00";"33";"56";"53";"2021";"NON";"NON";"56022";"";"";"";"2021-10-06";"53650";""
"56023";"3199";"PLU";"COM";"2019-05-26 22:00:00+00:00";"2011-04-21 22:00:00+00:00";"39";"56";"53";"2021";"NON";"NON";"56023";"";"";"";"2021-10-06";"132423";""
"56024";"3299";"PLUi/PLUiS";"CC";"2021-05-17 22:00:00+00:00";"2015-12-14 23:00:00+00:00";"39";"56";"53";"2021";"NON";"OUI";"245614433";"";"";"";"2021-10-06";"147681";""
"56025";"1199";"CC";"COM";"2007-01-30 23:00:00+00:00";"2005-02-20 23:00:00+00:00";"19";"56";"53";"2021";"NON";"NON";"56025";"";"";"";"2021-10-06";"68404";""
"56026";"3199";"PLU";"COM";"2017-04-27 22:00:00+00:00";"2006-05-11 22:00:00+00:00";"39";"56";"53";"2021";"NON";"NON";"56026";"";"";"";"2021-10-06";"61780";""
"56027";"1199";"CC";"COM";"2018-04-23 22:00:00+00:00";"2015-03-01 23:00:00+00:00";"19";"56";"53";"2021";"NON";"NON";"56027";"";"";"";"2021-10-06";"88789";""
"56028";"3299";"PLUi/PLUiS";"CC";"2019-12-15 23:00:00+00:00";"2014-10-19 22:00:00+00:00";"39";"56";"53";"2021";"NON";"OUI";"245614383";"";"";"";"2021-10-06";"135151";""
"56029";"3131";"PLU";"COM";"2008-09-11 22:00:00+00:00";"2004-03-22 23:00:00+00:00";"33";"56";"53";"2021";"NON";"NON";"56029";"";"";"";"2021-10-06";"53653";""
"56030";"3199";"PLU";"COM";"2017-01-16 23:00:00+00:00";"2013-09-05 22:00:00+00:00";"39";"56";"53";"2021";"NON";"NON";"56030";"";"";"";"2021-10-06";"124160";""
"56031";"3199";"PLU";"COM";"2012-06-11 22:00:00+00:00";"2005-03-28 22:00:00+00:00";"39";"56";"53";"2021";"NON";"NON";"56031";"";"";"";"2021-10-06";"64052";""
"56032";"3131";"PLU";"COM";"2006-10-11 22:00:00+00:00";"2002-11-28 23:00:00+00:00";"33";"56";"53";"2021";"NON";"NON";"56032";"";"";"";"2021-10-06";"53654";""
"56033";"3131";"PLU";"COM";"2008-03-02 23:00:00+00:00";"2002-01-22 23:00:00+00:00";"33";"56";"53";"2021";"NON";"NON";"56033";"";"";"";"2021-10-06";"53655";""
"56034";"3199";"PLU";"COM";"2016-06-23 22:00:00+00:00";"2011-06-29 22:00:00+00:00";"39";"56";"53";"2021";"NON";"NON";"56034";"";"";"";"2021-10-06";"61789";""
"56035";"1111";"CC";"COM";"2008-01-24 23:00:00+00:00";"2006-11-15 23:00:00+00:00";"11";"56";"53";"2021";"NON";"NON";"56035";"";"";"";"2021-10-06";"33361";""
"56036";"3199";"PLU";"COM";"2014-01-12 23:00:00+00:00";"2010-05-26 22:00:00+00:00";"39";"56";"53";"2021";"NON";"NON";"56036";"";"";"";"2021-10-06";"121482";""
"56039";"3199";"PLU";"COM";"2020-12-16 23:00:00+00:00";"2010-02-25 23:00:00+00:00";"39";"56";"53";"2021";"NON";"NON";"56039";"";"";"";"2021-10-06";"99317";""
"56040";"3199";"PLU";"COM";"2016-07-10 22:00:00+00:00";"2012-05-13 22:00:00+00:00";"39";"56";"53";"2021";"NON";"NON";"56040";"";"";"";"2021-10-06";"132426";""
"56041";"3299";"PLUi/PLUiS";"CC";"2021-05-17 22:00:00+00:00";"2015-12-14 23:00:00+00:00";"39";"56";"53";"2021";"NON";"OUI";"245614433";"";"";"";"2021-10-06";"147681";""
"56042";"3199";"PLU";"COM";"2020-07-01 22:00:00+00:00";"2016-06-28 22:00:00+00:00";"39";"56";"53";"2021";"NON";"NON";"56042";"";"";"";"2021-10-06";"150454";""
"56043";"1131";"CC";"COM";"2010-05-03 22:00:00+00:00";"2009-03-11 23:00:00+00:00";"13";"56";"53";"2021";"NON";"NON";"56043";"";"";"";"2021-10-06";"69738";""
"56044";"3131";"PLU";"COM";"2007-07-05 22:00:00+00:00";"2004-01-22 23:00:00+00:00";"33";"56";"53";"2021";"NON";"NON";"56044";"";"";"";"2021-10-06";"53660";""
"56045";"3299";"PLUi/PLUiS";"CC";"2019-12-15 23:00:00+00:00";"2014-10-19 22:00:00+00:00";"39";"56";"53";"2021";"NON";"OUI";"245614383";"";"";"";"2021-10-06";"135151";""
"56046";"3199";"PLU";"COM";"2016-03-09 23:00:00+00:00";"2014-09-28 22:00:00+00:00";"39";"56";"53";"2021";"NON";"NON";"56046";"";"";"";"2021-10-06";"61790";""
"56047";"3299";"PLUi/PLUiS";"CC";"2021-05-17 22:00:00+00:00";"2015-12-14 23:00:00+00:00";"39";"56";"53";"2021";"NON";"OUI";"245614433";"";"";"";"2021-10-06";"147681";""
"56048";"1432";"CC";"CC";"2015-07-30 22:00:00+00:00";"2009-03-19 23:00:00+00:00";"13";"56";"53";"2021";"NON";"NON";"56048";"";"";"";"2021-10-06";"67090";""
"56049";"3299";"PLUi/PLUiS";"CC";"2021-05-17 22:00:00+00:00";"2015-12-14 23:00:00+00:00";"39";"56";"53";"2021";"NON";"OUI";"245614433";"";"";"";"2021-10-06";"147681";""
"56050";"3131";"PLU";"COM";"2016-03-29 22:00:00+00:00";"2009-04-26 22:00:00+00:00";"33";"56";"53";"2021";"NON";"NON";"56050";"";"";"";"2021-10-06";"65192";""
"56051";"1199";"CC";"COM";"2010-12-23 23:00:00+00:00";"2008-03-31 22:00:00+00:00";"19";"56";"53";"2021";"NON";"NON";"56051";"";"";"";"2021-10-06";"93837";""
"56052";"3199";"PLU";"COM";"2018-06-20 22:00:00+00:00";"2014-06-25 22:00:00+00:00";"39";"56";"53";"2021";"NON";"NON";"56052";"";"";"";"2021-10-06";"131493";""
"56053";"3199";"PLU";"COM";"2019-07-07 22:00:00+00:00";"2016-02-22 23:00:00+00:00";"39";"56";"53";"2021";"NON";"NON";"56053";"";"";"";"2021-10-06";"147414";""
"56054";"3199";"PLU";"COM";"2017-02-16 23:00:00+00:00";"2015-04-02 22:00:00+00:00";"39";"56";"53";"2021";"NON";"NON";"56054";"";"";"";"2021-10-06";"132427";""
"56055";"3199";"PLU";"COM";"2017-07-05 22:00:00+00:00";"2016-03-24 23:00:00+00:00";"39";"56";"53";"2021";"NON";"NON";"56055";"";"";"";"2021-10-06";"61791";""
"56056";"1199";"CC";"COM";"2009-01-14 23:00:00+00:00";"2001-09-04 22:00:00+00:00";"19";"56";"53";"2021";"NON";"NON";"56056";"";"";"";"2021-10-06";"69744";""
"56058";"3199";"PLU";"COM";"2020-07-07 22:00:00+00:00";"2015-02-01 23:00:00+00:00";"39";"56";"53";"2021";"NON";"NON";"56058";"";"";"";"2021-10-06";"64050";""
"56061";"3131";"PLU";"COM";"2012-10-23 22:00:00+00:00";"2009-07-14 22:00:00+00:00";"33";"56";"53";"2021";"NON";"NON";"56061";"";"";"";"2021-10-06";"93996";""
"56062";"3199";"PLU";"COM";"2013-03-27 23:00:00+00:00";"2009-09-02 22:00:00+00:00";"39";"56";"53";"2021";"NON";"NON";"56062";"";"";"";"2021-10-06";"110481";""
"56063";"3199";"PLU";"COM";"2020-02-23 23:00:00+00:00";"2016-08-30 22:00:00+00:00";"39";"56";"53";"2021";"NON";"NON";"56063";"";"";"";"2021-10-06";"160532";""
"56065";"1199";"CC";"COM";"2004-09-27 22:00:00+00:00";"2003-02-27 23:00:00+00:00";"19";"56";"53";"2021";"NON";"NON";"56065";"";"";"";"2021-10-06";"69746";""
"56067";"3131";"PLU";"COM";"2006-03-14 23:00:00+00:00";"2001-12-17 23:00:00+00:00";"33";"56";"53";"2021";"NON";"NON";"56067";"";"";"";"2021-10-06";"53662";""
"56068";"1199";"CC";"COM";"2010-11-01 23:00:00+00:00";"2008-09-17 22:00:00+00:00";"19";"56";"53";"2021";"NON";"NON";"56068";"";"";"";"2021-10-06";"69739";""
"56069";"3199";"PLU";"COM";"2019-12-04 23:00:00+00:00";"2016-11-24 23:00:00+00:00";"39";"56";"53";"2021";"NON";"NON";"56069";"";"";"";"2021-10-06";"62753";""
"56070";"3131";"PLU";"COM";"2009-09-24 22:00:00+00:00";"2005-03-28 22:00:00+00:00";"33";"56";"53";"2021";"NON";"NON";"56070";"";"";"";"2021-10-06";"53663";""
"56071";"1111";"CC";"COM";"2006-05-10 22:00:00+00:00";"2004-09-15 22:00:00+00:00";"11";"56";"53";"2021";"NON";"NON";"56071";"";"";"";"2021-10-06";"69747";""
"56072";"3299";"PLUi/PLUiS";"CC";"2021-05-17 22:00:00+00:00";"2015-12-14 23:00:00+00:00";"39";"56";"53";"2021";"NON";"OUI";"245614433";"";"";"";"2021-10-06";"147681";""
"56074";"3199";"PLU";"COM";"2017-03-26 22:00:00+00:00";"2009-12-07 23:00:00+00:00";"39";"56";"53";"2021";"NON";"NON";"56074";"";"";"";"2021-10-06";"62757";""
"56075";"3199";"PLU";"COM";"2016-03-31 22:00:00+00:00";"2010-12-09 23:00:00+00:00";"39";"56";"53";"2021";"NON";"NON";"56075";"";"";"";"2021-10-06";"62754";""
"56076";"3299";"PLUi/PLUiS";"CC";"2021-05-17 22:00:00+00:00";"2015-12-14 23:00:00+00:00";"39";"56";"53";"2021";"NON";"OUI";"245614433";"";"";"";"2021-10-06";"147681";""
"56077";"3131";"PLU";"COM";"2012-11-07 23:00:00+00:00";"2008-12-10 23:00:00+00:00";"33";"56";"53";"2021";"NON";"NON";"56077";"";"";"";"2021-10-06";"65180";""
"56078";"3131";"PLU";"COM";"2013-09-23 22:00:00+00:00";"2003-12-10 23:00:00+00:00";"33";"56";"53";"2021";"NON";"NON";"56078";"";"";"";"2021-10-06";"132434";""
"56082";"1111";"CC";"COM";"2006-09-12 22:00:00+00:00";"2004-05-05 22:00:00+00:00";"11";"56";"53";"2021";"NON";"NON";"56082";"";"";"";"2021-10-06";"15177";""
"56083";"3199";"PLU";"COM";"2020-01-29 23:00:00+00:00";"2016-04-27 22:00:00+00:00";"39";"56";"53";"2021";"NON";"NON";"56083";"";"";"";"2021-10-06";"148679";""
"56084";"3199";"PLU";"COM";"2014-02-24 23:00:00+00:00";"2009-01-29 23:00:00+00:00";"39";"56";"53";"2021";"NON";"NON";"56084";"";"";"";"2021-10-06";"62759";""
"56085";"3199";"PLU";"COM";"2017-04-09 22:00:00+00:00";"2010-10-04 22:00:00+00:00";"39";"56";"53";"2021";"NON";"NON";"56085";"";"";"";"2021-10-06";"132436";""
"56086";"3199";"PLU";"COM";"2017-02-09 23:00:00+00:00";"2016-09-05 22:00:00+00:00";"39";"56";"53";"2021";"NON";"NON";"56086";"";"";"";"2021-10-06";"152005";""
"56087";"3199";"PLU";"COM";"2014-03-18 23:00:00+00:00";"2010-03-25 23:00:00+00:00";"39";"56";"53";"2021";"NON";"NON";"56087";"";"";"";"2021-10-06";"64056";""
"56088";"3199";"PLU";"COM";"2007-02-25 23:00:00+00:00";"2002-12-01 23:00:00+00:00";"39";"56";"53";"2021";"NON";"NON";"56088";"";"";"";"2021-10-06";"53667";""
"56089";"3199";"PLU";"COM";"2017-10-23 22:00:00+00:00";"2007-10-01 22:00:00+00:00";"39";"56";"53";"2021";"NON";"NON";"56089";"";"";"";"2021-10-06";"64057";""
"56090";"3199";"PLU";"COM";"2019-11-03 23:00:00+00:00";"2016-12-11 23:00:00+00:00";"39";"56";"53";"2021";"NON";"NON";"56090";"";"";"";"2021-10-06";"157274";""
"56091";"3131";"PLU";"COM";"2005-09-22 22:00:00+00:00";"2002-09-25 22:00:00+00:00";"33";"56";"53";"2021";"NON";"NON";"56091";"";"";"";"2021-10-06";"53666";""
"56092";"3299";"PLUi/PLUiS";"CC";"2021-05-17 22:00:00+00:00";"2015-12-14 23:00:00+00:00";"39";"56";"53";"2021";"NON";"OUI";"245614433";"";"";"";"2021-10-06";"147681";""
"56093";"3299";"PLUi/PLUiS";"CC";"2021-05-17 22:00:00+00:00";"2015-12-14 23:00:00+00:00";"39";"56";"53";"2021";"NON";"OUI";"245614433";"";"";"";"2021-10-06";"147681";""
"56094";"3199";"PLU";"COM";"2016-10-16 22:00:00+00:00";"2007-05-09 22:00:00+00:00";"39";"56";"53";"2021";"NON";"NON";"56094";"";"";"";"2021-10-06";"64058";""
"56096";"3199";"PLU";"COM";"2017-09-20 22:00:00+00:00";"2014-07-27 22:00:00+00:00";"39";"56";"53";"2021";"NON";"NON";"56096";"";"";"";"2021-10-06";"64059";""
"56097";"3199";"PLU";"COM";"2015-06-25 22:00:00+00:00";"2011-02-13 23:00:00+00:00";"39";"56";"53";"2021";"NON";"NON";"56097";"";"";"";"2021-10-06";"64060";""
"56098";"3199";"PLU";"COM";"2019-11-20 23:00:00+00:00";"2015-07-01 22:00:00+00:00";"39";"56";"53";"2021";"NON";"NON";"56098";"";"";"";"2021-10-06";"110544";""
"56099";"1432";"CC";"CC";"2008-02-13 23:00:00+00:00";"2006-03-05 23:00:00+00:00";"13";"56";"53";"2021";"NON";"NON";"56099";"";"";"";"2021-10-06";"69751";""
"56100";"1432";"CC";"CC";"2015-06-21 22:00:00+00:00";"2008-09-17 22:00:00+00:00";"13";"56";"53";"2021";"NON";"NON";"56100";"";"";"";"2021-10-06";"67450";""
"56101";"3199";"PLU";"COM";"2013-03-17 23:00:00+00:00";"2007-12-19 23:00:00+00:00";"39";"56";"53";"2021";"NON";"NON";"56101";"";"";"";"2021-10-06";"64061";""
"56102";"1131";"CC";"COM";"2006-07-02 22:00:00+00:00";"2004-11-25 23:00:00+00:00";"13";"56";"53";"2021";"NON";"NON";"56102";"";"";"";"2021-10-06";"69745";""
"56103";"1199";"CC";"COM";"2010-03-29 22:00:00+00:00";"2008-04-25 22:00:00+00:00";"19";"56";"53";"2021";"NON";"NON";"56103";"";"";"";"2021-10-06";"69752";""
"56104";"3199";"PLU";"COM";"2019-06-12 22:00:00+00:00";"2015-12-16 23:00:00+00:00";"39";"56";"53";"2021";"NON";"NON";"56104";"";"";"";"2021-10-06";"145515";""
"56105";"1432";"CC";"CC";"2006-02-22 23:00:00+00:00";"2002-02-24 23:00:00+00:00";"13";"56";"53";"2021";"NON";"NON";"56105";"";"";"";"2021-10-06";"15179";""
"56106";"3199";"PLU";"COM";"2018-06-03 22:00:00+00:00";"2010-09-26 22:00:00+00:00";"39";"56";"53";"2021";"NON";"NON";"56106";"";"";"";"2021-10-06";"62755";""
"56107";"3131";"PLU";"COM";"2011-01-18 23:00:00+00:00";"2009-06-16 22:00:00+00:00";"33";"56";"53";"2021";"NON";"NON";"56107";"";"";"";"2021-10-06";"64062";""
"56108";"3299";"PLUi/PLUiS";"CC";"2019-12-15 23:00:00+00:00";"2014-10-19 22:00:00+00:00";"39";"56";"53";"2021";"NON";"OUI";"245614383";"";"";"";"2021-10-06";"135151";""
"56109";"3299";"PLUi/PLUiS";"CC";"2019-12-15 23:00:00+00:00";"2014-10-19 22:00:00+00:00";"39";"56";"53";"2021";"NON";"OUI";"245614383";"";"";"";"2021-10-06";"135151";""
"56111";"3299";"PLUi/PLUiS";"CC";"2019-12-15 23:00:00+00:00";"2014-10-19 22:00:00+00:00";"39";"56";"53";"2021";"NON";"OUI";"245614383";"";"";"";"2021-10-06";"135151";""
"56112";"1111";"CC";"COM";"2005-12-25 23:00:00+00:00";"2001-04-01 22:00:00+00:00";"11";"56";"53";"2021";"NON";"NON";"56112";"";"";"";"2021-10-06";"70349";""
"56113";"1432";"CC";"CC";"2013-07-14 22:00:00+00:00";"2007-02-28 23:00:00+00:00";"13";"56";"53";"2021";"NON";"NON";"56113";"";"";"";"2021-10-06";"67093";""
"56115";"3131";"PLU";"COM";"2014-02-26 23:00:00+00:00";"2011-11-09 23:00:00+00:00";"33";"56";"53";"2021";"NON";"NON";"56115";"";"";"";"2021-10-06";"95685";""
"56116";"3199";"PLU";"COM";"2019-06-23 22:00:00+00:00";"2012-12-17 23:00:00+00:00";"39";"56";"53";"2021";"NON";"NON";"56116";"";"";"";"2021-10-06";"132418";""
"56117";"3199";"PLU";"COM";"2019-03-25 23:00:00+00:00";"2016-04-01 22:00:00+00:00";"39";"56";"53";"2021";"NON";"NON";"56117";"";"";"";"2021-10-06";"154851";""
"56118";"3199";"PLU";"COM";"2014-01-22 23:00:00+00:00";"2011-06-16 22:00:00+00:00";"39";"56";"53";"2021";"NON";"NON";"56118";"";"";"";"2021-10-06";"53672";""
"56119";"3199";"PLU";"COM";"2017-01-15 23:00:00+00:00";"2014-06-29 22:00:00+00:00";"39";"56";"53";"2021";"NON";"NON";"56119";"";"";"";"2021-10-06";"130874";""
"56120";"3131";"PLU";"COM";"2013-12-18 23:00:00+00:00";"2011-12-14 23:00:00+00:00";"33";"56";"53";"2021";"NON";"NON";"56120";"";"";"";"2021-10-06";"116944";""
"56121";"3199";"PLU";"COM";"2013-12-18 23:00:00+00:00";"2009-05-13 22:00:00+00:00";"39";"56";"53";"2021";"NON";"NON";"56121";"";"";"";"2021-10-06";"62760";""
"56122";"3131";"PLU";"COM";"2009-09-15 22:00:00+00:00";"2002-12-18 23:00:00+00:00";"33";"56";"53";"2021";"NON";"NON";"56122";"";"";"";"2021-10-06";"53674";""
"56123";"3299";"PLUi/PLUiS";"CC";"2019-12-15 23:00:00+00:00";"2014-10-19 22:00:00+00:00";"39";"56";"53";"2021";"NON";"OUI";"245614383";"";"";"";"2021-10-06";"135151";""
"56124";"3199";"PLU";"COM";"2007-07-02 22:00:00+00:00";"2001-11-21 23:00:00+00:00";"39";"56";"53";"2021";"NON";"NON";"56124";"";"";"";"2021-10-06";"53675";""
"56125";"3299";"PLUi/PLUiS";"CC";"2021-05-17 22:00:00+00:00";"2015-12-14 23:00:00+00:00";"39";"56";"53";"2021";"NON";"OUI";"245614433";"";"";"";"2021-10-06";"147681";""
"56126";"3199";"PLU";"COM";"2020-07-08 22:00:00+00:00";"2016-11-02 23:00:00+00:00";"39";"56";"53";"2021";"NON";"NON";"56126";"";"";"";"2021-10-06";"151746";""
"56127";"3199";"PLU";"COM";"2007-08-28 22:00:00+00:00";"2003-11-28 23:00:00+00:00";"39";"56";"53";"2021";"NON";"NON";"56127";"";"";"";"2021-10-06";"53678";""
"56128";"1199";"CC";"COM";"2005-12-20 23:00:00+00:00";"2004-02-12 23:00:00+00:00";"19";"56";"53";"2021";"NON";"NON";"56128";"";"";"";"2021-10-06";"15166";""
"56129";"3199";"PLU";"COM";"2006-01-09 23:00:00+00:00";"2006-01-09 23:00:00+00:00";"39";"56";"53";"2021";"NON";"NON";"56129";"";"";"";"2021-10-06";"53679";""
"56130";"3199";"PLU";"COM";"2016-06-05 22:00:00+00:00";"2008-11-23 23:00:00+00:00";"39";"56";"53";"2021";"NON";"NON";"56130";"";"";"";"2021-10-06";"64063";""
"56131";"1432";"CC";"CC";"2007-12-18 23:00:00+00:00";"2002-05-01 22:00:00+00:00";"13";"56";"53";"2021";"NON";"NON";"56131";"";"";"";"2021-10-06";"70350";""
"56132";"3199";"PLU";"COM";"2014-01-26 23:00:00+00:00";"2010-06-02 22:00:00+00:00";"39";"56";"53";"2021";"NON";"NON";"56132";"";"";"";"2021-10-06";"62761";""
"56133";"3131";"PLU";"COM";"2011-05-16 22:00:00+00:00";"2005-07-05 22:00:00+00:00";"33";"56";"53";"2021";"NON";"NON";"56133";"";"";"";"2021-10-06";"62767";""
"56134";"3199";"PLU";"COM";"2007-01-08 23:00:00+00:00";"2003-02-06 23:00:00+00:00";"39";"56";"53";"2021";"NON";"NON";"56134";"";"";"";"2021-10-06";"53680";""
"56135";"3299";"PLUi/PLUiS";"CC";"2019-12-15 23:00:00+00:00";"2014-10-19 22:00:00+00:00";"39";"56";"53";"2021";"NON";"OUI";"245614383";"";"";"";"2021-10-06";"135151";""
"56136";"3199";"PLU";"COM";"2014-11-02 23:00:00+00:00";"2011-04-18 22:00:00+00:00";"39";"56";"53";"2021";"NON";"NON";"56136";"";"";"";"2021-10-06";"95924";""
"56137";"3199";"PLU";"COM";"2019-12-10 23:00:00+00:00";"2016-03-08 23:00:00+00:00";"39";"56";"53";"2021";"NON";"NON";"56137";"";"";"";"2021-10-06";"147415";""
"56139";"3199";"PLU";"COM";"2007-07-16 22:00:00+00:00";"2002-06-24 22:00:00+00:00";"39";"56";"53";"2021";"NON";"NON";"56139";"";"";"";"2021-10-06";"53681";""
"56140";"3199";"PLU";"COM";"2016-09-22 22:00:00+00:00";"2006-03-30 22:00:00+00:00";"39";"56";"53";"2021";"NON";"NON";"56140";"";"";"";"2021-10-06";"64064";""
"56141";"3199";"PLU";"COM";"2018-10-14 22:00:00+00:00";"2015-02-22 23:00:00+00:00";"39";"56";"53";"2021";"NON";"NON";"56141";"";"";"";"2021-10-06";"158908";""
"56143";"3199";"PLU";"COM";"2017-03-15 23:00:00+00:00";"2012-09-12 22:00:00+00:00";"39";"56";"53";"2021";"NON";"NON";"56143";"";"";"";"2021-10-06";"115537";""
"56144";"3199";"PLU";"COM";"2014-09-11 22:00:00+00:00";"2010-03-11 23:00:00+00:00";"39";"56";"53";"2021";"NON";"NON";"56144";"";"";"";"2021-10-06";"65195";""
"56145";"3199";"PLU";"COM";"2010-01-20 23:00:00+00:00";"2004-03-30 22:00:00+00:00";"39";"56";"53";"2021";"NON";"NON";"56145";"";"";"";"2021-10-06";"61793";""
"56146";"3299";"PLUi/PLUiS";"CC";"2021-05-17 22:00:00+00:00";"2015-12-14 23:00:00+00:00";"39";"56";"53";"2021";"NON";"OUI";"245614433";"";"";"";"2021-10-06";"147681";""
"56147";"3199";"PLU";"COM";"2017-02-05 23:00:00+00:00";"2009-11-01 23:00:00+00:00";"39";"56";"53";"2021";"NON";"NON";"56147";"";"";"";"2021-10-06";"62924";""
"56148";"3131";"PLU";"COM";"2006-05-14 22:00:00+00:00";"2001-12-06 23:00:00+00:00";"33";"56";"53";"2021";"NON";"NON";"56148";"";"";"";"2021-10-06";"53683";""
"56149";"3199";"PLU";"COM";"2019-12-15 23:00:00+00:00";"2012-01-25 23:00:00+00:00";"39";"56";"53";"2021";"NON";"NON";"56149";"";"";"";"2021-10-06";"113658";""
"56151";"3299";"PLUi/PLUiS";"CC";"2021-05-17 22:00:00+00:00";"2015-12-14 23:00:00+00:00";"39";"56";"53";"2021";"NON";"OUI";"245614433";"";"";"";"2021-10-06";"147681";""
"56152";"3199";"PLU";"COM";"2020-03-04 23:00:00+00:00";"2011-11-20 23:00:00+00:00";"39";"56";"53";"2021";"NON";"NON";"56152";"";"";"";"2021-10-06";"64556";""
"56153";"3131";"PLU";"COM";"2013-01-21 23:00:00+00:00";"2005-03-21 23:00:00+00:00";"33";"56";"53";"2021";"NON";"NON";"56153";"";"";"";"2021-10-06";"96113";""
"56154";"3199";"PLU";"COM";"2014-02-05 23:00:00+00:00";"2009-11-29 23:00:00+00:00";"39";"56";"53";"2021";"NON";"NON";"56154";"";"";"";"2021-10-06";"62763";""
"56155";"3131";"PLU";"COM";"2010-10-10 22:00:00+00:00";"2009-01-18 23:00:00+00:00";"33";"56";"53";"2021";"NON";"NON";"56155";"";"";"";"2021-10-06";"53685";""
"56156";"1432";"CC";"CC";"2014-04-28 22:00:00+00:00";"2010-02-15 23:00:00+00:00";"13";"56";"53";"2021";"NON";"NON";"56156";"";"";"";"2021-10-06";"124744";""
"56157";"3199";"PLU";"COM";"2019-01-28 23:00:00+00:00";"2014-12-08 23:00:00+00:00";"39";"56";"53";"2021";"NON";"NON";"56157";"";"";"";"2021-10-06";"134315";""
"56158";"3131";"PLU";"COM";"2013-11-11 23:00:00+00:00";"2010-07-04 22:00:00+00:00";"33";"56";"53";"2021";"NON";"NON";"56158";"";"";"";"2021-10-06";"62764";""
"56159";"3199";"PLU";"COM";"2019-12-16 23:00:00+00:00";"2017-12-17 23:00:00+00:00";"39";"56";"53";"2021";"NON";"NON";"56159";"";"";"";"2021-10-06";"160559";""
"56160";"3299";"PLUi/PLUiS";"CC";"2021-05-17 22:00:00+00:00";"2015-12-14 23:00:00+00:00";"39";"56";"53";"2021";"NON";"OUI";"245614433";"";"";"";"2021-10-06";"147681";""
"56161";"3199";"PLU";"COM";"2019-11-13 23:00:00+00:00";"2015-01-27 23:00:00+00:00";"39";"56";"53";"2021";"NON";"NON";"56161";"";"";"";"2021-10-06";"165284";""
"56162";"3131";"PLU";"COM";"2013-03-13 23:00:00+00:00";"2008-11-18 23:00:00+00:00";"33";"56";"53";"2021";"NON";"NON";"56162";"";"";"";"2021-10-06";"62765";""
"56163";"1432";"CC";"CC";"2005-12-14 23:00:00+00:00";"2001-11-28 23:00:00+00:00";"13";"56";"53";"2021";"NON";"NON";"56163";"";"";"";"2021-10-06";"15162";""
"56164";"3199";"PLU";"COM";"2020-01-26 23:00:00+00:00";"2015-12-13 23:00:00+00:00";"39";"56";"53";"2021";"NON";"NON";"56164";"";"";"";"2021-10-06";"146650";""
"56165";"3199";"PLU";"COM";"2013-03-27 23:00:00+00:00";"2009-03-19 23:00:00+00:00";"39";"56";"53";"2021";"NON";"NON";"56165";"";"";"";"2021-10-06";"64558";""
"56166";"3199";"PLU";"COM";"2013-05-16 22:00:00+00:00";"2004-06-24 22:00:00+00:00";"39";"56";"53";"2021";"NON";"NON";"56166";"";"";"";"2021-10-06";"64559";""
"56167";"3199";"PLU";"COM";"2019-07-03 22:00:00+00:00";"2014-12-15 23:00:00+00:00";"39";"56";"53";"2021";"NON";"NON";"56167";"";"";"";"2021-10-06";"139449";""
"56168";"3199";"PLU";"COM";"2013-06-24 22:00:00+00:00";"2008-02-28 23:00:00+00:00";"39";"56";"53";"2021";"NON";"NON";"56168";"";"";"";"2021-10-06";"62926";""
"56169";"3199";"PLU";"COM";"2018-01-10 23:00:00+00:00";"2015-12-15 23:00:00+00:00";"39";"56";"53";"2021";"NON";"NON";"56169";"";"";"";"2021-10-06";"146733";""
"56170";"1432";"CC";"CC";"2010-12-19 23:00:00+00:00";"2008-07-20 22:00:00+00:00";"13";"56";"53";"2021";"NON";"NON";"56170";"";"";"";"2021-10-06";"69741";""
"56171";"3299";"PLUi/PLUiS";"CC";"2019-12-15 23:00:00+00:00";"2014-10-19 22:00:00+00:00";"39";"56";"53";"2021";"NON";"OUI";"245614383";"";"";"";"2021-10-06";"135151";""
"56172";"3131";"PLU";"COM";"2007-03-27 22:00:00+00:00";"2002-04-11 22:00:00+00:00";"33";"56";"53";"2021";"NON";"NON";"56172";"";"";"";"2021-10-06";"54051";""
"56173";"3199";"PLU";"COM";"2012-06-28 22:00:00+00:00";"2007-06-14 22:00:00+00:00";"39";"56";"53";"2021";"NON";"NON";"56173";"";"";"";"2021-10-06";"64562";""
"56174";"3199";"PLU";"COM";"2008-08-05 22:00:00+00:00";"2004-02-24 23:00:00+00:00";"39";"56";"53";"2021";"NON";"NON";"56174";"";"";"";"2021-10-06";"110885";""
"56175";"3199";"PLU";"COM";"2019-02-24 23:00:00+00:00";"2008-12-14 23:00:00+00:00";"39";"56";"53";"2021";"NON";"NON";"56175";"";"";"";"2021-10-06";"64563";""
"56176";"3199";"PLU";"COM";"2019-02-26 23:00:00+00:00";"2015-01-21 23:00:00+00:00";"39";"56";"53";"2021";"NON";"NON";"56176";"";"";"";"2021-10-06";"152287";""
"56177";"3199";"PLU";"COM";"2016-03-09 23:00:00+00:00";"2009-01-28 23:00:00+00:00";"39";"56";"53";"2021";"NON";"NON";"56177";"";"";"";"2021-10-06";"62770";""
"56178";"3299";"PLUi/PLUiS";"CC";"2021-05-17 22:00:00+00:00";"2015-12-14 23:00:00+00:00";"39";"56";"53";"2021";"NON";"OUI";"245614433";"";"";"";"2021-10-06";"147681";""
"56179";"3199";"PLU";"COM";"2018-07-01 22:00:00+00:00";"2010-05-30 22:00:00+00:00";"39";"56";"53";"2021";"NON";"NON";"56179";"";"";"";"2021-10-06";"110977";""
"56180";"1111";"CC";"COM";"2006-09-12 22:00:00+00:00";"2003-02-04 23:00:00+00:00";"11";"56";"53";"2021";"NON";"NON";"56180";"";"";"";"2021-10-06";"65495";""
"56181";"3199";"PLU";"COM";"2017-03-20 23:00:00+00:00";"2014-11-17 23:00:00+00:00";"39";"56";"53";"2021";"NON";"NON";"56181";"";"";"";"2021-10-06";"62771";""
"56184";"3299";"PLUi/PLUiS";"CC";"2019-12-15 23:00:00+00:00";"2014-10-19 22:00:00+00:00";"39";"56";"53";"2021";"NON";"OUI";"245614383";"";"";"";"2021-10-06";"135151";""
"56185";"3199";"PLU";"COM";"2020-01-29 23:00:00+00:00";"2016-05-11 22:00:00+00:00";"39";"56";"53";"2021";"NON";"NON";"56185";"";"";"";"2021-10-06";"148682";""
"56186";"3199";"PLU";"COM";"2014-10-15 22:00:00+00:00";"2009-02-02 23:00:00+00:00";"39";"56";"53";"2021";"NON";"NON";"56186";"";"";"";"2021-10-06";"62772";""
"56188";"3199";"PLU";"COM";"2019-12-18 23:00:00+00:00";"2016-07-11 22:00:00+00:00";"39";"56";"53";"2021";"NON";"NON";"56188";"";"";"";"2021-10-06";"150263";""
"56189";"3299";"PLUi/PLUiS";"CC";"2021-05-17 22:00:00+00:00";"2015-12-14 23:00:00+00:00";"39";"56";"53";"2021";"NON";"OUI";"245614433";"";"";"";"2021-10-06";"147681";""
"56190";"3299";"PLUi/PLUiS";"CC";"2021-05-17 22:00:00+00:00";"2015-12-14 23:00:00+00:00";"39";"56";"53";"2021";"NON";"OUI";"245614433";"";"";"";"2021-10-06";"147681";""
"56191";"1199";"CC";"COM";"2005-12-14 23:00:00+00:00";"2002-11-14 23:00:00+00:00";"19";"56";"53";"2021";"NON";"NON";"56191";"";"";"";"2021-10-06";"68405";""
"56194";"3199";"PLU";"COM";"2019-04-24 22:00:00+00:00";"2014-10-16 22:00:00+00:00";"39";"56";"53";"2021";"NON";"NON";"56194";"";"";"";"2021-10-06";"147812";""
"56195";"3199";"PLU";"COM";"2013-12-09 23:00:00+00:00";"2009-07-05 22:00:00+00:00";"39";"56";"53";"2021";"NON";"NON";"56195";"";"";"";"2021-10-06";"113661";""
"56196";"3299";"PLUi/PLUiS";"CC";"2019-12-15 23:00:00+00:00";"2014-10-19 22:00:00+00:00";"39";"56";"53";"2021";"NON";"OUI";"245614383";"";"";"";"2021-10-06";"135151";""
"56197";"3199";"PLU";"COM";"2020-07-08 22:00:00+00:00";"2016-07-06 22:00:00+00:00";"39";"56";"53";"2021";"NON";"NON";"56197";"";"";"";"2021-10-06";"150455";""
"56198";"3299";"PLUi/PLUiS";"CC";"2021-05-17 22:00:00+00:00";"2015-12-14 23:00:00+00:00";"39";"56";"53";"2021";"NON";"OUI";"245614433";"";"";"";"2021-10-06";"147681";""
"56199";"3432";"PLU";"CC";"2012-02-09 23:00:00+00:00";"2007-03-29 22:00:00+00:00";"33";"56";"53";"2021";"NON";"NON";"56199";"";"";"";"2021-10-06";"64068";""
"56200";"3199";"PLU";"COM";"2014-02-24 23:00:00+00:00";"2010-01-01 23:00:00+00:00";"39";"56";"53";"2021";"NON";"NON";"56200";"";"";"";"2021-10-06";"65103";""
"56201";"1432";"CC";"CC";"2010-03-21 23:00:00+00:00";"2008-07-23 22:00:00+00:00";"13";"56";"53";"2021";"NON";"NON";"56201";"";"";"";"2021-10-06";"69742";""
"56202";"1199";"CC";"COM";"2021-03-15 23:00:00+00:00";"2019-02-12 23:00:00+00:00";"19";"56";"53";"2021";"NON";"NON";"56202";"";"";"";"2021-10-06";"171536";""
"56203";"3299";"PLUi/PLUiS";"CC";"2021-05-17 22:00:00+00:00";"2015-12-14 23:00:00+00:00";"39";"56";"53";"2021";"NON";"OUI";"245614433";"";"";"";"2021-10-06";"147681";""
"56204";"1199";"CC";"COM";"2020-07-28 22:00:00+00:00";"2017-02-27 23:00:00+00:00";"19";"56";"53";"2021";"NON";"NON";"56204";"";"";"";"2021-10-06";"156995";""
"56205";"3199";"PLU";"COM";"2007-10-11 22:00:00+00:00";"2003-05-22 22:00:00+00:00";"39";"56";"53";"2021";"NON";"NON";"56205";"";"";"";"2021-10-06";"53697";""
"56206";"3199";"PLU";"COM";"2011-12-08 23:00:00+00:00";"2009-09-16 22:00:00+00:00";"39";"56";"53";"2021";"NON";"NON";"56206";"";"";"";"2021-10-06";"62769";""
"56207";"3199";"PLU";"COM";"2012-12-05 23:00:00+00:00";"2008-05-02 22:00:00+00:00";"39";"56";"53";"2021";"NON";"NON";"56207";"";"";"";"2021-10-06";"104633";""
"56208";"1199";"CC";"COM";"2007-07-09 22:00:00+00:00";"2004-09-29 22:00:00+00:00";"19";"56";"53";"2021";"NON";"NON";"56208";"";"";"";"2021-10-06";"68406";""
"56209";"3299";"PLUi/PLUiS";"CC";"2021-05-17 22:00:00+00:00";"2015-12-14 23:00:00+00:00";"39";"56";"53";"2021";"NON";"OUI";"245614433";"";"";"";"2021-10-06";"147681";""
"56210";"1432";"CC";"CC";"2004-05-31 22:00:00+00:00";"2001-08-30 22:00:00+00:00";"13";"56";"53";"2021";"NON";"NON";"56210";"";"";"";"2021-10-06";"69753";""
"56211";"1199";"CC";"COM";"2009-08-04 22:00:00+00:00";"2008-02-03 23:00:00+00:00";"19";"56";"53";"2021";"NON";"NON";"56211";"";"";"";"2021-10-06";"69754";""
"56212";"3199";"PLU";"COM";"2019-11-27 23:00:00+00:00";"2015-05-27 22:00:00+00:00";"39";"56";"53";"2021";"NON";"NON";"56212";"";"";"";"2021-10-06";"141009";""
"56213";"3299";"PLUi/PLUiS";"CC";"2021-05-17 22:00:00+00:00";"2015-12-14 23:00:00+00:00";"39";"56";"53";"2021";"NON";"OUI";"245614433";"";"";"";"2021-10-06";"147681";""
"56214";"3199";"PLU";"COM";"2013-09-25 22:00:00+00:00";"2008-12-10 23:00:00+00:00";"39";"56";"53";"2021";"NON";"NON";"56214";"";"";"";"2021-10-06";"61794";""
"56215";"3299";"PLUi/PLUiS";"CC";"2021-05-17 22:00:00+00:00";"2015-12-14 23:00:00+00:00";"39";"56";"53";"2021";"NON";"OUI";"245614433";"";"";"";"2021-10-06";"147681";""
"56216";"1199";"CC";"COM";"2018-10-10 22:00:00+00:00";"2015-07-09 22:00:00+00:00";"19";"56";"53";"2021";"NON";"NON";"56216";"";"";"";"2021-10-06";"142200";""
"56218";"3299";"PLUi/PLUiS";"CC";"2019-12-15 23:00:00+00:00";"2014-10-19 22:00:00+00:00";"39";"56";"53";"2021";"NON";"OUI";"245614383";"";"";"";"2021-10-06";"135151";""
"56219";"3199";"PLU";"COM";"2010-07-05 22:00:00+00:00";"2006-04-04 22:00:00+00:00";"39";"56";"53";"2021";"NON";"NON";"56219";"";"";"";"2021-10-06";"51945";""
"56220";"3131";"PLU";"COM";"2008-06-19 22:00:00+00:00";"2003-06-11 22:00:00+00:00";"33";"56";"53";"2021";"NON";"NON";"56220";"";"";"";"2021-10-06";"53699";""
"56221";"3199";"PLU";"COM";"2010-01-19 23:00:00+00:00";"2005-05-09 22:00:00+00:00";"39";"56";"53";"2021";"NON";"NON";"56221";"";"";"";"2021-10-06";"64069";""
"56222";"3199";"PLU";"COM";"2021-02-14 23:00:00+00:00";"2018-10-13 22:00:00+00:00";"39";"56";"53";"2021";"NON";"NON";"56222";"";"";"";"2021-10-06";"168998";""
"56223";"3199";"PLU";"COM";"2014-02-26 23:00:00+00:00";"2011-03-30 22:00:00+00:00";"39";"56";"53";"2021";"NON";"NON";"56223";"";"";"";"2021-10-06";"113662";""
"56224";"1199";"CC";"COM";"2006-11-04 23:00:00+00:00";"2005-06-21 22:00:00+00:00";"19";"56";"53";"2021";"NON";"NON";"56224";"";"";"";"2021-10-06";"69758";""
"56225";"3199";"PLU";"COM";"2014-01-30 23:00:00+00:00";"2009-12-03 23:00:00+00:00";"39";"56";"53";"2021";"NON";"NON";"56225";"";"";"";"2021-10-06";"115782";""
"56226";"3199";"PLU";"COM";"2015-03-29 22:00:00+00:00";"2012-04-23 22:00:00+00:00";"39";"56";"53";"2021";"NON";"NON";"56226";"";"";"";"2021-10-06";"106951";""
"56227";"1199";"CC";"COM";"2015-12-27 23:00:00+00:00";"2014-03-12 23:00:00+00:00";"19";"56";"53";"2021";"NON";"NON";"56227";"";"";"";"2021-10-06";"129578";""
"56228";"3131";"PLU";"COM";"2009-01-25 23:00:00+00:00";"2005-07-06 22:00:00+00:00";"33";"56";"53";"2021";"NON";"NON";"56228";"";"";"";"2021-10-06";"53701";""
"56229";"3199";"PLU";"COM";"2006-04-11 22:00:00+00:00";"2002-02-13 23:00:00+00:00";"39";"56";"53";"2021";"NON";"NON";"56229";"";"";"";"2021-10-06";"53702";""
"56230";"1111";"CC";"COM";"2005-10-04 22:00:00+00:00";"2003-02-20 23:00:00+00:00";"11";"56";"53";"2021";"NON";"NON";"56230";"";"";"";"2021-10-06";"69759";""
"56231";"3199";"PLU";"COM";"2014-02-05 23:00:00+00:00";"2011-09-28 22:00:00+00:00";"39";"56";"53";"2021";"NON";"NON";"56231";"";"";"";"2021-10-06";"96696";""
"56232";"3199";"PLU";"COM";"2015-02-23 23:00:00+00:00";"2007-05-09 22:00:00+00:00";"39";"56";"53";"2021";"NON";"NON";"56232";"";"";"";"2021-10-06";"64070";""
"56233";"3199";"PLU";"COM";"2019-03-06 23:00:00+00:00";"2016-01-24 23:00:00+00:00";"39";"56";"53";"2021";"NON";"NON";"56233";"";"";"";"2021-10-06";"143068";""
"56234";"3199";"PLU";"COM";"2017-06-21 22:00:00+00:00";"2014-09-11 22:00:00+00:00";"39";"56";"53";"2021";"NON";"NON";"56234";"";"";"";"2021-10-06";"62779";""
"56236";"1199";"CC";"COM";"2007-04-18 22:00:00+00:00";"2005-01-24 23:00:00+00:00";"19";"56";"53";"2021";"NON";"NON";"56236";"";"";"";"2021-10-06";"69760";""
"56237";"3299";"PLUi/PLUiS";"CC";"2021-05-17 22:00:00+00:00";"2015-12-14 23:00:00+00:00";"39";"56";"53";"2021";"NON";"OUI";"245614433";"";"";"";"2021-10-06";"147681";""
"56238";"1432";"CC";"CC";"2014-03-19 23:00:00+00:00";"2008-09-28 22:00:00+00:00";"13";"56";"53";"2021";"NON";"NON";"56238";"";"";"";"2021-10-06";"66627";""
"56239";"3131";"PLU";"COM";"2004-07-11 22:00:00+00:00";"1999-06-27 22:00:00+00:00";"33";"56";"53";"2021";"NON";"NON";"56239";"";"";"";"2021-10-06";"59135";""
"56240";"3199";"PLU";"COM";"2013-09-29 22:00:00+00:00";"2009-02-13 23:00:00+00:00";"39";"56";"53";"2021";"NON";"NON";"56240";"";"";"";"2021-10-06";"64071";""
"56242";"3299";"PLUi/PLUiS";"CC";"2021-05-17 22:00:00+00:00";"2015-12-14 23:00:00+00:00";"39";"56";"53";"2021";"NON";"OUI";"245614433";"";"";"";"2021-10-06";"147681";""
"56243";"3199";"PLU";"COM";"2011-02-22 23:00:00+00:00";"2008-05-29 22:00:00+00:00";"39";"56";"53";"2021";"NON";"NON";"56243";"";"";"";"2021-10-06";"62776";""
"56244";"3131";"PLU";"COM";"2007-09-25 22:00:00+00:00";"2004-03-24 23:00:00+00:00";"33";"56";"53";"2021";"NON";"NON";"56244";"";"";"";"2021-10-06";"53706";""
"56245";"3299";"PLUi/PLUiS";"CC";"2021-05-17 22:00:00+00:00";"2015-12-14 23:00:00+00:00";"39";"56";"53";"2021";"NON";"OUI";"245614433";"";"";"";"2021-10-06";"147681";""
"56246";"3299";"PLUi/PLUiS";"CC";"2021-05-17 22:00:00+00:00";"2015-12-14 23:00:00+00:00";"39";"56";"53";"2021";"NON";"OUI";"245614433";"";"";"";"2021-10-06";"147681";""
"56247";"3199";"PLU";"COM";"2019-11-20 23:00:00+00:00";"2016-02-24 23:00:00+00:00";"39";"56";"53";"2021";"NON";"NON";"56247";"";"";"";"2021-10-06";"147063";""
"56248";"3199";"PLU";"COM";"2019-10-06 22:00:00+00:00";"2016-06-06 22:00:00+00:00";"39";"56";"53";"2021";"NON";"NON";"56248";"";"";"";"2021-10-06";"150458";""
"56249";"3131";"PLU";"COM";"2009-01-11 23:00:00+00:00";"2002-11-14 23:00:00+00:00";"33";"56";"53";"2021";"NON";"NON";"56249";"";"";"";"2021-10-06";"53710";""
"56250";"3199";"PLU";"COM";"2017-11-01 23:00:00+00:00";"2009-09-16 22:00:00+00:00";"39";"56";"53";"2021";"NON";"NON";"56250";"";"";"";"2021-10-06";"65198";""
"56251";"3199";"PLU";"COM";"2012-10-03 22:00:00+00:00";"2009-01-28 23:00:00+00:00";"39";"56";"53";"2021";"NON";"NON";"56251";"";"";"";"2021-10-06";"64555";""
"56252";"3131";"PLU";"COM";"2013-07-11 22:00:00+00:00";"2007-02-19 23:00:00+00:00";"33";"56";"53";"2021";"NON";"NON";"56252";"";"";"";"2021-10-06";"62780";""
"56253";"1199";"CC";"COM";"2005-02-14 23:00:00+00:00";"2001-04-01 22:00:00+00:00";"19";"56";"53";"2021";"NON";"NON";"56253";"";"";"";"2021-10-06";"131733";""
"56254";"3199";"PLU";"COM";"2020-02-09 23:00:00+00:00";"2014-06-02 22:00:00+00:00";"39";"56";"53";"2021";"NON";"NON";"56254";"";"";"";"2021-10-06";"132757";""
"56255";"3199";"PLU";"COM";"2020-01-29 23:00:00+00:00";"2016-02-24 23:00:00+00:00";"39";"56";"53";"2021";"NON";"NON";"56255";"";"";"";"2021-10-06";"146849";""
"56256";"1199";"CC";"COM";"2007-11-21 23:00:00+00:00";"2006-03-30 22:00:00+00:00";"19";"56";"53";"2021";"NON";"NON";"56256";"";"";"";"2021-10-06";"69775";""
"56258";"3199";"PLU";"COM";"2013-12-25 23:00:00+00:00";"2001-07-24 22:00:00+00:00";"39";"56";"53";"2021";"NON";"NON";"56258";"";"";"";"2021-10-06";"64072";""
"56259";"3199";"PLU";"COM";"2013-11-04 23:00:00+00:00";"2007-10-28 23:00:00+00:00";"39";"56";"53";"2021";"NON";"NON";"56259";"";"";"";"2021-10-06";"62777";""
"56260";"3199";"PLU";"COM";"2017-06-29 22:00:00+00:00";"2015-03-26 23:00:00+00:00";"39";"56";"53";"2021";"NON";"NON";"56260";"";"";"";"2021-10-06";"115767";""
"56261";"3299";"PLUi/PLUiS";"CC";"2019-12-15 23:00:00+00:00";"2014-10-19 22:00:00+00:00";"39";"56";"53";"2021";"NON";"OUI";"245614383";"";"";"";"2021-10-06";"135151";""
"56262";"3199";"PLU";"COM";"2019-11-24 23:00:00+00:00";"2016-05-29 22:00:00+00:00";"39";"56";"53";"2021";"NON";"NON";"56262";"";"";"";"2021-10-06";"153623";""
"56263";"3199";"PLU";"COM";"2017-12-18 23:00:00+00:00";"2012-05-30 22:00:00+00:00";"39";"56";"53";"2021";"NON";"NON";"56263";"";"";"";"2021-10-06";"110426";""
"56264";"1432";"CC";"CC";"2007-05-06 22:00:00+00:00";"2007-01-15 23:00:00+00:00";"13";"56";"53";"2021";"NON";"NON";"56264";"";"";"";"2021-10-06";"90720";""
"57003";"3199";"PLU";"COM";"2011-09-21 22:00:00+00:00";"2001-08-30 22:00:00+00:00";"39";"57";"44";"2021";"NON";"NON";"57003";"";"";"";"2021-10-06";"31183";""
"57006";"3399";"PLUi/PLUiS";"CC";"2019-12-18 23:00:00+00:00";"2014-12-17 23:00:00+00:00";"39";"57";"44";"2021";"OUI";"NON";"200069441";"";"";"";"2021-10-06";"135951";""
"57009";"1199";"CC";"COM";"2010-10-05 22:00:00+00:00";"2008-07-10 22:00:00+00:00";"19";"57";"44";"2021";"NON";"NON";"57009";"";"";"";"2021-10-06";"69764";""
"57010";"1199";"CC";"COM";"2011-10-17 22:00:00+00:00";"2009-05-18 22:00:00+00:00";"19";"57";"44";"2021";"NON";"NON";"57010";"";"";"";"2021-10-06";"50323";""
"57011";"1199";"CC";"COM";"2016-12-14 23:00:00+00:00";"2014-06-29 22:00:00+00:00";"19";"57";"44";"2021";"NON";"NON";"57011";"";"";"";"2021-10-06";"132416";""
"57012";"3199";"PLU";"COM";"2016-06-30 22:00:00+00:00";"2009-12-13 23:00:00+00:00";"39";"57";"44";"2021";"NON";"NON";"57012";"";"";"";"2021-10-06";"62778";""
"57013";"3199";"PLU";"COM";"2008-05-15 22:00:00+00:00";"2005-07-05 22:00:00+00:00";"39";"57";"44";"2021";"NON";"NON";"57013";"";"";"";"2021-10-06";"53716";""
"57014";"1111";"CC";"COM";"2008-02-07 23:00:00+00:00";"2004-11-24 23:00:00+00:00";"11";"57";"44";"2021";"NON";"NON";"57014";"";"";"";"2021-10-06";"68407";""
"57015";"1199";"CC";"COM";"2010-04-07 22:00:00+00:00";"2006-11-21 23:00:00+00:00";"19";"57";"44";"2021";"NON";"NON";"57015";"";"";"";"2021-10-06";"69765";""
"57016";"1432";"CC";"CC";"2016-05-25 22:00:00+00:00";"2001-12-12 23:00:00+00:00";"13";"57";"44";"2021";"NON";"NON";"57016";"";"";"";"2021-10-06";"119563";""
"57017";"3432";"PLU";"MET";"2020-06-11 22:00:00+00:00";"2017-06-26 22:00:00+00:00";"33";"57";"44";"2021";"NON";"NON";"200039865";"";"";"";"2021-10-06";"158343";""
"57018";"3199";"PLU";"COM";"2015-12-20 23:00:00+00:00";"2011-07-03 22:00:00+00:00";"39";"57";"44";"2021";"NON";"NON";"57018";"";"";"";"2021-10-06";"49720";""
"57019";"3199";"PLU";"COM";"2017-03-08 23:00:00+00:00";"2014-12-10 23:00:00+00:00";"39";"57";"44";"2021";"NON";"NON";"57019";"";"";"";"2021-10-06";"64074";""
"57020";"1199";"CC";"COM";"2016-11-24 23:00:00+00:00";"2015-01-31 23:00:00+00:00";"19";"57";"44";"2021";"NON";"NON";"57020";"";"";"";"2021-10-06";"138128";""
"57021";"3432";"PLU";"CC";"2014-09-23 22:00:00+00:00";"2008-07-15 22:00:00+00:00";"33";"57";"44";"2021";"NON";"NON";"200070738";"";"";"";"2021-10-06";"64075";""
"57022";"3131";"PLU";"COM";"2008-09-02 22:00:00+00:00";"2005-03-30 22:00:00+00:00";"33";"57";"44";"2021";"NON";"NON";"57022";"";"";"";"2021-10-06";"53718";""
"57024";"1199";"CC";"COM";"2018-09-03 22:00:00+00:00";"2008-10-15 22:00:00+00:00";"19";"57";"44";"2021";"NON";"NON";"57024";"";"";"";"2021-10-06";"69777";""
"57025";"1432";"CC";"CC";"2011-09-01 22:00:00+00:00";"2008-10-29 23:00:00+00:00";"13";"57";"44";"2021";"NON";"NON";"57025";"";"";"";"2021-10-06";"128355";""
"57026";"3432";"PLU";"CC";"2012-10-08 22:00:00+00:00";"2010-03-22 23:00:00+00:00";"33";"57";"44";"2021";"NON";"NON";"200067486";"";"";"";"2021-10-06";"64076";""
"57028";"3199";"PLU";"COM";"2018-01-25 23:00:00+00:00";"2014-06-12 22:00:00+00:00";"39";"57";"44";"2021";"NON";"NON";"57028";"";"";"";"2021-10-06";"131675";""
"57030";"3432";"PLU";"CC";"2014-03-11 23:00:00+00:00";"2008-07-30 22:00:00+00:00";"33";"57";"44";"2021";"NON";"NON";"200070738";"";"";"";"2021-10-06";"64077";""
"57031";"3432";"PLU";"MET";"2012-05-15 22:00:00+00:00";"2008-03-27 23:00:00+00:00";"33";"57";"44";"2021";"NON";"NON";"200039865";"";"";"";"2021-10-06";"61795";""
"57032";"3432";"PLU";"MET";"2017-06-29 22:00:00+00:00";"2014-09-25 22:00:00+00:00";"33";"57";"44";"2021";"NON";"NON";"200039865";"";"";"";"2021-10-06";"62932";""
"57033";"1199";"CC";"COM";"2018-03-20 23:00:00+00:00";"2014-10-29 23:00:00+00:00";"19";"57";"44";"2021";"NON";"NON";"57033";"";"";"";"2021-10-06";"135608";""
"57037";"1199";"CC";"COM";"2017-07-12 22:00:00+00:00";"2015-02-10 23:00:00+00:00";"19";"57";"44";"2021";"NON";"NON";"57037";"";"";"";"2021-10-06";"138129";""
"57038";"3299";"PLUi/PLUiS";"CC";"2020-02-24 23:00:00+00:00";"2015-02-02 23:00:00+00:00";"39";"57";"44";"2021";"NON";"OUI";"245701404";"";"";"";"2021-10-06";"138132";""
"57039";"3432";"PLU";"MET";"2014-06-25 22:00:00+00:00";"2004-06-15 22:00:00+00:00";"33";"57";"44";"2021";"NON";"NON";"200039865";"";"";"";"2021-10-06";"62781";""
"57040";"1199";"CC";"COM";"2008-08-10 22:00:00+00:00";"2006-02-16 23:00:00+00:00";"19";"57";"44";"2021";"NON";"NON";"57040";"";"";"";"2021-10-06";"15688";""
"57041";"3299";"PLUi/PLUiS";"CC";"2020-02-24 23:00:00+00:00";"2015-02-02 23:00:00+00:00";"39";"57";"44";"2021";"NON";"OUI";"245701404";"";"";"";"2021-10-06";"138132";""
"57042";"1199";"CC";"COM";"2010-05-10 22:00:00+00:00";"2004-09-07 22:00:00+00:00";"19";"57";"44";"2021";"NON";"NON";"57042";"";"";"";"2021-10-06";"15341";""
"57043";"3199";"PLU";"COM";"2008-10-02 22:00:00+00:00";"2005-05-05 22:00:00+00:00";"39";"57";"44";"2021";"NON";"NON";"57043";"";"";"";"2021-10-06";"53722";""
"57046";"3399";"PLUi/PLUiS";"CC";"2019-12-18 23:00:00+00:00";"2015-12-17 23:00:00+00:00";"39";"57";"44";"2021";"OUI";"NON";"200069441";"";"";"";"2021-10-06";"145719";""
"57047";"3499";"PLU";"CC";"2006-08-03 22:00:00+00:00";"2002-10-23 22:00:00+00:00";"39";"57";"44";"2021";"NON";"NON";"245700133";"";"";"";"2021-10-06";"53723";""
"57048";"1432";"CC";"CC";"2011-08-04 22:00:00+00:00";"2008-07-03 22:00:00+00:00";"13";"57";"44";"2021";"NON";"NON";"200067650";"";"";"";"2021-10-06";"66258";""
"57049";"3432";"PLU";"MET";"2017-12-18 23:00:00+00:00";"2015-11-30 23:00:00+00:00";"33";"57";"44";"2021";"NON";"NON";"200039865";"";"";"";"2021-10-06";"144543";""
"57051";"1199";"CC";"COM";"2017-06-01 22:00:00+00:00";"2011-03-24 23:00:00+00:00";"19";"57";"44";"2021";"NON";"NON";"57051";"";"";"";"2021-10-06";"78984";""
"57052";"3199";"PLU";"COM";"2003-04-10 22:00:00+00:00";"1996-09-26 22:00:00+00:00";"39";"57";"44";"2021";"NON";"NON";"57052";"";"";"";"2021-10-06";"53725";""
"57053";"1199";"CC";"COM";"2009-03-19 23:00:00+00:00";"2007-03-20 23:00:00+00:00";"19";"57";"44";"2021";"NON";"NON";"57053";"";"";"";"2021-10-06";"65594";""
"57056";"3199";"PLU";"COM";"2003-11-06 23:00:00+00:00";"2001-01-18 23:00:00+00:00";"39";"57";"44";"2021";"NON";"NON";"57056";"";"";"";"2021-10-06";"53727";""
"57057";"3199";"PLU";"COM";"2007-07-22 22:00:00+00:00";"2003-05-08 22:00:00+00:00";"39";"57";"44";"2021";"NON";"NON";"57057";"";"";"";"2021-10-06";"53721";""
"57058";"3199";"PLU";"COM";"2006-09-25 22:00:00+00:00";"2003-09-28 22:00:00+00:00";"39";"57";"44";"2021";"NON";"NON";"57058";"";"";"";"2021-10-06";"464";""
"57060";"1199";"CC";"COM";"2012-07-29 22:00:00+00:00";"2011-10-09 22:00:00+00:00";"19";"57";"44";"2021";"NON";"NON";"57060";"";"";"";"2021-10-06";"119408";""
"57062";"3199";"PLU";"COM";"2018-11-08 23:00:00+00:00";"2015-06-18 22:00:00+00:00";"39";"57";"44";"2021";"NON";"NON";"57062";"";"";"";"2021-10-06";"140872";""
"57063";"1199";"CC";"COM";"2015-05-12 22:00:00+00:00";"2009-06-25 22:00:00+00:00";"19";"57";"44";"2021";"NON";"NON";"57063";"";"";"";"2021-10-06";"79049";""
"57064";"1199";"CC";"COM";"2010-11-28 23:00:00+00:00";"2009-01-22 23:00:00+00:00";"19";"57";"44";"2021";"NON";"NON";"57064";"";"";"";"2021-10-06";"79050";""
"57066";"1199";"CC";"COM";"2005-11-24 23:00:00+00:00";"2003-12-18 23:00:00+00:00";"19";"57";"44";"2021";"NON";"NON";"57066";"";"";"";"2021-10-06";"79053";""
"57067";"3199";"PLU";"COM";"2017-10-23 22:00:00+00:00";"2013-06-23 22:00:00+00:00";"39";"57";"44";"2021";"NON";"NON";"57067";"";"";"";"2021-10-06";"127282";""
"57069";"1432";"CC";"CC";"2019-04-17 22:00:00+00:00";"2017-08-29 22:00:00+00:00";"13";"57";"44";"2021";"NON";"NON";"57069";"";"";"";"2021-10-06";"143321";""
"57071";"1199";"CC";"COM";"2011-12-18 23:00:00+00:00";"2008-06-24 22:00:00+00:00";"19";"57";"44";"2021";"NON";"NON";"57071";"";"";"";"2021-10-06";"15349";""
"57073";"3199";"PLU";"COM";"2005-04-28 22:00:00+00:00";"2002-09-26 22:00:00+00:00";"39";"57";"44";"2021";"NON";"NON";"57073";"";"";"";"2021-10-06";"53734";""
"57074";"3399";"PLUi/PLUiS";"CC";"2019-12-18 23:00:00+00:00";"2014-12-17 23:00:00+00:00";"39";"57";"44";"2021";"OUI";"NON";"200069441";"";"";"";"2021-10-06";"135951";""
"57075";"3199";"PLU";"COM";"2012-01-18 23:00:00+00:00";"2009-03-11 23:00:00+00:00";"39";"57";"44";"2021";"NON";"NON";"57075";"";"";"";"2021-10-06";"61796";""
"57076";"3199";"PLU";"COM";"2018-02-08 23:00:00+00:00";"2014-08-07 22:00:00+00:00";"39";"57";"44";"2021";"NON";"NON";"57076";"";"";"";"2021-10-06";"131677";""
"57079";"1432";"CC";"CC";"2017-07-12 22:00:00+00:00";"2014-10-26 23:00:00+00:00";"13";"57";"44";"2021";"NON";"NON";"57079";"";"";"";"2021-10-06";"135628";""
"57081";"1199";"CC";"COM";"2003-07-07 22:00:00+00:00";"2001-11-08 23:00:00+00:00";"19";"57";"44";"2021";"NON";"NON";"57081";"";"";"";"2021-10-06";"15358";""
"57082";"1199";"CC";"COM";"2011-05-29 22:00:00+00:00";"2009-03-30 22:00:00+00:00";"19";"57";"44";"2021";"NON";"NON";"57082";"";"";"";"2021-10-06";"69768";""
"57083";"3399";"PLUi/PLUiS";"CC";"2019-12-18 23:00:00+00:00";"2014-12-17 23:00:00+00:00";"39";"57";"44";"2021";"OUI";"NON";"200069441";"";"";"";"2021-10-06";"135951";""
"57085";"1432";"CC";"CC";"2008-02-26 23:00:00+00:00";"2006-10-25 22:00:00+00:00";"13";"57";"44";"2021";"NON";"NON";"200067650";"";"";"";"2021-10-06";"68410";""
"57089";"3399";"PLUi/PLUiS";"CC";"2019-12-18 23:00:00+00:00";"2015-12-17 23:00:00+00:00";"39";"57";"44";"2021";"OUI";"NON";"200069441";"";"";"";"2021-10-06";"145719";""
"57091";"3199";"PLU";"COM";"2007-02-28 23:00:00+00:00";"2003-08-27 22:00:00+00:00";"39";"57";"44";"2021";"NON";"NON";"57091";"";"";"";"2021-10-06";"53728";""
"57092";"3199";"PLU";"COM";"2007-12-26 23:00:00+00:00";"2003-12-18 23:00:00+00:00";"39";"57";"44";"2021";"NON";"NON";"57092";"";"";"";"2021-10-06";"53730";""
"57093";"3199";"PLU";"COM";"2018-04-12 22:00:00+00:00";"2012-10-11 22:00:00+00:00";"39";"57";"44";"2021";"NON";"NON";"57093";"";"";"";"2021-10-06";"119413";""
"57095";"1499";"CC";"CC";"2004-06-13 22:00:00+00:00";"2002-05-16 22:00:00+00:00";"19";"57";"44";"2021";"NON";"NON";"245700133";"";"";"";"2021-10-06";"15364";""
"57096";"3299";"PLUi/PLUiS";"CC";"2020-02-24 23:00:00+00:00";"2015-02-02 23:00:00+00:00";"39";"57";"44";"2021";"NON";"OUI";"245701404";"";"";"";"2021-10-06";"138132";""
"57097";"3432";"PLU";"CC";"2008-07-01 22:00:00+00:00";"2004-11-25 23:00:00+00:00";"33";"57";"44";"2021";"NON";"NON";"200067650";"";"";"";"2021-10-06";"53732";""
"57098";"1199";"CC";"COM";"2017-04-23 22:00:00+00:00";"2015-06-28 22:00:00+00:00";"19";"57";"44";"2021";"NON";"NON";"57098";"";"";"";"2021-10-06";"140874";""
"57099";"1199";"CC";"COM";"2010-03-15 23:00:00+00:00";"2008-11-04 23:00:00+00:00";"19";"57";"44";"2021";"NON";"NON";"57099";"";"";"";"2021-10-06";"69769";""
"57102";"3199";"PLU";"COM";"2008-09-02 22:00:00+00:00";"2004-10-17 22:00:00+00:00";"39";"57";"44";"2021";"NON";"NON";"57102";"";"";"";"2021-10-06";"53733";""
"57103";"3399";"PLUi/PLUiS";"CC";"2019-12-18 23:00:00+00:00";"2015-12-17 23:00:00+00:00";"39";"57";"44";"2021";"OUI";"NON";"200069441";"";"";"";"2021-10-06";"145719";""
"57104";"3199";"PLU";"COM";"2011-11-06 23:00:00+00:00";"2008-06-16 22:00:00+00:00";"39";"57";"44";"2021";"NON";"NON";"57104";"";"";"";"2021-10-06";"62785";""
"57105";"1199";"CC";"COM";"2013-04-10 22:00:00+00:00";"2008-06-25 22:00:00+00:00";"19";"57";"44";"2021";"NON";"NON";"57105";"";"";"";"2021-10-06";"66261";""
"57106";"3432";"PLU";"CC";"2007-02-18 23:00:00+00:00";"2004-02-11 23:00:00+00:00";"33";"57";"44";"2021";"NON";"NON";"57106";"";"";"";"2021-10-06";"53737";""
"57108";"3399";"PLUi/PLUiS";"CC";"2019-12-18 23:00:00+00:00";"2015-12-17 23:00:00+00:00";"39";"57";"44";"2021";"OUI";"NON";"200069441";"";"";"";"2021-10-06";"145719";""
"57109";"1111";"CC";"COM";"2008-08-17 22:00:00+00:00";"2004-05-24 22:00:00+00:00";"11";"57";"44";"2021";"NON";"NON";"57109";"";"";"";"2021-10-06";"68411";""
"57110";"1432";"CC";"CC";"2011-05-29 22:00:00+00:00";"2006-05-15 22:00:00+00:00";"13";"57";"44";"2021";"NON";"NON";"57110";"";"";"";"2021-10-06";"79869";""
"57111";"1199";"CC";"COM";"2016-09-28 22:00:00+00:00";"2015-03-25 23:00:00+00:00";"19";"57";"44";"2021";"NON";"NON";"57111";"";"";"";"2021-10-06";"143322";""
"57112";"1432";"CC";"CC";"2014-02-17 23:00:00+00:00";"2010-09-30 22:00:00+00:00";"13";"57";"44";"2021";"NON";"NON";"200067650";"";"";"";"2021-10-06";"110348";""
"57113";"1199";"CC";"COM";"2017-06-08 22:00:00+00:00";"2007-10-25 22:00:00+00:00";"19";"57";"44";"2021";"NON";"NON";"57113";"";"";"";"2021-10-06";"104812";""
"57118";"1199";"CC";"COM";"2007-09-06 22:00:00+00:00";"2004-09-27 22:00:00+00:00";"19";"57";"44";"2021";"NON";"NON";"57118";"";"";"";"2021-10-06";"15373";""
"57119";"3199";"PLU";"COM";"2017-10-08 22:00:00+00:00";"2011-06-16 22:00:00+00:00";"39";"57";"44";"2021";"NON";"NON";"57119";"";"";"";"2021-10-06";"79892";""
"57122";"3199";"PLU";"COM";"2021-02-22 23:00:00+00:00";"2017-09-14 22:00:00+00:00";"39";"57";"44";"2021";"NON";"NON";"57122";"";"";"";"2021-10-06";"143377";""
"57124";"3199";"PLU";"COM";"2016-05-24 22:00:00+00:00";"2009-02-19 23:00:00+00:00";"39";"57";"44";"2021";"NON";"NON";"57124";"";"";"";"2021-10-06";"62788";""
"57125";"3199";"PLU";"COM";"2019-04-29 22:00:00+00:00";"2016-06-30 22:00:00+00:00";"39";"57";"44";"2021";"NON";"NON";"57125";"";"";"";"2021-10-06";"62789";""
"57126";"1111";"CC";"COM";"2006-10-18 22:00:00+00:00";"2002-05-16 22:00:00+00:00";"11";"57";"44";"2021";"NON";"NON";"57126";"";"";"";"2021-10-06";"65500";""
"57128";"1199";"CC";"COM";"2012-09-09 22:00:00+00:00";"2009-06-18 22:00:00+00:00";"19";"57";"44";"2021";"NON";"NON";"57128";"";"";"";"2021-10-06";"67098";""
"57129";"3199";"PLU";"COM";"2014-03-17 23:00:00+00:00";"2008-06-19 22:00:00+00:00";"39";"57";"44";"2021";"NON";"NON";"57129";"";"";"";"2021-10-06";"62786";""
"57131";"1432";"CC";"CC";"2008-04-21 22:00:00+00:00";"2005-05-05 22:00:00+00:00";"13";"57";"44";"2021";"NON";"NON";"57131";"";"";"";"2021-10-06";"79947";""
"57132";"3199";"PLU";"COM";"2010-09-16 22:00:00+00:00";"2006-05-22 22:00:00+00:00";"39";"57";"44";"2021";"NON";"NON";"57132";"";"";"";"2021-10-06";"53739";""
"57134";"3432";"PLU";"MET";"2017-12-11 23:00:00+00:00";"2014-11-24 23:00:00+00:00";"33";"57";"44";"2021";"NON";"NON";"200039865";"";"";"";"2021-10-06";"134104";""
"57136";"1432";"CC";"CC";"2013-07-16 22:00:00+00:00";"2003-10-06 22:00:00+00:00";"13";"57";"44";"2021";"NON";"NON";"57136";"";"";"";"2021-10-06";"15379";""
"57137";"3131";"PLU";"COM";"2007-07-11 22:00:00+00:00";"2004-04-28 22:00:00+00:00";"33";"57";"44";"2021";"NON";"NON";"57137";"";"";"";"2021-10-06";"53746";""
"57140";"3432";"PLU";"MET";"2017-09-24 22:00:00+00:00";"2013-11-17 23:00:00+00:00";"33";"57";"44";"2021";"NON";"NON";"200039865";"";"";"";"2021-10-06";"127287";""
"57142";"3432";"PLU";"MET";"2021-01-24 23:00:00+00:00";"2017-04-10 22:00:00+00:00";"33";"57";"44";"2021";"NON";"NON";"200039865";"";"";"";"2021-10-06";"158517";""
"57143";"3199";"PLU";"COM";"2018-09-24 22:00:00+00:00";"2015-09-28 22:00:00+00:00";"39";"57";"44";"2021";"NON";"NON";"57143";"";"";"";"2021-10-06";"143378";""
"57144";"3199";"PLU";"COM";"2011-10-03 22:00:00+00:00";"2008-06-24 22:00:00+00:00";"39";"57";"44";"2021";"NON";"NON";"57144";"";"";"";"2021-10-06";"62790";""
"57145";"3199";"PLU";"COM";"2006-06-29 22:00:00+00:00";"2002-11-27 23:00:00+00:00";"39";"57";"44";"2021";"NON";"NON";"57145";"";"";"";"2021-10-06";"53743";""
"57146";"3432";"PLU";"MET";"2017-01-22 23:00:00+00:00";"2013-09-02 22:00:00+00:00";"33";"57";"44";"2021";"NON";"NON";"200039865";"";"";"";"2021-10-06";"151419";""
"57147";"3432";"PLU";"MET";"2005-09-13 22:00:00+00:00";"2002-03-26 23:00:00+00:00";"33";"57";"44";"2021";"NON";"NON";"200039865";"";"";"";"2021-10-06";"53750";""
"57149";"1432";"CC";"CC";"2017-02-23 23:00:00+00:00";"2015-03-23 23:00:00+00:00";"13";"57";"44";"2021";"NON";"NON";"57149";"";"";"";"2021-10-06";"160682";""
"57150";"1432";"CC";"CC";"2004-12-29 23:00:00+00:00";"2002-09-05 22:00:00+00:00";"13";"57";"44";"2021";"NON";"NON";"200067650";"";"";"";"2021-10-06";"15383";""
"57152";"3432";"PLU";"CC";"2010-10-14 22:00:00+00:00";"2006-06-12 22:00:00+00:00";"33";"57";"44";"2021";"NON";"NON";"200067486";"";"";"";"2021-10-06";"53744";""
"57153";"3432";"PLU";"CC";"2016-01-07 23:00:00+00:00";"2008-06-03 22:00:00+00:00";"33";"57";"44";"2021";"NON";"NON";"200070738";"";"";"";"2021-10-06";"80207";""
"57154";"1432";"CC";"CC";"2008-03-26 23:00:00+00:00";"2006-01-26 23:00:00+00:00";"13";"57";"44";"2021";"NON";"NON";"200067650";"";"";"";"2021-10-06";"15386";""
"57155";"3199";"PLU";"COM";"2010-02-22 23:00:00+00:00";"2005-01-30 23:00:00+00:00";"39";"57";"44";"2021";"NON";"NON";"57155";"";"";"";"2021-10-06";"53751";""
"57156";"3199";"PLU";"COM";"2008-03-03 23:00:00+00:00";"2005-12-04 23:00:00+00:00";"39";"57";"44";"2021";"NON";"NON";"57156";"";"";"";"2021-10-06";"53753";""
"57160";"3199";"PLU";"COM";"2005-11-27 23:00:00+00:00";"2000-06-15 22:00:00+00:00";"39";"57";"44";"2021";"NON";"NON";"57160";"";"";"";"2021-10-06";"440";""
"57161";"1199";"CC";"COM";"2010-04-07 22:00:00+00:00";"2005-04-20 22:00:00+00:00";"19";"57";"44";"2021";"NON";"NON";"57161";"";"";"";"2021-10-06";"69770";""
"57162";"3432";"PLU";"MET";"2018-05-27 22:00:00+00:00";"2015-08-27 22:00:00+00:00";"33";"57";"44";"2021";"NON";"NON";"200039865";"";"";"";"2021-10-06";"143379";""
"57163";"3199";"PLU";"COM";"2015-12-10 23:00:00+00:00";"2009-07-02 22:00:00+00:00";"39";"57";"44";"2021";"NON";"NON";"57163";"";"";"";"2021-10-06";"50078";""
"57165";"3432";"PLU";"CC";"2017-11-29 23:00:00+00:00";"2015-04-29 22:00:00+00:00";"33";"57";"44";"2021";"NON";"NON";"57165";"";"";"";"2021-10-06";"140885";""
"57167";"1432";"CC";"CC";"2008-04-13 22:00:00+00:00";"2006-03-27 22:00:00+00:00";"13";"57";"44";"2021";"NON";"NON";"57167";"";"";"";"2021-10-06";"80257";""
"57169";"1111";"CC";"COM";"2005-05-23 22:00:00+00:00";"2002-03-24 23:00:00+00:00";"11";"57";"44";"2021";"NON";"NON";"57169";"";"";"";"2021-10-06";"15397";""
"57171";"3199";"PLU";"COM";"2019-11-16 23:00:00+00:00";"2015-09-08 22:00:00+00:00";"39";"57";"44";"2021";"NON";"NON";"57171";"";"";"";"2021-10-06";"140891";""
"57172";"1432";"CC";"CC";"2013-06-08 22:00:00+00:00";"2010-10-07 22:00:00+00:00";"13";"57";"44";"2021";"NON";"NON";"200067650";"";"";"";"2021-10-06";"65733";""
"57173";"1199";"CC";"COM";"2019-06-23 22:00:00+00:00";"2015-08-18 22:00:00+00:00";"19";"57";"44";"2021";"NON";"NON";"57173";"";"";"";"2021-10-06";"140892";""
"57175";"3199";"PLU";"COM";"2003-07-22 22:00:00+00:00";"1996-11-19 23:00:00+00:00";"39";"57";"44";"2021";"NON";"NON";"57175";"";"";"";"2021-10-06";"53760";""
"57176";"3199";"PLU";"COM";"2006-05-04 22:00:00+00:00";"2003-05-15 22:00:00+00:00";"39";"57";"44";"2021";"NON";"NON";"57176";"";"";"";"2021-10-06";"53761";""
"57177";"3131";"PLU";"COM";"2005-12-21 23:00:00+00:00";"2001-12-05 23:00:00+00:00";"33";"57";"44";"2021";"NON";"NON";"57177";"";"";"";"2021-10-06";"53754";""
"57178";"1199";"CC";"COM";"2013-07-16 22:00:00+00:00";"2010-11-17 23:00:00+00:00";"19";"57";"44";"2021";"NON";"NON";"57178";"";"";"";"2021-10-06";"65734";""
"57179";"3131";"PLU";"COM";"2009-03-12 23:00:00+00:00";"2006-08-16 22:00:00+00:00";"33";"57";"44";"2021";"NON";"NON";"57179";"";"";"";"2021-10-06";"53756";""
"57180";"1199";"CC";"COM";"2016-10-25 22:00:00+00:00";"2014-05-27 22:00:00+00:00";"19";"57";"44";"2021";"NON";"NON";"57180";"";"";"";"2021-10-06";"132467";""
"57183";"1199";"CC";"COM";"2006-10-18 22:00:00+00:00";"2004-05-20 22:00:00+00:00";"19";"57";"44";"2021";"NON";"NON";"57183";"";"";"";"2021-10-06";"15407";""
"57186";"1432";"CC";"CC";"2011-07-12 22:00:00+00:00";"2006-05-07 22:00:00+00:00";"13";"57";"44";"2021";"NON";"NON";"57186";"";"";"";"2021-10-06";"69771";""
"57187";"1432";"CC";"CC";"2013-05-30 22:00:00+00:00";"2009-10-29 23:00:00+00:00";"13";"57";"44";"2021";"NON";"NON";"200067650";"";"";"";"2021-10-06";"65735";""
"57188";"3399";"PLUi/PLUiS";"CC";"2019-12-18 23:00:00+00:00";"2015-12-17 23:00:00+00:00";"39";"57";"44";"2021";"OUI";"NON";"200069441";"";"";"";"2021-10-06";"145719";""
"57190";"3499";"PLU";"CC";"2009-12-10 23:00:00+00:00";"2006-12-10 23:00:00+00:00";"39";"57";"44";"2021";"NON";"NON";"245700133";"";"";"";"2021-10-06";"53759";""
"57191";"1199";"CC";"COM";"2005-01-06 23:00:00+00:00";"2002-10-27 23:00:00+00:00";"19";"57";"44";"2021";"NON";"NON";"57191";"";"";"";"2021-10-06";"15410";""
"57192";"3399";"PLUi/PLUiS";"CC";"2019-12-18 23:00:00+00:00";"2015-12-17 23:00:00+00:00";"39";"57";"44";"2021";"OUI";"NON";"200069441";"";"";"";"2021-10-06";"145719";""
"57193";"3199";"PLU";"COM";"2012-06-03 22:00:00+00:00";"2008-05-25 22:00:00+00:00";"39";"57";"44";"2021";"NON";"NON";"57193";"";"";"";"2021-10-06";"62792";""
"57194";"3199";"PLU";"COM";"2019-02-05 23:00:00+00:00";"2012-07-10 22:00:00+00:00";"39";"57";"44";"2021";"NON";"NON";"57194";"";"";"";"2021-10-06";"64079";""
"57195";"3399";"PLUi/PLUiS";"CC";"2019-12-18 23:00:00+00:00";"2015-12-17 23:00:00+00:00";"39";"57";"44";"2021";"OUI";"NON";"200069441";"";"";"";"2021-10-06";"145719";""
"57196";"3399";"PLUi/PLUiS";"CC";"2019-12-18 23:00:00+00:00";"2015-12-17 23:00:00+00:00";"39";"57";"44";"2021";"OUI";"NON";"200069441";"";"";"";"2021-10-06";"145719";""
"57197";"3199";"PLU";"COM";"2020-06-22 22:00:00+00:00";"2014-11-24 23:00:00+00:00";"39";"57";"44";"2021";"NON";"NON";"57197";"";"";"";"2021-10-06";"134105";""
"57199";"3199";"PLU";"COM";"2012-02-29 23:00:00+00:00";"2008-02-24 23:00:00+00:00";"39";"57";"44";"2021";"NON";"NON";"57199";"";"";"";"2021-10-06";"62793";""
"57200";"1199";"CC";"COM";"2017-09-11 22:00:00+00:00";"2015-06-18 22:00:00+00:00";"19";"57";"44";"2021";"NON";"NON";"57200";"";"";"";"2021-10-06";"158694";""
"57201";"3399";"PLUi/PLUiS";"CC";"2019-12-18 23:00:00+00:00";"2014-12-17 23:00:00+00:00";"39";"57";"44";"2021";"OUI";"NON";"200069441";"";"";"";"2021-10-06";"135951";""
"57202";"3199";"PLU";"COM";"2007-11-28 23:00:00+00:00";"2006-03-16 23:00:00+00:00";"39";"57";"44";"2021";"NON";"NON";"57202";"";"";"";"2021-10-06";"53767";""
"57203";"3131";"PLU";"COM";"2011-06-16 22:00:00+00:00";"2008-06-01 22:00:00+00:00";"33";"57";"44";"2021";"NON";"NON";"57203";"";"";"";"2021-10-06";"72311";""
"57205";"3432";"PLU";"CC";"2018-09-26 22:00:00+00:00";"2012-10-04 22:00:00+00:00";"33";"57";"44";"2021";"NON";"NON";"57205";"";"";"";"2021-10-06";"62794";""
"57206";"3199";"PLU";"COM";"2018-07-08 22:00:00+00:00";"2013-01-30 23:00:00+00:00";"39";"57";"44";"2021";"NON";"NON";"57206";"";"";"";"2021-10-06";"62795";""
"57207";"3199";"PLU";"COM";"2014-12-15 23:00:00+00:00";"2010-03-23 23:00:00+00:00";"39";"57";"44";"2021";"NON";"NON";"57207";"";"";"";"2021-10-06";"62796";""
"57208";"3199";"PLU";"COM";"2012-06-25 22:00:00+00:00";"2009-10-22 22:00:00+00:00";"39";"57";"44";"2021";"NON";"NON";"57208";"";"";"";"2021-10-06";"62797";""
"57209";"3434";"PLU";"CC";"2004-08-30 22:00:00+00:00";"1999-03-29 22:00:00+00:00";"33";"57";"44";"2021";"NON";"NON";"245700133";"";"";"";"2021-10-06";"53769";""
"57210";"3199";"PLU";"COM";"2021-08-04 22:00:00+00:00";"2015-02-18 23:00:00+00:00";"39";"57";"44";"2021";"NON";"NON";"57210";"";"";"";"2021-10-06";"140895";""
"57211";"3199";"PLU";"COM";"2017-10-01 22:00:00+00:00";"2014-10-19 22:00:00+00:00";"39";"57";"44";"2021";"NON";"NON";"57211";"";"";"";"2021-10-06";"133705";""
"57212";"3432";"PLU";"MET";"2014-08-28 22:00:00+00:00";"2007-05-10 22:00:00+00:00";"33";"57";"44";"2021";"NON";"NON";"200039865";"";"";"";"2021-10-06";"80722";""
"57213";"3432";"PLU";"CC";"2003-08-28 22:00:00+00:00";"2002-01-13 23:00:00+00:00";"33";"57";"44";"2021";"NON";"NON";"57213";"";"";"";"2021-10-06";"128356";""
"57214";"3199";"PLU";"COM";"2015-06-23 22:00:00+00:00";"2014-02-11 23:00:00+00:00";"39";"57";"44";"2021";"NON";"NON";"57214";"";"";"";"2021-10-06";"131689";""
"57215";"1432";"CC";"CC";"2006-01-18 23:00:00+00:00";"2003-10-26 23:00:00+00:00";"13";"57";"44";"2021";"NON";"NON";"200067486";"";"";"";"2021-10-06";"15419";""
"57216";"1199";"CC";"COM";"2007-01-22 23:00:00+00:00";"2005-10-27 22:00:00+00:00";"19";"57";"44";"2021";"NON";"NON";"57216";"";"";"";"2021-10-06";"15421";""
"57217";"3499";"PLU";"CC";"2003-02-03 23:00:00+00:00";"2001-12-16 23:00:00+00:00";"39";"57";"44";"2021";"NON";"NON";"245700133";"";"";"";"2021-10-06";"53772";""
"57218";"3199";"PLU";"COM";"2008-06-22 22:00:00+00:00";"2003-03-24 23:00:00+00:00";"39";"57";"44";"2021";"NON";"NON";"57218";"";"";"";"2021-10-06";"53771";""
"57219";"3199";"PLU";"COM";"2020-10-12 22:00:00+00:00";"2016-08-31 22:00:00+00:00";"39";"57";"44";"2021";"NON";"NON";"57219";"";"";"";"2021-10-06";"152282";""
"57221";"3131";"PLU";"COM";"2008-03-26 23:00:00+00:00";"2002-05-15 22:00:00+00:00";"33";"57";"44";"2021";"NON";"NON";"57221";"";"";"";"2021-10-06";"456";""
"57222";"3199";"PLU";"COM";"2010-06-14 22:00:00+00:00";"2001-12-18 23:00:00+00:00";"39";"57";"44";"2021";"NON";"NON";"57222";"";"";"";"2021-10-06";"53775";""
"57224";"3199";"PLU";"COM";"2012-05-30 22:00:00+00:00";"2008-05-27 22:00:00+00:00";"39";"57";"44";"2021";"NON";"NON";"57224";"";"";"";"2021-10-06";"80806";""
"57226";"3199";"PLU";"COM";"2009-11-12 23:00:00+00:00";"2003-05-06 22:00:00+00:00";"39";"57";"44";"2021";"NON";"NON";"57226";"";"";"";"2021-10-06";"33652";""
"57227";"3131";"PLU";"COM";"2003-12-18 23:00:00+00:00";"1994-01-30 23:00:00+00:00";"33";"57";"44";"2021";"NON";"NON";"57227";"";"";"";"2021-10-06";"423";""
"57228";"1199";"CC";"COM";"2009-12-14 23:00:00+00:00";"2008-06-02 22:00:00+00:00";"19";"57";"44";"2021";"NON";"NON";"57228";"";"";"";"2021-10-06";"69772";""
"57229";"1199";"CC";"COM";"2013-05-29 22:00:00+00:00";"2009-05-14 22:00:00+00:00";"19";"57";"44";"2021";"NON";"NON";"57229";"";"";"";"2021-10-06";"67099";""
"57230";"1499";"CC";"CC";"2019-10-06 22:00:00+00:00";"2014-11-18 23:00:00+00:00";"19";"57";"44";"2021";"NON";"NON";"245700133";"";"";"";"2021-10-06";"135623";""
"57231";"1199";"CC";"COM";"2006-10-18 22:00:00+00:00";"2004-07-08 22:00:00+00:00";"19";"57";"44";"2021";"NON";"NON";"57231";"";"";"";"2021-10-06";"68417";""
"57232";"1199";"CC";"COM";"2012-03-06 23:00:00+00:00";"2011-01-20 23:00:00+00:00";"19";"57";"44";"2021";"NON";"NON";"57232";"";"";"";"2021-10-06";"80835";""
"57233";"1111";"CC";"COM";"2011-03-14 23:00:00+00:00";"2010-01-13 23:00:00+00:00";"11";"57";"44";"2021";"NON";"NON";"57233";"";"";"";"2021-10-06";"80838";""
"57234";"3199";"PLU";"COM";"2005-12-14 23:00:00+00:00";"2001-01-11 23:00:00+00:00";"39";"57";"44";"2021";"NON";"NON";"57234";"";"";"";"2021-10-06";"53776";""
"57238";"1199";"CC";"COM";"2017-08-02 22:00:00+00:00";"2014-08-12 22:00:00+00:00";"19";"57";"44";"2021";"NON";"NON";"57238";"";"";"";"2021-10-06";"132584";""
"57239";"1199";"CC";"COM";"2012-03-06 23:00:00+00:00";"2005-05-18 22:00:00+00:00";"19";"57";"44";"2021";"NON";"NON";"57239";"";"";"";"2021-10-06";"15426";""
"57240";"3131";"PLU";"COM";"2009-03-01 23:00:00+00:00";"2002-12-08 23:00:00+00:00";"33";"57";"44";"2021";"NON";"NON";"57240";"";"";"";"2021-10-06";"436";""
"57241";"1199";"CC";"COM";"2018-02-22 23:00:00+00:00";"2014-06-11 22:00:00+00:00";"19";"57";"44";"2021";"NON";"NON";"57241";"";"";"";"2021-10-06";"132587";""
"57242";"3131";"PLU";"COM";"2010-10-27 22:00:00+00:00";"2005-12-13 23:00:00+00:00";"33";"57";"44";"2021";"NON";"NON";"57242";"";"";"";"2021-10-06";"53763";""
"57244";"1111";"CC";"COM";"2009-12-21 23:00:00+00:00";"2007-12-03 23:00:00+00:00";"11";"57";"44";"2021";"NON";"NON";"57244";"";"";"";"2021-10-06";"66267";""
"57245";"3199";"PLU";"COM";"2020-01-30 23:00:00+00:00";"2014-10-19 22:00:00+00:00";"39";"57";"44";"2021";"NON";"NON";"57245";"";"";"";"2021-10-06";"133708";""
"57246";"1199";"CC";"COM";"2009-04-05 22:00:00+00:00";"2007-11-30 23:00:00+00:00";"19";"57";"44";"2021";"NON";"NON";"57246";"";"";"";"2021-10-06";"69782";""
"57250";"3399";"PLUi/PLUiS";"CC";"2019-12-18 23:00:00+00:00";"2015-12-17 23:00:00+00:00";"39";"57";"44";"2021";"OUI";"NON";"200069441";"";"";"";"2021-10-06";"145719";""
"57253";"3199";"PLU";"COM";"2006-09-18 22:00:00+00:00";"2002-05-20 22:00:00+00:00";"39";"57";"44";"2021";"NON";"NON";"57253";"";"";"";"2021-10-06";"53779";""
"57254";"3432";"PLU";"CC";"2017-01-22 23:00:00+00:00";"2008-07-22 22:00:00+00:00";"33";"57";"44";"2021";"NON";"NON";"200070738";"";"";"";"2021-10-06";"64081";""
"57256";"3432";"PLU";"MET";"2020-11-22 23:00:00+00:00";"2017-06-22 22:00:00+00:00";"33";"57";"44";"2021";"NON";"NON";"200039865";"";"";"";"2021-10-06";"158529";""
"57259";"1432";"CC";"CC";"2008-04-23 22:00:00+00:00";"2004-09-23 22:00:00+00:00";"13";"57";"44";"2021";"NON";"NON";"200067486";"";"";"";"2021-10-06";"15432";""
"57260";"3199";"PLU";"COM";"2014-02-02 23:00:00+00:00";"2010-01-31 23:00:00+00:00";"39";"57";"44";"2021";"NON";"NON";"57260";"";"";"";"2021-10-06";"64082";""
"57261";"3399";"PLUi/PLUiS";"CC";"2019-12-18 23:00:00+00:00";"2014-12-17 23:00:00+00:00";"39";"57";"44";"2021";"OUI";"NON";"200069441";"";"";"";"2021-10-06";"135951";""
"57262";"1111";"CC";"COM";"2015-07-23 22:00:00+00:00";"2013-02-25 23:00:00+00:00";"11";"57";"44";"2021";"NON";"NON";"57262";"";"";"";"2021-10-06";"123905";""
"57263";"3199";"PLU";"COM";"2015-05-21 22:00:00+00:00";"2012-01-26 23:00:00+00:00";"39";"57";"44";"2021";"NON";"NON";"57263";"";"";"";"2021-10-06";"107403";""
"57264";"1199";"CC";"COM";"2017-03-23 23:00:00+00:00";"2015-02-24 23:00:00+00:00";"19";"57";"44";"2021";"NON";"NON";"57264";"";"";"";"2021-10-06";"138144";""
"57267";"3199";"PLU";"COM";"2013-05-27 22:00:00+00:00";"2009-02-12 23:00:00+00:00";"39";"57";"44";"2021";"NON";"NON";"57267";"";"";"";"2021-10-06";"64084";""
"57269";"3199";"PLU";"COM";"2008-09-17 22:00:00+00:00";"2004-10-07 22:00:00+00:00";"39";"57";"44";"2021";"NON";"NON";"57269";"";"";"";"2021-10-06";"53778";""
"57272";"1199";"CC";"COM";"2006-01-15 23:00:00+00:00";"2003-02-03 23:00:00+00:00";"19";"57";"44";"2021";"NON";"NON";"57272";"";"";"";"2021-10-06";"15434";""
"57273";"1432";"CC";"CC";"2004-04-01 22:00:00+00:00";"2002-03-07 23:00:00+00:00";"13";"57";"44";"2021";"NON";"NON";"57273";"";"";"";"2021-10-06";"15435";""
"57274";"1199";"CC";"COM";"2010-06-24 22:00:00+00:00";"2004-12-15 23:00:00+00:00";"19";"57";"44";"2021";"NON";"NON";"57274";"";"";"";"2021-10-06";"15440";""
"57275";"3199";"PLU";"COM";"2005-11-08 23:00:00+00:00";"2000-12-05 23:00:00+00:00";"39";"57";"44";"2021";"NON";"NON";"57275";"";"";"";"2021-10-06";"53786";""
"57277";"1432";"CC";"CC";"2007-03-28 22:00:00+00:00";"2004-10-05 22:00:00+00:00";"13";"57";"44";"2021";"NON";"NON";"200067650";"";"";"";"2021-10-06";"15442";""
"57281";"1199";"CC";"COM";"2011-01-23 23:00:00+00:00";"2009-03-12 23:00:00+00:00";"19";"57";"44";"2021";"NON";"NON";"57281";"";"";"";"2021-10-06";"69792";""
"57282";"3131";"PLU";"COM";"2013-05-22 22:00:00+00:00";"2013-05-21 22:00:00+00:00";"33";"57";"44";"2021";"NON";"NON";"57282";"";"";"";"2021-10-06";"123654";""
"57283";"3199";"PLU";"COM";"2016-11-29 23:00:00+00:00";"2014-06-25 22:00:00+00:00";"39";"57";"44";"2021";"NON";"NON";"57283";"";"";"";"2021-10-06";"131701";""
"57284";"1499";"CC";"CC";"2013-01-10 23:00:00+00:00";"2009-03-26 23:00:00+00:00";"19";"57";"44";"2021";"NON";"NON";"245700133";"";"";"";"2021-10-06";"15445";""
"57286";"1432";"CC";"CC";"2005-04-24 22:00:00+00:00";"2003-05-27 22:00:00+00:00";"13";"57";"44";"2021";"NON";"NON";"200067486";"";"";"";"2021-10-06";"15446";""
"57287";"3199";"PLU";"COM";"2021-04-23 22:00:00+00:00";"2008-06-03 22:00:00+00:00";"39";"57";"44";"2021";"NON";"NON";"57287";"";"";"";"2021-10-06";"62798";""
"57288";"3131";"PLU";"COM";"2012-01-29 23:00:00+00:00";"2008-06-01 22:00:00+00:00";"33";"57";"44";"2021";"NON";"NON";"57288";"";"";"";"2021-10-06";"49727";""
"57289";"3199";"PLU";"COM";"2013-02-24 23:00:00+00:00";"2012-02-19 23:00:00+00:00";"39";"57";"44";"2021";"NON";"NON";"57289";"";"";"";"2021-10-06";"107407";""
"57290";"1199";"CC";"COM";"2018-05-28 22:00:00+00:00";"2015-06-04 22:00:00+00:00";"19";"57";"44";"2021";"NON";"NON";"57290";"";"";"";"2021-10-06";"140902";""
"57291";"1199";"CC";"COM";"2010-11-14 23:00:00+00:00";"2006-12-20 23:00:00+00:00";"19";"57";"44";"2021";"NON";"NON";"57291";"";"";"";"2021-10-06";"82923";""
"57294";"3399";"PLUi/PLUiS";"CC";"2019-12-18 23:00:00+00:00";"2015-12-17 23:00:00+00:00";"39";"57";"44";"2021";"OUI";"NON";"200069441";"";"";"";"2021-10-06";"145719";""
"57296";"1432";"CC";"CC";"2016-01-11 23:00:00+00:00";"2014-10-02 22:00:00+00:00";"13";"57";"44";"2021";"NON";"NON";"57296";"";"";"";"2021-10-06";"135756";""
"57299";"3131";"PLU";"COM";"2006-05-31 22:00:00+00:00";"2003-11-05 23:00:00+00:00";"33";"57";"44";"2021";"NON";"NON";"57299";"";"";"";"2021-10-06";"53792";""
"57300";"1199";"CC";"COM";"2013-09-25 22:00:00+00:00";"2011-06-05 22:00:00+00:00";"19";"57";"44";"2021";"NON";"NON";"57300";"";"";"";"2021-10-06";"66272";""
"57301";"3399";"PLUi/PLUiS";"CC";"2019-12-18 23:00:00+00:00";"2015-12-17 23:00:00+00:00";"39";"57";"44";"2021";"OUI";"NON";"200069441";"";"";"";"2021-10-06";"145719";""
"57302";"3199";"PLU";"COM";"2015-11-04 23:00:00+00:00";"2010-03-31 22:00:00+00:00";"39";"57";"44";"2021";"NON";"NON";"57302";"";"";"";"2021-10-06";"65104";""
"57303";"1111";"CC";"COM";"2005-01-27 23:00:00+00:00";"2001-06-20 22:00:00+00:00";"11";"57";"44";"2021";"NON";"NON";"57303";"";"";"";"2021-10-06";"15451";""
"57304";"1199";"CC";"COM";"2005-03-03 23:00:00+00:00";"2002-05-23 22:00:00+00:00";"19";"57";"44";"2021";"NON";"NON";"57304";"";"";"";"2021-10-06";"15453";""
"57305";"1199";"CC";"COM";"2019-05-27 22:00:00+00:00";"2015-06-24 22:00:00+00:00";"19";"57";"44";"2021";"NON";"NON";"57305";"";"";"";"2021-10-06";"140904";""
"57306";"3199";"PLU";"COM";"2018-11-25 23:00:00+00:00";"2015-06-29 22:00:00+00:00";"39";"57";"44";"2021";"NON";"NON";"57306";"";"";"";"2021-10-06";"143382";""
"57307";"1199";"CC";"COM";"2010-11-14 23:00:00+00:00";"2008-03-02 23:00:00+00:00";"19";"57";"44";"2021";"NON";"NON";"57307";"";"";"";"2021-10-06";"70400";""
"57308";"1199";"CC";"COM";"2013-06-24 22:00:00+00:00";"2011-11-24 23:00:00+00:00";"19";"57";"44";"2021";"NON";"NON";"57308";"";"";"";"2021-10-06";"83318";""
"57309";"1432";"CC";"CC";"2011-09-01 22:00:00+00:00";"2009-04-23 22:00:00+00:00";"13";"57";"44";"2021";"NON";"NON";"57309";"";"";"";"2021-10-06";"69794";""
"57310";"1199";"CC";"COM";"2006-01-15 23:00:00+00:00";"2003-10-30 23:00:00+00:00";"19";"57";"44";"2021";"NON";"NON";"57310";"";"";"";"2021-10-06";"15459";""
"57311";"1199";"CC";"COM";"2010-11-28 23:00:00+00:00";"2008-12-18 23:00:00+00:00";"19";"57";"44";"2021";"NON";"NON";"57311";"";"";"";"2021-10-06";"69795";""
"57312";"1432";"CC";"CC";"2009-10-10 22:00:00+00:00";"2008-06-12 22:00:00+00:00";"13";"57";"44";"2021";"NON";"NON";"200067650";"";"";"";"2021-10-06";"15460";""
"57313";"1499";"CC";"CC";"2008-07-24 22:00:00+00:00";"2005-12-28 23:00:00+00:00";"19";"57";"44";"2021";"NON";"NON";"245700133";"";"";"";"2021-10-06";"15461";""
"57314";"3199";"PLU";"COM";"2013-06-28 22:00:00+00:00";"2009-07-02 22:00:00+00:00";"39";"57";"44";"2021";"NON";"NON";"57314";"";"";"";"2021-10-06";"49395";""
"57315";"1199";"CC";"COM";"2008-08-07 22:00:00+00:00";"2004-06-21 22:00:00+00:00";"19";"57";"44";"2021";"NON";"NON";"57315";"";"";"";"2021-10-06";"15462";""
"57317";"1199";"CC";"COM";"2015-03-12 23:00:00+00:00";"2003-12-08 23:00:00+00:00";"19";"57";"44";"2021";"NON";"NON";"57317";"";"";"";"2021-10-06";"15463";""
"57318";"1111";"CC";"COM";"2011-03-10 23:00:00+00:00";"2009-07-07 22:00:00+00:00";"11";"57";"44";"2021";"NON";"NON";"57318";"";"";"";"2021-10-06";"69796";""
"57319";"1499";"CC";"CC";"2012-07-19 22:00:00+00:00";"2009-05-24 22:00:00+00:00";"19";"57";"44";"2021";"NON";"NON";"245700133";"";"";"";"2021-10-06";"67101";""
"57321";"1111";"CC";"COM";"2011-12-15 23:00:00+00:00";"2009-04-23 22:00:00+00:00";"11";"57";"44";"2021";"NON";"NON";"57321";"";"";"";"2021-10-06";"67102";""
"57322";"1432";"CC";"CC";"2011-05-29 22:00:00+00:00";"2005-12-19 23:00:00+00:00";"13";"57";"44";"2021";"NON";"NON";"57322";"";"";"";"2021-10-06";"128364";""
"57323";"3131";"PLU";"COM";"2010-07-12 22:00:00+00:00";"2005-06-29 22:00:00+00:00";"33";"57";"44";"2021";"NON";"NON";"57323";"";"";"";"2021-10-06";"53791";""
"57324";"1199";"CC";"COM";"2011-02-02 23:00:00+00:00";"2008-05-22 22:00:00+00:00";"19";"57";"44";"2021";"NON";"NON";"57324";"";"";"";"2021-10-06";"69785";""
"57329";"1432";"CC";"CC";"2017-07-12 22:00:00+00:00";"2014-10-26 23:00:00+00:00";"13";"57";"44";"2021";"NON";"NON";"57329";"";"";"";"2021-10-06";"135630";""
"57330";"3199";"PLU";"COM";"2011-12-15 23:00:00+00:00";"2005-04-11 22:00:00+00:00";"39";"57";"44";"2021";"NON";"NON";"57330";"";"";"";"2021-10-06";"62805";""
"57331";"3199";"PLU";"COM";"2013-03-07 23:00:00+00:00";"2008-09-04 22:00:00+00:00";"39";"57";"44";"2021";"NON";"NON";"57331";"";"";"";"2021-10-06";"62800";""
"57332";"3199";"PLU";"COM";"2013-05-14 22:00:00+00:00";"2007-09-16 22:00:00+00:00";"39";"57";"44";"2021";"NON";"NON";"57332";"";"";"";"2021-10-06";"62801";""
"57334";"1199";"CC";"COM";"2015-03-24 23:00:00+00:00";"2011-07-27 22:00:00+00:00";"19";"57";"44";"2021";"NON";"NON";"57334";"";"";"";"2021-10-06";"66275";""
"57335";"1199";"CC";"COM";"2009-07-19 22:00:00+00:00";"2007-03-29 22:00:00+00:00";"19";"57";"44";"2021";"NON";"NON";"57335";"";"";"";"2021-10-06";"69798";""
"57337";"1111";"CC";"COM";"2005-12-04 23:00:00+00:00";"2001-05-17 22:00:00+00:00";"11";"57";"44";"2021";"NON";"NON";"57337";"";"";"";"2021-10-06";"15470";""
"57338";"3399";"PLUi/PLUiS";"CC";"2019-12-18 23:00:00+00:00";"2015-12-17 23:00:00+00:00";"39";"57";"44";"2021";"OUI";"NON";"200069441";"";"";"";"2021-10-06";"145719";""
"57339";"1199";"CC";"COM";"2006-02-09 23:00:00+00:00";"2002-01-31 23:00:00+00:00";"19";"57";"44";"2021";"NON";"NON";"57339";"";"";"";"2021-10-06";"15471";""
"57341";"3432";"PLU";"CC";"2021-04-13 22:00:00+00:00";"2016-12-04 23:00:00+00:00";"33";"57";"44";"2021";"NON";"NON";"200067486";"";"";"";"2021-10-06";"158596";""
"57343";"3199";"PLU";"COM";"2017-10-09 22:00:00+00:00";"2013-06-10 22:00:00+00:00";"39";"57";"44";"2021";"NON";"NON";"57343";"";"";"";"2021-10-06";"123659";""
"57344";"3131";"PLU";"COM";"2005-03-23 23:00:00+00:00";"2002-02-27 23:00:00+00:00";"33";"57";"44";"2021";"NON";"NON";"57344";"";"";"";"2021-10-06";"53799";""
"57346";"3199";"PLU";"COM";"2012-01-25 23:00:00+00:00";"2005-11-09 23:00:00+00:00";"39";"57";"44";"2021";"NON";"NON";"57346";"";"";"";"2021-10-06";"83382";""
"57347";"1199";"CC";"COM";"2010-01-28 23:00:00+00:00";"2008-10-26 23:00:00+00:00";"19";"57";"44";"2021";"NON";"NON";"57347";"";"";"";"2021-10-06";"69800";""
"57348";"3199";"PLU";"COM";"2012-12-13 23:00:00+00:00";"2009-05-21 22:00:00+00:00";"39";"57";"44";"2021";"NON";"NON";"57348";"";"";"";"2021-10-06";"62803";""
"57349";"1199";"CC";"COM";"2013-02-12 23:00:00+00:00";"2011-03-06 23:00:00+00:00";"19";"57";"44";"2021";"NON";"NON";"57349";"";"";"";"2021-10-06";"67103";""
"57350";"3432";"PLU";"CC";"2014-03-19 23:00:00+00:00";"2008-05-14 22:00:00+00:00";"33";"57";"44";"2021";"NON";"NON";"200070738";"";"";"";"2021-10-06";"83388";""
"57351";"3432";"PLU";"MET";"2009-06-30 22:00:00+00:00";"2003-03-06 23:00:00+00:00";"33";"57";"44";"2021";"NON";"NON";"200039865";"";"";"";"2021-10-06";"53794";""
"57352";"3432";"PLU";"MET";"2004-11-25 23:00:00+00:00";"2002-10-09 22:00:00+00:00";"33";"57";"44";"2021";"NON";"NON";"200039865";"";"";"";"2021-10-06";"53801";""
"57353";"1199";"CC";"COM";"2013-09-30 22:00:00+00:00";"2012-01-26 23:00:00+00:00";"19";"57";"44";"2021";"NON";"NON";"57353";"";"";"";"2021-10-06";"107546";""
"57354";"1199";"CC";"COM";"2008-08-13 22:00:00+00:00";"2006-03-26 22:00:00+00:00";"19";"57";"44";"2021";"NON";"NON";"57354";"";"";"";"2021-10-06";"68420";""
"57355";"3199";"PLU";"COM";"2004-01-29 23:00:00+00:00";"1996-06-06 22:00:00+00:00";"39";"57";"44";"2021";"NON";"NON";"57355";"";"";"";"2021-10-06";"53802";""
"57356";"3199";"PLU";"COM";"2010-06-08 22:00:00+00:00";"2000-03-30 22:00:00+00:00";"39";"57";"44";"2021";"NON";"NON";"57356";"";"";"";"2021-10-06";"56965";""
"57357";"1111";"CC";"COM";"2007-12-11 23:00:00+00:00";"2005-05-25 22:00:00+00:00";"11";"57";"44";"2021";"NON";"NON";"57357";"";"";"";"2021-10-06";"68421";""
"57358";"3199";"PLU";"COM";"2015-09-15 22:00:00+00:00";"2012-05-27 22:00:00+00:00";"39";"57";"44";"2021";"NON";"NON";"57358";"";"";"";"2021-10-06";"62806";""
"57359";"1199";"CC";"COM";"2010-08-03 22:00:00+00:00";"2008-12-01 23:00:00+00:00";"19";"57";"44";"2021";"NON";"NON";"57359";"";"";"";"2021-10-06";"69801";""
"57360";"3199";"PLU";"COM";"2011-03-21 23:00:00+00:00";"2008-05-08 22:00:00+00:00";"39";"57";"44";"2021";"NON";"NON";"57360";"";"";"";"2021-10-06";"64086";""
"57361";"3432";"PLU";"CC";"2019-10-02 22:00:00+00:00";"2014-12-16 23:00:00+00:00";"33";"57";"44";"2021";"NON";"NON";"200067486";"";"";"";"2021-10-06";"135624";""
"57364";"1432";"CC";"CC";"2004-02-25 23:00:00+00:00";"2002-03-25 23:00:00+00:00";"13";"57";"44";"2021";"NON";"NON";"200067486";"";"";"";"2021-10-06";"15475";""
"57365";"1432";"CC";"CC";"2018-05-27 22:00:00+00:00";"2015-11-11 23:00:00+00:00";"13";"57";"44";"2021";"NON";"NON";"200067486";"";"";"";"2021-10-06";"143334";""
"57366";"1199";"CC";"COM";"2013-11-11 23:00:00+00:00";"2011-12-14 23:00:00+00:00";"19";"57";"44";"2021";"NON";"NON";"57366";"";"";"";"2021-10-06";"107549";""
"57368";"3131";"PLU";"COM";"2005-02-03 23:00:00+00:00";"2000-05-25 22:00:00+00:00";"33";"57";"44";"2021";"NON";"NON";"57368";"";"";"";"2021-10-06";"53807";""
"57370";"3199";"PLU";"COM";"2019-07-17 22:00:00+00:00";"2015-07-08 22:00:00+00:00";"39";"57";"44";"2021";"NON";"NON";"57370";"";"";"";"2021-10-06";"140914";""
"57371";"3432";"PLU";"CC";"2019-04-09 22:00:00+00:00";"2015-03-03 23:00:00+00:00";"33";"57";"44";"2021";"NON";"NON";"200067486";"";"";"";"2021-10-06";"135063";""
"57372";"3199";"PLU";"COM";"2019-04-23 22:00:00+00:00";"2014-11-26 23:00:00+00:00";"39";"57";"44";"2021";"NON";"NON";"57372";"";"";"";"2021-10-06";"138146";""
"57373";"3199";"PLU";"COM";"2003-06-22 22:00:00+00:00";"1997-02-25 23:00:00+00:00";"39";"57";"44";"2021";"NON";"NON";"57373";"";"";"";"2021-10-06";"53811";""
"57374";"1199";"CC";"COM";"2018-11-29 23:00:00+00:00";"2015-10-28 23:00:00+00:00";"19";"57";"44";"2021";"NON";"NON";"57374";"";"";"";"2021-10-06";"143337";""
"57376";"3399";"PLUi/PLUiS";"CC";"2019-12-18 23:00:00+00:00";"2015-12-17 23:00:00+00:00";"39";"57";"44";"2021";"OUI";"NON";"200069441";"";"";"";"2021-10-06";"145719";""
"57377";"1199";"CC";"COM";"2007-07-08 22:00:00+00:00";"2004-10-06 22:00:00+00:00";"19";"57";"44";"2021";"NON";"NON";"57377";"";"";"";"2021-10-06";"15478";""
"57381";"1199";"CC";"COM";"2007-07-11 22:00:00+00:00";"2005-10-20 22:00:00+00:00";"19";"57";"44";"2021";"NON";"NON";"57381";"";"";"";"2021-10-06";"15480";""
"57384";"3199";"PLU";"COM";"2006-10-06 22:00:00+00:00";"2003-10-02 22:00:00+00:00";"39";"57";"44";"2021";"NON";"NON";"57384";"";"";"";"2021-10-06";"53815";""
"57385";"3432";"PLU";"MET";"2016-07-17 22:00:00+00:00";"2013-03-21 23:00:00+00:00";"33";"57";"44";"2021";"NON";"NON";"200039865";"";"";"";"2021-10-06";"64087";""
"57387";"1432";"CC";"CC";"2010-07-25 22:00:00+00:00";"2004-09-23 22:00:00+00:00";"13";"57";"44";"2021";"NON";"NON";"200067486";"";"";"";"2021-10-06";"15482";""
"57388";"1432";"CC";"CC";"2006-01-15 23:00:00+00:00";"2003-11-05 23:00:00+00:00";"13";"57";"44";"2021";"NON";"NON";"200067486";"";"";"";"2021-10-06";"15483";""
"57390";"3399";"PLUi/PLUiS";"CC";"2019-12-18 23:00:00+00:00";"2015-12-17 23:00:00+00:00";"39";"57";"44";"2021";"OUI";"NON";"200069441";"";"";"";"2021-10-06";"145719";""
"57392";"3199";"PLU";"COM";"2009-11-05 23:00:00+00:00";"2001-06-07 22:00:00+00:00";"39";"57";"44";"2021";"NON";"NON";"57392";"";"";"";"2021-10-06";"40351";""
"57393";"3399";"PLUi/PLUiS";"CC";"2019-12-18 23:00:00+00:00";"2015-12-17 23:00:00+00:00";"39";"57";"44";"2021";"OUI";"NON";"200069441";"";"";"";"2021-10-06";"145719";""
"57394";"1199";"CC";"COM";"2017-11-22 23:00:00+00:00";"2014-10-08 22:00:00+00:00";"19";"57";"44";"2021";"NON";"NON";"57394";"";"";"";"2021-10-06";"135625";""
"57396";"3432";"PLU";"MET";"2007-12-17 23:00:00+00:00";"2002-11-12 23:00:00+00:00";"33";"57";"44";"2021";"NON";"NON";"200039865";"";"";"";"2021-10-06";"53804";""
"57397";"1199";"CC";"COM";"2005-09-26 22:00:00+00:00";"2003-07-30 22:00:00+00:00";"19";"57";"44";"2021";"NON";"NON";"57397";"";"";"";"2021-10-06";"15485";""
"57398";"3199";"PLU";"COM";"2007-05-28 22:00:00+00:00";"2004-05-13 22:00:00+00:00";"39";"57";"44";"2021";"NON";"NON";"57398";"";"";"";"2021-10-06";"53819";""
"57402";"3399";"PLUi/PLUiS";"CC";"2019-12-18 23:00:00+00:00";"2015-12-17 23:00:00+00:00";"39";"57";"44";"2021";"OUI";"NON";"200069441";"";"";"";"2021-10-06";"145719";""
"57404";"3199";"PLU";"COM";"2005-12-13 23:00:00+00:00";"2001-12-11 23:00:00+00:00";"39";"57";"44";"2021";"NON";"NON";"57404";"";"";"";"2021-10-06";"53820";""
"57406";"1199";"CC";"COM";"2013-11-11 23:00:00+00:00";"2011-09-15 22:00:00+00:00";"19";"57";"44";"2021";"NON";"NON";"57406";"";"";"";"2021-10-06";"107558";""
"57407";"3199";"PLU";"COM";"2006-08-27 22:00:00+00:00";"2002-10-10 22:00:00+00:00";"39";"57";"44";"2021";"NON";"NON";"57407";"";"";"";"2021-10-06";"53821";""
"57409";"3199";"PLU";"COM";"2007-10-18 22:00:00+00:00";"2004-12-02 23:00:00+00:00";"39";"57";"44";"2021";"NON";"NON";"57409";"";"";"";"2021-10-06";"53822";""
"57410";"1199";"CC";"COM";"2012-07-12 22:00:00+00:00";"2010-11-14 23:00:00+00:00";"19";"57";"44";"2021";"NON";"NON";"57410";"";"";"";"2021-10-06";"67104";""
"57411";"1111";"CC";"COM";"2008-04-21 22:00:00+00:00";"2005-05-16 22:00:00+00:00";"11";"57";"44";"2021";"NON";"NON";"57411";"";"";"";"2021-10-06";"15486";""
"57412";"3432";"PLU";"MET";"2017-12-18 23:00:00+00:00";"2015-11-30 23:00:00+00:00";"33";"57";"44";"2021";"NON";"NON";"200039865";"";"";"";"2021-10-06";"144548";""
"57414";"3199";"PLU";"COM";"2020-07-12 22:00:00+00:00";"2015-03-30 22:00:00+00:00";"39";"57";"44";"2021";"NON";"NON";"57414";"";"";"";"2021-10-06";"143343";""
"57415";"3432";"PLU";"MET";"2017-06-21 22:00:00+00:00";"2014-05-27 22:00:00+00:00";"33";"57";"44";"2021";"NON";"NON";"200039865";"";"";"";"2021-10-06";"131710";""
"57416";"3432";"PLU";"CC";"2005-06-16 22:00:00+00:00";"2002-11-03 23:00:00+00:00";"33";"57";"44";"2021";"NON";"NON";"200070738";"";"";"";"2021-10-06";"53824";""
"57418";"1199";"CC";"COM";"2007-10-30 23:00:00+00:00";"2004-07-22 22:00:00+00:00";"19";"57";"44";"2021";"NON";"NON";"57418";"";"";"";"2021-10-06";"15488";""
"57419";"3199";"PLU";"COM";"2018-05-03 22:00:00+00:00";"2013-06-27 22:00:00+00:00";"39";"57";"44";"2021";"NON";"NON";"57419";"";"";"";"2021-10-06";"123662";""
"57421";"3399";"PLUi/PLUiS";"CC";"2019-12-18 23:00:00+00:00";"2015-12-17 23:00:00+00:00";"39";"57";"44";"2021";"OUI";"NON";"200069441";"";"";"";"2021-10-06";"145719";""
"57422";"3199";"PLU";"COM";"2017-08-03 22:00:00+00:00";"2013-02-21 23:00:00+00:00";"39";"57";"44";"2021";"NON";"NON";"57422";"";"";"";"2021-10-06";"123419";""
"57424";"1199";"CC";"COM";"2009-01-28 23:00:00+00:00";"2007-06-28 22:00:00+00:00";"19";"57";"44";"2021";"NON";"NON";"57424";"";"";"";"2021-10-06";"69803";""
"57425";"3199";"PLU";"COM";"2008-11-30 23:00:00+00:00";"2001-06-28 22:00:00+00:00";"39";"57";"44";"2021";"NON";"NON";"57425";"";"";"";"2021-10-06";"53813";""
"57426";"3199";"PLU";"COM";"2010-03-09 23:00:00+00:00";"2004-12-20 23:00:00+00:00";"39";"57";"44";"2021";"NON";"NON";"57426";"";"";"";"2021-10-06";"53816";""
"57427";"3199";"PLU";"COM";"2011-11-02 23:00:00+00:00";"2003-11-19 23:00:00+00:00";"39";"57";"44";"2021";"NON";"NON";"57427";"";"";"";"2021-10-06";"62807";""
"57428";"3199";"PLU";"COM";"2008-05-04 22:00:00+00:00";"2003-03-16 23:00:00+00:00";"39";"57";"44";"2021";"NON";"NON";"57428";"";"";"";"2021-10-06";"53827";""
"57430";"1499";"CC";"CC";"2008-04-21 22:00:00+00:00";"2003-10-12 22:00:00+00:00";"19";"57";"44";"2021";"NON";"NON";"245700133";"";"";"";"2021-10-06";"15492";""
"57431";"1199";"CC";"COM";"2018-11-20 23:00:00+00:00";"2015-07-14 22:00:00+00:00";"19";"57";"44";"2021";"NON";"NON";"57431";"";"";"";"2021-10-06";"140986";""
"57433";"3131";"PLU";"COM";"2013-02-17 23:00:00+00:00";"2009-03-29 22:00:00+00:00";"33";"57";"44";"2021";"NON";"NON";"57433";"";"";"";"2021-10-06";"64085";""
"57434";"1199";"CC";"COM";"2017-05-11 22:00:00+00:00";"2013-01-20 23:00:00+00:00";"19";"57";"44";"2021";"NON";"NON";"57434";"";"";"";"2021-10-06";"119481";""
"57437";"3199";"PLU";"COM";"2020-10-11 22:00:00+00:00";"2015-11-29 23:00:00+00:00";"39";"57";"44";"2021";"NON";"NON";"57437";"";"";"";"2021-10-06";"147711";""
"57438";"3199";"PLU";"COM";"2017-07-26 22:00:00+00:00";"2014-07-08 22:00:00+00:00";"39";"57";"44";"2021";"NON";"NON";"57438";"";"";"";"2021-10-06";"62809";""
"57439";"1432";"CC";"CC";"2011-08-04 22:00:00+00:00";"2008-08-31 22:00:00+00:00";"13";"57";"44";"2021";"NON";"NON";"200067486";"";"";"";"2021-10-06";"69807";""
"57440";"1199";"CC";"COM";"2010-09-01 22:00:00+00:00";"2009-06-04 22:00:00+00:00";"19";"57";"44";"2021";"NON";"NON";"57440";"";"";"";"2021-10-06";"69804";""
"57441";"3199";"PLU";"COM";"2012-01-18 23:00:00+00:00";"2008-05-05 22:00:00+00:00";"39";"57";"44";"2021";"NON";"NON";"57441";"";"";"";"2021-10-06";"62811";""
"57442";"1499";"CC";"CC";"2007-11-14 23:00:00+00:00";"2004-02-05 23:00:00+00:00";"19";"57";"44";"2021";"NON";"NON";"245700133";"";"";"";"2021-10-06";"15496";""
"57443";"3199";"PLU";"COM";"2020-09-16 22:00:00+00:00";"2015-11-11 23:00:00+00:00";"39";"57";"44";"2021";"NON";"NON";"57443";"";"";"";"2021-10-06";"144552";""
"57445";"3432";"PLU";"MET";"2014-12-17 23:00:00+00:00";"2009-09-16 22:00:00+00:00";"33";"57";"44";"2021";"NON";"NON";"200039865";"";"";"";"2021-10-06";"62812";""
"57447";"3432";"PLU";"MET";"2013-03-18 23:00:00+00:00";"2004-10-20 22:00:00+00:00";"33";"57";"44";"2021";"NON";"NON";"200039865";"";"";"";"2021-10-06";"460";""
"57448";"1199";"CC";"COM";"2009-11-01 23:00:00+00:00";"2003-08-25 22:00:00+00:00";"19";"57";"44";"2021";"NON";"NON";"57448";"";"";"";"2021-10-06";"15498";""
"57449";"3199";"PLU";"COM";"2013-10-13 22:00:00+00:00";"2009-11-22 23:00:00+00:00";"39";"57";"44";"2021";"NON";"NON";"57449";"";"";"";"2021-10-06";"62813";""
"57451";"1199";"CC";"COM";"2014-04-23 22:00:00+00:00";"2011-10-26 22:00:00+00:00";"19";"57";"44";"2021";"NON";"NON";"57451";"";"";"";"2021-10-06";"15500";""
"57452";"3432";"PLU";"MET";"2020-01-26 23:00:00+00:00";"2016-04-27 22:00:00+00:00";"33";"57";"44";"2021";"NON";"NON";"200039865";"";"";"";"2021-10-06";"152045";""
"57453";"1199";"CC";"COM";"2004-07-18 22:00:00+00:00";"2002-03-14 23:00:00+00:00";"19";"57";"44";"2021";"NON";"NON";"57453";"";"";"";"2021-10-06";"15505";""
"57454";"3432";"PLU";"MET";"2020-02-16 23:00:00+00:00";"2014-11-24 23:00:00+00:00";"33";"57";"44";"2021";"NON";"NON";"200039865";"";"";"";"2021-10-06";"134107";""
"57456";"3399";"PLUi/PLUiS";"CC";"2019-12-18 23:00:00+00:00";"2015-12-17 23:00:00+00:00";"39";"57";"44";"2021";"OUI";"NON";"200069441";"";"";"";"2021-10-06";"145719";""
"57457";"1432";"CC";"CC";"2005-12-04 23:00:00+00:00";"2003-11-18 23:00:00+00:00";"13";"57";"44";"2021";"NON";"NON";"57457";"";"";"";"2021-10-06";"15509";""
"57459";"1432";"CC";"CC";"2010-09-08 22:00:00+00:00";"2008-05-29 22:00:00+00:00";"13";"57";"44";"2021";"NON";"NON";"200067486";"";"";"";"2021-10-06";"69786";""
"57460";"1432";"CC";"CC";"2006-11-23 23:00:00+00:00";"2004-04-27 22:00:00+00:00";"13";"57";"44";"2021";"NON";"NON";"57460";"";"";"";"2021-10-06";"16524";""
"57463";"3432";"PLU";"MET";"2008-12-17 23:00:00+00:00";"2001-10-25 22:00:00+00:00";"33";"57";"44";"2021";"NON";"NON";"200039865";"";"";"";"2021-10-06";"31184";""
"57464";"3199";"PLU";"COM";"2018-11-11 23:00:00+00:00";"2014-09-11 22:00:00+00:00";"39";"57";"44";"2021";"NON";"NON";"57464";"";"";"";"2021-10-06";"132591";""
"57465";"3131";"PLU";"COM";"2016-06-05 22:00:00+00:00";"2014-06-04 22:00:00+00:00";"33";"57";"44";"2021";"NON";"NON";"57465";"";"";"";"2021-10-06";"131728";""
"57466";"3199";"PLU";"COM";"2004-09-16 22:00:00+00:00";"1997-07-02 22:00:00+00:00";"39";"57";"44";"2021";"NON";"NON";"57466";"";"";"";"2021-10-06";"53833";""
"57467";"3432";"PLU";"MET";"2011-12-13 23:00:00+00:00";"2002-05-27 22:00:00+00:00";"33";"57";"44";"2021";"NON";"NON";"200039865";"";"";"";"2021-10-06";"62815";""
"57468";"3199";"PLU";"COM";"2008-11-23 23:00:00+00:00";"2004-09-26 22:00:00+00:00";"39";"57";"44";"2021";"NON";"NON";"57468";"";"";"";"2021-10-06";"40350";""
"57469";"3199";"PLU";"COM";"2006-02-08 23:00:00+00:00";"2003-02-12 23:00:00+00:00";"39";"57";"44";"2021";"NON";"NON";"57469";"";"";"";"2021-10-06";"53831";""
"57471";"1432";"CC";"CC";"2012-03-06 23:00:00+00:00";"2008-08-28 22:00:00+00:00";"13";"57";"44";"2021";"NON";"NON";"200067650";"";"";"";"2021-10-06";"16526";""
"57472";"1199";"CC";"COM";"2020-02-18 23:00:00+00:00";"2015-04-13 22:00:00+00:00";"19";"57";"44";"2021";"NON";"NON";"57472";"";"";"";"2021-10-06";"140990";""
"57473";"1199";"CC";"COM";"2011-05-16 22:00:00+00:00";"2009-06-04 22:00:00+00:00";"19";"57";"44";"2021";"NON";"NON";"57473";"";"";"";"2021-10-06";"84176";""
"57474";"3199";"PLU";"COM";"2019-11-14 23:00:00+00:00";"2015-09-28 22:00:00+00:00";"39";"57";"44";"2021";"NON";"NON";"57474";"";"";"";"2021-10-06";"143346";""
"57476";"1199";"CC";"COM";"2009-04-05 22:00:00+00:00";"2005-04-10 22:00:00+00:00";"19";"57";"44";"2021";"NON";"NON";"57476";"";"";"";"2021-10-06";"16528";""
"57477";"3399";"PLUi/PLUiS";"CC";"2019-12-18 23:00:00+00:00";"2015-12-17 23:00:00+00:00";"39";"57";"44";"2021";"OUI";"NON";"200069441";"";"";"";"2021-10-06";"145719";""
"57479";"1432";"CC";"CC";"2019-07-28 22:00:00+00:00";"2018-03-06 23:00:00+00:00";"13";"57";"44";"2021";"NON";"NON";"200067486";"";"";"";"2021-10-06";"178602";""
"57480";"3432";"PLU";"MET";"2017-03-22 23:00:00+00:00";"2013-03-27 23:00:00+00:00";"33";"57";"44";"2021";"NON";"NON";"200039865";"";"";"";"2021-10-06";"123453";""
"57481";"3199";"PLU";"COM";"2010-09-16 22:00:00+00:00";"2007-03-07 23:00:00+00:00";"39";"57";"44";"2021";"NON";"NON";"57481";"";"";"";"2021-10-06";"51963";""
"57482";"3199";"PLU";"COM";"2015-04-29 22:00:00+00:00";"2010-11-18 23:00:00+00:00";"39";"57";"44";"2021";"NON";"NON";"57482";"";"";"";"2021-10-06";"64090";""
"57483";"3131";"PLU";"COM";"2006-02-05 23:00:00+00:00";"2003-03-26 23:00:00+00:00";"33";"57";"44";"2021";"NON";"NON";"57483";"";"";"";"2021-10-06";"53839";""
"57484";"3199";"PLU";"COM";"2007-01-21 23:00:00+00:00";"2003-01-26 23:00:00+00:00";"39";"57";"44";"2021";"NON";"NON";"57484";"";"";"";"2021-10-06";"56966";""
"57487";"3432";"PLU";"MET";"2017-12-18 23:00:00+00:00";"2014-12-18 23:00:00+00:00";"33";"57";"44";"2021";"NON";"NON";"200039865";"";"";"";"2021-10-06";"135067";""
"57488";"3199";"PLU";"COM";"2021-04-26 22:00:00+00:00";"2011-06-16 22:00:00+00:00";"39";"57";"44";"2021";"NON";"NON";"57488";"";"";"";"2021-10-06";"84214";""
"57489";"3399";"PLUi/PLUiS";"CC";"2019-12-18 23:00:00+00:00";"2015-12-17 23:00:00+00:00";"39";"57";"44";"2021";"OUI";"NON";"200069441";"";"";"";"2021-10-06";"145719";""
"57491";"3199";"PLU";"COM";"2008-06-25 22:00:00+00:00";"2002-10-28 23:00:00+00:00";"39";"57";"44";"2021";"NON";"NON";"57491";"";"";"";"2021-10-06";"53842";""
"57492";"1199";"CC";"COM";"2013-03-11 23:00:00+00:00";"2012-02-18 23:00:00+00:00";"19";"57";"44";"2021";"NON";"NON";"57492";"";"";"";"2021-10-06";"66282";""
"57495";"1432";"CC";"CC";"2014-05-14 22:00:00+00:00";"2012-02-01 23:00:00+00:00";"13";"57";"44";"2021";"NON";"NON";"200067650";"";"";"";"2021-10-06";"132592";""
"57497";"1199";"CC";"COM";"2020-04-14 22:00:00+00:00";"2018-06-14 22:00:00+00:00";"19";"57";"44";"2021";"NON";"NON";"57497";"";"";"";"2021-10-06";"164621";""
"57498";"3199";"PLU";"COM";"2009-02-04 23:00:00+00:00";"2006-12-04 23:00:00+00:00";"39";"57";"44";"2021";"NON";"NON";"57498";"";"";"";"2021-10-06";"53836";""
"57499";"3199";"PLU";"COM";"2021-03-09 23:00:00+00:00";"2014-11-25 23:00:00+00:00";"39";"57";"44";"2021";"NON";"NON";"57499";"";"";"";"2021-10-06";"135068";""
"57502";"1432";"CC";"CC";"2011-05-29 22:00:00+00:00";"2007-02-25 23:00:00+00:00";"13";"57";"44";"2021";"NON";"NON";"57502";"";"";"";"2021-10-06";"69789";""
"57504";"1199";"CC";"COM";"2011-03-14 23:00:00+00:00";"2009-12-03 23:00:00+00:00";"19";"57";"44";"2021";"NON";"NON";"57504";"";"";"";"2021-10-06";"84654";""
"57505";"3199";"PLU";"COM";"2019-05-22 22:00:00+00:00";"2015-07-02 22:00:00+00:00";"39";"57";"44";"2021";"NON";"NON";"57505";"";"";"";"2021-10-06";"131737";""
"57506";"1199";"CC";"COM";"2015-11-18 23:00:00+00:00";"2013-11-28 23:00:00+00:00";"19";"57";"44";"2021";"NON";"NON";"57506";"";"";"";"2021-10-06";"131739";""
"57507";"1432";"CC";"CC";"2011-05-29 22:00:00+00:00";"2008-06-08 22:00:00+00:00";"13";"57";"44";"2021";"NON";"NON";"200067650";"";"";"";"2021-10-06";"69805";""
"57508";"3199";"PLU";"COM";"2019-10-21 22:00:00+00:00";"2014-12-18 23:00:00+00:00";"39";"57";"44";"2021";"NON";"NON";"57508";"";"";"";"2021-10-06";"136097";""
"57509";"3199";"PLU";"COM";"2004-08-30 22:00:00+00:00";"1995-12-20 23:00:00+00:00";"39";"57";"44";"2021";"NON";"NON";"57509";"";"";"";"2021-10-06";"53846";""
"57510";"3432";"PLU";"MET";"2016-12-14 23:00:00+00:00";"2014-10-22 22:00:00+00:00";"33";"57";"44";"2021";"NON";"NON";"200039865";"";"";"";"2021-10-06";"133877";""
"57511";"3199";"PLU";"COM";"2016-06-05 22:00:00+00:00";"2010-09-25 22:00:00+00:00";"39";"57";"44";"2021";"NON";"NON";"57511";"";"";"";"2021-10-06";"64089";""
"57512";"3432";"PLU";"MET";"2019-09-29 22:00:00+00:00";"2015-11-18 23:00:00+00:00";"33";"57";"44";"2021";"NON";"NON";"200039865";"";"";"";"2021-10-06";"144555";""
"57513";"3399";"PLUi/PLUiS";"CC";"2019-12-18 23:00:00+00:00";"2015-12-17 23:00:00+00:00";"39";"57";"44";"2021";"OUI";"NON";"200069441";"";"";"";"2021-10-06";"145719";""
"57514";"3131";"PLU";"COM";"2005-04-28 22:00:00+00:00";"2002-03-25 23:00:00+00:00";"33";"57";"44";"2021";"NON";"NON";"57514";"";"";"";"2021-10-06";"53849";""
"57515";"3432";"PLU";"CC";"2008-02-25 23:00:00+00:00";"2003-02-17 23:00:00+00:00";"33";"57";"44";"2021";"NON";"NON";"200070738";"";"";"";"2021-10-06";"53850";""
"57516";"1432";"CC";"CC";"2009-01-28 23:00:00+00:00";"2005-05-05 22:00:00+00:00";"13";"57";"44";"2021";"NON";"NON";"57516";"";"";"";"2021-10-06";"16535";""
"57517";"3399";"PLUi/PLUiS";"CC";"2019-12-18 23:00:00+00:00";"2015-12-17 23:00:00+00:00";"39";"57";"44";"2021";"OUI";"NON";"200069441";"";"";"";"2021-10-06";"145719";""
"57519";"1432";"CC";"CC";"2004-07-18 22:00:00+00:00";"2002-01-03 23:00:00+00:00";"13";"57";"44";"2021";"NON";"NON";"200067650";"";"";"";"2021-10-06";"16537";""
"57521";"3131";"PLU";"COM";"2007-02-06 23:00:00+00:00";"2005-03-29 22:00:00+00:00";"33";"57";"44";"2021";"NON";"NON";"57521";"";"";"";"2021-10-06";"53851";""
"57525";"1199";"CC";"COM";"2013-07-24 22:00:00+00:00";"2010-11-21 23:00:00+00:00";"19";"57";"44";"2021";"NON";"NON";"57525";"";"";"";"2021-10-06";"84726";""
"57526";"3399";"PLUi/PLUiS";"CC";"2019-12-18 23:00:00+00:00";"2015-12-17 23:00:00+00:00";"39";"57";"44";"2021";"OUI";"NON";"200069441";"";"";"";"2021-10-06";"145719";""
"57527";"3199";"PLU";"COM";"2015-03-25 23:00:00+00:00";"2009-07-01 22:00:00+00:00";"39";"57";"44";"2021";"NON";"NON";"57527";"";"";"";"2021-10-06";"64091";""
"57529";"3299";"PLUi/PLUiS";"CC";"2020-02-24 23:00:00+00:00";"2015-02-02 23:00:00+00:00";"39";"57";"44";"2021";"NON";"OUI";"245701404";"";"";"";"2021-10-06";"138132";""
"57530";"1432";"CC";"CC";"2009-11-25 23:00:00+00:00";"2007-07-31 22:00:00+00:00";"13";"57";"44";"2021";"NON";"NON";"200067650";"";"";"";"2021-10-06";"84746";""
"57531";"1199";"CC";"COM";"2004-04-19 22:00:00+00:00";"2002-02-28 23:00:00+00:00";"19";"57";"44";"2021";"NON";"NON";"57531";"";"";"";"2021-10-06";"16539";""
"57533";"3199";"PLU";"COM";"2017-07-02 22:00:00+00:00";"2014-09-21 22:00:00+00:00";"39";"57";"44";"2021";"NON";"NON";"57533";"";"";"";"2021-10-06";"131742";""
"57534";"3432";"PLU";"MET";"2019-06-23 22:00:00+00:00";"2014-12-17 23:00:00+00:00";"33";"57";"44";"2021";"NON";"NON";"200039865";"";"";"";"2021-10-06";"135070";""
"57535";"3399";"PLUi/PLUiS";"CC";"2019-12-18 23:00:00+00:00";"2014-12-17 23:00:00+00:00";"39";"57";"44";"2021";"OUI";"NON";"200069441";"";"";"";"2021-10-06";"135951";""
"57537";"3199";"PLU";"COM";"2017-07-10 22:00:00+00:00";"2011-02-28 23:00:00+00:00";"39";"57";"44";"2021";"NON";"NON";"57537";"";"";"";"2021-10-06";"62816";""
"57540";"3199";"PLU";"COM";"2008-07-28 22:00:00+00:00";"2002-12-17 23:00:00+00:00";"39";"57";"44";"2021";"NON";"NON";"57540";"";"";"";"2021-10-06";"53857";""
"57541";"3399";"PLUi/PLUiS";"CC";"2019-12-18 23:00:00+00:00";"2015-12-17 23:00:00+00:00";"39";"57";"44";"2021";"OUI";"NON";"200069441";"";"";"";"2021-10-06";"145719";""
"57542";"1432";"CC";"CC";"2007-10-30 23:00:00+00:00";"2005-09-22 22:00:00+00:00";"13";"57";"44";"2021";"NON";"NON";"200067650";"";"";"";"2021-10-06";"84936";""
"57543";"3199";"PLU";"COM";"2011-09-28 22:00:00+00:00";"2003-02-05 23:00:00+00:00";"39";"57";"44";"2021";"NON";"NON";"57543";"";"";"";"2021-10-06";"62817";""
"57544";"1199";"CC";"COM";"2004-01-07 23:00:00+00:00";"2001-09-30 22:00:00+00:00";"19";"57";"44";"2021";"NON";"NON";"57544";"";"";"";"2021-10-06";"16544";""
"57545";"3432";"PLU";"MET";"2018-06-10 22:00:00+00:00";"2017-06-26 22:00:00+00:00";"33";"57";"44";"2021";"NON";"NON";"200039865";"";"";"";"2021-10-06";"158641";""
"57546";"3131";"PLU";"COM";"2009-09-15 22:00:00+00:00";"2006-02-17 23:00:00+00:00";"33";"57";"44";"2021";"NON";"NON";"57546";"";"";"";"2021-10-06";"53854";""
"57547";"3199";"PLU";"COM";"2015-06-25 22:00:00+00:00";"2012-09-06 22:00:00+00:00";"39";"57";"44";"2021";"NON";"NON";"57547";"";"";"";"2021-10-06";"119513";""
"57548";"3131";"PLU";"COM";"2011-02-20 23:00:00+00:00";"2003-05-11 22:00:00+00:00";"33";"57";"44";"2021";"NON";"NON";"57548";"";"";"";"2021-10-06";"53856";""
"57551";"1199";"CC";"COM";"2006-12-12 23:00:00+00:00";"2004-02-26 23:00:00+00:00";"19";"57";"44";"2021";"NON";"NON";"57551";"";"";"";"2021-10-06";"16545";""
"57552";"3432";"PLU";"MET";"2017-05-16 22:00:00+00:00";"2014-10-14 22:00:00+00:00";"33";"57";"44";"2021";"NON";"NON";"200039865";"";"";"";"2021-10-06";"64094";""
"57554";"3199";"PLU";"COM";"2019-03-10 23:00:00+00:00";"2016-06-12 22:00:00+00:00";"39";"57";"44";"2021";"NON";"NON";"57554";"";"";"";"2021-10-06";"152058";""
"57556";"3199";"PLU";"COM";"2007-08-02 22:00:00+00:00";"2002-09-19 22:00:00+00:00";"39";"57";"44";"2021";"NON";"NON";"57556";"";"";"";"2021-10-06";"53864";""
"57557";"3199";"PLU";"COM";"2018-03-28 22:00:00+00:00";"2014-02-12 23:00:00+00:00";"39";"57";"44";"2021";"NON";"NON";"57557";"";"";"";"2021-10-06";"131746";""
"57559";"1111";"CC";"COM";"2008-06-08 22:00:00+00:00";"2004-04-15 22:00:00+00:00";"11";"57";"44";"2021";"NON";"NON";"57559";"";"";"";"2021-10-06";"16548";""
"57560";"3199";"PLU";"COM";"2004-10-14 22:00:00+00:00";"2000-06-29 22:00:00+00:00";"39";"57";"44";"2021";"NON";"NON";"57560";"";"";"";"2021-10-06";"53865";""
"57561";"3399";"PLUi/PLUiS";"CC";"2019-12-18 23:00:00+00:00";"2014-12-17 23:00:00+00:00";"39";"57";"44";"2021";"OUI";"NON";"200069441";"";"";"";"2021-10-06";"135951";""
"57562";"3199";"PLU";"COM";"2008-02-13 23:00:00+00:00";"2005-05-24 22:00:00+00:00";"39";"57";"44";"2021";"NON";"NON";"57562";"";"";"";"2021-10-06";"53863";""
"57563";"1199";"CC";"COM";"2012-08-15 22:00:00+00:00";"2011-04-20 22:00:00+00:00";"19";"57";"44";"2021";"NON";"NON";"57563";"";"";"";"2021-10-06";"84991";""
"57564";"3199";"PLU";"COM";"2012-05-23 22:00:00+00:00";"2008-07-09 22:00:00+00:00";"39";"57";"44";"2021";"NON";"NON";"57564";"";"";"";"2021-10-06";"84992";""
"57565";"3299";"PLUi/PLUiS";"CC";"2020-02-24 23:00:00+00:00";"2015-02-02 23:00:00+00:00";"39";"57";"44";"2021";"NON";"OUI";"245701404";"";"";"";"2021-10-06";"138132";""
"57566";"3199";"PLU";"COM";"2017-02-05 23:00:00+00:00";"2012-10-22 22:00:00+00:00";"39";"57";"44";"2021";"NON";"NON";"57566";"";"";"";"2021-10-06";"119517";""
"57567";"1432";"CC";"CC";"2011-12-11 23:00:00+00:00";"2006-03-01 23:00:00+00:00";"13";"57";"44";"2021";"NON";"NON";"57567";"";"";"";"2021-10-06";"18529";""
"57568";"3199";"PLU";"COM";"2019-07-09 22:00:00+00:00";"2014-12-08 23:00:00+00:00";"39";"57";"44";"2021";"NON";"NON";"57568";"";"";"";"2021-10-06";"135963";""
"57569";"1432";"CC";"CC";"2011-01-13 23:00:00+00:00";"2010-06-13 22:00:00+00:00";"13";"57";"44";"2021";"NON";"NON";"200067486";"";"";"";"2021-10-06";"69806";""
"57570";"1432";"CC";"CC";"2016-07-25 22:00:00+00:00";"2014-10-29 23:00:00+00:00";"13";"57";"44";"2021";"NON";"NON";"57570";"";"";"";"2021-10-06";"135759";""
"57572";"3131";"PLU";"COM";"2006-08-27 22:00:00+00:00";"2003-09-14 22:00:00+00:00";"33";"57";"44";"2021";"NON";"NON";"57572";"";"";"";"2021-10-06";"53867";""
"57574";"3131";"PLU";"COM";"2011-07-24 22:00:00+00:00";"2003-05-04 22:00:00+00:00";"33";"57";"44";"2021";"NON";"NON";"57574";"";"";"";"2021-10-06";"62818";""
"57576";"3432";"PLU";"CC";"2009-11-05 23:00:00+00:00";"2005-03-28 22:00:00+00:00";"33";"57";"44";"2021";"NON";"NON";"200067486";"";"";"";"2021-10-06";"40346";""
"57577";"3399";"PLUi/PLUiS";"CC";"2019-12-18 23:00:00+00:00";"2015-12-17 23:00:00+00:00";"39";"57";"44";"2021";"OUI";"NON";"200069441";"";"";"";"2021-10-06";"145719";""
"57578";"3432";"PLU";"CC";"2004-07-18 22:00:00+00:00";"2000-09-03 22:00:00+00:00";"33";"57";"44";"2021";"NON";"NON";"200070738";"";"";"";"2021-10-06";"56968";""
"57579";"3199";"PLU";"COM";"2012-02-06 23:00:00+00:00";"2009-03-19 23:00:00+00:00";"39";"57";"44";"2021";"NON";"NON";"57579";"";"";"";"2021-10-06";"63727";""
"57581";"1199";"CC";"COM";"2019-05-05 22:00:00+00:00";"2016-02-24 23:00:00+00:00";"19";"57";"44";"2021";"NON";"NON";"57581";"";"";"";"2021-10-06";"147713";""
"57582";"3199";"PLU";"COM";"2016-03-23 23:00:00+00:00";"2013-03-04 23:00:00+00:00";"39";"57";"44";"2021";"NON";"NON";"57582";"";"";"";"2021-10-06";"123672";""
"57583";"1199";"CC";"COM";"2012-10-24 22:00:00+00:00";"2009-03-19 23:00:00+00:00";"19";"57";"44";"2021";"NON";"NON";"57583";"";"";"";"2021-10-06";"67107";""
"57584";"3399";"PLUi/PLUiS";"CC";"2019-12-18 23:00:00+00:00";"2015-12-17 23:00:00+00:00";"39";"57";"44";"2021";"OUI";"NON";"200069441";"";"";"";"2021-10-06";"145719";""
"57587";"1199";"CC";"COM";"2011-07-12 22:00:00+00:00";"2006-04-19 22:00:00+00:00";"19";"57";"44";"2021";"NON";"NON";"57587";"";"";"";"2021-10-06";"18531";""
"57588";"3131";"PLU";"COM";"2005-03-20 23:00:00+00:00";"1999-11-14 23:00:00+00:00";"33";"57";"44";"2021";"NON";"NON";"57588";"";"";"";"2021-10-06";"56967";""
"57589";"3399";"PLUi/PLUiS";"CC";"2019-12-18 23:00:00+00:00";"2014-12-17 23:00:00+00:00";"39";"57";"44";"2021";"OUI";"NON";"200069441";"";"";"";"2021-10-06";"135951";""
"57590";"3399";"PLUi/PLUiS";"CC";"2019-12-18 23:00:00+00:00";"2015-12-17 23:00:00+00:00";"39";"57";"44";"2021";"OUI";"NON";"200069441";"";"";"";"2021-10-06";"145719";""
"57591";"3199";"PLU";"COM";"2020-01-22 23:00:00+00:00";"2015-06-17 22:00:00+00:00";"39";"57";"44";"2021";"NON";"NON";"57591";"";"";"";"2021-10-06";"138152";""
"57592";"1199";"CC";"COM";"2010-05-27 22:00:00+00:00";"2008-09-22 22:00:00+00:00";"19";"57";"44";"2021";"NON";"NON";"57592";"";"";"";"2021-10-06";"69809";""
"57593";"3131";"PLU";"COM";"2004-06-22 22:00:00+00:00";"1997-03-24 23:00:00+00:00";"33";"57";"44";"2021";"NON";"NON";"57593";"";"";"";"2021-10-06";"53871";""
"57594";"3399";"PLUi/PLUiS";"CC";"2019-12-18 23:00:00+00:00";"2015-12-17 23:00:00+00:00";"39";"57";"44";"2021";"OUI";"NON";"200069441";"";"";"";"2021-10-06";"145719";""
"57595";"1199";"CC";"COM";"2007-05-31 22:00:00+00:00";"2005-08-25 22:00:00+00:00";"19";"57";"44";"2021";"NON";"NON";"57595";"";"";"";"2021-10-06";"16571";""
"57596";"3199";"PLU";"COM";"2007-06-20 22:00:00+00:00";"2005-01-13 23:00:00+00:00";"39";"57";"44";"2021";"NON";"NON";"57596";"";"";"";"2021-10-06";"53874";""
"57598";"3199";"PLU";"COM";"2005-02-27 23:00:00+00:00";"2002-04-25 22:00:00+00:00";"39";"57";"44";"2021";"NON";"NON";"57598";"";"";"";"2021-10-06";"53873";""
"57600";"3199";"PLU";"COM";"2020-02-25 23:00:00+00:00";"2016-05-18 22:00:00+00:00";"39";"57";"44";"2021";"NON";"NON";"57600";"";"";"";"2021-10-06";"168336";""
"57601";"3432";"PLU";"MET";"2021-01-24 23:00:00+00:00";"2017-06-19 22:00:00+00:00";"33";"57";"44";"2021";"NON";"NON";"200039865";"";"";"";"2021-10-06";"64095";""
"57602";"3199";"PLU";"COM";"2021-02-24 23:00:00+00:00";"2017-03-13 23:00:00+00:00";"39";"57";"44";"2021";"NON";"NON";"57602";"";"";"";"2021-10-06";"155657";""
"57603";"3299";"PLUi/PLUiS";"CC";"2020-02-24 23:00:00+00:00";"2015-02-02 23:00:00+00:00";"39";"57";"44";"2021";"NON";"OUI";"245701404";"";"";"";"2021-10-06";"138132";""
"57604";"3432";"PLU";"CC";"2018-12-04 23:00:00+00:00";"2014-11-16 23:00:00+00:00";"33";"57";"44";"2021";"NON";"NON";"200067486";"";"";"";"2021-10-06";"143387";""
"57605";"1199";"CC";"COM";"2018-12-06 23:00:00+00:00";"2015-03-01 23:00:00+00:00";"19";"57";"44";"2021";"NON";"NON";"57605";"";"";"";"2021-10-06";"138216";""
"57606";"3199";"PLU";"COM";"2005-12-19 23:00:00+00:00";"2003-04-27 22:00:00+00:00";"39";"57";"44";"2021";"NON";"NON";"57606";"";"";"";"2021-10-06";"426";""
"57607";"3199";"PLU";"COM";"2012-07-01 22:00:00+00:00";"2001-09-27 22:00:00+00:00";"39";"57";"44";"2021";"NON";"NON";"57607";"";"";"";"2021-10-06";"62820";""
"57609";"1199";"CC";"COM";"2012-11-28 23:00:00+00:00";"2008-10-30 23:00:00+00:00";"19";"57";"44";"2021";"NON";"NON";"57609";"";"";"";"2021-10-06";"66288";""
"57610";"1432";"CC";"CC";"2016-10-25 22:00:00+00:00";"2012-03-18 23:00:00+00:00";"13";"57";"44";"2021";"NON";"NON";"57610";"";"";"";"2021-10-06";"128365";""
"57611";"1199";"CC";"COM";"2015-04-15 22:00:00+00:00";"2013-03-07 23:00:00+00:00";"19";"57";"44";"2021";"NON";"NON";"57611";"";"";"";"2021-10-06";"131751";""
"57612";"1199";"CC";"COM";"2006-02-02 23:00:00+00:00";"2003-03-20 23:00:00+00:00";"19";"57";"44";"2021";"NON";"NON";"57612";"";"";"";"2021-10-06";"16587";""
"57613";"1199";"CC";"COM";"2015-06-07 22:00:00+00:00";"2013-01-27 23:00:00+00:00";"19";"57";"44";"2021";"NON";"NON";"57613";"";"";"";"2021-10-06";"127910";""
"57614";"1199";"CC";"COM";"2003-04-16 22:00:00+00:00";"2001-09-24 22:00:00+00:00";"19";"57";"44";"2021";"NON";"NON";"57614";"";"";"";"2021-10-06";"16573";""
"57615";"3199";"PLU";"COM";"2019-10-24 22:00:00+00:00";"2009-08-20 22:00:00+00:00";"39";"57";"44";"2021";"NON";"NON";"57615";"";"";"";"2021-10-06";"64096";""
"57616";"3432";"PLU";"MET";"2016-07-11 22:00:00+00:00";"2010-03-29 22:00:00+00:00";"33";"57";"44";"2021";"NON";"NON";"200039865";"";"";"";"2021-10-06";"64097";""
"57617";"1199";"CC";"COM";"2018-04-18 22:00:00+00:00";"2015-06-08 22:00:00+00:00";"19";"57";"44";"2021";"NON";"NON";"57617";"";"";"";"2021-10-06";"141037";""
"57618";"1199";"CC";"COM";"2012-04-24 22:00:00+00:00";"2008-10-23 22:00:00+00:00";"19";"57";"44";"2021";"NON";"NON";"57618";"";"";"";"2021-10-06";"67108";""
"57619";"3399";"PLUi/PLUiS";"CC";"2019-12-18 23:00:00+00:00";"2015-12-17 23:00:00+00:00";"39";"57";"44";"2021";"OUI";"NON";"200069441";"";"";"";"2021-10-06";"145719";""
"57620";"3199";"PLU";"COM";"2019-04-10 22:00:00+00:00";"2016-10-26 22:00:00+00:00";"39";"57";"44";"2021";"NON";"NON";"57620";"";"";"";"2021-10-06";"152636";""
"57622";"3432";"PLU";"MET";"2007-07-04 22:00:00+00:00";"2004-06-23 22:00:00+00:00";"33";"57";"44";"2021";"NON";"NON";"200039865";"";"";"";"2021-10-06";"53880";""
"57623";"3199";"PLU";"COM";"2003-06-01 22:00:00+00:00";"2000-08-06 22:00:00+00:00";"39";"57";"44";"2021";"NON";"NON";"57623";"";"";"";"2021-10-06";"53881";""
"57624";"3432";"PLU";"MET";"2017-12-26 23:00:00+00:00";"2013-10-14 22:00:00+00:00";"33";"57";"44";"2021";"NON";"NON";"200039865";"";"";"";"2021-10-06";"158655";""
"57627";"3199";"PLU";"COM";"2014-10-14 22:00:00+00:00";"2010-03-29 22:00:00+00:00";"39";"57";"44";"2021";"NON";"NON";"57627";"";"";"";"2021-10-06";"64098";""
"57628";"3131";"PLU";"COM";"2004-12-06 23:00:00+00:00";"1989-08-20 22:00:00+00:00";"33";"57";"44";"2021";"NON";"NON";"57628";"";"";"";"2021-10-06";"53884";""
"57629";"3199";"PLU";"COM";"2018-05-27 22:00:00+00:00";"2012-06-24 22:00:00+00:00";"39";"57";"44";"2021";"NON";"NON";"57629";"";"";"";"2021-10-06";"128022";""
"57630";"3199";"PLU";"COM";"2013-10-10 22:00:00+00:00";"2009-07-05 22:00:00+00:00";"39";"57";"44";"2021";"NON";"NON";"57630";"";"";"";"2021-10-06";"62821";""
"57631";"3199";"PLU";"COM";"2019-02-24 23:00:00+00:00";"2014-01-19 23:00:00+00:00";"39";"57";"44";"2021";"NON";"NON";"57631";"";"";"";"2021-10-06";"165479";""
"57633";"3199";"PLU";"COM";"2007-05-10 22:00:00+00:00";"2003-05-26 22:00:00+00:00";"39";"57";"44";"2021";"NON";"NON";"57633";"";"";"";"2021-10-06";"53886";""
"57634";"3432";"PLU";"MET";"2007-06-27 22:00:00+00:00";"2003-12-17 23:00:00+00:00";"33";"57";"44";"2021";"NON";"NON";"200039865";"";"";"";"2021-10-06";"53887";""
"57635";"1199";"CC";"COM";"2017-04-06 22:00:00+00:00";"2011-07-20 22:00:00+00:00";"19";"57";"44";"2021";"NON";"NON";"57635";"";"";"";"2021-10-06";"66290";""
"57636";"3399";"PLUi/PLUiS";"CC";"2019-12-18 23:00:00+00:00";"2014-12-17 23:00:00+00:00";"39";"57";"44";"2021";"OUI";"NON";"200069441";"";"";"";"2021-10-06";"135951";""
"57637";"1199";"CC";"COM";"2014-05-06 22:00:00+00:00";"2011-09-06 22:00:00+00:00";"19";"57";"44";"2021";"NON";"NON";"57637";"";"";"";"2021-10-06";"135761";""
"57638";"3199";"PLU";"COM";"2008-07-03 22:00:00+00:00";"2006-04-11 22:00:00+00:00";"39";"57";"44";"2021";"NON";"NON";"57638";"";"";"";"2021-10-06";"53883";""
"57639";"3399";"PLUi/PLUiS";"CC";"2019-12-18 23:00:00+00:00";"2015-12-17 23:00:00+00:00";"39";"57";"44";"2021";"OUI";"NON";"200069441";"";"";"";"2021-10-06";"145719";""
"57640";"1432";"CC";"CC";"2011-05-29 22:00:00+00:00";"2007-07-24 22:00:00+00:00";"13";"57";"44";"2021";"NON";"NON";"57640";"";"";"";"2021-10-06";"85850";""
"57641";"3399";"PLUi/PLUiS";"CC";"2019-12-18 23:00:00+00:00";"2015-12-17 23:00:00+00:00";"39";"57";"44";"2021";"OUI";"NON";"200069441";"";"";"";"2021-10-06";"145719";""
"57642";"3432";"PLU";"MET";"2019-02-24 23:00:00+00:00";"2015-12-07 23:00:00+00:00";"33";"57";"44";"2021";"NON";"NON";"200039865";"";"";"";"2021-10-06";"144559";""
"57643";"3199";"PLU";"COM";"2015-02-12 23:00:00+00:00";"2011-02-17 23:00:00+00:00";"39";"57";"44";"2021";"NON";"NON";"57643";"";"";"";"2021-10-06";"85863";""
"57644";"3199";"PLU";"COM";"2015-02-24 23:00:00+00:00";"2011-09-27 22:00:00+00:00";"39";"57";"44";"2021";"NON";"NON";"57644";"";"";"";"2021-10-06";"85869";""
"57645";"3199";"PLU";"COM";"2021-06-24 22:00:00+00:00";"2017-05-11 22:00:00+00:00";"39";"57";"44";"2021";"NON";"NON";"57645";"";"";"";"2021-10-06";"158658";""
"57647";"3199";"PLU";"COM";"2020-12-09 23:00:00+00:00";"2015-10-21 22:00:00+00:00";"39";"57";"44";"2021";"NON";"NON";"57647";"";"";"";"2021-10-06";"49735";""
"57648";"1199";"CC";"COM";"2006-10-18 22:00:00+00:00";"2003-01-16 23:00:00+00:00";"19";"57";"44";"2021";"NON";"NON";"57648";"";"";"";"2021-10-06";"16580";""
"57649";"3199";"PLU";"COM";"2012-05-03 22:00:00+00:00";"2009-01-22 23:00:00+00:00";"39";"57";"44";"2021";"NON";"NON";"57649";"";"";"";"2021-10-06";"50325";""
"57650";"3432";"PLU";"CC";"2018-09-25 22:00:00+00:00";"2008-10-03 22:00:00+00:00";"33";"57";"44";"2021";"NON";"NON";"200067486";"";"";"";"2021-10-06";"64564";""
"57651";"3399";"PLUi/PLUiS";"CC";"2019-12-18 23:00:00+00:00";"2015-12-17 23:00:00+00:00";"39";"57";"44";"2021";"OUI";"NON";"200069441";"";"";"";"2021-10-06";"145719";""
"57652";"3199";"PLU";"COM";"2021-05-05 22:00:00+00:00";"2015-11-22 23:00:00+00:00";"39";"57";"44";"2021";"NON";"NON";"57652";"";"";"";"2021-10-06";"145040";""
"57654";"1199";"CC";"COM";"2011-04-25 22:00:00+00:00";"2007-01-21 23:00:00+00:00";"19";"57";"44";"2021";"NON";"NON";"57654";"";"";"";"2021-10-06";"66292";""
"57655";"3131";"PLU";"COM";"2004-09-20 22:00:00+00:00";"2002-03-24 23:00:00+00:00";"33";"57";"44";"2021";"NON";"NON";"57655";"";"";"";"2021-10-06";"53896";""
"57656";"3199";"PLU";"COM";"2011-05-26 22:00:00+00:00";"2008-10-09 22:00:00+00:00";"39";"57";"44";"2021";"NON";"NON";"57656";"";"";"";"2021-10-06";"62822";""
"57658";"3399";"PLUi/PLUiS";"CC";"2019-12-18 23:00:00+00:00";"2015-12-17 23:00:00+00:00";"39";"57";"44";"2021";"OUI";"NON";"200069441";"";"";"";"2021-10-06";"145719";""
"57659";"3199";"PLU";"COM";"2007-05-24 22:00:00+00:00";"2004-05-27 22:00:00+00:00";"39";"57";"44";"2021";"NON";"NON";"57659";"";"";"";"2021-10-06";"53888";""
"57660";"3199";"PLU";"COM";"2015-06-25 22:00:00+00:00";"2009-05-06 22:00:00+00:00";"39";"57";"44";"2021";"NON";"NON";"57660";"";"";"";"2021-10-06";"64565";""
"57661";"3399";"PLUi/PLUiS";"CC";"2019-12-18 23:00:00+00:00";"2015-12-17 23:00:00+00:00";"39";"57";"44";"2021";"OUI";"NON";"200069441";"";"";"";"2021-10-06";"145719";""
"57663";"3199";"PLU";"COM";"2017-01-23 23:00:00+00:00";"2010-09-26 22:00:00+00:00";"39";"57";"44";"2021";"NON";"NON";"57663";"";"";"";"2021-10-06";"64566";""
"57665";"3199";"PLU";"COM";"2005-03-29 22:00:00+00:00";"2001-12-18 23:00:00+00:00";"39";"57";"44";"2021";"NON";"NON";"57665";"";"";"";"2021-10-06";"53898";""
"57666";"3199";"PLU";"COM";"2017-07-11 22:00:00+00:00";"2015-12-27 23:00:00+00:00";"39";"57";"44";"2021";"NON";"NON";"57666";"";"";"";"2021-10-06";"135627";""
"57667";"1432";"CC";"CC";"2008-05-21 22:00:00+00:00";"2006-07-23 22:00:00+00:00";"13";"57";"44";"2021";"NON";"NON";"200067650";"";"";"";"2021-10-06";"66293";""
"57668";"3499";"PLU";"CC";"2009-05-17 22:00:00+00:00";"2004-11-07 23:00:00+00:00";"39";"57";"44";"2021";"NON";"NON";"245700133";"";"";"";"2021-10-06";"53893";""
"57669";"3131";"PLU";"COM";"2005-02-03 23:00:00+00:00";"1999-10-07 22:00:00+00:00";"33";"57";"44";"2021";"NON";"NON";"57669";"";"";"";"2021-10-06";"53899";""
"57670";"1499";"CC";"CC";"2006-02-09 23:00:00+00:00";"2004-03-04 23:00:00+00:00";"19";"57";"44";"2021";"NON";"NON";"245700133";"";"";"";"2021-10-06";"16589";""
"57671";"3199";"PLU";"COM";"2013-12-19 23:00:00+00:00";"2008-11-17 23:00:00+00:00";"39";"57";"44";"2021";"NON";"NON";"57671";"";"";"";"2021-10-06";"62827";""
"57672";"3131";"PLU";"COM";"2013-12-20 23:00:00+00:00";"2002-11-11 23:00:00+00:00";"33";"57";"44";"2021";"NON";"NON";"57672";"";"";"";"2021-10-06";"416";""
"57674";"3199";"PLU";"COM";"2010-01-20 23:00:00+00:00";"2003-01-23 23:00:00+00:00";"39";"57";"44";"2021";"NON";"NON";"57674";"";"";"";"2021-10-06";"53912";""
"57677";"3131";"PLU";"COM";"2009-02-04 23:00:00+00:00";"2004-09-05 22:00:00+00:00";"33";"57";"44";"2021";"NON";"NON";"57677";"";"";"";"2021-10-06";"53903";""
"57678";"3199";"PLU";"COM";"2017-03-09 23:00:00+00:00";"2011-07-07 22:00:00+00:00";"39";"57";"44";"2021";"NON";"NON";"57678";"";"";"";"2021-10-06";"86071";""
"57679";"3499";"PLU";"CC";"2003-11-26 23:00:00+00:00";"2001-12-09 23:00:00+00:00";"39";"57";"44";"2021";"NON";"NON";"245700133";"";"";"";"2021-10-06";"53901";""
"57680";"3199";"PLU";"COM";"2015-10-11 22:00:00+00:00";"2010-04-08 22:00:00+00:00";"39";"57";"44";"2021";"NON";"NON";"57680";"";"";"";"2021-10-06";"50326";""
"57681";"1432";"CC";"CC";"2017-10-23 22:00:00+00:00";"2014-08-18 22:00:00+00:00";"13";"57";"44";"2021";"NON";"NON";"57681";"";"";"";"2021-10-06";"143361";""
"57683";"3199";"PLU";"COM";"2020-02-05 23:00:00+00:00";"2013-03-26 23:00:00+00:00";"39";"57";"44";"2021";"NON";"NON";"57683";"";"";"";"2021-10-06";"62824";""
"57684";"1199";"CC";"COM";"2008-10-15 22:00:00+00:00";"2005-09-08 22:00:00+00:00";"19";"57";"44";"2021";"NON";"NON";"57684";"";"";"";"2021-10-06";"16592";""
"57686";"1499";"CC";"CC";"2007-02-12 23:00:00+00:00";"2004-09-02 22:00:00+00:00";"19";"57";"44";"2021";"NON";"NON";"245700133";"";"";"";"2021-10-06";"16594";""
"57689";"3199";"PLU";"COM";"2021-04-11 22:00:00+00:00";"2015-10-28 23:00:00+00:00";"39";"57";"44";"2021";"NON";"NON";"57689";"";"";"";"2021-10-06";"143367";""
"57690";"3199";"PLU";"COM";"2012-02-15 23:00:00+00:00";"2008-06-22 22:00:00+00:00";"39";"57";"44";"2021";"NON";"NON";"57690";"";"";"";"2021-10-06";"86117";""
"57691";"1432";"CC";"CC";"2009-08-09 22:00:00+00:00";"2008-07-21 22:00:00+00:00";"13";"57";"44";"2021";"NON";"NON";"200067650";"";"";"";"2021-10-06";"69816";""
"57693";"3432";"PLU";"MET";"2017-02-26 23:00:00+00:00";"2014-11-13 23:00:00+00:00";"33";"57";"44";"2021";"NON";"NON";"200039865";"";"";"";"2021-10-06";"62829";""
"57694";"3432";"PLU";"MET";"2017-03-09 23:00:00+00:00";"2006-03-23 23:00:00+00:00";"33";"57";"44";"2021";"NON";"NON";"200039865";"";"";"";"2021-10-06";"62825";""
"57695";"3432";"PLU";"CC";"2008-08-18 22:00:00+00:00";"2005-04-25 22:00:00+00:00";"33";"57";"44";"2021";"NON";"NON";"200067650";"";"";"";"2021-10-06";"53907";""
"57696";"1199";"CC";"COM";"2011-06-08 22:00:00+00:00";"2010-09-02 22:00:00+00:00";"19";"57";"44";"2021";"NON";"NON";"57696";"";"";"";"2021-10-06";"86126";""
"57702";"1199";"CC";"COM";"2010-08-03 22:00:00+00:00";"2006-10-05 22:00:00+00:00";"19";"57";"44";"2021";"NON";"NON";"57702";"";"";"";"2021-10-06";"69811";""
"57704";"1199";"CC";"COM";"2009-04-06 22:00:00+00:00";"2005-02-09 23:00:00+00:00";"19";"57";"44";"2021";"NON";"NON";"57704";"";"";"";"2021-10-06";"16597";""
"57705";"1432";"CC";"CC";"2010-04-15 22:00:00+00:00";"2008-06-19 22:00:00+00:00";"13";"57";"44";"2021";"NON";"NON";"200067650";"";"";"";"2021-10-06";"69812";""
"57706";"1199";"CC";"COM";"2017-09-06 22:00:00+00:00";"2015-01-19 23:00:00+00:00";"19";"57";"44";"2021";"NON";"NON";"57706";"";"";"";"2021-10-06";"138157";""
"57707";"3432";"PLU";"MET";"2015-01-28 23:00:00+00:00";"2009-05-11 22:00:00+00:00";"33";"57";"44";"2021";"NON";"NON";"200039865";"";"";"";"2021-10-06";"62831";""
"57708";"3131";"PLU";"COM";"2004-04-28 22:00:00+00:00";"2002-03-20 23:00:00+00:00";"33";"57";"44";"2021";"NON";"NON";"57708";"";"";"";"2021-10-06";"53906";""
"57709";"1199";"CC";"COM";"2006-03-29 22:00:00+00:00";"2005-12-31 23:00:00+00:00";"19";"57";"44";"2021";"NON";"NON";"57709";"";"";"";"2021-10-06";"68435";""
"57711";"1199";"CC";"COM";"2010-05-10 22:00:00+00:00";"2005-07-26 22:00:00+00:00";"19";"57";"44";"2021";"NON";"NON";"57711";"";"";"";"2021-10-06";"16601";""
"57712";"3131";"PLU";"COM";"2008-07-28 22:00:00+00:00";"2003-11-19 23:00:00+00:00";"33";"57";"44";"2021";"NON";"NON";"57712";"";"";"";"2021-10-06";"40349";""
"57713";"1199";"CC";"COM";"2007-06-21 22:00:00+00:00";"2004-03-18 23:00:00+00:00";"19";"57";"44";"2021";"NON";"NON";"57713";"";"";"";"2021-10-06";"16742";""
"57714";"1499";"CC";"CC";"2009-11-16 23:00:00+00:00";"2008-09-14 22:00:00+00:00";"19";"57";"44";"2021";"NON";"NON";"245700133";"";"";"";"2021-10-06";"69820";""
"57716";"3131";"PLU";"COM";"2005-04-27 22:00:00+00:00";"1999-12-12 23:00:00+00:00";"33";"57";"44";"2021";"NON";"NON";"57716";"";"";"";"2021-10-06";"59184";""
"57717";"1199";"CC";"COM";"2010-07-18 22:00:00+00:00";"2009-03-26 23:00:00+00:00";"19";"57";"44";"2021";"NON";"NON";"57717";"";"";"";"2021-10-06";"69813";""
"57720";"1432";"CC";"CC";"2016-05-08 22:00:00+00:00";"2014-10-30 23:00:00+00:00";"13";"57";"44";"2021";"NON";"NON";"57720";"";"";"";"2021-10-06";"135762";""
"57724";"3199";"PLU";"COM";"2006-12-06 23:00:00+00:00";"2002-08-11 22:00:00+00:00";"39";"57";"44";"2021";"NON";"NON";"57724";"";"";"";"2021-10-06";"26768";""
"57725";"1199";"CC";"COM";"2008-08-13 22:00:00+00:00";"2006-10-04 22:00:00+00:00";"19";"57";"44";"2021";"NON";"NON";"57725";"";"";"";"2021-10-06";"68436";""
"57726";"1499";"CC";"CC";"2008-11-11 23:00:00+00:00";"2006-11-06 23:00:00+00:00";"19";"57";"44";"2021";"NON";"NON";"245700133";"";"";"";"2021-10-06";"68437";""
"57730";"3432";"PLU";"CC";"2011-08-11 22:00:00+00:00";"2007-02-15 23:00:00+00:00";"33";"57";"44";"2021";"NON";"NON";"200067650";"";"";"";"2021-10-06";"62830";""
"57731";"3199";"PLU";"COM";"2016-02-02 23:00:00+00:00";"2009-11-25 23:00:00+00:00";"39";"57";"44";"2021";"NON";"NON";"57731";"";"";"";"2021-10-06";"64100";""
"57732";"3399";"PLUi/PLUiS";"CC";"2019-12-18 23:00:00+00:00";"2015-12-17 23:00:00+00:00";"39";"57";"44";"2021";"OUI";"NON";"200069441";"";"";"";"2021-10-06";"145719";""
"57733";"3131";"PLU";"COM";"2008-08-28 22:00:00+00:00";"2004-02-23 23:00:00+00:00";"33";"57";"44";"2021";"NON";"NON";"57733";"";"";"";"2021-10-06";"53909";""
"57734";"1199";"CC";"COM";"2019-01-14 23:00:00+00:00";"2017-06-23 22:00:00+00:00";"19";"57";"44";"2021";"NON";"NON";"57734";"";"";"";"2021-10-06";"158667";""
"57736";"3199";"PLU";"COM";"2017-04-27 22:00:00+00:00";"2013-04-11 22:00:00+00:00";"39";"57";"44";"2021";"NON";"NON";"57736";"";"";"";"2021-10-06";"123689";""
"57738";"3399";"PLUi/PLUiS";"CC";"2019-12-18 23:00:00+00:00";"2015-12-17 23:00:00+00:00";"39";"57";"44";"2021";"OUI";"NON";"200069441";"";"";"";"2021-10-06";"145719";""
"57739";"3432";"PLU";"CC";"2019-02-26 23:00:00+00:00";"2014-11-17 23:00:00+00:00";"33";"57";"44";"2021";"NON";"NON";"200067486";"";"";"";"2021-10-06";"135069";""
"57740";"3432";"PLU";"CC";"2019-07-02 22:00:00+00:00";"2014-11-24 23:00:00+00:00";"33";"57";"44";"2021";"NON";"NON";"200067486";"";"";"";"2021-10-06";"141055";""
"57741";"3399";"PLUi/PLUiS";"CC";"2019-12-18 23:00:00+00:00";"2015-12-17 23:00:00+00:00";"39";"57";"44";"2021";"OUI";"NON";"200069441";"";"";"";"2021-10-06";"145719";""
"57742";"3199";"PLU";"COM";"2016-09-13 22:00:00+00:00";"2010-05-27 22:00:00+00:00";"39";"57";"44";"2021";"NON";"NON";"57742";"";"";"";"2021-10-06";"64101";""
"57745";"3199";"PLU";"COM";"2013-03-25 23:00:00+00:00";"2008-10-01 22:00:00+00:00";"39";"57";"44";"2021";"NON";"NON";"57745";"";"";"";"2021-10-06";"123690";""
"57746";"3131";"PLU";"COM";"2009-04-13 22:00:00+00:00";"2005-09-22 22:00:00+00:00";"33";"57";"44";"2021";"NON";"NON";"57746";"";"";"";"2021-10-06";"53910";""
"57747";"1199";"CC";"COM";"2011-07-12 22:00:00+00:00";"2008-09-15 22:00:00+00:00";"19";"57";"44";"2021";"NON";"NON";"57747";"";"";"";"2021-10-06";"69814";""
"57748";"3199";"PLU";"COM";"2017-07-02 22:00:00+00:00";"2011-11-06 23:00:00+00:00";"39";"57";"44";"2021";"NON";"NON";"57748";"";"";"";"2021-10-06";"95402";""
"57749";"1432";"CC";"CC";"2017-05-18 22:00:00+00:00";"2014-10-16 22:00:00+00:00";"13";"57";"44";"2021";"NON";"NON";"57749";"";"";"";"2021-10-06";"143373";""
"57750";"3199";"PLU";"COM";"2019-09-26 22:00:00+00:00";"2014-10-16 22:00:00+00:00";"39";"57";"44";"2021";"NON";"NON";"57750";"";"";"";"2021-10-06";"166474";""
"57751";"3432";"PLU";"MET";"2013-12-17 23:00:00+00:00";"2007-01-24 23:00:00+00:00";"33";"57";"44";"2021";"NON";"NON";"200039865";"";"";"";"2021-10-06";"53911";""
"57752";"3199";"PLU";"COM";"2019-07-02 22:00:00+00:00";"2010-12-05 23:00:00+00:00";"39";"57";"44";"2021";"NON";"NON";"57752";"";"";"";"2021-10-06";"64102";""
"57755";"1199";"CC";"COM";"2009-02-12 23:00:00+00:00";"2006-07-05 22:00:00+00:00";"19";"57";"44";"2021";"NON";"NON";"57755";"";"";"";"2021-10-06";"69815";""
"57756";"3199";"PLU";"COM";"2017-05-02 22:00:00+00:00";"2012-06-11 22:00:00+00:00";"39";"57";"44";"2021";"NON";"NON";"57756";"";"";"";"2021-10-06";"110394";""
"57757";"3131";"PLU";"COM";"2019-02-03 23:00:00+00:00";"2015-03-22 23:00:00+00:00";"33";"57";"44";"2021";"NON";"NON";"57757";"";"";"";"2021-10-06";"141056";""
"57760";"3199";"PLU";"COM";"2020-03-05 23:00:00+00:00";"2016-01-28 23:00:00+00:00";"39";"57";"44";"2021";"NON";"NON";"57760";"";"";"";"2021-10-06";"147722";""
"57761";"1199";"CC";"COM";"2007-02-14 23:00:00+00:00";"2003-11-13 23:00:00+00:00";"19";"57";"44";"2021";"NON";"NON";"57761";"";"";"";"2021-10-06";"16746";""
"57762";"1499";"CC";"CC";"2007-12-09 23:00:00+00:00";"2004-09-16 22:00:00+00:00";"19";"57";"44";"2021";"NON";"NON";"245700133";"";"";"";"2021-10-06";"16747";""
"57764";"3199";"PLU";"COM";"2005-12-15 23:00:00+00:00";"2002-12-12 23:00:00+00:00";"39";"57";"44";"2021";"NON";"NON";"57764";"";"";"";"2021-10-06";"53936";""
"57765";"1199";"CC";"COM";"2003-12-02 23:00:00+00:00";"2001-11-07 23:00:00+00:00";"19";"57";"44";"2021";"NON";"NON";"57765";"";"";"";"2021-10-06";"15403";""
"57767";"3199";"PLU";"COM";"2016-10-26 22:00:00+00:00";"2013-09-08 22:00:00+00:00";"39";"57";"44";"2021";"NON";"NON";"57767";"";"";"";"2021-10-06";"62842";""
"58002";"3199";"PLU";"COM";"2003-06-23 22:00:00+00:00";"2001-10-25 22:00:00+00:00";"39";"58";"27";"2021";"NON";"NON";"58002";"";"";"";"2021-10-06";"17889";""
"58003";"3199";"PLU";"COM";"2011-04-28 22:00:00+00:00";"2007-01-11 23:00:00+00:00";"39";"58";"27";"2021";"NON";"NON";"58003";"";"";"";"2021-10-06";"26578";""
"58007";"1199";"CC";"COM";"2013-02-28 23:00:00+00:00";"2010-11-28 23:00:00+00:00";"19";"58";"27";"2021";"NON";"NON";"58007";"";"";"";"2021-10-06";"86799";""
"58012";"3333";"PLUi/PLUiS";"CC";"2016-10-10 22:00:00+00:00";"2009-09-20 22:00:00+00:00";"33";"58";"27";"2021";"OUI";"NON";"200067130";"";"";"";"2021-10-06";"89755";""
"58023";"3199";"PLU";"COM";"2014-03-16 23:00:00+00:00";"2011-03-16 23:00:00+00:00";"39";"58";"27";"2021";"NON";"NON";"58023";"";"";"";"2021-10-06";"45250";""
"58032";"1499";"CC";"CC";"2010-09-07 22:00:00+00:00";"2008-08-19 22:00:00+00:00";"19";"58";"27";"2021";"NON";"NON";"200067429";"";"";"";"2021-10-06";"42158";""
"58033";"3333";"PLUi/PLUiS";"CC";"2016-10-10 22:00:00+00:00";"2009-09-20 22:00:00+00:00";"33";"58";"27";"2021";"OUI";"NON";"200067130";"";"";"";"2021-10-06";"89755";""
"58036";"3333";"PLUi/PLUiS";"CC";"2016-10-10 22:00:00+00:00";"2009-09-20 22:00:00+00:00";"33";"58";"27";"2021";"OUI";"NON";"200067130";"";"";"";"2021-10-06";"89755";""
"58037";"3199";"PLU";"COM";"2013-12-27 23:00:00+00:00";"2008-07-01 22:00:00+00:00";"39";"58";"27";"2021";"NON";"NON";"58037";"";"";"";"2021-10-06";"94216";""
"58044";"3199";"PLU";"COM";"2017-06-22 22:00:00+00:00";"2014-12-04 23:00:00+00:00";"39";"58";"27";"2021";"NON";"NON";"58044";"";"";"";"2021-10-06";"137376";""
"58046";"3434";"PLU";"CC";"2010-02-11 23:00:00+00:00";"2004-02-12 23:00:00+00:00";"33";"58";"27";"2021";"NON";"NON";"200067882";"";"";"";"2021-10-06";"33308";""
"58048";"1199";"CC";"COM";"2017-06-21 22:00:00+00:00";"2010-04-01 22:00:00+00:00";"19";"58";"27";"2021";"NON";"NON";"58048";"";"";"";"2021-10-06";"86802";""
"58051";"3199";"PLU";"COM";"2005-06-28 22:00:00+00:00";"2001-09-10 22:00:00+00:00";"39";"58";"27";"2021";"NON";"NON";"58051";"";"";"";"2021-10-06";"18011";""
"58057";"1199";"CC";"COM";"2017-11-30 23:00:00+00:00";"2015-09-30 22:00:00+00:00";"19";"58";"27";"2021";"NON";"NON";"58057";"";"";"";"2021-10-06";"150231";""
"58058";"1499";"CC";"CC";"2011-03-29 22:00:00+00:00";"2009-01-26 23:00:00+00:00";"19";"58";"27";"2021";"NON";"NON";"200067429";"";"";"";"2021-10-06";"47691";""
"58059";"3199";"PLU";"COM";"2005-06-22 22:00:00+00:00";"2001-10-17 22:00:00+00:00";"39";"58";"27";"2021";"NON";"NON";"58059";"";"";"";"2021-10-06";"18014";""
"58060";"1499";"CC";"CC";"2010-09-12 22:00:00+00:00";"2006-10-26 22:00:00+00:00";"19";"58";"27";"2021";"NON";"NON";"200067882";"";"";"";"2021-10-06";"34582";""
"58062";"3199";"PLU";"COM";"2014-02-05 23:00:00+00:00";"2008-12-14 23:00:00+00:00";"39";"58";"27";"2021";"NON";"NON";"58062";"";"";"";"2021-10-06";"42174";""
"58065";"3499";"PLU";"CC";"2015-09-21 22:00:00+00:00";"2005-06-07 22:00:00+00:00";"39";"58";"27";"2021";"NON";"NON";"200067882";"";"";"";"2021-10-06";"18018";""
"58067";"3199";"PLU";"COM";"2006-01-30 23:00:00+00:00";"2002-02-14 23:00:00+00:00";"39";"58";"27";"2021";"NON";"NON";"58067";"";"";"";"2021-10-06";"18017";""
"58072";"3199";"PLU";"COM";"2015-01-18 23:00:00+00:00";"2012-09-10 22:00:00+00:00";"39";"58";"27";"2021";"NON";"NON";"58072";"";"";"";"2021-10-06";"116721";""
"58077";"1199";"CC";"COM";"2016-05-12 22:00:00+00:00";"2014-12-31 23:00:00+00:00";"19";"58";"27";"2021";"NON";"NON";"58077";"";"";"";"2021-10-06";"87272";""
"58079";"3499";"PLU";"CC";"2010-12-22 23:00:00+00:00";"2005-06-30 22:00:00+00:00";"39";"58";"27";"2021";"NON";"NON";"200067429";"";"";"";"2021-10-06";"18023";""
"58083";"3499";"PLU";"CC";"2018-09-27 22:00:00+00:00";"2011-06-16 22:00:00+00:00";"39";"58";"27";"2021";"NON";"NON";"200067692";"";"";"";"2021-10-06";"86767";""
"58086";"3199";"PLU";"COM";"2013-07-14 22:00:00+00:00";"2007-12-16 23:00:00+00:00";"39";"58";"27";"2021";"NON";"NON";"58086";"";"";"";"2021-10-06";"33296";""
"58087";"1199";"CC";"COM";"2011-11-16 23:00:00+00:00";"2007-11-15 23:00:00+00:00";"19";"58";"27";"2021";"NON";"NON";"58087";"";"";"";"2021-10-06";"33297";""
"58088";"3199";"PLU";"COM";"2014-01-29 23:00:00+00:00";"2008-11-17 23:00:00+00:00";"39";"58";"27";"2021";"NON";"NON";"58088";"";"";"";"2021-10-06";"42188";""
"58089";"1199";"CC";"COM";"2015-02-11 23:00:00+00:00";"2010-02-12 23:00:00+00:00";"19";"58";"27";"2021";"NON";"NON";"58089";"";"";"";"2021-10-06";"87275";""
"58090";"1499";"CC";"CC";"2010-07-11 22:00:00+00:00";"2008-10-16 22:00:00+00:00";"19";"58";"27";"2021";"NON";"NON";"200067429";"";"";"";"2021-10-06";"42040";""
"58094";"3333";"PLUi/PLUiS";"CC";"2016-10-10 22:00:00+00:00";"2009-09-20 22:00:00+00:00";"33";"58";"27";"2021";"OUI";"NON";"200067130";"";"";"";"2021-10-06";"89755";""
"58095";"3199";"PLU";"COM";"2013-11-13 23:00:00+00:00";"2008-09-24 22:00:00+00:00";"39";"58";"27";"2021";"NON";"NON";"58095";"";"";"";"2021-10-06";"36237";""
"58096";"1199";"CC";"COM";"2013-07-17 22:00:00+00:00";"2010-11-04 23:00:00+00:00";"19";"58";"27";"2021";"NON";"NON";"58096";"";"";"";"2021-10-06";"45249";""
"58102";"3199";"PLU";"COM";"2008-02-13 23:00:00+00:00";"2005-03-29 22:00:00+00:00";"39";"58";"27";"2021";"NON";"NON";"58102";"";"";"";"2021-10-06";"18115";""
"58104";"1199";"CC";"COM";"2015-09-22 22:00:00+00:00";"2014-08-18 22:00:00+00:00";"19";"58";"27";"2021";"NON";"NON";"58104";"";"";"";"2021-10-06";"137364";""
"58106";"3199";"PLU";"COM";"2015-06-10 22:00:00+00:00";"2011-03-08 23:00:00+00:00";"39";"58";"27";"2021";"NON";"NON";"58106";"";"";"";"2021-10-06";"87329";""
"58109";"1499";"CC";"CC";"2011-06-21 22:00:00+00:00";"2008-01-07 23:00:00+00:00";"19";"58";"27";"2021";"NON";"NON";"200067429";"";"";"";"2021-10-06";"26580";""
"58112";"1199";"CC";"COM";"2007-09-12 22:00:00+00:00";"2007-05-01 22:00:00+00:00";"19";"58";"27";"2021";"NON";"NON";"58112";"";"";"";"2021-10-06";"26581";""
"58117";"3199";"PLU";"COM";"2009-10-14 22:00:00+00:00";"2001-12-16 23:00:00+00:00";"39";"58";"27";"2021";"NON";"NON";"58117";"";"";"";"2021-10-06";"18034";""
"58118";"1399";"CC";"CC";"2016-06-21 22:00:00+00:00";"2011-12-12 23:00:00+00:00";"19";"58";"27";"2021";"NON";"NON";"200067882";"";"";"";"2021-10-06";"104963";""
"58121";"3199";"PLU";"COM";"2021-05-26 22:00:00+00:00";"2016-06-27 22:00:00+00:00";"39";"58";"27";"2021";"NON";"NON";"58121";"";"";"";"2021-10-06";"149967";""
"58122";"1199";"CC";"COM";"2017-09-26 22:00:00+00:00";"2016-07-27 22:00:00+00:00";"19";"58";"27";"2021";"NON";"NON";"58122";"";"";"";"2021-10-06";"153655";""
"58124";"3199";"PLU";"COM";"2007-02-15 23:00:00+00:00";"2003-02-11 23:00:00+00:00";"39";"58";"27";"2021";"NON";"NON";"58124";"";"";"";"2021-10-06";"18038";""
"58131";"3131";"PLU";"COM";"2009-09-17 22:00:00+00:00";"2002-03-07 23:00:00+00:00";"33";"58";"27";"2021";"NON";"NON";"58131";"";"";"";"2021-10-06";"18041";""
"58134";"3199";"PLU";"COM";"2005-10-13 22:00:00+00:00";"2001-11-08 23:00:00+00:00";"39";"58";"27";"2021";"NON";"NON";"58134";"";"";"";"2021-10-06";"18043";""
"58135";"1399";"CC";"CC";"2016-06-21 22:00:00+00:00";"2011-12-12 23:00:00+00:00";"19";"58";"27";"2021";"NON";"NON";"200067882";"";"";"";"2021-10-06";"104963";""
"58138";"1199";"CC";"COM";"2019-09-05 22:00:00+00:00";"2017-05-31 22:00:00+00:00";"19";"58";"27";"2021";"NON";"NON";"58138";"";"";"";"2021-10-06";"157605";""
"58145";"3199";"PLU";"COM";"2018-12-09 23:00:00+00:00";"2015-02-19 23:00:00+00:00";"39";"58";"27";"2021";"NON";"NON";"58145";"";"";"";"2021-10-06";"141899";""
"58146";"1199";"CC";"COM";"2012-08-29 22:00:00+00:00";"2008-10-01 22:00:00+00:00";"19";"58";"27";"2021";"NON";"NON";"58146";"";"";"";"2021-10-06";"36242";""
"58149";"3499";"PLU";"CC";"2012-04-18 22:00:00+00:00";"2008-02-28 23:00:00+00:00";"39";"58";"27";"2021";"NON";"NON";"200067882";"";"";"";"2021-10-06";"34583";""
"58151";"3199";"PLU";"COM";"2006-12-13 23:00:00+00:00";"2001-10-23 22:00:00+00:00";"39";"58";"27";"2021";"NON";"NON";"58151";"";"";"";"2021-10-06";"18047";""
"58152";"3199";"PLU";"COM";"2007-02-07 23:00:00+00:00";"2004-09-09 22:00:00+00:00";"39";"58";"27";"2021";"NON";"NON";"58152";"";"";"";"2021-10-06";"18050";""
"58156";"1499";"CC";"CC";"2015-10-22 22:00:00+00:00";"2009-02-09 23:00:00+00:00";"19";"58";"27";"2021";"NON";"NON";"200067429";"";"";"";"2021-10-06";"67112";""
"58158";"1199";"CC";"COM";"2010-08-25 22:00:00+00:00";"2008-06-17 22:00:00+00:00";"19";"58";"27";"2021";"NON";"NON";"58158";"";"";"";"2021-10-06";"36243";""
"58160";"3131";"PLU";"COM";"2007-04-04 22:00:00+00:00";"2001-10-23 22:00:00+00:00";"33";"58";"27";"2021";"NON";"NON";"58160";"";"";"";"2021-10-06";"18054";""
"58161";"3399";"PLUi/PLUiS";"CC";"2016-12-13 23:00:00+00:00";"2011-12-06 23:00:00+00:00";"39";"58";"27";"2021";"OUI";"NON";"200067882";"";"";"";"2021-10-06";"94762";""
"58162";"1199";"CC";"COM";"2015-03-05 23:00:00+00:00";"2010-07-06 22:00:00+00:00";"19";"58";"27";"2021";"NON";"NON";"58162";"";"";"";"2021-10-06";"87276";""
"58164";"1199";"CC";"COM";"2007-05-31 22:00:00+00:00";"2005-01-27 23:00:00+00:00";"19";"58";"27";"2021";"NON";"NON";"58164";"";"";"";"2021-10-06";"30356";""
"58172";"1399";"CC";"CC";"2016-06-21 22:00:00+00:00";"2011-12-12 23:00:00+00:00";"19";"58";"27";"2021";"NON";"NON";"200067882";"";"";"";"2021-10-06";"104963";""
"58173";"3399";"PLUi/PLUiS";"CC";"2016-12-13 23:00:00+00:00";"2011-12-06 23:00:00+00:00";"39";"58";"27";"2021";"OUI";"NON";"200067882";"";"";"";"2021-10-06";"94762";""
"58176";"3434";"PLU";"CC";"2008-09-30 22:00:00+00:00";"2004-03-25 23:00:00+00:00";"33";"58";"27";"2021";"NON";"NON";"200067908";"";"";"";"2021-10-06";"18057";""
"58182";"3399";"PLUi/PLUiS";"CC";"2016-12-13 23:00:00+00:00";"2011-12-06 23:00:00+00:00";"39";"58";"27";"2021";"OUI";"NON";"200067882";"";"";"";"2021-10-06";"94762";""
"58186";"1111";"CC";"COM";"2013-03-21 23:00:00+00:00";"2008-10-16 22:00:00+00:00";"11";"58";"27";"2021";"NON";"NON";"58186";"";"";"";"2021-10-06";"36245";""
"58187";"3199";"PLU";"COM";"2005-07-18 22:00:00+00:00";"2002-05-14 22:00:00+00:00";"39";"58";"27";"2021";"NON";"NON";"58187";"";"";"";"2021-10-06";"18063";""
"58189";"1199";"CC";"COM";"2008-07-07 22:00:00+00:00";"2007-01-25 23:00:00+00:00";"19";"58";"27";"2021";"NON";"NON";"58189";"";"";"";"2021-10-06";"26582";""
"58193";"3199";"PLU";"COM";"2015-12-06 23:00:00+00:00";"2011-02-06 23:00:00+00:00";"39";"58";"27";"2021";"NON";"NON";"58193";"";"";"";"2021-10-06";"47690";""
"58194";"3199";"PLU";"COM";"2017-04-10 22:00:00+00:00";"2013-12-15 23:00:00+00:00";"39";"58";"27";"2021";"NON";"NON";"58194";"";"";"";"2021-10-06";"134069";""
"58195";"1399";"CC";"CC";"2016-06-21 22:00:00+00:00";"2011-12-12 23:00:00+00:00";"19";"58";"27";"2021";"NON";"NON";"200067882";"";"";"";"2021-10-06";"104963";""
"58196";"3399";"PLUi/PLUiS";"CC";"2009-03-05 23:00:00+00:00";"2006-12-06 23:00:00+00:00";"39";"58";"27";"2021";"OUI";"NON";"200067908";"";"";"";"2021-10-06";"48688";""
"58204";"3399";"PLUi/PLUiS";"CC";"2009-03-05 23:00:00+00:00";"2006-12-06 23:00:00+00:00";"39";"58";"27";"2021";"OUI";"NON";"200067908";"";"";"";"2021-10-06";"48688";""
"58205";"3199";"PLU";"COM";"2006-11-30 23:00:00+00:00";"2004-04-15 22:00:00+00:00";"39";"58";"27";"2021";"NON";"NON";"58205";"";"";"";"2021-10-06";"18069";""
"58207";"1131";"CC";"COM";"2005-12-15 23:00:00+00:00";"2005-08-28 22:00:00+00:00";"13";"58";"27";"2021";"NON";"NON";"58207";"";"";"";"2021-10-06";"18073";""
"58209";"1199";"CC";"COM";"2015-06-15 22:00:00+00:00";"2010-11-22 23:00:00+00:00";"19";"58";"27";"2021";"NON";"NON";"58209";"";"";"";"2021-10-06";"87277";""
"58212";"3199";"PLU";"COM";"2009-03-05 23:00:00+00:00";"2006-12-06 23:00:00+00:00";"39";"58";"27";"2021";"NON";"NON";"58212";"";"";"";"2021-10-06";"167324";""
"58213";"1111";"CC";"COM";"2010-11-30 23:00:00+00:00";"2008-10-27 23:00:00+00:00";"11";"58";"27";"2021";"NON";"NON";"58213";"";"";"";"2021-10-06";"36246";""
"58214";"3131";"PLU";"COM";"2007-07-03 22:00:00+00:00";"2002-01-21 23:00:00+00:00";"33";"58";"27";"2021";"NON";"NON";"58214";"";"";"";"2021-10-06";"18075";""
"58215";"3199";"PLU";"COM";"2002-09-16 22:00:00+00:00";"2001-05-29 22:00:00+00:00";"39";"58";"27";"2021";"NON";"NON";"58215";"";"";"";"2021-10-06";"18076";""
"58217";"3499";"PLU";"CC";"2014-04-17 22:00:00+00:00";"2009-03-19 23:00:00+00:00";"39";"58";"27";"2021";"NON";"NON";"58217";"";"";"";"2021-10-06";"50082";""
"58218";"3199";"PLU";"COM";"2011-01-12 23:00:00+00:00";"2005-11-13 23:00:00+00:00";"39";"58";"27";"2021";"NON";"NON";"58218";"";"";"";"2021-10-06";"18079";""
"58219";"3399";"PLUi/PLUiS";"CC";"2016-12-13 23:00:00+00:00";"2011-12-06 23:00:00+00:00";"39";"58";"27";"2021";"OUI";"NON";"200067882";"";"";"";"2021-10-06";"94762";""
"58220";"3199";"PLU";"COM";"2012-09-19 22:00:00+00:00";"2005-03-24 23:00:00+00:00";"39";"58";"27";"2021";"NON";"NON";"58220";"";"";"";"2021-10-06";"18116";""
"58223";"3499";"PLU";"CC";"2020-09-24 22:00:00+00:00";"2015-02-04 23:00:00+00:00";"39";"58";"27";"2021";"NON";"NON";"58223";"";"";"";"2021-10-06";"137396";""
"58227";"3333";"PLUi/PLUiS";"CC";"2016-10-10 22:00:00+00:00";"2009-09-20 22:00:00+00:00";"33";"58";"27";"2021";"OUI";"NON";"200067130";"";"";"";"2021-10-06";"89755";""
"58228";"1199";"CC";"COM";"2009-07-16 22:00:00+00:00";"2006-11-26 23:00:00+00:00";"19";"58";"27";"2021";"NON";"NON";"58228";"";"";"";"2021-10-06";"30359";""
"58232";"3434";"PLU";"CC";"2006-05-30 22:00:00+00:00";"2003-11-18 23:00:00+00:00";"33";"58";"27";"2021";"NON";"NON";"200067908";"";"";"";"2021-10-06";"18083";""
"58234";"1199";"CC";"COM";"2011-04-13 22:00:00+00:00";"2009-06-12 22:00:00+00:00";"19";"58";"27";"2021";"NON";"NON";"58234";"";"";"";"2021-10-06";"47692";""
"58236";"1199";"CC";"COM";"2015-03-31 22:00:00+00:00";"2010-10-26 22:00:00+00:00";"19";"58";"27";"2021";"NON";"NON";"58236";"";"";"";"2021-10-06";"87280";""
"58238";"3131";"PLU";"COM";"2007-09-09 22:00:00+00:00";"2005-07-05 22:00:00+00:00";"33";"58";"27";"2021";"NON";"NON";"58238";"";"";"";"2021-10-06";"18085";""
"58243";"1399";"CC";"CC";"2016-06-21 22:00:00+00:00";"2011-12-12 23:00:00+00:00";"19";"58";"27";"2021";"NON";"NON";"200067882";"";"";"";"2021-10-06";"104963";""
"58245";"1399";"CC";"CC";"2016-06-21 22:00:00+00:00";"2011-12-12 23:00:00+00:00";"19";"58";"27";"2021";"NON";"NON";"200067882";"";"";"";"2021-10-06";"104963";""
"58246";"3499";"PLU";"CC";"2007-10-24 22:00:00+00:00";"2003-06-04 22:00:00+00:00";"39";"58";"27";"2021";"NON";"NON";"200067882";"";"";"";"2021-10-06";"18087";""
"58250";"3199";"PLU";"COM";"2004-09-27 22:00:00+00:00";"2001-10-16 22:00:00+00:00";"39";"58";"27";"2021";"NON";"NON";"58250";"";"";"";"2021-10-06";"18089";""
"58251";"1199";"CC";"COM";"2010-07-26 22:00:00+00:00";"2008-10-16 22:00:00+00:00";"19";"58";"27";"2021";"NON";"NON";"58251";"";"";"";"2021-10-06";"36269";""
"58252";"1199";"CC";"COM";"2017-01-29 23:00:00+00:00";"2010-10-21 22:00:00+00:00";"19";"58";"27";"2021";"NON";"NON";"58252";"";"";"";"2021-10-06";"87278";""
"58254";"3199";"PLU";"COM";"2021-01-06 23:00:00+00:00";"2015-04-08 22:00:00+00:00";"39";"58";"27";"2021";"NON";"NON";"58254";"";"";"";"2021-10-06";"144073";""
"58255";"1199";"CC";"COM";"2005-10-12 22:00:00+00:00";"2004-12-19 23:00:00+00:00";"19";"58";"27";"2021";"NON";"NON";"58255";"";"";"";"2021-10-06";"18094";""
"58259";"1199";"CC";"COM";"2013-12-19 23:00:00+00:00";"2009-11-24 23:00:00+00:00";"19";"58";"27";"2021";"NON";"NON";"58259";"";"";"";"2021-10-06";"41363";""
"58260";"3199";"PLU";"COM";"2007-03-13 23:00:00+00:00";"2001-09-27 22:00:00+00:00";"39";"58";"27";"2021";"NON";"NON";"58260";"";"";"";"2021-10-06";"18096";""
"58261";"3199";"PLU";"COM";"2010-03-04 23:00:00+00:00";"2006-03-02 23:00:00+00:00";"39";"58";"27";"2021";"NON";"NON";"58261";"";"";"";"2021-10-06";"18099";""
"58264";"3199";"PLU";"COM";"2015-01-05 23:00:00+00:00";"2008-07-08 22:00:00+00:00";"39";"58";"27";"2021";"NON";"NON";"58264";"";"";"";"2021-10-06";"36252";""
"58267";"3499";"PLU";"CC";"2014-03-12 23:00:00+00:00";"2007-12-02 23:00:00+00:00";"39";"58";"27";"2021";"NON";"NON";"58267";"";"";"";"2021-10-06";"33307";""
"58268";"1399";"CC";"CC";"2016-06-21 22:00:00+00:00";"2011-12-12 23:00:00+00:00";"19";"58";"27";"2021";"NON";"NON";"200067882";"";"";"";"2021-10-06";"104963";""
"58269";"1499";"CC";"CC";"2008-01-15 23:00:00+00:00";"2007-07-24 22:00:00+00:00";"19";"58";"27";"2021";"NON";"NON";"200067908";"";"";"";"2021-10-06";"23954";""
"58270";"3333";"PLUi/PLUiS";"CC";"2016-10-10 22:00:00+00:00";"2009-09-20 22:00:00+00:00";"33";"58";"27";"2021";"OUI";"NON";"200067130";"";"";"";"2021-10-06";"89755";""
"58273";"3131";"PLU";"COM";"2007-05-09 22:00:00+00:00";"2002-10-28 23:00:00+00:00";"33";"58";"27";"2021";"NON";"NON";"58273";"";"";"";"2021-10-06";"18101";""
"58277";"3399";"PLUi/PLUiS";"CC";"2016-12-13 23:00:00+00:00";"2011-12-06 23:00:00+00:00";"39";"58";"27";"2021";"OUI";"NON";"200067882";"";"";"";"2021-10-06";"94762";""
"58278";"3131";"PLU";"COM";"2010-09-28 22:00:00+00:00";"2004-03-28 22:00:00+00:00";"33";"58";"27";"2021";"NON";"NON";"58278";"";"";"";"2021-10-06";"18104";""
"58279";"1111";"CC";"COM";"2010-05-31 22:00:00+00:00";"2008-01-20 23:00:00+00:00";"11";"58";"27";"2021";"NON";"NON";"58279";"";"";"";"2021-10-06";"34585";""
"58280";"3199";"PLU";"COM";"2007-02-08 23:00:00+00:00";"2002-12-12 23:00:00+00:00";"39";"58";"27";"2021";"NON";"NON";"58280";"";"";"";"2021-10-06";"18106";""
"58286";"1499";"CC";"CC";"2012-03-14 23:00:00+00:00";"2008-08-31 22:00:00+00:00";"19";"58";"27";"2021";"NON";"NON";"200067692";"";"";"";"2021-10-06";"36266";""
"58289";"1399";"CC";"CC";"2016-06-21 22:00:00+00:00";"2011-12-12 23:00:00+00:00";"19";"58";"27";"2021";"NON";"NON";"200067882";"";"";"";"2021-10-06";"104963";""
"58290";"1399";"CC";"CC";"2016-06-21 22:00:00+00:00";"2011-12-12 23:00:00+00:00";"19";"58";"27";"2021";"NON";"NON";"200067882";"";"";"";"2021-10-06";"104963";""
"58295";"3199";"PLU";"COM";"2019-01-13 23:00:00+00:00";"2015-11-04 23:00:00+00:00";"39";"58";"27";"2021";"NON";"NON";"58295";"";"";"";"2021-10-06";"144414";""
"58297";"1499";"CC";"CC";"2011-06-09 22:00:00+00:00";"2009-05-24 22:00:00+00:00";"19";"58";"27";"2021";"NON";"NON";"200067908";"";"";"";"2021-10-06";"47693";""
"58298";"1199";"CC";"COM";"2012-06-06 22:00:00+00:00";"2006-03-20 23:00:00+00:00";"19";"58";"27";"2021";"NON";"NON";"58298";"";"";"";"2021-10-06";"36253";""
"58299";"1499";"CC";"CC";"2009-12-01 23:00:00+00:00";"2008-05-22 22:00:00+00:00";"19";"58";"27";"2021";"NON";"NON";"200067429";"";"";"";"2021-10-06";"36254";""
"58300";"3199";"PLU";"COM";"2018-09-23 22:00:00+00:00";"2015-03-16 23:00:00+00:00";"39";"58";"27";"2021";"NON";"NON";"58300";"";"";"";"2021-10-06";"144222";""
"58301";"3399";"PLUi/PLUiS";"CC";"2016-12-13 23:00:00+00:00";"2011-12-06 23:00:00+00:00";"39";"58";"27";"2021";"OUI";"NON";"200067882";"";"";"";"2021-10-06";"94762";""
"58302";"3199";"PLU";"COM";"2007-02-11 23:00:00+00:00";"2004-10-14 22:00:00+00:00";"39";"58";"27";"2021";"NON";"NON";"58302";"";"";"";"2021-10-06";"18111";""
"58303";"3199";"PLU";"COM";"2017-03-13 23:00:00+00:00";"2014-12-08 23:00:00+00:00";"39";"58";"27";"2021";"NON";"NON";"58303";"";"";"";"2021-10-06";"137312";""
"58304";"3499";"PLU";"CC";"2011-11-28 23:00:00+00:00";"2008-09-25 22:00:00+00:00";"39";"58";"27";"2021";"NON";"NON";"200067429";"";"";"";"2021-10-06";"36257";""
"58309";"3399";"PLUi/PLUiS";"CC";"2016-12-13 23:00:00+00:00";"2011-12-06 23:00:00+00:00";"39";"58";"27";"2021";"OUI";"NON";"200067882";"";"";"";"2021-10-06";"94762";""
"58311";"1499";"CC";"CC";"2011-06-09 22:00:00+00:00";"2008-04-07 22:00:00+00:00";"19";"58";"27";"2021";"NON";"NON";"200067908";"";"";"";"2021-10-06";"36258";""
"59001";"3199";"PLU";"COM";"2018-09-12 22:00:00+00:00";"2009-06-30 22:00:00+00:00";"39";"59";"32";"2021";"NON";"NON";"59001";"";"";"";"2021-10-06";"49421";""
"59002";"3399";"PLUi/PLUiS";"CA";"2021-01-17 23:00:00+00:00";"2015-10-18 22:00:00+00:00";"39";"59";"32";"2021";"OUI";"NON";"200042190";"";"";"";"2021-10-06";"141974";""
"59003";"3299";"PLUi/PLUiS";"CA";"2019-12-11 23:00:00+00:00";"2015-12-16 23:00:00+00:00";"39";"59";"32";"2021";"NON";"OUI";"200043396";"";"";"";"2021-10-06";"144065";""
"59004";"3499";"PLU";"CC";"2013-10-24 22:00:00+00:00";"2008-09-08 22:00:00+00:00";"39";"59";"32";"2021";"NON";"NON";"200041960";"";"";"";"2021-10-06";"62843";""
"59005";"3432";"PLU";"MET";"2004-05-03 22:00:00+00:00";"2004-05-03 22:00:00+00:00";"33";"59";"32";"2021";"NON";"NON";"245900410";"";"";"";"2021-10-06";"1992";""
"59006";"3299";"PLUi/PLUiS";"CC";"2020-01-28 23:00:00+00:00";"2015-12-14 23:00:00+00:00";"39";"59";"32";"2021";"NON";"OUI";"200043321";"";"";"";"2021-10-06";"143999";""
"59007";"3199";"PLU";"COM";"2018-11-29 23:00:00+00:00";"2010-10-14 22:00:00+00:00";"39";"59";"32";"2021";"NON";"NON";"59007";"";"";"";"2021-10-06";"63740";""
"59008";"3199";"PLU";"COM";"2020-10-14 22:00:00+00:00";"2009-02-19 23:00:00+00:00";"39";"59";"32";"2021";"NON";"NON";"59008";"";"";"";"2021-10-06";"64103";""
"59009";"3332";"PLUi/PLUiS";"MET";"2019-12-11 23:00:00+00:00";"2015-02-12 23:00:00+00:00";"33";"59";"32";"2021";"OUI";"NON";"59009";"";"";"";"2021-10-06";"127340";""
"59010";"1199";"CC";"COM";"2011-12-05 23:00:00+00:00";"2009-05-14 22:00:00+00:00";"19";"59";"32";"2021";"NON";"NON";"59010";"";"";"";"2021-10-06";"67113";""
"59011";"3432";"PLU";"MET";"2007-03-29 22:00:00+00:00";"2002-11-24 23:00:00+00:00";"33";"59";"32";"2021";"NON";"NON";"245900410";"";"";"";"2021-10-06";"5505";""
"59012";"3432";"PLU";"CC";"2016-06-15 22:00:00+00:00";"2005-10-10 22:00:00+00:00";"33";"59";"32";"2021";"NON";"NON";"200043404";"";"";"";"2021-10-06";"62844";""
"59013";"3332";"PLUi/PLUiS";"MET";"2019-12-11 23:00:00+00:00";"2015-02-12 23:00:00+00:00";"33";"59";"32";"2021";"OUI";"NON";"59013";"";"";"";"2021-10-06";"127340";""
"59014";"3299";"PLUi/PLUiS";"CA";"2021-03-10 23:00:00+00:00";"2015-10-14 22:00:00+00:00";"39";"59";"32";"2021";"NON";"OUI";"245901160";"";"";"";"2021-10-06";"141922";""
"59015";"3131";"PLU";"COM";"2003-11-20 23:00:00+00:00";"2000-06-25 22:00:00+00:00";"33";"59";"32";"2021";"NON";"NON";"59015";"";"";"";"2021-10-06";"3780";""
"59016";"3332";"PLUi/PLUiS";"CU";"2012-02-08 23:00:00+00:00";"2003-12-10 23:00:00+00:00";"33";"59";"32";"2021";"OUI";"NON";"59016";"";"";"";"2021-10-06";"95037";""
"59017";"3332";"PLUi/PLUiS";"MET";"2019-12-11 23:00:00+00:00";"2015-02-12 23:00:00+00:00";"33";"59";"32";"2021";"OUI";"NON";"59017";"";"";"";"2021-10-06";"127340";""
"59018";"3299";"PLUi/PLUiS";"CC";"2020-01-26 23:00:00+00:00";"2015-12-15 23:00:00+00:00";"39";"59";"32";"2021";"NON";"OUI";"200040947";"";"";"";"2021-10-06";"135353";""
"59019";"3299";"PLUi/PLUiS";"CA";"2021-03-10 23:00:00+00:00";"2015-10-14 22:00:00+00:00";"39";"59";"32";"2021";"NON";"OUI";"245901160";"";"";"";"2021-10-06";"141922";""
"59021";"3299";"PLUi/PLUiS";"CA";"2019-12-11 23:00:00+00:00";"2015-12-16 23:00:00+00:00";"39";"59";"32";"2021";"NON";"OUI";"200043396";"";"";"";"2021-10-06";"144065";""
"59022";"3499";"PLU";"CC";"2012-06-12 22:00:00+00:00";"2002-10-06 22:00:00+00:00";"39";"59";"32";"2021";"NON";"NON";"200041960";"";"";"";"2021-10-06";"5509";""
"59023";"3131";"PLU";"COM";"2009-11-02 23:00:00+00:00";"2003-01-20 23:00:00+00:00";"33";"59";"32";"2021";"NON";"NON";"59023";"";"";"";"2021-10-06";"10279";""
"59024";"3199";"PLU";"COM";"2020-11-25 23:00:00+00:00";"2008-09-09 22:00:00+00:00";"39";"59";"32";"2021";"NON";"NON";"59024";"";"";"";"2021-10-06";"62845";""
"59025";"3432";"PLU";"MET";"2019-12-11 23:00:00+00:00";"2016-12-20 23:00:00+00:00";"33";"59";"32";"2021";"NON";"NON";"245900410";"";"";"";"2021-10-06";"175363";""
"59026";"3199";"PLU";"COM";"2019-03-08 23:00:00+00:00";"2015-07-31 22:00:00+00:00";"39";"59";"32";"2021";"NON";"NON";"59026";"";"";"";"2021-10-06";"140850";""
"59027";"3299";"PLUi/PLUiS";"CA";"2021-03-10 23:00:00+00:00";"2015-10-14 22:00:00+00:00";"39";"59";"32";"2021";"NON";"OUI";"245901160";"";"";"";"2021-10-06";"141922";""
"59028";"3199";"PLU";"COM";"2018-12-16 23:00:00+00:00";"2010-05-25 22:00:00+00:00";"39";"59";"32";"2021";"NON";"NON";"59028";"";"";"";"2021-10-06";"64778";""
"59029";"3499";"PLU";"CC";"2019-10-28 23:00:00+00:00";"2016-02-28 23:00:00+00:00";"39";"59";"32";"2021";"NON";"NON";"200041960";"";"";"";"2021-10-06";"156531";""
"59031";"3299";"PLUi/PLUiS";"CC";"2020-01-28 23:00:00+00:00";"2015-12-14 23:00:00+00:00";"39";"59";"32";"2021";"NON";"OUI";"200043321";"";"";"";"2021-10-06";"143999";""
"59032";"3299";"PLUi/PLUiS";"CA";"2021-03-10 23:00:00+00:00";"2015-10-14 22:00:00+00:00";"39";"59";"32";"2021";"NON";"OUI";"245901160";"";"";"";"2021-10-06";"141922";""
"59033";"3299";"PLUi/PLUiS";"CA";"2019-12-11 23:00:00+00:00";"2015-12-16 23:00:00+00:00";"39";"59";"32";"2021";"NON";"OUI";"200043396";"";"";"";"2021-10-06";"144065";""
"59034";"3434";"PLU";"CC";"2005-10-06 22:00:00+00:00";"1996-05-23 22:00:00+00:00";"33";"59";"32";"2021";"NON";"NON";"200041960";"";"";"";"2021-10-06";"10283";""
"59035";"3432";"PLU";"CC";"2011-01-16 23:00:00+00:00";"2005-03-07 23:00:00+00:00";"33";"59";"32";"2021";"NON";"NON";"59035";"";"";"";"2021-10-06";"5513";""
"59037";"3199";"PLU";"COM";"2018-04-05 22:00:00+00:00";"2014-10-23 22:00:00+00:00";"39";"59";"32";"2021";"NON";"NON";"59037";"";"";"";"2021-10-06";"140638";""
"59038";"3399";"PLUi/PLUiS";"CA";"2021-01-17 23:00:00+00:00";"2015-10-18 22:00:00+00:00";"39";"59";"32";"2021";"OUI";"NON";"200042190";"";"";"";"2021-10-06";"141974";""
"59041";"3299";"PLUi/PLUiS";"CA";"2019-12-11 23:00:00+00:00";"2015-12-16 23:00:00+00:00";"39";"59";"32";"2021";"NON";"OUI";"200043396";"";"";"";"2021-10-06";"144065";""
"59042";"3499";"PLU";"CC";"2007-01-04 23:00:00+00:00";"2002-11-20 23:00:00+00:00";"39";"59";"32";"2021";"NON";"NON";"200041960";"";"";"";"2021-10-06";"10286";""
"59043";"3299";"PLUi/PLUiS";"CC";"2020-01-26 23:00:00+00:00";"2015-12-15 23:00:00+00:00";"39";"59";"32";"2021";"NON";"OUI";"200040947";"";"";"";"2021-10-06";"135353";""
"59044";"3332";"PLUi/PLUiS";"MET";"2019-12-11 23:00:00+00:00";"2015-02-12 23:00:00+00:00";"33";"59";"32";"2021";"OUI";"NON";"59044";"";"";"";"2021-10-06";"127340";""
"59045";"3432";"PLU";"CC";"2017-06-22 22:00:00+00:00";"2010-10-26 22:00:00+00:00";"33";"59";"32";"2021";"NON";"NON";"200043404";"";"";"";"2021-10-06";"61953";""
"59048";"1199";"CC";"COM";"2010-03-29 22:00:00+00:00";"2001-12-31 23:00:00+00:00";"19";"59";"32";"2021";"NON";"NON";"59048";"";"";"";"2021-10-06";"69824";""
"59049";"1199";"CC";"COM";"2008-02-21 23:00:00+00:00";"2006-09-24 22:00:00+00:00";"19";"59";"32";"2021";"NON";"NON";"59049";"";"";"";"2021-10-06";"68442";""
"59051";"3332";"PLUi/PLUiS";"MET";"2019-12-11 23:00:00+00:00";"2015-02-12 23:00:00+00:00";"33";"59";"32";"2021";"OUI";"NON";"59051";"";"";"";"2021-10-06";"127340";""
"59052";"3432";"PLU";"MET";"2008-07-15 22:00:00+00:00";"1999-06-24 22:00:00+00:00";"33";"59";"32";"2021";"NON";"NON";"245900410";"";"";"";"2021-10-06";"5517";""
"59053";"3299";"PLUi/PLUiS";"CC";"2020-01-28 23:00:00+00:00";"2015-12-14 23:00:00+00:00";"39";"59";"32";"2021";"NON";"OUI";"200043321";"";"";"";"2021-10-06";"143999";""
"59054";"3299";"PLUi/PLUiS";"CC";"2020-01-26 23:00:00+00:00";"2015-12-15 23:00:00+00:00";"39";"59";"32";"2021";"NON";"OUI";"200040947";"";"";"";"2021-10-06";"135353";""
"59056";"3332";"PLUi/PLUiS";"MET";"2019-12-11 23:00:00+00:00";"2015-02-12 23:00:00+00:00";"33";"59";"32";"2021";"OUI";"NON";"59056";"";"";"";"2021-10-06";"127340";""
"59057";"3299";"PLUi/PLUiS";"CC";"2020-01-28 23:00:00+00:00";"2015-12-14 23:00:00+00:00";"39";"59";"32";"2021";"NON";"OUI";"200043321";"";"";"";"2021-10-06";"143999";""
"59058";"3299";"PLUi/PLUiS";"CA";"2019-12-11 23:00:00+00:00";"2015-12-16 23:00:00+00:00";"39";"59";"32";"2021";"NON";"OUI";"200043396";"";"";"";"2021-10-06";"144065";""
"59060";"3299";"PLUi/PLUiS";"CC";"2017-09-26 22:00:00+00:00";"2012-06-12 22:00:00+00:00";"39";"59";"32";"2021";"NON";"OUI";"59060";"";"";"";"2021-10-06";"110795";""
"59061";"1432";"CC";"CC";"2009-03-29 22:00:00+00:00";"2006-10-05 22:00:00+00:00";"13";"59";"32";"2021";"NON";"NON";"200043263";"";"";"";"2021-10-06";"69825";""
"59063";"3499";"PLU";"SI";"2018-10-01 22:00:00+00:00";"2014-12-07 23:00:00+00:00";"39";"59";"32";"2021";"NON";"NON";"59063";"";"";"";"2021-10-06";"94903";""
"59064";"3399";"PLUi/PLUiS";"CA";"2021-01-17 23:00:00+00:00";"2015-10-18 22:00:00+00:00";"39";"59";"32";"2021";"OUI";"NON";"200042190";"";"";"";"2021-10-06";"141974";""
"59065";"3299";"PLUi/PLUiS";"CC";"2020-01-28 23:00:00+00:00";"2015-12-14 23:00:00+00:00";"39";"59";"32";"2021";"NON";"OUI";"200043321";"";"";"";"2021-10-06";"143999";""
"59067";"3432";"PLU";"CC";"2017-11-27 23:00:00+00:00";"2014-05-25 22:00:00+00:00";"33";"59";"32";"2021";"NON";"NON";"200040954";"";"";"";"2021-10-06";"143175";""
"59068";"3299";"PLUi/PLUiS";"CA";"2019-12-11 23:00:00+00:00";"2015-12-16 23:00:00+00:00";"39";"59";"32";"2021";"NON";"OUI";"200043396";"";"";"";"2021-10-06";"144065";""
"59069";"3299";"PLUi/PLUiS";"CC";"2017-09-26 22:00:00+00:00";"2012-06-12 22:00:00+00:00";"39";"59";"32";"2021";"NON";"OUI";"59069";"";"";"";"2021-10-06";"110795";""
"59070";"3299";"PLUi/PLUiS";"CC";"2020-01-28 23:00:00+00:00";"2015-12-14 23:00:00+00:00";"39";"59";"32";"2021";"NON";"OUI";"200043321";"";"";"";"2021-10-06";"143999";""
"59071";"3499";"PLU";"CC";"2005-06-20 22:00:00+00:00";"2001-10-25 22:00:00+00:00";"39";"59";"32";"2021";"NON";"NON";"200041960";"";"";"";"2021-10-06";"10291";""
"59072";"3299";"PLUi/PLUiS";"CA";"2019-12-11 23:00:00+00:00";"2015-12-16 23:00:00+00:00";"39";"59";"32";"2021";"NON";"OUI";"200043396";"";"";"";"2021-10-06";"144065";""
"59073";"3299";"PLUi/PLUiS";"CC";"2020-01-26 23:00:00+00:00";"2015-12-15 23:00:00+00:00";"39";"59";"32";"2021";"NON";"OUI";"200040947";"";"";"";"2021-10-06";"135353";""
"59074";"3131";"PLU";"COM";"2008-02-14 23:00:00+00:00";"2002-06-27 22:00:00+00:00";"33";"59";"32";"2021";"NON";"NON";"59074";"";"";"";"2021-10-06";"53945";""
"59075";"3131";"PLU";"COM";"2011-01-13 23:00:00+00:00";"2005-03-03 23:00:00+00:00";"33";"59";"32";"2021";"NON";"NON";"59075";"";"";"";"2021-10-06";"5522";""
"59076";"3299";"PLUi/PLUiS";"CA";"2019-12-11 23:00:00+00:00";"2015-12-16 23:00:00+00:00";"39";"59";"32";"2021";"NON";"OUI";"200043396";"";"";"";"2021-10-06";"144065";""
"59077";"3299";"PLUi/PLUiS";"CC";"2020-01-28 23:00:00+00:00";"2015-12-14 23:00:00+00:00";"39";"59";"32";"2021";"NON";"OUI";"200043321";"";"";"";"2021-10-06";"143999";""
"59078";"3432";"PLU";"CC";"2008-02-14 23:00:00+00:00";"2004-05-25 22:00:00+00:00";"33";"59";"32";"2021";"NON";"NON";"200043263";"";"";"";"2021-10-06";"12294";""
"59079";"3299";"PLUi/PLUiS";"CA";"2021-03-10 23:00:00+00:00";"2015-10-14 22:00:00+00:00";"39";"59";"32";"2021";"NON";"OUI";"245901160";"";"";"";"2021-10-06";"141922";""
"59080";"3499";"PLU";"CC";"2013-03-19 23:00:00+00:00";"2007-12-09 23:00:00+00:00";"39";"59";"32";"2021";"NON";"NON";"200041960";"";"";"";"2021-10-06";"62850";""
"59084";"3299";"PLUi/PLUiS";"CC";"2020-01-26 23:00:00+00:00";"2015-12-15 23:00:00+00:00";"39";"59";"32";"2021";"NON";"OUI";"200040947";"";"";"";"2021-10-06";"135353";""
"59086";"3299";"PLUi/PLUiS";"CC";"2020-01-26 23:00:00+00:00";"2015-12-15 23:00:00+00:00";"39";"59";"32";"2021";"NON";"OUI";"200040947";"";"";"";"2021-10-06";"135353";""
"59087";"3299";"PLUi/PLUiS";"CC";"2020-01-26 23:00:00+00:00";"2015-12-15 23:00:00+00:00";"39";"59";"32";"2021";"NON";"OUI";"200040947";"";"";"";"2021-10-06";"135353";""
"59088";"3432";"PLU";"MET";"2019-12-11 23:00:00+00:00";"2016-12-13 23:00:00+00:00";"33";"59";"32";"2021";"NON";"NON";"245900410";"";"";"";"2021-10-06";"173215";""
"59089";"3432";"PLU";"CC";"2005-04-26 22:00:00+00:00";"1999-06-28 22:00:00+00:00";"33";"59";"32";"2021";"NON";"NON";"200040954";"";"";"";"2021-10-06";"12299";""
"59090";"3332";"PLUi/PLUiS";"MET";"2019-12-11 23:00:00+00:00";"2015-02-12 23:00:00+00:00";"33";"59";"32";"2021";"OUI";"NON";"59090";"";"";"";"2021-10-06";"127340";""
"59091";"3299";"PLUi/PLUiS";"CC";"2020-01-26 23:00:00+00:00";"2015-12-15 23:00:00+00:00";"39";"59";"32";"2021";"NON";"OUI";"200040947";"";"";"";"2021-10-06";"135353";""
"59092";"3399";"PLUi/PLUiS";"CA";"2021-01-17 23:00:00+00:00";"2015-10-18 22:00:00+00:00";"39";"59";"32";"2021";"OUI";"NON";"200042190";"";"";"";"2021-10-06";"141974";""
"59094";"3332";"PLUi/PLUiS";"CU";"2012-02-08 23:00:00+00:00";"2003-12-10 23:00:00+00:00";"33";"59";"32";"2021";"OUI";"NON";"59094";"";"";"";"2021-10-06";"95037";""
"59096";"3499";"PLU";"CC";"2006-06-21 22:00:00+00:00";"2002-12-12 23:00:00+00:00";"39";"59";"32";"2021";"NON";"NON";"200041960";"";"";"";"2021-10-06";"5528";""
"59097";"1199";"CC";"COM";"2021-04-20 22:00:00+00:00";"2019-04-11 22:00:00+00:00";"19";"59";"32";"2021";"NON";"NON";"59097";"";"";"";"2021-10-06";"143176";""
"59098";"3332";"PLUi/PLUiS";"MET";"2019-12-11 23:00:00+00:00";"2015-02-12 23:00:00+00:00";"33";"59";"32";"2021";"OUI";"NON";"59098";"";"";"";"2021-10-06";"127340";""
"59099";"3299";"PLUi/PLUiS";"CC";"2020-01-28 23:00:00+00:00";"2015-12-14 23:00:00+00:00";"39";"59";"32";"2021";"NON";"OUI";"200043321";"";"";"";"2021-10-06";"143999";""
"59100";"3399";"PLUi/PLUiS";"CA";"2021-01-17 23:00:00+00:00";"2015-10-18 22:00:00+00:00";"39";"59";"32";"2021";"OUI";"NON";"200042190";"";"";"";"2021-10-06";"141974";""
"59101";"3299";"PLUi/PLUiS";"CA";"2019-12-11 23:00:00+00:00";"2015-12-16 23:00:00+00:00";"39";"59";"32";"2021";"NON";"OUI";"200043396";"";"";"";"2021-10-06";"144065";""
"59103";"3299";"PLUi/PLUiS";"CA";"2019-12-11 23:00:00+00:00";"2015-12-16 23:00:00+00:00";"39";"59";"32";"2021";"NON";"OUI";"200043396";"";"";"";"2021-10-06";"144065";""
"59104";"3299";"PLUi/PLUiS";"CA";"2019-12-11 23:00:00+00:00";"2015-12-16 23:00:00+00:00";"39";"59";"32";"2021";"NON";"OUI";"200043396";"";"";"";"2021-10-06";"144065";""
"59105";"3499";"PLU";"CC";"2014-01-17 23:00:00+00:00";"2010-10-11 22:00:00+00:00";"39";"59";"32";"2021";"NON";"NON";"200041960";"";"";"";"2021-10-06";"62835";""
"59106";"3332";"PLUi/PLUiS";"MET";"2019-12-11 23:00:00+00:00";"2015-02-12 23:00:00+00:00";"33";"59";"32";"2021";"OUI";"NON";"59106";"";"";"";"2021-10-06";"127340";""
"59107";"3332";"PLUi/PLUiS";"CU";"2012-02-08 23:00:00+00:00";"2003-12-10 23:00:00+00:00";"33";"59";"32";"2021";"OUI";"NON";"59107";"";"";"";"2021-10-06";"95037";""
"59109";"3399";"PLUi/PLUiS";"CA";"2021-01-17 23:00:00+00:00";"2015-10-18 22:00:00+00:00";"39";"59";"32";"2021";"OUI";"NON";"200042190";"";"";"";"2021-10-06";"141974";""
"59110";"3432";"PLU";"CC";"2012-07-08 22:00:00+00:00";"2007-01-21 23:00:00+00:00";"33";"59";"32";"2021";"NON";"NON";"200040954";"";"";"";"2021-10-06";"62832";""
"59111";"1432";"CC";"CC";"2007-03-15 23:00:00+00:00";"2001-12-31 23:00:00+00:00";"13";"59";"32";"2021";"NON";"NON";"200040954";"";"";"";"2021-10-06";"68440";""
"59112";"3299";"PLUi/PLUiS";"CA";"2021-03-10 23:00:00+00:00";"2015-10-14 22:00:00+00:00";"39";"59";"32";"2021";"NON";"OUI";"245901160";"";"";"";"2021-10-06";"141922";""
"59113";"3199";"PLU";"COM";"2009-12-13 23:00:00+00:00";"2004-12-07 23:00:00+00:00";"39";"59";"32";"2021";"NON";"NON";"59113";"";"";"";"2021-10-06";"53930";""
"59114";"3399";"PLUi/PLUiS";"CA";"2021-01-17 23:00:00+00:00";"2015-10-18 22:00:00+00:00";"39";"59";"32";"2021";"OUI";"NON";"200042190";"";"";"";"2021-10-06";"141974";""
"59115";"3199";"PLU";"COM";"2006-11-09 23:00:00+00:00";"2002-11-19 23:00:00+00:00";"39";"59";"32";"2021";"NON";"NON";"59115";"";"";"";"2021-10-06";"53923";""
"59116";"3299";"PLUi/PLUiS";"CC";"2020-01-28 23:00:00+00:00";"2015-12-14 23:00:00+00:00";"39";"59";"32";"2021";"NON";"OUI";"200043321";"";"";"";"2021-10-06";"143999";""
"59117";"3199";"PLU";"COM";"2017-07-30 22:00:00+00:00";"2012-03-11 23:00:00+00:00";"39";"59";"32";"2021";"NON";"NON";"59117";"";"";"";"2021-10-06";"114289";""
"59118";"3199";"PLU";"COM";"2021-07-04 22:00:00+00:00";"2014-12-09 23:00:00+00:00";"39";"59";"32";"2021";"NON";"NON";"59118";"";"";"";"2021-10-06";"135352";""
"59119";"3299";"PLUi/PLUiS";"CC";"2020-01-26 23:00:00+00:00";"2015-12-15 23:00:00+00:00";"39";"59";"32";"2021";"NON";"OUI";"200040947";"";"";"";"2021-10-06";"135353";""
"59120";"3299";"PLUi/PLUiS";"CC";"2020-01-26 23:00:00+00:00";"2015-12-15 23:00:00+00:00";"39";"59";"32";"2021";"NON";"OUI";"200040947";"";"";"";"2021-10-06";"135353";""
"59121";"1199";"CC";"COM";"2017-04-12 22:00:00+00:00";"2015-04-07 22:00:00+00:00";"19";"59";"32";"2021";"NON";"NON";"59121";"";"";"";"2021-10-06";"138649";""
"59122";"3199";"PLU";"COM";"2012-06-24 22:00:00+00:00";"2006-04-09 22:00:00+00:00";"39";"59";"32";"2021";"NON";"NON";"59122";"";"";"";"2021-10-06";"62833";""
"59123";"3499";"PLU";"CC";"2016-12-18 23:00:00+00:00";"2011-06-26 22:00:00+00:00";"39";"59";"32";"2021";"NON";"NON";"200041960";"";"";"";"2021-10-06";"94791";""
"59124";"3499";"PLU";"CC";"2016-09-22 22:00:00+00:00";"2014-12-16 23:00:00+00:00";"39";"59";"32";"2021";"NON";"NON";"200041960";"";"";"";"2021-10-06";"131525";""
"59125";"3199";"PLU";"COM";"2020-03-01 23:00:00+00:00";"2015-09-13 22:00:00+00:00";"39";"59";"32";"2021";"NON";"NON";"59125";"";"";"";"2021-10-06";"141365";""
"59126";"3131";"PLU";"COM";"2005-04-28 22:00:00+00:00";"1999-02-04 23:00:00+00:00";"33";"59";"32";"2021";"NON";"NON";"59126";"";"";"";"2021-10-06";"53927";""
"59127";"3299";"PLUi/PLUiS";"CC";"2017-09-26 22:00:00+00:00";"2012-06-12 22:00:00+00:00";"39";"59";"32";"2021";"NON";"OUI";"59127";"";"";"";"2021-10-06";"110795";""
"59128";"3332";"PLUi/PLUiS";"MET";"2019-12-11 23:00:00+00:00";"2015-02-12 23:00:00+00:00";"33";"59";"32";"2021";"OUI";"NON";"59128";"";"";"";"2021-10-06";"127340";""
"59129";"3434";"PLU";"CC";"2005-05-19 22:00:00+00:00";"2002-05-15 22:00:00+00:00";"33";"59";"32";"2021";"NON";"NON";"200041960";"";"";"";"2021-10-06";"5551";""
"59130";"3432";"PLU";"CC";"2009-02-09 23:00:00+00:00";"2004-10-06 22:00:00+00:00";"33";"59";"32";"2021";"NON";"NON";"200040954";"";"";"";"2021-10-06";"12406";""
"59131";"3332";"PLUi/PLUiS";"CU";"2012-02-08 23:00:00+00:00";"2003-12-10 23:00:00+00:00";"33";"59";"32";"2021";"OUI";"NON";"59131";"";"";"";"2021-10-06";"95037";""
"59133";"3432";"PLU";"MET";"2012-09-13 22:00:00+00:00";"2008-12-17 23:00:00+00:00";"33";"59";"32";"2021";"NON";"NON";"245900410";"";"";"";"2021-10-06";"62837";""
"59134";"3432";"PLU";"CC";"2013-06-26 22:00:00+00:00";"2009-06-24 22:00:00+00:00";"33";"59";"32";"2021";"NON";"NON";"200043263";"";"";"";"2021-10-06";"50327";""
"59135";"3299";"PLUi/PLUiS";"CC";"2020-01-26 23:00:00+00:00";"2015-12-15 23:00:00+00:00";"39";"59";"32";"2021";"NON";"OUI";"200040947";"";"";"";"2021-10-06";"135353";""
"59136";"3131";"PLU";"COM";"2006-10-22 22:00:00+00:00";"2001-12-17 23:00:00+00:00";"33";"59";"32";"2021";"NON";"NON";"59136";"";"";"";"2021-10-06";"5692";""
"59137";"3131";"PLU";"COM";"2008-04-23 22:00:00+00:00";"2002-12-11 23:00:00+00:00";"33";"59";"32";"2021";"NON";"NON";"59137";"";"";"";"2021-10-06";"12694";""
"59138";"3499";"PLU";"SI";"2017-07-09 22:00:00+00:00";"2014-11-19 23:00:00+00:00";"39";"59";"32";"2021";"NON";"NON";"59138";"";"";"";"2021-10-06";"94921";""
"59139";"3131";"PLU";"COM";"2006-11-28 23:00:00+00:00";"2004-02-18 23:00:00+00:00";"33";"59";"32";"2021";"NON";"NON";"59139";"";"";"";"2021-10-06";"12696";""
"59140";"1199";"CC";"COM";"2012-07-30 22:00:00+00:00";"2006-03-27 22:00:00+00:00";"19";"59";"32";"2021";"NON";"NON";"59140";"";"";"";"2021-10-06";"69822";""
"59141";"3499";"PLU";"SI";"2019-06-10 22:00:00+00:00";"2016-07-18 22:00:00+00:00";"39";"59";"32";"2021";"NON";"NON";"59141";"";"";"";"2021-10-06";"12697";""
"59142";"3299";"PLUi/PLUiS";"CA";"2019-12-11 23:00:00+00:00";"2015-12-16 23:00:00+00:00";"39";"59";"32";"2021";"NON";"OUI";"200043396";"";"";"";"2021-10-06";"144065";""
"59143";"3332";"PLUi/PLUiS";"MET";"2019-12-11 23:00:00+00:00";"2015-02-12 23:00:00+00:00";"33";"59";"32";"2021";"OUI";"NON";"59143";"";"";"";"2021-10-06";"127340";""
"59144";"3399";"PLUi/PLUiS";"CA";"2021-01-17 23:00:00+00:00";"2015-10-18 22:00:00+00:00";"39";"59";"32";"2021";"OUI";"NON";"200042190";"";"";"";"2021-10-06";"141974";""
"59145";"3499";"PLU";"CC";"2018-12-18 23:00:00+00:00";"2014-06-30 22:00:00+00:00";"39";"59";"32";"2021";"NON";"NON";"200041960";"";"";"";"2021-10-06";"132420";""
"59146";"3332";"PLUi/PLUiS";"MET";"2019-12-11 23:00:00+00:00";"2015-02-12 23:00:00+00:00";"33";"59";"32";"2021";"OUI";"NON";"59146";"";"";"";"2021-10-06";"127340";""
"59149";"1199";"CC";"COM";"2019-09-12 22:00:00+00:00";"2016-11-28 23:00:00+00:00";"19";"59";"32";"2021";"NON";"NON";"59149";"";"";"";"2021-10-06";"153658";""
"59150";"3499";"PLU";"CC";"2009-07-01 22:00:00+00:00";"2003-02-12 23:00:00+00:00";"39";"59";"32";"2021";"NON";"NON";"200041960";"";"";"";"2021-10-06";"5557";""
"59151";"3299";"PLUi/PLUiS";"CA";"2019-12-11 23:00:00+00:00";"2015-12-16 23:00:00+00:00";"39";"59";"32";"2021";"NON";"OUI";"200043396";"";"";"";"2021-10-06";"144065";""
"59152";"3332";"PLUi/PLUiS";"MET";"2019-12-11 23:00:00+00:00";"2015-02-12 23:00:00+00:00";"33";"59";"32";"2021";"OUI";"NON";"59152";"";"";"";"2021-10-06";"127340";""
"59153";"3299";"PLUi/PLUiS";"CA";"2021-03-10 23:00:00+00:00";"2015-10-14 22:00:00+00:00";"39";"59";"32";"2021";"NON";"OUI";"245901160";"";"";"";"2021-10-06";"141922";""
"59155";"3332";"PLUi/PLUiS";"CU";"2012-02-08 23:00:00+00:00";"2003-12-10 23:00:00+00:00";"33";"59";"32";"2021";"OUI";"NON";"59155";"";"";"";"2021-10-06";"95037";""
"59156";"3199";"PLU";"COM";"2012-11-26 23:00:00+00:00";"2007-03-27 22:00:00+00:00";"39";"59";"32";"2021";"NON";"NON";"59156";"";"";"";"2021-10-06";"62836";""
"59157";"3299";"PLUi/PLUiS";"CA";"2019-12-11 23:00:00+00:00";"2015-12-16 23:00:00+00:00";"39";"59";"32";"2021";"NON";"OUI";"200043396";"";"";"";"2021-10-06";"144065";""
"59158";"3499";"PLU";"CC";"2019-01-28 23:00:00+00:00";"2013-05-26 22:00:00+00:00";"39";"59";"32";"2021";"NON";"NON";"200041960";"";"";"";"2021-10-06";"123505";""
"59159";"3332";"PLUi/PLUiS";"CU";"2012-02-08 23:00:00+00:00";"2003-12-10 23:00:00+00:00";"33";"59";"32";"2021";"OUI";"NON";"59159";"";"";"";"2021-10-06";"95037";""
"59160";"3299";"PLUi/PLUiS";"CA";"2021-03-10 23:00:00+00:00";"2015-10-14 22:00:00+00:00";"39";"59";"32";"2021";"NON";"OUI";"245901160";"";"";"";"2021-10-06";"141922";""
"59163";"3332";"PLUi/PLUiS";"MET";"2019-12-11 23:00:00+00:00";"2015-02-12 23:00:00+00:00";"33";"59";"32";"2021";"OUI";"NON";"59163";"";"";"";"2021-10-06";"127340";""
"59164";"3299";"PLUi/PLUiS";"CC";"2020-01-28 23:00:00+00:00";"2015-12-14 23:00:00+00:00";"39";"59";"32";"2021";"NON";"OUI";"200043321";"";"";"";"2021-10-06";"143999";""
"59165";"3199";"PLU";"COM";"2016-06-21 22:00:00+00:00";"2009-11-19 23:00:00+00:00";"39";"59";"32";"2021";"NON";"NON";"59165";"";"";"";"2021-10-06";"64567";""
"59166";"3299";"PLUi/PLUiS";"CA";"2021-03-10 23:00:00+00:00";"2015-10-14 22:00:00+00:00";"39";"59";"32";"2021";"NON";"OUI";"245901160";"";"";"";"2021-10-06";"141922";""
"59168";"3499";"PLU";"CC";"2019-12-18 23:00:00+00:00";"2012-06-26 22:00:00+00:00";"39";"59";"32";"2021";"NON";"NON";"200041960";"";"";"";"2021-10-06";"112223";""
"59170";"3199";"PLU";"COM";"2014-04-28 22:00:00+00:00";"2009-06-14 22:00:00+00:00";"39";"59";"32";"2021";"NON";"NON";"59170";"";"";"";"2021-10-06";"63728";""
"59172";"3399";"PLUi/PLUiS";"CA";"2021-01-17 23:00:00+00:00";"2015-10-18 22:00:00+00:00";"39";"59";"32";"2021";"OUI";"NON";"200042190";"";"";"";"2021-10-06";"141974";""
"59173";"3332";"PLUi/PLUiS";"MET";"2019-12-11 23:00:00+00:00";"2015-02-12 23:00:00+00:00";"33";"59";"32";"2021";"OUI";"NON";"59173";"";"";"";"2021-10-06";"127340";""
"59177";"3432";"PLU";"CC";"2014-12-14 23:00:00+00:00";"2009-12-07 23:00:00+00:00";"33";"59";"32";"2021";"NON";"NON";"200043263";"";"";"";"2021-10-06";"50080";""
"59178";"3131";"PLU";"COM";"2013-06-06 22:00:00+00:00";"2011-03-31 22:00:00+00:00";"33";"59";"32";"2021";"NON";"NON";"59178";"";"";"";"2021-10-06";"124709";""
"59179";"3399";"PLUi/PLUiS";"CA";"2021-01-17 23:00:00+00:00";"2015-10-18 22:00:00+00:00";"39";"59";"32";"2021";"OUI";"NON";"200042190";"";"";"";"2021-10-06";"141974";""
"59180";"3299";"PLUi/PLUiS";"CC";"2020-01-26 23:00:00+00:00";"2015-12-15 23:00:00+00:00";"39";"59";"32";"2021";"NON";"OUI";"200040947";"";"";"";"2021-10-06";"135353";""
"59181";"3432";"PLU";"CC";"2013-08-26 22:00:00+00:00";"2008-06-23 22:00:00+00:00";"33";"59";"32";"2021";"NON";"NON";"200043263";"";"";"";"2021-10-06";"49747";""
"59182";"3432";"PLU";"CC";"2006-04-19 22:00:00+00:00";"2002-12-03 23:00:00+00:00";"33";"59";"32";"2021";"NON";"NON";"200040954";"";"";"";"2021-10-06";"16163";""
"59183";"3332";"PLUi/PLUiS";"CU";"2012-02-08 23:00:00+00:00";"2003-12-10 23:00:00+00:00";"33";"59";"32";"2021";"OUI";"NON";"59183";"";"";"";"2021-10-06";"95037";""
"59184";"3299";"PLUi/PLUiS";"CC";"2020-01-26 23:00:00+00:00";"2015-12-15 23:00:00+00:00";"39";"59";"32";"2021";"NON";"OUI";"200040947";"";"";"";"2021-10-06";"135353";""
"59185";"3131";"PLU";"COM";"2006-04-06 22:00:00+00:00";"2002-02-20 23:00:00+00:00";"33";"59";"32";"2021";"NON";"NON";"59185";"";"";"";"2021-10-06";"16166";""
"59187";"3299";"PLUi/PLUiS";"CA";"2019-12-11 23:00:00+00:00";"2015-12-16 23:00:00+00:00";"39";"59";"32";"2021";"NON";"OUI";"200043396";"";"";"";"2021-10-06";"144065";""
"59188";"3299";"PLUi/PLUiS";"CA";"2019-12-11 23:00:00+00:00";"2015-12-16 23:00:00+00:00";"39";"59";"32";"2021";"NON";"OUI";"200043396";"";"";"";"2021-10-06";"144065";""
"59189";"3299";"PLUi/PLUiS";"CC";"2020-01-26 23:00:00+00:00";"2015-12-15 23:00:00+00:00";"39";"59";"32";"2021";"NON";"OUI";"200040947";"";"";"";"2021-10-06";"135353";""
"59190";"3299";"PLUi/PLUiS";"CA";"2019-12-11 23:00:00+00:00";"2015-12-16 23:00:00+00:00";"39";"59";"32";"2021";"NON";"OUI";"200043396";"";"";"";"2021-10-06";"144065";""
"59192";"3499";"PLU";"CA";"2006-01-18 23:00:00+00:00";"2001-12-13 23:00:00+00:00";"39";"59";"32";"2021";"NON";"NON";"59192";"";"";"";"2021-10-06";"53934";""
"59193";"3332";"PLUi/PLUiS";"MET";"2019-12-11 23:00:00+00:00";"2015-02-12 23:00:00+00:00";"33";"59";"32";"2021";"OUI";"NON";"59193";"";"";"";"2021-10-06";"127340";""
"59194";"3299";"PLUi/PLUiS";"CC";"2020-01-28 23:00:00+00:00";"2015-12-14 23:00:00+00:00";"39";"59";"32";"2021";"NON";"OUI";"200043321";"";"";"";"2021-10-06";"143999";""
"59195";"3332";"PLUi/PLUiS";"MET";"2019-12-11 23:00:00+00:00";"2015-02-12 23:00:00+00:00";"33";"59";"32";"2021";"OUI";"NON";"59195";"";"";"";"2021-10-06";"127340";""
"59196";"3332";"PLUi/PLUiS";"MET";"2019-12-11 23:00:00+00:00";"2015-02-12 23:00:00+00:00";"33";"59";"32";"2021";"OUI";"NON";"59196";"";"";"";"2021-10-06";"127340";""
"59197";"3434";"PLU";"CC";"2006-12-19 23:00:00+00:00";"2003-03-24 23:00:00+00:00";"33";"59";"32";"2021";"NON";"NON";"200041960";"";"";"";"2021-10-06";"5572";""
"59198";"3432";"PLU";"CC";"2019-10-28 23:00:00+00:00";"2006-05-18 22:00:00+00:00";"33";"59";"32";"2021";"NON";"NON";"200043404";"";"";"";"2021-10-06";"49749";""
"59201";"3332";"PLUi/PLUiS";"MET";"2019-12-11 23:00:00+00:00";"2015-02-12 23:00:00+00:00";"33";"59";"32";"2021";"OUI";"NON";"59201";"";"";"";"2021-10-06";"127340";""
"59202";"3332";"PLUi/PLUiS";"MET";"2019-12-11 23:00:00+00:00";"2015-02-12 23:00:00+00:00";"33";"59";"32";"2021";"OUI";"NON";"59202";"";"";"";"2021-10-06";"127340";""
"59204";"3299";"PLUi/PLUiS";"CC";"2017-09-26 22:00:00+00:00";"2012-06-12 22:00:00+00:00";"39";"59";"32";"2021";"NON";"OUI";"59204";"";"";"";"2021-10-06";"110795";""
"59205";"3399";"PLUi/PLUiS";"CA";"2021-01-17 23:00:00+00:00";"2015-10-18 22:00:00+00:00";"39";"59";"32";"2021";"OUI";"NON";"200042190";"";"";"";"2021-10-06";"141974";""
"59206";"3199";"PLU";"COM";"2013-12-10 23:00:00+00:00";"2011-12-14 23:00:00+00:00";"39";"59";"32";"2021";"NON";"NON";"59206";"";"";"";"2021-10-06";"122859";""
"59207";"3399";"PLUi/PLUiS";"CA";"2021-01-17 23:00:00+00:00";"2015-10-18 22:00:00+00:00";"39";"59";"32";"2021";"OUI";"NON";"200042190";"";"";"";"2021-10-06";"141974";""
"59208";"3332";"PLUi/PLUiS";"MET";"2019-12-11 23:00:00+00:00";"2015-02-12 23:00:00+00:00";"33";"59";"32";"2021";"OUI";"NON";"59208";"";"";"";"2021-10-06";"127340";""
"59210";"3432";"PLU";"CC";"2011-02-22 23:00:00+00:00";"1994-12-27 23:00:00+00:00";"33";"59";"32";"2021";"NON";"NON";"200040954";"";"";"";"2021-10-06";"16169";""
"59212";"3199";"PLU";"COM";"2019-11-03 23:00:00+00:00";"2009-06-21 22:00:00+00:00";"39";"59";"32";"2021";"NON";"NON";"59212";"";"";"";"2021-10-06";"62840";""
"59213";"1499";"CC";"SI";"2012-05-14 22:00:00+00:00";"2006-12-19 23:00:00+00:00";"19";"59";"32";"2021";"NON";"NON";"59213";"";"";"";"2021-10-06";"66301";""
"59214";"3131";"PLU";"COM";"2007-03-21 23:00:00+00:00";"2003-05-21 22:00:00+00:00";"33";"59";"32";"2021";"NON";"NON";"59214";"";"";"";"2021-10-06";"16170";""
"59215";"3299";"PLUi/PLUiS";"CA";"2021-03-10 23:00:00+00:00";"2015-10-14 22:00:00+00:00";"39";"59";"32";"2021";"NON";"OUI";"245901160";"";"";"";"2021-10-06";"141922";""
"59216";"3199";"PLU";"COM";"2013-06-19 22:00:00+00:00";"2008-10-20 22:00:00+00:00";"39";"59";"32";"2021";"NON";"NON";"59216";"";"";"";"2021-10-06";"89868";""
"59217";"3299";"PLUi/PLUiS";"CC";"2020-01-28 23:00:00+00:00";"2015-12-14 23:00:00+00:00";"39";"59";"32";"2021";"NON";"OUI";"200043321";"";"";"";"2021-10-06";"143999";""
"59218";"3432";"PLU";"CC";"2011-10-19 22:00:00+00:00";"2007-02-20 23:00:00+00:00";"33";"59";"32";"2021";"NON";"NON";"200043263";"";"";"";"2021-10-06";"49751";""
"59220";"3332";"PLUi/PLUiS";"MET";"2019-12-11 23:00:00+00:00";"2015-02-12 23:00:00+00:00";"33";"59";"32";"2021";"OUI";"NON";"59220";"";"";"";"2021-10-06";"127340";""
"59221";"3299";"PLUi/PLUiS";"CA";"2021-03-10 23:00:00+00:00";"2015-10-14 22:00:00+00:00";"39";"59";"32";"2021";"NON";"OUI";"245901160";"";"";"";"2021-10-06";"141922";""
"59222";"3199";"PLU";"COM";"2017-09-27 22:00:00+00:00";"2012-10-24 22:00:00+00:00";"39";"59";"32";"2021";"NON";"NON";"59222";"";"";"";"2021-10-06";"141584";""
"59223";"3299";"PLUi/PLUiS";"CC";"2020-01-28 23:00:00+00:00";"2015-12-14 23:00:00+00:00";"39";"59";"32";"2021";"NON";"OUI";"200043321";"";"";"";"2021-10-06";"143999";""
"59224";"3199";"PLU";"COM";"2016-12-13 23:00:00+00:00";"2009-06-29 22:00:00+00:00";"39";"59";"32";"2021";"NON";"NON";"59224";"";"";"";"2021-10-06";"62849";""
"59225";"3299";"PLUi/PLUiS";"CA";"2019-12-11 23:00:00+00:00";"2015-12-16 23:00:00+00:00";"39";"59";"32";"2021";"NON";"OUI";"200043396";"";"";"";"2021-10-06";"144065";""
"59226";"1432";"CC";"CC";"2007-12-12 23:00:00+00:00";"2006-03-27 22:00:00+00:00";"13";"59";"32";"2021";"NON";"NON";"200043263";"";"";"";"2021-10-06";"68444";""
"59227";"3131";"PLU";"COM";"2006-05-03 22:00:00+00:00";"1999-06-24 22:00:00+00:00";"33";"59";"32";"2021";"NON";"NON";"59227";"";"";"";"2021-10-06";"5591";""
"59228";"3199";"PLU";"COM";"2017-05-03 22:00:00+00:00";"2014-06-09 22:00:00+00:00";"39";"59";"32";"2021";"NON";"NON";"59228";"";"";"";"2021-10-06";"143260";""
"59229";"3432";"PLU";"CC";"2006-03-24 23:00:00+00:00";"2003-03-28 23:00:00+00:00";"33";"59";"32";"2021";"NON";"NON";"200043404";"";"";"";"2021-10-06";"16176";""
"59230";"3299";"PLUi/PLUiS";"CA";"2019-12-11 23:00:00+00:00";"2015-12-16 23:00:00+00:00";"39";"59";"32";"2021";"NON";"OUI";"200043396";"";"";"";"2021-10-06";"144065";""
"59231";"3299";"PLUi/PLUiS";"CA";"2019-12-11 23:00:00+00:00";"2015-12-16 23:00:00+00:00";"39";"59";"32";"2021";"NON";"OUI";"200043396";"";"";"";"2021-10-06";"144065";""
"59232";"3299";"PLUi/PLUiS";"CC";"2020-01-28 23:00:00+00:00";"2015-12-14 23:00:00+00:00";"39";"59";"32";"2021";"NON";"OUI";"200043321";"";"";"";"2021-10-06";"143999";""
"59233";"3432";"PLU";"CC";"2020-02-12 23:00:00+00:00";"2010-12-16 23:00:00+00:00";"33";"59";"32";"2021";"NON";"NON";"59233";"";"";"";"2021-10-06";"64569";""
"59234";"3131";"PLU";"COM";"2003-09-23 22:00:00+00:00";"1998-06-21 22:00:00+00:00";"33";"59";"32";"2021";"NON";"NON";"59234";"";"";"";"2021-10-06";"16854";""
"59236";"1199";"CC";"COM";"2016-08-23 22:00:00+00:00";"2015-07-05 22:00:00+00:00";"19";"59";"32";"2021";"NON";"NON";"59236";"";"";"";"2021-10-06";"140860";""
"59237";"3299";"PLUi/PLUiS";"CC";"2020-01-26 23:00:00+00:00";"2015-12-15 23:00:00+00:00";"39";"59";"32";"2021";"NON";"OUI";"200040947";"";"";"";"2021-10-06";"135353";""
"59238";"3399";"PLUi/PLUiS";"CA";"2021-01-17 23:00:00+00:00";"2015-10-18 22:00:00+00:00";"39";"59";"32";"2021";"OUI";"NON";"200042190";"";"";"";"2021-10-06";"141974";""
"59239";"3131";"PLU";"COM";"2007-01-25 23:00:00+00:00";"2001-10-23 22:00:00+00:00";"33";"59";"32";"2021";"NON";"NON";"59239";"";"";"";"2021-10-06";"59198";""
"59240";"1432";"CC";"CC";"2012-08-30 22:00:00+00:00";"2008-10-16 22:00:00+00:00";"13";"59";"32";"2021";"NON";"NON";"200043263";"";"";"";"2021-10-06";"66305";""
"59241";"3432";"PLU";"CC";"2012-09-19 22:00:00+00:00";"2005-06-12 22:00:00+00:00";"33";"59";"32";"2021";"NON";"NON";"200043263";"";"";"";"2021-10-06";"49761";""
"59242";"3299";"PLUi/PLUiS";"CC";"2020-01-28 23:00:00+00:00";"2015-12-14 23:00:00+00:00";"39";"59";"32";"2021";"NON";"OUI";"200043321";"";"";"";"2021-10-06";"143999";""
"59243";"3199";"PLU";"COM";"2019-12-18 23:00:00+00:00";"2015-03-17 23:00:00+00:00";"39";"59";"32";"2021";"NON";"NON";"59243";"";"";"";"2021-10-06";"135129";""
"59244";"3199";"PLU";"COM";"2019-06-26 22:00:00+00:00";"2014-11-24 23:00:00+00:00";"39";"59";"32";"2021";"NON";"NON";"59244";"";"";"";"2021-10-06";"134974";""
"59246";"3299";"PLUi/PLUiS";"CC";"2020-01-28 23:00:00+00:00";"2015-12-14 23:00:00+00:00";"39";"59";"32";"2021";"NON";"OUI";"200043321";"";"";"";"2021-10-06";"143999";""
"59247";"3332";"PLUi/PLUiS";"MET";"2019-12-11 23:00:00+00:00";"2015-02-12 23:00:00+00:00";"33";"59";"32";"2021";"OUI";"NON";"59247";"";"";"";"2021-10-06";"127340";""
"59249";"3432";"PLU";"CC";"2007-03-28 22:00:00+00:00";"2003-09-22 22:00:00+00:00";"33";"59";"32";"2021";"NON";"NON";"200043404";"";"";"";"2021-10-06";"16193";""
"59250";"3332";"PLUi/PLUiS";"MET";"2019-12-11 23:00:00+00:00";"2015-02-12 23:00:00+00:00";"33";"59";"32";"2021";"OUI";"NON";"59250";"";"";"";"2021-10-06";"127340";""
"59251";"3299";"PLUi/PLUiS";"CC";"2020-01-28 23:00:00+00:00";"2015-12-14 23:00:00+00:00";"39";"59";"32";"2021";"NON";"OUI";"200043321";"";"";"";"2021-10-06";"143999";""
"59252";"3332";"PLUi/PLUiS";"MET";"2019-12-11 23:00:00+00:00";"2015-02-12 23:00:00+00:00";"33";"59";"32";"2021";"OUI";"NON";"59252";"";"";"";"2021-10-06";"127340";""
"59253";"3299";"PLUi/PLUiS";"CA";"2021-03-10 23:00:00+00:00";"2015-10-14 22:00:00+00:00";"39";"59";"32";"2021";"NON";"OUI";"245901160";"";"";"";"2021-10-06";"141922";""
"59254";"3199";"PLU";"COM";"2017-07-03 22:00:00+00:00";"2011-02-01 23:00:00+00:00";"39";"59";"32";"2021";"NON";"NON";"59254";"";"";"";"2021-10-06";"64570";""
"59256";"3332";"PLUi/PLUiS";"MET";"2019-12-11 23:00:00+00:00";"2015-02-12 23:00:00+00:00";"33";"59";"32";"2021";"OUI";"NON";"59256";"";"";"";"2021-10-06";"127340";""
"59257";"3432";"PLU";"MET";"2019-12-11 23:00:00+00:00";"2016-11-16 23:00:00+00:00";"33";"59";"32";"2021";"NON";"NON";"245900410";"";"";"";"2021-10-06";"173216";""
"59258";"3134";"PLU";"COM";"2005-09-05 22:00:00+00:00";"2002-12-16 23:00:00+00:00";"33";"59";"32";"2021";"NON";"NON";"200041960";"";"";"";"2021-10-06";"16195";""
"59259";"3299";"PLUi/PLUiS";"CC";"2020-01-28 23:00:00+00:00";"2015-12-14 23:00:00+00:00";"39";"59";"32";"2021";"NON";"OUI";"200043321";"";"";"";"2021-10-06";"143999";""
"59260";"3432";"PLU";"CU";"2015-10-14 22:00:00+00:00";"2009-12-16 23:00:00+00:00";"33";"59";"32";"2021";"NON";"NON";"245900428";"";"";"";"2021-10-06";"64571";""
"59261";"3432";"PLU";"CC";"2013-06-27 22:00:00+00:00";"2009-09-09 22:00:00+00:00";"33";"59";"32";"2021";"NON";"NON";"200043404";"";"";"";"2021-10-06";"62933";""
"59262";"3299";"PLUi/PLUiS";"CC";"2020-01-26 23:00:00+00:00";"2015-12-15 23:00:00+00:00";"39";"59";"32";"2021";"NON";"OUI";"200040947";"";"";"";"2021-10-06";"135353";""
"59263";"3199";"PLU";"COM";"2017-12-06 23:00:00+00:00";"2008-06-25 22:00:00+00:00";"39";"59";"32";"2021";"NON";"NON";"59263";"";"";"";"2021-10-06";"62855";""
"59264";"3299";"PLUi/PLUiS";"CA";"2019-12-11 23:00:00+00:00";"2015-12-16 23:00:00+00:00";"39";"59";"32";"2021";"NON";"OUI";"200043396";"";"";"";"2021-10-06";"144065";""
"59265";"3299";"PLUi/PLUiS";"CC";"2020-01-28 23:00:00+00:00";"2015-12-14 23:00:00+00:00";"39";"59";"32";"2021";"NON";"OUI";"200043321";"";"";"";"2021-10-06";"143999";""
"59266";"3499";"PLU";"CC";"2017-02-26 23:00:00+00:00";"2014-12-08 23:00:00+00:00";"39";"59";"32";"2021";"NON";"NON";"200041960";"";"";"";"2021-10-06";"140127";""
"59268";"3131";"PLU";"COM";"2011-09-15 22:00:00+00:00";"2004-06-28 22:00:00+00:00";"33";"59";"32";"2021";"NON";"NON";"59268";"";"";"";"2021-10-06";"5682";""
"59269";"3199";"PLU";"COM";"2019-03-27 23:00:00+00:00";"2015-06-03 22:00:00+00:00";"39";"59";"32";"2021";"NON";"NON";"59269";"";"";"";"2021-10-06";"140859";""
"59271";"3332";"PLUi/PLUiS";"CU";"2012-02-08 23:00:00+00:00";"2003-12-10 23:00:00+00:00";"33";"59";"32";"2021";"OUI";"NON";"59271";"";"";"";"2021-10-06";"95037";""
"59272";"3332";"PLUi/PLUiS";"CU";"2012-02-08 23:00:00+00:00";"2003-12-10 23:00:00+00:00";"33";"59";"32";"2021";"OUI";"NON";"59272";"";"";"";"2021-10-06";"95037";""
"59273";"3332";"PLUi/PLUiS";"CU";"2012-02-08 23:00:00+00:00";"2003-12-10 23:00:00+00:00";"33";"59";"32";"2021";"OUI";"NON";"59273";"";"";"";"2021-10-06";"95037";""
"59275";"3332";"PLUi/PLUiS";"MET";"2019-12-11 23:00:00+00:00";"2015-02-12 23:00:00+00:00";"33";"59";"32";"2021";"OUI";"NON";"59275";"";"";"";"2021-10-06";"127340";""
"59276";"3199";"PLU";"COM";"2015-06-21 22:00:00+00:00";"2008-11-11 23:00:00+00:00";"39";"59";"32";"2021";"NON";"NON";"59276";"";"";"";"2021-10-06";"81499";""
"59277";"3299";"PLUi/PLUiS";"CC";"2020-01-28 23:00:00+00:00";"2015-12-14 23:00:00+00:00";"39";"59";"32";"2021";"NON";"OUI";"200043321";"";"";"";"2021-10-06";"143999";""
"59278";"3332";"PLUi/PLUiS";"MET";"2019-12-11 23:00:00+00:00";"2015-02-12 23:00:00+00:00";"33";"59";"32";"2021";"OUI";"NON";"59278";"";"";"";"2021-10-06";"127340";""
"59279";"3332";"PLUi/PLUiS";"MET";"2019-12-11 23:00:00+00:00";"2015-02-12 23:00:00+00:00";"33";"59";"32";"2021";"OUI";"NON";"59279";"";"";"";"2021-10-06";"127340";""
"59280";"3131";"PLU";"COM";"2006-09-10 22:00:00+00:00";"2002-03-28 23:00:00+00:00";"33";"59";"32";"2021";"NON";"NON";"59280";"";"";"";"2021-10-06";"5625";""
"59281";"3332";"PLUi/PLUiS";"MET";"2019-12-11 23:00:00+00:00";"2015-02-12 23:00:00+00:00";"33";"59";"32";"2021";"OUI";"NON";"59281";"";"";"";"2021-10-06";"127340";""
"59282";"3299";"PLUi/PLUiS";"CC";"2020-01-26 23:00:00+00:00";"2015-12-15 23:00:00+00:00";"39";"59";"32";"2021";"NON";"OUI";"200040947";"";"";"";"2021-10-06";"135353";""
"59283";"3299";"PLUi/PLUiS";"CC";"2020-01-28 23:00:00+00:00";"2015-12-14 23:00:00+00:00";"39";"59";"32";"2021";"NON";"OUI";"200043321";"";"";"";"2021-10-06";"143999";""
"59284";"3399";"PLUi/PLUiS";"CA";"2021-01-17 23:00:00+00:00";"2015-10-18 22:00:00+00:00";"39";"59";"32";"2021";"OUI";"NON";"200042190";"";"";"";"2021-10-06";"141974";""
"59285";"3399";"PLUi/PLUiS";"CA";"2021-01-17 23:00:00+00:00";"2015-10-18 22:00:00+00:00";"39";"59";"32";"2021";"OUI";"NON";"200042190";"";"";"";"2021-10-06";"141974";""
"59286";"3332";"PLUi/PLUiS";"MET";"2019-12-11 23:00:00+00:00";"2015-02-12 23:00:00+00:00";"33";"59";"32";"2021";"OUI";"NON";"59286";"";"";"";"2021-10-06";"127340";""
"59287";"3199";"PLU";"COM";"2018-12-09 23:00:00+00:00";"2015-01-26 23:00:00+00:00";"39";"59";"32";"2021";"NON";"NON";"59287";"";"";"";"2021-10-06";"137076";""
"59288";"3399";"PLUi/PLUiS";"CA";"2021-01-17 23:00:00+00:00";"2015-10-18 22:00:00+00:00";"39";"59";"32";"2021";"OUI";"NON";"200042190";"";"";"";"2021-10-06";"141974";""
"59289";"3299";"PLUi/PLUiS";"CC";"2017-09-26 22:00:00+00:00";"2012-06-12 22:00:00+00:00";"39";"59";"32";"2021";"NON";"OUI";"59289";"";"";"";"2021-10-06";"110795";""
"59290";"3432";"PLU";"CC";"2012-04-12 22:00:00+00:00";"2006-04-09 22:00:00+00:00";"33";"59";"32";"2021";"NON";"NON";"200043263";"";"";"";"2021-10-06";"62858";""
"59291";"3299";"PLUi/PLUiS";"CA";"2019-12-11 23:00:00+00:00";"2015-12-16 23:00:00+00:00";"39";"59";"32";"2021";"NON";"OUI";"200043396";"";"";"";"2021-10-06";"144065";""
"59292";"3399";"PLUi/PLUiS";"CA";"2021-01-17 23:00:00+00:00";"2015-10-18 22:00:00+00:00";"39";"59";"32";"2021";"OUI";"NON";"200042190";"";"";"";"2021-10-06";"141974";""
"59293";"3199";"PLU";"COM";"2021-06-17 22:00:00+00:00";"2015-03-15 23:00:00+00:00";"39";"59";"32";"2021";"NON";"NON";"59293";"";"";"";"2021-10-06";"148737";""
"59295";"3299";"PLUi/PLUiS";"CC";"2020-01-26 23:00:00+00:00";"2015-12-15 23:00:00+00:00";"39";"59";"32";"2021";"NON";"OUI";"200040947";"";"";"";"2021-10-06";"135353";""
"59296";"3299";"PLUi/PLUiS";"CC";"2020-01-28 23:00:00+00:00";"2015-12-14 23:00:00+00:00";"39";"59";"32";"2021";"NON";"OUI";"200043321";"";"";"";"2021-10-06";"143999";""
"59297";"3399";"PLUi/PLUiS";"CA";"2021-01-17 23:00:00+00:00";"2015-10-18 22:00:00+00:00";"39";"59";"32";"2021";"OUI";"NON";"200042190";"";"";"";"2021-10-06";"141974";""
"59299";"3332";"PLUi/PLUiS";"MET";"2019-12-11 23:00:00+00:00";"2015-02-12 23:00:00+00:00";"33";"59";"32";"2021";"OUI";"NON";"59299";"";"";"";"2021-10-06";"127340";""
"59300";"3199";"PLU";"COM";"2019-03-07 23:00:00+00:00";"2014-09-11 22:00:00+00:00";"39";"59";"32";"2021";"NON";"NON";"59300";"";"";"";"2021-10-06";"132419";""
"59301";"3299";"PLUi/PLUiS";"CA";"2021-03-10 23:00:00+00:00";"2015-10-14 22:00:00+00:00";"39";"59";"32";"2021";"NON";"OUI";"245901160";"";"";"";"2021-10-06";"141922";""
"59302";"3399";"PLUi/PLUiS";"CA";"2021-01-17 23:00:00+00:00";"2015-10-18 22:00:00+00:00";"39";"59";"32";"2021";"OUI";"NON";"200042190";"";"";"";"2021-10-06";"141974";""
"59303";"3332";"PLUi/PLUiS";"MET";"2019-12-11 23:00:00+00:00";"2015-02-12 23:00:00+00:00";"33";"59";"32";"2021";"OUI";"NON";"59303";"";"";"";"2021-10-06";"127340";""
"59304";"3499";"PLU";"CC";"2006-02-13 23:00:00+00:00";"2003-04-17 22:00:00+00:00";"39";"59";"32";"2021";"NON";"NON";"200041960";"";"";"";"2021-10-06";"53950";""
"59305";"3432";"PLU";"CC";"2006-09-10 22:00:00+00:00";"2002-02-24 23:00:00+00:00";"33";"59";"32";"2021";"NON";"NON";"200040954";"";"";"";"2021-10-06";"16213";""
"59306";"3432";"PLU";"CC";"2020-02-12 23:00:00+00:00";"2014-09-08 22:00:00+00:00";"33";"59";"32";"2021";"NON";"NON";"200043263";"";"";"";"2021-10-06";"132618";""
"59308";"3299";"PLUi/PLUiS";"CC";"2020-01-26 23:00:00+00:00";"2015-12-15 23:00:00+00:00";"39";"59";"32";"2021";"NON";"OUI";"200040947";"";"";"";"2021-10-06";"135353";""
"59310";"3299";"PLUi/PLUiS";"CC";"2020-01-28 23:00:00+00:00";"2015-12-14 23:00:00+00:00";"39";"59";"32";"2021";"NON";"OUI";"200043321";"";"";"";"2021-10-06";"143999";""
"59313";"3399";"PLUi/PLUiS";"CA";"2021-01-17 23:00:00+00:00";"2015-10-18 22:00:00+00:00";"39";"59";"32";"2021";"OUI";"NON";"200042190";"";"";"";"2021-10-06";"141974";""
"59315";"3299";"PLUi/PLUiS";"CC";"2020-01-28 23:00:00+00:00";"2015-12-14 23:00:00+00:00";"39";"59";"32";"2021";"NON";"OUI";"200043321";"";"";"";"2021-10-06";"143999";""
"59316";"3332";"PLUi/PLUiS";"MET";"2019-12-11 23:00:00+00:00";"2015-02-12 23:00:00+00:00";"33";"59";"32";"2021";"OUI";"NON";"59316";"";"";"";"2021-10-06";"127340";""
"59317";"3332";"PLUi/PLUiS";"MET";"2019-12-11 23:00:00+00:00";"2015-02-12 23:00:00+00:00";"33";"59";"32";"2021";"OUI";"NON";"59317";"";"";"";"2021-10-06";"127340";""
"59318";"3299";"PLUi/PLUiS";"CC";"2020-01-26 23:00:00+00:00";"2015-12-15 23:00:00+00:00";"39";"59";"32";"2021";"NON";"OUI";"200040947";"";"";"";"2021-10-06";"135353";""
"59319";"3432";"PLU";"CC";"2018-04-10 22:00:00+00:00";"2015-09-29 22:00:00+00:00";"33";"59";"32";"2021";"NON";"NON";"200040954";"";"";"";"2021-10-06";"159941";""
"59320";"3332";"PLUi/PLUiS";"MET";"2019-12-11 23:00:00+00:00";"2015-02-12 23:00:00+00:00";"33";"59";"32";"2021";"OUI";"NON";"59320";"";"";"";"2021-10-06";"127340";""
"59321";"3131";"PLU";"COM";"2008-02-07 23:00:00+00:00";"2005-07-26 22:00:00+00:00";"33";"59";"32";"2021";"NON";"NON";"59321";"";"";"";"2021-10-06";"53953";""
"59322";"3199";"PLU";"COM";"2004-04-07 22:00:00+00:00";"1998-12-09 23:00:00+00:00";"39";"59";"32";"2021";"NON";"NON";"59322";"";"";"";"2021-10-06";"3729";""
"59323";"3299";"PLUi/PLUiS";"CC";"2020-01-28 23:00:00+00:00";"2015-12-14 23:00:00+00:00";"39";"59";"32";"2021";"NON";"OUI";"200043321";"";"";"";"2021-10-06";"143999";""
"59324";"3299";"PLUi/PLUiS";"CA";"2019-12-11 23:00:00+00:00";"2015-12-16 23:00:00+00:00";"39";"59";"32";"2021";"NON";"OUI";"200043396";"";"";"";"2021-10-06";"144065";""
"59325";"3299";"PLUi/PLUiS";"CC";"2020-01-28 23:00:00+00:00";"2015-12-14 23:00:00+00:00";"39";"59";"32";"2021";"NON";"OUI";"200043321";"";"";"";"2021-10-06";"143999";""
"59327";"3131";"PLU";"COM";"2007-10-02 22:00:00+00:00";"2003-04-16 22:00:00+00:00";"33";"59";"32";"2021";"NON";"NON";"59327";"";"";"";"2021-10-06";"53954";""
"59328";"3332";"PLUi/PLUiS";"MET";"2019-12-11 23:00:00+00:00";"2015-02-12 23:00:00+00:00";"33";"59";"32";"2021";"OUI";"NON";"59328";"";"";"";"2021-10-06";"127340";""
"59329";"3199";"PLU";"COM";"2015-02-17 23:00:00+00:00";"2011-06-16 22:00:00+00:00";"39";"59";"32";"2021";"NON";"NON";"59329";"";"";"";"2021-10-06";"114290";""
"59330";"3499";"PLU";"CC";"2013-03-06 23:00:00+00:00";"2008-12-10 23:00:00+00:00";"39";"59";"32";"2021";"NON";"NON";"200041960";"";"";"";"2021-10-06";"62863";""
"59331";"3299";"PLUi/PLUiS";"CC";"2020-01-28 23:00:00+00:00";"2015-12-14 23:00:00+00:00";"39";"59";"32";"2021";"NON";"OUI";"200043321";"";"";"";"2021-10-06";"143999";""
"59332";"3332";"PLUi/PLUiS";"MET";"2019-12-11 23:00:00+00:00";"2015-02-12 23:00:00+00:00";"33";"59";"32";"2021";"OUI";"NON";"59332";"";"";"";"2021-10-06";"127340";""
"59334";"3199";"PLU";"COM";"2019-02-04 23:00:00+00:00";"2012-03-26 22:00:00+00:00";"39";"59";"32";"2021";"NON";"NON";"59334";"";"";"";"2021-10-06";"109811";""
"59335";"3399";"PLUi/PLUiS";"CA";"2021-01-17 23:00:00+00:00";"2015-10-18 22:00:00+00:00";"39";"59";"32";"2021";"OUI";"NON";"200042190";"";"";"";"2021-10-06";"141974";""
"59336";"3199";"PLU";"COM";"2007-09-06 22:00:00+00:00";"1998-03-26 23:00:00+00:00";"39";"59";"32";"2021";"NON";"NON";"59336";"";"";"";"2021-10-06";"33373";""
"59337";"3432";"PLU";"CC";"2008-06-23 22:00:00+00:00";"2003-06-18 22:00:00+00:00";"33";"59";"32";"2021";"NON";"NON";"200040954";"";"";"";"2021-10-06";"16817";""
"59338";"3432";"PLU";"CC";"2011-06-16 22:00:00+00:00";"2009-05-22 22:00:00+00:00";"33";"59";"32";"2021";"NON";"NON";"200040954";"";"";"";"2021-10-06";"62935";""
"59339";"3332";"PLUi/PLUiS";"MET";"2019-12-11 23:00:00+00:00";"2015-02-12 23:00:00+00:00";"33";"59";"32";"2021";"OUI";"NON";"59339";"";"";"";"2021-10-06";"127340";""
"59340";"3332";"PLUi/PLUiS";"CU";"2012-02-08 23:00:00+00:00";"2003-12-10 23:00:00+00:00";"33";"59";"32";"2021";"OUI";"NON";"59340";"";"";"";"2021-10-06";"95037";""
"59341";"1199";"CC";"COM";"2015-04-16 22:00:00+00:00";"2007-10-24 22:00:00+00:00";"19";"59";"32";"2021";"NON";"NON";"59341";"";"";"";"2021-10-06";"66306";""
"59343";"3332";"PLUi/PLUiS";"MET";"2019-12-11 23:00:00+00:00";"2015-02-12 23:00:00+00:00";"33";"59";"32";"2021";"OUI";"NON";"59343";"";"";"";"2021-10-06";"127340";""
"59344";"3299";"PLUi/PLUiS";"CA";"2019-12-11 23:00:00+00:00";"2015-12-16 23:00:00+00:00";"39";"59";"32";"2021";"NON";"OUI";"200043396";"";"";"";"2021-10-06";"144065";""
"59346";"3332";"PLUi/PLUiS";"MET";"2019-12-11 23:00:00+00:00";"2015-02-12 23:00:00+00:00";"33";"59";"32";"2021";"OUI";"NON";"59346";"";"";"";"2021-10-06";"127340";""
"59348";"3399";"PLUi/PLUiS";"CA";"2021-01-17 23:00:00+00:00";"2015-10-18 22:00:00+00:00";"39";"59";"32";"2021";"OUI";"NON";"200042190";"";"";"";"2021-10-06";"141974";""
"59349";"3131";"PLU";"COM";"2004-10-08 22:00:00+00:00";"2001-10-17 22:00:00+00:00";"33";"59";"32";"2021";"NON";"NON";"59349";"";"";"";"2021-10-06";"3733";""
"59350";"3332";"PLUi/PLUiS";"MET";"2019-12-11 23:00:00+00:00";"2015-02-12 23:00:00+00:00";"33";"59";"32";"2021";"OUI";"NON";"59350";"";"";"";"2021-10-06";"127340";""
"59351";"3299";"PLUi/PLUiS";"CA";"2019-12-11 23:00:00+00:00";"2015-12-16 23:00:00+00:00";"39";"59";"32";"2021";"NON";"OUI";"200043396";"";"";"";"2021-10-06";"144065";""
"59352";"3332";"PLUi/PLUiS";"MET";"2019-12-11 23:00:00+00:00";"2015-02-12 23:00:00+00:00";"33";"59";"32";"2021";"OUI";"NON";"59352";"";"";"";"2021-10-06";"127340";""
"59353";"3299";"PLUi/PLUiS";"CC";"2020-01-28 23:00:00+00:00";"2015-12-14 23:00:00+00:00";"39";"59";"32";"2021";"NON";"OUI";"200043321";"";"";"";"2021-10-06";"143999";""
"59354";"3199";"PLU";"COM";"2017-06-14 22:00:00+00:00";"2013-04-24 22:00:00+00:00";"39";"59";"32";"2021";"NON";"NON";"59354";"";"";"";"2021-10-06";"121757";""
"59356";"3332";"PLUi/PLUiS";"MET";"2019-12-11 23:00:00+00:00";"2015-02-12 23:00:00+00:00";"33";"59";"32";"2021";"OUI";"NON";"59356";"";"";"";"2021-10-06";"127340";""
"59357";"3299";"PLUi/PLUiS";"CC";"2020-01-28 23:00:00+00:00";"2015-12-14 23:00:00+00:00";"39";"59";"32";"2021";"NON";"OUI";"200043321";"";"";"";"2021-10-06";"143999";""
"59358";"3432";"PLU";"CC";"2006-01-30 23:00:00+00:00";"1998-09-02 22:00:00+00:00";"33";"59";"32";"2021";"NON";"NON";"200040954";"";"";"";"2021-10-06";"16821";""
"59359";"3332";"PLUi/PLUiS";"CU";"2012-02-08 23:00:00+00:00";"2003-12-10 23:00:00+00:00";"33";"59";"32";"2021";"OUI";"NON";"59359";"";"";"";"2021-10-06";"95037";""
"59360";"3332";"PLUi/PLUiS";"MET";"2019-12-11 23:00:00+00:00";"2015-02-12 23:00:00+00:00";"33";"59";"32";"2021";"OUI";"NON";"59360";"";"";"";"2021-10-06";"127340";""
"59361";"3399";"PLUi/PLUiS";"CA";"2021-01-17 23:00:00+00:00";"2015-10-18 22:00:00+00:00";"39";"59";"32";"2021";"OUI";"NON";"200042190";"";"";"";"2021-10-06";"141974";""
"59363";"3299";"PLUi/PLUiS";"CC";"2020-01-28 23:00:00+00:00";"2015-12-14 23:00:00+00:00";"39";"59";"32";"2021";"NON";"OUI";"200043321";"";"";"";"2021-10-06";"143999";""
"59364";"3499";"PLU";"CC";"2018-06-04 22:00:00+00:00";"2014-05-29 22:00:00+00:00";"39";"59";"32";"2021";"NON";"NON";"200041960";"";"";"";"2021-10-06";"131745";""
"59365";"3299";"PLUi/PLUiS";"CA";"2019-12-11 23:00:00+00:00";"2015-12-16 23:00:00+00:00";"39";"59";"32";"2021";"NON";"OUI";"200043396";"";"";"";"2021-10-06";"144065";""
"59366";"3299";"PLUi/PLUiS";"CC";"2020-01-26 23:00:00+00:00";"2015-12-15 23:00:00+00:00";"39";"59";"32";"2021";"NON";"OUI";"200040947";"";"";"";"2021-10-06";"135353";""
"59367";"3332";"PLUi/PLUiS";"MET";"2019-12-11 23:00:00+00:00";"2015-02-12 23:00:00+00:00";"33";"59";"32";"2021";"OUI";"NON";"59367";"";"";"";"2021-10-06";"127340";""
"59368";"3332";"PLUi/PLUiS";"MET";"2019-12-11 23:00:00+00:00";"2015-02-12 23:00:00+00:00";"33";"59";"32";"2021";"OUI";"NON";"59368";"";"";"";"2021-10-06";"127340";""
"59369";"3299";"PLUi/PLUiS";"CA";"2021-03-10 23:00:00+00:00";"2015-10-14 22:00:00+00:00";"39";"59";"32";"2021";"NON";"OUI";"245901160";"";"";"";"2021-10-06";"141922";""
"59370";"3299";"PLUi/PLUiS";"CA";"2019-12-11 23:00:00+00:00";"2015-12-16 23:00:00+00:00";"39";"59";"32";"2021";"NON";"OUI";"200043396";"";"";"";"2021-10-06";"144065";""
"59371";"3432";"PLU";"MET";"2019-12-11 23:00:00+00:00";"2016-11-16 23:00:00+00:00";"33";"59";"32";"2021";"NON";"NON";"245900410";"";"";"";"2021-10-06";"173218";""
"59372";"1199";"CC";"COM";"2014-12-28 23:00:00+00:00";"2011-09-19 22:00:00+00:00";"19";"59";"32";"2021";"NON";"NON";"59372";"";"";"";"2021-10-06";"93697";""
"59374";"3432";"PLU";"CC";"2015-04-08 22:00:00+00:00";"2009-03-30 22:00:00+00:00";"33";"59";"32";"2021";"NON";"NON";"200043263";"";"";"";"2021-10-06";"50450";""
"59377";"3199";"PLU";"COM";"2007-03-21 23:00:00+00:00";"2003-06-11 22:00:00+00:00";"39";"59";"32";"2021";"NON";"NON";"59377";"";"";"";"2021-10-06";"53959";""
"59378";"3332";"PLUi/PLUiS";"MET";"2019-12-11 23:00:00+00:00";"2015-02-12 23:00:00+00:00";"33";"59";"32";"2021";"OUI";"NON";"59378";"";"";"";"2021-10-06";"127340";""
"59379";"3131";"PLU";"COM";"2008-01-10 23:00:00+00:00";"2008-01-10 23:00:00+00:00";"33";"59";"32";"2021";"NON";"NON";"59379";"";"";"";"2021-10-06";"59200";""
"59381";"3299";"PLUi/PLUiS";"CC";"2020-01-28 23:00:00+00:00";"2015-12-14 23:00:00+00:00";"39";"59";"32";"2021";"NON";"OUI";"200043321";"";"";"";"2021-10-06";"143999";""
"59383";"3299";"PLUi/PLUiS";"CA";"2021-03-10 23:00:00+00:00";"2015-10-14 22:00:00+00:00";"39";"59";"32";"2021";"NON";"OUI";"245901160";"";"";"";"2021-10-06";"141922";""
"59384";"3299";"PLUi/PLUiS";"CC";"2020-01-28 23:00:00+00:00";"2015-12-14 23:00:00+00:00";"39";"59";"32";"2021";"NON";"OUI";"200043321";"";"";"";"2021-10-06";"143999";""
"59385";"3299";"PLUi/PLUiS";"CA";"2019-12-11 23:00:00+00:00";"2015-12-16 23:00:00+00:00";"39";"59";"32";"2021";"NON";"OUI";"200043396";"";"";"";"2021-10-06";"144065";""
"59386";"3332";"PLUi/PLUiS";"MET";"2019-12-11 23:00:00+00:00";"2015-02-12 23:00:00+00:00";"33";"59";"32";"2021";"OUI";"NON";"59386";"";"";"";"2021-10-06";"127340";""
"59387";"3399";"PLUi/PLUiS";"CA";"2021-01-17 23:00:00+00:00";"2015-10-18 22:00:00+00:00";"39";"59";"32";"2021";"OUI";"NON";"200042190";"";"";"";"2021-10-06";"141974";""
"59388";"3332";"PLUi/PLUiS";"MET";"2019-12-11 23:00:00+00:00";"2015-02-12 23:00:00+00:00";"33";"59";"32";"2021";"OUI";"NON";"59388";"";"";"";"2021-10-06";"127340";""
"59389";"3131";"PLU";"COM";"2003-12-03 23:00:00+00:00";"2001-08-30 22:00:00+00:00";"33";"59";"32";"2021";"NON";"NON";"59389";"";"";"";"2021-10-06";"5733";""
"59390";"3131";"PLU";"COM";"2003-09-25 22:00:00+00:00";"1997-06-12 22:00:00+00:00";"33";"59";"32";"2021";"NON";"NON";"59390";"";"";"";"2021-10-06";"3831";""
"59391";"3399";"PLUi/PLUiS";"CA";"2021-01-17 23:00:00+00:00";"2015-10-18 22:00:00+00:00";"39";"59";"32";"2021";"OUI";"NON";"200042190";"";"";"";"2021-10-06";"141974";""
"59392";"3299";"PLUi/PLUiS";"CA";"2019-12-11 23:00:00+00:00";"2015-12-16 23:00:00+00:00";"39";"59";"32";"2021";"NON";"OUI";"200043396";"";"";"";"2021-10-06";"144065";""
"59393";"3399";"PLUi/PLUiS";"CA";"2021-01-17 23:00:00+00:00";"2015-10-18 22:00:00+00:00";"39";"59";"32";"2021";"OUI";"NON";"200042190";"";"";"";"2021-10-06";"141974";""
"59396";"3299";"PLUi/PLUiS";"CC";"2020-01-28 23:00:00+00:00";"2015-12-14 23:00:00+00:00";"39";"59";"32";"2021";"NON";"OUI";"200043321";"";"";"";"2021-10-06";"143999";""
"59398";"3499";"PLU";"CC";"2017-02-08 23:00:00+00:00";"2011-06-16 22:00:00+00:00";"39";"59";"32";"2021";"NON";"NON";"200041960";"";"";"";"2021-10-06";"3741";""
"59399";"3299";"PLUi/PLUiS";"CC";"2020-01-26 23:00:00+00:00";"2015-12-15 23:00:00+00:00";"39";"59";"32";"2021";"NON";"OUI";"200040947";"";"";"";"2021-10-06";"135353";""
"59400";"3199";"PLU";"COM";"2017-07-25 22:00:00+00:00";"2009-09-29 22:00:00+00:00";"39";"59";"32";"2021";"NON";"NON";"59400";"";"";"";"2021-10-06";"64578";""
"59401";"3299";"PLUi/PLUiS";"CC";"2020-01-26 23:00:00+00:00";"2015-12-15 23:00:00+00:00";"39";"59";"32";"2021";"NON";"OUI";"200040947";"";"";"";"2021-10-06";"135353";""
"59403";"3399";"PLUi/PLUiS";"CA";"2021-01-17 23:00:00+00:00";"2015-10-18 22:00:00+00:00";"39";"59";"32";"2021";"OUI";"NON";"200042190";"";"";"";"2021-10-06";"141974";""
"59405";"1131";"CC";"COM";"2011-11-08 23:00:00+00:00";"2005-10-20 22:00:00+00:00";"13";"59";"32";"2021";"NON";"NON";"59405";"";"";"";"2021-10-06";"66308";""
"59406";"3299";"PLUi/PLUiS";"CA";"2019-12-11 23:00:00+00:00";"2015-12-16 23:00:00+00:00";"39";"59";"32";"2021";"NON";"OUI";"200043396";"";"";"";"2021-10-06";"144065";""
"59407";"3299";"PLUi/PLUiS";"CA";"2021-03-10 23:00:00+00:00";"2015-10-14 22:00:00+00:00";"39";"59";"32";"2021";"NON";"OUI";"245901160";"";"";"";"2021-10-06";"141922";""
"59408";"3134";"PLU";"COM";"2008-02-21 23:00:00+00:00";"2006-01-04 23:00:00+00:00";"33";"59";"32";"2021";"NON";"NON";"200041960";"";"";"";"2021-10-06";"53962";""
"59409";"3199";"PLU";"COM";"2019-01-20 23:00:00+00:00";"2016-06-16 22:00:00+00:00";"39";"59";"32";"2021";"NON";"NON";"59409";"";"";"";"2021-10-06";"149908";""
"59410";"3332";"PLUi/PLUiS";"MET";"2019-12-11 23:00:00+00:00";"2015-02-12 23:00:00+00:00";"33";"59";"32";"2021";"OUI";"NON";"59410";"";"";"";"2021-10-06";"127340";""
"59411";"3134";"PLU";"COM";"2013-02-06 23:00:00+00:00";"2009-05-28 22:00:00+00:00";"33";"59";"32";"2021";"NON";"NON";"200041960";"";"";"";"2021-10-06";"62869";""
"59413";"3199";"PLU";"COM";"2019-02-21 23:00:00+00:00";"2015-03-23 23:00:00+00:00";"39";"59";"32";"2021";"NON";"NON";"59413";"";"";"";"2021-10-06";"138349";""
"59414";"3199";"PLU";"COM";"2016-10-12 22:00:00+00:00";"2012-11-07 23:00:00+00:00";"39";"59";"32";"2021";"NON";"NON";"59414";"";"";"";"2021-10-06";"117500";""
"59415";"3299";"PLUi/PLUiS";"CC";"2017-09-26 22:00:00+00:00";"2012-06-12 22:00:00+00:00";"39";"59";"32";"2021";"NON";"OUI";"59415";"";"";"";"2021-10-06";"110795";""
"59416";"3299";"PLUi/PLUiS";"CC";"2020-01-26 23:00:00+00:00";"2015-12-15 23:00:00+00:00";"39";"59";"32";"2021";"NON";"OUI";"200040947";"";"";"";"2021-10-06";"135353";""
"59418";"3399";"PLUi/PLUiS";"CA";"2021-01-17 23:00:00+00:00";"2015-10-18 22:00:00+00:00";"39";"59";"32";"2021";"OUI";"NON";"200042190";"";"";"";"2021-10-06";"141974";""
"59419";"3499";"PLU";"CC";"2018-01-14 23:00:00+00:00";"2014-09-10 22:00:00+00:00";"39";"59";"32";"2021";"NON";"NON";"200041960";"";"";"";"2021-10-06";"132039";""
"59421";"3332";"PLUi/PLUiS";"MET";"2019-12-11 23:00:00+00:00";"2015-02-12 23:00:00+00:00";"33";"59";"32";"2021";"OUI";"NON";"59421";"";"";"";"2021-10-06";"127340";""
"59422";"3199";"PLU";"COM";"2021-01-04 23:00:00+00:00";"2009-03-23 23:00:00+00:00";"39";"59";"32";"2021";"NON";"NON";"59422";"";"";"";"2021-10-06";"63733";""
"59423";"3299";"PLUi/PLUiS";"CC";"2020-01-26 23:00:00+00:00";"2015-12-15 23:00:00+00:00";"39";"59";"32";"2021";"NON";"OUI";"200040947";"";"";"";"2021-10-06";"135353";""
"59424";"3299";"PLUi/PLUiS";"CA";"2019-12-11 23:00:00+00:00";"2015-12-16 23:00:00+00:00";"39";"59";"32";"2021";"NON";"OUI";"200043396";"";"";"";"2021-10-06";"144065";""
"59425";"3299";"PLUi/PLUiS";"CC";"2020-01-28 23:00:00+00:00";"2015-12-14 23:00:00+00:00";"39";"59";"32";"2021";"NON";"OUI";"200043321";"";"";"";"2021-10-06";"143999";""
"59426";"3332";"PLUi/PLUiS";"MET";"2019-12-11 23:00:00+00:00";"2015-02-12 23:00:00+00:00";"33";"59";"32";"2021";"OUI";"NON";"59426";"";"";"";"2021-10-06";"127340";""
"59427";"3499";"PLU";"CC";"2015-01-11 23:00:00+00:00";"2011-04-12 22:00:00+00:00";"39";"59";"32";"2021";"NON";"NON";"200041960";"";"";"";"2021-10-06";"95012";""
"59428";"3199";"PLU";"COM";"2020-02-17 23:00:00+00:00";"2015-04-06 22:00:00+00:00";"39";"59";"32";"2021";"NON";"NON";"59428";"";"";"";"2021-10-06";"138389";""
"59429";"3399";"PLUi/PLUiS";"CA";"2021-01-17 23:00:00+00:00";"2015-10-18 22:00:00+00:00";"39";"59";"32";"2021";"OUI";"NON";"200042190";"";"";"";"2021-10-06";"141974";""
"59430";"3199";"PLU";"COM";"2016-03-23 23:00:00+00:00";"2009-10-19 22:00:00+00:00";"39";"59";"32";"2021";"NON";"NON";"59430";"";"";"";"2021-10-06";"64580";""
"59431";"3299";"PLUi/PLUiS";"CC";"2020-01-26 23:00:00+00:00";"2015-12-15 23:00:00+00:00";"39";"59";"32";"2021";"NON";"OUI";"200040947";"";"";"";"2021-10-06";"135353";""
"59432";"3199";"PLU";"COM";"2014-02-19 23:00:00+00:00";"1999-02-22 23:00:00+00:00";"39";"59";"32";"2021";"NON";"NON";"59432";"";"";"";"2021-10-06";"16833";""
"59434";"3399";"PLUi/PLUiS";"CA";"2021-01-17 23:00:00+00:00";"2015-10-18 22:00:00+00:00";"39";"59";"32";"2021";"OUI";"NON";"200042190";"";"";"";"2021-10-06";"141974";""
"59435";"3499";"PLU";"CC";"2012-05-09 22:00:00+00:00";"2009-01-25 23:00:00+00:00";"39";"59";"32";"2021";"NON";"NON";"200041960";"";"";"";"2021-10-06";"64581";""
"59436";"3299";"PLUi/PLUiS";"CC";"2020-01-26 23:00:00+00:00";"2015-12-15 23:00:00+00:00";"39";"59";"32";"2021";"NON";"OUI";"200040947";"";"";"";"2021-10-06";"135353";""
"59437";"3332";"PLUi/PLUiS";"MET";"2019-12-11 23:00:00+00:00";"2015-02-12 23:00:00+00:00";"33";"59";"32";"2021";"OUI";"NON";"59437";"";"";"";"2021-10-06";"127340";""
"59438";"3199";"PLU";"COM";"2014-02-26 23:00:00+00:00";"2011-05-04 22:00:00+00:00";"39";"59";"32";"2021";"NON";"NON";"59438";"";"";"";"2021-10-06";"93801";""
"59439";"3299";"PLUi/PLUiS";"CA";"2019-12-11 23:00:00+00:00";"2015-12-16 23:00:00+00:00";"39";"59";"32";"2021";"NON";"OUI";"200043396";"";"";"";"2021-10-06";"144065";""
"59440";"3399";"PLUi/PLUiS";"CA";"2021-01-17 23:00:00+00:00";"2015-10-18 22:00:00+00:00";"39";"59";"32";"2021";"OUI";"NON";"200042190";"";"";"";"2021-10-06";"141974";""
"59441";"3299";"PLUi/PLUiS";"CC";"2020-01-28 23:00:00+00:00";"2015-12-14 23:00:00+00:00";"39";"59";"32";"2021";"NON";"OUI";"200043321";"";"";"";"2021-10-06";"143999";""
"59442";"3299";"PLUi/PLUiS";"CA";"2019-12-11 23:00:00+00:00";"2015-12-16 23:00:00+00:00";"39";"59";"32";"2021";"NON";"OUI";"200043396";"";"";"";"2021-10-06";"144065";""
"59443";"3299";"PLUi/PLUiS";"CC";"2020-01-26 23:00:00+00:00";"2015-12-15 23:00:00+00:00";"39";"59";"32";"2021";"NON";"OUI";"200040947";"";"";"";"2021-10-06";"135353";""
"59444";"3299";"PLUi/PLUiS";"CA";"2021-03-10 23:00:00+00:00";"2015-10-14 22:00:00+00:00";"39";"59";"32";"2021";"NON";"OUI";"245901160";"";"";"";"2021-10-06";"141922";""
"59445";"3432";"PLU";"CC";"2014-02-27 23:00:00+00:00";"2008-10-08 22:00:00+00:00";"33";"59";"32";"2021";"NON";"NON";"200043404";"";"";"";"2021-10-06";"62938";""
"59446";"3399";"PLUi/PLUiS";"CA";"2021-01-17 23:00:00+00:00";"2015-10-18 22:00:00+00:00";"39";"59";"32";"2021";"OUI";"NON";"200042190";"";"";"";"2021-10-06";"141974";""
"59447";"3299";"PLUi/PLUiS";"CA";"2021-03-10 23:00:00+00:00";"2015-10-14 22:00:00+00:00";"39";"59";"32";"2021";"NON";"OUI";"245901160";"";"";"";"2021-10-06";"141922";""
"59449";"3499";"PLU";"CC";"2011-12-14 23:00:00+00:00";"2007-06-26 22:00:00+00:00";"39";"59";"32";"2021";"NON";"NON";"200041960";"";"";"";"2021-10-06";"62868";""
"59450";"3131";"PLU";"COM";"2006-07-30 22:00:00+00:00";"2001-11-08 23:00:00+00:00";"33";"59";"32";"2021";"NON";"NON";"59450";"";"";"";"2021-10-06";"16838";""
"59451";"3299";"PLUi/PLUiS";"CC";"2020-01-28 23:00:00+00:00";"2015-12-14 23:00:00+00:00";"39";"59";"32";"2021";"NON";"OUI";"200043321";"";"";"";"2021-10-06";"143999";""
"59452";"3499";"PLU";"CC";"2020-01-28 23:00:00+00:00";"2016-06-23 22:00:00+00:00";"39";"59";"32";"2021";"NON";"NON";"200041960";"";"";"";"2021-10-06";"170949";""
"59453";"3299";"PLUi/PLUiS";"CC";"2020-01-26 23:00:00+00:00";"2015-12-15 23:00:00+00:00";"39";"59";"32";"2021";"NON";"OUI";"200040947";"";"";"";"2021-10-06";"135353";""
"59454";"3299";"PLUi/PLUiS";"CC";"2020-01-26 23:00:00+00:00";"2015-12-15 23:00:00+00:00";"39";"59";"32";"2021";"NON";"OUI";"200040947";"";"";"";"2021-10-06";"135353";""
"59455";"1111";"CC";"COM";"2007-11-28 23:00:00+00:00";"2001-12-31 23:00:00+00:00";"11";"59";"32";"2021";"NON";"NON";"59455";"";"";"";"2021-10-06";"68448";""
"59456";"3131";"PLU";"COM";"2012-09-26 22:00:00+00:00";"2009-11-04 23:00:00+00:00";"33";"59";"32";"2021";"NON";"NON";"59456";"";"";"";"2021-10-06";"62939";""
"59457";"3332";"PLUi/PLUiS";"MET";"2019-12-11 23:00:00+00:00";"2015-02-12 23:00:00+00:00";"33";"59";"32";"2021";"OUI";"NON";"59457";"";"";"";"2021-10-06";"127340";""
"59458";"3332";"PLUi/PLUiS";"MET";"2019-12-11 23:00:00+00:00";"2015-02-12 23:00:00+00:00";"33";"59";"32";"2021";"OUI";"NON";"59458";"";"";"";"2021-10-06";"127340";""
"59459";"3299";"PLUi/PLUiS";"CA";"2021-03-10 23:00:00+00:00";"2015-10-14 22:00:00+00:00";"39";"59";"32";"2021";"NON";"OUI";"245901160";"";"";"";"2021-10-06";"141922";""
"59461";"1432";"CC";"CC";"2014-09-22 22:00:00+00:00";"2010-12-01 23:00:00+00:00";"13";"59";"32";"2021";"NON";"NON";"200043263";"";"";"";"2021-10-06";"127389";""
"59462";"3499";"PLU";"CC";"2021-04-29 22:00:00+00:00";"2015-12-09 23:00:00+00:00";"39";"59";"32";"2021";"NON";"NON";"200041960";"";"";"";"2021-10-06";"170950";""
"59463";"3432";"PLU";"CC";"2005-07-07 22:00:00+00:00";"1998-07-01 22:00:00+00:00";"33";"59";"32";"2021";"NON";"NON";"200040954";"";"";"";"2021-10-06";"17142";""
"59464";"3299";"PLUi/PLUiS";"CC";"2020-01-28 23:00:00+00:00";"2015-12-14 23:00:00+00:00";"39";"59";"32";"2021";"NON";"OUI";"200043321";"";"";"";"2021-10-06";"143999";""
"59465";"3199";"PLU";"COM";"2003-10-21 22:00:00+00:00";"2001-10-04 22:00:00+00:00";"39";"59";"32";"2021";"NON";"NON";"59465";"";"";"";"2021-10-06";"3847";""
"59466";"3134";"PLU";"COM";"2005-07-03 22:00:00+00:00";"2002-11-28 23:00:00+00:00";"33";"59";"32";"2021";"NON";"NON";"200041960";"";"";"";"2021-10-06";"5803";""
"59467";"3299";"PLUi/PLUiS";"CA";"2019-12-11 23:00:00+00:00";"2015-12-16 23:00:00+00:00";"39";"59";"32";"2021";"NON";"OUI";"200043396";"";"";"";"2021-10-06";"144065";""
"59468";"3299";"PLUi/PLUiS";"CC";"2020-01-28 23:00:00+00:00";"2015-12-14 23:00:00+00:00";"39";"59";"32";"2021";"NON";"OUI";"200043321";"";"";"";"2021-10-06";"143999";""
"59469";"3299";"PLUi/PLUiS";"CC";"2020-01-26 23:00:00+00:00";"2015-12-15 23:00:00+00:00";"39";"59";"32";"2021";"NON";"OUI";"200040947";"";"";"";"2021-10-06";"135353";""
"59470";"3332";"PLUi/PLUiS";"MET";"2019-12-11 23:00:00+00:00";"2015-02-12 23:00:00+00:00";"33";"59";"32";"2021";"OUI";"NON";"59470";"";"";"";"2021-10-06";"127340";""
"59471";"3299";"PLUi/PLUiS";"CA";"2021-03-10 23:00:00+00:00";"2015-10-14 22:00:00+00:00";"39";"59";"32";"2021";"NON";"OUI";"245901160";"";"";"";"2021-10-06";"141922";""
"59472";"3299";"PLUi/PLUiS";"CC";"2020-01-28 23:00:00+00:00";"2015-12-14 23:00:00+00:00";"39";"59";"32";"2021";"NON";"OUI";"200043321";"";"";"";"2021-10-06";"143999";""
"59473";"3299";"PLUi/PLUiS";"CC";"2020-01-28 23:00:00+00:00";"2015-12-14 23:00:00+00:00";"39";"59";"32";"2021";"NON";"OUI";"200043321";"";"";"";"2021-10-06";"143999";""
"59475";"3299";"PLUi/PLUiS";"CA";"2021-03-10 23:00:00+00:00";"2015-10-14 22:00:00+00:00";"39";"59";"32";"2021";"NON";"OUI";"245901160";"";"";"";"2021-10-06";"141922";""
"59476";"3131";"PLU";"COM";"2008-12-16 23:00:00+00:00";"2006-05-18 22:00:00+00:00";"33";"59";"32";"2021";"NON";"NON";"59476";"";"";"";"2021-10-06";"53964";""
"59477";"3432";"PLU";"MET";"2005-11-29 23:00:00+00:00";"2002-12-03 23:00:00+00:00";"33";"59";"32";"2021";"NON";"NON";"245900410";"";"";"";"2021-10-06";"5819";""
"59478";"3432";"PLU";"CC";"2011-12-11 23:00:00+00:00";"1999-10-20 22:00:00+00:00";"33";"59";"32";"2021";"NON";"NON";"200040954";"";"";"";"2021-10-06";"96417";""
"59479";"3299";"PLUi/PLUiS";"CA";"2021-03-10 23:00:00+00:00";"2015-10-14 22:00:00+00:00";"39";"59";"32";"2021";"NON";"OUI";"245901160";"";"";"";"2021-10-06";"141922";""
"59480";"3299";"PLUi/PLUiS";"CA";"2021-03-10 23:00:00+00:00";"2015-10-14 22:00:00+00:00";"39";"59";"32";"2021";"NON";"OUI";"245901160";"";"";"";"2021-10-06";"141922";""
"59481";"3299";"PLUi/PLUiS";"CC";"2020-01-28 23:00:00+00:00";"2015-12-14 23:00:00+00:00";"39";"59";"32";"2021";"NON";"OUI";"200043321";"";"";"";"2021-10-06";"143999";""
"59482";"3332";"PLUi/PLUiS";"MET";"2019-12-11 23:00:00+00:00";"2015-02-12 23:00:00+00:00";"33";"59";"32";"2021";"OUI";"NON";"59482";"";"";"";"2021-10-06";"127340";""
"59483";"3299";"PLUi/PLUiS";"CA";"2019-12-11 23:00:00+00:00";"2015-12-16 23:00:00+00:00";"39";"59";"32";"2021";"NON";"OUI";"200043396";"";"";"";"2021-10-06";"144065";""
"59484";"3299";"PLUi/PLUiS";"CA";"2021-03-10 23:00:00+00:00";"2015-10-14 22:00:00+00:00";"39";"59";"32";"2021";"NON";"OUI";"245901160";"";"";"";"2021-10-06";"141922";""
"59485";"3199";"PLU";"COM";"2005-04-08 22:00:00+00:00";"2002-04-29 22:00:00+00:00";"39";"59";"32";"2021";"NON";"NON";"59485";"";"";"";"2021-10-06";"17139";""
"59486";"3131";"PLU";"COM";"2011-11-24 23:00:00+00:00";"2006-05-11 22:00:00+00:00";"33";"59";"32";"2021";"NON";"NON";"59486";"";"";"";"2021-10-06";"62871";""
"59487";"3432";"PLU";"MET";"2019-12-11 23:00:00+00:00";"2016-11-28 23:00:00+00:00";"33";"59";"32";"2021";"NON";"NON";"245900410";"";"";"";"2021-10-06";"173217";""
"59488";"3199";"PLU";"COM";"2012-07-08 22:00:00+00:00";"2007-02-13 23:00:00+00:00";"39";"59";"32";"2021";"NON";"NON";"59488";"";"";"";"2021-10-06";"62872";""
"59489";"3199";"PLU";"COM";"2014-12-28 23:00:00+00:00";"2008-06-19 22:00:00+00:00";"39";"59";"32";"2021";"NON";"NON";"59489";"";"";"";"2021-10-06";"62873";""
"59490";"1432";"CC";"CC";"2012-11-26 23:00:00+00:00";"2008-12-11 23:00:00+00:00";"13";"59";"32";"2021";"NON";"NON";"200043263";"";"";"";"2021-10-06";"67115";""
"59491";"3399";"PLUi/PLUiS";"CA";"2021-01-17 23:00:00+00:00";"2015-10-18 22:00:00+00:00";"39";"59";"32";"2021";"OUI";"NON";"200042190";"";"";"";"2021-10-06";"141974";""
"59493";"1432";"CC";"CC";"2007-01-07 23:00:00+00:00";"2005-05-14 22:00:00+00:00";"13";"59";"32";"2021";"NON";"NON";"200043263";"";"";"";"2021-10-06";"68449";""
"59494";"3299";"PLUi/PLUiS";"CC";"2020-01-28 23:00:00+00:00";"2015-12-14 23:00:00+00:00";"39";"59";"32";"2021";"NON";"OUI";"200043321";"";"";"";"2021-10-06";"143999";""
"59495";"3299";"PLUi/PLUiS";"CA";"2019-12-11 23:00:00+00:00";"2015-12-16 23:00:00+00:00";"39";"59";"32";"2021";"NON";"OUI";"200043396";"";"";"";"2021-10-06";"144065";""
"59497";"3299";"PLUi/PLUiS";"CC";"2020-01-26 23:00:00+00:00";"2015-12-15 23:00:00+00:00";"39";"59";"32";"2021";"NON";"OUI";"200040947";"";"";"";"2021-10-06";"135353";""
"59498";"1199";"CC";"COM";"2017-01-24 23:00:00+00:00";"2011-10-24 22:00:00+00:00";"19";"59";"32";"2021";"NON";"NON";"59498";"";"";"";"2021-10-06";"113918";""
"59501";"3199";"PLU";"COM";"2019-07-09 22:00:00+00:00";"2014-12-11 23:00:00+00:00";"39";"59";"32";"2021";"NON";"NON";"59501";"";"";"";"2021-10-06";"88183";""
"59502";"3131";"PLU";"COM";"2006-10-26 22:00:00+00:00";"2003-03-24 23:00:00+00:00";"33";"59";"32";"2021";"NON";"NON";"59502";"";"";"";"2021-10-06";"17136";""
"59503";"3299";"PLUi/PLUiS";"CC";"2020-01-28 23:00:00+00:00";"2015-12-14 23:00:00+00:00";"39";"59";"32";"2021";"NON";"OUI";"200043321";"";"";"";"2021-10-06";"143999";""
"59504";"3399";"PLUi/PLUiS";"CA";"2021-01-17 23:00:00+00:00";"2015-10-18 22:00:00+00:00";"39";"59";"32";"2021";"OUI";"NON";"200042190";"";"";"";"2021-10-06";"141974";""
"59505";"3299";"PLUi/PLUiS";"CA";"2021-03-10 23:00:00+00:00";"2015-10-14 22:00:00+00:00";"39";"59";"32";"2021";"NON";"OUI";"245901160";"";"";"";"2021-10-06";"141922";""
"59506";"3299";"PLUi/PLUiS";"CC";"2017-09-26 22:00:00+00:00";"2012-06-12 22:00:00+00:00";"39";"59";"32";"2021";"NON";"OUI";"59506";"";"";"";"2021-10-06";"110795";""
"59507";"3332";"PLUi/PLUiS";"MET";"2019-12-11 23:00:00+00:00";"2015-02-12 23:00:00+00:00";"33";"59";"32";"2021";"OUI";"NON";"59507";"";"";"";"2021-10-06";"127340";""
"59508";"3332";"PLUi/PLUiS";"MET";"2019-12-11 23:00:00+00:00";"2015-02-12 23:00:00+00:00";"33";"59";"32";"2021";"OUI";"NON";"59508";"";"";"";"2021-10-06";"127340";""
"59509";"3131";"PLU";"COM";"2012-10-14 22:00:00+00:00";"2008-09-28 22:00:00+00:00";"33";"59";"32";"2021";"NON";"NON";"59509";"";"";"";"2021-10-06";"62875";""
"59511";"3399";"PLUi/PLUiS";"CA";"2021-01-17 23:00:00+00:00";"2015-10-18 22:00:00+00:00";"39";"59";"32";"2021";"OUI";"NON";"200042190";"";"";"";"2021-10-06";"141974";""
"59512";"3332";"PLUi/PLUiS";"MET";"2019-12-11 23:00:00+00:00";"2015-02-12 23:00:00+00:00";"33";"59";"32";"2021";"OUI";"NON";"59512";"";"";"";"2021-10-06";"127340";""
"59513";"3199";"PLU";"COM";"2013-06-20 22:00:00+00:00";"2009-11-22 23:00:00+00:00";"39";"59";"32";"2021";"NON";"NON";"59513";"";"";"";"2021-10-06";"64105";""
"59514";"3299";"PLUi/PLUiS";"CA";"2019-12-11 23:00:00+00:00";"2015-12-16 23:00:00+00:00";"39";"59";"32";"2021";"NON";"OUI";"200043396";"";"";"";"2021-10-06";"144065";""
"59515";"3299";"PLUi/PLUiS";"CA";"2021-03-10 23:00:00+00:00";"2015-10-14 22:00:00+00:00";"39";"59";"32";"2021";"NON";"OUI";"245901160";"";"";"";"2021-10-06";"141922";""
"59516";"3299";"PLUi/PLUiS";"CC";"2020-01-26 23:00:00+00:00";"2015-12-15 23:00:00+00:00";"39";"59";"32";"2021";"NON";"OUI";"200040947";"";"";"";"2021-10-06";"135353";""
"59517";"3199";"PLU";"COM";"2018-07-22 22:00:00+00:00";"2002-05-26 22:00:00+00:00";"39";"59";"32";"2021";"NON";"NON";"59517";"";"";"";"2021-10-06";"16819";""
"59518";"3299";"PLUi/PLUiS";"CC";"2020-01-28 23:00:00+00:00";"2015-12-14 23:00:00+00:00";"39";"59";"32";"2021";"NON";"OUI";"200043321";"";"";"";"2021-10-06";"143999";""
"59519";"3399";"PLUi/PLUiS";"CA";"2021-01-17 23:00:00+00:00";"2015-10-18 22:00:00+00:00";"39";"59";"32";"2021";"OUI";"NON";"200042190";"";"";"";"2021-10-06";"141974";""
"59520";"3199";"PLU";"COM";"2010-10-07 22:00:00+00:00";"2008-06-22 22:00:00+00:00";"39";"59";"32";"2021";"NON";"NON";"59520";"";"";"";"2021-10-06";"53972";""
"59522";"3332";"PLUi/PLUiS";"MET";"2019-12-11 23:00:00+00:00";"2015-02-12 23:00:00+00:00";"33";"59";"32";"2021";"OUI";"NON";"59522";"";"";"";"2021-10-06";"127340";""
"59523";"3332";"PLUi/PLUiS";"MET";"2019-12-11 23:00:00+00:00";"2015-02-12 23:00:00+00:00";"33";"59";"32";"2021";"OUI";"NON";"59523";"";"";"";"2021-10-06";"127340";""
"59524";"3332";"PLUi/PLUiS";"MET";"2019-12-11 23:00:00+00:00";"2015-02-12 23:00:00+00:00";"33";"59";"32";"2021";"OUI";"NON";"59524";"";"";"";"2021-10-06";"127340";""
"59525";"3432";"PLU";"CC";"2007-02-15 23:00:00+00:00";"2003-03-20 23:00:00+00:00";"33";"59";"32";"2021";"NON";"NON";"200043263";"";"";"";"2021-10-06";"17056";""
"59526";"3399";"PLUi/PLUiS";"CA";"2021-01-17 23:00:00+00:00";"2015-10-18 22:00:00+00:00";"39";"59";"32";"2021";"OUI";"NON";"200042190";"";"";"";"2021-10-06";"141974";""
"59527";"3332";"PLUi/PLUiS";"MET";"2019-12-11 23:00:00+00:00";"2015-02-12 23:00:00+00:00";"33";"59";"32";"2021";"OUI";"NON";"59527";"";"";"";"2021-10-06";"127340";""
"59528";"3131";"PLU";"COM";"2011-01-06 23:00:00+00:00";"2006-03-09 23:00:00+00:00";"33";"59";"32";"2021";"NON";"NON";"59528";"";"";"";"2021-10-06";"49774";""
"59529";"1432";"CC";"CC";"2013-05-29 22:00:00+00:00";"2009-12-07 23:00:00+00:00";"13";"59";"32";"2021";"NON";"NON";"200043263";"";"";"";"2021-10-06";"67117";""
"59530";"3299";"PLUi/PLUiS";"CA";"2021-03-10 23:00:00+00:00";"2015-10-14 22:00:00+00:00";"39";"59";"32";"2021";"NON";"OUI";"245901160";"";"";"";"2021-10-06";"141922";""
"59532";"3332";"PLUi/PLUiS";"CU";"2012-02-08 23:00:00+00:00";"2003-12-10 23:00:00+00:00";"33";"59";"32";"2021";"OUI";"NON";"59532";"";"";"";"2021-10-06";"95037";""
"59533";"1434";"CC";"SI";"2011-04-10 22:00:00+00:00";"2006-03-23 23:00:00+00:00";"13";"59";"32";"2021";"NON";"NON";"59533";"";"";"";"2021-10-06";"66311";""
"59535";"3299";"PLUi/PLUiS";"CC";"2020-01-26 23:00:00+00:00";"2015-12-15 23:00:00+00:00";"39";"59";"32";"2021";"NON";"OUI";"200040947";"";"";"";"2021-10-06";"135353";""
"59536";"3299";"PLUi/PLUiS";"CC";"2020-01-26 23:00:00+00:00";"2015-12-15 23:00:00+00:00";"39";"59";"32";"2021";"NON";"OUI";"200040947";"";"";"";"2021-10-06";"135353";""
"59537";"3299";"PLUi/PLUiS";"CC";"2017-09-26 22:00:00+00:00";"2012-06-12 22:00:00+00:00";"39";"59";"32";"2021";"NON";"OUI";"59537";"";"";"";"2021-10-06";"110795";""
"59539";"3432";"PLU";"CC";"2009-06-02 22:00:00+00:00";"2002-12-26 23:00:00+00:00";"33";"59";"32";"2021";"NON";"NON";"200040954";"";"";"";"2021-10-06";"17128";""
"59541";"3299";"PLUi/PLUiS";"CC";"2017-09-26 22:00:00+00:00";"2012-06-12 22:00:00+00:00";"39";"59";"32";"2021";"NON";"OUI";"59541";"";"";"";"2021-10-06";"110795";""
"59542";"3299";"PLUi/PLUiS";"CA";"2019-12-11 23:00:00+00:00";"2015-12-16 23:00:00+00:00";"39";"59";"32";"2021";"NON";"OUI";"200043396";"";"";"";"2021-10-06";"144065";""
"59543";"3299";"PLUi/PLUiS";"CA";"2019-12-11 23:00:00+00:00";"2015-12-16 23:00:00+00:00";"39";"59";"32";"2021";"NON";"OUI";"200043396";"";"";"";"2021-10-06";"144065";""
"59544";"3299";"PLUi/PLUiS";"CA";"2021-03-10 23:00:00+00:00";"2015-10-14 22:00:00+00:00";"39";"59";"32";"2021";"NON";"OUI";"245901160";"";"";"";"2021-10-06";"141922";""
"59545";"3131";"PLU";"COM";"2009-11-12 23:00:00+00:00";"2002-01-23 23:00:00+00:00";"33";"59";"32";"2021";"NON";"NON";"59545";"";"";"";"2021-10-06";"17126";""
"59546";"3299";"PLUi/PLUiS";"CC";"2020-01-26 23:00:00+00:00";"2015-12-15 23:00:00+00:00";"39";"59";"32";"2021";"NON";"OUI";"200040947";"";"";"";"2021-10-06";"135353";""
"59547";"1199";"CC";"COM";"2013-01-23 23:00:00+00:00";"2005-02-21 23:00:00+00:00";"19";"59";"32";"2021";"NON";"NON";"59547";"";"";"";"2021-10-06";"68451";""
"59548";"3299";"PLUi/PLUiS";"CC";"2020-01-28 23:00:00+00:00";"2015-12-14 23:00:00+00:00";"39";"59";"32";"2021";"NON";"OUI";"200043321";"";"";"";"2021-10-06";"143999";""
"59549";"3299";"PLUi/PLUiS";"CC";"2020-01-28 23:00:00+00:00";"2015-12-14 23:00:00+00:00";"39";"59";"32";"2021";"NON";"OUI";"200043321";"";"";"";"2021-10-06";"143999";""
"59550";"3332";"PLUi/PLUiS";"MET";"2019-12-11 23:00:00+00:00";"2015-02-12 23:00:00+00:00";"33";"59";"32";"2021";"OUI";"NON";"59550";"";"";"";"2021-10-06";"127340";""
"59551";"3134";"PLU";"COM";"2004-06-28 22:00:00+00:00";"1997-08-03 22:00:00+00:00";"33";"59";"32";"2021";"NON";"NON";"200041960";"";"";"";"2021-10-06";"3759";""
"59553";"3332";"PLUi/PLUiS";"MET";"2019-12-11 23:00:00+00:00";"2015-02-12 23:00:00+00:00";"33";"59";"32";"2021";"OUI";"NON";"59553";"";"";"";"2021-10-06";"127340";""
"59554";"3399";"PLUi/PLUiS";"CA";"2021-01-17 23:00:00+00:00";"2015-10-18 22:00:00+00:00";"39";"59";"32";"2021";"OUI";"NON";"200042190";"";"";"";"2021-10-06";"141974";""
"59555";"3432";"PLU";"CC";"2007-12-10 23:00:00+00:00";"2004-07-22 22:00:00+00:00";"33";"59";"32";"2021";"NON";"NON";"200043263";"";"";"";"2021-10-06";"53974";""
"59556";"3299";"PLUi/PLUiS";"CA";"2019-12-11 23:00:00+00:00";"2015-12-16 23:00:00+00:00";"39";"59";"32";"2021";"NON";"OUI";"200043396";"";"";"";"2021-10-06";"144065";""
"59557";"3299";"PLUi/PLUiS";"CA";"2021-03-10 23:00:00+00:00";"2015-10-14 22:00:00+00:00";"39";"59";"32";"2021";"NON";"OUI";"245901160";"";"";"";"2021-10-06";"141922";""
"59558";"3299";"PLUi/PLUiS";"CC";"2017-09-26 22:00:00+00:00";"2012-06-12 22:00:00+00:00";"39";"59";"32";"2021";"NON";"OUI";"59558";"";"";"";"2021-10-06";"110795";""
"59559";"3299";"PLUi/PLUiS";"CA";"2021-03-10 23:00:00+00:00";"2015-10-14 22:00:00+00:00";"39";"59";"32";"2021";"NON";"OUI";"245901160";"";"";"";"2021-10-06";"141922";""
"59560";"3332";"PLUi/PLUiS";"MET";"2019-12-11 23:00:00+00:00";"2015-02-12 23:00:00+00:00";"33";"59";"32";"2021";"OUI";"NON";"59560";"";"";"";"2021-10-06";"127340";""
"59564";"3399";"PLUi/PLUiS";"CA";"2021-01-17 23:00:00+00:00";"2015-10-18 22:00:00+00:00";"39";"59";"32";"2021";"OUI";"NON";"200042190";"";"";"";"2021-10-06";"141974";""
"59565";"3299";"PLUi/PLUiS";"CC";"2020-01-28 23:00:00+00:00";"2015-12-14 23:00:00+00:00";"39";"59";"32";"2021";"NON";"OUI";"200043321";"";"";"";"2021-10-06";"143999";""
"59566";"3332";"PLUi/PLUiS";"MET";"2019-12-11 23:00:00+00:00";"2015-02-12 23:00:00+00:00";"33";"59";"32";"2021";"OUI";"NON";"59566";"";"";"";"2021-10-06";"127340";""
"59567";"3199";"PLU";"COM";"2019-06-27 22:00:00+00:00";"2015-09-15 22:00:00+00:00";"39";"59";"32";"2021";"NON";"NON";"59567";"";"";"";"2021-10-06";"141366";""
"59568";"3299";"PLUi/PLUiS";"CC";"2020-01-26 23:00:00+00:00";"2015-12-15 23:00:00+00:00";"39";"59";"32";"2021";"NON";"OUI";"200040947";"";"";"";"2021-10-06";"135353";""
"59569";"3199";"PLU";"COM";"2018-03-25 22:00:00+00:00";"2015-03-23 23:00:00+00:00";"39";"59";"32";"2021";"NON";"NON";"59569";"";"";"";"2021-10-06";"62883";""
"59570";"3432";"PLU";"CC";"2017-11-27 23:00:00+00:00";"2009-03-15 23:00:00+00:00";"33";"59";"32";"2021";"NON";"NON";"200040954";"";"";"";"2021-10-06";"62884";""
"59571";"3299";"PLUi/PLUiS";"CC";"2017-09-26 22:00:00+00:00";"2012-06-12 22:00:00+00:00";"39";"59";"32";"2021";"NON";"OUI";"59571";"";"";"";"2021-10-06";"110795";""
"59572";"3432";"PLU";"CC";"2004-12-09 23:00:00+00:00";"2000-05-25 22:00:00+00:00";"33";"59";"32";"2021";"NON";"NON";"200043263";"";"";"";"2021-10-06";"1861";""
"59574";"3131";"PLU";"COM";"2015-04-08 22:00:00+00:00";"2009-03-30 22:00:00+00:00";"33";"59";"32";"2021";"NON";"NON";"59574";"";"";"";"2021-10-06";"62878";""
"59575";"3299";"PLUi/PLUiS";"CC";"2017-09-26 22:00:00+00:00";"2012-06-12 22:00:00+00:00";"39";"59";"32";"2021";"NON";"OUI";"59575";"";"";"";"2021-10-06";"110795";""
"59577";"3299";"PLUi/PLUiS";"CC";"2020-01-26 23:00:00+00:00";"2015-12-15 23:00:00+00:00";"39";"59";"32";"2021";"NON";"OUI";"200040947";"";"";"";"2021-10-06";"135353";""
"59578";"3299";"PLUi/PLUiS";"CC";"2020-01-26 23:00:00+00:00";"2015-12-15 23:00:00+00:00";"39";"59";"32";"2021";"NON";"OUI";"200040947";"";"";"";"2021-10-06";"135353";""
"59579";"3432";"PLU";"CC";"2011-03-31 22:00:00+00:00";"1999-03-10 23:00:00+00:00";"33";"59";"32";"2021";"NON";"NON";"200040954";"";"";"";"2021-10-06";"5882";""
"59580";"3299";"PLUi/PLUiS";"CC";"2020-01-26 23:00:00+00:00";"2015-12-15 23:00:00+00:00";"39";"59";"32";"2021";"NON";"OUI";"200040947";"";"";"";"2021-10-06";"135353";""
"59581";"3299";"PLUi/PLUiS";"CC";"2020-01-26 23:00:00+00:00";"2015-12-15 23:00:00+00:00";"39";"59";"32";"2021";"NON";"OUI";"200040947";"";"";"";"2021-10-06";"135353";""
"59582";"3299";"PLUi/PLUiS";"CC";"2020-01-26 23:00:00+00:00";"2015-12-15 23:00:00+00:00";"39";"59";"32";"2021";"NON";"OUI";"200040947";"";"";"";"2021-10-06";"135353";""
"59583";"1432";"CC";"CC";"2012-10-08 22:00:00+00:00";"2008-09-30 22:00:00+00:00";"13";"59";"32";"2021";"NON";"NON";"200043263";"";"";"";"2021-10-06";"66312";""
"59584";"3299";"PLUi/PLUiS";"CC";"2020-01-28 23:00:00+00:00";"2015-12-14 23:00:00+00:00";"39";"59";"32";"2021";"NON";"OUI";"200043321";"";"";"";"2021-10-06";"143999";""
"59585";"3332";"PLUi/PLUiS";"MET";"2019-12-11 23:00:00+00:00";"2015-02-12 23:00:00+00:00";"33";"59";"32";"2021";"OUI";"NON";"59585";"";"";"";"2021-10-06";"127340";""
"59586";"3499";"PLU";"CC";"2017-01-26 23:00:00+00:00";"2012-07-11 22:00:00+00:00";"39";"59";"32";"2021";"NON";"NON";"200041960";"";"";"";"2021-10-06";"112225";""
"59587";"3299";"PLUi/PLUiS";"CC";"2020-01-26 23:00:00+00:00";"2015-12-15 23:00:00+00:00";"39";"59";"32";"2021";"NON";"OUI";"200040947";"";"";"";"2021-10-06";"135353";""
"59588";"3332";"PLUi/PLUiS";"CU";"2012-02-08 23:00:00+00:00";"2003-12-10 23:00:00+00:00";"33";"59";"32";"2021";"OUI";"NON";"59588";"";"";"";"2021-10-06";"95037";""
"59589";"3399";"PLUi/PLUiS";"CA";"2021-01-17 23:00:00+00:00";"2015-10-18 22:00:00+00:00";"39";"59";"32";"2021";"OUI";"NON";"200042190";"";"";"";"2021-10-06";"141974";""
"59590";"3299";"PLUi/PLUiS";"CC";"2020-01-26 23:00:00+00:00";"2015-12-15 23:00:00+00:00";"39";"59";"32";"2021";"NON";"OUI";"200040947";"";"";"";"2021-10-06";"135353";""
"59591";"3299";"PLUi/PLUiS";"CA";"2021-03-10 23:00:00+00:00";"2015-10-14 22:00:00+00:00";"39";"59";"32";"2021";"NON";"OUI";"245901160";"";"";"";"2021-10-06";"141922";""
"59592";"3499";"PLU";"CC";"2015-09-15 22:00:00+00:00";"2010-04-07 22:00:00+00:00";"39";"59";"32";"2021";"NON";"NON";"200041960";"";"";"";"2021-10-06";"64584";""
"59593";"1131";"CC";"COM";"2004-09-09 22:00:00+00:00";"2001-06-08 22:00:00+00:00";"13";"59";"32";"2021";"NON";"NON";"59593";"";"";"";"2021-10-06";"94778";""
"59594";"3399";"PLUi/PLUiS";"CA";"2021-01-17 23:00:00+00:00";"2015-10-18 22:00:00+00:00";"39";"59";"32";"2021";"OUI";"NON";"200042190";"";"";"";"2021-10-06";"141974";""
"59596";"1111";"CC";"COM";"2014-06-18 22:00:00+00:00";"2009-03-26 23:00:00+00:00";"11";"59";"32";"2021";"NON";"NON";"59596";"";"";"";"2021-10-06";"65778";""
"59597";"3199";"PLU";"COM";"2003-09-10 22:00:00+00:00";"2000-07-11 22:00:00+00:00";"39";"59";"32";"2021";"NON";"NON";"59597";"";"";"";"2021-10-06";"3767";""
"59598";"3332";"PLUi/PLUiS";"MET";"2019-12-11 23:00:00+00:00";"2015-02-12 23:00:00+00:00";"33";"59";"32";"2021";"OUI";"NON";"59598";"";"";"";"2021-10-06";"127340";""
"59599";"3332";"PLUi/PLUiS";"MET";"2019-12-11 23:00:00+00:00";"2015-02-12 23:00:00+00:00";"33";"59";"32";"2021";"OUI";"NON";"59599";"";"";"";"2021-10-06";"127340";""
"59600";"3499";"PLU";"CC";"2008-04-22 22:00:00+00:00";"2003-11-27 23:00:00+00:00";"39";"59";"32";"2021";"NON";"NON";"200041960";"";"";"";"2021-10-06";"5899";""
"59601";"3432";"PLU";"CC";"2004-03-29 22:00:00+00:00";"1996-12-17 23:00:00+00:00";"33";"59";"32";"2021";"NON";"NON";"200043404";"";"";"";"2021-10-06";"3769";""
"59602";"3332";"PLUi/PLUiS";"MET";"2019-12-11 23:00:00+00:00";"2015-02-12 23:00:00+00:00";"33";"59";"32";"2021";"OUI";"NON";"59602";"";"";"";"2021-10-06";"127340";""
"59603";"3399";"PLUi/PLUiS";"CA";"2021-01-17 23:00:00+00:00";"2015-10-18 22:00:00+00:00";"39";"59";"32";"2021";"OUI";"NON";"200042190";"";"";"";"2021-10-06";"141974";""
"59604";"3199";"PLU";"COM";"2020-09-01 22:00:00+00:00";"2015-02-05 23:00:00+00:00";"39";"59";"32";"2021";"NON";"NON";"59604";"";"";"";"2021-10-06";"137742";""
"59605";"3432";"PLU";"CC";"2015-11-25 23:00:00+00:00";"2010-06-29 22:00:00+00:00";"33";"59";"32";"2021";"NON";"NON";"200040954";"";"";"";"2021-10-06";"62940";""
"59606";"3299";"PLUi/PLUiS";"CA";"2021-03-10 23:00:00+00:00";"2015-10-14 22:00:00+00:00";"39";"59";"32";"2021";"NON";"OUI";"245901160";"";"";"";"2021-10-06";"141922";""
"59607";"3299";"PLUi/PLUiS";"CC";"2020-01-28 23:00:00+00:00";"2015-12-14 23:00:00+00:00";"39";"59";"32";"2021";"NON";"OUI";"200043321";"";"";"";"2021-10-06";"143999";""
"59608";"3299";"PLUi/PLUiS";"CC";"2017-09-26 22:00:00+00:00";"2012-06-12 22:00:00+00:00";"39";"59";"32";"2021";"NON";"OUI";"59608";"";"";"";"2021-10-06";"110795";""
"59609";"3332";"PLUi/PLUiS";"MET";"2019-12-11 23:00:00+00:00";"2015-02-12 23:00:00+00:00";"33";"59";"32";"2021";"OUI";"NON";"59609";"";"";"";"2021-10-06";"127340";""
"59610";"3299";"PLUi/PLUiS";"CA";"2021-03-10 23:00:00+00:00";"2015-10-14 22:00:00+00:00";"39";"59";"32";"2021";"NON";"OUI";"245901160";"";"";"";"2021-10-06";"141922";""
"59611";"3332";"PLUi/PLUiS";"MET";"2019-12-11 23:00:00+00:00";"2015-02-12 23:00:00+00:00";"33";"59";"32";"2021";"OUI";"NON";"59611";"";"";"";"2021-10-06";"127340";""
"59612";"3299";"PLUi/PLUiS";"CC";"2017-09-26 22:00:00+00:00";"2012-06-12 22:00:00+00:00";"39";"59";"32";"2021";"NON";"OUI";"59612";"";"";"";"2021-10-06";"110795";""
"59613";"3299";"PLUi/PLUiS";"CA";"2021-03-10 23:00:00+00:00";"2015-10-14 22:00:00+00:00";"39";"59";"32";"2021";"NON";"OUI";"245901160";"";"";"";"2021-10-06";"141922";""
"59614";"3299";"PLUi/PLUiS";"CC";"2017-09-26 22:00:00+00:00";"2012-06-12 22:00:00+00:00";"39";"59";"32";"2021";"NON";"OUI";"59614";"";"";"";"2021-10-06";"110795";""
"59615";"3299";"PLUi/PLUiS";"CC";"2020-01-26 23:00:00+00:00";"2015-12-15 23:00:00+00:00";"39";"59";"32";"2021";"NON";"OUI";"200040947";"";"";"";"2021-10-06";"135353";""
"59616";"3299";"PLUi/PLUiS";"CA";"2021-03-10 23:00:00+00:00";"2015-10-14 22:00:00+00:00";"39";"59";"32";"2021";"NON";"OUI";"245901160";"";"";"";"2021-10-06";"141922";""
"59617";"3299";"PLUi/PLUiS";"CA";"2019-12-11 23:00:00+00:00";"2015-12-16 23:00:00+00:00";"39";"59";"32";"2021";"NON";"OUI";"200043396";"";"";"";"2021-10-06";"144065";""
"59618";"3299";"PLUi/PLUiS";"CA";"2019-12-11 23:00:00+00:00";"2015-12-16 23:00:00+00:00";"39";"59";"32";"2021";"NON";"OUI";"200043396";"";"";"";"2021-10-06";"144065";""
"59619";"3299";"PLUi/PLUiS";"CC";"2020-01-28 23:00:00+00:00";"2015-12-14 23:00:00+00:00";"39";"59";"32";"2021";"NON";"OUI";"200043321";"";"";"";"2021-10-06";"143999";""
"59620";"3131";"PLU";"COM";"2003-08-24 22:00:00+00:00";"1999-06-30 22:00:00+00:00";"33";"59";"32";"2021";"NON";"NON";"59620";"";"";"";"2021-10-06";"3774";""
"59622";"3199";"PLU";"COM";"2021-07-11 22:00:00+00:00";"2015-01-18 23:00:00+00:00";"39";"59";"32";"2021";"NON";"NON";"59622";"";"";"";"2021-10-06";"137668";""
"59623";"1199";"CC";"COM";"2005-11-01 23:00:00+00:00";"2001-12-31 23:00:00+00:00";"19";"59";"32";"2021";"NON";"NON";"59623";"";"";"";"2021-10-06";"68454";""
"59624";"3199";"PLU";"COM";"2013-01-09 23:00:00+00:00";"2009-06-29 22:00:00+00:00";"39";"59";"32";"2021";"NON";"NON";"59624";"";"";"";"2021-10-06";"64586";""
"59625";"3199";"PLU";"COM";"2013-06-23 22:00:00+00:00";"2006-02-09 23:00:00+00:00";"39";"59";"32";"2021";"NON";"NON";"59625";"";"";"";"2021-10-06";"49781";""
"59626";"3299";"PLUi/PLUiS";"CC";"2020-01-28 23:00:00+00:00";"2015-12-14 23:00:00+00:00";"39";"59";"32";"2021";"NON";"OUI";"200043321";"";"";"";"2021-10-06";"143999";""
"59627";"3299";"PLUi/PLUiS";"CA";"2019-12-11 23:00:00+00:00";"2015-12-16 23:00:00+00:00";"39";"59";"32";"2021";"NON";"OUI";"200043396";"";"";"";"2021-10-06";"144065";""
"59628";"3432";"PLU";"CC";"2005-09-26 22:00:00+00:00";"2002-05-22 22:00:00+00:00";"33";"59";"32";"2021";"NON";"NON";"200040954";"";"";"";"2021-10-06";"17114";""
"59630";"3134";"PLU";"COM";"2006-04-09 22:00:00+00:00";"2002-12-17 23:00:00+00:00";"33";"59";"32";"2021";"NON";"NON";"200041960";"";"";"";"2021-10-06";"17113";""
"59631";"3199";"PLU";"COM";"2017-05-10 22:00:00+00:00";"2013-06-04 22:00:00+00:00";"39";"59";"32";"2021";"NON";"NON";"59631";"";"";"";"2021-10-06";"130066";""
"59632";"3399";"PLUi/PLUiS";"CA";"2021-01-17 23:00:00+00:00";"2015-10-18 22:00:00+00:00";"39";"59";"32";"2021";"OUI";"NON";"200042190";"";"";"";"2021-10-06";"141974";""
"59633";"3432";"PLU";"CC";"2006-10-26 22:00:00+00:00";"2003-03-27 23:00:00+00:00";"33";"59";"32";"2021";"NON";"NON";"200043404";"";"";"";"2021-10-06";"17058";""
"59634";"3299";"PLUi/PLUiS";"CC";"2020-01-26 23:00:00+00:00";"2015-12-15 23:00:00+00:00";"39";"59";"32";"2021";"NON";"OUI";"200040947";"";"";"";"2021-10-06";"135353";""
"59635";"1199";"CC";"COM";"2008-07-29 22:00:00+00:00";"2001-12-31 23:00:00+00:00";"19";"59";"32";"2021";"NON";"NON";"59635";"";"";"";"2021-10-06";"68455";""
"59636";"3332";"PLUi/PLUiS";"MET";"2019-12-11 23:00:00+00:00";"2015-02-12 23:00:00+00:00";"33";"59";"32";"2021";"OUI";"NON";"59636";"";"";"";"2021-10-06";"127340";""
"59637";"3131";"PLU";"COM";"2003-12-10 23:00:00+00:00";"1999-12-07 23:00:00+00:00";"33";"59";"32";"2021";"NON";"NON";"59637";"";"";"";"2021-10-06";"5489";""
"59638";"3499";"PLU";"CC";"2019-12-18 23:00:00+00:00";"2012-06-05 22:00:00+00:00";"39";"59";"32";"2021";"NON";"NON";"200041960";"";"";"";"2021-10-06";"110792";""
"59639";"3299";"PLUi/PLUiS";"CC";"2020-01-28 23:00:00+00:00";"2015-12-14 23:00:00+00:00";"39";"59";"32";"2021";"NON";"OUI";"200043321";"";"";"";"2021-10-06";"143999";""
"59640";"3299";"PLUi/PLUiS";"CC";"2020-01-28 23:00:00+00:00";"2015-12-14 23:00:00+00:00";"39";"59";"32";"2021";"NON";"OUI";"200043321";"";"";"";"2021-10-06";"143999";""
"59642";"1199";"CC";"COM";"2013-08-26 22:00:00+00:00";"2009-03-09 23:00:00+00:00";"19";"59";"32";"2021";"NON";"NON";"59642";"";"";"";"2021-10-06";"66314";""
"59643";"3332";"PLUi/PLUiS";"MET";"2019-12-11 23:00:00+00:00";"2015-02-12 23:00:00+00:00";"33";"59";"32";"2021";"OUI";"NON";"59643";"";"";"";"2021-10-06";"127340";""
"59645";"3399";"PLUi/PLUiS";"CA";"2021-01-17 23:00:00+00:00";"2015-10-18 22:00:00+00:00";"39";"59";"32";"2021";"OUI";"NON";"200042190";"";"";"";"2021-10-06";"141974";""
"59646";"3332";"PLUi/PLUiS";"MET";"2019-12-11 23:00:00+00:00";"2015-02-12 23:00:00+00:00";"33";"59";"32";"2021";"OUI";"NON";"59646";"";"";"";"2021-10-06";"127340";""
"59648";"3332";"PLUi/PLUiS";"MET";"2019-12-11 23:00:00+00:00";"2015-02-12 23:00:00+00:00";"33";"59";"32";"2021";"OUI";"NON";"59648";"";"";"";"2021-10-06";"127340";""
"59649";"1432";"CC";"CC";"2014-08-12 22:00:00+00:00";"2012-05-02 22:00:00+00:00";"13";"59";"32";"2021";"NON";"NON";"200043263";"";"";"";"2021-10-06";"109809";""
"59650";"3332";"PLUi/PLUiS";"MET";"2019-12-11 23:00:00+00:00";"2015-02-12 23:00:00+00:00";"33";"59";"32";"2021";"OUI";"NON";"59650";"";"";"";"2021-10-06";"127340";""
"59651";"3399";"PLUi/PLUiS";"CA";"2021-01-17 23:00:00+00:00";"2015-10-18 22:00:00+00:00";"39";"59";"32";"2021";"OUI";"NON";"200042190";"";"";"";"2021-10-06";"141974";""
"59652";"3399";"PLUi/PLUiS";"CA";"2021-01-17 23:00:00+00:00";"2015-10-18 22:00:00+00:00";"39";"59";"32";"2021";"OUI";"NON";"200042190";"";"";"";"2021-10-06";"141974";""
"59653";"3332";"PLUi/PLUiS";"MET";"2019-12-11 23:00:00+00:00";"2015-02-12 23:00:00+00:00";"33";"59";"32";"2021";"OUI";"NON";"59653";"";"";"";"2021-10-06";"127340";""
"59654";"3199";"PLU";"COM";"2011-11-16 23:00:00+00:00";"2005-08-29 22:00:00+00:00";"39";"59";"32";"2021";"NON";"NON";"59654";"";"";"";"2021-10-06";"88444";""
"59655";"3299";"PLUi/PLUiS";"CC";"2020-01-26 23:00:00+00:00";"2015-12-15 23:00:00+00:00";"39";"59";"32";"2021";"NON";"OUI";"200040947";"";"";"";"2021-10-06";"135353";""
"59656";"3332";"PLUi/PLUiS";"MET";"2019-12-11 23:00:00+00:00";"2015-02-12 23:00:00+00:00";"33";"59";"32";"2021";"OUI";"NON";"59656";"";"";"";"2021-10-06";"127340";""
"59658";"3332";"PLUi/PLUiS";"MET";"2019-12-11 23:00:00+00:00";"2015-02-12 23:00:00+00:00";"33";"59";"32";"2021";"OUI";"NON";"59658";"";"";"";"2021-10-06";"127340";""
"59659";"3432";"PLU";"CC";"2010-02-26 23:00:00+00:00";"2003-06-11 22:00:00+00:00";"33";"59";"32";"2021";"NON";"NON";"200043404";"";"";"";"2021-10-06";"6078";""
"59660";"3332";"PLUi/PLUiS";"MET";"2019-12-11 23:00:00+00:00";"2015-02-12 23:00:00+00:00";"33";"59";"32";"2021";"OUI";"NON";"59660";"";"";"";"2021-10-06";"127340";""
"59662";"3299";"PLUi/PLUiS";"CC";"2020-01-26 23:00:00+00:00";"2015-12-15 23:00:00+00:00";"39";"59";"32";"2021";"NON";"OUI";"200040947";"";"";"";"2021-10-06";"135353";""
"59663";"3432";"PLU";"CC";"2008-02-06 23:00:00+00:00";"2007-10-28 23:00:00+00:00";"33";"59";"32";"2021";"NON";"NON";"200040954";"";"";"";"2021-10-06";"53980";""
"59666";"3432";"PLU";"CC";"2007-01-08 23:00:00+00:00";"2003-05-05 22:00:00+00:00";"33";"59";"32";"2021";"NON";"NON";"200040954";"";"";"";"2021-10-06";"17106";""
"59667";"3299";"PLUi/PLUiS";"CC";"2020-01-26 23:00:00+00:00";"2015-12-15 23:00:00+00:00";"39";"59";"32";"2021";"NON";"OUI";"200040947";"";"";"";"2021-10-06";"135353";""
"59668";"3332";"PLUi/PLUiS";"CU";"2012-02-08 23:00:00+00:00";"2003-12-10 23:00:00+00:00";"33";"59";"32";"2021";"OUI";"NON";"59668";"";"";"";"2021-10-06";"95037";""
"59669";"3299";"PLUi/PLUiS";"CC";"2020-01-26 23:00:00+00:00";"2015-12-15 23:00:00+00:00";"39";"59";"32";"2021";"NON";"OUI";"200040947";"";"";"";"2021-10-06";"135353";""
"59670";"3332";"PLUi/PLUiS";"MET";"2019-12-11 23:00:00+00:00";"2015-02-12 23:00:00+00:00";"33";"59";"32";"2021";"OUI";"NON";"59670";"";"";"";"2021-10-06";"127340";""
"60001";"1432";"CC";"CC";"2011-05-10 22:00:00+00:00";"2008-04-10 22:00:00+00:00";"13";"60";"32";"2021";"NON";"NON";"246000848";"";"";"";"2021-10-06";"34707";""
"60002";"3199";"PLU";"COM";"2018-05-21 22:00:00+00:00";"2015-09-28 22:00:00+00:00";"39";"60";"32";"2021";"NON";"NON";"60002";"";"";"";"2021-10-06";"146185";""
"60003";"3432";"PLU";"CC";"2012-07-04 22:00:00+00:00";"2008-07-02 22:00:00+00:00";"33";"60";"32";"2021";"NON";"NON";"200068005";"";"";"";"2021-10-06";"36214";""
"60004";"3432";"PLU";"CC";"2015-05-18 22:00:00+00:00";"2011-02-04 23:00:00+00:00";"33";"60";"32";"2021";"NON";"NON";"246000848";"";"";"";"2021-10-06";"39780";""
"60005";"3131";"PLU";"COM";"2008-03-19 23:00:00+00:00";"2005-02-28 23:00:00+00:00";"33";"60";"32";"2021";"NON";"NON";"60005";"";"";"";"2021-10-06";"15699";""
"60006";"3199";"PLU";"COM";"2020-12-13 23:00:00+00:00";"2019-05-02 22:00:00+00:00";"39";"60";"32";"2021";"NON";"NON";"60006";"";"";"";"2021-10-06";"170049";""
"60007";"3499";"PLU";"CC";"2019-02-05 23:00:00+00:00";"2014-12-19 23:00:00+00:00";"39";"60";"32";"2021";"NON";"NON";"246000376";"";"";"";"2021-10-06";"137065";""
"60008";"3199";"PLU";"COM";"2013-06-23 22:00:00+00:00";"2008-06-23 22:00:00+00:00";"39";"60";"32";"2021";"NON";"NON";"60008";"";"";"";"2021-10-06";"35475";""
"60009";"3131";"PLU";"COM";"2013-06-23 22:00:00+00:00";"2008-06-06 22:00:00+00:00";"33";"60";"32";"2021";"NON";"NON";"200067999";"";"";"";"2021-10-06";"35665";""
"60010";"3199";"PLU";"COM";"2011-03-29 22:00:00+00:00";"2005-06-29 22:00:00+00:00";"39";"60";"32";"2021";"NON";"NON";"60010";"";"";"";"2021-10-06";"15701";""
"60011";"3199";"PLU";"COM";"2012-03-21 23:00:00+00:00";"2008-04-09 22:00:00+00:00";"39";"60";"32";"2021";"NON";"NON";"60011";"";"";"";"2021-10-06";"34744";""
"60012";"3131";"PLU";"COM";"2009-06-25 22:00:00+00:00";"2005-09-26 22:00:00+00:00";"33";"60";"32";"2021";"NON";"NON";"60012";"";"";"";"2021-10-06";"15703";""
"60013";"3199";"PLU";"COM";"2019-11-14 23:00:00+00:00";"2014-11-27 23:00:00+00:00";"39";"60";"32";"2021";"NON";"NON";"60013";"";"";"";"2021-10-06";"146392";""
"60014";"3199";"PLU";"COM";"2016-02-08 23:00:00+00:00";"2008-09-22 22:00:00+00:00";"39";"60";"32";"2021";"NON";"NON";"60014";"";"";"";"2021-10-06";"36563";""
"60017";"3432";"PLU";"CC";"2015-07-28 22:00:00+00:00";"2009-05-24 22:00:00+00:00";"33";"60";"32";"2021";"NON";"NON";"200068005";"";"";"";"2021-10-06";"38423";""
"60019";"3199";"PLU";"COM";"2014-11-04 23:00:00+00:00";"2011-01-11 23:00:00+00:00";"39";"60";"32";"2021";"NON";"NON";"60019";"";"";"";"2021-10-06";"46256";""
"60020";"3199";"PLU";"COM";"2011-12-07 23:00:00+00:00";"2006-06-14 22:00:00+00:00";"39";"60";"32";"2021";"NON";"NON";"60020";"";"";"";"2021-10-06";"22447";""
"60021";"1199";"CC";"COM";"2008-05-14 22:00:00+00:00";"2002-07-04 22:00:00+00:00";"19";"60";"32";"2021";"NON";"NON";"60021";"";"";"";"2021-10-06";"15252";""
"60022";"3199";"PLU";"COM";"2010-04-22 22:00:00+00:00";"2002-10-17 22:00:00+00:00";"39";"60";"32";"2021";"NON";"NON";"60022";"";"";"";"2021-10-06";"15704";""
"60023";"3299";"PLUi/PLUiS";"CA";"2019-11-13 23:00:00+00:00";"2017-05-23 22:00:00+00:00";"39";"60";"32";"2021";"NON";"OUI";"200067965";"";"";"";"2021-10-06";"132393";""
"60024";"3432";"PLU";"CC";"2015-05-03 22:00:00+00:00";"2011-02-24 23:00:00+00:00";"33";"60";"32";"2021";"NON";"NON";"246000897";"";"";"";"2021-10-06";"47998";""
"60025";"3432";"PLU";"CC";"2004-02-01 23:00:00+00:00";"2002-01-27 23:00:00+00:00";"33";"60";"32";"2021";"NON";"NON";"246000749";"";"";"";"2021-10-06";"12317";""
"60026";"3199";"PLU";"COM";"2013-06-20 22:00:00+00:00";"2010-02-18 23:00:00+00:00";"39";"60";"32";"2021";"NON";"NON";"60026";"";"";"";"2021-10-06";"41041";""
"60029";"3131";"PLU";"COM";"2013-06-19 22:00:00+00:00";"2006-06-25 22:00:00+00:00";"33";"60";"32";"2021";"NON";"NON";"200067999";"";"";"";"2021-10-06";"22458";""
"60030";"3199";"PLU";"COM";"2016-11-23 23:00:00+00:00";"2012-03-20 23:00:00+00:00";"39";"60";"32";"2021";"NON";"NON";"200067999";"";"";"";"2021-10-06";"106897";""
"60031";"3199";"PLU";"COM";"2015-12-21 23:00:00+00:00";"2013-08-26 22:00:00+00:00";"39";"60";"32";"2021";"NON";"NON";"60031";"";"";"";"2021-10-06";"130610";""
"60033";"3199";"PLU";"COM";"2018-09-21 22:00:00+00:00";"2014-06-23 22:00:00+00:00";"39";"60";"32";"2021";"NON";"NON";"60033";"";"";"";"2021-10-06";"130762";""
"60034";"3199";"PLU";"COM";"2011-06-16 22:00:00+00:00";"2006-10-18 22:00:00+00:00";"39";"60";"32";"2021";"NON";"NON";"60034";"";"";"";"2021-10-06";"34213";""
"60035";"3199";"PLU";"COM";"2012-12-17 23:00:00+00:00";"2008-07-14 22:00:00+00:00";"39";"60";"32";"2021";"NON";"NON";"60035";"";"";"";"2021-10-06";"36213";""
"60036";"3432";"PLU";"CC";"2019-12-08 23:00:00+00:00";"2015-01-12 23:00:00+00:00";"33";"60";"32";"2021";"NON";"NON";"246000897";"";"";"";"2021-10-06";"137152";""
"60037";"3199";"PLU";"COM";"2019-12-05 23:00:00+00:00";"2015-10-12 22:00:00+00:00";"39";"60";"32";"2021";"NON";"NON";"60037";"";"";"";"2021-10-06";"141938";""
"60039";"3432";"PLU";"CC";"2011-12-05 23:00:00+00:00";"2008-09-08 22:00:00+00:00";"33";"60";"32";"2021";"NON";"NON";"200068005";"";"";"";"2021-10-06";"37934";""
"60040";"3432";"PLU";"CC";"2021-02-15 23:00:00+00:00";"2014-09-29 22:00:00+00:00";"33";"60";"32";"2021";"NON";"NON";"246000897";"";"";"";"2021-10-06";"139615";""
"60041";"3199";"PLU";"COM";"2013-02-06 23:00:00+00:00";"2008-06-29 22:00:00+00:00";"39";"60";"32";"2021";"NON";"NON";"200067999";"";"";"";"2021-10-06";"35654";""
"60042";"3199";"PLU";"COM";"2020-09-28 22:00:00+00:00";"2015-12-16 23:00:00+00:00";"39";"60";"32";"2021";"NON";"NON";"60042";"";"";"";"2021-10-06";"145878";""
"60043";"3199";"PLU";"COM";"2010-12-09 23:00:00+00:00";"2007-11-26 23:00:00+00:00";"39";"60";"32";"2021";"NON";"NON";"60043";"";"";"";"2021-10-06";"33655";""
"60044";"3199";"PLU";"COM";"2015-07-14 22:00:00+00:00";"2010-07-11 22:00:00+00:00";"39";"60";"32";"2021";"NON";"NON";"60044";"";"";"";"2021-10-06";"41824";""
"60045";"3131";"PLU";"COM";"2013-06-12 22:00:00+00:00";"2010-06-14 22:00:00+00:00";"33";"60";"32";"2021";"NON";"NON";"60045";"";"";"";"2021-10-06";"41825";""
"60046";"3199";"PLU";"COM";"2009-12-20 23:00:00+00:00";"2005-10-13 22:00:00+00:00";"39";"60";"32";"2021";"NON";"NON";"60046";"";"";"";"2021-10-06";"465";""
"60047";"3199";"PLU";"COM";"2017-05-11 22:00:00+00:00";"2013-06-18 22:00:00+00:00";"39";"60";"32";"2021";"NON";"NON";"60047";"";"";"";"2021-10-06";"122674";""
"60050";"3199";"PLU";"COM";"2014-03-11 23:00:00+00:00";"2011-01-31 23:00:00+00:00";"39";"60";"32";"2021";"NON";"NON";"60050";"";"";"";"2021-10-06";"46788";""
"60051";"1432";"CC";"CC";"2011-05-10 22:00:00+00:00";"2008-10-14 22:00:00+00:00";"13";"60";"32";"2021";"NON";"NON";"246000848";"";"";"";"2021-10-06";"36367";""
"60052";"3199";"PLU";"COM";"2009-03-06 23:00:00+00:00";"2005-12-21 23:00:00+00:00";"39";"60";"32";"2021";"NON";"NON";"60052";"";"";"";"2021-10-06";"466";""
"60053";"3199";"PLU";"COM";"2016-06-16 22:00:00+00:00";"2012-04-11 22:00:00+00:00";"39";"60";"32";"2021";"NON";"NON";"60053";"";"";"";"2021-10-06";"106892";""
"60054";"3199";"PLU";"COM";"2018-08-27 22:00:00+00:00";"2015-01-12 23:00:00+00:00";"39";"60";"32";"2021";"NON";"NON";"60054";"";"";"";"2021-10-06";"137153";""
"60057";"3199";"PLU";"COM";"2016-09-25 22:00:00+00:00";"2013-10-03 22:00:00+00:00";"39";"60";"32";"2021";"NON";"NON";"200067999";"";"";"";"2021-10-06";"125125";""
"60058";"1432";"CC";"CC";"2009-01-26 23:00:00+00:00";"2005-07-06 22:00:00+00:00";"13";"60";"32";"2021";"NON";"NON";"200068005";"";"";"";"2021-10-06";"15253";""
"60059";"3199";"PLU";"COM";"2017-03-26 22:00:00+00:00";"2013-12-04 23:00:00+00:00";"39";"60";"32";"2021";"NON";"NON";"60059";"";"";"";"2021-10-06";"126820";""
"60060";"3131";"PLU";"COM";"2007-12-21 23:00:00+00:00";"2001-06-10 22:00:00+00:00";"33";"60";"32";"2021";"NON";"NON";"60060";"";"";"";"2021-10-06";"15707";""
"60061";"3199";"PLU";"COM";"2009-02-05 23:00:00+00:00";"2004-09-30 22:00:00+00:00";"39";"60";"32";"2021";"NON";"NON";"60061";"";"";"";"2021-10-06";"15028";""
"60062";"3199";"PLU";"COM";"2012-03-25 22:00:00+00:00";"2008-04-17 22:00:00+00:00";"39";"60";"32";"2021";"NON";"NON";"60062";"";"";"";"2021-10-06";"34769";""
"60063";"3199";"PLU";"COM";"2014-03-13 23:00:00+00:00";"2011-02-03 23:00:00+00:00";"39";"60";"32";"2021";"NON";"NON";"200067999";"";"";"";"2021-10-06";"47997";""
"60065";"3199";"PLU";"COM";"2019-10-02 22:00:00+00:00";"2015-06-17 22:00:00+00:00";"39";"60";"32";"2021";"NON";"NON";"60065";"";"";"";"2021-10-06";"141722";""
"60066";"3199";"PLU";"COM";"2019-06-19 22:00:00+00:00";"2015-02-04 23:00:00+00:00";"39";"60";"32";"2021";"NON";"NON";"60066";"";"";"";"2021-10-06";"137250";""
"60067";"3299";"PLUi/PLUiS";"CA";"2019-11-13 23:00:00+00:00";"2017-05-23 22:00:00+00:00";"39";"60";"32";"2021";"NON";"OUI";"200067965";"";"";"";"2021-10-06";"132393";""
"60068";"3299";"PLUi/PLUiS";"CA";"2019-11-13 23:00:00+00:00";"2017-05-23 22:00:00+00:00";"39";"60";"32";"2021";"NON";"OUI";"200067965";"";"";"";"2021-10-06";"132393";""
"60070";"3299";"PLUi/PLUiS";"CA";"2019-11-13 23:00:00+00:00";"2017-05-23 22:00:00+00:00";"39";"60";"32";"2021";"NON";"OUI";"200067965";"";"";"";"2021-10-06";"132393";""
"60071";"1199";"CC";"COM";"2011-11-18 23:00:00+00:00";"2009-10-21 22:00:00+00:00";"19";"60";"32";"2021";"NON";"NON";"60071";"";"";"";"2021-10-06";"40368";""
"60073";"3432";"PLU";"CC";"2013-06-13 22:00:00+00:00";"2008-06-10 22:00:00+00:00";"33";"60";"32";"2021";"NON";"NON";"246000913";"";"";"";"2021-10-06";"35658";""
"60076";"1432";"CC";"CC";"2012-12-03 23:00:00+00:00";"2008-10-23 22:00:00+00:00";"13";"60";"32";"2021";"NON";"NON";"246000848";"";"";"";"2021-10-06";"36565";""
"60077";"1432";"CC";"CC";"2008-03-01 23:00:00+00:00";"2005-02-03 23:00:00+00:00";"13";"60";"32";"2021";"NON";"NON";"246000848";"";"";"";"2021-10-06";"15255";""
"60078";"3432";"PLU";"CC";"2018-06-07 22:00:00+00:00";"2014-10-01 22:00:00+00:00";"33";"60";"32";"2021";"NON";"NON";"246000897";"";"";"";"2021-10-06";"139543";""
"60079";"3199";"PLU";"COM";"2014-03-19 23:00:00+00:00";"2010-02-25 23:00:00+00:00";"39";"60";"32";"2021";"NON";"NON";"60079";"";"";"";"2021-10-06";"41126";""
"60081";"3199";"PLU";"COM";"2008-02-28 23:00:00+00:00";"2004-06-03 22:00:00+00:00";"39";"60";"32";"2021";"NON";"NON";"200067999";"";"";"";"2021-10-06";"15715";""
"60082";"3432";"PLU";"CC";"2019-12-10 23:00:00+00:00";"2010-11-04 23:00:00+00:00";"33";"60";"32";"2021";"NON";"NON";"200068005";"";"";"";"2021-10-06";"44168";""
"60083";"3199";"PLU";"COM";"2018-09-27 22:00:00+00:00";"2010-10-21 22:00:00+00:00";"39";"60";"32";"2021";"NON";"NON";"60083";"";"";"";"2021-10-06";"43534";""
"60085";"3432";"PLU";"CC";"2014-03-09 23:00:00+00:00";"2010-01-27 23:00:00+00:00";"33";"60";"32";"2021";"NON";"NON";"200068005";"";"";"";"2021-10-06";"41037";""
"60086";"3199";"PLU";"COM";"2019-01-30 23:00:00+00:00";"2015-10-05 22:00:00+00:00";"39";"60";"32";"2021";"NON";"NON";"60086";"";"";"";"2021-10-06";"141707";""
"60087";"3199";"PLU";"COM";"2019-06-16 22:00:00+00:00";"2015-11-22 23:00:00+00:00";"39";"60";"32";"2021";"NON";"NON";"60087";"";"";"";"2021-10-06";"146187";""
"60088";"3131";"PLU";"COM";"2016-07-07 22:00:00+00:00";"2009-12-14 23:00:00+00:00";"33";"60";"32";"2021";"NON";"NON";"60088";"";"";"";"2021-10-06";"40515";""
"60089";"3199";"PLU";"COM";"2019-04-03 22:00:00+00:00";"2015-12-09 23:00:00+00:00";"39";"60";"32";"2021";"NON";"NON";"60089";"";"";"";"2021-10-06";"145894";""
"60091";"3199";"PLU";"COM";"2020-01-14 23:00:00+00:00";"2015-02-18 23:00:00+00:00";"39";"60";"32";"2021";"NON";"NON";"60091";"";"";"";"2021-10-06";"137252";""
"60092";"3199";"PLU";"COM";"2011-03-30 22:00:00+00:00";"2006-12-19 23:00:00+00:00";"39";"60";"32";"2021";"NON";"NON";"60092";"";"";"";"2021-10-06";"34211";""
"60093";"3199";"PLU";"COM";"2012-09-05 22:00:00+00:00";"2008-12-04 23:00:00+00:00";"39";"60";"32";"2021";"NON";"NON";"60093";"";"";"";"2021-10-06";"37067";""
"60094";"3199";"PLU";"COM";"2008-02-28 23:00:00+00:00";"2005-10-20 22:00:00+00:00";"39";"60";"32";"2021";"NON";"NON";"60094";"";"";"";"2021-10-06";"15922";""
"60097";"1131";"CC";"COM";"2010-06-16 22:00:00+00:00";"2006-03-06 23:00:00+00:00";"13";"60";"32";"2021";"NON";"NON";"60097";"";"";"";"2021-10-06";"13038";""
"60098";"1432";"CC";"CC";"2007-07-22 22:00:00+00:00";"2004-03-29 22:00:00+00:00";"13";"60";"32";"2021";"NON";"NON";"246000848";"";"";"";"2021-10-06";"14738";""
"60099";"3199";"PLU";"COM";"2016-12-19 23:00:00+00:00";"2014-10-27 23:00:00+00:00";"39";"60";"32";"2021";"NON";"NON";"60099";"";"";"";"2021-10-06";"136297";""
"60100";"3199";"PLU";"COM";"2014-12-10 23:00:00+00:00";"2012-05-03 22:00:00+00:00";"39";"60";"32";"2021";"NON";"NON";"60100";"";"";"";"2021-10-06";"106907";""
"60101";"3199";"PLU";"COM";"2013-10-27 23:00:00+00:00";"2008-11-02 23:00:00+00:00";"39";"60";"32";"2021";"NON";"NON";"60101";"";"";"";"2021-10-06";"36369";""
"60102";"3199";"PLU";"COM";"2015-02-04 23:00:00+00:00";"2010-10-13 22:00:00+00:00";"39";"60";"32";"2021";"NON";"NON";"60102";"";"";"";"2021-10-06";"44165";""
"60103";"3131";"PLU";"COM";"2011-06-28 22:00:00+00:00";"2005-12-14 23:00:00+00:00";"33";"60";"32";"2021";"NON";"NON";"200067999";"";"";"";"2021-10-06";"22474";""
"60104";"3432";"PLU";"CC";"2007-06-26 22:00:00+00:00";"2002-05-05 22:00:00+00:00";"33";"60";"32";"2021";"NON";"NON";"200068005";"";"";"";"2021-10-06";"15709";""
"60105";"3199";"PLU";"COM";"2013-03-25 23:00:00+00:00";"2008-06-19 22:00:00+00:00";"39";"60";"32";"2021";"NON";"NON";"60105";"";"";"";"2021-10-06";"35520";""
"60106";"3499";"PLU";"CC";"2007-01-28 23:00:00+00:00";"1999-04-01 22:00:00+00:00";"39";"60";"32";"2021";"NON";"NON";"246000376";"";"";"";"2021-10-06";"15710";""
"60107";"3499";"PLU";"CC";"2013-01-10 23:00:00+00:00";"2009-06-11 22:00:00+00:00";"39";"60";"32";"2021";"NON";"NON";"246000376";"";"";"";"2021-10-06";"38572";""
"60108";"3432";"PLU";"CC";"2015-02-16 23:00:00+00:00";"2010-04-12 22:00:00+00:00";"33";"60";"32";"2021";"NON";"NON";"246000848";"";"";"";"2021-10-06";"41410";""
"60109";"1432";"CC";"CC";"2016-02-10 23:00:00+00:00";"2013-07-03 22:00:00+00:00";"13";"60";"32";"2021";"NON";"NON";"246000848";"";"";"";"2021-10-06";"122750";""
"60110";"3432";"PLU";"CC";"2013-06-13 22:00:00+00:00";"2009-07-09 22:00:00+00:00";"33";"60";"32";"2021";"NON";"NON";"246000848";"";"";"";"2021-10-06";"38530";""
"60112";"3199";"PLU";"COM";"2013-06-26 22:00:00+00:00";"2008-04-10 22:00:00+00:00";"39";"60";"32";"2021";"NON";"NON";"60112";"";"";"";"2021-10-06";"35660";""
"60113";"1432";"CC";"CC";"2013-02-07 23:00:00+00:00";"2010-01-26 23:00:00+00:00";"13";"60";"32";"2021";"NON";"NON";"200068005";"";"";"";"2021-10-06";"41153";""
"60114";"1432";"CC";"CC";"2009-09-20 22:00:00+00:00";"2007-11-26 23:00:00+00:00";"13";"60";"32";"2021";"NON";"NON";"246000848";"";"";"";"2021-10-06";"33141";""
"60116";"3499";"PLU";"CC";"2007-11-14 23:00:00+00:00";"2003-01-21 23:00:00+00:00";"39";"60";"32";"2021";"NON";"NON";"60116";"";"";"";"2021-10-06";"15712";""
"60118";"3199";"PLU";"COM";"2013-09-26 22:00:00+00:00";"2009-06-25 22:00:00+00:00";"39";"60";"32";"2021";"NON";"NON";"60118";"";"";"";"2021-10-06";"38532";""
"60119";"3199";"PLU";"COM";"2017-02-12 23:00:00+00:00";"2012-11-22 23:00:00+00:00";"39";"60";"32";"2021";"NON";"NON";"60119";"";"";"";"2021-10-06";"115901";""
"60120";"3499";"PLU";"CC";"2020-02-12 23:00:00+00:00";"2014-11-11 23:00:00+00:00";"39";"60";"32";"2021";"NON";"NON";"246000376";"";"";"";"2021-10-06";"136182";""
"60121";"3199";"PLU";"COM";"2020-03-01 23:00:00+00:00";"2012-06-13 22:00:00+00:00";"39";"60";"32";"2021";"NON";"NON";"60121";"";"";"";"2021-10-06";"109943";""
"60122";"3432";"PLU";"CC";"2014-03-13 23:00:00+00:00";"2009-05-14 22:00:00+00:00";"33";"60";"32";"2021";"NON";"NON";"246000848";"";"";"";"2021-10-06";"38233";""
"60125";"3432";"PLU";"CC";"2017-03-22 23:00:00+00:00";"2014-05-21 22:00:00+00:00";"33";"60";"32";"2021";"NON";"NON";"246000897";"";"";"";"2021-10-06";"130418";""
"60126";"3199";"PLU";"COM";"2004-10-28 22:00:00+00:00";"2001-06-21 22:00:00+00:00";"39";"60";"32";"2021";"NON";"NON";"60126";"";"";"";"2021-10-06";"12416";""
"60127";"3199";"PLU";"COM";"2011-05-03 22:00:00+00:00";"2006-10-24 22:00:00+00:00";"39";"60";"32";"2021";"NON";"NON";"60127";"";"";"";"2021-10-06";"34205";""
"60128";"3432";"PLU";"CC";"2018-03-14 23:00:00+00:00";"2010-12-09 23:00:00+00:00";"33";"60";"32";"2021";"NON";"NON";"246000848";"";"";"";"2021-10-06";"35661";""
"60129";"3199";"PLU";"COM";"2017-02-22 23:00:00+00:00";"2014-03-12 23:00:00+00:00";"39";"60";"32";"2021";"NON";"NON";"60129";"";"";"";"2021-10-06";"131383";""
"60130";"3499";"PLU";"CC";"2016-02-01 23:00:00+00:00";"2010-05-10 22:00:00+00:00";"39";"60";"32";"2021";"NON";"NON";"60130";"";"";"";"2021-10-06";"42792";""
"60131";"3432";"PLU";"CC";"2013-06-05 22:00:00+00:00";"2006-02-12 23:00:00+00:00";"33";"60";"32";"2021";"NON";"NON";"200068005";"";"";"";"2021-10-06";"16007";""
"60134";"3199";"PLU";"COM";"2019-04-25 22:00:00+00:00";"2013-12-08 23:00:00+00:00";"39";"60";"32";"2021";"NON";"NON";"60134";"";"";"";"2021-10-06";"129642";""
"60135";"3199";"PLU";"COM";"2016-12-07 23:00:00+00:00";"2011-06-16 22:00:00+00:00";"39";"60";"32";"2021";"NON";"NON";"60135";"";"";"";"2021-10-06";"77944";""
"60137";"3199";"PLU";"COM";"2014-02-20 23:00:00+00:00";"2008-12-07 23:00:00+00:00";"39";"60";"32";"2021";"NON";"NON";"60137";"";"";"";"2021-10-06";"36986";""
"60138";"3199";"PLU";"COM";"2018-05-27 22:00:00+00:00";"2014-12-18 23:00:00+00:00";"39";"60";"32";"2021";"NON";"NON";"60138";"";"";"";"2021-10-06";"135146";""
"60139";"3199";"PLU";"COM";"2020-11-11 23:00:00+00:00";"2015-07-19 22:00:00+00:00";"39";"60";"32";"2021";"NON";"NON";"60139";"";"";"";"2021-10-06";"147248";""
"60140";"3199";"PLU";"COM";"2018-10-11 22:00:00+00:00";"2014-10-09 22:00:00+00:00";"39";"60";"32";"2021";"NON";"NON";"60140";"";"";"";"2021-10-06";"132808";""
"60141";"3199";"PLU";"COM";"2017-03-30 22:00:00+00:00";"2013-09-26 22:00:00+00:00";"39";"60";"32";"2021";"NON";"NON";"60141";"";"";"";"2021-10-06";"125126";""
"60142";"3131";"PLU";"COM";"2019-07-08 22:00:00+00:00";"2014-06-29 22:00:00+00:00";"33";"60";"32";"2021";"NON";"NON";"60142";"";"";"";"2021-10-06";"131384";""
"60143";"3131";"PLU";"COM";"2006-06-05 22:00:00+00:00";"2002-01-22 23:00:00+00:00";"33";"60";"32";"2021";"NON";"NON";"60143";"";"";"";"2021-10-06";"15720";""
"60144";"3199";"PLU";"COM";"2009-03-25 23:00:00+00:00";"2005-03-24 23:00:00+00:00";"39";"60";"32";"2021";"NON";"NON";"60144";"";"";"";"2021-10-06";"15724";""
"60145";"3432";"PLU";"CC";"2013-03-21 23:00:00+00:00";"2009-03-26 23:00:00+00:00";"33";"60";"32";"2021";"NON";"NON";"246000749";"";"";"";"2021-10-06";"38082";""
"60146";"3432";"PLU";"CC";"2012-12-17 23:00:00+00:00";"2008-04-06 22:00:00+00:00";"33";"60";"32";"2021";"NON";"NON";"200068005";"";"";"";"2021-10-06";"34753";""
"60147";"3199";"PLU";"COM";"2004-10-25 22:00:00+00:00";"2000-03-28 22:00:00+00:00";"39";"60";"32";"2021";"NON";"NON";"60147";"";"";"";"2021-10-06";"12437";""
"60148";"3199";"PLU";"COM";"2017-01-16 23:00:00+00:00";"2013-11-24 23:00:00+00:00";"39";"60";"32";"2021";"NON";"NON";"60148";"";"";"";"2021-10-06";"126996";""
"60149";"3432";"PLU";"CC";"2017-12-12 23:00:00+00:00";"2014-12-14 23:00:00+00:00";"33";"60";"32";"2021";"NON";"NON";"246000897";"";"";"";"2021-10-06";"136745";""
"60150";"3199";"PLU";"COM";"2008-01-24 23:00:00+00:00";"2002-09-29 22:00:00+00:00";"39";"60";"32";"2021";"NON";"NON";"60150";"";"";"";"2021-10-06";"15757";""
"60151";"3299";"PLUi/PLUiS";"CA";"2019-11-13 23:00:00+00:00";"2017-05-23 22:00:00+00:00";"39";"60";"32";"2021";"NON";"OUI";"200067965";"";"";"";"2021-10-06";"132393";""
"60152";"3432";"PLU";"CC";"2010-05-05 22:00:00+00:00";"2005-11-27 23:00:00+00:00";"33";"60";"32";"2021";"NON";"NON";"246000897";"";"";"";"2021-10-06";"15820";""
"60153";"3432";"PLU";"CC";"2013-05-29 22:00:00+00:00";"2009-02-12 23:00:00+00:00";"33";"60";"32";"2021";"NON";"NON";"200068005";"";"";"";"2021-10-06";"37487";""
"60154";"3199";"PLU";"COM";"2014-03-18 23:00:00+00:00";"2009-11-17 23:00:00+00:00";"39";"60";"32";"2021";"NON";"NON";"60154";"";"";"";"2021-10-06";"40970";""
"60155";"3199";"PLU";"COM";"2007-12-03 23:00:00+00:00";"2003-10-29 23:00:00+00:00";"39";"60";"32";"2021";"NON";"NON";"60155";"";"";"";"2021-10-06";"15758";""
"60156";"3299";"PLUi/PLUiS";"CA";"2019-11-13 23:00:00+00:00";"2017-05-23 22:00:00+00:00";"39";"60";"32";"2021";"NON";"OUI";"200067965";"";"";"";"2021-10-06";"132393";""
"60157";"3499";"PLU";"CC";"2014-12-15 23:00:00+00:00";"2009-12-01 23:00:00+00:00";"39";"60";"32";"2021";"NON";"NON";"246000376";"";"";"";"2021-10-06";"47221";""
"60158";"3199";"PLU";"COM";"2014-09-25 22:00:00+00:00";"2010-04-08 22:00:00+00:00";"39";"60";"32";"2021";"NON";"NON";"60158";"";"";"";"2021-10-06";"41583";""
"60159";"3299";"PLUi/PLUiS";"CA";"2019-11-13 23:00:00+00:00";"2017-05-23 22:00:00+00:00";"39";"60";"32";"2021";"NON";"OUI";"200067965";"";"";"";"2021-10-06";"132393";""
"60160";"1199";"CC";"COM";"2007-09-23 22:00:00+00:00";"2005-11-24 23:00:00+00:00";"19";"60";"32";"2021";"NON";"NON";"60160";"";"";"";"2021-10-06";"13039";""
"60162";"3199";"PLU";"COM";"2018-12-05 23:00:00+00:00";"2014-09-03 22:00:00+00:00";"39";"60";"32";"2021";"NON";"NON";"60162";"";"";"";"2021-10-06";"132262";""
"60164";"3432";"PLU";"CC";"2009-05-25 22:00:00+00:00";"2005-06-26 22:00:00+00:00";"33";"60";"32";"2021";"NON";"NON";"246000913";"";"";"";"2021-10-06";"15759";""
"60165";"3199";"PLU";"COM";"2012-04-09 22:00:00+00:00";"2008-09-08 22:00:00+00:00";"39";"60";"32";"2021";"NON";"NON";"60165";"";"";"";"2021-10-06";"35968";""
"60166";"3199";"PLU";"COM";"2017-12-13 23:00:00+00:00";"2009-06-18 22:00:00+00:00";"39";"60";"32";"2021";"NON";"NON";"60166";"";"";"";"2021-10-06";"38761";""
"60168";"3199";"PLU";"COM";"2017-11-09 23:00:00+00:00";"2014-10-16 22:00:00+00:00";"39";"60";"32";"2021";"NON";"NON";"60168";"";"";"";"2021-10-06";"136752";""
"60169";"3199";"PLU";"COM";"2019-03-07 23:00:00+00:00";"2014-09-11 22:00:00+00:00";"39";"60";"32";"2021";"NON";"NON";"60169";"";"";"";"2021-10-06";"133076";""
"60172";"3199";"PLU";"COM";"2012-12-19 23:00:00+00:00";"2007-12-13 23:00:00+00:00";"39";"60";"32";"2021";"NON";"NON";"60172";"";"";"";"2021-10-06";"33516";""
"60173";"3199";"PLU";"COM";"2009-10-06 22:00:00+00:00";"2003-12-15 23:00:00+00:00";"39";"60";"32";"2021";"NON";"NON";"60173";"";"";"";"2021-10-06";"15762";""
"60175";"3199";"PLU";"COM";"2018-12-17 23:00:00+00:00";"2012-09-20 22:00:00+00:00";"39";"60";"32";"2021";"NON";"NON";"60175";"";"";"";"2021-10-06";"116876";""
"60176";"3199";"PLU";"COM";"2007-12-06 23:00:00+00:00";"2005-06-22 22:00:00+00:00";"39";"60";"32";"2021";"NON";"NON";"60176";"";"";"";"2021-10-06";"15765";""
"60177";"3199";"PLU";"COM";"2018-07-11 22:00:00+00:00";"2014-11-11 23:00:00+00:00";"39";"60";"32";"2021";"NON";"NON";"60177";"";"";"";"2021-10-06";"136298";""
"60178";"3199";"PLU";"COM";"2021-06-29 22:00:00+00:00";"2015-12-15 23:00:00+00:00";"39";"60";"32";"2021";"NON";"NON";"60178";"";"";"";"2021-10-06";"145801";""
"60181";"3131";"PLU";"COM";"2004-05-13 22:00:00+00:00";"2001-10-05 22:00:00+00:00";"33";"60";"32";"2021";"NON";"NON";"60181";"";"";"";"2021-10-06";"12473";""
"60182";"3432";"PLU";"CC";"2014-12-04 23:00:00+00:00";"2010-12-01 23:00:00+00:00";"33";"60";"32";"2021";"NON";"NON";"200068005";"";"";"";"2021-10-06";"46393";""
"60183";"1432";"CC";"CC";"2009-05-11 22:00:00+00:00";"2006-06-01 22:00:00+00:00";"13";"60";"32";"2021";"NON";"NON";"200068005";"";"";"";"2021-10-06";"22441";""
"60185";"3199";"PLU";"COM";"2018-05-17 22:00:00+00:00";"2015-10-22 22:00:00+00:00";"39";"60";"32";"2021";"NON";"NON";"60185";"";"";"";"2021-10-06";"148103";""
"60186";"3199";"PLU";"COM";"2019-11-07 23:00:00+00:00";"2015-01-29 23:00:00+00:00";"39";"60";"32";"2021";"NON";"NON";"60186";"";"";"";"2021-10-06";"149713";""
"60187";"3432";"PLU";"CC";"2013-06-23 22:00:00+00:00";"2008-06-19 22:00:00+00:00";"33";"60";"32";"2021";"NON";"NON";"246000913";"";"";"";"2021-10-06";"34706";""
"60189";"3131";"PLU";"COM";"2010-04-08 22:00:00+00:00";"2006-06-29 22:00:00+00:00";"33";"60";"32";"2021";"NON";"NON";"60189";"";"";"";"2021-10-06";"22460";""
"60190";"1131";"CC";"COM";"2008-05-12 22:00:00+00:00";"2005-02-24 23:00:00+00:00";"13";"60";"32";"2021";"NON";"NON";"60190";"";"";"";"2021-10-06";"15258";""
"60191";"3199";"PLU";"COM";"2020-03-02 23:00:00+00:00";"2011-12-19 23:00:00+00:00";"39";"60";"32";"2021";"NON";"NON";"60191";"";"";"";"2021-10-06";"105112";""
"60193";"1432";"CC";"CC";"2011-11-19 23:00:00+00:00";"2010-08-26 22:00:00+00:00";"13";"60";"32";"2021";"NON";"NON";"246000848";"";"";"";"2021-10-06";"42147";""
"60194";"1432";"CC";"CC";"2011-11-13 23:00:00+00:00";"2010-04-01 22:00:00+00:00";"13";"60";"32";"2021";"NON";"NON";"246000848";"";"";"";"2021-10-06";"41287";""
"60195";"3199";"PLU";"COM";"2018-03-04 23:00:00+00:00";"2014-10-01 22:00:00+00:00";"39";"60";"32";"2021";"NON";"NON";"60195";"";"";"";"2021-10-06";"133074";""
"60196";"3199";"PLU";"COM";"2020-11-13 23:00:00+00:00";"2016-01-31 23:00:00+00:00";"39";"60";"32";"2021";"NON";"NON";"60196";"";"";"";"2021-10-06";"147250";""
"60197";"3199";"PLU";"COM";"2008-02-27 23:00:00+00:00";"2004-02-04 23:00:00+00:00";"39";"60";"32";"2021";"NON";"NON";"60197";"";"";"";"2021-10-06";"15924";""
"60198";"1199";"CC";"COM";"2012-12-10 23:00:00+00:00";"2005-10-13 22:00:00+00:00";"19";"60";"32";"2021";"NON";"NON";"60198";"";"";"";"2021-10-06";"15259";""
"60199";"1432";"CC";"CC";"2010-11-02 23:00:00+00:00";"2007-09-20 22:00:00+00:00";"13";"60";"32";"2021";"NON";"NON";"200068005";"";"";"";"2021-10-06";"33201";""
"60200";"3199";"PLU";"COM";"2013-06-23 22:00:00+00:00";"2007-04-04 22:00:00+00:00";"39";"60";"32";"2021";"NON";"NON";"60200";"";"";"";"2021-10-06";"34217";""
"60201";"3199";"PLU";"COM";"2015-12-21 23:00:00+00:00";"2007-12-03 23:00:00+00:00";"39";"60";"32";"2021";"NON";"NON";"60201";"";"";"";"2021-10-06";"33380";""
"60203";"3199";"PLU";"COM";"2010-11-22 23:00:00+00:00";"2004-09-13 22:00:00+00:00";"39";"60";"32";"2021";"NON";"NON";"60203";"";"";"";"2021-10-06";"15772";""
"60204";"3199";"PLU";"COM";"2017-12-14 23:00:00+00:00";"2009-03-30 22:00:00+00:00";"39";"60";"32";"2021";"NON";"NON";"60204";"";"";"";"2021-10-06";"37889";""
"60205";"1432";"CC";"CC";"2015-08-05 22:00:00+00:00";"2008-05-04 22:00:00+00:00";"13";"60";"32";"2021";"NON";"NON";"246000848";"";"";"";"2021-10-06";"34763";""
"60206";"3199";"PLU";"COM";"2008-02-07 23:00:00+00:00";"2003-10-12 22:00:00+00:00";"39";"60";"32";"2021";"NON";"NON";"60206";"";"";"";"2021-10-06";"15925";""
"60207";"3199";"PLU";"COM";"2014-09-11 22:00:00+00:00";"2009-09-17 22:00:00+00:00";"39";"60";"32";"2021";"NON";"NON";"60207";"";"";"";"2021-10-06";"39432";""
"60208";"3199";"PLU";"COM";"2020-06-05 22:00:00+00:00";"2015-02-06 23:00:00+00:00";"39";"60";"32";"2021";"NON";"NON";"60208";"";"";"";"2021-10-06";"137143";""
"60209";"3111";"PLU";"COM";"2020-12-16 23:00:00+00:00";"2015-04-22 22:00:00+00:00";"31";"60";"32";"2021";"NON";"NON";"60209";"";"";"";"2021-10-06";"155746";""
"60211";"3131";"PLU";"COM";"2006-12-07 23:00:00+00:00";"2001-12-12 23:00:00+00:00";"33";"60";"32";"2021";"NON";"NON";"60211";"";"";"";"2021-10-06";"15926";""
"60212";"3199";"PLU";"COM";"2011-09-01 22:00:00+00:00";"2007-09-27 22:00:00+00:00";"39";"60";"32";"2021";"NON";"NON";"60212";"";"";"";"2021-10-06";"33198";""
"60213";"3199";"PLU";"COM";"2018-10-15 22:00:00+00:00";"2014-07-09 22:00:00+00:00";"39";"60";"32";"2021";"NON";"NON";"60213";"";"";"";"2021-10-06";"131389";""
"60214";"3432";"PLU";"CC";"2013-04-11 22:00:00+00:00";"2008-05-15 22:00:00+00:00";"33";"60";"32";"2021";"NON";"NON";"246000848";"";"";"";"2021-10-06";"34887";""
"60215";"3499";"PLU";"CC";"2008-02-25 23:00:00+00:00";"2002-11-25 23:00:00+00:00";"39";"60";"32";"2021";"NON";"NON";"246000376";"";"";"";"2021-10-06";"15778";""
"60216";"3199";"PLU";"COM";"2019-09-29 22:00:00+00:00";"2012-10-24 22:00:00+00:00";"39";"60";"32";"2021";"NON";"NON";"60216";"";"";"";"2021-10-06";"93578";""
"60217";"1432";"CC";"CC";"2009-09-08 22:00:00+00:00";"2009-01-13 23:00:00+00:00";"13";"60";"32";"2021";"NON";"NON";"246000848";"";"";"";"2021-10-06";"37218";""
"60218";"3199";"PLU";"COM";"2009-12-28 23:00:00+00:00";"2007-03-28 22:00:00+00:00";"39";"60";"32";"2021";"NON";"NON";"60218";"";"";"";"2021-10-06";"34226";""
"60220";"3432";"PLU";"CC";"2018-09-18 22:00:00+00:00";"2015-09-03 22:00:00+00:00";"33";"60";"32";"2021";"NON";"NON";"246000913";"";"";"";"2021-10-06";"141467";""
"60223";"3432";"PLU";"CC";"2018-09-26 22:00:00+00:00";"2015-03-11 23:00:00+00:00";"33";"60";"32";"2021";"NON";"NON";"246000897";"";"";"";"2021-10-06";"139282";""
"60224";"3199";"PLU";"COM";"2009-06-18 22:00:00+00:00";"2006-12-21 23:00:00+00:00";"39";"60";"32";"2021";"NON";"NON";"60224";"";"";"";"2021-10-06";"34228";""
"60225";"3499";"PLU";"CC";"2014-02-26 23:00:00+00:00";"2010-05-16 22:00:00+00:00";"39";"60";"32";"2021";"NON";"NON";"246000376";"";"";"";"2021-10-06";"41571";""
"60226";"3199";"PLU";"COM";"2015-09-28 22:00:00+00:00";"2012-04-10 22:00:00+00:00";"39";"60";"32";"2021";"NON";"NON";"60226";"";"";"";"2021-10-06";"106908";""
"60227";"3199";"PLU";"COM";"2017-12-18 23:00:00+00:00";"2014-10-08 22:00:00+00:00";"39";"60";"32";"2021";"NON";"NON";"60227";"";"";"";"2021-10-06";"136744";""
"60228";"3199";"PLU";"COM";"2020-02-24 23:00:00+00:00";"2016-05-30 22:00:00+00:00";"39";"60";"32";"2021";"NON";"NON";"60228";"";"";"";"2021-10-06";"149132";""
"60229";"3432";"PLU";"CC";"2003-09-14 22:00:00+00:00";"1999-04-25 22:00:00+00:00";"33";"60";"32";"2021";"NON";"NON";"246000897";"";"";"";"2021-10-06";"12639";""
"60230";"3199";"PLU";"COM";"2019-03-11 23:00:00+00:00";"2016-04-25 22:00:00+00:00";"39";"60";"32";"2021";"NON";"NON";"200067999";"";"";"";"2021-10-06";"149018";""
"60231";"3199";"PLU";"COM";"2014-03-19 23:00:00+00:00";"2008-10-02 22:00:00+00:00";"39";"60";"32";"2021";"NON";"NON";"60231";"";"";"";"2021-10-06";"38703";""
"60232";"3199";"PLU";"COM";"2019-11-27 23:00:00+00:00";"2015-10-08 22:00:00+00:00";"39";"60";"32";"2021";"NON";"NON";"60232";"";"";"";"2021-10-06";"145885";""
"60233";"3432";"PLU";"CC";"2002-06-27 22:00:00+00:00";"2001-06-20 22:00:00+00:00";"33";"60";"32";"2021";"NON";"NON";"246000848";"";"";"";"2021-10-06";"12503";""
"60234";"3499";"PLU";"CC";"2007-06-25 22:00:00+00:00";"2002-11-12 23:00:00+00:00";"39";"60";"32";"2021";"NON";"NON";"246000376";"";"";"";"2021-10-06";"15781";""
"60235";"3432";"PLU";"CC";"2012-09-20 22:00:00+00:00";"2009-04-29 22:00:00+00:00";"33";"60";"32";"2021";"NON";"NON";"246000913";"";"";"";"2021-10-06";"36562";""
"60236";"3199";"PLU";"COM";"2014-04-24 22:00:00+00:00";"2008-12-18 23:00:00+00:00";"39";"60";"32";"2021";"NON";"NON";"60236";"";"";"";"2021-10-06";"37611";""
"60238";"3199";"PLU";"COM";"2020-03-04 23:00:00+00:00";"2014-06-01 22:00:00+00:00";"39";"60";"32";"2021";"NON";"NON";"60238";"";"";"";"2021-10-06";"131697";""
"60239";"3199";"PLU";"COM";"2017-10-22 22:00:00+00:00";"2013-08-03 22:00:00+00:00";"39";"60";"32";"2021";"NON";"NON";"60239";"";"";"";"2021-10-06";"130609";""
"60241";"3199";"PLU";"COM";"2010-11-21 23:00:00+00:00";"2005-12-11 23:00:00+00:00";"39";"60";"32";"2021";"NON";"NON";"60241";"";"";"";"2021-10-06";"13075";""
"60242";"3432";"PLU";"CC";"2013-06-26 22:00:00+00:00";"2008-07-07 22:00:00+00:00";"33";"60";"32";"2021";"NON";"NON";"246000848";"";"";"";"2021-10-06";"35655";""
"60243";"3199";"PLU";"COM";"2013-06-17 22:00:00+00:00";"2008-09-17 22:00:00+00:00";"39";"60";"32";"2021";"NON";"NON";"200067999";"";"";"";"2021-10-06";"36099";""
"60245";"3432";"PLU";"CC";"2015-09-28 22:00:00+00:00";"2012-03-26 22:00:00+00:00";"33";"60";"32";"2021";"NON";"NON";"246000848";"";"";"";"2021-10-06";"106893";""
"60247";"1499";"CC";"CC";"2016-10-03 22:00:00+00:00";"2006-06-22 22:00:00+00:00";"19";"60";"32";"2021";"NON";"NON";"246000376";"";"";"";"2021-10-06";"22442";""
"60249";"3199";"PLU";"COM";"2014-02-25 23:00:00+00:00";"2007-05-15 22:00:00+00:00";"39";"60";"32";"2021";"NON";"NON";"60249";"";"";"";"2021-10-06";"34220";""
"60250";"3199";"PLU";"COM";"2018-07-09 22:00:00+00:00";"2014-06-30 22:00:00+00:00";"39";"60";"32";"2021";"NON";"NON";"200067999";"";"";"";"2021-10-06";"138195";""
"60251";"3199";"PLU";"COM";"2014-10-05 22:00:00+00:00";"2011-01-20 23:00:00+00:00";"39";"60";"32";"2021";"NON";"NON";"200067999";"";"";"";"2021-10-06";"47870";""
"60252";"3199";"PLU";"COM";"2013-06-16 22:00:00+00:00";"2008-07-07 22:00:00+00:00";"39";"60";"32";"2021";"NON";"NON";"60252";"";"";"";"2021-10-06";"35597";""
"60253";"3199";"PLU";"COM";"2010-05-02 22:00:00+00:00";"2006-01-24 23:00:00+00:00";"39";"60";"32";"2021";"NON";"NON";"60253";"";"";"";"2021-10-06";"13044";""
"60254";"3432";"PLU";"CC";"2017-09-27 22:00:00+00:00";"2014-11-12 23:00:00+00:00";"33";"60";"32";"2021";"NON";"NON";"246000897";"";"";"";"2021-10-06";"134648";""
"60255";"3199";"PLU";"COM";"2017-03-02 23:00:00+00:00";"2008-11-27 23:00:00+00:00";"39";"60";"32";"2021";"NON";"NON";"60255";"";"";"";"2021-10-06";"37088";""
"60256";"3131";"PLU";"COM";"2019-07-25 22:00:00+00:00";"2016-04-07 22:00:00+00:00";"33";"60";"32";"2021";"NON";"NON";"60256";"";"";"";"2021-10-06";"153843";""
"60257";"3199";"PLU";"COM";"2019-02-04 23:00:00+00:00";"2009-11-05 23:00:00+00:00";"39";"60";"32";"2021";"NON";"NON";"60257";"";"";"";"2021-10-06";"40025";""
"60258";"3199";"PLU";"COM";"2012-09-27 22:00:00+00:00";"2008-08-28 22:00:00+00:00";"39";"60";"32";"2021";"NON";"NON";"60258";"";"";"";"2021-10-06";"35843";""
"60259";"3199";"PLU";"COM";"2011-06-23 22:00:00+00:00";"2007-11-28 23:00:00+00:00";"39";"60";"32";"2021";"NON";"NON";"60259";"";"";"";"2021-10-06";"33381";""
"60260";"3199";"PLU";"COM";"2013-10-22 22:00:00+00:00";"2006-12-19 23:00:00+00:00";"39";"60";"32";"2021";"NON";"NON";"60260";"";"";"";"2021-10-06";"62891";""
"60261";"3131";"PLU";"COM";"2004-02-08 23:00:00+00:00";"1996-09-15 22:00:00+00:00";"33";"60";"32";"2021";"NON";"NON";"60261";"";"";"";"2021-10-06";"12521";""
"60264";"3199";"PLU";"COM";"2019-05-06 22:00:00+00:00";"2015-02-16 23:00:00+00:00";"39";"60";"32";"2021";"NON";"NON";"200067999";"";"";"";"2021-10-06";"137159";""
"60265";"3432";"PLU";"CC";"2009-04-09 22:00:00+00:00";"2002-10-02 22:00:00+00:00";"33";"60";"32";"2021";"NON";"NON";"200068005";"";"";"";"2021-10-06";"15927";""
"60267";"3432";"PLU";"CC";"2014-01-07 23:00:00+00:00";"2009-10-13 22:00:00+00:00";"33";"60";"32";"2021";"NON";"NON";"200068005";"";"";"";"2021-10-06";"39813";""
"60268";"1199";"CC";"COM";"2012-09-13 22:00:00+00:00";"2007-06-06 22:00:00+00:00";"19";"60";"32";"2021";"NON";"NON";"60268";"";"";"";"2021-10-06";"35302";""
"60269";"1432";"CC";"CC";"2010-10-01 22:00:00+00:00";"2006-03-05 23:00:00+00:00";"13";"60";"32";"2021";"NON";"NON";"246000848";"";"";"";"2021-10-06";"13045";""
"60270";"3199";"PLU";"COM";"2011-06-16 22:00:00+00:00";"2007-06-13 22:00:00+00:00";"39";"60";"32";"2021";"NON";"NON";"60270";"";"";"";"2021-10-06";"34201";""
"60272";"3199";"PLU";"COM";"2008-02-24 23:00:00+00:00";"2003-11-16 23:00:00+00:00";"39";"60";"32";"2021";"NON";"NON";"60272";"";"";"";"2021-10-06";"15787";""
"60273";"3199";"PLU";"COM";"2015-05-27 22:00:00+00:00";"2008-09-18 22:00:00+00:00";"39";"60";"32";"2021";"NON";"NON";"60273";"";"";"";"2021-10-06";"36021";""
"60274";"3199";"PLU";"COM";"2018-07-03 22:00:00+00:00";"2014-09-22 22:00:00+00:00";"39";"60";"32";"2021";"NON";"NON";"60274";"";"";"";"2021-10-06";"133073";""
"60277";"3199";"PLU";"COM";"2012-07-11 22:00:00+00:00";"2008-06-25 22:00:00+00:00";"39";"60";"32";"2021";"NON";"NON";"200067999";"";"";"";"2021-10-06";"35664";""
"60278";"3199";"PLU";"COM";"2011-02-15 23:00:00+00:00";"2006-09-10 22:00:00+00:00";"39";"60";"32";"2021";"NON";"NON";"60278";"";"";"";"2021-10-06";"34204";""
"60281";"3199";"PLU";"COM";"2017-03-07 23:00:00+00:00";"2008-04-03 22:00:00+00:00";"39";"60";"32";"2021";"NON";"NON";"60281";"";"";"";"2021-10-06";"34768";""
"60282";"3131";"PLU";"COM";"2004-07-11 22:00:00+00:00";"2001-07-05 22:00:00+00:00";"33";"60";"32";"2021";"NON";"NON";"60282";"";"";"";"2021-10-06";"12547";""
"60284";"3432";"PLU";"CC";"2019-06-23 22:00:00+00:00";"2015-04-01 22:00:00+00:00";"33";"60";"32";"2021";"NON";"NON";"246000897";"";"";"";"2021-10-06";"138975";""
"60285";"3199";"PLU";"COM";"2013-06-16 22:00:00+00:00";"2008-06-29 22:00:00+00:00";"39";"60";"32";"2021";"NON";"NON";"60285";"";"";"";"2021-10-06";"38529";""
"60286";"3432";"PLU";"CC";"2015-04-06 22:00:00+00:00";"2012-11-12 23:00:00+00:00";"33";"60";"32";"2021";"NON";"NON";"246000848";"";"";"";"2021-10-06";"127621";""
"60287";"1199";"CC";"COM";"2009-02-14 23:00:00+00:00";"2006-06-23 22:00:00+00:00";"19";"60";"32";"2021";"NON";"NON";"60287";"";"";"";"2021-10-06";"22443";""
"60291";"3131";"PLU";"COM";"2006-06-08 22:00:00+00:00";"2002-06-09 22:00:00+00:00";"33";"60";"32";"2021";"NON";"NON";"60291";"";"";"";"2021-10-06";"15794";""
"60292";"3199";"PLU";"COM";"2011-12-15 23:00:00+00:00";"2009-03-19 23:00:00+00:00";"39";"60";"32";"2021";"NON";"NON";"60292";"";"";"";"2021-10-06";"37869";""
"60293";"3199";"PLU";"COM";"2007-10-26 22:00:00+00:00";"2003-02-06 23:00:00+00:00";"39";"60";"32";"2021";"NON";"NON";"60293";"";"";"";"2021-10-06";"15928";""
"60294";"1199";"CC";"COM";"2017-02-28 23:00:00+00:00";"2015-09-17 22:00:00+00:00";"19";"60";"32";"2021";"NON";"NON";"60294";"";"";"";"2021-10-06";"141527";""
"60295";"3432";"PLU";"CC";"2013-05-20 22:00:00+00:00";"2008-12-15 23:00:00+00:00";"33";"60";"32";"2021";"NON";"NON";"246000848";"";"";"";"2021-10-06";"37157";""
"60296";"1432";"CC";"CC";"2012-01-19 23:00:00+00:00";"2008-09-25 22:00:00+00:00";"13";"60";"32";"2021";"NON";"NON";"246000848";"";"";"";"2021-10-06";"107077";""
"60297";"3432";"PLU";"CC";"2017-07-02 22:00:00+00:00";"2012-02-16 23:00:00+00:00";"33";"60";"32";"2021";"NON";"NON";"246000848";"";"";"";"2021-10-06";"104734";""
"60299";"3432";"PLU";"CC";"2014-03-19 23:00:00+00:00";"2009-07-01 22:00:00+00:00";"33";"60";"32";"2021";"NON";"NON";"200068005";"";"";"";"2021-10-06";"38765";""
"60301";"1432";"CC";"CC";"2008-01-08 23:00:00+00:00";"2005-11-13 23:00:00+00:00";"13";"60";"32";"2021";"NON";"NON";"246000848";"";"";"";"2021-10-06";"15266";""
"60304";"1432";"CC";"CC";"2012-01-19 23:00:00+00:00";"2006-03-06 23:00:00+00:00";"13";"60";"32";"2021";"NON";"NON";"246000848";"";"";"";"2021-10-06";"22437";""
"60307";"3199";"PLU";"COM";"2014-03-19 23:00:00+00:00";"2009-07-09 22:00:00+00:00";"39";"60";"32";"2021";"NON";"NON";"60307";"";"";"";"2021-10-06";"38639";""
"60308";"3432";"PLU";"CC";"2013-04-02 22:00:00+00:00";"2008-06-05 22:00:00+00:00";"33";"60";"32";"2021";"NON";"NON";"246000897";"";"";"";"2021-10-06";"35521";""
"60309";"3199";"PLU";"COM";"2020-06-29 22:00:00+00:00";"2015-04-06 22:00:00+00:00";"39";"60";"32";"2021";"NON";"NON";"60309";"";"";"";"2021-10-06";"138193";""
"60310";"3199";"PLU";"COM";"2015-12-07 23:00:00+00:00";"2010-02-17 23:00:00+00:00";"39";"60";"32";"2021";"NON";"NON";"200067999";"";"";"";"2021-10-06";"41201";""
"60312";"1432";"CC";"CC";"2007-12-24 23:00:00+00:00";"2005-05-29 22:00:00+00:00";"13";"60";"32";"2021";"NON";"NON";"246000848";"";"";"";"2021-10-06";"15267";""
"60313";"3199";"PLU";"COM";"2019-10-29 23:00:00+00:00";"2011-04-25 22:00:00+00:00";"39";"60";"32";"2021";"NON";"NON";"200067999";"";"";"";"2021-10-06";"105098";""
"60314";"1432";"CC";"CC";"2010-02-01 23:00:00+00:00";"2006-02-23 23:00:00+00:00";"13";"60";"32";"2021";"NON";"NON";"246000848";"";"";"";"2021-10-06";"22435";""
"60316";"3199";"PLU";"COM";"2018-07-02 22:00:00+00:00";"2015-09-24 22:00:00+00:00";"39";"60";"32";"2021";"NON";"NON";"60316";"";"";"";"2021-10-06";"145887";""
"60317";"3199";"PLU";"COM";"2016-11-13 23:00:00+00:00";"2013-12-11 23:00:00+00:00";"39";"60";"32";"2021";"NON";"NON";"60317";"";"";"";"2021-10-06";"128494";""
"60318";"3432";"PLU";"CC";"2020-06-17 22:00:00+00:00";"2016-01-28 23:00:00+00:00";"33";"60";"32";"2021";"NON";"NON";"246000897";"";"";"";"2021-10-06";"147253";""
"60320";"3199";"PLU";"COM";"2013-06-23 22:00:00+00:00";"2010-04-06 22:00:00+00:00";"39";"60";"32";"2021";"NON";"NON";"60320";"";"";"";"2021-10-06";"41286";""
"60321";"3199";"PLU";"COM";"2015-02-12 23:00:00+00:00";"2010-03-31 22:00:00+00:00";"39";"60";"32";"2021";"NON";"NON";"60321";"";"";"";"2021-10-06";"41584";""
"60322";"3199";"PLU";"COM";"2013-06-24 22:00:00+00:00";"2009-11-23 23:00:00+00:00";"39";"60";"32";"2021";"NON";"NON";"60322";"";"";"";"2021-10-06";"40556";""
"60323";"3299";"PLUi/PLUiS";"CA";"2019-11-13 23:00:00+00:00";"2017-05-23 22:00:00+00:00";"39";"60";"32";"2021";"NON";"OUI";"200067965";"";"";"";"2021-10-06";"132393";""
"60324";"3432";"PLU";"CC";"2017-03-22 23:00:00+00:00";"2014-03-27 23:00:00+00:00";"33";"60";"32";"2021";"NON";"NON";"246000749";"";"";"";"2021-10-06";"130741";""
"60325";"3299";"PLUi/PLUiS";"CA";"2019-11-13 23:00:00+00:00";"2017-05-23 22:00:00+00:00";"39";"60";"32";"2021";"NON";"OUI";"200067965";"";"";"";"2021-10-06";"132393";""
"60326";"3299";"PLUi/PLUiS";"CA";"2019-11-13 23:00:00+00:00";"2017-05-23 22:00:00+00:00";"39";"60";"32";"2021";"NON";"OUI";"200067965";"";"";"";"2021-10-06";"132393";""
"60327";"3199";"PLU";"COM";"2021-02-11 23:00:00+00:00";"2014-06-19 22:00:00+00:00";"39";"60";"32";"2021";"NON";"NON";"60327";"";"";"";"2021-10-06";"130615";""
"60328";"3199";"PLU";"COM";"2017-12-11 23:00:00+00:00";"2015-06-08 22:00:00+00:00";"39";"60";"32";"2021";"NON";"NON";"200067999";"";"";"";"2021-10-06";"139237";""
"60329";"3199";"PLU";"COM";"2014-05-18 22:00:00+00:00";"2008-12-18 23:00:00+00:00";"39";"60";"32";"2021";"NON";"NON";"60329";"";"";"";"2021-10-06";"37305";""
"60332";"3199";"PLU";"COM";"2010-02-18 23:00:00+00:00";"2005-06-29 22:00:00+00:00";"39";"60";"32";"2021";"NON";"NON";"60332";"";"";"";"2021-10-06";"15821";""
"60333";"3432";"PLU";"CC";"2006-04-12 22:00:00+00:00";"2002-06-30 22:00:00+00:00";"33";"60";"32";"2021";"NON";"NON";"246000913";"";"";"";"2021-10-06";"15903";""
"60334";"3199";"PLU";"COM";"2021-02-12 23:00:00+00:00";"2015-11-23 23:00:00+00:00";"39";"60";"32";"2021";"NON";"NON";"60334";"";"";"";"2021-10-06";"145893";""
"60336";"3199";"PLU";"COM";"2013-06-20 22:00:00+00:00";"2007-12-17 23:00:00+00:00";"39";"60";"32";"2021";"NON";"NON";"60336";"";"";"";"2021-10-06";"33657";""
"60337";"3299";"PLUi/PLUiS";"CA";"2019-11-13 23:00:00+00:00";"2017-05-23 22:00:00+00:00";"39";"60";"32";"2021";"NON";"OUI";"200067965";"";"";"";"2021-10-06";"132393";""
"60338";"3299";"PLUi/PLUiS";"CA";"2019-11-13 23:00:00+00:00";"2017-05-23 22:00:00+00:00";"39";"60";"32";"2021";"NON";"OUI";"200067965";"";"";"";"2021-10-06";"132393";""
"60339";"3199";"PLU";"COM";"2007-04-11 22:00:00+00:00";"2003-09-24 22:00:00+00:00";"39";"60";"32";"2021";"NON";"NON";"200067999";"";"";"";"2021-10-06";"15930";""
"60340";"3199";"PLU";"COM";"2014-12-04 23:00:00+00:00";"2012-02-02 23:00:00+00:00";"39";"60";"32";"2021";"NON";"NON";"60340";"";"";"";"2021-10-06";"104731";""
"60341";"3131";"PLU";"COM";"2016-06-10 22:00:00+00:00";"2010-12-06 23:00:00+00:00";"33";"60";"32";"2021";"NON";"NON";"60341";"";"";"";"2021-10-06";"45840";""
"60342";"3199";"PLU";"COM";"2021-07-07 22:00:00+00:00";"2008-09-22 22:00:00+00:00";"39";"60";"32";"2021";"NON";"NON";"60342";"";"";"";"2021-10-06";"36038";""
"60343";"3432";"PLU";"CC";"2007-12-13 23:00:00+00:00";"2003-10-09 22:00:00+00:00";"33";"60";"32";"2021";"NON";"NON";"246000913";"";"";"";"2021-10-06";"15931";""
"60344";"3432";"PLU";"CC";"2009-02-17 23:00:00+00:00";"2005-04-27 22:00:00+00:00";"33";"60";"32";"2021";"NON";"NON";"246000913";"";"";"";"2021-10-06";"15932";""
"60345";"3499";"PLU";"CC";"2013-04-25 22:00:00+00:00";"2008-05-29 22:00:00+00:00";"39";"60";"32";"2021";"NON";"NON";"246000376";"";"";"";"2021-10-06";"35977";""
"60346";"3131";"PLU";"COM";"2013-11-14 23:00:00+00:00";"2003-05-15 22:00:00+00:00";"33";"60";"32";"2021";"NON";"NON";"60346";"";"";"";"2021-10-06";"15806";""
"60347";"3432";"PLU";"CC";"2013-06-27 22:00:00+00:00";"2009-06-25 22:00:00+00:00";"33";"60";"32";"2021";"NON";"NON";"246000848";"";"";"";"2021-10-06";"39319";""
"60348";"1199";"CC";"COM";"2009-04-07 22:00:00+00:00";"2006-12-07 23:00:00+00:00";"19";"60";"32";"2021";"NON";"NON";"60348";"";"";"";"2021-10-06";"34212";""
"60350";"3199";"PLU";"COM";"2013-06-27 22:00:00+00:00";"2008-06-29 22:00:00+00:00";"39";"60";"32";"2021";"NON";"NON";"60350";"";"";"";"2021-10-06";"35810";""
"60351";"3199";"PLU";"COM";"2009-02-18 23:00:00+00:00";"2004-09-28 22:00:00+00:00";"39";"60";"32";"2021";"NON";"NON";"60351";"";"";"";"2021-10-06";"15933";""
"60352";"3199";"PLU";"COM";"2019-08-21 22:00:00+00:00";"2014-10-16 22:00:00+00:00";"39";"60";"32";"2021";"NON";"NON";"60352";"";"";"";"2021-10-06";"134651";""
"60356";"3199";"PLU";"COM";"2019-02-03 23:00:00+00:00";"2014-09-07 22:00:00+00:00";"39";"60";"32";"2021";"NON";"NON";"60356";"";"";"";"2021-10-06";"140458";""
"60357";"3199";"PLU";"COM";"2015-03-16 23:00:00+00:00";"2010-06-27 22:00:00+00:00";"39";"60";"32";"2021";"NON";"NON";"60357";"";"";"";"2021-10-06";"46397";""
"60358";"3199";"PLU";"COM";"2018-03-26 22:00:00+00:00";"2013-12-10 23:00:00+00:00";"39";"60";"32";"2021";"NON";"NON";"60358";"";"";"";"2021-10-06";"126998";""
"60359";"3432";"PLU";"CC";"2008-01-31 23:00:00+00:00";"2005-03-17 23:00:00+00:00";"33";"60";"32";"2021";"NON";"NON";"246000913";"";"";"";"2021-10-06";"15934";""
"60361";"3199";"PLU";"COM";"2006-08-31 22:00:00+00:00";"2001-09-13 22:00:00+00:00";"39";"60";"32";"2021";"NON";"NON";"60361";"";"";"";"2021-10-06";"15935";""
"60363";"3199";"PLU";"COM";"2016-11-14 23:00:00+00:00";"2013-09-02 22:00:00+00:00";"39";"60";"32";"2021";"NON";"NON";"60363";"";"";"";"2021-10-06";"125682";""
"60364";"3199";"PLU";"COM";"2003-09-30 22:00:00+00:00";"1999-07-28 22:00:00+00:00";"39";"60";"32";"2021";"NON";"NON";"60364";"";"";"";"2021-10-06";"12663";""
"60366";"3199";"PLU";"COM";"2018-09-26 22:00:00+00:00";"2014-11-12 23:00:00+00:00";"39";"60";"32";"2021";"NON";"NON";"200067999";"";"";"";"2021-10-06";"134635";""
"60367";"3199";"PLU";"COM";"2014-03-09 23:00:00+00:00";"2010-09-26 22:00:00+00:00";"39";"60";"32";"2021";"NON";"NON";"60367";"";"";"";"2021-10-06";"46390";""
"60368";"3199";"PLU";"COM";"2021-02-12 23:00:00+00:00";"2018-01-24 23:00:00+00:00";"39";"60";"32";"2021";"NON";"NON";"60368";"";"";"";"2021-10-06";"163048";""
"60369";"3432";"PLU";"CC";"2005-07-06 22:00:00+00:00";"2002-03-28 23:00:00+00:00";"33";"60";"32";"2021";"NON";"NON";"246000897";"";"";"";"2021-10-06";"27125";""
"60370";"3199";"PLU";"COM";"2018-09-19 22:00:00+00:00";"2015-01-29 23:00:00+00:00";"39";"60";"32";"2021";"NON";"NON";"60370";"";"";"";"2021-10-06";"137122";""
"60371";"1432";"CC";"CC";"2009-08-05 22:00:00+00:00";"2005-06-06 22:00:00+00:00";"13";"60";"32";"2021";"NON";"NON";"246000848";"";"";"";"2021-10-06";"15269";""
"60372";"1199";"CC";"COM";"2008-09-07 22:00:00+00:00";"2005-04-28 22:00:00+00:00";"19";"60";"32";"2021";"NON";"NON";"60372";"";"";"";"2021-10-06";"15270";""
"60373";"3199";"PLU";"COM";"2013-06-13 22:00:00+00:00";"2009-08-26 22:00:00+00:00";"39";"60";"32";"2021";"NON";"NON";"60373";"";"";"";"2021-10-06";"39302";""
"60374";"3199";"PLU";"COM";"2017-06-29 22:00:00+00:00";"2014-06-26 22:00:00+00:00";"39";"60";"32";"2021";"NON";"NON";"60374";"";"";"";"2021-10-06";"136078";""
"60376";"3199";"PLU";"COM";"2011-06-16 22:00:00+00:00";"2007-07-02 22:00:00+00:00";"39";"60";"32";"2021";"NON";"NON";"200067999";"";"";"";"2021-10-06";"34225";""
"60377";"3432";"PLU";"CC";"2018-10-28 23:00:00+00:00";"2012-02-14 23:00:00+00:00";"33";"60";"32";"2021";"NON";"NON";"200068005";"";"";"";"2021-10-06";"105104";""
"60378";"3199";"PLU";"COM";"2013-06-23 22:00:00+00:00";"2008-07-09 22:00:00+00:00";"39";"60";"32";"2021";"NON";"NON";"60378";"";"";"";"2021-10-06";"35650";""
"60379";"3199";"PLU";"COM";"2013-05-05 22:00:00+00:00";"2006-01-11 23:00:00+00:00";"39";"60";"32";"2021";"NON";"NON";"60379";"";"";"";"2021-10-06";"13053";""
"60380";"3199";"PLU";"COM";"2018-10-21 22:00:00+00:00";"2013-03-12 23:00:00+00:00";"39";"60";"32";"2021";"NON";"NON";"60380";"";"";"";"2021-10-06";"127638";""
"60382";"3299";"PLUi/PLUiS";"CA";"2019-11-13 23:00:00+00:00";"2017-05-23 22:00:00+00:00";"39";"60";"32";"2021";"NON";"OUI";"200067965";"";"";"";"2021-10-06";"132393";""
"60383";"3199";"PLU";"COM";"2005-09-28 22:00:00+00:00";"2001-10-25 22:00:00+00:00";"39";"60";"32";"2021";"NON";"NON";"60383";"";"";"";"2021-10-06";"12690";""
"60385";"3199";"PLU";"COM";"2011-10-19 22:00:00+00:00";"2005-06-08 22:00:00+00:00";"39";"60";"32";"2021";"NON";"NON";"60385";"";"";"";"2021-10-06";"15808";""
"60387";"3432";"PLU";"CC";"2009-12-16 23:00:00+00:00";"2004-09-13 22:00:00+00:00";"33";"60";"32";"2021";"NON";"NON";"246000848";"";"";"";"2021-10-06";"15936";""
"60389";"3199";"PLU";"COM";"2018-04-10 22:00:00+00:00";"2010-05-16 22:00:00+00:00";"39";"60";"32";"2021";"NON";"NON";"60389";"";"";"";"2021-10-06";"37486";""
"60390";"3199";"PLU";"COM";"2015-07-07 22:00:00+00:00";"2008-05-20 22:00:00+00:00";"39";"60";"32";"2021";"NON";"NON";"60390";"";"";"";"2021-10-06";"35687";""
"60391";"3199";"PLU";"COM";"2019-10-03 22:00:00+00:00";"2015-11-30 23:00:00+00:00";"39";"60";"32";"2021";"NON";"NON";"60391";"";"";"";"2021-10-06";"145803";""
"60392";"3199";"PLU";"COM";"2018-04-03 22:00:00+00:00";"2014-04-22 22:00:00+00:00";"39";"60";"32";"2021";"NON";"NON";"60392";"";"";"";"2021-10-06";"136300";""
"60393";"3199";"PLU";"COM";"2015-07-14 22:00:00+00:00";"2009-11-30 23:00:00+00:00";"39";"60";"32";"2021";"NON";"NON";"60393";"";"";"";"2021-10-06";"40479";""
"60395";"3199";"PLU";"COM";"2021-01-10 23:00:00+00:00";"2015-05-17 22:00:00+00:00";"39";"60";"32";"2021";"NON";"NON";"60395";"";"";"";"2021-10-06";"138986";""
"60396";"3199";"PLU";"COM";"2014-02-23 23:00:00+00:00";"2009-11-01 23:00:00+00:00";"39";"60";"32";"2021";"NON";"NON";"60396";"";"";"";"2021-10-06";"40969";""
"60398";"3199";"PLU";"COM";"2012-06-11 22:00:00+00:00";"2008-04-27 22:00:00+00:00";"39";"60";"32";"2021";"NON";"NON";"60398";"";"";"";"2021-10-06";"34784";""
"60399";"3432";"PLU";"CC";"2013-06-20 22:00:00+00:00";"2010-02-25 23:00:00+00:00";"33";"60";"32";"2021";"NON";"NON";"200068005";"";"";"";"2021-10-06";"41391";""
"60400";"3199";"PLU";"COM";"2009-01-29 23:00:00+00:00";"2006-02-22 23:00:00+00:00";"39";"60";"32";"2021";"NON";"NON";"60400";"";"";"";"2021-10-06";"22445";""
"60401";"3199";"PLU";"COM";"2011-03-24 23:00:00+00:00";"2007-07-04 22:00:00+00:00";"39";"60";"32";"2021";"NON";"NON";"60401";"";"";"";"2021-10-06";"34227";""
"60402";"3299";"PLUi/PLUiS";"CA";"2019-11-13 23:00:00+00:00";"2017-05-23 22:00:00+00:00";"39";"60";"32";"2021";"NON";"OUI";"200067965";"";"";"";"2021-10-06";"132393";""
"60403";"3199";"PLU";"COM";"2010-04-21 22:00:00+00:00";"2005-08-31 22:00:00+00:00";"39";"60";"32";"2021";"NON";"NON";"200067999";"";"";"";"2021-10-06";"15812";""
"60404";"3131";"PLU";"COM";"2004-11-22 23:00:00+00:00";"2001-09-16 22:00:00+00:00";"33";"60";"32";"2021";"NON";"NON";"60404";"";"";"";"2021-10-06";"12644";""
"60405";"1432";"CC";"CC";"2011-04-10 22:00:00+00:00";"2009-10-21 22:00:00+00:00";"13";"60";"32";"2021";"NON";"NON";"246000848";"";"";"";"2021-10-06";"40060";""
"60406";"3199";"PLU";"COM";"2010-01-18 23:00:00+00:00";"2004-01-20 23:00:00+00:00";"39";"60";"32";"2021";"NON";"NON";"60406";"";"";"";"2021-10-06";"15815";""
"60408";"3131";"PLU";"COM";"2006-11-30 23:00:00+00:00";"2002-04-15 22:00:00+00:00";"33";"60";"32";"2021";"NON";"NON";"60408";"";"";"";"2021-10-06";"15817";""
"60409";"3199";"PLU";"COM";"2017-12-10 23:00:00+00:00";"2014-04-16 22:00:00+00:00";"39";"60";"32";"2021";"NON";"NON";"60409";"";"";"";"2021-10-06";"134696";""
"60411";"3199";"PLU";"COM";"2018-11-14 23:00:00+00:00";"2014-09-17 22:00:00+00:00";"39";"60";"32";"2021";"NON";"NON";"60411";"";"";"";"2021-10-06";"132620";""
"60412";"3199";"PLU";"COM";"2021-06-29 22:00:00+00:00";"2014-09-03 22:00:00+00:00";"39";"60";"32";"2021";"NON";"NON";"60412";"";"";"";"2021-10-06";"132199";""
"60413";"3199";"PLU";"COM";"2017-07-09 22:00:00+00:00";"2009-02-19 23:00:00+00:00";"39";"60";"32";"2021";"NON";"NON";"60413";"";"";"";"2021-10-06";"37949";""
"60414";"3199";"PLU";"COM";"2013-09-29 22:00:00+00:00";"2011-06-19 22:00:00+00:00";"39";"60";"32";"2021";"NON";"NON";"60414";"";"";"";"2021-10-06";"78774";""
"60415";"3199";"PLU";"COM";"2019-06-25 22:00:00+00:00";"2014-09-09 22:00:00+00:00";"39";"60";"32";"2021";"NON";"NON";"60415";"";"";"";"2021-10-06";"132437";""
"60416";"3199";"PLU";"COM";"2016-03-13 23:00:00+00:00";"2010-11-18 23:00:00+00:00";"39";"60";"32";"2021";"NON";"NON";"60416";"";"";"";"2021-10-06";"45844";""
"60420";"3199";"PLU";"COM";"2014-02-23 23:00:00+00:00";"2006-02-10 23:00:00+00:00";"39";"60";"32";"2021";"NON";"NON";"60420";"";"";"";"2021-10-06";"34122";""
"60421";"3199";"PLU";"COM";"2017-03-23 23:00:00+00:00";"2011-11-16 23:00:00+00:00";"39";"60";"32";"2021";"NON";"NON";"60421";"";"";"";"2021-10-06";"95589";""
"60423";"3199";"PLU";"COM";"2013-06-20 22:00:00+00:00";"2008-12-04 23:00:00+00:00";"39";"60";"32";"2021";"NON";"NON";"60423";"";"";"";"2021-10-06";"37066";""
"60424";"3432";"PLU";"CC";"2012-12-10 23:00:00+00:00";"2007-01-15 23:00:00+00:00";"33";"60";"32";"2021";"NON";"NON";"246000897";"";"";"";"2021-10-06";"33204";""
"60426";"3199";"PLU";"COM";"2019-10-06 22:00:00+00:00";"2015-11-01 23:00:00+00:00";"39";"60";"32";"2021";"NON";"NON";"60426";"";"";"";"2021-10-06";"146186";""
"60427";"3199";"PLU";"COM";"2011-10-18 22:00:00+00:00";"2008-06-24 22:00:00+00:00";"39";"60";"32";"2021";"NON";"NON";"60427";"";"";"";"2021-10-06";"35662";""
"60428";"3131";"PLU";"COM";"2007-06-24 22:00:00+00:00";"2002-10-20 22:00:00+00:00";"33";"60";"32";"2021";"NON";"NON";"200067999";"";"";"";"2021-10-06";"15823";""
"60429";"3199";"PLU";"COM";"2018-06-03 22:00:00+00:00";"2015-10-06 22:00:00+00:00";"39";"60";"32";"2021";"NON";"NON";"60429";"";"";"";"2021-10-06";"147171";""
"60430";"3199";"PLU";"COM";"2016-06-16 22:00:00+00:00";"2012-11-29 23:00:00+00:00";"39";"60";"32";"2021";"NON";"NON";"60430";"";"";"";"2021-10-06";"116897";""
"60431";"3199";"PLU";"COM";"2016-10-16 22:00:00+00:00";"2012-04-05 22:00:00+00:00";"39";"60";"32";"2021";"NON";"NON";"60431";"";"";"";"2021-10-06";"109857";""
"60433";"3199";"PLU";"COM";"2006-12-04 23:00:00+00:00";"1998-09-28 22:00:00+00:00";"39";"60";"32";"2021";"NON";"NON";"60433";"";"";"";"2021-10-06";"15828";""
"60434";"3199";"PLU";"COM";"2012-12-12 23:00:00+00:00";"2007-10-08 22:00:00+00:00";"39";"60";"32";"2021";"NON";"NON";"60434";"";"";"";"2021-10-06";"33382";""
"60435";"1432";"CC";"CC";"2007-03-23 23:00:00+00:00";"2001-09-10 22:00:00+00:00";"13";"60";"32";"2021";"NON";"NON";"246000848";"";"";"";"2021-10-06";"14735";""
"60439";"3434";"PLU";"CC";"2014-07-24 22:00:00+00:00";"2010-06-01 22:00:00+00:00";"33";"60";"32";"2021";"NON";"NON";"60439";"";"";"";"2021-10-06";"42129";""
"60440";"3199";"PLU";"COM";"2018-03-18 23:00:00+00:00";"2014-08-31 22:00:00+00:00";"39";"60";"32";"2021";"NON";"NON";"60440";"";"";"";"2021-10-06";"135999";""
"60441";"3432";"PLU";"CC";"2015-01-26 23:00:00+00:00";"2011-05-03 22:00:00+00:00";"33";"60";"32";"2021";"NON";"NON";"246000897";"";"";"";"2021-10-06";"78839";""
"60442";"1199";"CC";"COM";"2008-04-24 22:00:00+00:00";"2005-12-06 23:00:00+00:00";"19";"60";"32";"2021";"NON";"NON";"60442";"";"";"";"2021-10-06";"13057";""
"60443";"3131";"PLU";"COM";"2010-10-06 22:00:00+00:00";"2004-10-28 22:00:00+00:00";"33";"60";"32";"2021";"NON";"NON";"60443";"";"";"";"2021-10-06";"15937";""
"60444";"1432";"CC";"CC";"2009-10-01 22:00:00+00:00";"2006-03-27 22:00:00+00:00";"13";"60";"32";"2021";"NON";"NON";"246000848";"";"";"";"2021-10-06";"22438";""
"60446";"3199";"PLU";"COM";"2016-07-11 22:00:00+00:00";"2009-02-16 23:00:00+00:00";"39";"60";"32";"2021";"NON";"NON";"60446";"";"";"";"2021-10-06";"36854";""
"60447";"3299";"PLUi/PLUiS";"CA";"2019-11-13 23:00:00+00:00";"2017-05-23 22:00:00+00:00";"39";"60";"32";"2021";"NON";"OUI";"200067965";"";"";"";"2021-10-06";"132393";""
"60448";"3199";"PLU";"COM";"2008-01-21 23:00:00+00:00";"2004-11-11 23:00:00+00:00";"39";"60";"32";"2021";"NON";"NON";"60448";"";"";"";"2021-10-06";"15938";""
"60450";"3131";"PLU";"COM";"2009-06-14 22:00:00+00:00";"2005-09-29 22:00:00+00:00";"33";"60";"32";"2021";"NON";"NON";"60450";"";"";"";"2021-10-06";"15829";""
"60451";"3434";"PLU";"CC";"2008-09-11 22:00:00+00:00";"2003-11-06 23:00:00+00:00";"33";"60";"32";"2021";"NON";"NON";"246000376";"";"";"";"2021-10-06";"15830";""
"60452";"3199";"PLU";"COM";"2020-03-05 23:00:00+00:00";"2015-09-24 22:00:00+00:00";"39";"60";"32";"2021";"NON";"NON";"60452";"";"";"";"2021-10-06";"145889";""
"60454";"3199";"PLU";"COM";"2019-11-21 23:00:00+00:00";"2011-03-21 23:00:00+00:00";"39";"60";"32";"2021";"NON";"NON";"200067999";"";"";"";"2021-10-06";"79103";""
"60456";"3199";"PLU";"COM";"2007-03-25 22:00:00+00:00";"2001-12-02 23:00:00+00:00";"39";"60";"32";"2021";"NON";"NON";"60456";"";"";"";"2021-10-06";"33042";""
"60457";"3432";"PLU";"CC";"2015-06-03 22:00:00+00:00";"2009-05-28 22:00:00+00:00";"33";"60";"32";"2021";"NON";"NON";"200068005";"";"";"";"2021-10-06";"41284";""
"60458";"1432";"CC";"CC";"2010-07-16 22:00:00+00:00";"2006-11-30 23:00:00+00:00";"13";"60";"32";"2021";"NON";"NON";"246000848";"";"";"";"2021-10-06";"34208";""
"60459";"3199";"PLU";"COM";"2017-06-29 22:00:00+00:00";"2014-01-30 23:00:00+00:00";"39";"60";"32";"2021";"NON";"NON";"60459";"";"";"";"2021-10-06";"130614";""
"60460";"3432";"PLU";"CC";"2011-12-12 23:00:00+00:00";"2008-04-24 22:00:00+00:00";"33";"60";"32";"2021";"NON";"NON";"246000848";"";"";"";"2021-10-06";"34738";""
"60461";"3199";"PLU";"COM";"2020-02-27 23:00:00+00:00";"2015-09-23 22:00:00+00:00";"39";"60";"32";"2021";"NON";"NON";"200067999";"";"";"";"2021-10-06";"141466";""
"60462";"3131";"PLU";"COM";"2007-01-14 23:00:00+00:00";"2001-06-19 22:00:00+00:00";"33";"60";"32";"2021";"NON";"NON";"60462";"";"";"";"2021-10-06";"15831";""
"60463";"3199";"PLU";"COM";"2019-10-09 22:00:00+00:00";"2016-09-28 22:00:00+00:00";"39";"60";"32";"2021";"NON";"NON";"60463";"";"";"";"2021-10-06";"166813";""
"60464";"3499";"PLU";"CC";"2006-01-16 23:00:00+00:00";"2001-06-24 22:00:00+00:00";"39";"60";"32";"2021";"NON";"NON";"246000376";"";"";"";"2021-10-06";"12734";""
"60465";"3432";"PLU";"CC";"2015-05-05 22:00:00+00:00";"2010-12-28 23:00:00+00:00";"33";"60";"32";"2021";"NON";"NON";"200068005";"";"";"";"2021-10-06";"46386";""
"60466";"3199";"PLU";"COM";"2013-06-20 22:00:00+00:00";"2007-11-06 23:00:00+00:00";"39";"60";"32";"2021";"NON";"NON";"60466";"";"";"";"2021-10-06";"35857";""
"60468";"3199";"PLU";"COM";"2014-02-27 23:00:00+00:00";"2011-08-22 22:00:00+00:00";"39";"60";"32";"2021";"NON";"NON";"60468";"";"";"";"2021-10-06";"77988";""
"60469";"3199";"PLU";"COM";"2021-02-18 23:00:00+00:00";"2014-05-16 22:00:00+00:00";"39";"60";"32";"2021";"NON";"NON";"60469";"";"";"";"2021-10-06";"130740";""
"60470";"3432";"PLU";"CC";"2020-02-17 23:00:00+00:00";"2014-11-05 23:00:00+00:00";"33";"60";"32";"2021";"NON";"NON";"200068005";"";"";"";"2021-10-06";"134637";""
"60471";"3131";"PLU";"COM";"2010-03-30 22:00:00+00:00";"2005-04-07 22:00:00+00:00";"33";"60";"32";"2021";"NON";"NON";"60471";"";"";"";"2021-10-06";"15835";""
"60472";"1432";"CC";"CC";"2010-09-13 22:00:00+00:00";"2006-10-05 22:00:00+00:00";"13";"60";"32";"2021";"NON";"NON";"246000848";"";"";"";"2021-10-06";"34206";""
"60473";"3199";"PLU";"COM";"2019-03-04 23:00:00+00:00";"2015-05-03 22:00:00+00:00";"39";"60";"32";"2021";"NON";"NON";"60473";"";"";"";"2021-10-06";"139061";""
"60476";"1432";"CC";"CC";"2010-09-07 22:00:00+00:00";"2005-09-22 22:00:00+00:00";"13";"60";"32";"2021";"NON";"NON";"246000848";"";"";"";"2021-10-06";"15272";""
"60477";"3432";"PLU";"CC";"2015-11-04 23:00:00+00:00";"2009-12-10 23:00:00+00:00";"33";"60";"32";"2021";"NON";"NON";"246000913";"";"";"";"2021-10-06";"41456";""
"60479";"3199";"PLU";"COM";"2008-06-18 22:00:00+00:00";"2004-01-08 23:00:00+00:00";"39";"60";"32";"2021";"NON";"NON";"60479";"";"";"";"2021-10-06";"15844";""
"60480";"3432";"PLU";"CC";"2012-10-25 22:00:00+00:00";"2008-10-09 22:00:00+00:00";"33";"60";"32";"2021";"NON";"NON";"200068005";"";"";"";"2021-10-06";"36083";""
"60482";"3199";"PLU";"COM";"2015-09-23 22:00:00+00:00";"2014-02-05 23:00:00+00:00";"39";"60";"32";"2021";"NON";"NON";"60482";"";"";"";"2021-10-06";"129068";""
"60483";"3199";"PLU";"COM";"2008-02-20 23:00:00+00:00";"2006-05-26 22:00:00+00:00";"39";"60";"32";"2021";"NON";"NON";"60483";"";"";"";"2021-10-06";"34237";""
"60484";"1432";"CC";"CC";"2008-02-02 23:00:00+00:00";"2004-05-27 22:00:00+00:00";"13";"60";"32";"2021";"NON";"NON";"246000848";"";"";"";"2021-10-06";"14733";""
"60485";"3432";"PLU";"CC";"2005-06-23 22:00:00+00:00";"1993-03-04 23:00:00+00:00";"33";"60";"32";"2021";"NON";"NON";"200068005";"";"";"";"2021-10-06";"12743";""
"60486";"3432";"PLU";"CC";"2009-11-19 23:00:00+00:00";"2004-11-25 23:00:00+00:00";"33";"60";"32";"2021";"NON";"NON";"200068005";"";"";"";"2021-10-06";"15850";""
"60487";"3199";"PLU";"COM";"2018-10-04 22:00:00+00:00";"2014-09-11 22:00:00+00:00";"39";"60";"32";"2021";"NON";"NON";"60487";"";"";"";"2021-10-06";"130611";""
"60488";"3199";"PLU";"COM";"2016-03-06 23:00:00+00:00";"2011-11-22 23:00:00+00:00";"39";"60";"32";"2021";"NON";"NON";"60488";"";"";"";"2021-10-06";"103368";""
"60489";"3199";"PLU";"COM";"2012-01-15 23:00:00+00:00";"2009-06-14 22:00:00+00:00";"39";"60";"32";"2021";"NON";"NON";"60489";"";"";"";"2021-10-06";"38468";""
"60490";"3199";"PLU";"COM";"2012-03-26 22:00:00+00:00";"2008-04-24 22:00:00+00:00";"39";"60";"32";"2021";"NON";"NON";"200067999";"";"";"";"2021-10-06";"36641";""
"60491";"3432";"PLU";"CC";"2017-06-12 22:00:00+00:00";"2012-01-23 23:00:00+00:00";"33";"60";"32";"2021";"NON";"NON";"246000749";"";"";"";"2021-10-06";"103382";""
"60492";"3199";"PLU";"COM";"2005-06-23 22:00:00+00:00";"2002-02-11 23:00:00+00:00";"39";"60";"32";"2021";"NON";"NON";"60492";"";"";"";"2021-10-06";"12765";""
"60493";"3432";"PLU";"CC";"2007-06-20 22:00:00+00:00";"2005-02-09 23:00:00+00:00";"33";"60";"32";"2021";"NON";"NON";"246000848";"";"";"";"2021-10-06";"15942";""
"60494";"3199";"PLU";"COM";"2017-06-25 22:00:00+00:00";"2011-10-19 22:00:00+00:00";"39";"60";"32";"2021";"NON";"NON";"60494";"";"";"";"2021-10-06";"95575";""
"60495";"3199";"PLU";"COM";"2008-02-28 23:00:00+00:00";"2004-06-10 22:00:00+00:00";"39";"60";"32";"2021";"NON";"NON";"60495";"";"";"";"2021-10-06";"15856";""
"60497";"3199";"PLU";"COM";"2008-02-17 23:00:00+00:00";"2003-03-27 23:00:00+00:00";"39";"60";"32";"2021";"NON";"NON";"60497";"";"";"";"2021-10-06";"15944";""
"60498";"3199";"PLU";"COM";"2014-12-11 23:00:00+00:00";"2009-02-12 23:00:00+00:00";"39";"60";"32";"2021";"NON";"NON";"60498";"";"";"";"2021-10-06";"37828";""
"60499";"3199";"PLU";"COM";"2007-07-09 22:00:00+00:00";"2002-03-27 23:00:00+00:00";"39";"60";"32";"2021";"NON";"NON";"60499";"";"";"";"2021-10-06";"15945";""
"60500";"3199";"PLU";"COM";"2018-04-19 22:00:00+00:00";"2016-04-27 22:00:00+00:00";"39";"60";"32";"2021";"NON";"NON";"60500";"";"";"";"2021-10-06";"149025";""
"60501";"3199";"PLU";"COM";"2006-12-06 23:00:00+00:00";"2001-09-27 22:00:00+00:00";"39";"60";"32";"2021";"NON";"NON";"60501";"";"";"";"2021-10-06";"15948";""
"60502";"1199";"CC";"COM";"2018-05-27 22:00:00+00:00";"2014-09-07 22:00:00+00:00";"19";"60";"32";"2021";"NON";"NON";"60502";"";"";"";"2021-10-06";"132828";""
"60504";"3199";"PLU";"COM";"2013-05-22 22:00:00+00:00";"2009-05-28 22:00:00+00:00";"39";"60";"32";"2021";"NON";"NON";"60504";"";"";"";"2021-10-06";"38416";""
"60505";"3199";"PLU";"COM";"2020-08-30 22:00:00+00:00";"2015-02-08 23:00:00+00:00";"39";"60";"32";"2021";"NON";"NON";"60505";"";"";"";"2021-10-06";"137126";""
"60507";"3199";"PLU";"COM";"2018-09-17 22:00:00+00:00";"2014-11-03 23:00:00+00:00";"39";"60";"32";"2021";"NON";"NON";"60507";"";"";"";"2021-10-06";"134415";""
"60508";"3199";"PLU";"COM";"2013-12-15 23:00:00+00:00";"2008-10-29 23:00:00+00:00";"39";"60";"32";"2021";"NON";"NON";"60508";"";"";"";"2021-10-06";"36368";""
"60509";"3199";"PLU";"COM";"2013-03-10 23:00:00+00:00";"2002-09-08 22:00:00+00:00";"39";"60";"32";"2021";"NON";"NON";"60509";"";"";"";"2021-10-06";"15858";""
"60510";"1131";"CC";"COM";"2005-12-16 23:00:00+00:00";"2004-01-29 23:00:00+00:00";"13";"60";"32";"2021";"NON";"NON";"60510";"";"";"";"2021-10-06";"15283";""
"60511";"3199";"PLU";"COM";"2012-12-11 23:00:00+00:00";"2008-05-20 22:00:00+00:00";"39";"60";"32";"2021";"NON";"NON";"60511";"";"";"";"2021-10-06";"36326";""
"60513";"3199";"PLU";"COM";"2017-12-07 23:00:00+00:00";"2012-12-13 23:00:00+00:00";"39";"60";"32";"2021";"NON";"NON";"60513";"";"";"";"2021-10-06";"122673";""
"60515";"3199";"PLU";"COM";"2013-06-23 22:00:00+00:00";"2009-04-29 22:00:00+00:00";"39";"60";"32";"2021";"NON";"NON";"60515";"";"";"";"2021-10-06";"38183";""
"60516";"1432";"CC";"CC";"2006-06-03 22:00:00+00:00";"2003-02-14 23:00:00+00:00";"13";"60";"32";"2021";"NON";"NON";"246000913";"";"";"";"2021-10-06";"14729";""
"60517";"3199";"PLU";"COM";"2016-03-17 23:00:00+00:00";"2009-03-23 23:00:00+00:00";"39";"60";"32";"2021";"NON";"NON";"60517";"";"";"";"2021-10-06";"42128";""
"60518";"3432";"PLU";"CC";"2016-05-03 22:00:00+00:00";"2010-01-26 23:00:00+00:00";"33";"60";"32";"2021";"NON";"NON";"200068005";"";"";"";"2021-10-06";"41203";""
"60520";"3432";"PLU";"CC";"2013-09-24 22:00:00+00:00";"2008-10-28 23:00:00+00:00";"33";"60";"32";"2021";"NON";"NON";"200068005";"";"";"";"2021-10-06";"38383";""
"60521";"1432";"CC";"CC";"2008-12-06 23:00:00+00:00";"2005-12-01 23:00:00+00:00";"13";"60";"32";"2021";"NON";"NON";"246000848";"";"";"";"2021-10-06";"15274";""
"60522";"3199";"PLU";"COM";"2017-02-09 23:00:00+00:00";"2012-10-18 22:00:00+00:00";"39";"60";"32";"2021";"NON";"NON";"60522";"";"";"";"2021-10-06";"115529";""
"60523";"3199";"PLU";"COM";"2011-12-13 23:00:00+00:00";"2008-04-10 22:00:00+00:00";"39";"60";"32";"2021";"NON";"NON";"200067999";"";"";"";"2021-10-06";"34739";""
"60524";"3199";"PLU";"COM";"2019-07-04 22:00:00+00:00";"2012-06-03 22:00:00+00:00";"39";"60";"32";"2021";"NON";"NON";"60524";"";"";"";"2021-10-06";"112408";""
"60525";"3199";"PLU";"COM";"2013-05-24 22:00:00+00:00";"2009-01-16 23:00:00+00:00";"39";"60";"32";"2021";"NON";"NON";"60525";"";"";"";"2021-10-06";"37393";""
"60526";"3199";"PLU";"COM";"2016-05-26 22:00:00+00:00";"2009-09-03 22:00:00+00:00";"39";"60";"32";"2021";"NON";"NON";"60526";"";"";"";"2021-10-06";"46255";""
"60528";"3199";"PLU";"COM";"2017-10-26 22:00:00+00:00";"2014-11-06 23:00:00+00:00";"39";"60";"32";"2021";"NON";"NON";"60528";"";"";"";"2021-10-06";"133503";""
"60529";"3499";"PLU";"CC";"2016-12-11 23:00:00+00:00";"2012-02-23 23:00:00+00:00";"39";"60";"32";"2021";"NON";"NON";"246000376";"";"";"";"2021-10-06";"46786";""
"60530";"3199";"PLU";"COM";"2014-05-06 22:00:00+00:00";"2010-11-08 23:00:00+00:00";"39";"60";"32";"2021";"NON";"NON";"200067999";"";"";"";"2021-10-06";"45842";""
"60531";"3432";"PLU";"CC";"2019-06-23 22:00:00+00:00";"2014-11-03 23:00:00+00:00";"33";"60";"32";"2021";"NON";"NON";"246000897";"";"";"";"2021-10-06";"138189";""
"60533";"3131";"PLU";"COM";"2013-06-27 22:00:00+00:00";"2008-12-14 23:00:00+00:00";"33";"60";"32";"2021";"NON";"NON";"60533";"";"";"";"2021-10-06";"37078";""
"60534";"3432";"PLU";"CC";"2007-10-25 22:00:00+00:00";"2003-06-12 22:00:00+00:00";"33";"60";"32";"2021";"NON";"NON";"246000749";"";"";"";"2021-10-06";"15861";""
"60535";"3432";"PLU";"CC";"2010-12-20 23:00:00+00:00";"2005-10-06 22:00:00+00:00";"33";"60";"32";"2021";"NON";"NON";"200068005";"";"";"";"2021-10-06";"15951";""
"60536";"3199";"PLU";"COM";"2008-03-05 23:00:00+00:00";"2006-03-05 23:00:00+00:00";"39";"60";"32";"2021";"NON";"NON";"60536";"";"";"";"2021-10-06";"22446";""
"60537";"3131";"PLU";"COM";"2011-12-11 23:00:00+00:00";"2006-02-08 23:00:00+00:00";"33";"60";"32";"2021";"NON";"NON";"60537";"";"";"";"2021-10-06";"15865";""
"60538";"3199";"PLU";"COM";"2020-02-16 23:00:00+00:00";"2009-08-23 22:00:00+00:00";"39";"60";"32";"2021";"NON";"NON";"60538";"";"";"";"2021-10-06";"39820";""
"60539";"3199";"PLU";"COM";"2019-03-18 23:00:00+00:00";"2015-07-06 22:00:00+00:00";"39";"60";"32";"2021";"NON";"NON";"60539";"";"";"";"2021-10-06";"142323";""
"60540";"3432";"PLU";"CC";"2018-03-14 23:00:00+00:00";"2010-11-11 23:00:00+00:00";"33";"60";"32";"2021";"NON";"NON";"246000897";"";"";"";"2021-10-06";"25020";""
"60541";"3199";"PLU";"COM";"2017-10-23 22:00:00+00:00";"2014-09-25 22:00:00+00:00";"39";"60";"32";"2021";"NON";"NON";"60541";"";"";"";"2021-10-06";"133252";""
"60542";"3199";"PLU";"COM";"2020-12-16 23:00:00+00:00";"2014-06-16 22:00:00+00:00";"39";"60";"32";"2021";"NON";"NON";"200067999";"";"";"";"2021-10-06";"130689";""
"60545";"1432";"CC";"CC";"2011-10-16 22:00:00+00:00";"2009-04-15 22:00:00+00:00";"13";"60";"32";"2021";"NON";"NON";"246000848";"";"";"";"2021-10-06";"38012";""
"60547";"3199";"PLU";"COM";"2015-02-19 23:00:00+00:00";"2011-05-05 22:00:00+00:00";"39";"60";"32";"2021";"NON";"NON";"60547";"";"";"";"2021-10-06";"83217";""
"60548";"3131";"PLU";"COM";"2008-11-17 23:00:00+00:00";"2004-12-13 23:00:00+00:00";"33";"60";"32";"2021";"NON";"NON";"60548";"";"";"";"2021-10-06";"15952";""
"60549";"3199";"PLU";"COM";"2012-10-11 22:00:00+00:00";"2008-05-22 22:00:00+00:00";"39";"60";"32";"2021";"NON";"NON";"60549";"";"";"";"2021-10-06";"36092";""
"60550";"1432";"CC";"CC";"2008-03-20 23:00:00+00:00";"2005-09-22 22:00:00+00:00";"13";"60";"32";"2021";"NON";"NON";"246000848";"";"";"";"2021-10-06";"15277";""
"60551";"3199";"PLU";"COM";"2020-02-20 23:00:00+00:00";"2015-11-26 23:00:00+00:00";"39";"60";"32";"2021";"NON";"NON";"60551";"";"";"";"2021-10-06";"146068";""
"60552";"3131";"PLU";"COM";"2010-12-02 23:00:00+00:00";"2005-05-12 22:00:00+00:00";"33";"60";"32";"2021";"NON";"NON";"60552";"";"";"";"2021-10-06";"15868";""
"60553";"3199";"PLU";"COM";"2013-06-02 22:00:00+00:00";"2009-09-20 22:00:00+00:00";"39";"60";"32";"2021";"NON";"NON";"60553";"";"";"";"2021-10-06";"39595";""
"60554";"3199";"PLU";"COM";"2011-12-07 23:00:00+00:00";"2008-09-08 22:00:00+00:00";"39";"60";"32";"2021";"NON";"NON";"60554";"";"";"";"2021-10-06";"36096";""
"60555";"1432";"CC";"CC";"2013-07-23 22:00:00+00:00";"2009-05-03 22:00:00+00:00";"13";"60";"32";"2021";"NON";"NON";"200068005";"";"";"";"2021-10-06";"38230";""
"60556";"3199";"PLU";"COM";"2017-12-11 23:00:00+00:00";"2014-05-13 22:00:00+00:00";"39";"60";"32";"2021";"NON";"NON";"60556";"";"";"";"2021-10-06";"130417";""
"60557";"3432";"PLU";"CC";"2013-06-27 22:00:00+00:00";"2009-03-12 23:00:00+00:00";"33";"60";"32";"2021";"NON";"NON";"246000848";"";"";"";"2021-10-06";"38054";""
"60558";"3199";"PLU";"COM";"2018-08-26 22:00:00+00:00";"2014-11-13 23:00:00+00:00";"39";"60";"32";"2021";"NON";"NON";"60558";"";"";"";"2021-10-06";"137585";""
"60559";"3199";"PLU";"COM";"2019-03-27 23:00:00+00:00";"2015-05-28 22:00:00+00:00";"39";"60";"32";"2021";"NON";"NON";"200067999";"";"";"";"2021-10-06";"139325";""
"60560";"3199";"PLU";"COM";"2020-02-04 23:00:00+00:00";"2015-06-24 22:00:00+00:00";"39";"60";"32";"2021";"NON";"NON";"60560";"";"";"";"2021-10-06";"140929";""
"60561";"3199";"PLU";"COM";"2008-06-22 22:00:00+00:00";"2004-12-08 23:00:00+00:00";"39";"60";"32";"2021";"NON";"NON";"60561";"";"";"";"2021-10-06";"15872";""
"60562";"3131";"PLU";"COM";"2007-10-09 22:00:00+00:00";"2002-10-29 23:00:00+00:00";"33";"60";"32";"2021";"NON";"NON";"60562";"";"";"";"2021-10-06";"22452";""
"60563";"3199";"PLU";"COM";"2014-03-11 23:00:00+00:00";"2009-09-03 22:00:00+00:00";"39";"60";"32";"2021";"NON";"NON";"60563";"";"";"";"2021-10-06";"39555";""
"60564";"3199";"PLU";"COM";"2015-10-25 23:00:00+00:00";"2007-01-18 23:00:00+00:00";"39";"60";"32";"2021";"NON";"NON";"60564";"";"";"";"2021-10-06";"34219";""
"60567";"3432";"PLU";"CC";"2005-07-03 22:00:00+00:00";"2001-10-17 22:00:00+00:00";"33";"60";"32";"2021";"NON";"NON";"246000913";"";"";"";"2021-10-06";"12818";""
"60568";"3499";"PLU";"CC";"2015-06-03 22:00:00+00:00";"2011-03-06 23:00:00+00:00";"39";"60";"32";"2021";"NON";"NON";"246000376";"";"";"";"2021-10-06";"1354";""
"60569";"3432";"PLU";"CC";"2013-06-28 22:00:00+00:00";"2006-09-07 22:00:00+00:00";"33";"60";"32";"2021";"NON";"NON";"246000749";"";"";"";"2021-10-06";"34215";""
"60570";"3131";"PLU";"COM";"2004-02-24 23:00:00+00:00";"2001-06-10 22:00:00+00:00";"33";"60";"32";"2021";"NON";"NON";"60570";"";"";"";"2021-10-06";"12824";""
"60572";"3432";"PLU";"CC";"2003-08-05 22:00:00+00:00";"1999-11-08 23:00:00+00:00";"33";"60";"32";"2021";"NON";"NON";"246000749";"";"";"";"2021-10-06";"12826";""
"60573";"3432";"PLU";"CC";"2013-02-09 23:00:00+00:00";"2007-05-24 22:00:00+00:00";"33";"60";"32";"2021";"NON";"NON";"200068005";"";"";"";"2021-10-06";"34221";""
"60575";"3199";"PLU";"COM";"2012-03-26 22:00:00+00:00";"2008-06-25 22:00:00+00:00";"39";"60";"32";"2021";"NON";"NON";"60575";"";"";"";"2021-10-06";"35460";""
"60576";"3131";"PLU";"COM";"2006-05-18 22:00:00+00:00";"2001-06-07 22:00:00+00:00";"33";"60";"32";"2021";"NON";"NON";"200067999";"";"";"";"2021-10-06";"15954";""
"60577";"3432";"PLU";"CC";"2017-10-04 22:00:00+00:00";"2009-04-13 22:00:00+00:00";"33";"60";"32";"2021";"NON";"NON";"246000913";"";"";"";"2021-10-06";"38030";""
"60578";"3299";"PLUi/PLUiS";"CA";"2019-11-13 23:00:00+00:00";"2017-05-23 22:00:00+00:00";"39";"60";"32";"2021";"NON";"OUI";"200067965";"";"";"";"2021-10-06";"132393";""
"60579";"3299";"PLUi/PLUiS";"CA";"2019-11-13 23:00:00+00:00";"2017-05-23 22:00:00+00:00";"39";"60";"32";"2021";"NON";"OUI";"200067965";"";"";"";"2021-10-06";"132393";""
"60581";"3131";"PLU";"COM";"2007-05-03 22:00:00+00:00";"2004-02-05 23:00:00+00:00";"33";"60";"32";"2021";"NON";"NON";"60581";"";"";"";"2021-10-06";"33041";""
"60582";"3199";"PLU";"COM";"2017-05-22 22:00:00+00:00";"2010-05-06 22:00:00+00:00";"39";"60";"32";"2021";"NON";"NON";"60582";"";"";"";"2021-10-06";"64587";""
"60583";"3199";"PLU";"COM";"2019-12-16 23:00:00+00:00";"2011-05-12 22:00:00+00:00";"39";"60";"32";"2021";"NON";"NON";"200067999";"";"";"";"2021-10-06";"77943";""
"60584";"3199";"PLU";"COM";"2014-02-09 23:00:00+00:00";"2009-06-16 22:00:00+00:00";"39";"60";"32";"2021";"NON";"NON";"60584";"";"";"";"2021-10-06";"38517";""
"60585";"3199";"PLU";"COM";"2013-01-17 23:00:00+00:00";"2008-05-15 22:00:00+00:00";"39";"60";"32";"2021";"NON";"NON";"60585";"";"";"";"2021-10-06";"35102";""
"60586";"3199";"PLU";"COM";"2008-02-28 23:00:00+00:00";"2003-09-04 22:00:00+00:00";"39";"60";"32";"2021";"NON";"NON";"200067999";"";"";"";"2021-10-06";"16020";""
"60587";"3199";"PLU";"COM";"2017-03-05 23:00:00+00:00";"2012-03-18 23:00:00+00:00";"39";"60";"32";"2021";"NON";"NON";"60587";"";"";"";"2021-10-06";"119687";""
"60588";"1432";"CC";"CC";"2009-06-06 22:00:00+00:00";"2005-11-09 23:00:00+00:00";"13";"60";"32";"2021";"NON";"NON";"246000848";"";"";"";"2021-10-06";"15827";""
"60589";"3131";"PLU";"COM";"2016-01-19 23:00:00+00:00";"2010-10-14 22:00:00+00:00";"33";"60";"32";"2021";"NON";"NON";"60589";"";"";"";"2021-10-06";"44174";""
"60590";"3432";"PLU";"CC";"2009-12-14 23:00:00+00:00";"2005-02-20 23:00:00+00:00";"33";"60";"32";"2021";"NON";"NON";"246000848";"";"";"";"2021-10-06";"15956";""
"60591";"3131";"PLU";"COM";"2012-02-29 23:00:00+00:00";"2008-05-22 22:00:00+00:00";"33";"60";"32";"2021";"NON";"NON";"200067999";"";"";"";"2021-10-06";"34890";""
"60592";"3432";"PLU";"CC";"2016-06-30 22:00:00+00:00";"2009-06-11 22:00:00+00:00";"33";"60";"32";"2021";"NON";"NON";"246000913";"";"";"";"2021-10-06";"39826";""
"60594";"1432";"CC";"CC";"2009-09-20 22:00:00+00:00";"2002-12-05 23:00:00+00:00";"13";"60";"32";"2021";"NON";"NON";"246000848";"";"";"";"2021-10-06";"14728";""
"60595";"3199";"PLU";"COM";"2020-03-05 23:00:00+00:00";"2014-09-11 22:00:00+00:00";"39";"60";"32";"2021";"NON";"NON";"60595";"";"";"";"2021-10-06";"136586";""
"60596";"3432";"PLU";"CC";"2017-07-02 22:00:00+00:00";"2011-04-07 22:00:00+00:00";"33";"60";"32";"2021";"NON";"NON";"246000848";"";"";"";"2021-10-06";"36022";""
"60597";"3299";"PLUi/PLUiS";"CA";"2019-11-13 23:00:00+00:00";"2017-05-23 22:00:00+00:00";"39";"60";"32";"2021";"NON";"OUI";"200067965";"";"";"";"2021-10-06";"132393";""
"60598";"3199";"PLU";"COM";"2018-07-01 22:00:00+00:00";"2015-10-05 22:00:00+00:00";"39";"60";"32";"2021";"NON";"NON";"60598";"";"";"";"2021-10-06";"146072";""
"60599";"1432";"CC";"CC";"2012-06-20 22:00:00+00:00";"2009-01-15 23:00:00+00:00";"13";"60";"32";"2021";"NON";"NON";"246000848";"";"";"";"2021-10-06";"38052";""
"60600";"3299";"PLUi/PLUiS";"CA";"2019-11-13 23:00:00+00:00";"2017-05-23 22:00:00+00:00";"39";"60";"32";"2021";"NON";"OUI";"200067965";"";"";"";"2021-10-06";"132393";""
"60601";"3199";"PLU";"COM";"2019-12-22 23:00:00+00:00";"2011-07-06 22:00:00+00:00";"39";"60";"32";"2021";"NON";"NON";"60601";"";"";"";"2021-10-06";"78769";""
"60605";"1432";"CC";"CC";"2008-04-13 22:00:00+00:00";"2002-02-01 23:00:00+00:00";"13";"60";"32";"2021";"NON";"NON";"246000848";"";"";"";"2021-10-06";"14727";""
"60608";"3199";"PLU";"COM";"2013-04-14 22:00:00+00:00";"2008-09-07 22:00:00+00:00";"39";"60";"32";"2021";"NON";"NON";"60608";"";"";"";"2021-10-06";"35945";""
"60609";"3199";"PLU";"COM";"2006-09-17 22:00:00+00:00";"2001-09-20 22:00:00+00:00";"39";"60";"32";"2021";"NON";"NON";"200067999";"";"";"";"2021-10-06";"15882";""
"60610";"3199";"PLU";"COM";"2011-01-20 23:00:00+00:00";"2007-09-20 22:00:00+00:00";"39";"60";"32";"2021";"NON";"NON";"60610";"";"";"";"2021-10-06";"34126";""
"60611";"3432";"PLU";"CC";"2009-02-19 23:00:00+00:00";"2004-04-29 22:00:00+00:00";"33";"60";"32";"2021";"NON";"NON";"246000848";"";"";"";"2021-10-06";"15886";""
"60612";"3131";"PLU";"COM";"2013-06-19 22:00:00+00:00";"2008-06-29 22:00:00+00:00";"33";"60";"32";"2021";"NON";"NON";"60612";"";"";"";"2021-10-06";"35651";""
"60613";"3199";"PLU";"COM";"2018-06-13 22:00:00+00:00";"2014-10-13 22:00:00+00:00";"39";"60";"32";"2021";"NON";"NON";"60613";"";"";"";"2021-10-06";"134652";""
"60614";"3199";"PLU";"COM";"2008-02-04 23:00:00+00:00";"2004-09-22 22:00:00+00:00";"39";"60";"32";"2021";"NON";"NON";"60614";"";"";"";"2021-10-06";"15958";""
"60616";"3432";"PLU";"CC";"2010-11-14 23:00:00+00:00";"2002-02-24 23:00:00+00:00";"33";"60";"32";"2021";"NON";"NON";"246000913";"";"";"";"2021-10-06";"15960";""
"60618";"3199";"PLU";"COM";"2018-08-30 22:00:00+00:00";"2014-12-07 23:00:00+00:00";"39";"60";"32";"2021";"NON";"NON";"60618";"";"";"";"2021-10-06";"140461";""
"60619";"3199";"PLU";"COM";"2014-03-13 23:00:00+00:00";"2010-03-21 23:00:00+00:00";"39";"60";"32";"2021";"NON";"NON";"60619";"";"";"";"2021-10-06";"41408";""
"60620";"3199";"PLU";"COM";"2007-07-15 22:00:00+00:00";"2003-06-01 22:00:00+00:00";"39";"60";"32";"2021";"NON";"NON";"60620";"";"";"";"2021-10-06";"15889";""
"60621";"3199";"PLU";"COM";"2015-10-01 22:00:00+00:00";"2008-05-05 22:00:00+00:00";"39";"60";"32";"2021";"NON";"NON";"60621";"";"";"";"2021-10-06";"35948";""
"60622";"1432";"CC";"CC";"2012-03-28 22:00:00+00:00";"2006-04-04 22:00:00+00:00";"13";"60";"32";"2021";"NON";"NON";"246000848";"";"";"";"2021-10-06";"22440";""
"60623";"3432";"PLU";"CC";"2006-06-05 22:00:00+00:00";"2001-06-07 22:00:00+00:00";"33";"60";"32";"2021";"NON";"NON";"246000848";"";"";"";"2021-10-06";"15890";""
"60626";"3132";"PLU";"COM";"2016-12-11 23:00:00+00:00";"2009-12-03 23:00:00+00:00";"33";"60";"32";"2021";"NON";"NON";"246000913";"";"";"";"2021-10-06";"40514";""
"60627";"1432";"CC";"CC";"2007-10-15 22:00:00+00:00";"2004-02-19 23:00:00+00:00";"13";"60";"32";"2021";"NON";"NON";"200068005";"";"";"";"2021-10-06";"14724";""
"60628";"3199";"PLU";"COM";"2016-10-05 22:00:00+00:00";"2011-12-14 23:00:00+00:00";"39";"60";"32";"2021";"NON";"NON";"200067999";"";"";"";"2021-10-06";"103399";""
"60630";"3199";"PLU";"COM";"2019-04-18 22:00:00+00:00";"2011-06-16 22:00:00+00:00";"39";"60";"32";"2021";"NON";"NON";"60630";"";"";"";"2021-10-06";"78765";""
"60631";"3131";"PLU";"COM";"2013-06-26 22:00:00+00:00";"2006-12-14 23:00:00+00:00";"33";"60";"32";"2021";"NON";"NON";"60631";"";"";"";"2021-10-06";"34214";""
"60632";"3199";"PLU";"COM";"2010-05-16 22:00:00+00:00";"2001-11-08 23:00:00+00:00";"39";"60";"32";"2021";"NON";"NON";"60632";"";"";"";"2021-10-06";"15891";""
"60635";"3199";"PLU";"COM";"2018-06-24 22:00:00+00:00";"2013-10-21 22:00:00+00:00";"39";"60";"32";"2021";"NON";"NON";"60635";"";"";"";"2021-10-06";"127001";""
"60636";"3131";"PLU";"COM";"2008-05-18 22:00:00+00:00";"2005-11-20 23:00:00+00:00";"33";"60";"32";"2021";"NON";"NON";"60636";"";"";"";"2021-10-06";"15892";""
"60638";"3199";"PLU";"COM";"2016-06-02 22:00:00+00:00";"2010-06-21 22:00:00+00:00";"39";"60";"32";"2021";"NON";"NON";"60638";"";"";"";"2021-10-06";"41853";""
"60639";"3199";"PLU";"COM";"2008-06-03 22:00:00+00:00";"2004-02-05 23:00:00+00:00";"39";"60";"32";"2021";"NON";"NON";"200067999";"";"";"";"2021-10-06";"15893";""
"60641";"3432";"PLU";"CC";"2005-11-09 23:00:00+00:00";"2001-08-30 22:00:00+00:00";"33";"60";"32";"2021";"NON";"NON";"246000749";"";"";"";"2021-10-06";"15251";""
"60642";"3199";"PLU";"COM";"2011-01-20 23:00:00+00:00";"2008-04-09 22:00:00+00:00";"39";"60";"32";"2021";"NON";"NON";"60642";"";"";"";"2021-10-06";"34694";""
"60643";"3199";"PLU";"COM";"2018-12-03 23:00:00+00:00";"2015-03-02 23:00:00+00:00";"39";"60";"32";"2021";"NON";"NON";"60643";"";"";"";"2021-10-06";"137586";""
"60644";"3131";"PLU";"COM";"2010-06-16 22:00:00+00:00";"2003-01-29 23:00:00+00:00";"33";"60";"32";"2021";"NON";"NON";"60644";"";"";"";"2021-10-06";"15894";""
"60646";"3199";"PLU";"COM";"2013-06-27 22:00:00+00:00";"2008-05-21 22:00:00+00:00";"39";"60";"32";"2021";"NON";"NON";"200067999";"";"";"";"2021-10-06";"35724";""
"60647";"3432";"PLU";"CC";"2018-05-16 22:00:00+00:00";"2013-09-18 22:00:00+00:00";"33";"60";"32";"2021";"NON";"NON";"246000749";"";"";"";"2021-10-06";"120895";""
"60648";"1432";"CC";"CC";"2008-01-12 23:00:00+00:00";"2005-01-20 23:00:00+00:00";"13";"60";"32";"2021";"NON";"NON";"200068005";"";"";"";"2021-10-06";"15278";""
"60651";"3199";"PLU";"COM";"2020-03-11 23:00:00+00:00";"2015-05-06 22:00:00+00:00";"39";"60";"32";"2021";"NON";"NON";"60651";"";"";"";"2021-10-06";"145804";""
"60652";"3199";"PLU";"COM";"2018-10-07 22:00:00+00:00";"2011-12-05 23:00:00+00:00";"39";"60";"32";"2021";"NON";"NON";"60652";"";"";"";"2021-10-06";"104227";""
"60653";"3199";"PLU";"COM";"2020-02-17 23:00:00+00:00";"2014-04-14 22:00:00+00:00";"39";"60";"32";"2021";"NON";"NON";"60653";"";"";"";"2021-10-06";"129931";""
"60654";"3199";"PLU";"COM";"2020-02-25 23:00:00+00:00";"2014-12-11 23:00:00+00:00";"39";"60";"32";"2021";"NON";"NON";"60654";"";"";"";"2021-10-06";"134695";""
"60655";"3199";"PLU";"COM";"2021-01-07 23:00:00+00:00";"2015-11-25 23:00:00+00:00";"39";"60";"32";"2021";"NON";"NON";"60655";"";"";"";"2021-10-06";"147175";""
"60656";"3199";"PLU";"COM";"2010-07-06 22:00:00+00:00";"2007-03-14 23:00:00+00:00";"39";"60";"32";"2021";"NON";"NON";"60656";"";"";"";"2021-10-06";"34224";""
"60657";"3199";"PLU";"COM";"2012-09-12 22:00:00+00:00";"2008-06-02 22:00:00+00:00";"39";"60";"32";"2021";"NON";"NON";"60657";"";"";"";"2021-10-06";"35297";""
"60658";"3199";"PLU";"COM";"2019-12-12 23:00:00+00:00";"2014-10-16 22:00:00+00:00";"39";"60";"32";"2021";"NON";"NON";"60658";"";"";"";"2021-10-06";"140459";""
"60659";"3199";"PLU";"COM";"2017-03-26 22:00:00+00:00";"2013-10-10 22:00:00+00:00";"39";"60";"32";"2021";"NON";"NON";"60659";"";"";"";"2021-10-06";"130612";""
"60660";"3432";"PLU";"CC";"2009-02-24 23:00:00+00:00";"2005-04-06 22:00:00+00:00";"33";"60";"32";"2021";"NON";"NON";"246000913";"";"";"";"2021-10-06";"15963";""
"60661";"3199";"PLU";"COM";"2013-06-11 22:00:00+00:00";"2008-10-23 22:00:00+00:00";"39";"60";"32";"2021";"NON";"NON";"60661";"";"";"";"2021-10-06";"38613";""
"60662";"3432";"PLU";"CC";"2013-02-03 23:00:00+00:00";"2009-06-21 22:00:00+00:00";"33";"60";"32";"2021";"NON";"NON";"246000913";"";"";"";"2021-10-06";"38516";""
"60664";"3432";"PLU";"CC";"2011-04-07 22:00:00+00:00";"2004-06-03 22:00:00+00:00";"33";"60";"32";"2021";"NON";"NON";"200068005";"";"";"";"2021-10-06";"15964";""
"60665";"3299";"PLUi/PLUiS";"CA";"2019-11-13 23:00:00+00:00";"2017-05-23 22:00:00+00:00";"39";"60";"32";"2021";"NON";"OUI";"200067965";"";"";"";"2021-10-06";"132393";""
"60666";"3199";"PLU";"COM";"2020-07-06 22:00:00+00:00";"2016-04-11 22:00:00+00:00";"39";"60";"32";"2021";"NON";"NON";"60666";"";"";"";"2021-10-06";"148460";""
"60667";"3299";"PLUi/PLUiS";"CA";"2019-11-13 23:00:00+00:00";"2017-05-23 22:00:00+00:00";"39";"60";"32";"2021";"NON";"OUI";"200067965";"";"";"";"2021-10-06";"132393";""
"60668";"3199";"PLU";"COM";"2020-12-06 23:00:00+00:00";"2015-03-11 23:00:00+00:00";"39";"60";"32";"2021";"NON";"NON";"200067999";"";"";"";"2021-10-06";"138196";""
"60669";"3199";"PLU";"COM";"2018-07-05 22:00:00+00:00";"2014-06-26 22:00:00+00:00";"39";"60";"32";"2021";"NON";"NON";"60669";"";"";"";"2021-10-06";"131535";""
"60670";"3199";"PLU";"COM";"2008-01-21 23:00:00+00:00";"2003-07-08 22:00:00+00:00";"39";"60";"32";"2021";"NON";"NON";"60670";"";"";"";"2021-10-06";"16021";""
"60671";"3199";"PLU";"COM";"2019-09-19 22:00:00+00:00";"2014-11-27 23:00:00+00:00";"39";"60";"32";"2021";"NON";"NON";"60671";"";"";"";"2021-10-06";"135252";""
"60673";"3432";"PLU";"CC";"2014-03-13 23:00:00+00:00";"2009-09-23 22:00:00+00:00";"33";"60";"32";"2021";"NON";"NON";"200068005";"";"";"";"2021-10-06";"39593";""
"60674";"3299";"PLUi/PLUiS";"CA";"2019-11-13 23:00:00+00:00";"2017-05-23 22:00:00+00:00";"39";"60";"32";"2021";"NON";"OUI";"200067965";"";"";"";"2021-10-06";"132393";""
"60675";"3199";"PLU";"COM";"2018-01-28 23:00:00+00:00";"2014-11-16 23:00:00+00:00";"39";"60";"32";"2021";"NON";"NON";"60675";"";"";"";"2021-10-06";"134694";""
"60676";"3199";"PLU";"COM";"2020-01-23 23:00:00+00:00";"2015-05-27 22:00:00+00:00";"39";"60";"32";"2021";"NON";"NON";"60676";"";"";"";"2021-10-06";"140456";""
"60677";"1432";"CC";"CC";"2005-05-28 22:00:00+00:00";"2002-07-04 22:00:00+00:00";"13";"60";"32";"2021";"NON";"NON";"246000913";"";"";"";"2021-10-06";"15285";""
"60678";"3199";"PLU";"COM";"2017-07-26 22:00:00+00:00";"2016-01-20 23:00:00+00:00";"39";"60";"32";"2021";"NON";"NON";"60678";"";"";"";"2021-10-06";"147174";""
"60679";"3199";"PLU";"COM";"2017-03-01 23:00:00+00:00";"2013-10-09 22:00:00+00:00";"39";"60";"32";"2021";"NON";"NON";"60679";"";"";"";"2021-10-06";"127000";""
"60680";"3199";"PLU";"COM";"2014-03-17 23:00:00+00:00";"2010-01-18 23:00:00+00:00";"39";"60";"32";"2021";"NON";"NON";"60680";"";"";"";"2021-10-06";"40788";""
"60682";"3199";"PLU";"COM";"2016-05-29 22:00:00+00:00";"2013-03-18 23:00:00+00:00";"39";"60";"32";"2021";"NON";"NON";"60682";"";"";"";"2021-10-06";"123137";""
"60683";"3199";"PLU";"COM";"2008-12-10 23:00:00+00:00";"2005-03-23 23:00:00+00:00";"39";"60";"32";"2021";"NON";"NON";"60683";"";"";"";"2021-10-06";"15966";""
"60684";"3131";"PLU";"COM";"2006-10-08 22:00:00+00:00";"2002-11-11 23:00:00+00:00";"33";"60";"32";"2021";"NON";"NON";"60684";"";"";"";"2021-10-06";"15898";""
"60685";"3199";"PLU";"COM";"2018-07-19 22:00:00+00:00";"2015-09-24 22:00:00+00:00";"39";"60";"32";"2021";"NON";"NON";"60685";"";"";"";"2021-10-06";"141463";""
"60686";"3199";"PLU";"COM";"2017-12-13 23:00:00+00:00";"2014-11-20 23:00:00+00:00";"39";"60";"32";"2021";"NON";"NON";"60686";"";"";"";"2021-10-06";"134412";""
"60687";"1432";"CC";"CC";"2006-07-21 22:00:00+00:00";"2004-01-09 23:00:00+00:00";"13";"60";"32";"2021";"NON";"NON";"246000913";"";"";"";"2021-10-06";"14734";""
"60688";"1432";"CC";"CC";"2012-02-16 23:00:00+00:00";"2009-01-06 23:00:00+00:00";"13";"60";"32";"2021";"NON";"NON";"246000848";"";"";"";"2021-10-06";"39807";""
"60693";"3199";"PLU";"COM";"2013-02-17 23:00:00+00:00";"2008-09-17 22:00:00+00:00";"39";"60";"32";"2021";"NON";"NON";"60693";"";"";"";"2021-10-06";"36137";""
"60695";"3199";"PLU";"COM";"2021-07-11 22:00:00+00:00";"2017-02-15 23:00:00+00:00";"39";"60";"32";"2021";"NON";"NON";"60695";"";"";"";"2021-10-06";"155475";""
"60698";"3199";"PLU";"COM";"2012-05-24 22:00:00+00:00";"2008-06-12 22:00:00+00:00";"39";"60";"32";"2021";"NON";"NON";"60698";"";"";"";"2021-10-06";"35722";""
"60699";"1432";"CC";"CC";"2007-11-13 23:00:00+00:00";"2006-02-19 23:00:00+00:00";"13";"60";"32";"2021";"NON";"NON";"246000848";"";"";"";"2021-10-06";"22434";""
"60700";"3199";"PLU";"COM";"2019-12-01 23:00:00+00:00";"2015-09-20 22:00:00+00:00";"39";"60";"32";"2021";"NON";"NON";"200067999";"";"";"";"2021-10-06";"141465";""
"60701";"3199";"PLU";"COM";"2020-12-13 23:00:00+00:00";"2016-12-11 23:00:00+00:00";"39";"60";"32";"2021";"NON";"NON";"60701";"";"";"";"2021-10-06";"153897";""
"60702";"3199";"PLU";"COM";"2013-06-17 22:00:00+00:00";"2008-04-07 22:00:00+00:00";"39";"60";"32";"2021";"NON";"NON";"60702";"";"";"";"2021-10-06";"34745";""
"60703";"3199";"PLU";"COM";"2018-06-27 22:00:00+00:00";"2008-10-05 22:00:00+00:00";"39";"60";"32";"2021";"NON";"NON";"200067999";"";"";"";"2021-10-06";"36098";""
"61001";"3332";"PLUi/PLUiS";"CU";"2020-02-12 23:00:00+00:00";"2013-03-27 23:00:00+00:00";"33";"61";"28";"2021";"OUI";"NON";"246100663";"";"";"";"2021-10-06";"123525";""
"61002";"3432";"PLU";"CC";"2013-06-10 22:00:00+00:00";"2011-04-04 22:00:00+00:00";"33";"61";"28";"2021";"NON";"NON";"200035111";"";"";"";"2021-10-06";"67507";""
"61005";"3332";"PLUi/PLUiS";"CC";"2017-12-06 23:00:00+00:00";"2011-10-27 22:00:00+00:00";"33";"61";"28";"2021";"OUI";"NON";"200071504";"";"";"";"2021-10-06";"98108";""
"61006";"3399";"PLUi/PLUiS";"CC";"2015-11-15 23:00:00+00:00";"2012-06-04 22:00:00+00:00";"39";"61";"28";"2021";"OUI";"NON";"200068450";"";"";"";"2021-10-06";"110637";""
"61007";"1432";"CC";"CA";"2012-07-12 22:00:00+00:00";"2009-12-13 23:00:00+00:00";"13";"61";"28";"2021";"NON";"NON";"200035814";"";"";"";"2021-10-06";"67164";""
"61010";"3332";"PLUi/PLUiS";"CC";"2020-02-10 23:00:00+00:00";"2012-12-09 23:00:00+00:00";"33";"61";"28";"2021";"OUI";"NON";"200069458";"";"";"";"2021-10-06";"116659";""
"61011";"3332";"PLUi/PLUiS";"CA";"2014-12-17 23:00:00+00:00";"2011-02-16 23:00:00+00:00";"33";"61";"28";"2021";"OUI";"NON";"61011";"";"";"";"2021-10-06";"98447";""
"61014";"3399";"PLUi/PLUiS";"CC";"2015-11-15 23:00:00+00:00";"2012-06-04 22:00:00+00:00";"39";"61";"28";"2021";"OUI";"NON";"200068450";"";"";"";"2021-10-06";"110637";""
"61018";"3332";"PLUi/PLUiS";"CC";"2020-02-10 23:00:00+00:00";"2012-12-09 23:00:00+00:00";"33";"61";"28";"2021";"OUI";"NON";"200069458";"";"";"";"2021-10-06";"116659";""
"61020";"3399";"PLUi/PLUiS";"CC";"2019-12-16 23:00:00+00:00";"2013-07-23 22:00:00+00:00";"39";"61";"28";"2021";"OUI";"NON";"200068450";"";"";"";"2021-10-06";"123526";""
"61023";"3399";"PLUi/PLUiS";"CC";"2015-11-15 23:00:00+00:00";"2012-06-04 22:00:00+00:00";"39";"61";"28";"2021";"OUI";"NON";"200068450";"";"";"";"2021-10-06";"110637";""
"61028";"1432";"CC";"CC";"2013-09-04 22:00:00+00:00";"2008-07-01 22:00:00+00:00";"13";"61";"28";"2021";"NON";"NON";"61028";"";"";"";"2021-10-06";"67122";""
"61029";"3299";"PLUi/PLUiS";"CC";"2016-12-14 23:00:00+00:00";"2013-04-11 22:00:00+00:00";"39";"61";"28";"2021";"NON";"OUI";"200036069";"";"";"";"2021-10-06";"98139";""
"61030";"3332";"PLUi/PLUiS";"CA";"2014-12-17 23:00:00+00:00";"2011-02-16 23:00:00+00:00";"33";"61";"28";"2021";"OUI";"NON";"61030";"";"";"";"2021-10-06";"98447";""
"61034";"3299";"PLUi/PLUiS";"CC";"2020-03-03 23:00:00+00:00";"2013-10-15 22:00:00+00:00";"39";"61";"28";"2021";"NON";"OUI";"200068856";"";"";"";"2021-10-06";"124836";""
"61037";"3299";"PLUi/PLUiS";"CC";"2016-12-14 23:00:00+00:00";"2013-04-11 22:00:00+00:00";"39";"61";"28";"2021";"NON";"OUI";"200036069";"";"";"";"2021-10-06";"98139";""
"61038";"3332";"PLUi/PLUiS";"CC";"2017-12-06 23:00:00+00:00";"2011-10-27 22:00:00+00:00";"33";"61";"28";"2021";"OUI";"NON";"200071504";"";"";"";"2021-10-06";"98108";""
"61043";"3299";"PLUi/PLUiS";"CC";"2020-01-19 23:00:00+00:00";"2013-09-15 22:00:00+00:00";"39";"61";"28";"2021";"NON";"OUI";"200068435";"";"";"";"2021-10-06";"124482";""
"61046";"3299";"PLUi/PLUiS";"CC";"2020-03-03 23:00:00+00:00";"2013-10-15 22:00:00+00:00";"39";"61";"28";"2021";"NON";"OUI";"200068856";"";"";"";"2021-10-06";"124836";""
"61048";"3299";"PLUi/PLUiS";"CC";"2016-12-14 23:00:00+00:00";"2013-04-11 22:00:00+00:00";"39";"61";"28";"2021";"NON";"OUI";"61048";"";"";"";"2021-10-06";"98139";""
"61050";"3299";"PLUi/PLUiS";"CC";"2020-01-19 23:00:00+00:00";"2013-09-15 22:00:00+00:00";"39";"61";"28";"2021";"NON";"OUI";"200068435";"";"";"";"2021-10-06";"124482";""
"61054";"3332";"PLUi/PLUiS";"CC";"2020-02-10 23:00:00+00:00";"2012-12-09 23:00:00+00:00";"33";"61";"28";"2021";"OUI";"NON";"200069458";"";"";"";"2021-10-06";"116659";""
"61055";"3399";"PLUi/PLUiS";"CC";"2019-12-16 23:00:00+00:00";"2013-07-23 22:00:00+00:00";"39";"61";"28";"2021";"OUI";"NON";"200068450";"";"";"";"2021-10-06";"123526";""
"61056";"1432";"CC";"CC";"2008-10-19 22:00:00+00:00";"2006-11-16 23:00:00+00:00";"13";"61";"28";"2021";"NON";"NON";"200035111";"";"";"";"2021-10-06";"69828";""
"61061";"3299";"PLUi/PLUiS";"CC";"2020-01-19 23:00:00+00:00";"2013-09-15 22:00:00+00:00";"39";"61";"28";"2021";"NON";"OUI";"200068435";"";"";"";"2021-10-06";"124482";""
"61062";"1499";"CC";"CC";"2011-06-07 22:00:00+00:00";"2008-11-02 23:00:00+00:00";"19";"61";"28";"2021";"NON";"NON";"200068450";"";"";"";"2021-10-06";"67126";""
"61063";"3432";"PLU";"CA";"2008-12-29 23:00:00+00:00";"2005-11-13 23:00:00+00:00";"33";"61";"28";"2021";"NON";"NON";"200035814";"";"";"";"2021-10-06";"53993";""
"61067";"1432";"CC";"CC";"2018-11-05 23:00:00+00:00";"2011-03-17 23:00:00+00:00";"13";"61";"28";"2021";"NON";"NON";"200035103";"";"";"";"2021-10-06";"99135";""
"61070";"3332";"PLUi/PLUiS";"CA";"2014-12-17 23:00:00+00:00";"2011-02-16 23:00:00+00:00";"33";"61";"28";"2021";"OUI";"NON";"61070";"";"";"";"2021-10-06";"98447";""
"61071";"3332";"PLUi/PLUiS";"CC";"2020-02-10 23:00:00+00:00";"2012-12-09 23:00:00+00:00";"33";"61";"28";"2021";"OUI";"NON";"200069458";"";"";"";"2021-10-06";"116659";""
"61072";"3332";"PLUi/PLUiS";"CC";"2020-02-10 23:00:00+00:00";"2012-12-09 23:00:00+00:00";"33";"61";"28";"2021";"OUI";"NON";"200069458";"";"";"";"2021-10-06";"116659";""
"61074";"3199";"PLU";"COM";"2018-02-11 23:00:00+00:00";"2015-02-01 23:00:00+00:00";"39";"61";"28";"2021";"NON";"NON";"61074";"";"";"";"2021-10-06";"143280";""
"61075";"3499";"PLU";"CC";"2012-10-04 22:00:00+00:00";"2008-01-27 23:00:00+00:00";"39";"61";"28";"2021";"NON";"NON";"200068443";"";"";"";"2021-10-06";"62895";""
"61077";"3332";"PLUi/PLUiS";"CU";"2020-02-12 23:00:00+00:00";"2013-03-27 23:00:00+00:00";"33";"61";"28";"2021";"OUI";"NON";"246100663";"";"";"";"2021-10-06";"123525";""
"61078";"3332";"PLUi/PLUiS";"CA";"2014-12-17 23:00:00+00:00";"2011-02-16 23:00:00+00:00";"33";"61";"28";"2021";"OUI";"NON";"61078";"";"";"";"2021-10-06";"98447";""
"61079";"3432";"PLU";"CC";"2008-10-02 22:00:00+00:00";"2003-02-05 23:00:00+00:00";"33";"61";"28";"2021";"NON";"NON";"200071504";"";"";"";"2021-10-06";"53995";""
"61081";"3432";"PLU";"CC";"2012-10-28 23:00:00+00:00";"2001-10-01 22:00:00+00:00";"33";"61";"28";"2021";"NON";"NON";"200035111";"";"";"";"2021-10-06";"49794";""
"61086";"3332";"PLUi/PLUiS";"CC";"2020-02-10 23:00:00+00:00";"2012-12-09 23:00:00+00:00";"33";"61";"28";"2021";"OUI";"NON";"200069458";"";"";"";"2021-10-06";"116659";""
"61087";"3299";"PLUi/PLUiS";"CC";"2016-12-14 23:00:00+00:00";"2013-04-11 22:00:00+00:00";"39";"61";"28";"2021";"NON";"OUI";"61087";"";"";"";"2021-10-06";"98139";""
"61089";"3332";"PLUi/PLUiS";"CC";"2020-02-10 23:00:00+00:00";"2012-12-09 23:00:00+00:00";"33";"61";"28";"2021";"OUI";"NON";"200069458";"";"";"";"2021-10-06";"116659";""
"61091";"3199";"PLU";"COM";"2007-11-25 23:00:00+00:00";"2003-02-27 23:00:00+00:00";"39";"61";"28";"2021";"NON";"NON";"61091";"";"";"";"2021-10-06";"53997";""
"61092";"3432";"PLU";"CC";"2007-07-05 22:00:00+00:00";"2003-08-28 22:00:00+00:00";"33";"61";"28";"2021";"NON";"NON";"200068468";"";"";"";"2021-10-06";"54000";""
"61093";"3199";"PLU";"COM";"2004-12-13 23:00:00+00:00";"2001-09-30 22:00:00+00:00";"39";"61";"28";"2021";"NON";"NON";"61093";"";"";"";"2021-10-06";"53998";""
"61094";"3332";"PLUi/PLUiS";"CA";"2014-12-17 23:00:00+00:00";"2011-02-16 23:00:00+00:00";"33";"61";"28";"2021";"OUI";"NON";"61094";"";"";"";"2021-10-06";"98447";""
"61095";"3332";"PLUi/PLUiS";"CA";"2014-12-17 23:00:00+00:00";"2011-02-16 23:00:00+00:00";"33";"61";"28";"2021";"OUI";"NON";"61095";"";"";"";"2021-10-06";"98447";""
"61096";"1434";"CC";"CC";"2014-10-12 22:00:00+00:00";"2009-12-02 23:00:00+00:00";"13";"61";"28";"2021";"NON";"NON";"200068443";"";"";"";"2021-10-06";"67139";""
"61097";"3299";"PLUi/PLUiS";"CC";"2016-12-14 23:00:00+00:00";"2013-04-11 22:00:00+00:00";"39";"61";"28";"2021";"NON";"OUI";"61097";"";"";"";"2021-10-06";"98139";""
"61099";"3332";"PLUi/PLUiS";"CC";"2017-12-06 23:00:00+00:00";"2011-10-27 22:00:00+00:00";"33";"61";"28";"2021";"OUI";"NON";"200071504";"";"";"";"2021-10-06";"98108";""
"61102";"1432";"CC";"CA";"2013-06-25 22:00:00+00:00";"2009-02-18 23:00:00+00:00";"13";"61";"28";"2021";"NON";"NON";"61102";"";"";"";"2021-10-06";"67131";""
"61105";"3332";"PLUi/PLUiS";"CC";"2017-12-06 23:00:00+00:00";"2011-10-27 22:00:00+00:00";"33";"61";"28";"2021";"OUI";"NON";"200071504";"";"";"";"2021-10-06";"98108";""
"61107";"3332";"PLUi/PLUiS";"CU";"2020-02-12 23:00:00+00:00";"2013-03-27 23:00:00+00:00";"33";"61";"28";"2021";"OUI";"NON";"246100663";"";"";"";"2021-10-06";"123525";""
"61108";"1432";"CC";"CC";"2007-01-10 23:00:00+00:00";"2003-01-28 23:00:00+00:00";"13";"61";"28";"2021";"NON";"NON";"200069458";"";"";"";"2021-10-06";"68459";""
"61111";"3332";"PLUi/PLUiS";"CU";"2020-02-12 23:00:00+00:00";"2013-03-27 23:00:00+00:00";"33";"61";"28";"2021";"OUI";"NON";"246100663";"";"";"";"2021-10-06";"123525";""
"61113";"3299";"PLUi/PLUiS";"CC";"2016-12-14 23:00:00+00:00";"2013-04-11 22:00:00+00:00";"39";"61";"28";"2021";"NON";"OUI";"61113";"";"";"";"2021-10-06";"98139";""
"61114";"1499";"CC";"CC";"2013-04-08 22:00:00+00:00";"2008-11-02 23:00:00+00:00";"19";"61";"28";"2021";"NON";"NON";"200068450";"";"";"";"2021-10-06";"67133";""
"61116";"3299";"PLUi/PLUiS";"CC";"2020-01-19 23:00:00+00:00";"2013-09-15 22:00:00+00:00";"39";"61";"28";"2021";"NON";"OUI";"200068435";"";"";"";"2021-10-06";"124482";""
"61117";"3332";"PLUi/PLUiS";"CU";"2020-02-12 23:00:00+00:00";"2013-03-27 23:00:00+00:00";"33";"61";"28";"2021";"OUI";"NON";"246100663";"";"";"";"2021-10-06";"123525";""
"61118";"3299";"PLUi/PLUiS";"CC";"2016-12-14 23:00:00+00:00";"2013-04-11 22:00:00+00:00";"39";"61";"28";"2021";"NON";"OUI";"61118";"";"";"";"2021-10-06";"98139";""
"61121";"3299";"PLUi/PLUiS";"CC";"2016-12-14 23:00:00+00:00";"2013-04-11 22:00:00+00:00";"39";"61";"28";"2021";"NON";"OUI";"200036069";"";"";"";"2021-10-06";"98139";""
"61129";"3299";"PLUi/PLUiS";"CC";"2016-12-14 23:00:00+00:00";"2013-04-11 22:00:00+00:00";"39";"61";"28";"2021";"NON";"OUI";"61129";"";"";"";"2021-10-06";"98139";""
"61130";"3299";"PLUi/PLUiS";"CC";"2016-12-14 23:00:00+00:00";"2013-04-11 22:00:00+00:00";"39";"61";"28";"2021";"NON";"OUI";"61130";"";"";"";"2021-10-06";"98139";""
"61133";"3432";"PLU";"CC";"2013-04-03 22:00:00+00:00";"2006-02-13 23:00:00+00:00";"33";"61";"28";"2021";"NON";"NON";"200035103";"";"";"";"2021-10-06";"62898";""
"61138";"3432";"PLU";"CC";"2013-04-01 22:00:00+00:00";"2009-06-16 22:00:00+00:00";"33";"61";"28";"2021";"NON";"NON";"200069458";"";"";"";"2021-10-06";"50336";""
"61139";"3332";"PLUi/PLUiS";"CC";"2020-02-10 23:00:00+00:00";"2012-12-09 23:00:00+00:00";"33";"61";"28";"2021";"OUI";"NON";"200069458";"";"";"";"2021-10-06";"116659";""
"61141";"3332";"PLUi/PLUiS";"CU";"2020-02-12 23:00:00+00:00";"2013-03-27 23:00:00+00:00";"33";"61";"28";"2021";"OUI";"NON";"246100663";"";"";"";"2021-10-06";"123525";""
"61142";"3332";"PLUi/PLUiS";"CC";"2017-12-06 23:00:00+00:00";"2011-10-27 22:00:00+00:00";"33";"61";"28";"2021";"OUI";"NON";"200071504";"";"";"";"2021-10-06";"98108";""
"61143";"3332";"PLUi/PLUiS";"CU";"2020-02-12 23:00:00+00:00";"2013-03-27 23:00:00+00:00";"33";"61";"28";"2021";"OUI";"NON";"246100663";"";"";"";"2021-10-06";"123525";""
"61145";"3131";"PLU";"COM";"2006-04-27 22:00:00+00:00";"1995-12-21 23:00:00+00:00";"33";"61";"28";"2021";"NON";"NON";"61145";"";"";"";"2021-10-06";"54001";""
"61148";"1432";"CC";"CA";"2007-04-16 22:00:00+00:00";"2005-04-27 22:00:00+00:00";"13";"61";"28";"2021";"NON";"NON";"200035814";"";"";"";"2021-10-06";"69829";""
"61153";"3399";"PLUi/PLUiS";"CC";"2019-12-16 23:00:00+00:00";"2013-07-23 22:00:00+00:00";"39";"61";"28";"2021";"OUI";"NON";"200068450";"";"";"";"2021-10-06";"123526";""
"61160";"3299";"PLUi/PLUiS";"CC";"2016-12-14 23:00:00+00:00";"2013-04-11 22:00:00+00:00";"39";"61";"28";"2021";"NON";"OUI";"61160";"";"";"";"2021-10-06";"98139";""
"61163";"3432";"PLU";"CA";"2005-01-27 23:00:00+00:00";"1999-09-30 22:00:00+00:00";"33";"61";"28";"2021";"NON";"NON";"61163";"";"";"";"2021-10-06";"54002";""
"61165";"3332";"PLUi/PLUiS";"CU";"2020-02-12 23:00:00+00:00";"2013-03-27 23:00:00+00:00";"33";"61";"28";"2021";"OUI";"NON";"246100663";"";"";"";"2021-10-06";"123525";""
"61168";"3432";"PLU";"CA";"2006-10-17 22:00:00+00:00";"2004-03-03 23:00:00+00:00";"33";"61";"28";"2021";"NON";"NON";"200035814";"";"";"";"2021-10-06";"54003";""
"61169";"3332";"PLUi/PLUiS";"CA";"2014-12-17 23:00:00+00:00";"2011-02-16 23:00:00+00:00";"33";"61";"28";"2021";"OUI";"NON";"61169";"";"";"";"2021-10-06";"98447";""
"61170";"3399";"PLUi/PLUiS";"CC";"2019-12-16 23:00:00+00:00";"2013-07-23 22:00:00+00:00";"39";"61";"28";"2021";"OUI";"NON";"200068450";"";"";"";"2021-10-06";"123526";""
"61180";"3332";"PLUi/PLUiS";"CC";"2020-02-10 23:00:00+00:00";"2012-12-09 23:00:00+00:00";"33";"61";"28";"2021";"OUI";"NON";"200069458";"";"";"";"2021-10-06";"116659";""
"61181";"3432";"PLU";"CC";"2005-10-12 22:00:00+00:00";"1990-02-07 23:00:00+00:00";"33";"61";"28";"2021";"NON";"NON";"200069458";"";"";"";"2021-10-06";"46292";""
"61182";"3332";"PLUi/PLUiS";"CU";"2020-02-12 23:00:00+00:00";"2013-03-27 23:00:00+00:00";"33";"61";"28";"2021";"OUI";"NON";"246100663";"";"";"";"2021-10-06";"123525";""
"61194";"3399";"PLUi/PLUiS";"CC";"2019-12-16 23:00:00+00:00";"2013-07-23 22:00:00+00:00";"39";"61";"28";"2021";"OUI";"NON";"200068450";"";"";"";"2021-10-06";"123526";""
"61196";"3332";"PLUi/PLUiS";"CC";"2017-12-06 23:00:00+00:00";"2011-10-27 22:00:00+00:00";"33";"61";"28";"2021";"OUI";"NON";"200071504";"";"";"";"2021-10-06";"98108";""
"61197";"1499";"CC";"CC";"2012-06-14 22:00:00+00:00";"2009-03-29 22:00:00+00:00";"19";"61";"28";"2021";"NON";"NON";"200068450";"";"";"";"2021-10-06";"67140";""
"61198";"3332";"PLUi/PLUiS";"CC";"2020-02-10 23:00:00+00:00";"2012-12-09 23:00:00+00:00";"33";"61";"28";"2021";"OUI";"NON";"200069458";"";"";"";"2021-10-06";"116659";""
"61202";"1432";"CC";"CC";"2011-06-08 22:00:00+00:00";"2009-05-18 22:00:00+00:00";"13";"61";"28";"2021";"NON";"NON";"200035103";"";"";"";"2021-10-06";"67142";""
"61203";"3332";"PLUi/PLUiS";"CU";"2020-02-12 23:00:00+00:00";"2013-03-27 23:00:00+00:00";"33";"61";"28";"2021";"OUI";"NON";"246100663";"";"";"";"2021-10-06";"123525";""
"61206";"3299";"PLUi/PLUiS";"CC";"2020-03-03 23:00:00+00:00";"2013-10-15 22:00:00+00:00";"39";"61";"28";"2021";"NON";"OUI";"200068856";"";"";"";"2021-10-06";"124836";""
"61207";"3332";"PLUi/PLUiS";"CC";"2017-12-06 23:00:00+00:00";"2011-10-27 22:00:00+00:00";"33";"61";"28";"2021";"OUI";"NON";"200071504";"";"";"";"2021-10-06";"98108";""
"61208";"1432";"CC";"CC";"2009-08-19 22:00:00+00:00";"2006-03-30 22:00:00+00:00";"13";"61";"28";"2021";"NON";"NON";"200068468";"";"";"";"2021-10-06";"69833";""
"61209";"1199";"CC";"COM";"2011-09-15 22:00:00+00:00";"2008-11-27 23:00:00+00:00";"19";"61";"28";"2021";"NON";"NON";"61209";"";"";"";"2021-10-06";"67143";""
"61210";"3399";"PLUi/PLUiS";"CC";"2019-12-16 23:00:00+00:00";"2013-07-23 22:00:00+00:00";"39";"61";"28";"2021";"OUI";"NON";"200068450";"";"";"";"2021-10-06";"123526";""
"61211";"3499";"PLU";"CC";"2018-05-02 22:00:00+00:00";"2010-02-16 23:00:00+00:00";"39";"61";"28";"2021";"NON";"NON";"200068443";"";"";"";"2021-10-06";"62901";""
"61212";"3399";"PLUi/PLUiS";"CC";"2015-11-15 23:00:00+00:00";"2012-06-04 22:00:00+00:00";"39";"61";"28";"2021";"OUI";"NON";"200068450";"";"";"";"2021-10-06";"110637";""
"61213";"3332";"PLUi/PLUiS";"CU";"2020-02-12 23:00:00+00:00";"2013-03-27 23:00:00+00:00";"33";"61";"28";"2021";"OUI";"NON";"246100663";"";"";"";"2021-10-06";"123525";""
"61214";"3432";"PLU";"CC";"2005-10-25 22:00:00+00:00";"2004-12-31 23:00:00+00:00";"33";"61";"28";"2021";"NON";"NON";"200068468";"";"";"";"2021-10-06";"56318";""
"61215";"3432";"PLU";"CC";"2015-09-01 22:00:00+00:00";"2008-10-23 22:00:00+00:00";"33";"61";"28";"2021";"NON";"NON";"200035103";"";"";"";"2021-10-06";"62902";""
"61217";"3399";"PLUi/PLUiS";"CC";"2019-12-16 23:00:00+00:00";"2013-07-23 22:00:00+00:00";"39";"61";"28";"2021";"OUI";"NON";"200068450";"";"";"";"2021-10-06";"123526";""
"61218";"3332";"PLUi/PLUiS";"CA";"2014-12-17 23:00:00+00:00";"2011-02-16 23:00:00+00:00";"33";"61";"28";"2021";"OUI";"NON";"61218";"";"";"";"2021-10-06";"98447";""
"61219";"1432";"CC";"CA";"2009-10-14 22:00:00+00:00";"2006-06-07 22:00:00+00:00";"13";"61";"28";"2021";"NON";"NON";"200035814";"";"";"";"2021-10-06";"69834";""
"61221";"3332";"PLUi/PLUiS";"CA";"2014-12-17 23:00:00+00:00";"2011-02-16 23:00:00+00:00";"33";"61";"28";"2021";"OUI";"NON";"61221";"";"";"";"2021-10-06";"98447";""
"61224";"3332";"PLUi/PLUiS";"CU";"2020-02-12 23:00:00+00:00";"2013-03-27 23:00:00+00:00";"33";"61";"28";"2021";"OUI";"NON";"246100663";"";"";"";"2021-10-06";"123525";""
"61228";"3332";"PLUi/PLUiS";"CU";"2020-02-12 23:00:00+00:00";"2013-03-27 23:00:00+00:00";"33";"61";"28";"2021";"OUI";"NON";"246100663";"";"";"";"2021-10-06";"123525";""
"61229";"3299";"PLUi/PLUiS";"CC";"2016-12-14 23:00:00+00:00";"2013-04-11 22:00:00+00:00";"39";"61";"28";"2021";"NON";"OUI";"61229";"";"";"";"2021-10-06";"98139";""
"61230";"3299";"PLUi/PLUiS";"CC";"2020-03-03 23:00:00+00:00";"2013-10-15 22:00:00+00:00";"39";"61";"28";"2021";"NON";"OUI";"200068856";"";"";"";"2021-10-06";"124836";""
"61232";"3199";"PLU";"COM";"2017-11-14 23:00:00+00:00";"2014-10-06 22:00:00+00:00";"39";"61";"28";"2021";"NON";"NON";"61232";"";"";"";"2021-10-06";"133657";""
"61233";"1432";"CC";"CA";"2015-01-29 23:00:00+00:00";"2010-05-18 22:00:00+00:00";"13";"61";"28";"2021";"NON";"NON";"61233";"";"";"";"2021-10-06";"67145";""
"61234";"3332";"PLUi/PLUiS";"CU";"2020-02-12 23:00:00+00:00";"2013-03-27 23:00:00+00:00";"33";"61";"28";"2021";"OUI";"NON";"246100663";"";"";"";"2021-10-06";"123525";""
"61237";"3399";"PLUi/PLUiS";"CC";"2019-12-16 23:00:00+00:00";"2013-07-23 22:00:00+00:00";"39";"61";"28";"2021";"OUI";"NON";"200068450";"";"";"";"2021-10-06";"123526";""
"61241";"3299";"PLUi/PLUiS";"CC";"2020-01-19 23:00:00+00:00";"2013-09-15 22:00:00+00:00";"39";"61";"28";"2021";"NON";"OUI";"200068435";"";"";"";"2021-10-06";"124482";""
"61242";"3299";"PLUi/PLUiS";"CC";"2020-03-03 23:00:00+00:00";"2013-10-15 22:00:00+00:00";"39";"61";"28";"2021";"NON";"OUI";"200068856";"";"";"";"2021-10-06";"124836";""
"61243";"3199";"PLU";"COM";"2018-06-04 22:00:00+00:00";"2013-10-07 22:00:00+00:00";"39";"61";"28";"2021";"NON";"NON";"61243";"";"";"";"2021-10-06";"130001";""
"61248";"1499";"CC";"CC";"2014-11-02 23:00:00+00:00";"2010-12-19 23:00:00+00:00";"19";"61";"28";"2021";"NON";"NON";"200068443";"";"";"";"2021-10-06";"67147";""
"61251";"1432";"CC";"CC";"2015-10-29 23:00:00+00:00";"2011-04-20 22:00:00+00:00";"13";"61";"28";"2021";"NON";"NON";"200035103";"";"";"";"2021-10-06";"99193";""
"61255";"3299";"PLUi/PLUiS";"CC";"2016-12-14 23:00:00+00:00";"2013-04-11 22:00:00+00:00";"39";"61";"28";"2021";"NON";"OUI";"61255";"";"";"";"2021-10-06";"98139";""
"61260";"1432";"CC";"CA";"2014-07-08 22:00:00+00:00";"2010-10-11 22:00:00+00:00";"13";"61";"28";"2021";"NON";"NON";"200035814";"";"";"";"2021-10-06";"67148";""
"61261";"1432";"CC";"CC";"2016-11-07 23:00:00+00:00";"2010-12-02 23:00:00+00:00";"13";"61";"28";"2021";"NON";"NON";"200035103";"";"";"";"2021-10-06";"67149";""
"61263";"3332";"PLUi/PLUiS";"CU";"2020-02-12 23:00:00+00:00";"2013-03-27 23:00:00+00:00";"33";"61";"28";"2021";"OUI";"NON";"246100663";"";"";"";"2021-10-06";"123525";""
"61274";"3299";"PLUi/PLUiS";"CC";"2020-03-03 23:00:00+00:00";"2013-10-15 22:00:00+00:00";"39";"61";"28";"2021";"NON";"OUI";"200068856";"";"";"";"2021-10-06";"124836";""
"61277";"3299";"PLUi/PLUiS";"CC";"2016-12-14 23:00:00+00:00";"2013-04-11 22:00:00+00:00";"39";"61";"28";"2021";"NON";"OUI";"61277";"";"";"";"2021-10-06";"98139";""
"61278";"3432";"PLU";"CA";"2013-02-20 23:00:00+00:00";"2008-10-14 22:00:00+00:00";"33";"61";"28";"2021";"NON";"NON";"61278";"";"";"";"2021-10-06";"62904";""
"61279";"3332";"PLUi/PLUiS";"CU";"2020-02-12 23:00:00+00:00";"2013-03-27 23:00:00+00:00";"33";"61";"28";"2021";"OUI";"NON";"246100663";"";"";"";"2021-10-06";"123525";""
"61281";"1199";"CC";"COM";"2011-04-05 22:00:00+00:00";"2008-07-23 22:00:00+00:00";"19";"61";"28";"2021";"NON";"NON";"61281";"";"";"";"2021-10-06";"67150";""
"61283";"1499";"CC";"CC";"2011-06-26 22:00:00+00:00";"2007-02-18 23:00:00+00:00";"19";"61";"28";"2021";"NON";"NON";"200068450";"";"";"";"2021-10-06";"66321";""
"61286";"3299";"PLUi/PLUiS";"CC";"2016-12-14 23:00:00+00:00";"2013-04-11 22:00:00+00:00";"39";"61";"28";"2021";"NON";"OUI";"200036069";"";"";"";"2021-10-06";"98139";""
"61287";"3332";"PLUi/PLUiS";"CA";"2014-12-17 23:00:00+00:00";"2011-02-16 23:00:00+00:00";"33";"61";"28";"2021";"OUI";"NON";"61287";"";"";"";"2021-10-06";"98447";""
"61291";"1499";"CC";"CC";"2010-04-14 22:00:00+00:00";"2007-05-02 22:00:00+00:00";"19";"61";"28";"2021";"NON";"NON";"200068450";"";"";"";"2021-10-06";"69837";""
"61292";"1199";"CC";"COM";"2012-04-29 22:00:00+00:00";"2009-09-07 22:00:00+00:00";"19";"61";"28";"2021";"NON";"NON";"61292";"";"";"";"2021-10-06";"67132";""
"61293";"3299";"PLUi/PLUiS";"CC";"2016-12-14 23:00:00+00:00";"2013-04-11 22:00:00+00:00";"39";"61";"28";"2021";"NON";"OUI";"61293";"";"";"";"2021-10-06";"98139";""
"61294";"3432";"PLU";"CC";"2009-05-27 22:00:00+00:00";"2003-06-12 22:00:00+00:00";"33";"61";"28";"2021";"NON";"NON";"200035111";"";"";"";"2021-10-06";"54016";""
"61297";"3432";"PLU";"CC";"2014-03-16 23:00:00+00:00";"2009-09-21 22:00:00+00:00";"33";"61";"28";"2021";"NON";"NON";"200068468";"";"";"";"2021-10-06";"62905";""
"61298";"1499";"CC";"CC";"2011-06-26 22:00:00+00:00";"2007-02-18 23:00:00+00:00";"19";"61";"28";"2021";"NON";"NON";"200068450";"";"";"";"2021-10-06";"57473";""
"61300";"3299";"PLUi/PLUiS";"CC";"2020-01-19 23:00:00+00:00";"2013-09-15 22:00:00+00:00";"39";"61";"28";"2021";"NON";"OUI";"200068435";"";"";"";"2021-10-06";"124482";""
"61301";"3432";"PLU";"CC";"2011-01-16 23:00:00+00:00";"2008-06-04 22:00:00+00:00";"33";"61";"28";"2021";"NON";"NON";"200035111";"";"";"";"2021-10-06";"62906";""
"61303";"1499";"CC";"CC";"2016-01-18 23:00:00+00:00";"2007-02-18 23:00:00+00:00";"19";"61";"28";"2021";"NON";"NON";"200068450";"";"";"";"2021-10-06";"66322";""
"61304";"1432";"CC";"CC";"2009-02-10 23:00:00+00:00";"2004-12-02 23:00:00+00:00";"13";"61";"28";"2021";"NON";"NON";"200035103";"";"";"";"2021-10-06";"69838";""
"61309";"3299";"PLUi/PLUiS";"CC";"2020-01-19 23:00:00+00:00";"2013-09-15 22:00:00+00:00";"39";"61";"28";"2021";"NON";"OUI";"200068435";"";"";"";"2021-10-06";"124482";""
"61319";"3199";"PLU";"COM";"2007-12-12 23:00:00+00:00";"2004-09-02 22:00:00+00:00";"39";"61";"28";"2021";"NON";"NON";"61319";"";"";"";"2021-10-06";"54021";""
"61321";"3332";"PLUi/PLUiS";"CU";"2020-02-12 23:00:00+00:00";"2013-03-27 23:00:00+00:00";"33";"61";"28";"2021";"OUI";"NON";"246100663";"";"";"";"2021-10-06";"123525";""
"61322";"3299";"PLUi/PLUiS";"CC";"2016-12-14 23:00:00+00:00";"2013-04-11 22:00:00+00:00";"39";"61";"28";"2021";"NON";"OUI";"61322";"";"";"";"2021-10-06";"98139";""
"61323";"3299";"PLUi/PLUiS";"CC";"2020-03-03 23:00:00+00:00";"2013-10-15 22:00:00+00:00";"39";"61";"28";"2021";"NON";"OUI";"200068856";"";"";"";"2021-10-06";"124836";""
"61324";"1499";"CC";"CC";"2015-02-04 23:00:00+00:00";"2010-12-08 23:00:00+00:00";"19";"61";"28";"2021";"NON";"NON";"200068443";"";"";"";"2021-10-06";"66632";""
"61326";"1499";"CC";"CC";"2011-05-29 22:00:00+00:00";"2007-04-17 22:00:00+00:00";"19";"61";"28";"2021";"NON";"NON";"200068443";"";"";"";"2021-10-06";"67171";""
"61327";"3299";"PLUi/PLUiS";"CC";"2016-12-14 23:00:00+00:00";"2013-04-11 22:00:00+00:00";"39";"61";"28";"2021";"NON";"OUI";"200036069";"";"";"";"2021-10-06";"98139";""
"61329";"3299";"PLUi/PLUiS";"CC";"2016-12-14 23:00:00+00:00";"2013-04-11 22:00:00+00:00";"39";"61";"28";"2021";"NON";"OUI";"61329";"";"";"";"2021-10-06";"98139";""
"61333";"3332";"PLUi/PLUiS";"CC";"2020-02-10 23:00:00+00:00";"2012-12-09 23:00:00+00:00";"33";"61";"28";"2021";"OUI";"NON";"200069458";"";"";"";"2021-10-06";"116659";""
"61336";"3332";"PLUi/PLUiS";"CC";"2017-12-06 23:00:00+00:00";"2011-10-27 22:00:00+00:00";"33";"61";"28";"2021";"OUI";"NON";"200071504";"";"";"";"2021-10-06";"98108";""
"61339";"1432";"CC";"CC";"2010-07-20 22:00:00+00:00";"2001-10-29 23:00:00+00:00";"13";"61";"28";"2021";"NON";"NON";"61339";"";"";"";"2021-10-06";"69840";""
"61341";"3332";"PLUi/PLUiS";"CU";"2020-02-12 23:00:00+00:00";"2013-03-27 23:00:00+00:00";"33";"61";"28";"2021";"OUI";"NON";"246100663";"";"";"";"2021-10-06";"123525";""
"61344";"3399";"PLUi/PLUiS";"CC";"2019-12-16 23:00:00+00:00";"2013-07-23 22:00:00+00:00";"39";"61";"28";"2021";"OUI";"NON";"200068450";"";"";"";"2021-10-06";"123526";""
"61345";"3299";"PLUi/PLUiS";"CC";"2020-01-19 23:00:00+00:00";"2013-09-15 22:00:00+00:00";"39";"61";"28";"2021";"NON";"OUI";"200068435";"";"";"";"2021-10-06";"124482";""
"61346";"3332";"PLUi/PLUiS";"CC";"2020-02-10 23:00:00+00:00";"2012-12-09 23:00:00+00:00";"33";"61";"28";"2021";"OUI";"NON";"200069458";"";"";"";"2021-10-06";"116659";""
"61347";"3432";"PLU";"CC";"2013-03-24 23:00:00+00:00";"2007-08-26 22:00:00+00:00";"33";"61";"28";"2021";"NON";"NON";"200069458";"";"";"";"2021-10-06";"62909";""
"61348";"3299";"PLUi/PLUiS";"CC";"2016-12-14 23:00:00+00:00";"2013-04-11 22:00:00+00:00";"39";"61";"28";"2021";"NON";"OUI";"61348";"";"";"";"2021-10-06";"98139";""
"61349";"1499";"CC";"CC";"2012-08-19 22:00:00+00:00";"2008-11-02 23:00:00+00:00";"19";"61";"28";"2021";"NON";"NON";"200068450";"";"";"";"2021-10-06";"67152";""
"61350";"3332";"PLUi/PLUiS";"CU";"2020-02-12 23:00:00+00:00";"2013-03-27 23:00:00+00:00";"33";"61";"28";"2021";"OUI";"NON";"246100663";"";"";"";"2021-10-06";"123525";""
"61351";"3332";"PLUi/PLUiS";"CC";"2020-02-10 23:00:00+00:00";"2012-12-09 23:00:00+00:00";"33";"61";"28";"2021";"OUI";"NON";"200069458";"";"";"";"2021-10-06";"116659";""
"61352";"1499";"CC";"CC";"2009-08-30 22:00:00+00:00";"2007-02-18 23:00:00+00:00";"19";"61";"28";"2021";"NON";"NON";"200068450";"";"";"";"2021-10-06";"69839";""
"61358";"3399";"PLUi/PLUiS";"CC";"2015-11-15 23:00:00+00:00";"2012-06-04 22:00:00+00:00";"39";"61";"28";"2021";"OUI";"NON";"200068450";"";"";"";"2021-10-06";"110637";""
"61363";"3299";"PLUi/PLUiS";"CC";"2016-12-14 23:00:00+00:00";"2013-04-11 22:00:00+00:00";"39";"61";"28";"2021";"NON";"OUI";"61363";"";"";"";"2021-10-06";"98139";""
"61366";"3332";"PLUi/PLUiS";"CC";"2020-02-10 23:00:00+00:00";"2012-12-09 23:00:00+00:00";"33";"61";"28";"2021";"OUI";"NON";"200069458";"";"";"";"2021-10-06";"116659";""
"61367";"3299";"PLUi/PLUiS";"CC";"2016-12-14 23:00:00+00:00";"2013-04-11 22:00:00+00:00";"39";"61";"28";"2021";"NON";"OUI";"61367";"";"";"";"2021-10-06";"98139";""
"61369";"1199";"CC";"COM";"2014-04-22 22:00:00+00:00";"2005-07-04 22:00:00+00:00";"19";"61";"28";"2021";"NON";"NON";"61369";"";"";"";"2021-10-06";"67458";""
"61370";"1199";"CC";"COM";"2015-12-21 23:00:00+00:00";"2008-06-12 22:00:00+00:00";"19";"61";"28";"2021";"NON";"NON";"61370";"";"";"";"2021-10-06";"67154";""
"61371";"3399";"PLUi/PLUiS";"CC";"2019-12-16 23:00:00+00:00";"2013-07-23 22:00:00+00:00";"39";"61";"28";"2021";"OUI";"NON";"200068450";"";"";"";"2021-10-06";"123526";""
"61372";"3332";"PLUi/PLUiS";"CU";"2020-02-12 23:00:00+00:00";"2013-03-27 23:00:00+00:00";"33";"61";"28";"2021";"OUI";"NON";"246100663";"";"";"";"2021-10-06";"123525";""
"61373";"3299";"PLUi/PLUiS";"CC";"2016-12-14 23:00:00+00:00";"2013-04-11 22:00:00+00:00";"39";"61";"28";"2021";"NON";"OUI";"61373";"";"";"";"2021-10-06";"98139";""
"61375";"3399";"PLUi/PLUiS";"CC";"2015-11-15 23:00:00+00:00";"2012-06-04 22:00:00+00:00";"39";"61";"28";"2021";"OUI";"NON";"200068450";"";"";"";"2021-10-06";"110637";""
"61376";"3332";"PLUi/PLUiS";"CA";"2014-12-17 23:00:00+00:00";"2011-02-16 23:00:00+00:00";"33";"61";"28";"2021";"OUI";"NON";"61376";"";"";"";"2021-10-06";"98447";""
"61379";"3299";"PLUi/PLUiS";"CC";"2020-01-19 23:00:00+00:00";"2013-09-15 22:00:00+00:00";"39";"61";"28";"2021";"NON";"OUI";"200068435";"";"";"";"2021-10-06";"124482";""
"61381";"3299";"PLUi/PLUiS";"CC";"2016-12-14 23:00:00+00:00";"2013-04-11 22:00:00+00:00";"39";"61";"28";"2021";"NON";"OUI";"61381";"";"";"";"2021-10-06";"98139";""
"61382";"3332";"PLUi/PLUiS";"CU";"2020-02-12 23:00:00+00:00";"2013-03-27 23:00:00+00:00";"33";"61";"28";"2021";"OUI";"NON";"246100663";"";"";"";"2021-10-06";"123525";""
"61384";"3332";"PLUi/PLUiS";"CU";"2020-02-12 23:00:00+00:00";"2013-03-27 23:00:00+00:00";"33";"61";"28";"2021";"OUI";"NON";"246100663";"";"";"";"2021-10-06";"123525";""
"61385";"1432";"CC";"CC";"2009-07-27 22:00:00+00:00";"2004-03-31 22:00:00+00:00";"13";"61";"28";"2021";"NON";"NON";"200069458";"";"";"";"2021-10-06";"69845";""
"61387";"1499";"CC";"CC";"2017-03-14 23:00:00+00:00";"2015-06-02 22:00:00+00:00";"19";"61";"28";"2021";"NON";"NON";"200068443";"";"";"";"2021-10-06";"142511";""
"61388";"3332";"PLUi/PLUiS";"CC";"2017-12-06 23:00:00+00:00";"2011-10-27 22:00:00+00:00";"33";"61";"28";"2021";"OUI";"NON";"200071504";"";"";"";"2021-10-06";"98108";""
"61390";"3399";"PLUi/PLUiS";"CC";"2019-12-16 23:00:00+00:00";"2013-07-23 22:00:00+00:00";"39";"61";"28";"2021";"OUI";"NON";"200068450";"";"";"";"2021-10-06";"123526";""
"61391";"3332";"PLUi/PLUiS";"CA";"2014-12-17 23:00:00+00:00";"2011-02-16 23:00:00+00:00";"33";"61";"28";"2021";"OUI";"NON";"61391";"";"";"";"2021-10-06";"98447";""
"61392";"3332";"PLUi/PLUiS";"CC";"2020-02-10 23:00:00+00:00";"2012-12-09 23:00:00+00:00";"33";"61";"28";"2021";"OUI";"NON";"200069458";"";"";"";"2021-10-06";"116659";""
"61394";"3432";"PLU";"CC";"2014-01-13 23:00:00+00:00";"2011-11-28 23:00:00+00:00";"33";"61";"28";"2021";"NON";"NON";"200071504";"";"";"";"2021-10-06";"99699";""
"61395";"3299";"PLUi/PLUiS";"CC";"2020-01-19 23:00:00+00:00";"2013-09-15 22:00:00+00:00";"39";"61";"28";"2021";"NON";"OUI";"200068435";"";"";"";"2021-10-06";"124482";""
"61396";"3299";"PLUi/PLUiS";"CC";"2016-12-14 23:00:00+00:00";"2013-04-11 22:00:00+00:00";"39";"61";"28";"2021";"NON";"OUI";"61396";"";"";"";"2021-10-06";"98139";""
"61397";"3332";"PLUi/PLUiS";"CU";"2020-02-12 23:00:00+00:00";"2013-03-27 23:00:00+00:00";"33";"61";"28";"2021";"OUI";"NON";"246100663";"";"";"";"2021-10-06";"123525";""
"61400";"1432";"CC";"CC";"2008-02-18 23:00:00+00:00";"2005-05-23 22:00:00+00:00";"13";"61";"28";"2021";"NON";"NON";"200035111";"";"";"";"2021-10-06";"69847";""
"61404";"3299";"PLUi/PLUiS";"CC";"2016-12-14 23:00:00+00:00";"2013-04-11 22:00:00+00:00";"39";"61";"28";"2021";"NON";"OUI";"61404";"";"";"";"2021-10-06";"98139";""
"61405";"3432";"PLU";"CC";"2018-06-27 22:00:00+00:00";"2015-12-07 23:00:00+00:00";"33";"61";"28";"2021";"NON";"NON";"200071504";"";"";"";"2021-10-06";"142619";""
"61407";"3432";"PLU";"CA";"2018-02-14 23:00:00+00:00";"2008-11-12 23:00:00+00:00";"33";"61";"28";"2021";"NON";"NON";"200035814";"";"";"";"2021-10-06";"62916";""
"61408";"1432";"CC";"CC";"2017-12-21 23:00:00+00:00";"2012-09-30 22:00:00+00:00";"13";"61";"28";"2021";"NON";"NON";"61408";"";"";"";"2021-10-06";"114831";""
"61411";"3299";"PLUi/PLUiS";"CC";"2016-12-14 23:00:00+00:00";"2013-04-11 22:00:00+00:00";"39";"61";"28";"2021";"NON";"OUI";"200036069";"";"";"";"2021-10-06";"98139";""
"61412";"3432";"PLU";"CC";"2007-10-15 22:00:00+00:00";"2002-03-25 23:00:00+00:00";"33";"61";"28";"2021";"NON";"NON";"200035103";"";"";"";"2021-10-06";"54032";""
"61414";"3299";"PLUi/PLUiS";"CC";"2016-12-14 23:00:00+00:00";"2013-04-11 22:00:00+00:00";"39";"61";"28";"2021";"NON";"OUI";"61414";"";"";"";"2021-10-06";"98139";""
"61418";"3299";"PLUi/PLUiS";"CC";"2016-12-14 23:00:00+00:00";"2013-04-11 22:00:00+00:00";"39";"61";"28";"2021";"NON";"OUI";"61418";"";"";"";"2021-10-06";"98139";""
"61421";"1499";"CC";"CC";"2014-05-13 22:00:00+00:00";"2010-11-29 23:00:00+00:00";"19";"61";"28";"2021";"NON";"NON";"200068443";"";"";"";"2021-10-06";"67158";""
"61423";"3432";"PLU";"CC";"2005-05-22 22:00:00+00:00";"2000-10-11 22:00:00+00:00";"33";"61";"28";"2021";"NON";"NON";"200068468";"";"";"";"2021-10-06";"54038";""
"61425";"3299";"PLUi/PLUiS";"CC";"2016-12-14 23:00:00+00:00";"2013-04-11 22:00:00+00:00";"39";"61";"28";"2021";"NON";"OUI";"61425";"";"";"";"2021-10-06";"98139";""
"61426";"3332";"PLUi/PLUiS";"CC";"2017-12-06 23:00:00+00:00";"2011-10-27 22:00:00+00:00";"33";"61";"28";"2021";"OUI";"NON";"200071504";"";"";"";"2021-10-06";"98108";""
"61429";"3299";"PLUi/PLUiS";"CC";"2020-03-03 23:00:00+00:00";"2013-10-15 22:00:00+00:00";"39";"61";"28";"2021";"NON";"OUI";"200068856";"";"";"";"2021-10-06";"124836";""
"61432";"3432";"PLU";"CC";"2013-01-21 23:00:00+00:00";"2007-09-24 22:00:00+00:00";"33";"61";"28";"2021";"NON";"NON";"200068468";"";"";"";"2021-10-06";"62917";""
"61433";"3332";"PLUi/PLUiS";"CU";"2020-02-12 23:00:00+00:00";"2013-03-27 23:00:00+00:00";"33";"61";"28";"2021";"OUI";"NON";"246100663";"";"";"";"2021-10-06";"123525";""
"61435";"3432";"PLU";"CC";"2008-05-27 22:00:00+00:00";"2003-01-22 23:00:00+00:00";"33";"61";"28";"2021";"NON";"NON";"200068468";"";"";"";"2021-10-06";"54037";""
"61438";"3299";"PLUi/PLUiS";"CC";"2016-12-14 23:00:00+00:00";"2013-04-11 22:00:00+00:00";"39";"61";"28";"2021";"NON";"OUI";"61438";"";"";"";"2021-10-06";"98139";""
"61440";"3432";"PLU";"CC";"2009-07-23 22:00:00+00:00";"2005-11-24 23:00:00+00:00";"33";"61";"28";"2021";"NON";"NON";"200068468";"";"";"";"2021-10-06";"54033";""
"61443";"3332";"PLUi/PLUiS";"CA";"2014-12-17 23:00:00+00:00";"2011-02-16 23:00:00+00:00";"33";"61";"28";"2021";"OUI";"NON";"61443";"";"";"";"2021-10-06";"98447";""
"61445";"1199";"CC";"COM";"2006-01-25 23:00:00+00:00";"2002-06-30 22:00:00+00:00";"19";"61";"28";"2021";"NON";"NON";"61445";"";"";"";"2021-10-06";"70401";""
"61447";"3432";"PLU";"CA";"2006-10-15 22:00:00+00:00";"2002-04-25 22:00:00+00:00";"33";"61";"28";"2021";"NON";"NON";"200035814";"";"";"";"2021-10-06";"54041";""
"61448";"3299";"PLUi/PLUiS";"CC";"2020-01-19 23:00:00+00:00";"2013-09-15 22:00:00+00:00";"39";"61";"28";"2021";"NON";"OUI";"200068435";"";"";"";"2021-10-06";"124482";""
"61451";"1111";"CC";"COM";"2013-07-15 22:00:00+00:00";"2009-11-18 23:00:00+00:00";"11";"61";"28";"2021";"NON";"NON";"61451";"";"";"";"2021-10-06";"67160";""
"61452";"1499";"CC";"CC";"2016-04-04 22:00:00+00:00";"2014-12-15 23:00:00+00:00";"19";"61";"28";"2021";"NON";"NON";"200068443";"";"";"";"2021-10-06";"142523";""
"61454";"3432";"PLU";"CC";"2015-05-05 22:00:00+00:00";"2011-10-04 22:00:00+00:00";"33";"61";"28";"2021";"NON";"NON";"200035103";"";"";"";"2021-10-06";"110670";""
"61456";"3432";"PLU";"CC";"2005-04-25 22:00:00+00:00";"2000-10-16 22:00:00+00:00";"33";"61";"28";"2021";"NON";"NON";"200068468";"";"";"";"2021-10-06";"54045";""
"61460";"3332";"PLUi/PLUiS";"CC";"2020-02-10 23:00:00+00:00";"2012-12-09 23:00:00+00:00";"33";"61";"28";"2021";"OUI";"NON";"200069458";"";"";"";"2021-10-06";"116659";""
"61461";"1432";"CC";"CC";"2013-02-20 23:00:00+00:00";"2010-04-01 22:00:00+00:00";"13";"61";"28";"2021";"NON";"NON";"200069458";"";"";"";"2021-10-06";"67163";""
"61462";"3399";"PLUi/PLUiS";"CC";"2015-11-15 23:00:00+00:00";"2012-06-04 22:00:00+00:00";"39";"61";"28";"2021";"OUI";"NON";"200068450";"";"";"";"2021-10-06";"110637";""
"61463";"1432";"CC";"CA";"2010-07-04 22:00:00+00:00";"2008-07-31 22:00:00+00:00";"13";"61";"28";"2021";"NON";"NON";"61463";"";"";"";"2021-10-06";"69849";""
"61464";"3432";"PLU";"CC";"2013-07-09 22:00:00+00:00";"2008-04-17 22:00:00+00:00";"33";"61";"28";"2021";"NON";"NON";"200035111";"";"";"";"2021-10-06";"62918";""
"61466";"3332";"PLUi/PLUiS";"CA";"2014-12-17 23:00:00+00:00";"2011-02-16 23:00:00+00:00";"33";"61";"28";"2021";"OUI";"NON";"61466";"";"";"";"2021-10-06";"98447";""
"61467";"3332";"PLUi/PLUiS";"CU";"2020-02-12 23:00:00+00:00";"2013-03-27 23:00:00+00:00";"33";"61";"28";"2021";"OUI";"NON";"246100663";"";"";"";"2021-10-06";"123525";""
"61472";"3399";"PLUi/PLUiS";"CC";"2015-11-15 23:00:00+00:00";"2012-06-04 22:00:00+00:00";"39";"61";"28";"2021";"OUI";"NON";"200068450";"";"";"";"2021-10-06";"110637";""
"61473";"3399";"PLUi/PLUiS";"CC";"2019-12-16 23:00:00+00:00";"2013-07-23 22:00:00+00:00";"39";"61";"28";"2021";"OUI";"NON";"200068450";"";"";"";"2021-10-06";"123526";""
"61474";"1434";"CC";"CC";"2015-05-28 22:00:00+00:00";"2009-05-05 22:00:00+00:00";"13";"61";"28";"2021";"NON";"NON";"200068450";"";"";"";"2021-10-06";"67129";""
"61475";"3299";"PLUi/PLUiS";"CC";"2016-12-14 23:00:00+00:00";"2013-04-11 22:00:00+00:00";"39";"61";"28";"2021";"NON";"OUI";"61475";"";"";"";"2021-10-06";"98139";""
"61479";"3399";"PLUi/PLUiS";"CC";"2019-12-16 23:00:00+00:00";"2013-07-23 22:00:00+00:00";"39";"61";"28";"2021";"OUI";"NON";"200068450";"";"";"";"2021-10-06";"123526";""
"61483";"3434";"PLU";"CC";"2008-02-20 23:00:00+00:00";"2003-03-16 23:00:00+00:00";"33";"61";"28";"2021";"NON";"NON";"200068443";"";"";"";"2021-10-06";"53990";""
"61484";"1432";"CC";"CC";"2014-02-17 23:00:00+00:00";"2013-03-28 23:00:00+00:00";"13";"61";"28";"2021";"NON";"NON";"200071504";"";"";"";"2021-10-06";"129385";""
"61485";"3332";"PLUi/PLUiS";"CC";"2020-02-10 23:00:00+00:00";"2012-12-09 23:00:00+00:00";"33";"61";"28";"2021";"OUI";"NON";"200069458";"";"";"";"2021-10-06";"116659";""
"61486";"1131";"CC";"COM";"2014-05-13 22:00:00+00:00";"2010-02-18 23:00:00+00:00";"13";"61";"28";"2021";"NON";"NON";"61486";"";"";"";"2021-10-06";"67124";""
"61487";"1499";"CC";"CC";"2015-12-21 23:00:00+00:00";"2011-05-13 22:00:00+00:00";"19";"61";"28";"2021";"NON";"NON";"200068443";"";"";"";"2021-10-06";"99188";""
"61491";"3299";"PLUi/PLUiS";"CC";"2020-03-03 23:00:00+00:00";"2013-10-15 22:00:00+00:00";"39";"61";"28";"2021";"NON";"OUI";"200068856";"";"";"";"2021-10-06";"124836";""
"61494";"3499";"PLU";"CC";"2013-12-12 23:00:00+00:00";"2007-12-03 23:00:00+00:00";"39";"61";"28";"2021";"NON";"NON";"200068450";"";"";"";"2021-10-06";"62921";""
"61497";"3332";"PLUi/PLUiS";"CU";"2020-02-12 23:00:00+00:00";"2013-03-27 23:00:00+00:00";"33";"61";"28";"2021";"OUI";"NON";"246100663";"";"";"";"2021-10-06";"123525";""
"61498";"3332";"PLUi/PLUiS";"CC";"2017-12-06 23:00:00+00:00";"2011-10-27 22:00:00+00:00";"33";"61";"28";"2021";"OUI";"NON";"200071504";"";"";"";"2021-10-06";"98108";""
"61500";"3299";"PLUi/PLUiS";"CC";"2020-03-03 23:00:00+00:00";"2013-10-15 22:00:00+00:00";"39";"61";"28";"2021";"NON";"OUI";"200068856";"";"";"";"2021-10-06";"124836";""
"61501";"3299";"PLUi/PLUiS";"CC";"2020-01-19 23:00:00+00:00";"2013-09-15 22:00:00+00:00";"39";"61";"28";"2021";"NON";"OUI";"200068435";"";"";"";"2021-10-06";"124482";""
"61503";"3399";"PLUi/PLUiS";"CC";"2019-12-16 23:00:00+00:00";"2013-07-23 22:00:00+00:00";"39";"61";"28";"2021";"OUI";"NON";"200068450";"";"";"";"2021-10-06";"123526";""
"61507";"3299";"PLUi/PLUiS";"CC";"2016-12-14 23:00:00+00:00";"2013-04-11 22:00:00+00:00";"39";"61";"28";"2021";"NON";"OUI";"61507";"";"";"";"2021-10-06";"98139";""
"61508";"3332";"PLUi/PLUiS";"CC";"2020-02-10 23:00:00+00:00";"2012-12-09 23:00:00+00:00";"33";"61";"28";"2021";"OUI";"NON";"200069458";"";"";"";"2021-10-06";"116659";""
"62001";"3199";"PLU";"COM";"2006-06-21 22:00:00+00:00";"2002-12-18 23:00:00+00:00";"39";"62";"32";"2021";"NON";"NON";"62001";"";"";"";"2021-10-06";"20953";""
"62002";"3299";"PLUi/PLUiS";"CC";"2020-03-02 23:00:00+00:00";"2015-06-10 22:00:00+00:00";"39";"62";"32";"2021";"NON";"OUI";"62002";"";"";"";"2021-10-06";"141343";""
"62004";"3399";"PLUi/PLUiS";"CU";"2019-12-18 23:00:00+00:00";"2013-03-06 23:00:00+00:00";"39";"62";"32";"2021";"OUI";"NON";"62004";"";"";"";"2021-10-06";"124113";""
"62005";"3299";"PLUi/PLUiS";"CC";"2020-03-02 23:00:00+00:00";"2015-06-10 22:00:00+00:00";"39";"62";"32";"2021";"NON";"OUI";"62005";"";"";"";"2021-10-06";"141343";""
"62006";"3299";"PLUi/PLUiS";"CC";"2020-03-02 23:00:00+00:00";"2015-06-10 22:00:00+00:00";"39";"62";"32";"2021";"NON";"OUI";"62006";"";"";"";"2021-10-06";"141343";""
"62007";"3399";"PLUi/PLUiS";"CU";"2019-12-18 23:00:00+00:00";"2013-03-06 23:00:00+00:00";"39";"62";"32";"2021";"OUI";"NON";"200033579";"";"";"";"2021-10-06";"124113";""
"62008";"3299";"PLUi/PLUiS";"CC";"2019-09-29 22:00:00+00:00";"2015-02-11 23:00:00+00:00";"39";"62";"32";"2021";"NON";"OUI";"62008";"";"";"";"2021-10-06";"137227";""
"62009";"3399";"PLUi/PLUiS";"CC";"2020-12-09 23:00:00+00:00";"2015-06-03 22:00:00+00:00";"39";"62";"32";"2021";"OUI";"NON";"62009";"";"";"";"2021-10-06";"139675";""
"62010";"3299";"PLUi/PLUiS";"CC";"2019-09-29 22:00:00+00:00";"2015-02-11 23:00:00+00:00";"39";"62";"32";"2021";"NON";"OUI";"62010";"";"";"";"2021-10-06";"137227";""
"62011";"3399";"PLUi/PLUiS";"CC";"2020-12-09 23:00:00+00:00";"2015-06-03 22:00:00+00:00";"39";"62";"32";"2021";"OUI";"NON";"62011";"";"";"";"2021-10-06";"139675";""
"62012";"1433";"CC";"CC";"2003-07-22 22:00:00+00:00";"2001-09-19 22:00:00+00:00";"13";"62";"32";"2021";"NON";"NON";"62012";"";"";"";"2021-10-06";"31200";""
"62013";"3399";"PLUi/PLUiS";"CU";"2019-12-18 23:00:00+00:00";"2013-03-06 23:00:00+00:00";"39";"62";"32";"2021";"OUI";"NON";"62013";"";"";"";"2021-10-06";"124113";""
"62014";"3499";"PLU";"CA";"2010-05-04 22:00:00+00:00";"2006-05-29 22:00:00+00:00";"39";"62";"32";"2021";"NON";"NON";"200069037";"";"";"";"2021-10-06";"31207";""
"62015";"3332";"PLUi/PLUiS";"CA";"2019-04-10 22:00:00+00:00";"2015-05-18 22:00:00+00:00";"33";"62";"32";"2021";"OUI";"NON";"200069029";"";"";"";"2021-10-06";"139232";""
"62016";"3332";"PLUi/PLUiS";"CA";"2019-04-10 22:00:00+00:00";"2015-05-18 22:00:00+00:00";"33";"62";"32";"2021";"OUI";"NON";"200069029";"";"";"";"2021-10-06";"139232";""
"62018";"1432";"CC";"CC";"2017-01-03 23:00:00+00:00";"2012-12-05 23:00:00+00:00";"13";"62";"32";"2021";"NON";"NON";"62018";"";"";"";"2021-10-06";"121646";""
"62019";"3199";"PLU";"COM";"2013-04-29 22:00:00+00:00";"2008-06-24 22:00:00+00:00";"39";"62";"32";"2021";"NON";"NON";"62019";"";"";"";"2021-10-06";"42520";""
"62020";"3299";"PLUi/PLUiS";"CC";"2019-09-25 22:00:00+00:00";"2015-04-01 22:00:00+00:00";"39";"62";"32";"2021";"NON";"OUI";"200072478";"";"";"";"2021-10-06";"138728";""
"62022";"3299";"PLUi/PLUiS";"CC";"2019-11-13 23:00:00+00:00";"2010-12-08 23:00:00+00:00";"39";"62";"32";"2021";"NON";"OUI";"62022";"";"";"";"2021-10-06";"116623";""
"62023";"3432";"PLU";"CA";"2010-12-14 23:00:00+00:00";"2004-09-27 22:00:00+00:00";"33";"62";"32";"2021";"NON";"NON";"200072460";"";"";"";"2021-10-06";"31214";""
"62024";"3299";"PLUi/PLUiS";"CC";"2019-09-29 22:00:00+00:00";"2015-02-11 23:00:00+00:00";"39";"62";"32";"2021";"NON";"OUI";"62024";"";"";"";"2021-10-06";"137227";""
"62025";"3232";"PLUi/PLUiS";"CC";"2019-12-03 23:00:00+00:00";"2017-12-12 23:00:00+00:00";"33";"62";"32";"2021";"NON";"OUI";"62025";"";"";"";"2021-10-06";"160978";""
"62028";"1432";"CC";"CA";"2008-04-09 22:00:00+00:00";"2005-04-14 22:00:00+00:00";"13";"62";"32";"2021";"NON";"NON";"200072460";"";"";"";"2021-10-06";"17804";""
"62030";"3399";"PLUi/PLUiS";"CC";"2021-03-24 23:00:00+00:00";"2014-12-17 23:00:00+00:00";"39";"62";"32";"2021";"OUI";"NON";"62030";"";"";"";"2021-10-06";"137441";""
"62031";"3299";"PLUi/PLUiS";"CC";"2019-09-25 22:00:00+00:00";"2015-04-01 22:00:00+00:00";"39";"62";"32";"2021";"NON";"OUI";"200072478";"";"";"";"2021-10-06";"138728";""
"62032";"3131";"PLU";"COM";"2006-11-26 23:00:00+00:00";"1999-06-08 22:00:00+00:00";"33";"62";"32";"2021";"NON";"NON";"62032";"";"";"";"2021-10-06";"31220";""
"62033";"3131";"PLU";"COM";"2006-02-26 23:00:00+00:00";"2001-10-30 23:00:00+00:00";"33";"62";"32";"2021";"NON";"NON";"62033";"";"";"";"2021-10-06";"48662";""
"62034";"3332";"PLUi/PLUiS";"CA";"2006-06-28 22:00:00+00:00";"2000-11-07 23:00:00+00:00";"33";"62";"32";"2021";"OUI";"NON";"200072460";"";"";"";"2021-10-06";"48772";""
"62035";"3432";"PLU";"CA";"2013-03-03 23:00:00+00:00";"2009-06-08 22:00:00+00:00";"33";"62";"32";"2021";"NON";"NON";"200072460";"";"";"";"2021-10-06";"41622";""
"62036";"1433";"CC";"CC";"2016-09-15 22:00:00+00:00";"2014-04-24 22:00:00+00:00";"13";"62";"32";"2021";"NON";"NON";"62036";"";"";"";"2021-10-06";"134812";""
"62037";"3399";"PLUi/PLUiS";"CU";"2019-12-18 23:00:00+00:00";"2013-03-06 23:00:00+00:00";"39";"62";"32";"2021";"OUI";"NON";"62037";"";"";"";"2021-10-06";"124113";""
"62038";"3299";"PLUi/PLUiS";"CC";"2019-09-25 22:00:00+00:00";"2015-04-01 22:00:00+00:00";"39";"62";"32";"2021";"NON";"OUI";"200072478";"";"";"";"2021-10-06";"138728";""
"62040";"3399";"PLUi/PLUiS";"CA";"2019-06-23 22:00:00+00:00";"2012-04-12 22:00:00+00:00";"39";"62";"32";"2021";"OUI";"NON";"200069037";"";"";"";"2021-10-06";"114259";""
"62041";"3399";"PLUi/PLUiS";"CU";"2019-12-18 23:00:00+00:00";"2013-03-06 23:00:00+00:00";"39";"62";"32";"2021";"OUI";"NON";"62041";"";"";"";"2021-10-06";"124113";""
"62042";"3399";"PLUi/PLUiS";"CU";"2019-12-18 23:00:00+00:00";"2013-03-06 23:00:00+00:00";"39";"62";"32";"2021";"OUI";"NON";"62042";"";"";"";"2021-10-06";"124113";""
"62043";"3499";"PLU";"CA";"2011-12-20 23:00:00+00:00";"2007-07-10 22:00:00+00:00";"39";"62";"32";"2021";"NON";"NON";"200090751";"";"";"";"2021-10-06";"26478";""
"62044";"3432";"PLU";"CA";"2005-08-24 22:00:00+00:00";"2002-05-26 22:00:00+00:00";"33";"62";"32";"2021";"NON";"NON";"200069029";"";"";"";"2021-10-06";"31468";""
"62046";"3332";"PLUi/PLUiS";"CC";"2016-03-07 23:00:00+00:00";"2012-10-24 22:00:00+00:00";"33";"62";"32";"2021";"OUI";"NON";"62046";"";"";"";"2021-10-06";"115834";""
"62048";"3432";"PLU";"CA";"2014-06-25 22:00:00+00:00";"2011-03-30 22:00:00+00:00";"33";"62";"32";"2021";"NON";"NON";"200072460";"";"";"";"2021-10-06";"112694";""
"62049";"1432";"CC";"CA";"2008-06-01 22:00:00+00:00";"2005-03-24 23:00:00+00:00";"13";"62";"32";"2021";"NON";"NON";"200072460";"";"";"";"2021-10-06";"17806";""
"62050";"3332";"PLUi/PLUiS";"CC";"2016-03-07 23:00:00+00:00";"2012-10-24 22:00:00+00:00";"33";"62";"32";"2021";"OUI";"NON";"62050";"";"";"";"2021-10-06";"115834";""
"62051";"3332";"PLUi/PLUiS";"CA";"2006-06-28 22:00:00+00:00";"2000-11-07 23:00:00+00:00";"33";"62";"32";"2021";"OUI";"NON";"200072460";"";"";"";"2021-10-06";"48772";""
"62052";"3232";"PLUi/PLUiS";"CC";"2019-12-03 23:00:00+00:00";"2017-12-12 23:00:00+00:00";"33";"62";"32";"2021";"NON";"OUI";"62052";"";"";"";"2021-10-06";"160978";""
"62053";"3399";"PLUi/PLUiS";"CA";"2014-02-27 23:00:00+00:00";"2011-02-24 23:00:00+00:00";"39";"62";"32";"2021";"OUI";"NON";"200069037";"";"";"";"2021-10-06";"106360";""
"62054";"3232";"PLUi/PLUiS";"CC";"2019-12-03 23:00:00+00:00";"2017-12-12 23:00:00+00:00";"33";"62";"32";"2021";"NON";"OUI";"62054";"";"";"";"2021-10-06";"160978";""
"62055";"3299";"PLUi/PLUiS";"CC";"2019-09-29 22:00:00+00:00";"2015-02-11 23:00:00+00:00";"39";"62";"32";"2021";"NON";"OUI";"62055";"";"";"";"2021-10-06";"137227";""
"62056";"3232";"PLUi/PLUiS";"CC";"2019-12-03 23:00:00+00:00";"2017-12-12 23:00:00+00:00";"33";"62";"32";"2021";"NON";"OUI";"62056";"";"";"";"2021-10-06";"160978";""
"62057";"3299";"PLUi/PLUiS";"CC";"2018-09-24 22:00:00+00:00";"2011-12-07 23:00:00+00:00";"39";"62";"32";"2021";"NON";"OUI";"62057";"";"";"";"2021-10-06";"112701";""
"62059";"3299";"PLUi/PLUiS";"CC";"2019-09-25 22:00:00+00:00";"2015-04-01 22:00:00+00:00";"39";"62";"32";"2021";"NON";"OUI";"200072478";"";"";"";"2021-10-06";"138728";""
"62060";"3433";"PLU";"CC";"2012-10-21 22:00:00+00:00";"2005-10-18 22:00:00+00:00";"33";"62";"32";"2021";"NON";"NON";"62060";"";"";"";"2021-10-06";"31625";""
"62061";"1499";"CC";"CC";"2011-11-20 23:00:00+00:00";"2008-01-01 23:00:00+00:00";"19";"62";"32";"2021";"NON";"NON";"62061";"";"";"";"2021-10-06";"87244";""
"62063";"3433";"PLU";"CC";"2003-07-06 22:00:00+00:00";"1999-03-30 22:00:00+00:00";"33";"62";"32";"2021";"NON";"NON";"62063";"";"";"";"2021-10-06";"31627";""
"62064";"3299";"PLUi/PLUiS";"CC";"2020-03-02 23:00:00+00:00";"2015-06-10 22:00:00+00:00";"39";"62";"32";"2021";"NON";"OUI";"62064";"";"";"";"2021-10-06";"141343";""
"62065";"3199";"PLU";"COM";"2016-10-12 22:00:00+00:00";"2009-02-12 23:00:00+00:00";"39";"62";"32";"2021";"NON";"NON";"62065";"";"";"";"2021-10-06";"42632";""
"62067";"3399";"PLUi/PLUiS";"CA";"2014-02-27 23:00:00+00:00";"2011-02-24 23:00:00+00:00";"39";"62";"32";"2021";"OUI";"NON";"200069037";"";"";"";"2021-10-06";"106360";""
"62068";"3299";"PLUi/PLUiS";"CC";"2020-03-02 23:00:00+00:00";"2015-06-10 22:00:00+00:00";"39";"62";"32";"2021";"NON";"OUI";"62068";"";"";"";"2021-10-06";"141343";""
"62069";"3332";"PLUi/PLUiS";"CC";"2016-03-07 23:00:00+00:00";"2012-11-20 23:00:00+00:00";"33";"62";"32";"2021";"OUI";"NON";"62069";"";"";"";"2021-10-06";"116088";""
"62071";"1433";"CC";"CC";"2010-08-03 22:00:00+00:00";"2006-01-09 23:00:00+00:00";"13";"62";"32";"2021";"NON";"NON";"62071";"";"";"";"2021-10-06";"17812";""
"62072";"3399";"PLUi/PLUiS";"CC";"2020-12-09 23:00:00+00:00";"2015-06-03 22:00:00+00:00";"39";"62";"32";"2021";"OUI";"NON";"62072";"";"";"";"2021-10-06";"139675";""
"62073";"3399";"PLUi/PLUiS";"CU";"2019-12-18 23:00:00+00:00";"2013-03-06 23:00:00+00:00";"39";"62";"32";"2021";"OUI";"NON";"62073";"";"";"";"2021-10-06";"124113";""
"62074";"3399";"PLUi/PLUiS";"CC";"2020-12-09 23:00:00+00:00";"2015-06-03 22:00:00+00:00";"39";"62";"32";"2021";"OUI";"NON";"62074";"";"";"";"2021-10-06";"139675";""
"62075";"3299";"PLUi/PLUiS";"CA";"2017-04-05 22:00:00+00:00";"2011-02-06 23:00:00+00:00";"39";"62";"32";"2021";"NON";"OUI";"62075";"";"";"";"2021-10-06";"97529";""
"62076";"3299";"PLUi/PLUiS";"CC";"2019-09-25 22:00:00+00:00";"2015-04-01 22:00:00+00:00";"39";"62";"32";"2021";"NON";"OUI";"200072478";"";"";"";"2021-10-06";"138728";""
"62077";"3432";"PLU";"CA";"2016-11-02 23:00:00+00:00";"2011-03-30 22:00:00+00:00";"33";"62";"32";"2021";"NON";"NON";"200072460";"";"";"";"2021-10-06";"116670";""
"62078";"3299";"PLUi/PLUiS";"CC";"2019-09-25 22:00:00+00:00";"2015-04-01 22:00:00+00:00";"39";"62";"32";"2021";"NON";"OUI";"200072478";"";"";"";"2021-10-06";"138728";""
"62079";"3299";"PLUi/PLUiS";"CC";"2020-03-02 23:00:00+00:00";"2015-06-10 22:00:00+00:00";"39";"62";"32";"2021";"NON";"OUI";"62079";"";"";"";"2021-10-06";"141343";""
"62080";"3299";"PLUi/PLUiS";"CC";"2020-03-02 23:00:00+00:00";"2015-06-10 22:00:00+00:00";"39";"62";"32";"2021";"NON";"OUI";"62080";"";"";"";"2021-10-06";"141343";""
"62081";"3432";"PLU";"CC";"2018-02-25 23:00:00+00:00";"2014-10-09 22:00:00+00:00";"33";"62";"32";"2021";"NON";"NON";"200044048";"";"";"";"2021-10-06";"135464";""
"62082";"3299";"PLUi/PLUiS";"CC";"2020-03-02 23:00:00+00:00";"2015-06-10 22:00:00+00:00";"39";"62";"32";"2021";"NON";"OUI";"62082";"";"";"";"2021-10-06";"141343";""
"62083";"3432";"PLU";"CA";"2006-01-30 23:00:00+00:00";"2002-09-11 22:00:00+00:00";"33";"62";"32";"2021";"NON";"NON";"200072460";"";"";"";"2021-10-06";"31640";""
"62084";"3399";"PLUi/PLUiS";"CC";"2021-03-24 23:00:00+00:00";"2014-12-17 23:00:00+00:00";"39";"62";"32";"2021";"OUI";"NON";"62084";"";"";"";"2021-10-06";"137441";""
"62085";"3399";"PLUi/PLUiS";"CU";"2020-02-12 23:00:00+00:00";"2015-06-03 22:00:00+00:00";"39";"62";"32";"2021";"OUI";"NON";"62085";"";"";"";"2021-10-06";"169308";""
"62086";"3399";"PLUi/PLUiS";"CC";"2021-03-24 23:00:00+00:00";"2014-12-17 23:00:00+00:00";"39";"62";"32";"2021";"OUI";"NON";"62086";"";"";"";"2021-10-06";"137441";""
"62087";"3399";"PLUi/PLUiS";"CA";"2019-06-23 22:00:00+00:00";"2012-04-12 22:00:00+00:00";"39";"62";"32";"2021";"OUI";"NON";"200069037";"";"";"";"2021-10-06";"114259";""
"62088";"3299";"PLUi/PLUiS";"CC";"2019-09-29 22:00:00+00:00";"2015-02-11 23:00:00+00:00";"39";"62";"32";"2021";"NON";"OUI";"62088";"";"";"";"2021-10-06";"137227";""
"62089";"3232";"PLUi/PLUiS";"CC";"2019-12-03 23:00:00+00:00";"2017-12-12 23:00:00+00:00";"33";"62";"32";"2021";"NON";"OUI";"62089";"";"";"";"2021-10-06";"160978";""
"62090";"3332";"PLUi/PLUiS";"CC";"2016-03-07 23:00:00+00:00";"2012-11-20 23:00:00+00:00";"33";"62";"32";"2021";"OUI";"NON";"62090";"";"";"";"2021-10-06";"116088";""
"62091";"3399";"PLUi/PLUiS";"CC";"2021-03-24 23:00:00+00:00";"2014-12-17 23:00:00+00:00";"39";"62";"32";"2021";"OUI";"NON";"62091";"";"";"";"2021-10-06";"137441";""
"62092";"3399";"PLUi/PLUiS";"CC";"2021-03-24 23:00:00+00:00";"2014-12-17 23:00:00+00:00";"39";"62";"32";"2021";"OUI";"NON";"62092";"";"";"";"2021-10-06";"137441";""
"62093";"3299";"PLUi/PLUiS";"CC";"2020-03-02 23:00:00+00:00";"2015-06-10 22:00:00+00:00";"39";"62";"32";"2021";"NON";"OUI";"62093";"";"";"";"2021-10-06";"141343";""
"62094";"1432";"CC";"CA";"2017-01-29 23:00:00+00:00";"2013-09-23 22:00:00+00:00";"13";"62";"32";"2021";"NON";"NON";"200069029";"";"";"";"2021-10-06";"124857";""
"62095";"3399";"PLUi/PLUiS";"CA";"2014-02-27 23:00:00+00:00";"2011-02-24 23:00:00+00:00";"39";"62";"32";"2021";"OUI";"NON";"200069037";"";"";"";"2021-10-06";"106360";""
"62096";"3299";"PLUi/PLUiS";"CC";"2020-03-02 23:00:00+00:00";"2015-06-10 22:00:00+00:00";"39";"62";"32";"2021";"NON";"OUI";"62096";"";"";"";"2021-10-06";"141343";""
"62097";"3399";"PLUi/PLUiS";"CU";"2019-12-18 23:00:00+00:00";"2013-03-06 23:00:00+00:00";"39";"62";"32";"2021";"OUI";"NON";"62097";"";"";"";"2021-10-06";"124113";""
"62099";"3399";"PLUi/PLUiS";"CU";"2019-12-18 23:00:00+00:00";"2013-03-06 23:00:00+00:00";"39";"62";"32";"2021";"OUI";"NON";"62099";"";"";"";"2021-10-06";"124113";""
"62100";"3432";"PLU";"CC";"2016-03-07 23:00:00+00:00";"2012-09-25 22:00:00+00:00";"33";"62";"32";"2021";"NON";"NON";"62100";"";"";"";"2021-10-06";"115821";""
"62101";"1499";"CC";"CC";"2013-09-05 22:00:00+00:00";"2009-10-01 22:00:00+00:00";"19";"62";"32";"2021";"NON";"NON";"62101";"";"";"";"2021-10-06";"87311";""
"62102";"1433";"CC";"CC";"2009-12-14 23:00:00+00:00";"2007-12-06 23:00:00+00:00";"13";"62";"32";"2021";"NON";"NON";"200069235";"";"";"";"2021-10-06";"41791";""
"62103";"3299";"PLUi/PLUiS";"CC";"2020-03-02 23:00:00+00:00";"2015-06-10 22:00:00+00:00";"39";"62";"32";"2021";"NON";"OUI";"62103";"";"";"";"2021-10-06";"141343";""
"62104";"3299";"PLUi/PLUiS";"CC";"2019-11-13 23:00:00+00:00";"2010-12-08 23:00:00+00:00";"39";"62";"32";"2021";"NON";"OUI";"62104";"";"";"";"2021-10-06";"116623";""
"62105";"3299";"PLUi/PLUiS";"CC";"2019-11-13 23:00:00+00:00";"2010-12-08 23:00:00+00:00";"39";"62";"32";"2021";"NON";"OUI";"62105";"";"";"";"2021-10-06";"116623";""
"62106";"3432";"PLU";"CC";"2013-06-12 22:00:00+00:00";"2009-10-05 22:00:00+00:00";"33";"62";"32";"2021";"NON";"NON";"200044048";"";"";"";"2021-10-06";"89424";""
"62107";"3199";"PLU";"COM";"2017-09-06 22:00:00+00:00";"2015-03-29 22:00:00+00:00";"39";"62";"32";"2021";"NON";"NON";"62107";"";"";"";"2021-10-06";"139539";""
"62108";"3332";"PLUi/PLUiS";"CA";"2019-04-10 22:00:00+00:00";"2015-05-18 22:00:00+00:00";"33";"62";"32";"2021";"OUI";"NON";"200069029";"";"";"";"2021-10-06";"139232";""
"62109";"1433";"CC";"CC";"2016-09-15 22:00:00+00:00";"2014-04-24 22:00:00+00:00";"13";"62";"32";"2021";"NON";"NON";"62109";"";"";"";"2021-10-06";"163121";""
"62111";"3399";"PLUi/PLUiS";"CC";"2021-03-24 23:00:00+00:00";"2014-12-17 23:00:00+00:00";"39";"62";"32";"2021";"OUI";"NON";"62111";"";"";"";"2021-10-06";"137441";""
"62112";"3399";"PLUi/PLUiS";"CC";"2020-12-09 23:00:00+00:00";"2015-06-03 22:00:00+00:00";"39";"62";"32";"2021";"OUI";"NON";"62112";"";"";"";"2021-10-06";"139675";""
"62114";"1499";"CC";"CC";"2013-09-05 22:00:00+00:00";"2009-10-01 22:00:00+00:00";"19";"62";"32";"2021";"NON";"NON";"62114";"";"";"";"2021-10-06";"163099";""
"62115";"3399";"PLUi/PLUiS";"CC";"2020-12-09 23:00:00+00:00";"2015-06-03 22:00:00+00:00";"39";"62";"32";"2021";"OUI";"NON";"62115";"";"";"";"2021-10-06";"139675";""
"62117";"3299";"PLUi/PLUiS";"CC";"2020-03-02 23:00:00+00:00";"2015-06-10 22:00:00+00:00";"39";"62";"32";"2021";"NON";"OUI";"62117";"";"";"";"2021-10-06";"141343";""
"62119";"3432";"PLU";"CA";"2017-06-27 22:00:00+00:00";"2014-09-25 22:00:00+00:00";"33";"62";"32";"2021";"NON";"NON";"200072460";"";"";"";"2021-10-06";"138221";""
"62120";"3432";"PLU";"CA";"2016-11-02 23:00:00+00:00";"2009-10-07 22:00:00+00:00";"33";"62";"32";"2021";"NON";"NON";"200072460";"";"";"";"2021-10-06";"42721";""
"62121";"3299";"PLUi/PLUiS";"CC";"2020-03-02 23:00:00+00:00";"2015-06-10 22:00:00+00:00";"39";"62";"32";"2021";"NON";"OUI";"62121";"";"";"";"2021-10-06";"141343";""
"62122";"3299";"PLUi/PLUiS";"CC";"2020-03-02 23:00:00+00:00";"2015-06-10 22:00:00+00:00";"39";"62";"32";"2021";"NON";"OUI";"62122";"";"";"";"2021-10-06";"141343";""
"62123";"1433";"CC";"CC";"2005-05-24 22:00:00+00:00";"2002-09-24 22:00:00+00:00";"13";"62";"32";"2021";"NON";"NON";"200069235";"";"";"";"2021-10-06";"17816";""
"62125";"3232";"PLUi/PLUiS";"CC";"2019-12-03 23:00:00+00:00";"2017-12-12 23:00:00+00:00";"33";"62";"32";"2021";"NON";"OUI";"62125";"";"";"";"2021-10-06";"160978";""
"62126";"3432";"PLU";"CA";"2013-03-25 23:00:00+00:00";"2009-06-24 22:00:00+00:00";"33";"62";"32";"2021";"NON";"NON";"200072460";"";"";"";"2021-10-06";"42723";""
"62127";"1433";"CC";"CC";"2012-03-06 23:00:00+00:00";"2008-07-22 22:00:00+00:00";"13";"62";"32";"2021";"NON";"NON";"200069235";"";"";"";"2021-10-06";"42729";""
"62128";"3432";"PLU";"CC";"2006-01-26 23:00:00+00:00";"2001-06-28 22:00:00+00:00";"33";"62";"32";"2021";"NON";"NON";"200044048";"";"";"";"2021-10-06";"31651";""
"62129";"3299";"PLUi/PLUiS";"CC";"2020-03-02 23:00:00+00:00";"2015-06-10 22:00:00+00:00";"39";"62";"32";"2021";"NON";"OUI";"62129";"";"";"";"2021-10-06";"141343";""
"62130";"3399";"PLUi/PLUiS";"CC";"2021-03-24 23:00:00+00:00";"2014-12-17 23:00:00+00:00";"39";"62";"32";"2021";"OUI";"NON";"62130";"";"";"";"2021-10-06";"137441";""
"62131";"3299";"PLUi/PLUiS";"CC";"2020-03-02 23:00:00+00:00";"2015-06-10 22:00:00+00:00";"39";"62";"32";"2021";"NON";"OUI";"62131";"";"";"";"2021-10-06";"141343";""
"62132";"3332";"PLUi/PLUiS";"CA";"2006-06-28 22:00:00+00:00";"2000-11-07 23:00:00+00:00";"33";"62";"32";"2021";"OUI";"NON";"200072460";"";"";"";"2021-10-06";"48772";""
"62133";"3199";"PLU";"COM";"2017-06-18 22:00:00+00:00";"2014-09-21 22:00:00+00:00";"39";"62";"32";"2021";"NON";"NON";"62133";"";"";"";"2021-10-06";"135687";""
"62134";"3433";"PLU";"CC";"2017-04-09 22:00:00+00:00";"2012-12-13 23:00:00+00:00";"33";"62";"32";"2021";"NON";"NON";"200069235";"";"";"";"2021-10-06";"124023";""
"62135";"3399";"PLUi/PLUiS";"CC";"2020-12-09 23:00:00+00:00";"2015-06-03 22:00:00+00:00";"39";"62";"32";"2021";"OUI";"NON";"62135";"";"";"";"2021-10-06";"139675";""
"62137";"1499";"CC";"CC";"2013-09-05 22:00:00+00:00";"2009-10-01 22:00:00+00:00";"19";"62";"32";"2021";"NON";"NON";"62137";"";"";"";"2021-10-06";"163100";""
"62138";"3332";"PLUi/PLUiS";"CC";"2016-03-07 23:00:00+00:00";"2012-11-20 23:00:00+00:00";"33";"62";"32";"2021";"OUI";"NON";"62138";"";"";"";"2021-10-06";"116088";""
"62139";"3399";"PLUi/PLUiS";"CA";"2019-06-23 22:00:00+00:00";"2012-04-12 22:00:00+00:00";"39";"62";"32";"2021";"OUI";"NON";"200069037";"";"";"";"2021-10-06";"114259";""
"62140";"3299";"PLUi/PLUiS";"CC";"2019-09-29 22:00:00+00:00";"2015-02-11 23:00:00+00:00";"39";"62";"32";"2021";"NON";"OUI";"62140";"";"";"";"2021-10-06";"137227";""
"62141";"3332";"PLUi/PLUiS";"CA";"2008-06-25 22:00:00+00:00";"2002-01-29 23:00:00+00:00";"33";"62";"32";"2021";"OUI";"NON";"200072460";"";"";"";"2021-10-06";"48783";""
"62142";"3332";"PLUi/PLUiS";"CC";"2016-03-07 23:00:00+00:00";"2012-11-20 23:00:00+00:00";"33";"62";"32";"2021";"OUI";"NON";"62142";"";"";"";"2021-10-06";"116088";""
"62144";"3399";"PLUi/PLUiS";"CU";"2019-12-18 23:00:00+00:00";"2013-03-06 23:00:00+00:00";"39";"62";"32";"2021";"OUI";"NON";"62144";"";"";"";"2021-10-06";"124113";""
"62145";"3432";"PLU";"CC";"2009-11-11 23:00:00+00:00";"2005-09-21 22:00:00+00:00";"33";"62";"32";"2021";"NON";"NON";"200044048";"";"";"";"2021-10-06";"26625";""
"62146";"3399";"PLUi/PLUiS";"CU";"2020-02-12 23:00:00+00:00";"2015-06-03 22:00:00+00:00";"39";"62";"32";"2021";"OUI";"NON";"62146";"";"";"";"2021-10-06";"169308";""
"62147";"3399";"PLUi/PLUiS";"CU";"2020-02-12 23:00:00+00:00";"2015-06-03 22:00:00+00:00";"39";"62";"32";"2021";"OUI";"NON";"62147";"";"";"";"2021-10-06";"169308";""
"62148";"3199";"PLU";"COM";"2018-09-19 22:00:00+00:00";"2014-12-11 23:00:00+00:00";"39";"62";"32";"2021";"NON";"NON";"62148";"";"";"";"2021-10-06";"136557";""
"62149";"3299";"PLUi/PLUiS";"CC";"2019-09-29 22:00:00+00:00";"2015-02-11 23:00:00+00:00";"39";"62";"32";"2021";"NON";"OUI";"62149";"";"";"";"2021-10-06";"137227";""
"62150";"1432";"CC";"CC";"2016-06-06 22:00:00+00:00";"2012-10-21 22:00:00+00:00";"13";"62";"32";"2021";"NON";"NON";"62150";"";"";"";"2021-10-06";"141017";""
"62151";"3399";"PLUi/PLUiS";"CU";"2019-12-18 23:00:00+00:00";"2013-03-06 23:00:00+00:00";"39";"62";"32";"2021";"OUI";"NON";"62151";"";"";"";"2021-10-06";"124113";""
"62152";"3399";"PLUi/PLUiS";"CU";"2019-12-18 23:00:00+00:00";"2013-03-06 23:00:00+00:00";"39";"62";"32";"2021";"OUI";"NON";"62152";"";"";"";"2021-10-06";"124113";""
"62153";"3399";"PLUi/PLUiS";"CA";"2014-02-27 23:00:00+00:00";"2011-02-24 23:00:00+00:00";"39";"62";"32";"2021";"OUI";"NON";"200069037";"";"";"";"2021-10-06";"106360";""
"62155";"3299";"PLUi/PLUiS";"CC";"2019-09-29 22:00:00+00:00";"2015-02-11 23:00:00+00:00";"39";"62";"32";"2021";"NON";"OUI";"62155";"";"";"";"2021-10-06";"137227";""
"62156";"3399";"PLUi/PLUiS";"CA";"2019-09-25 22:00:00+00:00";"2015-04-01 22:00:00+00:00";"39";"62";"32";"2021";"OUI";"NON";"200090751";"";"";"";"2021-10-06";"173055";""
"62157";"1432";"CC";"CC";"2017-01-03 23:00:00+00:00";"2012-04-10 22:00:00+00:00";"13";"62";"32";"2021";"NON";"NON";"62157";"";"";"";"2021-10-06";"106153";""
"62160";"3299";"PLUi/PLUiS";"CA";"2017-04-05 22:00:00+00:00";"2011-02-06 23:00:00+00:00";"39";"62";"32";"2021";"NON";"OUI";"62160";"";"";"";"2021-10-06";"97529";""
"62161";"3299";"PLUi/PLUiS";"CC";"2019-09-25 22:00:00+00:00";"2015-04-01 22:00:00+00:00";"39";"62";"32";"2021";"NON";"OUI";"200072478";"";"";"";"2021-10-06";"138728";""
"62164";"3432";"PLU";"CC";"2012-06-14 22:00:00+00:00";"2007-09-13 22:00:00+00:00";"33";"62";"32";"2021";"NON";"NON";"200044048";"";"";"";"2021-10-06";"43646";""
"62165";"3299";"PLUi/PLUiS";"CC";"2019-11-13 23:00:00+00:00";"2010-12-08 23:00:00+00:00";"39";"62";"32";"2021";"NON";"OUI";"62165";"";"";"";"2021-10-06";"116623";""
"62167";"3299";"PLUi/PLUiS";"CC";"2019-09-25 22:00:00+00:00";"2015-04-01 22:00:00+00:00";"39";"62";"32";"2021";"NON";"OUI";"200072478";"";"";"";"2021-10-06";"138728";""
"62168";"1433";"CC";"CC";"2006-02-21 23:00:00+00:00";"2002-03-21 23:00:00+00:00";"13";"62";"32";"2021";"NON";"NON";"200069235";"";"";"";"2021-10-06";"15906";""
"62169";"3299";"PLUi/PLUiS";"CC";"2019-09-29 22:00:00+00:00";"2015-02-11 23:00:00+00:00";"39";"62";"32";"2021";"NON";"OUI";"62169";"";"";"";"2021-10-06";"137227";""
"62170";"3199";"PLU";"COM";"2017-04-04 22:00:00+00:00";"2015-04-08 22:00:00+00:00";"39";"62";"32";"2021";"NON";"NON";"62170";"";"";"";"2021-10-06";"138724";""
"62171";"1433";"CC";"CC";"2016-09-15 22:00:00+00:00";"2014-04-24 22:00:00+00:00";"13";"62";"32";"2021";"NON";"NON";"62171";"";"";"";"2021-10-06";"163123";""
"62172";"3399";"PLUi/PLUiS";"CU";"2019-12-18 23:00:00+00:00";"2013-03-06 23:00:00+00:00";"39";"62";"32";"2021";"OUI";"NON";"62172";"";"";"";"2021-10-06";"124113";""
"62173";"3432";"PLU";"CC";"2003-12-09 23:00:00+00:00";"2001-10-16 22:00:00+00:00";"33";"62";"32";"2021";"NON";"NON";"200044048";"";"";"";"2021-10-06";"31792";""
"62174";"3299";"PLUi/PLUiS";"CC";"2019-09-25 22:00:00+00:00";"2015-04-01 22:00:00+00:00";"39";"62";"32";"2021";"NON";"OUI";"200072478";"";"";"";"2021-10-06";"138728";""
"62175";"3332";"PLUi/PLUiS";"CC";"2016-03-07 23:00:00+00:00";"2012-10-24 22:00:00+00:00";"33";"62";"32";"2021";"OUI";"NON";"62175";"";"";"";"2021-10-06";"115834";""
"62176";"3432";"PLU";"CA";"2007-12-17 23:00:00+00:00";"2004-11-28 23:00:00+00:00";"33";"62";"32";"2021";"NON";"NON";"200069029";"";"";"";"2021-10-06";"17821";""
"62177";"1432";"CC";"CC";"2017-01-03 23:00:00+00:00";"2012-05-13 22:00:00+00:00";"13";"62";"32";"2021";"NON";"NON";"62177";"";"";"";"2021-10-06";"107468";""
"62178";"3432";"PLU";"CA";"2014-12-17 23:00:00+00:00";"2011-03-30 22:00:00+00:00";"33";"62";"32";"2021";"NON";"NON";"200072460";"";"";"";"2021-10-06";"116699";""
"62179";"3299";"PLUi/PLUiS";"CC";"2019-11-13 23:00:00+00:00";"2010-12-08 23:00:00+00:00";"39";"62";"32";"2021";"NON";"OUI";"62179";"";"";"";"2021-10-06";"116623";""
"62180";"1499";"CC";"CC";"2003-06-24 22:00:00+00:00";"2001-06-13 22:00:00+00:00";"19";"62";"32";"2021";"NON";"NON";"62180";"";"";"";"2021-10-06";"87637";""
"62181";"3299";"PLUi/PLUiS";"CC";"2020-03-02 23:00:00+00:00";"2015-06-10 22:00:00+00:00";"39";"62";"32";"2021";"NON";"OUI";"62181";"";"";"";"2021-10-06";"141343";""
"62183";"3432";"PLU";"CC";"2016-03-07 23:00:00+00:00";"2012-07-01 22:00:00+00:00";"33";"62";"32";"2021";"NON";"NON";"62183";"";"";"";"2021-10-06";"31843";""
"62185";"3299";"PLUi/PLUiS";"CC";"2020-03-02 23:00:00+00:00";"2015-06-10 22:00:00+00:00";"39";"62";"32";"2021";"NON";"OUI";"62185";"";"";"";"2021-10-06";"141343";""
"62186";"3199";"PLU";"COM";"2015-11-18 23:00:00+00:00";"2009-11-26 23:00:00+00:00";"39";"62";"32";"2021";"NON";"NON";"62186";"";"";"";"2021-10-06";"79182";""
"62187";"1499";"CC";"CC";"2007-12-09 23:00:00+00:00";"2005-11-29 23:00:00+00:00";"19";"62";"32";"2021";"NON";"NON";"62187";"";"";"";"2021-10-06";"166429";""
"62188";"3432";"PLU";"CA";"2020-02-04 23:00:00+00:00";"2012-06-06 22:00:00+00:00";"33";"62";"32";"2021";"NON";"NON";"200072460";"";"";"";"2021-10-06";"31853";""
"62189";"3299";"PLUi/PLUiS";"CC";"2020-03-02 23:00:00+00:00";"2015-06-10 22:00:00+00:00";"39";"62";"32";"2021";"NON";"OUI";"62189";"";"";"";"2021-10-06";"141343";""
"62190";"3432";"PLU";"CA";"2015-07-08 22:00:00+00:00";"2011-02-07 23:00:00+00:00";"33";"62";"32";"2021";"NON";"NON";"200072460";"";"";"";"2021-10-06";"79186";""
"62191";"3299";"PLUi/PLUiS";"CC";"2019-09-25 22:00:00+00:00";"2015-04-01 22:00:00+00:00";"39";"62";"32";"2021";"NON";"OUI";"200072478";"";"";"";"2021-10-06";"138728";""
"62192";"3432";"PLU";"CC";"2013-07-03 22:00:00+00:00";"2010-03-09 23:00:00+00:00";"33";"62";"32";"2021";"NON";"NON";"200044048";"";"";"";"2021-10-06";"42889";""
"62193";"3499";"PLU";"CA";"2012-10-23 22:00:00+00:00";"2001-12-20 23:00:00+00:00";"39";"62";"32";"2021";"NON";"NON";"200090751";"";"";"";"2021-10-06";"470";""
"62194";"3432";"PLU";"CA";"2006-02-08 23:00:00+00:00";"2003-06-25 22:00:00+00:00";"33";"62";"32";"2021";"NON";"NON";"200072460";"";"";"";"2021-10-06";"31864";""
"62195";"3432";"PLU";"CA";"2011-11-27 23:00:00+00:00";"2008-09-07 22:00:00+00:00";"33";"62";"32";"2021";"NON";"NON";"200072460";"";"";"";"2021-10-06";"39412";""
"62197";"3432";"PLU";"CA";"2014-06-25 22:00:00+00:00";"2011-03-30 22:00:00+00:00";"33";"62";"32";"2021";"NON";"NON";"200072460";"";"";"";"2021-10-06";"116775";""
"62198";"3433";"PLU";"CC";"2001-11-22 23:00:00+00:00";"1995-12-21 23:00:00+00:00";"33";"62";"32";"2021";"NON";"NON";"62198";"";"";"";"2021-10-06";"31870";""
"62199";"3433";"PLU";"CC";"2011-11-17 23:00:00+00:00";"2006-10-26 22:00:00+00:00";"33";"62";"32";"2021";"NON";"NON";"62199";"";"";"";"2021-10-06";"31872";""
"62200";"3332";"PLUi/PLUiS";"CA";"2006-06-28 22:00:00+00:00";"2000-11-07 23:00:00+00:00";"33";"62";"32";"2021";"OUI";"NON";"200072460";"";"";"";"2021-10-06";"48772";""
"62201";"3432";"PLU";"CA";"2011-07-05 22:00:00+00:00";"2002-11-06 23:00:00+00:00";"33";"62";"32";"2021";"NON";"NON";"200069029";"";"";"";"2021-10-06";"31881";""
"62203";"3299";"PLUi/PLUiS";"CC";"2019-09-25 22:00:00+00:00";"2015-04-01 22:00:00+00:00";"39";"62";"32";"2021";"NON";"OUI";"200072478";"";"";"";"2021-10-06";"138728";""
"62204";"3432";"PLU";"CC";"2016-03-07 23:00:00+00:00";"2008-10-29 23:00:00+00:00";"33";"62";"32";"2021";"NON";"NON";"62204";"";"";"";"2021-10-06";"42949";""
"62205";"3399";"PLUi/PLUiS";"CA";"2019-06-23 22:00:00+00:00";"2012-04-12 22:00:00+00:00";"39";"62";"32";"2021";"OUI";"NON";"200069037";"";"";"";"2021-10-06";"114259";""
"62206";"1432";"CC";"CA";"2011-02-06 23:00:00+00:00";"2005-10-07 22:00:00+00:00";"13";"62";"32";"2021";"NON";"NON";"200069029";"";"";"";"2021-10-06";"17825";""
"62207";"3432";"PLU";"CA";"2011-12-11 23:00:00+00:00";"2007-06-27 22:00:00+00:00";"33";"62";"32";"2021";"NON";"NON";"200069029";"";"";"";"2021-10-06";"42981";""
"62208";"3399";"PLUi/PLUiS";"CC";"2021-03-24 23:00:00+00:00";"2014-12-17 23:00:00+00:00";"39";"62";"32";"2021";"OUI";"NON";"62208";"";"";"";"2021-10-06";"137441";""
"62211";"1433";"CC";"CC";"2004-02-12 23:00:00+00:00";"2001-12-13 23:00:00+00:00";"13";"62";"32";"2021";"NON";"NON";"62211";"";"";"";"2021-10-06";"17826";""
"62212";"3332";"PLUi/PLUiS";"CC";"2016-03-07 23:00:00+00:00";"2012-10-24 22:00:00+00:00";"33";"62";"32";"2021";"OUI";"NON";"62212";"";"";"";"2021-10-06";"115834";""
"62214";"3299";"PLUi/PLUiS";"CC";"2019-11-13 23:00:00+00:00";"2010-12-08 23:00:00+00:00";"39";"62";"32";"2021";"NON";"OUI";"62214";"";"";"";"2021-10-06";"116623";""
"62215";"3131";"PLU";"COM";"2006-12-13 23:00:00+00:00";"2003-07-02 22:00:00+00:00";"33";"62";"32";"2021";"NON";"NON";"62215";"";"";"";"2021-10-06";"504";""
"62216";"3399";"PLUi/PLUiS";"CC";"2020-12-09 23:00:00+00:00";"2015-06-03 22:00:00+00:00";"39";"62";"32";"2021";"OUI";"NON";"62216";"";"";"";"2021-10-06";"139675";""
"62219";"3332";"PLUi/PLUiS";"CC";"2016-03-07 23:00:00+00:00";"2012-10-24 22:00:00+00:00";"33";"62";"32";"2021";"OUI";"NON";"62219";"";"";"";"2021-10-06";"115834";""
"62220";"3332";"PLUi/PLUiS";"CC";"2016-03-07 23:00:00+00:00";"2012-10-24 22:00:00+00:00";"33";"62";"32";"2021";"OUI";"NON";"62220";"";"";"";"2021-10-06";"115834";""
"62222";"3332";"PLUi/PLUiS";"CC";"2016-03-07 23:00:00+00:00";"2012-10-24 22:00:00+00:00";"33";"62";"32";"2021";"OUI";"NON";"62222";"";"";"";"2021-10-06";"115834";""
"62223";"3299";"PLUi/PLUiS";"CC";"2020-03-02 23:00:00+00:00";"2015-06-10 22:00:00+00:00";"39";"62";"32";"2021";"NON";"OUI";"62223";"";"";"";"2021-10-06";"141343";""
"62224";"3432";"PLU";"CA";"2017-12-12 23:00:00+00:00";"2014-06-26 22:00:00+00:00";"33";"62";"32";"2021";"NON";"NON";"200072460";"";"";"";"2021-10-06";"137846";""
"62225";"3399";"PLUi/PLUiS";"CA";"2019-06-23 22:00:00+00:00";"2012-04-12 22:00:00+00:00";"39";"62";"32";"2021";"OUI";"NON";"200069037";"";"";"";"2021-10-06";"114259";""
"62227";"1433";"CC";"CC";"2010-10-27 22:00:00+00:00";"2007-08-23 22:00:00+00:00";"13";"62";"32";"2021";"NON";"NON";"200069235";"";"";"";"2021-10-06";"41804";""
"62228";"3299";"PLUi/PLUiS";"CC";"2019-09-29 22:00:00+00:00";"2015-02-11 23:00:00+00:00";"39";"62";"32";"2021";"NON";"OUI";"62228";"";"";"";"2021-10-06";"137227";""
"62229";"3299";"PLUi/PLUiS";"CC";"2019-09-29 22:00:00+00:00";"2015-02-11 23:00:00+00:00";"39";"62";"32";"2021";"NON";"OUI";"62229";"";"";"";"2021-10-06";"137227";""
"62230";"3299";"PLUi/PLUiS";"CC";"2019-11-13 23:00:00+00:00";"2010-12-08 23:00:00+00:00";"39";"62";"32";"2021";"NON";"OUI";"62230";"";"";"";"2021-10-06";"116623";""
"62231";"3332";"PLUi/PLUiS";"CA";"2019-04-10 22:00:00+00:00";"2015-05-18 22:00:00+00:00";"33";"62";"32";"2021";"OUI";"NON";"200069029";"";"";"";"2021-10-06";"139232";""
"62232";"3432";"PLU";"CA";"2010-03-24 23:00:00+00:00";"2007-04-01 22:00:00+00:00";"33";"62";"32";"2021";"NON";"NON";"200072460";"";"";"";"2021-10-06";"43048";""
"62233";"3332";"PLUi/PLUiS";"CA";"2019-04-10 22:00:00+00:00";"2015-05-18 22:00:00+00:00";"33";"62";"32";"2021";"OUI";"NON";"200069029";"";"";"";"2021-10-06";"139232";""
"62235";"3299";"PLUi/PLUiS";"CA";"2017-04-05 22:00:00+00:00";"2011-02-06 23:00:00+00:00";"39";"62";"32";"2021";"NON";"OUI";"62235";"";"";"";"2021-10-06";"97529";""
"62236";"3332";"PLUi/PLUiS";"CC";"2016-03-07 23:00:00+00:00";"2012-10-24 22:00:00+00:00";"33";"62";"32";"2021";"OUI";"NON";"62236";"";"";"";"2021-10-06";"115834";""
"62237";"3299";"PLUi/PLUiS";"CA";"2017-04-05 22:00:00+00:00";"2011-02-06 23:00:00+00:00";"39";"62";"32";"2021";"NON";"OUI";"62237";"";"";"";"2021-10-06";"97529";""
"62239";"3499";"PLU";"CA";"2011-02-09 23:00:00+00:00";"2003-03-27 23:00:00+00:00";"39";"62";"32";"2021";"NON";"NON";"200090751";"";"";"";"2021-10-06";"43685";""
"62240";"3432";"PLU";"CC";"2015-06-28 22:00:00+00:00";"2002-01-27 23:00:00+00:00";"33";"62";"32";"2021";"NON";"NON";"200044048";"";"";"";"2021-10-06";"43678";""
"62241";"3432";"PLU";"CA";"2011-10-03 22:00:00+00:00";"2008-05-22 22:00:00+00:00";"33";"62";"32";"2021";"NON";"NON";"200069029";"";"";"";"2021-10-06";"43134";""
"62242";"3399";"PLUi/PLUiS";"CC";"2021-03-24 23:00:00+00:00";"2014-12-17 23:00:00+00:00";"39";"62";"32";"2021";"OUI";"NON";"62242";"";"";"";"2021-10-06";"137441";""
"62243";"3399";"PLUi/PLUiS";"CC";"2021-03-24 23:00:00+00:00";"2014-12-17 23:00:00+00:00";"39";"62";"32";"2021";"OUI";"NON";"62243";"";"";"";"2021-10-06";"137441";""
"62244";"3434";"PLU";"CA";"2011-06-16 22:00:00+00:00";"2006-12-17 23:00:00+00:00";"33";"62";"32";"2021";"NON";"NON";"200090751";"";"";"";"2021-10-06";"43694";""
"62245";"3299";"PLUi/PLUiS";"CC";"2019-09-29 22:00:00+00:00";"2015-02-11 23:00:00+00:00";"39";"62";"32";"2021";"NON";"OUI";"62245";"";"";"";"2021-10-06";"137227";""
"62248";"3299";"PLUi/PLUiS";"CC";"2020-03-02 23:00:00+00:00";"2015-06-10 22:00:00+00:00";"39";"62";"32";"2021";"NON";"OUI";"62248";"";"";"";"2021-10-06";"141343";""
"62249";"3299";"PLUi/PLUiS";"SI";"2013-03-26 23:00:00+00:00";"2009-08-24 22:00:00+00:00";"39";"62";"32";"2021";"NON";"OUI";"62249";"";"";"";"2021-10-06";"49054";""
"62250";"3131";"PLU";"COM";"2013-06-23 22:00:00+00:00";"2008-06-23 22:00:00+00:00";"33";"62";"32";"2021";"NON";"NON";"62250";"";"";"";"2021-10-06";"43827";""
"62251";"3299";"PLUi/PLUiS";"CC";"2019-11-13 23:00:00+00:00";"2010-12-08 23:00:00+00:00";"39";"62";"32";"2021";"NON";"OUI";"62251";"";"";"";"2021-10-06";"116623";""
"62252";"3432";"PLU";"CA";"2013-06-09 22:00:00+00:00";"2008-07-07 22:00:00+00:00";"33";"62";"32";"2021";"NON";"NON";"200072460";"";"";"";"2021-10-06";"43841";""
"62253";"3399";"PLUi/PLUiS";"CC";"2021-03-24 23:00:00+00:00";"2014-12-17 23:00:00+00:00";"39";"62";"32";"2021";"OUI";"NON";"62253";"";"";"";"2021-10-06";"137441";""
"62254";"3399";"PLUi/PLUiS";"CA";"2014-02-27 23:00:00+00:00";"2011-02-24 23:00:00+00:00";"39";"62";"32";"2021";"OUI";"NON";"200069037";"";"";"";"2021-10-06";"106360";""
"62255";"3299";"PLUi/PLUiS";"CC";"2019-11-13 23:00:00+00:00";"2010-12-08 23:00:00+00:00";"39";"62";"32";"2021";"NON";"OUI";"62255";"";"";"";"2021-10-06";"116623";""
"62258";"1499";"CC";"CC";"2011-11-20 23:00:00+00:00";"2008-01-01 23:00:00+00:00";"19";"62";"32";"2021";"NON";"NON";"62258";"";"";"";"2021-10-06";"87243";""
"62259";"3299";"PLUi/PLUiS";"CC";"2020-03-02 23:00:00+00:00";"2015-06-10 22:00:00+00:00";"39";"62";"32";"2021";"NON";"OUI";"62259";"";"";"";"2021-10-06";"141343";""
"62260";"1499";"CC";"CC";"2015-05-28 22:00:00+00:00";"2008-01-01 23:00:00+00:00";"19";"62";"32";"2021";"NON";"NON";"62260";"";"";"";"2021-10-06";"29258";""
"62261";"3432";"PLU";"CA";"2016-05-22 22:00:00+00:00";"2009-11-26 23:00:00+00:00";"33";"62";"32";"2021";"NON";"NON";"200069029";"";"";"";"2021-10-06";"116780";""
"62262";"3332";"PLUi/PLUiS";"CA";"2006-06-28 22:00:00+00:00";"2000-11-07 23:00:00+00:00";"33";"62";"32";"2021";"OUI";"NON";"200072460";"";"";"";"2021-10-06";"48772";""
"62263";"3399";"PLUi/PLUiS";"CU";"2019-12-18 23:00:00+00:00";"2013-03-06 23:00:00+00:00";"39";"62";"32";"2021";"OUI";"NON";"62263";"";"";"";"2021-10-06";"124113";""
"62264";"3299";"PLUi/PLUiS";"CA";"2017-04-05 22:00:00+00:00";"2011-02-06 23:00:00+00:00";"39";"62";"32";"2021";"NON";"OUI";"62264";"";"";"";"2021-10-06";"97529";""
"62265";"3499";"PLU";"CA";"2006-04-10 22:00:00+00:00";"2001-06-25 22:00:00+00:00";"39";"62";"32";"2021";"NON";"NON";"200069037";"";"";"";"2021-10-06";"17634";""
"62266";"3399";"PLUi/PLUiS";"CC";"2021-03-24 23:00:00+00:00";"2014-12-17 23:00:00+00:00";"39";"62";"32";"2021";"OUI";"NON";"62266";"";"";"";"2021-10-06";"137441";""
"62267";"3399";"PLUi/PLUiS";"CA";"2014-02-27 23:00:00+00:00";"2011-02-24 23:00:00+00:00";"39";"62";"32";"2021";"OUI";"NON";"200069037";"";"";"";"2021-10-06";"106360";""
"62268";"3299";"PLUi/PLUiS";"CC";"2019-11-13 23:00:00+00:00";"2010-12-08 23:00:00+00:00";"39";"62";"32";"2021";"NON";"OUI";"62268";"";"";"";"2021-10-06";"116623";""
"62269";"3432";"PLU";"CA";"2013-12-11 23:00:00+00:00";"2010-03-03 23:00:00+00:00";"33";"62";"32";"2021";"NON";"NON";"200072460";"";"";"";"2021-10-06";"43898";""
"62270";"3432";"PLU";"CA";"2010-03-25 23:00:00+00:00";"2001-06-28 22:00:00+00:00";"33";"62";"32";"2021";"NON";"NON";"200072460";"";"";"";"2021-10-06";"43901";""
"62271";"3299";"PLUi/PLUiS";"CC";"2019-09-29 22:00:00+00:00";"2015-02-11 23:00:00+00:00";"39";"62";"32";"2021";"NON";"OUI";"62271";"";"";"";"2021-10-06";"137227";""
"62272";"3299";"PLUi/PLUiS";"CC";"2020-03-02 23:00:00+00:00";"2015-06-10 22:00:00+00:00";"39";"62";"32";"2021";"NON";"OUI";"62272";"";"";"";"2021-10-06";"141343";""
"62273";"3299";"PLUi/PLUiS";"CC";"2019-11-13 23:00:00+00:00";"2010-12-08 23:00:00+00:00";"39";"62";"32";"2021";"NON";"OUI";"62273";"";"";"";"2021-10-06";"116623";""
"62274";"3299";"PLUi/PLUiS";"SI";"2013-03-26 23:00:00+00:00";"2009-08-24 22:00:00+00:00";"39";"62";"32";"2021";"NON";"OUI";"62274";"";"";"";"2021-10-06";"49054";""
"62275";"1432";"CC";"CC";"2017-01-03 23:00:00+00:00";"2012-11-05 23:00:00+00:00";"13";"62";"32";"2021";"NON";"NON";"62275";"";"";"";"2021-10-06";"116788";""
"62276";"3332";"PLUi/PLUiS";"CA";"2006-06-28 22:00:00+00:00";"2000-11-07 23:00:00+00:00";"33";"62";"32";"2021";"OUI";"NON";"200072460";"";"";"";"2021-10-06";"48772";""
"62277";"3199";"PLU";"COM";"2005-06-14 22:00:00+00:00";"2001-10-14 22:00:00+00:00";"39";"62";"32";"2021";"NON";"NON";"62277";"";"";"";"2021-10-06";"43934";""
"62278";"3432";"PLU";"CA";"2012-04-09 22:00:00+00:00";"2009-04-05 22:00:00+00:00";"33";"62";"32";"2021";"NON";"NON";"200072460";"";"";"";"2021-10-06";"43955";""
"62279";"3399";"PLUi/PLUiS";"CC";"2020-12-09 23:00:00+00:00";"2015-06-03 22:00:00+00:00";"39";"62";"32";"2021";"OUI";"NON";"62279";"";"";"";"2021-10-06";"139675";""
"62280";"3432";"PLU";"CC";"2011-11-30 23:00:00+00:00";"2006-11-08 23:00:00+00:00";"33";"62";"32";"2021";"NON";"NON";"200044048";"";"";"";"2021-10-06";"43957";""
"62281";"3299";"PLUi/PLUiS";"CA";"2017-04-05 22:00:00+00:00";"2011-02-06 23:00:00+00:00";"39";"62";"32";"2021";"NON";"OUI";"62281";"";"";"";"2021-10-06";"97529";""
"62282";"3332";"PLUi/PLUiS";"CC";"2016-03-07 23:00:00+00:00";"2012-11-20 23:00:00+00:00";"33";"62";"32";"2021";"OUI";"NON";"62282";"";"";"";"2021-10-06";"116088";""
"62283";"1499";"CC";"CC";"2013-09-05 22:00:00+00:00";"2009-10-01 22:00:00+00:00";"19";"62";"32";"2021";"NON";"NON";"62283";"";"";"";"2021-10-06";"163101";""
"62284";"3432";"PLU";"CC";"2005-12-04 23:00:00+00:00";"2001-12-19 23:00:00+00:00";"33";"62";"32";"2021";"NON";"NON";"200044048";"";"";"";"2021-10-06";"43974";""
"62285";"3299";"PLUi/PLUiS";"CC";"2020-03-02 23:00:00+00:00";"2015-06-10 22:00:00+00:00";"39";"62";"32";"2021";"NON";"OUI";"62285";"";"";"";"2021-10-06";"141343";""
"62286";"1432";"CC";"CA";"2007-09-12 22:00:00+00:00";"2005-03-31 22:00:00+00:00";"13";"62";"32";"2021";"NON";"NON";"200072460";"";"";"";"2021-10-06";"14424";""
"62288";"3499";"PLU";"CA";"2016-12-12 23:00:00+00:00";"2010-07-09 22:00:00+00:00";"39";"62";"32";"2021";"NON";"NON";"200069037";"";"";"";"2021-10-06";"64588";""
"62290";"3399";"PLUi/PLUiS";"CU";"2019-12-18 23:00:00+00:00";"2013-03-06 23:00:00+00:00";"39";"62";"32";"2021";"OUI";"NON";"200033579";"";"";"";"2021-10-06";"124113";""
"62291";"3199";"PLU";"COM";"2015-06-08 22:00:00+00:00";"2012-06-11 22:00:00+00:00";"39";"62";"32";"2021";"NON";"NON";"62291";"";"";"";"2021-10-06";"116798";""
"62292";"3299";"PLUi/PLUiS";"CC";"2019-09-29 22:00:00+00:00";"2015-02-11 23:00:00+00:00";"39";"62";"32";"2021";"NON";"OUI";"62292";"";"";"";"2021-10-06";"137227";""
"62295";"3399";"PLUi/PLUiS";"CA";"2014-02-27 23:00:00+00:00";"2011-02-24 23:00:00+00:00";"39";"62";"32";"2021";"OUI";"NON";"200069037";"";"";"";"2021-10-06";"106360";""
"62297";"3399";"PLUi/PLUiS";"CA";"2019-06-23 22:00:00+00:00";"2012-04-12 22:00:00+00:00";"39";"62";"32";"2021";"OUI";"NON";"200069037";"";"";"";"2021-10-06";"114259";""
"62299";"1433";"CC";"CC";"2016-09-15 22:00:00+00:00";"2014-04-24 22:00:00+00:00";"13";"62";"32";"2021";"NON";"NON";"62299";"";"";"";"2021-10-06";"163124";""
"62300";"3299";"PLUi/PLUiS";"CA";"2017-04-05 22:00:00+00:00";"2011-02-06 23:00:00+00:00";"39";"62";"32";"2021";"NON";"OUI";"62300";"";"";"";"2021-10-06";"97529";""
"62301";"1433";"CC";"CC";"2016-09-15 22:00:00+00:00";"2014-04-24 22:00:00+00:00";"13";"62";"32";"2021";"NON";"NON";"62301";"";"";"";"2021-10-06";"163125";""
"62303";"1433";"CC";"CC";"2016-09-15 22:00:00+00:00";"2014-04-24 22:00:00+00:00";"13";"62";"32";"2021";"NON";"NON";"62303";"";"";"";"2021-10-06";"163126";""
"62304";"3399";"PLUi/PLUiS";"CA";"2014-02-27 23:00:00+00:00";"2011-02-24 23:00:00+00:00";"39";"62";"32";"2021";"OUI";"NON";"200069037";"";"";"";"2021-10-06";"106360";""
"62306";"3299";"PLUi/PLUiS";"CC";"2020-03-02 23:00:00+00:00";"2015-06-10 22:00:00+00:00";"39";"62";"32";"2021";"NON";"OUI";"62306";"";"";"";"2021-10-06";"141343";""
"62307";"3499";"PLU";"CA";"2013-06-26 22:00:00+00:00";"2005-11-27 23:00:00+00:00";"39";"62";"32";"2021";"NON";"NON";"200090751";"";"";"";"2021-10-06";"44103";""
"62308";"3299";"PLUi/PLUiS";"CC";"2019-09-29 22:00:00+00:00";"2015-02-11 23:00:00+00:00";"39";"62";"32";"2021";"NON";"OUI";"62308";"";"";"";"2021-10-06";"137227";""
"62309";"3299";"PLUi/PLUiS";"CC";"2019-09-29 22:00:00+00:00";"2015-02-11 23:00:00+00:00";"39";"62";"32";"2021";"NON";"OUI";"62309";"";"";"";"2021-10-06";"137227";""
"62310";"3432";"PLU";"CA";"2015-10-12 22:00:00+00:00";"2011-04-28 22:00:00+00:00";"33";"62";"32";"2021";"NON";"NON";"200072460";"";"";"";"2021-10-06";"80267";""
"62311";"3199";"PLU";"COM";"2020-02-18 23:00:00+00:00";"2017-01-29 23:00:00+00:00";"39";"62";"32";"2021";"NON";"NON";"62311";"";"";"";"2021-10-06";"162958";""
"62312";"3432";"PLU";"CA";"2015-06-15 22:00:00+00:00";"2011-04-25 22:00:00+00:00";"33";"62";"32";"2021";"NON";"NON";"200069029";"";"";"";"2021-10-06";"80274";""
"62313";"3332";"PLUi/PLUiS";"CA";"2008-06-25 22:00:00+00:00";"2002-01-29 23:00:00+00:00";"33";"62";"32";"2021";"OUI";"NON";"200072460";"";"";"";"2021-10-06";"48783";""
"62314";"3432";"PLU";"CA";"2016-12-12 23:00:00+00:00";"2011-10-05 22:00:00+00:00";"33";"62";"32";"2021";"NON";"NON";"200072460";"";"";"";"2021-10-06";"104846";""
"62316";"3399";"PLUi/PLUiS";"CC";"2021-03-24 23:00:00+00:00";"2014-12-17 23:00:00+00:00";"39";"62";"32";"2021";"OUI";"NON";"62316";"";"";"";"2021-10-06";"137441";""
"62317";"3432";"PLU";"CC";"2008-09-17 22:00:00+00:00";"2005-11-21 23:00:00+00:00";"33";"62";"32";"2021";"NON";"NON";"200044048";"";"";"";"2021-10-06";"43157";""
"62318";"3432";"PLU";"CA";"2015-12-15 23:00:00+00:00";"2010-09-29 22:00:00+00:00";"33";"62";"32";"2021";"NON";"NON";"200069029";"";"";"";"2021-10-06";"44153";""
"62319";"3432";"PLU";"CC";"2019-06-25 22:00:00+00:00";"2013-04-03 22:00:00+00:00";"33";"62";"32";"2021";"NON";"NON";"200044048";"";"";"";"2021-10-06";"124129";""
"62320";"3399";"PLUi/PLUiS";"CU";"2019-12-18 23:00:00+00:00";"2013-03-06 23:00:00+00:00";"39";"62";"32";"2021";"OUI";"NON";"200033579";"";"";"";"2021-10-06";"124113";""
"62321";"3299";"PLUi/PLUiS";"SI";"2013-03-26 23:00:00+00:00";"2009-08-24 22:00:00+00:00";"39";"62";"32";"2021";"NON";"OUI";"62321";"";"";"";"2021-10-06";"49054";""
"62322";"3399";"PLUi/PLUiS";"CC";"2021-03-24 23:00:00+00:00";"2014-12-17 23:00:00+00:00";"39";"62";"32";"2021";"OUI";"NON";"62322";"";"";"";"2021-10-06";"137441";""
"62323";"3399";"PLUi/PLUiS";"CU";"2019-12-18 23:00:00+00:00";"2013-03-06 23:00:00+00:00";"39";"62";"32";"2021";"OUI";"NON";"62323";"";"";"";"2021-10-06";"124113";""
"62324";"3399";"PLUi/PLUiS";"CU";"2019-12-18 23:00:00+00:00";"2013-03-06 23:00:00+00:00";"39";"62";"32";"2021";"OUI";"NON";"62324";"";"";"";"2021-10-06";"124113";""
"62325";"3399";"PLUi/PLUiS";"CA";"2014-02-27 23:00:00+00:00";"2011-02-24 23:00:00+00:00";"39";"62";"32";"2021";"OUI";"NON";"200069037";"";"";"";"2021-10-06";"106360";""
"62326";"3299";"PLUi/PLUiS";"CC";"2020-03-02 23:00:00+00:00";"2015-06-10 22:00:00+00:00";"39";"62";"32";"2021";"NON";"OUI";"62326";"";"";"";"2021-10-06";"141343";""
"62327";"3399";"PLUi/PLUiS";"CA";"2014-02-27 23:00:00+00:00";"2011-02-24 23:00:00+00:00";"39";"62";"32";"2021";"OUI";"NON";"200069037";"";"";"";"2021-10-06";"106360";""
"62328";"3432";"PLU";"CA";"2017-06-27 22:00:00+00:00";"2014-07-01 22:00:00+00:00";"33";"62";"32";"2021";"NON";"NON";"200072460";"";"";"";"2021-10-06";"144359";""
"62329";"3232";"PLUi/PLUiS";"CC";"2019-12-03 23:00:00+00:00";"2017-12-12 23:00:00+00:00";"33";"62";"32";"2021";"NON";"OUI";"62329";"";"";"";"2021-10-06";"160978";""
"62330";"3332";"PLUi/PLUiS";"CA";"2006-06-28 22:00:00+00:00";"2000-11-07 23:00:00+00:00";"33";"62";"32";"2021";"OUI";"NON";"200072460";"";"";"";"2021-10-06";"48772";""
"62331";"3399";"PLUi/PLUiS";"CU";"2019-12-18 23:00:00+00:00";"2013-03-06 23:00:00+00:00";"39";"62";"32";"2021";"OUI";"NON";"62331";"";"";"";"2021-10-06";"124113";""
"62332";"3399";"PLUi/PLUiS";"CU";"2020-02-12 23:00:00+00:00";"2015-06-03 22:00:00+00:00";"39";"62";"32";"2021";"OUI";"NON";"62332";"";"";"";"2021-10-06";"169308";""
"62333";"1433";"CC";"CC";"2016-09-15 22:00:00+00:00";"2014-04-24 22:00:00+00:00";"13";"62";"32";"2021";"NON";"NON";"62333";"";"";"";"2021-10-06";"163127";""
"62334";"3299";"PLUi/PLUiS";"CC";"2019-09-25 22:00:00+00:00";"2015-04-01 22:00:00+00:00";"39";"62";"32";"2021";"NON";"OUI";"200072478";"";"";"";"2021-10-06";"138728";""
"62335";"3332";"PLUi/PLUiS";"CC";"2016-03-07 23:00:00+00:00";"2012-11-20 23:00:00+00:00";"33";"62";"32";"2021";"OUI";"NON";"62335";"";"";"";"2021-10-06";"116088";""
"62336";"3399";"PLUi/PLUiS";"CA";"2014-02-27 23:00:00+00:00";"2011-02-24 23:00:00+00:00";"39";"62";"32";"2021";"OUI";"NON";"200069037";"";"";"";"2021-10-06";"106360";""
"62337";"1499";"CC";"CC";"2014-07-20 22:00:00+00:00";"2010-06-21 22:00:00+00:00";"19";"62";"32";"2021";"NON";"NON";"62337";"";"";"";"2021-10-06";"44031";""
"62338";"3199";"PLU";"COM";"2005-02-01 23:00:00+00:00";"2001-08-30 22:00:00+00:00";"39";"62";"32";"2021";"NON";"NON";"62338";"";"";"";"2021-10-06";"44219";""
"62339";"1433";"CC";"CC";"2016-09-15 22:00:00+00:00";"2014-04-24 22:00:00+00:00";"13";"62";"32";"2021";"NON";"NON";"62339";"";"";"";"2021-10-06";"163128";""
"62340";"1433";"CC";"CC";"2010-08-03 22:00:00+00:00";"2009-03-04 23:00:00+00:00";"13";"62";"32";"2021";"NON";"NON";"62340";"";"";"";"2021-10-06";"42522";""
"62341";"3299";"PLUi/PLUiS";"CC";"2020-03-02 23:00:00+00:00";"2015-06-10 22:00:00+00:00";"39";"62";"32";"2021";"NON";"OUI";"62341";"";"";"";"2021-10-06";"141343";""
"62342";"1433";"CC";"CC";"2016-09-15 22:00:00+00:00";"2014-04-24 22:00:00+00:00";"13";"62";"32";"2021";"NON";"NON";"62342";"";"";"";"2021-10-06";"163129";""
"62343";"3299";"PLUi/PLUiS";"CC";"2020-03-02 23:00:00+00:00";"2015-06-10 22:00:00+00:00";"39";"62";"32";"2021";"NON";"OUI";"62343";"";"";"";"2021-10-06";"141343";""
"62347";"3399";"PLUi/PLUiS";"CC";"2020-12-09 23:00:00+00:00";"2015-06-03 22:00:00+00:00";"39";"62";"32";"2021";"OUI";"NON";"62347";"";"";"";"2021-10-06";"139675";""
"62348";"1499";"CC";"CC";"2010-11-30 23:00:00+00:00";"2008-01-01 23:00:00+00:00";"19";"62";"32";"2021";"NON";"NON";"62348";"";"";"";"2021-10-06";"87658";""
"62349";"3432";"PLU";"CA";"2021-04-12 22:00:00+00:00";"2013-05-30 22:00:00+00:00";"33";"62";"32";"2021";"NON";"NON";"200072460";"";"";"";"2021-10-06";"124112";""
"62350";"3432";"PLU";"CA";"2017-06-27 22:00:00+00:00";"2014-06-19 22:00:00+00:00";"33";"62";"32";"2021";"NON";"NON";"200072460";"";"";"";"2021-10-06";"134835";""
"62351";"3199";"PLU";"COM";"2005-01-30 23:00:00+00:00";"2000-10-01 22:00:00+00:00";"39";"62";"32";"2021";"NON";"NON";"62351";"";"";"";"2021-10-06";"44242";""
"62352";"1499";"CC";"CC";"2013-09-05 22:00:00+00:00";"2009-10-01 22:00:00+00:00";"19";"62";"32";"2021";"NON";"NON";"62352";"";"";"";"2021-10-06";"163102";""
"62353";"3299";"PLUi/PLUiS";"CC";"2020-03-02 23:00:00+00:00";"2015-06-10 22:00:00+00:00";"39";"62";"32";"2021";"NON";"OUI";"62353";"";"";"";"2021-10-06";"141343";""
"62354";"3432";"PLU";"CA";"2010-04-07 22:00:00+00:00";"2004-06-20 22:00:00+00:00";"33";"62";"32";"2021";"NON";"NON";"200069029";"";"";"";"2021-10-06";"20958";""
"62356";"3432";"PLU";"CA";"2007-10-03 22:00:00+00:00";"2003-03-05 23:00:00+00:00";"33";"62";"32";"2021";"NON";"NON";"200072460";"";"";"";"2021-10-06";"43167";""
"62357";"3332";"PLUi/PLUiS";"CC";"2016-03-07 23:00:00+00:00";"2012-11-20 23:00:00+00:00";"33";"62";"32";"2021";"OUI";"NON";"62357";"";"";"";"2021-10-06";"116088";""
"62358";"3432";"PLU";"CC";"2008-02-03 23:00:00+00:00";"2004-11-07 23:00:00+00:00";"33";"62";"32";"2021";"NON";"NON";"200044048";"";"";"";"2021-10-06";"43168";""
"62359";"1433";"CC";"CC";"2003-12-22 23:00:00+00:00";"2002-01-22 23:00:00+00:00";"13";"62";"32";"2021";"NON";"NON";"62359";"";"";"";"2021-10-06";"17829";""
"62360";"3499";"PLU";"CA";"2010-11-07 23:00:00+00:00";"2005-03-23 23:00:00+00:00";"39";"62";"32";"2021";"NON";"NON";"62360";"";"";"";"2021-10-06";"44278";""
"62361";"3499";"PLU";"CC";"2009-12-17 23:00:00+00:00";"2003-02-08 23:00:00+00:00";"39";"62";"32";"2021";"NON";"NON";"62361";"";"";"";"2021-10-06";"44286";""
"62363";"1433";"CC";"CC";"2003-09-18 22:00:00+00:00";"2001-10-08 22:00:00+00:00";"13";"62";"32";"2021";"NON";"NON";"62363";"";"";"";"2021-10-06";"17830";""
"62364";"3433";"PLU";"CC";"2003-06-19 22:00:00+00:00";"2001-06-20 22:00:00+00:00";"33";"62";"32";"2021";"NON";"NON";"62364";"";"";"";"2021-10-06";"44291";""
"62365";"3332";"PLUi/PLUiS";"CC";"2016-03-07 23:00:00+00:00";"2012-11-20 23:00:00+00:00";"33";"62";"32";"2021";"OUI";"NON";"62365";"";"";"";"2021-10-06";"116088";""
"62367";"1499";"CC";"CC";"2007-12-09 23:00:00+00:00";"2005-11-29 23:00:00+00:00";"19";"62";"32";"2021";"NON";"NON";"62367";"";"";"";"2021-10-06";"166430";""
"62368";"3399";"PLUi/PLUiS";"CC";"2021-03-24 23:00:00+00:00";"2014-12-17 23:00:00+00:00";"39";"62";"32";"2021";"OUI";"NON";"62368";"";"";"";"2021-10-06";"137441";""
"62369";"3399";"PLUi/PLUiS";"CU";"2019-12-18 23:00:00+00:00";"2013-03-06 23:00:00+00:00";"39";"62";"32";"2021";"OUI";"NON";"62369";"";"";"";"2021-10-06";"124113";""
"62371";"3199";"PLU";"COM";"2017-03-07 23:00:00+00:00";"2014-11-05 23:00:00+00:00";"39";"62";"32";"2021";"NON";"NON";"62371";"";"";"";"2021-10-06";"135744";""
"62372";"3399";"PLUi/PLUiS";"CC";"2021-03-24 23:00:00+00:00";"2014-12-17 23:00:00+00:00";"39";"62";"32";"2021";"OUI";"NON";"62372";"";"";"";"2021-10-06";"137441";""
"62373";"3332";"PLUi/PLUiS";"CA";"2006-06-28 22:00:00+00:00";"2000-11-07 23:00:00+00:00";"33";"62";"32";"2021";"OUI";"NON";"200072460";"";"";"";"2021-10-06";"48772";""
"62374";"3299";"PLUi/PLUiS";"CC";"2020-03-02 23:00:00+00:00";"2015-06-10 22:00:00+00:00";"39";"62";"32";"2021";"NON";"OUI";"62374";"";"";"";"2021-10-06";"141343";""
"62375";"3299";"PLUi/PLUiS";"CC";"2020-03-02 23:00:00+00:00";"2015-06-10 22:00:00+00:00";"39";"62";"32";"2021";"NON";"OUI";"62375";"";"";"";"2021-10-06";"141343";""
"62376";"3432";"PLU";"CA";"2009-12-15 23:00:00+00:00";"2007-03-27 22:00:00+00:00";"33";"62";"32";"2021";"NON";"NON";"200072460";"";"";"";"2021-10-06";"43180";""
"62377";"3432";"PLU";"CA";"2014-10-08 22:00:00+00:00";"2011-03-30 22:00:00+00:00";"33";"62";"32";"2021";"NON";"NON";"200072460";"";"";"";"2021-10-06";"104857";""
"62378";"3399";"PLUi/PLUiS";"CC";"2020-12-09 23:00:00+00:00";"2015-06-03 22:00:00+00:00";"39";"62";"32";"2021";"OUI";"NON";"62378";"";"";"";"2021-10-06";"139675";""
"62379";"3399";"PLUi/PLUiS";"CC";"2020-12-09 23:00:00+00:00";"2015-06-03 22:00:00+00:00";"39";"62";"32";"2021";"OUI";"NON";"62379";"";"";"";"2021-10-06";"139675";""
"62380";"3199";"PLU";"COM";"2019-09-26 22:00:00+00:00";"2014-07-01 22:00:00+00:00";"39";"62";"32";"2021";"NON";"NON";"62380";"";"";"";"2021-10-06";"138500";""
"62381";"1499";"CC";"CC";"2013-06-13 22:00:00+00:00";"2010-06-21 22:00:00+00:00";"19";"62";"32";"2021";"NON";"NON";"62381";"";"";"";"2021-10-06";"87549";""
"62382";"1432";"CC";"CC";"2011-06-16 22:00:00+00:00";"2009-09-28 22:00:00+00:00";"13";"62";"32";"2021";"NON";"NON";"62382";"";"";"";"2021-10-06";"43181";""
"62383";"3432";"PLU";"CC";"2006-09-04 22:00:00+00:00";"2001-10-03 22:00:00+00:00";"33";"62";"32";"2021";"NON";"NON";"200044048";"";"";"";"2021-10-06";"44320";""
"62384";"1432";"CC";"CC";"2006-05-18 22:00:00+00:00";"2003-12-03 23:00:00+00:00";"13";"62";"32";"2021";"NON";"NON";"200044048";"";"";"";"2021-10-06";"14432";""
"62385";"3399";"PLUi/PLUiS";"CC";"2021-03-24 23:00:00+00:00";"2014-12-17 23:00:00+00:00";"39";"62";"32";"2021";"OUI";"NON";"62385";"";"";"";"2021-10-06";"137441";""
"62386";"3199";"PLU";"COM";"2017-12-13 23:00:00+00:00";"2015-02-15 23:00:00+00:00";"39";"62";"32";"2021";"NON";"NON";"62386";"";"";"";"2021-10-06";"137670";""
"62387";"3299";"PLUi/PLUiS";"CC";"2020-03-02 23:00:00+00:00";"2015-06-10 22:00:00+00:00";"39";"62";"32";"2021";"NON";"OUI";"62387";"";"";"";"2021-10-06";"141343";""
"62388";"3332";"PLUi/PLUiS";"CC";"2016-03-07 23:00:00+00:00";"2012-10-24 22:00:00+00:00";"33";"62";"32";"2021";"OUI";"NON";"62388";"";"";"";"2021-10-06";"115834";""
"62389";"3399";"PLUi/PLUiS";"CC";"2021-03-24 23:00:00+00:00";"2014-12-17 23:00:00+00:00";"39";"62";"32";"2021";"OUI";"NON";"62389";"";"";"";"2021-10-06";"137441";""
"62390";"3332";"PLUi/PLUiS";"CA";"2019-04-10 22:00:00+00:00";"2015-05-18 22:00:00+00:00";"33";"62";"32";"2021";"OUI";"NON";"200069029";"";"";"";"2021-10-06";"139232";""
"62391";"3332";"PLUi/PLUiS";"CA";"2008-06-25 22:00:00+00:00";"2002-01-29 23:00:00+00:00";"33";"62";"32";"2021";"OUI";"NON";"200072460";"";"";"";"2021-10-06";"48783";""
"62392";"3399";"PLUi/PLUiS";"CU";"2019-12-18 23:00:00+00:00";"2013-03-06 23:00:00+00:00";"39";"62";"32";"2021";"OUI";"NON";"62392";"";"";"";"2021-10-06";"124113";""
"62393";"3299";"PLUi/PLUiS";"CC";"2018-09-24 22:00:00+00:00";"2011-12-07 23:00:00+00:00";"39";"62";"32";"2021";"NON";"OUI";"62393";"";"";"";"2021-10-06";"112701";""
"62395";"3332";"PLUi/PLUiS";"CC";"2016-03-07 23:00:00+00:00";"2012-10-24 22:00:00+00:00";"33";"62";"32";"2021";"OUI";"NON";"62395";"";"";"";"2021-10-06";"115834";""
"62396";"1499";"CC";"CC";"2013-06-13 22:00:00+00:00";"2010-06-21 22:00:00+00:00";"19";"62";"32";"2021";"NON";"NON";"62396";"";"";"";"2021-10-06";"44038";""
"62397";"3299";"PLUi/PLUiS";"CC";"2019-09-25 22:00:00+00:00";"2015-04-01 22:00:00+00:00";"39";"62";"32";"2021";"NON";"OUI";"200072478";"";"";"";"2021-10-06";"138728";""
"62398";"3332";"PLUi/PLUiS";"CC";"2016-03-07 23:00:00+00:00";"2012-10-24 22:00:00+00:00";"33";"62";"32";"2021";"OUI";"NON";"62398";"";"";"";"2021-10-06";"115834";""
"62399";"3399";"PLUi/PLUiS";"CC";"2020-12-09 23:00:00+00:00";"2015-06-03 22:00:00+00:00";"39";"62";"32";"2021";"OUI";"NON";"62399";"";"";"";"2021-10-06";"139675";""
"62400";"3432";"PLU";"CA";"2011-05-15 22:00:00+00:00";"2002-12-18 23:00:00+00:00";"33";"62";"32";"2021";"NON";"NON";"200072460";"";"";"";"2021-10-06";"44382";""
"62401";"3332";"PLUi/PLUiS";"CA";"2006-06-28 22:00:00+00:00";"2000-11-07 23:00:00+00:00";"33";"62";"32";"2021";"OUI";"NON";"200072460";"";"";"";"2021-10-06";"48772";""
"62402";"3299";"PLUi/PLUiS";"CC";"2019-11-13 23:00:00+00:00";"2010-12-08 23:00:00+00:00";"39";"62";"32";"2021";"NON";"OUI";"62402";"";"";"";"2021-10-06";"116623";""
"62403";"3399";"PLUi/PLUiS";"CA";"2019-06-23 22:00:00+00:00";"2012-04-12 22:00:00+00:00";"39";"62";"32";"2021";"OUI";"NON";"200069037";"";"";"";"2021-10-06";"114259";""
"62404";"3399";"PLUi/PLUiS";"CC";"2021-03-24 23:00:00+00:00";"2014-12-17 23:00:00+00:00";"39";"62";"32";"2021";"OUI";"NON";"62404";"";"";"";"2021-10-06";"137441";""
"62406";"3299";"PLUi/PLUiS";"CC";"2020-03-02 23:00:00+00:00";"2015-06-10 22:00:00+00:00";"39";"62";"32";"2021";"NON";"OUI";"62406";"";"";"";"2021-10-06";"141343";""
"62407";"3432";"PLU";"CA";"2003-09-03 22:00:00+00:00";"1999-06-21 22:00:00+00:00";"33";"62";"32";"2021";"NON";"NON";"200072460";"";"";"";"2021-10-06";"43182";""
"62409";"3399";"PLUi/PLUiS";"CC";"2021-03-24 23:00:00+00:00";"2014-12-17 23:00:00+00:00";"39";"62";"32";"2021";"OUI";"NON";"62409";"";"";"";"2021-10-06";"137441";""
"62410";"3299";"PLUi/PLUiS";"CC";"2020-03-02 23:00:00+00:00";"2015-06-10 22:00:00+00:00";"39";"62";"32";"2021";"NON";"OUI";"62410";"";"";"";"2021-10-06";"141343";""
"62412";"3299";"PLUi/PLUiS";"CC";"2019-09-25 22:00:00+00:00";"2015-04-01 22:00:00+00:00";"39";"62";"32";"2021";"NON";"OUI";"200072478";"";"";"";"2021-10-06";"138728";""
"62413";"3199";"PLU";"COM";"2015-09-21 22:00:00+00:00";"2008-06-30 22:00:00+00:00";"39";"62";"32";"2021";"NON";"NON";"62413";"";"";"";"2021-10-06";"44453";""
"62414";"3432";"PLU";"CC";"2015-07-15 22:00:00+00:00";"2011-03-27 22:00:00+00:00";"33";"62";"32";"2021";"NON";"NON";"200044048";"";"";"";"2021-10-06";"82879";""
"62415";"3399";"PLUi/PLUiS";"CC";"2020-12-09 23:00:00+00:00";"2015-06-03 22:00:00+00:00";"39";"62";"32";"2021";"OUI";"NON";"62415";"";"";"";"2021-10-06";"139675";""
"62416";"1499";"CC";"CC";"2007-12-17 23:00:00+00:00";"2005-11-29 23:00:00+00:00";"19";"62";"32";"2021";"NON";"NON";"62416";"";"";"";"2021-10-06";"17836";""
"62418";"3399";"PLUi/PLUiS";"CC";"2020-12-09 23:00:00+00:00";"2015-06-03 22:00:00+00:00";"39";"62";"32";"2021";"OUI";"NON";"62418";"";"";"";"2021-10-06";"139675";""
"62419";"3299";"PLUi/PLUiS";"CC";"2019-09-29 22:00:00+00:00";"2015-02-11 23:00:00+00:00";"39";"62";"32";"2021";"NON";"OUI";"62419";"";"";"";"2021-10-06";"137227";""
"62421";"3299";"PLUi/PLUiS";"CC";"2020-03-02 23:00:00+00:00";"2015-06-10 22:00:00+00:00";"39";"62";"32";"2021";"NON";"OUI";"62421";"";"";"";"2021-10-06";"141343";""
"62422";"3299";"PLUi/PLUiS";"CC";"2020-03-02 23:00:00+00:00";"2015-06-10 22:00:00+00:00";"39";"62";"32";"2021";"NON";"OUI";"62422";"";"";"";"2021-10-06";"141343";""
"62423";"3399";"PLUi/PLUiS";"CA";"2019-06-23 22:00:00+00:00";"2012-04-12 22:00:00+00:00";"39";"62";"32";"2021";"OUI";"NON";"200069037";"";"";"";"2021-10-06";"114259";""
"62424";"3432";"PLU";"CC";"2014-01-09 23:00:00+00:00";"2010-02-04 23:00:00+00:00";"33";"62";"32";"2021";"NON";"NON";"200044048";"";"";"";"2021-10-06";"44473";""
"62425";"3399";"PLUi/PLUiS";"CC";"2020-12-09 23:00:00+00:00";"2015-06-03 22:00:00+00:00";"39";"62";"32";"2021";"OUI";"NON";"62425";"";"";"";"2021-10-06";"139675";""
"62426";"3399";"PLUi/PLUiS";"CU";"2019-12-18 23:00:00+00:00";"2013-03-06 23:00:00+00:00";"39";"62";"32";"2021";"OUI";"NON";"62426";"";"";"";"2021-10-06";"124113";""
"62427";"3131";"PLU";"COM";"2016-12-15 23:00:00+00:00";"2010-03-26 23:00:00+00:00";"33";"62";"32";"2021";"NON";"NON";"62427";"";"";"";"2021-10-06";"44492";""
"62428";"3399";"PLUi/PLUiS";"CU";"2019-12-18 23:00:00+00:00";"2013-03-06 23:00:00+00:00";"39";"62";"32";"2021";"OUI";"NON";"62428";"";"";"";"2021-10-06";"124113";""
"62429";"3299";"PLUi/PLUiS";"CC";"2019-11-13 23:00:00+00:00";"2010-12-08 23:00:00+00:00";"39";"62";"32";"2021";"NON";"OUI";"62429";"";"";"";"2021-10-06";"116623";""
"62430";"3399";"PLUi/PLUiS";"CC";"2021-03-24 23:00:00+00:00";"2014-12-17 23:00:00+00:00";"39";"62";"32";"2021";"OUI";"NON";"62430";"";"";"";"2021-10-06";"137441";""
"62432";"3299";"PLUi/PLUiS";"CC";"2019-09-25 22:00:00+00:00";"2015-04-01 22:00:00+00:00";"39";"62";"32";"2021";"NON";"OUI";"200072478";"";"";"";"2021-10-06";"138728";""
"62433";"1499";"CC";"CC";"2014-02-11 23:00:00+00:00";"2009-10-01 22:00:00+00:00";"19";"62";"32";"2021";"NON";"NON";"62433";"";"";"";"2021-10-06";"124304";""
"62434";"3399";"PLUi/PLUiS";"CC";"2020-12-09 23:00:00+00:00";"2015-06-03 22:00:00+00:00";"39";"62";"32";"2021";"OUI";"NON";"62434";"";"";"";"2021-10-06";"139675";""
"62435";"1499";"CC";"CC";"2013-01-30 23:00:00+00:00";"2009-10-01 22:00:00+00:00";"19";"62";"32";"2021";"NON";"NON";"62435";"";"";"";"2021-10-06";"124079";""
"62436";"1499";"CC";"CC";"2003-10-16 22:00:00+00:00";"2003-02-26 23:00:00+00:00";"19";"62";"32";"2021";"NON";"NON";"62436";"";"";"";"2021-10-06";"17849";""
"62438";"1433";"CC";"CC";"2019-04-02 22:00:00+00:00";"2013-12-31 23:00:00+00:00";"13";"62";"32";"2021";"NON";"NON";"62438";"";"";"";"2021-10-06";"159586";""
"62439";"3299";"PLUi/PLUiS";"CC";"2019-09-25 22:00:00+00:00";"2015-04-01 22:00:00+00:00";"39";"62";"32";"2021";"NON";"OUI";"200072478";"";"";"";"2021-10-06";"138728";""
"62440";"3299";"PLUi/PLUiS";"CC";"2020-03-02 23:00:00+00:00";"2015-06-10 22:00:00+00:00";"39";"62";"32";"2021";"NON";"OUI";"62440";"";"";"";"2021-10-06";"141343";""
"62441";"3432";"PLU";"CA";"2016-12-12 23:00:00+00:00";"2011-10-05 22:00:00+00:00";"33";"62";"32";"2021";"NON";"NON";"200072460";"";"";"";"2021-10-06";"114225";""
"62442";"1499";"CC";"CC";"2013-06-13 22:00:00+00:00";"2010-06-21 22:00:00+00:00";"19";"62";"32";"2021";"NON";"NON";"62442";"";"";"";"2021-10-06";"44043";""
"62443";"3432";"PLU";"CA";"2010-03-24 23:00:00+00:00";"2005-06-29 22:00:00+00:00";"33";"62";"32";"2021";"NON";"NON";"200072460";"";"";"";"2021-10-06";"44512";""
"62444";"3232";"PLUi/PLUiS";"CC";"2019-12-03 23:00:00+00:00";"2017-12-12 23:00:00+00:00";"33";"62";"32";"2021";"NON";"OUI";"246200380";"";"";"";"2021-10-06";"160978";""
"62445";"3432";"PLU";"CA";"2006-03-22 23:00:00+00:00";"2003-09-24 22:00:00+00:00";"33";"62";"32";"2021";"NON";"NON";"200072460";"";"";"";"2021-10-06";"17642";""
"62446";"3299";"PLUi/PLUiS";"CA";"2017-04-05 22:00:00+00:00";"2011-02-06 23:00:00+00:00";"39";"62";"32";"2021";"NON";"OUI";"62446";"";"";"";"2021-10-06";"97529";""
"62447";"3332";"PLUi/PLUiS";"CC";"2016-03-07 23:00:00+00:00";"2012-10-24 22:00:00+00:00";"33";"62";"32";"2021";"OUI";"NON";"62447";"";"";"";"2021-10-06";"115834";""
"62448";"3299";"PLUi/PLUiS";"CA";"2017-04-05 22:00:00+00:00";"2011-02-06 23:00:00+00:00";"39";"62";"32";"2021";"NON";"OUI";"62448";"";"";"";"2021-10-06";"97529";""
"62449";"1432";"CC";"CC";"2017-01-03 23:00:00+00:00";"2012-04-10 22:00:00+00:00";"13";"62";"32";"2021";"NON";"NON";"62449";"";"";"";"2021-10-06";"106156";""
"62451";"1433";"CC";"CC";"2016-09-15 22:00:00+00:00";"2014-04-24 22:00:00+00:00";"13";"62";"32";"2021";"NON";"NON";"62451";"";"";"";"2021-10-06";"163130";""
"62452";"3499";"PLU";"CA";"2006-11-29 23:00:00+00:00";"1999-03-29 22:00:00+00:00";"39";"62";"32";"2021";"NON";"NON";"200069037";"";"";"";"2021-10-06";"43203";""
"62454";"3432";"PLU";"CA";"2006-11-02 23:00:00+00:00";"2003-05-14 22:00:00+00:00";"33";"62";"32";"2021";"NON";"NON";"200072460";"";"";"";"2021-10-06";"44545";""
"62455";"3299";"PLUi/PLUiS";"CC";"2019-09-25 22:00:00+00:00";"2015-04-01 22:00:00+00:00";"39";"62";"32";"2021";"NON";"OUI";"200072478";"";"";"";"2021-10-06";"138728";""
"62456";"3432";"PLU";"CA";"2010-03-03 23:00:00+00:00";"2005-06-29 22:00:00+00:00";"33";"62";"32";"2021";"NON";"NON";"200072460";"";"";"";"2021-10-06";"44557";""
"62457";"3432";"PLU";"CA";"2018-09-18 22:00:00+00:00";"2011-03-30 22:00:00+00:00";"33";"62";"32";"2021";"NON";"NON";"200072460";"";"";"";"2021-10-06";"104860";""
"62458";"3399";"PLUi/PLUiS";"CA";"2019-06-23 22:00:00+00:00";"2012-04-12 22:00:00+00:00";"39";"62";"32";"2021";"OUI";"NON";"200069037";"";"";"";"2021-10-06";"114259";""
"62459";"3399";"PLUi/PLUiS";"CC";"2021-03-24 23:00:00+00:00";"2014-12-17 23:00:00+00:00";"39";"62";"32";"2021";"OUI";"NON";"62459";"";"";"";"2021-10-06";"137441";""
"62460";"1432";"CC";"CA";"2012-03-06 23:00:00+00:00";"2008-09-17 22:00:00+00:00";"13";"62";"32";"2021";"NON";"NON";"200069029";"";"";"";"2021-10-06";"37821";""
"62461";"3332";"PLUi/PLUiS";"CC";"2016-03-07 23:00:00+00:00";"2012-10-24 22:00:00+00:00";"33";"62";"32";"2021";"OUI";"NON";"62461";"";"";"";"2021-10-06";"115834";""
"62462";"1433";"CC";"CC";"2019-06-30 22:00:00+00:00";"2017-06-27 22:00:00+00:00";"13";"62";"32";"2021";"NON";"NON";"62462";"";"";"";"2021-10-06";"157602";""
"62463";"3433";"PLU";"CC";"2013-06-19 22:00:00+00:00";"2008-09-17 22:00:00+00:00";"33";"62";"32";"2021";"NON";"NON";"200069235";"";"";"";"2021-10-06";"44578";""
"62464";"3199";"PLU";"COM";"2010-04-11 22:00:00+00:00";"2007-06-24 22:00:00+00:00";"39";"62";"32";"2021";"NON";"NON";"62464";"";"";"";"2021-10-06";"44583";""
"62465";"3399";"PLUi/PLUiS";"CC";"2021-03-24 23:00:00+00:00";"2014-12-17 23:00:00+00:00";"39";"62";"32";"2021";"OUI";"NON";"62465";"";"";"";"2021-10-06";"137441";""
"62466";"1433";"CC";"CC";"2012-01-10 23:00:00+00:00";"2008-06-26 22:00:00+00:00";"13";"62";"32";"2021";"NON";"NON";"200069235";"";"";"";"2021-10-06";"37822";""
"62467";"1499";"CC";"CC";"2013-09-05 22:00:00+00:00";"2009-10-01 22:00:00+00:00";"19";"62";"32";"2021";"NON";"NON";"62467";"";"";"";"2021-10-06";"163103";""
"62468";"1499";"CC";"CC";"2007-12-09 23:00:00+00:00";"2005-11-29 23:00:00+00:00";"19";"62";"32";"2021";"NON";"NON";"62468";"";"";"";"2021-10-06";"17851";""
"62470";"3332";"PLUi/PLUiS";"CC";"2016-03-07 23:00:00+00:00";"2012-11-20 23:00:00+00:00";"33";"62";"32";"2021";"OUI";"NON";"62470";"";"";"";"2021-10-06";"116088";""
"62471";"1499";"CC";"CA";"2014-11-27 23:00:00+00:00";"2009-05-12 22:00:00+00:00";"19";"62";"32";"2021";"NON";"NON";"200069037";"";"";"";"2021-10-06";"44501";""
"62473";"3332";"PLUi/PLUiS";"CA";"2008-06-25 22:00:00+00:00";"2002-01-29 23:00:00+00:00";"33";"62";"32";"2021";"OUI";"NON";"200072460";"";"";"";"2021-10-06";"48783";""
"62474";"3299";"PLUi/PLUiS";"CA";"2017-04-05 22:00:00+00:00";"2011-02-06 23:00:00+00:00";"39";"62";"32";"2021";"NON";"OUI";"62474";"";"";"";"2021-10-06";"97529";""
"62475";"3399";"PLUi/PLUiS";"CC";"2021-03-24 23:00:00+00:00";"2014-12-17 23:00:00+00:00";"39";"62";"32";"2021";"OUI";"NON";"62475";"";"";"";"2021-10-06";"137441";""
"62476";"3432";"PLU";"CC";"2014-02-17 23:00:00+00:00";"2011-03-27 22:00:00+00:00";"33";"62";"32";"2021";"NON";"NON";"200044048";"";"";"";"2021-10-06";"82948";""
"62477";"1433";"CC";"CC";"2003-08-01 22:00:00+00:00";"2001-08-30 22:00:00+00:00";"13";"62";"32";"2021";"NON";"NON";"62477";"";"";"";"2021-10-06";"17852";""
"62478";"3299";"PLUi/PLUiS";"CC";"2019-09-29 22:00:00+00:00";"2015-02-11 23:00:00+00:00";"39";"62";"32";"2021";"NON";"OUI";"62478";"";"";"";"2021-10-06";"137227";""
"62479";"3432";"PLU";"CA";"2012-12-02 23:00:00+00:00";"2009-06-10 22:00:00+00:00";"33";"62";"32";"2021";"NON";"NON";"200072460";"";"";"";"2021-10-06";"44618";""
"62480";"3432";"PLU";"CA";"2019-09-24 22:00:00+00:00";"2015-11-15 23:00:00+00:00";"33";"62";"32";"2021";"NON";"NON";"200072460";"";"";"";"2021-10-06";"142921";""
"62481";"3332";"PLUi/PLUiS";"CC";"2016-03-07 23:00:00+00:00";"2012-10-24 22:00:00+00:00";"33";"62";"32";"2021";"OUI";"NON";"62481";"";"";"";"2021-10-06";"115834";""
"62483";"3299";"PLUi/PLUiS";"CC";"2019-11-13 23:00:00+00:00";"2010-12-08 23:00:00+00:00";"39";"62";"32";"2021";"NON";"OUI";"62483";"";"";"";"2021-10-06";"116623";""
"62485";"3399";"PLUi/PLUiS";"CA";"2014-02-27 23:00:00+00:00";"2011-02-24 23:00:00+00:00";"39";"62";"32";"2021";"OUI";"NON";"200069037";"";"";"";"2021-10-06";"106360";""
"62486";"3332";"PLUi/PLUiS";"CA";"2008-06-25 22:00:00+00:00";"2002-01-29 23:00:00+00:00";"33";"62";"32";"2021";"OUI";"NON";"200072460";"";"";"";"2021-10-06";"48783";""
"62487";"3232";"PLUi/PLUiS";"CC";"2019-12-03 23:00:00+00:00";"2017-12-12 23:00:00+00:00";"33";"62";"32";"2021";"NON";"OUI";"62487";"";"";"";"2021-10-06";"160978";""
"62488";"3299";"PLUi/PLUiS";"CC";"2019-09-25 22:00:00+00:00";"2015-04-01 22:00:00+00:00";"39";"62";"32";"2021";"NON";"OUI";"200072478";"";"";"";"2021-10-06";"138728";""
"62489";"3432";"PLU";"CA";"2008-01-28 23:00:00+00:00";"2004-11-14 23:00:00+00:00";"33";"62";"32";"2021";"NON";"NON";"200072460";"";"";"";"2021-10-06";"44655";""
"62490";"3399";"PLUi/PLUiS";"CC";"2020-12-09 23:00:00+00:00";"2015-06-03 22:00:00+00:00";"39";"62";"32";"2021";"OUI";"NON";"62490";"";"";"";"2021-10-06";"139675";""
"62491";"3199";"PLU";"COM";"2016-09-21 22:00:00+00:00";"2010-12-14 23:00:00+00:00";"39";"62";"32";"2021";"NON";"NON";"62491";"";"";"";"2021-10-06";"82995";""
"62493";"3299";"PLUi/PLUiS";"CC";"2020-03-02 23:00:00+00:00";"2015-06-10 22:00:00+00:00";"39";"62";"32";"2021";"NON";"OUI";"62493";"";"";"";"2021-10-06";"141343";""
"62494";"3299";"PLUi/PLUiS";"CC";"2020-03-02 23:00:00+00:00";"2015-06-10 22:00:00+00:00";"39";"62";"32";"2021";"NON";"OUI";"62494";"";"";"";"2021-10-06";"141343";""
"62495";"3299";"PLUi/PLUiS";"CC";"2019-09-29 22:00:00+00:00";"2015-02-11 23:00:00+00:00";"39";"62";"32";"2021";"NON";"OUI";"62495";"";"";"";"2021-10-06";"137227";""
"62496";"3432";"PLU";"CA";"2013-04-14 22:00:00+00:00";"2007-01-14 23:00:00+00:00";"33";"62";"32";"2021";"NON";"NON";"200069029";"";"";"";"2021-10-06";"43213";""
"62497";"3299";"PLUi/PLUiS";"SI";"2013-03-26 23:00:00+00:00";"2009-08-24 22:00:00+00:00";"39";"62";"32";"2021";"NON";"OUI";"62497";"";"";"";"2021-10-06";"49054";""
"62498";"3199";"PLU";"COM";"2020-12-15 23:00:00+00:00";"2015-06-22 22:00:00+00:00";"39";"62";"32";"2021";"NON";"NON";"62498";"";"";"";"2021-10-06";"140769";""
"62500";"1432";"CC";"CA";"2009-12-08 23:00:00+00:00";"2002-03-28 23:00:00+00:00";"13";"62";"32";"2021";"NON";"NON";"200072460";"";"";"";"2021-10-06";"14438";""
"62501";"1432";"CC";"CC";"2017-01-03 23:00:00+00:00";"2012-09-20 22:00:00+00:00";"13";"62";"32";"2021";"NON";"NON";"62501";"";"";"";"2021-10-06";"116842";""
"62502";"3131";"PLU";"COM";"2011-02-08 23:00:00+00:00";"2007-12-12 23:00:00+00:00";"33";"62";"32";"2021";"NON";"NON";"62502";"";"";"";"2021-10-06";"44696";""
"62503";"3232";"PLUi/PLUiS";"CC";"2019-12-03 23:00:00+00:00";"2017-12-12 23:00:00+00:00";"33";"62";"32";"2021";"NON";"OUI";"62503";"";"";"";"2021-10-06";"160978";""
"62504";"3299";"PLUi/PLUiS";"CC";"2019-09-29 22:00:00+00:00";"2015-02-11 23:00:00+00:00";"39";"62";"32";"2021";"NON";"OUI";"62504";"";"";"";"2021-10-06";"137227";""
"62505";"3232";"PLUi/PLUiS";"CC";"2019-12-03 23:00:00+00:00";"2017-12-12 23:00:00+00:00";"33";"62";"32";"2021";"NON";"OUI";"62505";"";"";"";"2021-10-06";"160978";""
"62506";"3299";"PLUi/PLUiS";"CC";"2019-09-25 22:00:00+00:00";"2015-04-01 22:00:00+00:00";"39";"62";"32";"2021";"NON";"OUI";"200072478";"";"";"";"2021-10-06";"138728";""
"62507";"3399";"PLUi/PLUiS";"CC";"2021-03-24 23:00:00+00:00";"2014-12-17 23:00:00+00:00";"39";"62";"32";"2021";"OUI";"NON";"62507";"";"";"";"2021-10-06";"137441";""
"62508";"1432";"CC";"CA";"2009-09-27 22:00:00+00:00";"2002-06-13 22:00:00+00:00";"13";"62";"32";"2021";"NON";"NON";"200072460";"";"";"";"2021-10-06";"14439";""
"62509";"3332";"PLUi/PLUiS";"CA";"2008-06-25 22:00:00+00:00";"2002-01-29 23:00:00+00:00";"33";"62";"32";"2021";"OUI";"NON";"200072460";"";"";"";"2021-10-06";"48783";""
"62510";"3131";"PLU";"COM";"2006-06-11 22:00:00+00:00";"2002-10-06 22:00:00+00:00";"33";"62";"32";"2021";"NON";"NON";"62510";"";"";"";"2021-10-06";"482";""
"62511";"3399";"PLUi/PLUiS";"CC";"2021-03-24 23:00:00+00:00";"2014-12-17 23:00:00+00:00";"39";"62";"32";"2021";"OUI";"NON";"62511";"";"";"";"2021-10-06";"137441";""
"62512";"3332";"PLUi/PLUiS";"CA";"2008-06-25 22:00:00+00:00";"2002-01-29 23:00:00+00:00";"33";"62";"32";"2021";"OUI";"NON";"200072460";"";"";"";"2021-10-06";"48783";""
"62513";"1499";"CC";"CC";"2011-03-22 23:00:00+00:00";"2009-09-09 22:00:00+00:00";"19";"62";"32";"2021";"NON";"NON";"62513";"";"";"";"2021-10-06";"85113";""
"62514";"1499";"CC";"CC";"2011-03-22 23:00:00+00:00";"2008-01-01 23:00:00+00:00";"19";"62";"32";"2021";"NON";"NON";"62514";"";"";"";"2021-10-06";"43221";""
"62515";"3299";"PLUi/PLUiS";"CC";"2020-03-02 23:00:00+00:00";"2015-06-10 22:00:00+00:00";"39";"62";"32";"2021";"NON";"OUI";"62515";"";"";"";"2021-10-06";"141343";""
"62516";"3432";"PLU";"CA";"2014-03-10 23:00:00+00:00";"2011-09-19 22:00:00+00:00";"33";"62";"32";"2021";"NON";"NON";"200072460";"";"";"";"2021-10-06";"86070";""
"62517";"3332";"PLUi/PLUiS";"CA";"2008-06-25 22:00:00+00:00";"2002-01-29 23:00:00+00:00";"33";"62";"32";"2021";"OUI";"NON";"200072460";"";"";"";"2021-10-06";"48783";""
"62518";"1499";"CC";"CC";"2014-02-11 23:00:00+00:00";"2009-10-01 22:00:00+00:00";"19";"62";"32";"2021";"NON";"NON";"62518";"";"";"";"2021-10-06";"124305";""
"62519";"1433";"CC";"CC";"2017-01-03 23:00:00+00:00";"2009-04-24 22:00:00+00:00";"13";"62";"32";"2021";"NON";"NON";"62519";"";"";"";"2021-10-06";"150732";""
"62520";"3432";"PLU";"CA";"2014-12-17 23:00:00+00:00";"2009-04-20 22:00:00+00:00";"33";"62";"32";"2021";"NON";"NON";"200072460";"";"";"";"2021-10-06";"44746";""
"62521";"3332";"PLUi/PLUiS";"CC";"2016-03-07 23:00:00+00:00";"2012-10-24 22:00:00+00:00";"33";"62";"32";"2021";"OUI";"NON";"62521";"";"";"";"2021-10-06";"115834";""
"62522";"1432";"CC";"CC";"2017-01-03 23:00:00+00:00";"2012-10-04 22:00:00+00:00";"13";"62";"32";"2021";"NON";"NON";"62522";"";"";"";"2021-10-06";"117277";""
"62523";"3199";"PLU";"COM";"2016-12-15 23:00:00+00:00";"2010-03-25 23:00:00+00:00";"39";"62";"32";"2021";"NON";"NON";"62523";"";"";"";"2021-10-06";"44752";""
"62524";"3299";"PLUi/PLUiS";"CC";"2019-11-13 23:00:00+00:00";"2010-12-08 23:00:00+00:00";"39";"62";"32";"2021";"NON";"OUI";"62524";"";"";"";"2021-10-06";"116623";""
"62525";"3399";"PLUi/PLUiS";"CA";"2019-06-23 22:00:00+00:00";"2012-04-12 22:00:00+00:00";"39";"62";"32";"2021";"OUI";"NON";"200069037";"";"";"";"2021-10-06";"114259";""
"62526";"3299";"PLUi/PLUiS";"CC";"2019-11-13 23:00:00+00:00";"2010-12-08 23:00:00+00:00";"39";"62";"32";"2021";"NON";"OUI";"62526";"";"";"";"2021-10-06";"116623";""
"62527";"3432";"PLU";"CA";"2007-12-06 23:00:00+00:00";"2005-06-29 22:00:00+00:00";"33";"62";"32";"2021";"NON";"NON";"200069029";"";"";"";"2021-10-06";"43223";""
"62528";"3199";"PLU";"COM";"2013-07-02 22:00:00+00:00";"2009-06-14 22:00:00+00:00";"39";"62";"32";"2021";"NON";"NON";"62528";"";"";"";"2021-10-06";"64107";""
"62529";"3432";"PLU";"CA";"2013-05-01 22:00:00+00:00";"2009-01-28 23:00:00+00:00";"33";"62";"32";"2021";"NON";"NON";"200072460";"";"";"";"2021-10-06";"44809";""
"62530";"3299";"PLUi/PLUiS";"CC";"2019-11-13 23:00:00+00:00";"2010-12-08 23:00:00+00:00";"39";"62";"32";"2021";"NON";"OUI";"62530";"";"";"";"2021-10-06";"116623";""
"62531";"3299";"PLUi/PLUiS";"CC";"2019-09-25 22:00:00+00:00";"2015-04-01 22:00:00+00:00";"39";"62";"32";"2021";"NON";"OUI";"200072478";"";"";"";"2021-10-06";"138728";""
"62532";"3432";"PLU";"CA";"2014-06-25 22:00:00+00:00";"2011-03-30 22:00:00+00:00";"33";"62";"32";"2021";"NON";"NON";"200072460";"";"";"";"2021-10-06";"114227";""
"62534";"3299";"PLUi/PLUiS";"CC";"2019-09-29 22:00:00+00:00";"2015-02-11 23:00:00+00:00";"39";"62";"32";"2021";"NON";"OUI";"62534";"";"";"";"2021-10-06";"137227";""
"62537";"3399";"PLUi/PLUiS";"CC";"2021-03-24 23:00:00+00:00";"2014-12-17 23:00:00+00:00";"39";"62";"32";"2021";"OUI";"NON";"62537";"";"";"";"2021-10-06";"137441";""
"62538";"1432";"CC";"CC";"2012-08-05 22:00:00+00:00";"2010-04-19 22:00:00+00:00";"13";"62";"32";"2021";"NON";"NON";"62538";"";"";"";"2021-10-06";"43226";""
"62539";"1499";"CC";"CC";"2011-03-22 23:00:00+00:00";"2008-01-01 23:00:00+00:00";"19";"62";"32";"2021";"NON";"NON";"62539";"";"";"";"2021-10-06";"87558";""
"62540";"3432";"PLU";"CA";"2010-09-29 22:00:00+00:00";"2008-09-14 22:00:00+00:00";"33";"62";"32";"2021";"NON";"NON";"200072460";"";"";"";"2021-10-06";"44847";""
"62541";"3332";"PLUi/PLUiS";"CC";"2016-03-07 23:00:00+00:00";"2012-11-20 23:00:00+00:00";"33";"62";"32";"2021";"OUI";"NON";"62541";"";"";"";"2021-10-06";"116088";""
"62542";"1433";"CC";"CC";"2008-03-05 23:00:00+00:00";"2005-06-06 22:00:00+00:00";"13";"62";"32";"2021";"NON";"NON";"62542";"";"";"";"2021-10-06";"17861";""
"62543";"3499";"PLU";"CA";"2017-10-22 22:00:00+00:00";"2014-06-30 22:00:00+00:00";"39";"62";"32";"2021";"NON";"NON";"200069037";"";"";"";"2021-10-06";"137848";""
"62544";"1433";"CC";"CC";"2015-08-12 22:00:00+00:00";"2012-07-02 22:00:00+00:00";"13";"62";"32";"2021";"NON";"NON";"62544";"";"";"";"2021-10-06";"124091";""
"62546";"3232";"PLUi/PLUiS";"CC";"2019-12-03 23:00:00+00:00";"2017-12-12 23:00:00+00:00";"33";"62";"32";"2021";"NON";"OUI";"62546";"";"";"";"2021-10-06";"160978";""
"62547";"1432";"CC";"CC";"2017-01-26 23:00:00+00:00";"2012-04-09 22:00:00+00:00";"13";"62";"32";"2021";"NON";"NON";"62547";"";"";"";"2021-10-06";"117278";""
"62548";"3499";"PLU";"CA";"2020-07-06 22:00:00+00:00";"2014-04-27 22:00:00+00:00";"39";"62";"32";"2021";"NON";"NON";"200090751";"";"";"";"2021-10-06";"130195";""
"62549";"3332";"PLUi/PLUiS";"CC";"2016-03-07 23:00:00+00:00";"2012-10-24 22:00:00+00:00";"33";"62";"32";"2021";"OUI";"NON";"62549";"";"";"";"2021-10-06";"115834";""
"62550";"3332";"PLUi/PLUiS";"CC";"2016-03-07 23:00:00+00:00";"2012-10-24 22:00:00+00:00";"33";"62";"32";"2021";"OUI";"NON";"62550";"";"";"";"2021-10-06";"115834";""
"62551";"1432";"CC";"CC";"2017-01-03 23:00:00+00:00";"2012-04-09 22:00:00+00:00";"13";"62";"32";"2021";"NON";"NON";"62551";"";"";"";"2021-10-06";"106162";""
"62554";"3432";"PLU";"CA";"2013-05-27 22:00:00+00:00";"2008-08-05 22:00:00+00:00";"33";"62";"32";"2021";"NON";"NON";"200069029";"";"";"";"2021-10-06";"43235";""
"62555";"3432";"PLU";"CA";"2013-06-19 22:00:00+00:00";"2009-10-07 22:00:00+00:00";"33";"62";"32";"2021";"NON";"NON";"200072460";"";"";"";"2021-10-06";"44835";""
"62556";"1432";"CC";"CC";"2017-01-03 23:00:00+00:00";"2012-04-05 22:00:00+00:00";"13";"62";"32";"2021";"NON";"NON";"62556";"";"";"";"2021-10-06";"106386";""
"62557";"3399";"PLUi/PLUiS";"CU";"2019-12-18 23:00:00+00:00";"2013-03-06 23:00:00+00:00";"39";"62";"32";"2021";"OUI";"NON";"200033579";"";"";"";"2021-10-06";"124113";""
"62558";"1499";"CC";"CC";"2011-03-22 23:00:00+00:00";"2008-01-01 23:00:00+00:00";"19";"62";"32";"2021";"NON";"NON";"62558";"";"";"";"2021-10-06";"87559";""
"62559";"3432";"PLU";"CC";"2004-03-29 22:00:00+00:00";"2000-10-22 22:00:00+00:00";"33";"62";"32";"2021";"NON";"NON";"200044048";"";"";"";"2021-10-06";"43240";""
"62560";"3232";"PLUi/PLUiS";"CC";"2019-12-03 23:00:00+00:00";"2017-12-12 23:00:00+00:00";"33";"62";"32";"2021";"NON";"OUI";"62560";"";"";"";"2021-10-06";"160978";""
"62561";"3299";"PLUi/PLUiS";"CC";"2020-03-02 23:00:00+00:00";"2015-06-10 22:00:00+00:00";"39";"62";"32";"2021";"NON";"OUI";"62561";"";"";"";"2021-10-06";"141343";""
"62563";"3199";"PLU";"COM";"2009-06-23 22:00:00+00:00";"2002-09-03 22:00:00+00:00";"39";"62";"32";"2021";"NON";"NON";"62563";"";"";"";"2021-10-06";"44904";""
"62564";"3332";"PLUi/PLUiS";"CA";"2008-06-25 22:00:00+00:00";"2002-01-29 23:00:00+00:00";"33";"62";"32";"2021";"OUI";"NON";"200072460";"";"";"";"2021-10-06";"48783";""
"62566";"3299";"PLUi/PLUiS";"CC";"2019-11-13 23:00:00+00:00";"2010-12-08 23:00:00+00:00";"39";"62";"32";"2021";"NON";"OUI";"62566";"";"";"";"2021-10-06";"116623";""
"62567";"3399";"PLUi/PLUiS";"CA";"2019-06-23 22:00:00+00:00";"2012-04-12 22:00:00+00:00";"39";"62";"32";"2021";"OUI";"NON";"200069037";"";"";"";"2021-10-06";"114259";""
"62568";"3399";"PLUi/PLUiS";"CU";"2019-12-18 23:00:00+00:00";"2013-03-06 23:00:00+00:00";"39";"62";"32";"2021";"OUI";"NON";"62568";"";"";"";"2021-10-06";"124113";""
"62569";"3399";"PLUi/PLUiS";"CA";"2014-02-27 23:00:00+00:00";"2011-02-24 23:00:00+00:00";"39";"62";"32";"2021";"OUI";"NON";"200069037";"";"";"";"2021-10-06";"106360";""
"62570";"3199";"PLU";"COM";"2013-02-12 23:00:00+00:00";"2007-10-02 22:00:00+00:00";"39";"62";"32";"2021";"NON";"NON";"62570";"";"";"";"2021-10-06";"44922";""
"62571";"3432";"PLU";"CA";"2011-05-11 22:00:00+00:00";"2005-01-19 23:00:00+00:00";"33";"62";"32";"2021";"NON";"NON";"200069029";"";"";"";"2021-10-06";"44932";""
"62572";"3299";"PLUi/PLUiS";"CC";"2020-03-02 23:00:00+00:00";"2015-06-10 22:00:00+00:00";"39";"62";"32";"2021";"NON";"OUI";"62572";"";"";"";"2021-10-06";"141343";""
"62573";"3131";"PLU";"COM";"2011-10-20 22:00:00+00:00";"2009-01-28 23:00:00+00:00";"33";"62";"32";"2021";"NON";"NON";"62573";"";"";"";"2021-10-06";"44941";""
"62576";"1499";"CC";"CC";"2011-11-20 23:00:00+00:00";"2008-01-01 23:00:00+00:00";"19";"62";"32";"2021";"NON";"NON";"62576";"";"";"";"2021-10-06";"87245";""
"62578";"3399";"PLUi/PLUiS";"CC";"2020-12-09 23:00:00+00:00";"2015-06-03 22:00:00+00:00";"39";"62";"32";"2021";"OUI";"NON";"62578";"";"";"";"2021-10-06";"139675";""
"62579";"3399";"PLUi/PLUiS";"CC";"2020-12-09 23:00:00+00:00";"2015-06-03 22:00:00+00:00";"39";"62";"32";"2021";"OUI";"NON";"62579";"";"";"";"2021-10-06";"139675";""
"62580";"1499";"CC";"CC";"2011-02-07 23:00:00+00:00";"2008-01-01 23:00:00+00:00";"19";"62";"32";"2021";"NON";"NON";"62580";"";"";"";"2021-10-06";"34622";""
"62581";"1433";"CC";"CC";"2016-09-15 22:00:00+00:00";"2014-04-24 22:00:00+00:00";"13";"62";"32";"2021";"NON";"NON";"62581";"";"";"";"2021-10-06";"163131";""
"62582";"3399";"PLUi/PLUiS";"CU";"2019-12-18 23:00:00+00:00";"2013-03-06 23:00:00+00:00";"39";"62";"32";"2021";"OUI";"NON";"62582";"";"";"";"2021-10-06";"124113";""
"62583";"3399";"PLUi/PLUiS";"CC";"2021-03-24 23:00:00+00:00";"2014-12-17 23:00:00+00:00";"39";"62";"32";"2021";"OUI";"NON";"62583";"";"";"";"2021-10-06";"137441";""
"62584";"3432";"PLU";"CA";"2009-12-20 23:00:00+00:00";"2004-02-15 23:00:00+00:00";"33";"62";"32";"2021";"NON";"NON";"200072460";"";"";"";"2021-10-06";"43264";""
"62586";"3399";"PLUi/PLUiS";"CC";"2020-12-09 23:00:00+00:00";"2015-06-03 22:00:00+00:00";"39";"62";"32";"2021";"OUI";"NON";"62586";"";"";"";"2021-10-06";"139675";""
"62587";"3199";"PLU";"COM";"2013-06-18 22:00:00+00:00";"2010-03-30 22:00:00+00:00";"39";"62";"32";"2021";"NON";"NON";"62587";"";"";"";"2021-10-06";"44955";""
"62589";"3399";"PLUi/PLUiS";"CU";"2019-12-18 23:00:00+00:00";"2013-03-06 23:00:00+00:00";"39";"62";"32";"2021";"OUI";"NON";"200033579";"";"";"";"2021-10-06";"124113";""
"62590";"1499";"CC";"CC";"2013-06-13 22:00:00+00:00";"2010-06-21 22:00:00+00:00";"19";"62";"32";"2021";"NON";"NON";"62590";"";"";"";"2021-10-06";"44050";""
"62591";"3299";"PLUi/PLUiS";"CC";"2020-03-02 23:00:00+00:00";"2015-06-10 22:00:00+00:00";"39";"62";"32";"2021";"NON";"OUI";"62591";"";"";"";"2021-10-06";"141343";""
"62592";"3399";"PLUi/PLUiS";"CA";"2019-06-23 22:00:00+00:00";"2012-04-12 22:00:00+00:00";"39";"62";"32";"2021";"OUI";"NON";"200069037";"";"";"";"2021-10-06";"114259";""
"62593";"3299";"PLUi/PLUiS";"CC";"2020-03-02 23:00:00+00:00";"2015-06-10 22:00:00+00:00";"39";"62";"32";"2021";"NON";"OUI";"62593";"";"";"";"2021-10-06";"141343";""
"62594";"3299";"PLUi/PLUiS";"CC";"2020-03-02 23:00:00+00:00";"2015-06-10 22:00:00+00:00";"39";"62";"32";"2021";"NON";"OUI";"62594";"";"";"";"2021-10-06";"141343";""
"62595";"3399";"PLUi/PLUiS";"CA";"2019-06-23 22:00:00+00:00";"2012-04-12 22:00:00+00:00";"39";"62";"32";"2021";"OUI";"NON";"200069037";"";"";"";"2021-10-06";"114259";""
"62596";"3332";"PLUi/PLUiS";"CC";"2016-03-07 23:00:00+00:00";"2012-10-24 22:00:00+00:00";"33";"62";"32";"2021";"OUI";"NON";"62596";"";"";"";"2021-10-06";"115834";""
"62597";"3299";"PLUi/PLUiS";"CC";"2020-03-02 23:00:00+00:00";"2015-06-10 22:00:00+00:00";"39";"62";"32";"2021";"NON";"OUI";"62597";"";"";"";"2021-10-06";"141343";""
"62598";"3299";"PLUi/PLUiS";"CC";"2018-09-24 22:00:00+00:00";"2011-12-07 23:00:00+00:00";"39";"62";"32";"2021";"NON";"OUI";"62598";"";"";"";"2021-10-06";"112701";""
"62599";"3299";"PLUi/PLUiS";"CC";"2019-11-13 23:00:00+00:00";"2010-12-08 23:00:00+00:00";"39";"62";"32";"2021";"NON";"OUI";"62599";"";"";"";"2021-10-06";"116623";""
"62603";"3299";"PLUi/PLUiS";"CA";"2017-04-05 22:00:00+00:00";"2011-02-06 23:00:00+00:00";"39";"62";"32";"2021";"NON";"OUI";"62603";"";"";"";"2021-10-06";"97529";""
"62604";"3299";"PLUi/PLUiS";"CA";"2017-04-05 22:00:00+00:00";"2011-02-06 23:00:00+00:00";"39";"62";"32";"2021";"NON";"OUI";"62604";"";"";"";"2021-10-06";"97529";""
"62605";"3332";"PLUi/PLUiS";"CC";"2016-03-07 23:00:00+00:00";"2012-11-20 23:00:00+00:00";"33";"62";"32";"2021";"OUI";"NON";"62605";"";"";"";"2021-10-06";"116088";""
"62606";"3432";"PLU";"CA";"2017-09-26 22:00:00+00:00";"2015-02-15 23:00:00+00:00";"33";"62";"32";"2021";"NON";"NON";"200072460";"";"";"";"2021-10-06";"137183";""
"62607";"1499";"CC";"CC";"2014-04-13 22:00:00+00:00";"2009-10-01 22:00:00+00:00";"19";"62";"32";"2021";"NON";"NON";"62607";"";"";"";"2021-10-06";"124306";""
"62608";"3299";"PLUi/PLUiS";"CC";"2020-03-02 23:00:00+00:00";"2015-06-10 22:00:00+00:00";"39";"62";"32";"2021";"NON";"OUI";"62608";"";"";"";"2021-10-06";"141343";""
"62609";"3399";"PLUi/PLUiS";"CU";"2019-12-18 23:00:00+00:00";"2013-03-06 23:00:00+00:00";"39";"62";"32";"2021";"OUI";"NON";"200033579";"";"";"";"2021-10-06";"124113";""
"62611";"3399";"PLUi/PLUiS";"CU";"2019-12-18 23:00:00+00:00";"2013-03-06 23:00:00+00:00";"39";"62";"32";"2021";"OUI";"NON";"62611";"";"";"";"2021-10-06";"124113";""
"62613";"3299";"PLUi/PLUiS";"CC";"2019-09-29 22:00:00+00:00";"2015-02-11 23:00:00+00:00";"39";"62";"32";"2021";"NON";"OUI";"62613";"";"";"";"2021-10-06";"137227";""
"62614";"3299";"PLUi/PLUiS";"CC";"2019-09-25 22:00:00+00:00";"2015-04-01 22:00:00+00:00";"39";"62";"32";"2021";"NON";"OUI";"200072478";"";"";"";"2021-10-06";"138728";""
"62615";"3499";"PLU";"CA";"2007-04-09 22:00:00+00:00";"2004-03-30 22:00:00+00:00";"39";"62";"32";"2021";"NON";"NON";"200090751";"";"";"";"2021-10-06";"45050";""
"62617";"3432";"PLU";"CA";"2011-10-27 22:00:00+00:00";"2005-10-25 22:00:00+00:00";"33";"62";"32";"2021";"NON";"NON";"200072460";"";"";"";"2021-10-06";"45057";""
"62618";"3399";"PLUi/PLUiS";"CA";"2019-06-23 22:00:00+00:00";"2012-04-12 22:00:00+00:00";"39";"62";"32";"2021";"OUI";"NON";"200069037";"";"";"";"2021-10-06";"114259";""
"62619";"3299";"PLUi/PLUiS";"CC";"2020-03-02 23:00:00+00:00";"2015-06-10 22:00:00+00:00";"39";"62";"32";"2021";"NON";"OUI";"62619";"";"";"";"2021-10-06";"141343";""
"62620";"3432";"PLU";"CA";"2012-09-20 22:00:00+00:00";"2008-12-04 23:00:00+00:00";"33";"62";"32";"2021";"NON";"NON";"200072460";"";"";"";"2021-10-06";"43305";""
"62621";"3299";"PLUi/PLUiS";"CC";"2018-09-24 22:00:00+00:00";"2011-12-07 23:00:00+00:00";"39";"62";"32";"2021";"NON";"OUI";"62621";"";"";"";"2021-10-06";"112701";""
"62622";"3399";"PLUi/PLUiS";"CA";"2019-06-23 22:00:00+00:00";"2012-04-12 22:00:00+00:00";"39";"62";"32";"2021";"OUI";"NON";"200069037";"";"";"";"2021-10-06";"114259";""
"62623";"3299";"PLUi/PLUiS";"CC";"2018-09-24 22:00:00+00:00";"2011-12-07 23:00:00+00:00";"39";"62";"32";"2021";"NON";"OUI";"62623";"";"";"";"2021-10-06";"112701";""
"62624";"3299";"PLUi/PLUiS";"SI";"2013-03-26 23:00:00+00:00";"2009-08-24 22:00:00+00:00";"39";"62";"32";"2021";"NON";"OUI";"62624";"";"";"";"2021-10-06";"49054";""
"62625";"3332";"PLUi/PLUiS";"CC";"2016-03-07 23:00:00+00:00";"2012-11-20 23:00:00+00:00";"33";"62";"32";"2021";"OUI";"NON";"62625";"";"";"";"2021-10-06";"116088";""
"62626";"3332";"PLUi/PLUiS";"CA";"2006-06-28 22:00:00+00:00";"2000-11-07 23:00:00+00:00";"33";"62";"32";"2021";"OUI";"NON";"200072460";"";"";"";"2021-10-06";"48772";""
"62627";"3432";"PLU";"CC";"2018-02-25 23:00:00+00:00";"2014-12-17 23:00:00+00:00";"33";"62";"32";"2021";"NON";"NON";"200044048";"";"";"";"2021-10-06";"136579";""
"62628";"3199";"PLU";"COM";"2015-03-17 23:00:00+00:00";"2011-01-31 23:00:00+00:00";"39";"62";"32";"2021";"NON";"NON";"62628";"";"";"";"2021-10-06";"86528";""
"62629";"3399";"PLUi/PLUiS";"CC";"2020-12-09 23:00:00+00:00";"2015-06-03 22:00:00+00:00";"39";"62";"32";"2021";"OUI";"NON";"62629";"";"";"";"2021-10-06";"139675";""
"62630";"1433";"CC";"CC";"2005-09-22 22:00:00+00:00";"2001-06-11 22:00:00+00:00";"13";"62";"32";"2021";"NON";"NON";"62630";"";"";"";"2021-10-06";"17864";""
"62631";"1499";"CC";"CC";"2008-01-08 23:00:00+00:00";"2006-11-02 23:00:00+00:00";"19";"62";"32";"2021";"NON";"NON";"62631";"";"";"";"2021-10-06";"86535";""
"62633";"1414";"CC";"CC";"2013-09-05 22:00:00+00:00";"2009-10-01 22:00:00+00:00";"11";"62";"32";"2021";"NON";"NON";"62633";"";"";"";"2021-10-06";"163104";""
"62634";"3299";"PLUi/PLUiS";"CC";"2018-09-24 22:00:00+00:00";"2011-12-07 23:00:00+00:00";"39";"62";"32";"2021";"NON";"OUI";"62634";"";"";"";"2021-10-06";"112701";""
"62635";"1432";"CC";"CC";"2016-06-28 22:00:00+00:00";"2012-04-09 22:00:00+00:00";"13";"62";"32";"2021";"NON";"NON";"62635";"";"";"";"2021-10-06";"43313";""
"62636";"3232";"PLUi/PLUiS";"CC";"2019-12-03 23:00:00+00:00";"2017-12-12 23:00:00+00:00";"33";"62";"32";"2021";"NON";"OUI";"62636";"";"";"";"2021-10-06";"160978";""
"62637";"3199";"PLU";"COM";"2013-06-18 22:00:00+00:00";"2008-06-24 22:00:00+00:00";"39";"62";"32";"2021";"NON";"NON";"62637";"";"";"";"2021-10-06";"45132";""
"62638";"3432";"PLU";"CC";"2010-05-25 22:00:00+00:00";"2005-09-29 22:00:00+00:00";"33";"62";"32";"2021";"NON";"NON";"200044048";"";"";"";"2021-10-06";"45137";""
"62639";"3432";"PLU";"CC";"2016-12-14 23:00:00+00:00";"2014-06-11 22:00:00+00:00";"33";"62";"32";"2021";"NON";"NON";"200044048";"";"";"";"2021-10-06";"136555";""
"62640";"3399";"PLUi/PLUiS";"CC";"2021-03-24 23:00:00+00:00";"2014-12-17 23:00:00+00:00";"39";"62";"32";"2021";"OUI";"NON";"62640";"";"";"";"2021-10-06";"137441";""
"62641";"1499";"CC";"CC";"2011-11-20 23:00:00+00:00";"2008-01-01 23:00:00+00:00";"19";"62";"32";"2021";"NON";"NON";"62641";"";"";"";"2021-10-06";"87249";""
"62642";"3432";"PLU";"CA";"2013-06-19 22:00:00+00:00";"2008-11-26 23:00:00+00:00";"33";"62";"32";"2021";"NON";"NON";"200072460";"";"";"";"2021-10-06";"43318";""
"62643";"3299";"PLUi/PLUiS";"CA";"2017-04-05 22:00:00+00:00";"2011-02-06 23:00:00+00:00";"39";"62";"32";"2021";"NON";"OUI";"62643";"";"";"";"2021-10-06";"97529";""
"62644";"3299";"PLUi/PLUiS";"CC";"2019-09-29 22:00:00+00:00";"2015-02-11 23:00:00+00:00";"39";"62";"32";"2021";"NON";"OUI";"62644";"";"";"";"2021-10-06";"137227";""
"62645";"3299";"PLUi/PLUiS";"CC";"2018-09-24 22:00:00+00:00";"2011-12-07 23:00:00+00:00";"39";"62";"32";"2021";"NON";"OUI";"62645";"";"";"";"2021-10-06";"112701";""
"62646";"3432";"PLU";"CC";"2011-08-30 22:00:00+00:00";"2009-03-29 22:00:00+00:00";"33";"62";"32";"2021";"NON";"NON";"200044048";"";"";"";"2021-10-06";"43341";""
"62647";"3332";"PLUi/PLUiS";"CC";"2016-03-07 23:00:00+00:00";"2012-10-24 22:00:00+00:00";"33";"62";"32";"2021";"OUI";"NON";"62647";"";"";"";"2021-10-06";"115834";""
"62648";"1433";"CC";"CC";"2010-11-01 23:00:00+00:00";"2001-08-30 22:00:00+00:00";"13";"62";"32";"2021";"NON";"NON";"200069235";"";"";"";"2021-10-06";"14443";""
"62649";"3399";"PLUi/PLUiS";"CC";"2021-03-24 23:00:00+00:00";"2014-12-17 23:00:00+00:00";"39";"62";"32";"2021";"OUI";"NON";"62649";"";"";"";"2021-10-06";"137441";""
"62650";"3432";"PLU";"CC";"2013-12-15 23:00:00+00:00";"2010-12-08 23:00:00+00:00";"33";"62";"32";"2021";"NON";"NON";"200044048";"";"";"";"2021-10-06";"86559";""
"62652";"3433";"PLU";"CC";"2005-11-24 23:00:00+00:00";"1999-06-17 22:00:00+00:00";"33";"62";"32";"2021";"NON";"NON";"62652";"";"";"";"2021-10-06";"11498";""
"62653";"3299";"PLUi/PLUiS";"CA";"2017-04-05 22:00:00+00:00";"2011-02-06 23:00:00+00:00";"39";"62";"32";"2021";"NON";"OUI";"62653";"";"";"";"2021-10-06";"97529";""
"62654";"3399";"PLUi/PLUiS";"CA";"2019-09-25 22:00:00+00:00";"2015-04-01 22:00:00+00:00";"39";"62";"32";"2021";"OUI";"NON";"200090751";"";"";"";"2021-10-06";"173055";""
"62655";"1499";"CC";"CC";"2013-01-30 23:00:00+00:00";"2009-10-01 22:00:00+00:00";"19";"62";"32";"2021";"NON";"NON";"62655";"";"";"";"2021-10-06";"124080";""
"62656";"3299";"PLUi/PLUiS";"CC";"2019-09-29 22:00:00+00:00";"2015-02-11 23:00:00+00:00";"39";"62";"32";"2021";"NON";"OUI";"62656";"";"";"";"2021-10-06";"137227";""
"62657";"3399";"PLUi/PLUiS";"CA";"2019-09-25 22:00:00+00:00";"2015-04-01 22:00:00+00:00";"39";"62";"32";"2021";"OUI";"NON";"200090751";"";"";"";"2021-10-06";"173055";""
"62658";"3299";"PLUi/PLUiS";"CA";"2017-04-05 22:00:00+00:00";"2011-02-06 23:00:00+00:00";"39";"62";"32";"2021";"NON";"OUI";"62658";"";"";"";"2021-10-06";"97529";""
"62661";"3332";"PLUi/PLUiS";"CC";"2016-03-07 23:00:00+00:00";"2012-10-24 22:00:00+00:00";"33";"62";"32";"2021";"OUI";"NON";"62661";"";"";"";"2021-10-06";"115834";""
"62662";"3299";"PLUi/PLUiS";"CC";"2018-09-24 22:00:00+00:00";"2011-12-07 23:00:00+00:00";"39";"62";"32";"2021";"NON";"OUI";"62662";"";"";"";"2021-10-06";"112701";""
"62663";"3399";"PLUi/PLUiS";"CC";"2021-03-24 23:00:00+00:00";"2014-12-17 23:00:00+00:00";"39";"62";"32";"2021";"OUI";"NON";"62663";"";"";"";"2021-10-06";"137441";""
"62664";"3399";"PLUi/PLUiS";"CC";"2021-03-24 23:00:00+00:00";"2014-12-17 23:00:00+00:00";"39";"62";"32";"2021";"OUI";"NON";"62664";"";"";"";"2021-10-06";"137441";""
"62666";"3199";"PLU";"COM";"2020-02-04 23:00:00+00:00";"2017-02-20 23:00:00+00:00";"39";"62";"32";"2021";"NON";"NON";"62666";"";"";"";"2021-10-06";"155148";""
"62667";"3299";"PLUi/PLUiS";"CA";"2017-04-05 22:00:00+00:00";"2011-02-06 23:00:00+00:00";"39";"62";"32";"2021";"NON";"OUI";"62667";"";"";"";"2021-10-06";"97529";""
"62668";"1433";"CC";"CC";"2016-09-15 22:00:00+00:00";"2014-04-24 22:00:00+00:00";"13";"62";"32";"2021";"NON";"NON";"62668";"";"";"";"2021-10-06";"163132";""
"62670";"1433";"CC";"CC";"2006-02-26 23:00:00+00:00";"2003-11-11 23:00:00+00:00";"13";"62";"32";"2021";"NON";"NON";"200069235";"";"";"";"2021-10-06";"15911";""
"62672";"3299";"PLUi/PLUiS";"CC";"2020-03-02 23:00:00+00:00";"2015-06-10 22:00:00+00:00";"39";"62";"32";"2021";"NON";"OUI";"62672";"";"";"";"2021-10-06";"141343";""
"62674";"3299";"PLUi/PLUiS";"CC";"2019-09-29 22:00:00+00:00";"2015-02-11 23:00:00+00:00";"39";"62";"32";"2021";"NON";"OUI";"62674";"";"";"";"2021-10-06";"137227";""
"62675";"3299";"PLUi/PLUiS";"CC";"2019-09-29 22:00:00+00:00";"2015-02-11 23:00:00+00:00";"39";"62";"32";"2021";"NON";"OUI";"62675";"";"";"";"2021-10-06";"137227";""
"62676";"3332";"PLUi/PLUiS";"CA";"2008-06-25 22:00:00+00:00";"2002-01-29 23:00:00+00:00";"33";"62";"32";"2021";"OUI";"NON";"200072460";"";"";"";"2021-10-06";"48783";""
"62677";"3332";"PLUi/PLUiS";"CC";"2016-03-07 23:00:00+00:00";"2012-10-24 22:00:00+00:00";"33";"62";"32";"2021";"OUI";"NON";"62677";"";"";"";"2021-10-06";"115834";""
"62678";"3299";"PLUi/PLUiS";"CC";"2019-11-13 23:00:00+00:00";"2010-12-08 23:00:00+00:00";"39";"62";"32";"2021";"NON";"OUI";"62678";"";"";"";"2021-10-06";"116623";""
"62679";"3299";"PLUi/PLUiS";"CC";"2019-11-13 23:00:00+00:00";"2010-12-08 23:00:00+00:00";"39";"62";"32";"2021";"NON";"OUI";"62679";"";"";"";"2021-10-06";"116623";""
"62680";"3432";"PLU";"CC";"2019-12-12 23:00:00+00:00";"2014-09-25 22:00:00+00:00";"33";"62";"32";"2021";"NON";"NON";"200044048";"";"";"";"2021-10-06";"62925";""
"62681";"3499";"PLU";"CA";"2013-04-25 22:00:00+00:00";"2005-02-18 23:00:00+00:00";"39";"62";"32";"2021";"NON";"NON";"200069037";"";"";"";"2021-10-06";"43378";""
"62684";"3399";"PLUi/PLUiS";"CA";"2019-06-23 22:00:00+00:00";"2012-04-12 22:00:00+00:00";"39";"62";"32";"2021";"OUI";"NON";"200069037";"";"";"";"2021-10-06";"114259";""
"62686";"1499";"CC";"CC";"2007-12-09 23:00:00+00:00";"2005-11-29 23:00:00+00:00";"19";"62";"32";"2021";"NON";"NON";"62686";"";"";"";"2021-10-06";"87324";""
"62688";"3332";"PLUi/PLUiS";"CA";"2019-04-10 22:00:00+00:00";"2015-05-18 22:00:00+00:00";"33";"62";"32";"2021";"OUI";"NON";"200069029";"";"";"";"2021-10-06";"139232";""
"62689";"3399";"PLUi/PLUiS";"CU";"2020-02-12 23:00:00+00:00";"2015-06-03 22:00:00+00:00";"39";"62";"32";"2021";"OUI";"NON";"62689";"";"";"";"2021-10-06";"169308";""
"62690";"3332";"PLUi/PLUiS";"CC";"2016-03-07 23:00:00+00:00";"2012-10-24 22:00:00+00:00";"33";"62";"32";"2021";"OUI";"NON";"62690";"";"";"";"2021-10-06";"115834";""
"62691";"3499";"PLU";"CA";"2018-03-19 23:00:00+00:00";"2014-04-23 22:00:00+00:00";"39";"62";"32";"2021";"NON";"NON";"200069037";"";"";"";"2021-10-06";"142446";""
"62692";"3299";"PLUi/PLUiS";"CC";"2019-09-29 22:00:00+00:00";"2015-02-11 23:00:00+00:00";"39";"62";"32";"2021";"NON";"OUI";"62692";"";"";"";"2021-10-06";"137227";""
"62693";"3432";"PLU";"CA";"2007-04-01 22:00:00+00:00";"2003-03-05 23:00:00+00:00";"33";"62";"32";"2021";"NON";"NON";"200072460";"";"";"";"2021-10-06";"43381";""
"62694";"3399";"PLUi/PLUiS";"CC";"2021-03-24 23:00:00+00:00";"2014-12-17 23:00:00+00:00";"39";"62";"32";"2021";"OUI";"NON";"62694";"";"";"";"2021-10-06";"137441";""
"62695";"3399";"PLUi/PLUiS";"CC";"2021-03-24 23:00:00+00:00";"2014-12-17 23:00:00+00:00";"39";"62";"32";"2021";"OUI";"NON";"62695";"";"";"";"2021-10-06";"137441";""
"62696";"3399";"PLUi/PLUiS";"CA";"2014-02-27 23:00:00+00:00";"2011-02-24 23:00:00+00:00";"39";"62";"32";"2021";"OUI";"NON";"200069037";"";"";"";"2021-10-06";"106360";""
"62697";"3432";"PLU";"CC";"2010-09-16 22:00:00+00:00";"2006-12-07 23:00:00+00:00";"33";"62";"32";"2021";"NON";"NON";"200044048";"";"";"";"2021-10-06";"41821";""
"62699";"3299";"PLUi/PLUiS";"CC";"2018-09-24 22:00:00+00:00";"2011-12-07 23:00:00+00:00";"39";"62";"32";"2021";"NON";"OUI";"62699";"";"";"";"2021-10-06";"112701";""
"62700";"3332";"PLUi/PLUiS";"CC";"2016-03-07 23:00:00+00:00";"2012-10-24 22:00:00+00:00";"33";"62";"32";"2021";"OUI";"NON";"62700";"";"";"";"2021-10-06";"115834";""
"62701";"3332";"PLUi/PLUiS";"CA";"2008-06-25 22:00:00+00:00";"2002-01-29 23:00:00+00:00";"33";"62";"32";"2021";"OUI";"NON";"200072460";"";"";"";"2021-10-06";"48783";""
"62702";"3299";"PLUi/PLUiS";"CC";"2019-09-29 22:00:00+00:00";"2015-02-11 23:00:00+00:00";"39";"62";"32";"2021";"NON";"OUI";"62702";"";"";"";"2021-10-06";"137227";""
"62704";"3399";"PLUi/PLUiS";"CA";"2014-02-27 23:00:00+00:00";"2011-02-24 23:00:00+00:00";"39";"62";"32";"2021";"OUI";"NON";"200069037";"";"";"";"2021-10-06";"106360";""
"62705";"3232";"PLUi/PLUiS";"CC";"2019-12-03 23:00:00+00:00";"2017-12-12 23:00:00+00:00";"33";"62";"32";"2021";"NON";"OUI";"62705";"";"";"";"2021-10-06";"160978";""
"62706";"3332";"PLUi/PLUiS";"CA";"2006-06-28 22:00:00+00:00";"2000-11-07 23:00:00+00:00";"33";"62";"32";"2021";"OUI";"NON";"200072460";"";"";"";"2021-10-06";"48772";""
"62708";"3299";"PLUi/PLUiS";"CC";"2020-03-02 23:00:00+00:00";"2015-06-10 22:00:00+00:00";"39";"62";"32";"2021";"NON";"OUI";"62708";"";"";"";"2021-10-06";"141343";""
"62711";"3232";"PLUi/PLUiS";"CC";"2019-12-03 23:00:00+00:00";"2017-12-12 23:00:00+00:00";"33";"62";"32";"2021";"NON";"OUI";"62711";"";"";"";"2021-10-06";"160978";""
"62712";"3399";"PLUi/PLUiS";"CU";"2020-02-12 23:00:00+00:00";"2015-06-03 22:00:00+00:00";"39";"62";"32";"2021";"OUI";"NON";"62712";"";"";"";"2021-10-06";"169308";""
"62713";"3432";"PLU";"CA";"2012-06-21 22:00:00+00:00";"2008-11-09 23:00:00+00:00";"33";"62";"32";"2021";"NON";"NON";"200072460";"";"";"";"2021-10-06";"41823";""
"62714";"3399";"PLUi/PLUiS";"CU";"2019-12-18 23:00:00+00:00";"2013-03-06 23:00:00+00:00";"39";"62";"32";"2021";"OUI";"NON";"200033579";"";"";"";"2021-10-06";"124113";""
"62715";"3299";"PLUi/PLUiS";"CC";"2020-03-02 23:00:00+00:00";"2015-06-10 22:00:00+00:00";"39";"62";"32";"2021";"NON";"OUI";"62715";"";"";"";"2021-10-06";"141343";""
"62716";"3299";"PLUi/PLUiS";"CC";"2019-09-25 22:00:00+00:00";"2015-04-01 22:00:00+00:00";"39";"62";"32";"2021";"NON";"OUI";"200072478";"";"";"";"2021-10-06";"138728";""
"62717";"1499";"CC";"CC";"2011-11-20 23:00:00+00:00";"2008-01-01 23:00:00+00:00";"19";"62";"32";"2021";"NON";"NON";"62717";"";"";"";"2021-10-06";"87258";""
"62718";"3434";"PLU";"CU";"2004-07-11 22:00:00+00:00";"2001-08-30 22:00:00+00:00";"33";"62";"32";"2021";"NON";"NON";"62718";"";"";"";"2021-10-06";"45294";""
"62719";"3332";"PLUi/PLUiS";"CC";"2016-03-07 23:00:00+00:00";"2012-11-20 23:00:00+00:00";"33";"62";"32";"2021";"OUI";"NON";"62719";"";"";"";"2021-10-06";"116088";""
"62720";"3332";"PLUi/PLUiS";"CA";"2008-06-25 22:00:00+00:00";"2002-01-29 23:00:00+00:00";"33";"62";"32";"2021";"OUI";"NON";"200072460";"";"";"";"2021-10-06";"48783";""
"62721";"3499";"PLU";"CA";"2013-03-28 23:00:00+00:00";"2006-04-11 22:00:00+00:00";"39";"62";"32";"2021";"NON";"NON";"200069037";"";"";"";"2021-10-06";"17680";""
"62723";"1432";"CC";"CC";"2010-10-05 22:00:00+00:00";"2007-02-12 23:00:00+00:00";"13";"62";"32";"2021";"NON";"NON";"62723";"";"";"";"2021-10-06";"43405";""
"62724";"3131";"PLU";"COM";"2012-02-28 23:00:00+00:00";"2009-03-25 23:00:00+00:00";"33";"62";"32";"2021";"NON";"NON";"62724";"";"";"";"2021-10-06";"45299";""
"62726";"1433";"CC";"CC";"2007-12-03 23:00:00+00:00";"2005-03-13 23:00:00+00:00";"13";"62";"32";"2021";"NON";"NON";"62726";"";"";"";"2021-10-06";"17693";""
"62727";"3432";"PLU";"CA";"2009-03-25 23:00:00+00:00";"2005-06-29 22:00:00+00:00";"33";"62";"32";"2021";"NON";"NON";"200072460";"";"";"";"2021-10-06";"45323";""
"62730";"3299";"PLUi/PLUiS";"CC";"2018-09-24 22:00:00+00:00";"2011-12-07 23:00:00+00:00";"39";"62";"32";"2021";"NON";"OUI";"62730";"";"";"";"2021-10-06";"112701";""
"62731";"3299";"PLUi/PLUiS";"CC";"2020-03-02 23:00:00+00:00";"2015-06-10 22:00:00+00:00";"39";"62";"32";"2021";"NON";"OUI";"62731";"";"";"";"2021-10-06";"141343";""
"62733";"3299";"PLUi/PLUiS";"CC";"2020-03-02 23:00:00+00:00";"2015-06-10 22:00:00+00:00";"39";"62";"32";"2021";"NON";"OUI";"62733";"";"";"";"2021-10-06";"141343";""
"62734";"3432";"PLU";"CC";"2016-03-08 23:00:00+00:00";"2014-04-27 22:00:00+00:00";"33";"62";"32";"2021";"NON";"NON";"200044048";"";"";"";"2021-10-06";"130590";""
"62735";"3432";"PLU";"CA";"2013-12-16 23:00:00+00:00";"2009-05-25 22:00:00+00:00";"33";"62";"32";"2021";"NON";"NON";"200072460";"";"";"";"2021-10-06";"45348";""
"62736";"3199";"PLU";"COM";"2021-04-07 22:00:00+00:00";"2014-12-17 23:00:00+00:00";"39";"62";"32";"2021";"NON";"NON";"62736";"";"";"";"2021-10-06";"136911";""
"62737";"3199";"PLU";"COM";"2017-06-29 22:00:00+00:00";"2015-02-09 23:00:00+00:00";"39";"62";"32";"2021";"NON";"NON";"62737";"";"";"";"2021-10-06";"138020";""
"62741";"3399";"PLUi/PLUiS";"CC";"2021-03-24 23:00:00+00:00";"2014-12-17 23:00:00+00:00";"39";"62";"32";"2021";"OUI";"NON";"62741";"";"";"";"2021-10-06";"137441";""
"62742";"3432";"PLU";"CA";"2019-03-13 23:00:00+00:00";"2015-12-03 23:00:00+00:00";"33";"62";"32";"2021";"NON";"NON";"200069029";"";"";"";"2021-10-06";"144004";""
"62743";"3332";"PLUi/PLUiS";"CC";"2016-03-07 23:00:00+00:00";"2012-10-24 22:00:00+00:00";"33";"62";"32";"2021";"OUI";"NON";"62743";"";"";"";"2021-10-06";"115834";""
"62744";"3399";"PLUi/PLUiS";"CU";"2019-12-18 23:00:00+00:00";"2013-03-06 23:00:00+00:00";"39";"62";"32";"2021";"OUI";"NON";"62744";"";"";"";"2021-10-06";"124113";""
"62745";"1432";"CC";"CC";"2017-01-03 23:00:00+00:00";"2012-11-25 23:00:00+00:00";"13";"62";"32";"2021";"NON";"NON";"62745";"";"";"";"2021-10-06";"121658";""
"62746";"3299";"PLUi/PLUiS";"CA";"2017-04-05 22:00:00+00:00";"2011-02-06 23:00:00+00:00";"39";"62";"32";"2021";"NON";"OUI";"62746";"";"";"";"2021-10-06";"97529";""
"62747";"3432";"PLU";"CA";"2012-02-28 23:00:00+00:00";"2008-07-21 22:00:00+00:00";"33";"62";"32";"2021";"NON";"NON";"200072460";"";"";"";"2021-10-06";"43412";""
"62748";"3299";"PLUi/PLUiS";"CC";"2018-09-24 22:00:00+00:00";"2011-12-07 23:00:00+00:00";"39";"62";"32";"2021";"NON";"OUI";"62748";"";"";"";"2021-10-06";"112701";""
"62749";"3332";"PLUi/PLUiS";"CC";"2016-03-07 23:00:00+00:00";"2012-11-20 23:00:00+00:00";"33";"62";"32";"2021";"OUI";"NON";"62749";"";"";"";"2021-10-06";"116088";""
"62750";"3332";"PLUi/PLUiS";"CA";"2008-06-25 22:00:00+00:00";"2002-01-29 23:00:00+00:00";"33";"62";"32";"2021";"OUI";"NON";"200072460";"";"";"";"2021-10-06";"48783";""
"62751";"3232";"PLUi/PLUiS";"CC";"2019-12-03 23:00:00+00:00";"2017-12-12 23:00:00+00:00";"33";"62";"32";"2021";"NON";"OUI";"62751";"";"";"";"2021-10-06";"160978";""
"62752";"3432";"PLU";"CA";"2018-10-10 22:00:00+00:00";"2009-10-09 22:00:00+00:00";"33";"62";"32";"2021";"NON";"NON";"200069029";"";"";"";"2021-10-06";"43417";""
"62753";"3399";"PLUi/PLUiS";"CU";"2019-12-18 23:00:00+00:00";"2013-03-06 23:00:00+00:00";"39";"62";"32";"2021";"OUI";"NON";"62753";"";"";"";"2021-10-06";"124113";""
"62754";"3299";"PLUi/PLUiS";"CC";"2020-03-02 23:00:00+00:00";"2015-06-10 22:00:00+00:00";"39";"62";"32";"2021";"NON";"OUI";"62754";"";"";"";"2021-10-06";"141343";""
"62755";"3299";"PLUi/PLUiS";"CA";"2017-04-05 22:00:00+00:00";"2011-02-06 23:00:00+00:00";"39";"62";"32";"2021";"NON";"OUI";"62755";"";"";"";"2021-10-06";"97529";""
"62756";"3299";"PLUi/PLUiS";"CC";"2018-09-24 22:00:00+00:00";"2011-12-07 23:00:00+00:00";"39";"62";"32";"2021";"NON";"OUI";"62756";"";"";"";"2021-10-06";"112701";""
"62757";"3399";"PLUi/PLUiS";"CA";"2019-06-23 22:00:00+00:00";"2012-04-12 22:00:00+00:00";"39";"62";"32";"2021";"OUI";"NON";"200069037";"";"";"";"2021-10-06";"114259";""
"62758";"3299";"PLUi/PLUiS";"CA";"2017-04-05 22:00:00+00:00";"2011-02-06 23:00:00+00:00";"39";"62";"32";"2021";"NON";"OUI";"62758";"";"";"";"2021-10-06";"97529";""
"62759";"3299";"PLUi/PLUiS";"CC";"2019-11-13 23:00:00+00:00";"2010-12-08 23:00:00+00:00";"39";"62";"32";"2021";"NON";"OUI";"62759";"";"";"";"2021-10-06";"116623";""
"62760";"3399";"PLUi/PLUiS";"CA";"2014-02-27 23:00:00+00:00";"2011-02-24 23:00:00+00:00";"39";"62";"32";"2021";"OUI";"NON";"200069037";"";"";"";"2021-10-06";"106360";""
"62761";"3399";"PLUi/PLUiS";"CU";"2019-12-18 23:00:00+00:00";"2013-03-06 23:00:00+00:00";"39";"62";"32";"2021";"OUI";"NON";"62761";"";"";"";"2021-10-06";"124113";""
"62763";"1499";"CC";"CC";"2011-11-20 23:00:00+00:00";"2008-01-01 23:00:00+00:00";"19";"62";"32";"2021";"NON";"NON";"62763";"";"";"";"2021-10-06";"87292";""
"62764";"3399";"PLUi/PLUiS";"CU";"2019-12-18 23:00:00+00:00";"2013-03-06 23:00:00+00:00";"39";"62";"32";"2021";"OUI";"NON";"62764";"";"";"";"2021-10-06";"124113";""
"62765";"3399";"PLUi/PLUiS";"CA";"2019-06-23 22:00:00+00:00";"2012-04-12 22:00:00+00:00";"39";"62";"32";"2021";"OUI";"NON";"200069037";"";"";"";"2021-10-06";"114259";""
"62766";"3299";"PLUi/PLUiS";"CC";"2018-09-24 22:00:00+00:00";"2011-12-07 23:00:00+00:00";"39";"62";"32";"2021";"NON";"OUI";"62766";"";"";"";"2021-10-06";"112701";""
"62768";"1432";"CC";"CC";"2017-01-03 23:00:00+00:00";"2012-04-02 22:00:00+00:00";"13";"62";"32";"2021";"NON";"NON";"62768";"";"";"";"2021-10-06";"106166";""
"62769";"3399";"PLUi/PLUiS";"CA";"2019-09-25 22:00:00+00:00";"2015-04-01 22:00:00+00:00";"39";"62";"32";"2021";"OUI";"NON";"200090751";"";"";"";"2021-10-06";"173055";""
"62770";"3432";"PLU";"CA";"2003-09-03 22:00:00+00:00";"2000-10-25 22:00:00+00:00";"33";"62";"32";"2021";"NON";"NON";"200072460";"";"";"";"2021-10-06";"45526";""
"62771";"3131";"PLU";"COM";"2009-05-13 22:00:00+00:00";"2006-06-13 22:00:00+00:00";"33";"62";"32";"2021";"NON";"NON";"62771";"";"";"";"2021-10-06";"18498";""
"62772";"3399";"PLUi/PLUiS";"CA";"2019-06-23 22:00:00+00:00";"2012-04-12 22:00:00+00:00";"39";"62";"32";"2021";"OUI";"NON";"200069037";"";"";"";"2021-10-06";"114259";""
"62773";"3299";"PLUi/PLUiS";"CC";"2019-11-13 23:00:00+00:00";"2010-12-08 23:00:00+00:00";"39";"62";"32";"2021";"NON";"OUI";"62773";"";"";"";"2021-10-06";"116623";""
"62774";"3499";"PLU";"CA";"2018-03-28 22:00:00+00:00";"2015-06-29 22:00:00+00:00";"39";"62";"32";"2021";"NON";"NON";"200090751";"";"";"";"2021-10-06";"140467";""
"62775";"3299";"PLUi/PLUiS";"CC";"2019-09-25 22:00:00+00:00";"2015-04-01 22:00:00+00:00";"39";"62";"32";"2021";"NON";"OUI";"200072478";"";"";"";"2021-10-06";"138728";""
"62776";"3299";"PLUi/PLUiS";"CC";"2020-03-02 23:00:00+00:00";"2015-06-10 22:00:00+00:00";"39";"62";"32";"2021";"NON";"OUI";"62776";"";"";"";"2021-10-06";"141343";""
"62777";"3299";"PLUi/PLUiS";"CC";"2020-03-02 23:00:00+00:00";"2015-06-10 22:00:00+00:00";"39";"62";"32";"2021";"NON";"OUI";"62777";"";"";"";"2021-10-06";"141343";""
"62778";"3399";"PLUi/PLUiS";"CC";"2021-03-24 23:00:00+00:00";"2014-12-17 23:00:00+00:00";"39";"62";"32";"2021";"OUI";"NON";"62778";"";"";"";"2021-10-06";"137441";""
"62779";"3399";"PLUi/PLUiS";"CC";"2021-03-24 23:00:00+00:00";"2014-12-17 23:00:00+00:00";"39";"62";"32";"2021";"OUI";"NON";"62779";"";"";"";"2021-10-06";"137441";""
"62782";"3432";"PLU";"CC";"2011-05-19 22:00:00+00:00";"2006-10-16 22:00:00+00:00";"33";"62";"32";"2021";"NON";"NON";"200044048";"";"";"";"2021-10-06";"43502";""
"62784";"3399";"PLUi/PLUiS";"CC";"2021-03-24 23:00:00+00:00";"2014-12-17 23:00:00+00:00";"39";"62";"32";"2021";"OUI";"NON";"62784";"";"";"";"2021-10-06";"137441";""
"62785";"1433";"CC";"CC";"2004-11-25 23:00:00+00:00";"2002-09-26 22:00:00+00:00";"13";"62";"32";"2021";"NON";"NON";"62785";"";"";"";"2021-10-06";"17871";""
"62786";"3299";"PLUi/PLUiS";"CC";"2019-11-13 23:00:00+00:00";"2010-12-08 23:00:00+00:00";"39";"62";"32";"2021";"NON";"OUI";"62786";"";"";"";"2021-10-06";"116623";""
"62787";"1432";"CC";"CC";"2012-04-15 22:00:00+00:00";"2008-05-29 22:00:00+00:00";"13";"62";"32";"2021";"NON";"NON";"62787";"";"";"";"2021-10-06";"37811";""
"62788";"3299";"PLUi/PLUiS";"CC";"2019-09-29 22:00:00+00:00";"2015-02-11 23:00:00+00:00";"39";"62";"32";"2021";"NON";"OUI";"62788";"";"";"";"2021-10-06";"137227";""
"62789";"3299";"PLUi/PLUiS";"CC";"2019-11-13 23:00:00+00:00";"2010-12-08 23:00:00+00:00";"39";"62";"32";"2021";"NON";"OUI";"62789";"";"";"";"2021-10-06";"116623";""
"62791";"1499";"CC";"CC";"2013-06-17 22:00:00+00:00";"2010-04-12 22:00:00+00:00";"19";"62";"32";"2021";"NON";"NON";"62791";"";"";"";"2021-10-06";"45561";""
"62792";"3399";"PLUi/PLUiS";"CA";"2019-06-23 22:00:00+00:00";"2012-04-12 22:00:00+00:00";"39";"62";"32";"2021";"OUI";"NON";"200069037";"";"";"";"2021-10-06";"114259";""
"62793";"3199";"PLU";"COM";"2017-06-29 22:00:00+00:00";"2015-02-18 23:00:00+00:00";"39";"62";"32";"2021";"NON";"NON";"62793";"";"";"";"2021-10-06";"138217";""
"62794";"3299";"PLUi/PLUiS";"CC";"2019-09-29 22:00:00+00:00";"2015-02-11 23:00:00+00:00";"39";"62";"32";"2021";"NON";"OUI";"62794";"";"";"";"2021-10-06";"137227";""
"62795";"1499";"CC";"CC";"2011-11-20 23:00:00+00:00";"2008-01-01 23:00:00+00:00";"19";"62";"32";"2021";"NON";"NON";"62795";"";"";"";"2021-10-06";"87300";""
"62796";"3399";"PLUi/PLUiS";"CC";"2020-12-09 23:00:00+00:00";"2015-06-03 22:00:00+00:00";"39";"62";"32";"2021";"OUI";"NON";"62796";"";"";"";"2021-10-06";"139675";""
"62797";"1499";"CC";"CC";"2007-12-09 23:00:00+00:00";"2005-11-29 23:00:00+00:00";"19";"62";"32";"2021";"NON";"NON";"62797";"";"";"";"2021-10-06";"87322";""
"62798";"3399";"PLUi/PLUiS";"CC";"2021-03-24 23:00:00+00:00";"2014-12-17 23:00:00+00:00";"39";"62";"32";"2021";"OUI";"NON";"62798";"";"";"";"2021-10-06";"137441";""
"62799";"1432";"CC";"CA";"2002-12-05 23:00:00+00:00";"2002-02-20 23:00:00+00:00";"13";"62";"32";"2021";"NON";"NON";"200069029";"";"";"";"2021-10-06";"17875";""
"62800";"3299";"PLUi/PLUiS";"CC";"2020-03-02 23:00:00+00:00";"2015-06-10 22:00:00+00:00";"39";"62";"32";"2021";"NON";"OUI";"62800";"";"";"";"2021-10-06";"141343";""
"62801";"3199";"PLU";"COM";"2018-11-18 23:00:00+00:00";"2014-08-28 22:00:00+00:00";"39";"62";"32";"2021";"NON";"NON";"62801";"";"";"";"2021-10-06";"135745";""
"62802";"3399";"PLUi/PLUiS";"CC";"2021-03-24 23:00:00+00:00";"2014-12-17 23:00:00+00:00";"39";"62";"32";"2021";"OUI";"NON";"62802";"";"";"";"2021-10-06";"137441";""
"62803";"3299";"PLUi/PLUiS";"CC";"2019-09-29 22:00:00+00:00";"2015-02-11 23:00:00+00:00";"39";"62";"32";"2021";"NON";"OUI";"62803";"";"";"";"2021-10-06";"137227";""
"62804";"3399";"PLUi/PLUiS";"CC";"2021-03-24 23:00:00+00:00";"2014-12-17 23:00:00+00:00";"39";"62";"32";"2021";"OUI";"NON";"62804";"";"";"";"2021-10-06";"137441";""
"62806";"3232";"PLUi/PLUiS";"CC";"2019-12-03 23:00:00+00:00";"2017-12-12 23:00:00+00:00";"33";"62";"32";"2021";"NON";"OUI";"62806";"";"";"";"2021-10-06";"160978";""
"62808";"1433";"CC";"CC";"2016-09-15 22:00:00+00:00";"2014-04-24 22:00:00+00:00";"13";"62";"32";"2021";"NON";"NON";"62808";"";"";"";"2021-10-06";"163133";""
"62809";"1499";"CC";"CC";"2011-11-20 23:00:00+00:00";"2008-01-01 23:00:00+00:00";"19";"62";"32";"2021";"NON";"NON";"62809";"";"";"";"2021-10-06";"87307";""
"62810";"3399";"PLUi/PLUiS";"CU";"2019-12-18 23:00:00+00:00";"2013-03-06 23:00:00+00:00";"39";"62";"32";"2021";"OUI";"NON";"62810";"";"";"";"2021-10-06";"124113";""
"62811";"3499";"PLU";"CA";"2018-06-25 22:00:00+00:00";"2014-06-25 22:00:00+00:00";"39";"62";"32";"2021";"NON";"NON";"200069037";"";"";"";"2021-10-06";"138219";""
"62812";"3399";"PLUi/PLUiS";"CA";"2014-02-27 23:00:00+00:00";"2011-02-24 23:00:00+00:00";"39";"62";"32";"2021";"OUI";"NON";"200069037";"";"";"";"2021-10-06";"106360";""
"62814";"3399";"PLUi/PLUiS";"CC";"2021-03-24 23:00:00+00:00";"2014-12-17 23:00:00+00:00";"39";"62";"32";"2021";"OUI";"NON";"62814";"";"";"";"2021-10-06";"137441";""
"62815";"3332";"PLUi/PLUiS";"CA";"2019-04-10 22:00:00+00:00";"2015-05-18 22:00:00+00:00";"33";"62";"32";"2021";"OUI";"NON";"200069029";"";"";"";"2021-10-06";"139232";""
"62817";"3399";"PLUi/PLUiS";"CU";"2019-12-18 23:00:00+00:00";"2013-03-06 23:00:00+00:00";"39";"62";"32";"2021";"OUI";"NON";"62817";"";"";"";"2021-10-06";"124113";""
"62818";"1433";"CC";"CC";"2016-09-15 22:00:00+00:00";"2014-04-24 22:00:00+00:00";"13";"62";"32";"2021";"NON";"NON";"62818";"";"";"";"2021-10-06";"163135";""
"62819";"3399";"PLUi/PLUiS";"CA";"2019-06-23 22:00:00+00:00";"2012-04-12 22:00:00+00:00";"39";"62";"32";"2021";"OUI";"NON";"200069037";"";"";"";"2021-10-06";"114259";""
"62820";"3433";"PLU";"CC";"2003-12-07 23:00:00+00:00";"2001-10-14 22:00:00+00:00";"33";"62";"32";"2021";"NON";"NON";"62820";"";"";"";"2021-10-06";"17877";""
"62821";"3299";"PLUi/PLUiS";"CC";"2019-11-13 23:00:00+00:00";"2010-12-08 23:00:00+00:00";"39";"62";"32";"2021";"NON";"OUI";"62821";"";"";"";"2021-10-06";"116623";""
"62824";"3332";"PLUi/PLUiS";"CC";"2016-03-07 23:00:00+00:00";"2012-10-24 22:00:00+00:00";"33";"62";"32";"2021";"OUI";"NON";"62824";"";"";"";"2021-10-06";"115834";""
"62825";"3432";"PLU";"CC";"2009-03-19 23:00:00+00:00";"2004-10-07 22:00:00+00:00";"33";"62";"32";"2021";"NON";"NON";"200044048";"";"";"";"2021-10-06";"17879";""
"62826";"3432";"PLU";"CA";"2017-06-28 22:00:00+00:00";"2013-12-08 23:00:00+00:00";"33";"62";"32";"2021";"NON";"NON";"200069029";"";"";"";"2021-10-06";"62929";""
"62827";"3399";"PLUi/PLUiS";"CA";"2019-06-23 22:00:00+00:00";"2012-04-12 22:00:00+00:00";"39";"62";"32";"2021";"OUI";"NON";"200069037";"";"";"";"2021-10-06";"114259";""
"62828";"3332";"PLUi/PLUiS";"CC";"2016-03-07 23:00:00+00:00";"2012-11-20 23:00:00+00:00";"33";"62";"32";"2021";"OUI";"NON";"62828";"";"";"";"2021-10-06";"116088";""
"62829";"3299";"PLUi/PLUiS";"CC";"2020-03-02 23:00:00+00:00";"2015-06-10 22:00:00+00:00";"39";"62";"32";"2021";"NON";"OUI";"62829";"";"";"";"2021-10-06";"141343";""
"62830";"3299";"PLUi/PLUiS";"CC";"2020-03-02 23:00:00+00:00";"2015-06-10 22:00:00+00:00";"39";"62";"32";"2021";"NON";"OUI";"62830";"";"";"";"2021-10-06";"141343";""
"62831";"1499";"CC";"CC";"2010-11-30 23:00:00+00:00";"2008-06-04 22:00:00+00:00";"19";"62";"32";"2021";"NON";"NON";"62831";"";"";"";"2021-10-06";"43524";""
"62832";"3432";"PLU";"CA";"2013-09-01 22:00:00+00:00";"2010-07-04 22:00:00+00:00";"33";"62";"32";"2021";"NON";"NON";"200069029";"";"";"";"2021-10-06";"43523";""
"62834";"3332";"PLUi/PLUiS";"CC";"2016-03-07 23:00:00+00:00";"2012-11-20 23:00:00+00:00";"33";"62";"32";"2021";"OUI";"NON";"62834";"";"";"";"2021-10-06";"116088";""
"62835";"1433";"CC";"CC";"2005-06-26 22:00:00+00:00";"2002-09-26 22:00:00+00:00";"13";"62";"32";"2021";"NON";"NON";"62835";"";"";"";"2021-10-06";"17880";""
"62836";"3432";"PLU";"CA";"2012-06-07 22:00:00+00:00";"2008-10-16 22:00:00+00:00";"33";"62";"32";"2021";"NON";"NON";"200072460";"";"";"";"2021-10-06";"45670";""
"62837";"3299";"PLUi/PLUiS";"CC";"2019-09-29 22:00:00+00:00";"2015-02-11 23:00:00+00:00";"39";"62";"32";"2021";"NON";"OUI";"62837";"";"";"";"2021-10-06";"137227";""
"62839";"3299";"PLUi/PLUiS";"CC";"2020-03-02 23:00:00+00:00";"2015-06-10 22:00:00+00:00";"39";"62";"32";"2021";"NON";"OUI";"62839";"";"";"";"2021-10-06";"141343";""
"62840";"3299";"PLUi/PLUiS";"CC";"2020-03-02 23:00:00+00:00";"2015-06-10 22:00:00+00:00";"39";"62";"32";"2021";"NON";"OUI";"62840";"";"";"";"2021-10-06";"141343";""
"62841";"3432";"PLU";"CA";"2007-06-25 22:00:00+00:00";"2004-06-14 22:00:00+00:00";"33";"62";"32";"2021";"NON";"NON";"200072460";"";"";"";"2021-10-06";"45674";""
"62842";"3131";"PLU";"COM";"2006-02-26 23:00:00+00:00";"2001-10-30 23:00:00+00:00";"33";"62";"32";"2021";"NON";"NON";"62842";"";"";"";"2021-10-06";"161181";""
"62844";"3433";"PLU";"CC";"2013-12-18 23:00:00+00:00";"2009-02-26 23:00:00+00:00";"33";"62";"32";"2021";"NON";"NON";"200069235";"";"";"";"2021-10-06";"43533";""
"62845";"3299";"PLUi/PLUiS";"CC";"2019-11-13 23:00:00+00:00";"2010-12-08 23:00:00+00:00";"39";"62";"32";"2021";"NON";"OUI";"62845";"";"";"";"2021-10-06";"116623";""
"62846";"3332";"PLUi/PLUiS";"CA";"2006-06-28 22:00:00+00:00";"2000-11-07 23:00:00+00:00";"33";"62";"32";"2021";"OUI";"NON";"200072460";"";"";"";"2021-10-06";"48772";""
"62847";"3432";"PLU";"CA";"2013-06-27 22:00:00+00:00";"2009-12-27 23:00:00+00:00";"33";"62";"32";"2021";"NON";"NON";"200072460";"";"";"";"2021-10-06";"97833";""
"62848";"3432";"PLU";"CA";"2013-06-06 22:00:00+00:00";"2009-03-26 23:00:00+00:00";"33";"62";"32";"2021";"NON";"NON";"200072460";"";"";"";"2021-10-06";"94526";""
"62849";"3332";"PLUi/PLUiS";"CA";"2019-04-10 22:00:00+00:00";"2015-05-18 22:00:00+00:00";"33";"62";"32";"2021";"OUI";"NON";"200069029";"";"";"";"2021-10-06";"139232";""
"62850";"3332";"PLUi/PLUiS";"CC";"2016-03-07 23:00:00+00:00";"2012-11-20 23:00:00+00:00";"33";"62";"32";"2021";"OUI";"NON";"62850";"";"";"";"2021-10-06";"116088";""
"62851";"3432";"PLU";"CA";"2013-03-24 23:00:00+00:00";"2009-12-20 23:00:00+00:00";"33";"62";"32";"2021";"NON";"NON";"200072460";"";"";"";"2021-10-06";"45869";""
"62852";"3299";"PLUi/PLUiS";"CC";"2018-09-24 22:00:00+00:00";"2011-12-07 23:00:00+00:00";"39";"62";"32";"2021";"NON";"OUI";"62852";"";"";"";"2021-10-06";"112701";""
"62853";"3299";"PLUi/PLUiS";"CC";"2019-11-13 23:00:00+00:00";"2010-12-08 23:00:00+00:00";"39";"62";"32";"2021";"NON";"OUI";"62853";"";"";"";"2021-10-06";"116623";""
"62854";"3199";"PLU";"COM";"2009-06-04 22:00:00+00:00";"2005-04-28 22:00:00+00:00";"39";"62";"32";"2021";"NON";"NON";"62854";"";"";"";"2021-10-06";"37825";""
"62855";"3299";"PLUi/PLUiS";"CC";"2020-03-02 23:00:00+00:00";"2015-06-10 22:00:00+00:00";"39";"62";"32";"2021";"NON";"OUI";"62855";"";"";"";"2021-10-06";"141343";""
"62856";"1433";"CC";"CC";"2007-12-02 23:00:00+00:00";"2003-03-07 23:00:00+00:00";"13";"62";"32";"2021";"NON";"NON";"62856";"";"";"";"2021-10-06";"14449";""
"62858";"3432";"PLU";"CC";"2012-09-20 22:00:00+00:00";"2009-02-19 23:00:00+00:00";"33";"62";"32";"2021";"NON";"NON";"200044048";"";"";"";"2021-10-06";"37826";""
"62860";"1433";"CC";"CC";"2012-06-12 22:00:00+00:00";"2010-10-21 22:00:00+00:00";"13";"62";"32";"2021";"NON";"NON";"62860";"";"";"";"2021-10-06";"67173";""
"62861";"3199";"PLU";"COM";"2017-07-11 22:00:00+00:00";"2014-09-23 22:00:00+00:00";"39";"62";"32";"2021";"NON";"NON";"62861";"";"";"";"2021-10-06";"135741";""
"62863";"3332";"PLUi/PLUiS";"CA";"2006-06-28 22:00:00+00:00";"2000-11-07 23:00:00+00:00";"33";"62";"32";"2021";"OUI";"NON";"200072460";"";"";"";"2021-10-06";"48772";""
"62865";"3432";"PLU";"CC";"2014-02-27 23:00:00+00:00";"2007-12-03 23:00:00+00:00";"33";"62";"32";"2021";"NON";"NON";"200044048";"";"";"";"2021-10-06";"45702";""
"62866";"3332";"PLUi/PLUiS";"CA";"2019-04-10 22:00:00+00:00";"2015-05-18 22:00:00+00:00";"33";"62";"32";"2021";"OUI";"NON";"200069029";"";"";"";"2021-10-06";"139232";""
"62867";"3232";"PLUi/PLUiS";"CC";"2019-12-03 23:00:00+00:00";"2017-12-12 23:00:00+00:00";"33";"62";"32";"2021";"NON";"OUI";"62867";"";"";"";"2021-10-06";"160978";""
"62868";"3332";"PLUi/PLUiS";"CC";"2016-03-07 23:00:00+00:00";"2012-11-20 23:00:00+00:00";"33";"62";"32";"2021";"OUI";"NON";"62868";"";"";"";"2021-10-06";"116088";""
"62869";"3399";"PLUi/PLUiS";"CU";"2019-12-18 23:00:00+00:00";"2013-03-06 23:00:00+00:00";"39";"62";"32";"2021";"OUI";"NON";"62869";"";"";"";"2021-10-06";"124113";""
"62870";"3432";"PLU";"CA";"2007-07-24 22:00:00+00:00";"2002-06-10 22:00:00+00:00";"33";"62";"32";"2021";"NON";"NON";"200069029";"";"";"";"2021-10-06";"17707";""
"62871";"3332";"PLUi/PLUiS";"CC";"2016-03-07 23:00:00+00:00";"2012-10-24 22:00:00+00:00";"33";"62";"32";"2021";"OUI";"NON";"62871";"";"";"";"2021-10-06";"115834";""
"62872";"3332";"PLUi/PLUiS";"CC";"2016-03-07 23:00:00+00:00";"2012-10-24 22:00:00+00:00";"33";"62";"32";"2021";"OUI";"NON";"62872";"";"";"";"2021-10-06";"115834";""
"62873";"3399";"PLUi/PLUiS";"CU";"2019-12-18 23:00:00+00:00";"2013-03-06 23:00:00+00:00";"39";"62";"32";"2021";"OUI";"NON";"62873";"";"";"";"2021-10-06";"124113";""
"62874";"3399";"PLUi/PLUiS";"CC";"2020-12-09 23:00:00+00:00";"2015-06-03 22:00:00+00:00";"39";"62";"32";"2021";"OUI";"NON";"62874";"";"";"";"2021-10-06";"139675";""
"62875";"3399";"PLUi/PLUiS";"CA";"2019-06-23 22:00:00+00:00";"2012-04-12 22:00:00+00:00";"39";"62";"32";"2021";"OUI";"NON";"200069037";"";"";"";"2021-10-06";"114259";""
"62876";"3299";"PLUi/PLUiS";"CC";"2020-03-02 23:00:00+00:00";"2015-06-10 22:00:00+00:00";"39";"62";"32";"2021";"NON";"OUI";"62876";"";"";"";"2021-10-06";"141343";""
"62877";"3399";"PLUi/PLUiS";"CC";"2021-03-24 23:00:00+00:00";"2014-12-17 23:00:00+00:00";"39";"62";"32";"2021";"OUI";"NON";"62877";"";"";"";"2021-10-06";"137441";""
"62878";"3399";"PLUi/PLUiS";"CC";"2020-12-09 23:00:00+00:00";"2015-06-03 22:00:00+00:00";"39";"62";"32";"2021";"OUI";"NON";"62878";"";"";"";"2021-10-06";"139675";""
"62879";"3399";"PLUi/PLUiS";"CC";"2021-03-24 23:00:00+00:00";"2014-12-17 23:00:00+00:00";"39";"62";"32";"2021";"OUI";"NON";"62879";"";"";"";"2021-10-06";"137441";""
"62880";"3299";"PLUi/PLUiS";"CC";"2019-11-13 23:00:00+00:00";"2010-12-08 23:00:00+00:00";"39";"62";"32";"2021";"NON";"OUI";"62880";"";"";"";"2021-10-06";"116623";""
"62882";"3299";"PLUi/PLUiS";"CC";"2019-09-29 22:00:00+00:00";"2015-02-11 23:00:00+00:00";"39";"62";"32";"2021";"NON";"OUI";"62882";"";"";"";"2021-10-06";"137227";""
"62883";"1499";"CC";"CC";"2013-06-13 22:00:00+00:00";"2010-06-21 22:00:00+00:00";"19";"62";"32";"2021";"NON";"NON";"62883";"";"";"";"2021-10-06";"118314";""
"62885";"1432";"CC";"CA";"2013-05-20 22:00:00+00:00";"2010-11-07 23:00:00+00:00";"13";"62";"32";"2021";"NON";"NON";"200072460";"";"";"";"2021-10-06";"50351";""
"62886";"1433";"CC";"CC";"2010-10-27 22:00:00+00:00";"2007-04-09 22:00:00+00:00";"13";"62";"32";"2021";"NON";"NON";"200069235";"";"";"";"2021-10-06";"37827";""
"62887";"3432";"PLU";"CA";"2013-06-28 22:00:00+00:00";"2006-12-19 23:00:00+00:00";"33";"62";"32";"2021";"NON";"NON";"200069029";"";"";"";"2021-10-06";"45710";""
"62888";"3299";"PLUi/PLUiS";"CC";"2019-11-13 23:00:00+00:00";"2010-12-08 23:00:00+00:00";"39";"62";"32";"2021";"NON";"OUI";"62888";"";"";"";"2021-10-06";"116623";""
"62889";"3232";"PLUi/PLUiS";"CC";"2019-12-03 23:00:00+00:00";"2017-12-12 23:00:00+00:00";"33";"62";"32";"2021";"NON";"OUI";"62889";"";"";"";"2021-10-06";"160978";""
"62890";"3332";"PLUi/PLUiS";"CC";"2016-03-07 23:00:00+00:00";"2012-11-20 23:00:00+00:00";"33";"62";"32";"2021";"OUI";"NON";"62890";"";"";"";"2021-10-06";"116088";""
"62892";"3399";"PLUi/PLUiS";"CU";"2019-12-18 23:00:00+00:00";"2013-03-06 23:00:00+00:00";"39";"62";"32";"2021";"OUI";"NON";"62892";"";"";"";"2021-10-06";"124113";""
"62893";"3299";"PLUi/PLUiS";"CA";"2017-04-05 22:00:00+00:00";"2011-02-06 23:00:00+00:00";"39";"62";"32";"2021";"NON";"OUI";"62893";"";"";"";"2021-10-06";"97529";""
"62894";"3299";"PLUi/PLUiS";"CA";"2017-04-05 22:00:00+00:00";"2011-02-06 23:00:00+00:00";"39";"62";"32";"2021";"NON";"OUI";"62894";"";"";"";"2021-10-06";"97529";""
"62895";"3199";"PLU";"COM";"2006-03-29 22:00:00+00:00";"2002-03-28 23:00:00+00:00";"39";"62";"32";"2021";"NON";"NON";"62895";"";"";"";"2021-10-06";"17713";""
"62896";"3299";"PLUi/PLUiS";"CC";"2019-11-13 23:00:00+00:00";"2010-12-08 23:00:00+00:00";"39";"62";"32";"2021";"NON";"OUI";"62896";"";"";"";"2021-10-06";"116623";""
"62897";"3299";"PLUi/PLUiS";"CC";"2019-09-29 22:00:00+00:00";"2015-02-11 23:00:00+00:00";"39";"62";"32";"2021";"NON";"OUI";"62897";"";"";"";"2021-10-06";"137227";""
"62898";"3299";"PLUi/PLUiS";"CC";"2019-09-29 22:00:00+00:00";"2015-02-11 23:00:00+00:00";"39";"62";"32";"2021";"NON";"OUI";"62898";"";"";"";"2021-10-06";"137227";""
"62899";"3232";"PLUi/PLUiS";"CC";"2019-12-03 23:00:00+00:00";"2017-12-12 23:00:00+00:00";"33";"62";"32";"2021";"NON";"OUI";"62899";"";"";"";"2021-10-06";"160978";""
"62900";"3332";"PLUi/PLUiS";"CA";"2008-06-25 22:00:00+00:00";"2002-01-29 23:00:00+00:00";"33";"62";"32";"2021";"OUI";"NON";"200072460";"";"";"";"2021-10-06";"48783";""
"62901";"1499";"CC";"CA";"2004-03-07 23:00:00+00:00";"2002-05-16 22:00:00+00:00";"19";"62";"32";"2021";"NON";"NON";"200069037";"";"";"";"2021-10-06";"17882";""
"62902";"3399";"PLUi/PLUiS";"CA";"2019-06-23 22:00:00+00:00";"2012-04-12 22:00:00+00:00";"39";"62";"32";"2021";"OUI";"NON";"200069037";"";"";"";"2021-10-06";"114259";""
"62903";"1433";"CC";"CC";"2013-06-10 22:00:00+00:00";"2009-05-05 22:00:00+00:00";"13";"62";"32";"2021";"NON";"NON";"200069235";"";"";"";"2021-10-06";"43561";""
"62904";"3399";"PLUi/PLUiS";"CA";"2019-06-23 22:00:00+00:00";"2012-04-12 22:00:00+00:00";"39";"62";"32";"2021";"OUI";"NON";"200069037";"";"";"";"2021-10-06";"114259";""
"62905";"3299";"PLUi/PLUiS";"CC";"2019-09-29 22:00:00+00:00";"2015-02-11 23:00:00+00:00";"39";"62";"32";"2021";"NON";"OUI";"62905";"";"";"";"2021-10-06";"137227";""
"62906";"3299";"PLUi/PLUiS";"CC";"2018-09-24 22:00:00+00:00";"2011-12-07 23:00:00+00:00";"39";"62";"32";"2021";"NON";"OUI";"62906";"";"";"";"2021-10-06";"112701";""
"62907";"3199";"PLU";"COM";"2005-06-21 22:00:00+00:00";"1998-11-16 23:00:00+00:00";"39";"62";"32";"2021";"NON";"NON";"62907";"";"";"";"2021-10-06";"45728";""
"62908";"3299";"PLUi/PLUiS";"CA";"2017-04-05 22:00:00+00:00";"2011-02-06 23:00:00+00:00";"39";"62";"32";"2021";"NON";"OUI";"62908";"";"";"";"2021-10-06";"97529";""
"62909";"3299";"PLUi/PLUiS";"CC";"2020-03-02 23:00:00+00:00";"2015-06-10 22:00:00+00:00";"39";"62";"32";"2021";"NON";"OUI";"62909";"";"";"";"2021-10-06";"141343";""
"63001";"3432";"PLU";"CC";"2007-06-21 22:00:00+00:00";"1995-09-08 22:00:00+00:00";"33";"63";"84";"2021";"NON";"NON";"200071199";"";"";"";"2021-10-06";"22726";""
"63003";"3499";"PLU";"CC";"2021-03-10 23:00:00+00:00";"2018-02-07 23:00:00+00:00";"39";"63";"84";"2021";"NON";"NON";"200070761";"";"";"";"2021-10-06";"161988";""
"63004";"3199";"PLU";"COM";"2017-12-18 23:00:00+00:00";"2008-11-20 23:00:00+00:00";"39";"63";"84";"2021";"NON";"NON";"63004";"";"";"";"2021-10-06";"35860";""
"63008";"3199";"PLU";"COM";"2012-08-26 22:00:00+00:00";"2007-01-28 23:00:00+00:00";"39";"63";"84";"2021";"NON";"NON";"63008";"";"";"";"2021-10-06";"25821";""
"63010";"3499";"PLU";"CC";"2004-05-09 22:00:00+00:00";"2003-02-24 23:00:00+00:00";"39";"63";"84";"2021";"NON";"NON";"200070761";"";"";"";"2021-10-06";"25831";""
"63012";"3432";"PLU";"CC";"2020-02-23 23:00:00+00:00";"2014-09-28 22:00:00+00:00";"33";"63";"84";"2021";"NON";"NON";"200071199";"";"";"";"2021-10-06";"130909";""
"63013";"3432";"PLU";"CC";"2013-06-09 22:00:00+00:00";"2009-11-01 23:00:00+00:00";"33";"63";"84";"2021";"NON";"NON";"200071199";"";"";"";"2021-10-06";"40882";""
"63014";"3432";"PLU";"MET";"2018-11-15 23:00:00+00:00";"2014-09-24 22:00:00+00:00";"33";"63";"84";"2021";"NON";"NON";"63014";"";"";"";"2021-10-06";"132521";""
"63015";"3199";"PLU";"COM";"2016-01-20 23:00:00+00:00";"2006-09-11 22:00:00+00:00";"39";"63";"84";"2021";"NON";"NON";"63015";"";"";"";"2021-10-06";"25856";""
"63016";"3199";"PLU";"COM";"2008-09-30 22:00:00+00:00";"2004-03-30 22:00:00+00:00";"39";"63";"84";"2021";"NON";"NON";"63016";"";"";"";"2021-10-06";"25873";""
"63019";"3432";"PLU";"MET";"2014-06-30 22:00:00+00:00";"2008-06-24 22:00:00+00:00";"33";"63";"84";"2021";"NON";"NON";"63019";"";"";"";"2021-10-06";"35679";""
"63020";"1199";"CC";"COM";"2005-09-27 22:00:00+00:00";"2003-12-18 23:00:00+00:00";"19";"63";"84";"2021";"NON";"NON";"63020";"";"";"";"2021-10-06";"21691";""
"63022";"3499";"PLU";"CA";"2021-06-28 22:00:00+00:00";"2015-03-25 23:00:00+00:00";"39";"63";"84";"2021";"NON";"NON";"200070407";"";"";"";"2021-10-06";"138512";""
"63023";"3399";"PLUi/PLUiS";"CC";"2016-06-22 22:00:00+00:00";"2009-04-29 22:00:00+00:00";"39";"63";"84";"2021";"OUI";"NON";"200070761";"";"";"";"2021-10-06";"92023";""
"63026";"3432";"PLU";"CC";"2018-09-26 22:00:00+00:00";"2012-02-22 23:00:00+00:00";"33";"63";"84";"2021";"NON";"NON";"200069177";"";"";"";"2021-10-06";"162930";""
"63027";"3399";"PLUi/PLUiS";"CC";"2016-04-26 22:00:00+00:00";"2011-02-07 23:00:00+00:00";"39";"63";"84";"2021";"OUI";"NON";"200070761";"";"";"";"2021-10-06";"79974";""
"63029";"1499";"CC";"CA";"2014-03-26 23:00:00+00:00";"2011-06-15 22:00:00+00:00";"19";"63";"84";"2021";"NON";"NON";"200070407";"";"";"";"2021-10-06";"77701";""
"63032";"3432";"PLU";"MET";"2005-12-20 23:00:00+00:00";"2001-11-05 23:00:00+00:00";"33";"63";"84";"2021";"NON";"NON";"63032";"";"";"";"2021-10-06";"575";""
"63033";"3432";"PLU";"CC";"2010-06-10 22:00:00+00:00";"2008-06-19 22:00:00+00:00";"33";"63";"84";"2021";"NON";"NON";"200071199";"";"";"";"2021-10-06";"35525";""
"63034";"3299";"PLUi/PLUiS";"CC";"2019-10-20 22:00:00+00:00";"2015-12-13 23:00:00+00:00";"39";"63";"84";"2021";"NON";"OUI";"200067627";"";"";"";"2021-10-06";"128300";""
"63035";"3199";"PLU";"COM";"2017-12-10 23:00:00+00:00";"2013-06-11 22:00:00+00:00";"39";"63";"84";"2021";"NON";"NON";"63035";"";"";"";"2021-10-06";"121885";""
"63038";"3199";"PLU";"COM";"2020-07-01 22:00:00+00:00";"2012-11-28 23:00:00+00:00";"39";"63";"84";"2021";"NON";"NON";"63038";"";"";"";"2021-10-06";"116056";""
"63040";"3299";"PLUi/PLUiS";"CC";"2019-10-20 22:00:00+00:00";"2015-12-13 23:00:00+00:00";"39";"63";"84";"2021";"NON";"OUI";"200067627";"";"";"";"2021-10-06";"128300";""
"63042";"3432";"PLU";"MET";"2008-04-13 22:00:00+00:00";"2003-06-25 22:00:00+00:00";"33";"63";"84";"2021";"NON";"NON";"63042";"";"";"";"2021-10-06";"25295";""
"63043";"1199";"CC";"COM";"2007-02-13 23:00:00+00:00";"2004-10-10 22:00:00+00:00";"19";"63";"84";"2021";"NON";"NON";"63043";"";"";"";"2021-10-06";"13466";""
"63044";"3299";"PLUi/PLUiS";"CC";"2019-10-20 22:00:00+00:00";"2015-12-13 23:00:00+00:00";"39";"63";"84";"2021";"NON";"OUI";"200067627";"";"";"";"2021-10-06";"128300";""
"63045";"3499";"PLU";"CC";"2013-11-27 23:00:00+00:00";"2009-03-30 22:00:00+00:00";"39";"63";"84";"2021";"NON";"NON";"63045";"";"";"";"2021-10-06";"38434";""
"63049";"3299";"PLUi/PLUiS";"CC";"2019-10-20 22:00:00+00:00";"2015-12-13 23:00:00+00:00";"39";"63";"84";"2021";"NON";"OUI";"200067627";"";"";"";"2021-10-06";"128300";""
"63050";"3499";"PLU";"CA";"2004-08-23 22:00:00+00:00";"2000-07-06 22:00:00+00:00";"39";"63";"84";"2021";"NON";"NON";"200070407";"";"";"";"2021-10-06";"22097";""
"63051";"3399";"PLUi/PLUiS";"CA";"2019-12-11 23:00:00+00:00";"2015-10-18 22:00:00+00:00";"39";"63";"84";"2021";"OUI";"NON";"200070407";"";"";"";"2021-10-06";"142615";""
"63052";"3499";"PLU";"CA";"2003-10-09 22:00:00+00:00";"1998-04-29 22:00:00+00:00";"39";"63";"84";"2021";"NON";"NON";"200070407";"";"";"";"2021-10-06";"22031";""
"63054";"3499";"PLU";"CA";"2006-08-24 22:00:00+00:00";"2003-08-17 22:00:00+00:00";"39";"63";"84";"2021";"NON";"NON";"200070407";"";"";"";"2021-10-06";"22036";""
"63055";"3199";"PLU";"COM";"2010-11-03 23:00:00+00:00";"2008-10-16 22:00:00+00:00";"39";"63";"84";"2021";"NON";"NON";"63055";"";"";"";"2021-10-06";"37626";""
"63056";"3399";"PLUi/PLUiS";"CC";"2016-06-22 22:00:00+00:00";"2009-04-29 22:00:00+00:00";"39";"63";"84";"2021";"OUI";"NON";"200070761";"";"";"";"2021-10-06";"92023";""
"63057";"3399";"PLUi/PLUiS";"CC";"2012-10-14 22:00:00+00:00";"2006-09-17 22:00:00+00:00";"39";"63";"84";"2021";"OUI";"NON";"200070761";"";"";"";"2021-10-06";"48684";""
"63058";"3499";"PLU";"CC";"2019-06-13 22:00:00+00:00";"2013-06-03 22:00:00+00:00";"39";"63";"84";"2021";"NON";"NON";"63058";"";"";"";"2021-10-06";"121793";""
"63061";"1432";"CC";"CC";"2005-11-24 23:00:00+00:00";"2002-04-03 22:00:00+00:00";"13";"63";"84";"2021";"NON";"NON";"200071199";"";"";"";"2021-10-06";"22748";""
"63063";"3432";"PLU";"MET";"2019-12-19 23:00:00+00:00";"2016-01-14 23:00:00+00:00";"33";"63";"84";"2021";"NON";"NON";"63063";"";"";"";"2021-10-06";"152010";""
"63065";"3399";"PLUi/PLUiS";"CC";"2016-06-22 22:00:00+00:00";"2009-04-29 22:00:00+00:00";"39";"63";"84";"2021";"OUI";"NON";"200070761";"";"";"";"2021-10-06";"92023";""
"63066";"3131";"PLU";"COM";"2008-04-03 22:00:00+00:00";"2006-05-18 22:00:00+00:00";"33";"63";"84";"2021";"NON";"NON";"63066";"";"";"";"2021-10-06";"25903";""
"63069";"3432";"PLU";"MET";"2005-12-13 23:00:00+00:00";"2003-06-25 22:00:00+00:00";"33";"63";"84";"2021";"NON";"NON";"63069";"";"";"";"2021-10-06";"25657";""
"63070";"3432";"PLU";"MET";"2005-06-21 22:00:00+00:00";"2001-06-26 22:00:00+00:00";"33";"63";"84";"2021";"NON";"NON";"63070";"";"";"";"2021-10-06";"25311";""
"63071";"3199";"PLU";"COM";"2020-03-02 23:00:00+00:00";"2015-02-23 23:00:00+00:00";"39";"63";"84";"2021";"NON";"NON";"63071";"";"";"";"2021-10-06";"137239";""
"63072";"3199";"PLU";"COM";"2007-03-15 23:00:00+00:00";"2003-07-09 22:00:00+00:00";"39";"63";"84";"2021";"NON";"NON";"63072";"";"";"";"2021-10-06";"25911";""
"63073";"1499";"CC";"CA";"2004-04-25 22:00:00+00:00";"2001-07-21 22:00:00+00:00";"19";"63";"84";"2021";"NON";"NON";"200070407";"";"";"";"2021-10-06";"22054";""
"63075";"3432";"PLU";"MET";"2011-09-28 22:00:00+00:00";"2007-09-29 22:00:00+00:00";"33";"63";"84";"2021";"NON";"NON";"63075";"";"";"";"2021-10-06";"25334";""
"63080";"3499";"PLU";"CA";"2019-06-19 22:00:00+00:00";"2009-07-06 22:00:00+00:00";"39";"63";"84";"2021";"NON";"NON";"200070407";"";"";"";"2021-10-06";"39286";""
"63082";"1199";"CC";"COM";"2015-02-02 23:00:00+00:00";"2011-03-10 23:00:00+00:00";"19";"63";"84";"2021";"NON";"NON";"63082";"";"";"";"2021-10-06";"48041";""
"63083";"3432";"PLU";"CA";"2018-10-22 22:00:00+00:00";"2014-10-13 22:00:00+00:00";"33";"63";"84";"2021";"NON";"NON";"200070753";"";"";"";"2021-10-06";"132978";""
"63084";"3432";"PLU";"CC";"2013-07-29 22:00:00+00:00";"2009-09-21 22:00:00+00:00";"33";"63";"84";"2021";"NON";"NON";"200069177";"";"";"";"2021-10-06";"39799";""
"63085";"1199";"CC";"COM";"2010-10-17 22:00:00+00:00";"2008-09-10 22:00:00+00:00";"19";"63";"84";"2021";"NON";"NON";"63085";"";"";"";"2021-10-06";"35961";""
"63086";"3399";"PLUi/PLUiS";"CC";"2016-06-22 22:00:00+00:00";"2009-04-29 22:00:00+00:00";"39";"63";"84";"2021";"OUI";"NON";"200070761";"";"";"";"2021-10-06";"92023";""
"63089";"3332";"PLUi/PLUiS";"CA";"2019-06-03 22:00:00+00:00";"2015-05-18 22:00:00+00:00";"33";"63";"84";"2021";"OUI";"NON";"200070753";"";"";"";"2021-10-06";"139026";""
"63090";"1432";"CC";"CC";"2011-05-05 22:00:00+00:00";"2008-04-10 22:00:00+00:00";"13";"63";"84";"2021";"NON";"NON";"200071199";"";"";"";"2021-10-06";"36160";""
"63091";"3499";"PLU";"CA";"2008-05-15 22:00:00+00:00";"2004-03-31 22:00:00+00:00";"39";"63";"84";"2021";"NON";"NON";"200070407";"";"";"";"2021-10-06";"22115";""
"63092";"3432";"PLU";"CA";"2019-07-08 22:00:00+00:00";"2014-10-15 22:00:00+00:00";"33";"63";"84";"2021";"NON";"NON";"200070753";"";"";"";"2021-10-06";"133800";""
"63093";"3199";"PLU";"COM";"2014-04-24 22:00:00+00:00";"2011-06-16 22:00:00+00:00";"39";"63";"84";"2021";"NON";"NON";"63093";"";"";"";"2021-10-06";"116284";""
"63094";"1199";"CC";"COM";"2021-02-15 23:00:00+00:00";"2014-05-06 22:00:00+00:00";"19";"63";"84";"2021";"NON";"NON";"63094";"";"";"";"2021-10-06";"130186";""
"63096";"3299";"PLUi/PLUiS";"CC";"2019-10-20 22:00:00+00:00";"2015-12-13 23:00:00+00:00";"39";"63";"84";"2021";"NON";"OUI";"200067627";"";"";"";"2021-10-06";"128300";""
"63098";"3199";"PLU";"COM";"2019-08-08 22:00:00+00:00";"2015-02-03 23:00:00+00:00";"39";"63";"84";"2021";"NON";"NON";"63098";"";"";"";"2021-10-06";"137241";""
"63099";"3432";"PLU";"MET";"2008-07-02 22:00:00+00:00";"2003-03-21 23:00:00+00:00";"33";"63";"84";"2021";"NON";"NON";"63099";"";"";"";"2021-10-06";"33485";""
"63102";"3199";"PLU";"COM";"2017-09-19 22:00:00+00:00";"2011-03-30 22:00:00+00:00";"39";"63";"84";"2021";"NON";"NON";"63102";"";"";"";"2021-10-06";"78514";""
"63103";"3432";"PLU";"CA";"2011-12-19 23:00:00+00:00";"2008-12-15 23:00:00+00:00";"33";"63";"84";"2021";"NON";"NON";"200070753";"";"";"";"2021-10-06";"24485";""
"63104";"3399";"PLUi/PLUiS";"CC";"2016-04-26 22:00:00+00:00";"2011-02-07 23:00:00+00:00";"39";"63";"84";"2021";"OUI";"NON";"200070761";"";"";"";"2021-10-06";"79974";""
"63106";"3299";"PLUi/PLUiS";"CC";"2019-10-20 22:00:00+00:00";"2015-12-13 23:00:00+00:00";"39";"63";"84";"2021";"NON";"OUI";"200067627";"";"";"";"2021-10-06";"128300";""
"63107";"3332";"PLUi/PLUiS";"CA";"2019-06-03 22:00:00+00:00";"2015-05-18 22:00:00+00:00";"33";"63";"84";"2021";"OUI";"NON";"200070753";"";"";"";"2021-10-06";"139026";""
"63108";"3432";"PLU";"CA";"2008-04-13 22:00:00+00:00";"2003-11-30 23:00:00+00:00";"33";"63";"84";"2021";"NON";"NON";"200070753";"";"";"";"2021-10-06";"24136";""
"63109";"3499";"PLU";"CA";"2018-02-28 23:00:00+00:00";"2014-10-23 22:00:00+00:00";"39";"63";"84";"2021";"NON";"NON";"200070407";"";"";"";"2021-10-06";"132922";""
"63112";"3332";"PLUi/PLUiS";"CA";"2019-06-03 22:00:00+00:00";"2015-05-18 22:00:00+00:00";"33";"63";"84";"2021";"OUI";"NON";"200070753";"";"";"";"2021-10-06";"139026";""
"63113";"3432";"PLU";"MET";"2016-11-03 23:00:00+00:00";"2011-06-23 22:00:00+00:00";"33";"63";"84";"2021";"NON";"NON";"63113";"";"";"";"2021-10-06";"106105";""
"63116";"3131";"PLU";"COM";"2015-10-27 23:00:00+00:00";"2012-02-28 23:00:00+00:00";"33";"63";"84";"2021";"NON";"NON";"63116";"";"";"";"2021-10-06";"120410";""
"63120";"3432";"PLU";"CC";"2016-09-15 22:00:00+00:00";"2013-03-21 23:00:00+00:00";"33";"63";"84";"2021";"NON";"NON";"200069177";"";"";"";"2021-10-06";"121067";""
"63121";"3499";"PLU";"CA";"2020-02-17 23:00:00+00:00";"2014-11-26 23:00:00+00:00";"39";"63";"84";"2021";"NON";"NON";"200070407";"";"";"";"2021-10-06";"132921";""
"63123";"3432";"PLU";"CC";"2005-07-05 22:00:00+00:00";"2002-06-07 22:00:00+00:00";"33";"63";"84";"2021";"NON";"NON";"200069177";"";"";"";"2021-10-06";"24142";""
"63124";"3432";"PLU";"MET";"2018-06-28 22:00:00+00:00";"2013-11-06 23:00:00+00:00";"33";"63";"84";"2021";"NON";"NON";"63124";"";"";"";"2021-10-06";"125564";""
"63125";"3199";"PLU";"COM";"2010-06-29 22:00:00+00:00";"2002-12-19 23:00:00+00:00";"39";"63";"84";"2021";"NON";"NON";"63125";"";"";"";"2021-10-06";"25949";""
"63126";"3432";"PLU";"CC";"2015-01-27 23:00:00+00:00";"2009-01-29 23:00:00+00:00";"33";"63";"84";"2021";"NON";"NON";"200069177";"";"";"";"2021-10-06";"39572";""
"63128";"3499";"PLU";"CC";"2007-07-30 22:00:00+00:00";"2005-03-29 22:00:00+00:00";"39";"63";"84";"2021";"NON";"NON";"63128";"";"";"";"2021-10-06";"25985";""
"63129";"1131";"CC";"COM";"2018-07-02 22:00:00+00:00";"2009-01-23 23:00:00+00:00";"13";"63";"84";"2021";"NON";"NON";"63129";"";"";"";"2021-10-06";"37454";""
"63131";"3499";"PLU";"CC";"2007-09-21 22:00:00+00:00";"2003-09-21 22:00:00+00:00";"39";"63";"84";"2021";"NON";"NON";"63131";"";"";"";"2021-10-06";"25984";""
"63132";"3399";"PLUi/PLUiS";"CC";"2016-06-22 22:00:00+00:00";"2009-04-29 22:00:00+00:00";"39";"63";"84";"2021";"OUI";"NON";"200070761";"";"";"";"2021-10-06";"92023";""
"63135";"3199";"PLU";"COM";"2020-02-23 23:00:00+00:00";"2015-03-22 23:00:00+00:00";"39";"63";"84";"2021";"NON";"NON";"63135";"";"";"";"2021-10-06";"140743";""
"63136";"3399";"PLUi/PLUiS";"CC";"2016-06-22 22:00:00+00:00";"2009-04-29 22:00:00+00:00";"39";"63";"84";"2021";"OUI";"NON";"200070761";"";"";"";"2021-10-06";"92023";""
"63138";"3199";"PLU";"COM";"2012-04-09 22:00:00+00:00";"2006-06-26 22:00:00+00:00";"39";"63";"84";"2021";"NON";"NON";"63138";"";"";"";"2021-10-06";"25998";""
"63141";"3432";"PLU";"MET";"2019-02-14 23:00:00+00:00";"2011-09-29 22:00:00+00:00";"33";"63";"84";"2021";"NON";"NON";"63141";"";"";"";"2021-10-06";"115280";""
"63143";"1432";"CC";"CC";"2005-07-20 22:00:00+00:00";"2002-05-30 22:00:00+00:00";"13";"63";"84";"2021";"NON";"NON";"200071199";"";"";"";"2021-10-06";"22966";""
"63144";"3199";"PLU";"COM";"2014-03-14 23:00:00+00:00";"2009-03-27 23:00:00+00:00";"39";"63";"84";"2021";"NON";"NON";"63144";"";"";"";"2021-10-06";"37924";""
"63146";"3299";"PLUi/PLUiS";"CC";"2019-10-20 22:00:00+00:00";"2015-12-13 23:00:00+00:00";"39";"63";"84";"2021";"NON";"OUI";"200067627";"";"";"";"2021-10-06";"128300";""
"63147";"3399";"PLUi/PLUiS";"CC";"2016-04-26 22:00:00+00:00";"2011-02-07 23:00:00+00:00";"39";"63";"84";"2021";"OUI";"NON";"200070761";"";"";"";"2021-10-06";"79974";""
"63148";"3332";"PLUi/PLUiS";"CA";"2019-06-03 22:00:00+00:00";"2015-05-18 22:00:00+00:00";"33";"63";"84";"2021";"OUI";"NON";"200070753";"";"";"";"2021-10-06";"139026";""
"63149";"3332";"PLUi/PLUiS";"CA";"2019-06-03 22:00:00+00:00";"2015-05-18 22:00:00+00:00";"33";"63";"84";"2021";"OUI";"NON";"200070753";"";"";"";"2021-10-06";"139026";""
"63150";"3432";"PLU";"CA";"2008-11-16 23:00:00+00:00";"2003-01-23 23:00:00+00:00";"33";"63";"84";"2021";"NON";"NON";"200070753";"";"";"";"2021-10-06";"24519";""
"63151";"3131";"PLU";"COM";"2004-07-25 22:00:00+00:00";"1998-07-20 22:00:00+00:00";"33";"63";"84";"2021";"NON";"NON";"63151";"";"";"";"2021-10-06";"26004";""
"63154";"3299";"PLUi/PLUiS";"CC";"2019-10-20 22:00:00+00:00";"2015-12-13 23:00:00+00:00";"39";"63";"84";"2021";"NON";"OUI";"200067627";"";"";"";"2021-10-06";"128300";""
"63155";"3299";"PLUi/PLUiS";"CC";"2019-10-20 22:00:00+00:00";"2015-12-13 23:00:00+00:00";"39";"63";"84";"2021";"NON";"OUI";"200067627";"";"";"";"2021-10-06";"128300";""
"63157";"3299";"PLUi/PLUiS";"CC";"2019-10-20 22:00:00+00:00";"2015-12-13 23:00:00+00:00";"39";"63";"84";"2021";"NON";"OUI";"200067627";"";"";"";"2021-10-06";"128300";""
"63160";"3399";"PLUi/PLUiS";"CA";"2019-12-11 23:00:00+00:00";"2015-10-18 22:00:00+00:00";"39";"63";"84";"2021";"OUI";"NON";"200070407";"";"";"";"2021-10-06";"142615";""
"63163";"1199";"CC";"COM";"2017-06-10 22:00:00+00:00";"2010-11-29 23:00:00+00:00";"19";"63";"84";"2021";"NON";"NON";"63163";"";"";"";"2021-10-06";"45834";""
"63164";"3432";"PLU";"MET";"2017-05-11 22:00:00+00:00";"2009-06-18 22:00:00+00:00";"33";"63";"84";"2021";"NON";"NON";"63164";"";"";"";"2021-10-06";"39255";""
"63165";"3199";"PLU";"COM";"2019-10-02 22:00:00+00:00";"2014-11-18 23:00:00+00:00";"39";"63";"84";"2021";"NON";"NON";"63165";"";"";"";"2021-10-06";"137767";""
"63167";"3199";"PLU";"COM";"2015-10-27 23:00:00+00:00";"2006-03-22 23:00:00+00:00";"39";"63";"84";"2021";"NON";"NON";"63167";"";"";"";"2021-10-06";"25014";""
"63168";"3299";"PLUi/PLUiS";"CC";"2019-10-20 22:00:00+00:00";"2015-12-13 23:00:00+00:00";"39";"63";"84";"2021";"NON";"OUI";"200067627";"";"";"";"2021-10-06";"128300";""
"63177";"3299";"PLUi/PLUiS";"CC";"2019-10-20 22:00:00+00:00";"2015-12-13 23:00:00+00:00";"39";"63";"84";"2021";"NON";"OUI";"200067627";"";"";"";"2021-10-06";"128300";""
"63178";"3499";"PLU";"CA";"2012-06-18 22:00:00+00:00";"2006-03-05 23:00:00+00:00";"39";"63";"84";"2021";"NON";"NON";"200070407";"";"";"";"2021-10-06";"22192";""
"63179";"1499";"CC";"CC";"2006-06-13 22:00:00+00:00";"2004-03-30 22:00:00+00:00";"19";"63";"84";"2021";"NON";"NON";"200070761";"";"";"";"2021-10-06";"13470";""
"63180";"3499";"PLU";"CC";"2012-03-22 23:00:00+00:00";"2008-05-20 22:00:00+00:00";"39";"63";"84";"2021";"NON";"NON";"63180";"";"";"";"2021-10-06";"37627";""
"63181";"1199";"CC";"COM";"2003-11-25 23:00:00+00:00";"2001-05-07 22:00:00+00:00";"19";"63";"84";"2021";"NON";"NON";"63181";"";"";"";"2021-10-06";"22976";""
"63182";"3499";"PLU";"CA";"2020-02-17 23:00:00+00:00";"2015-10-21 22:00:00+00:00";"39";"63";"84";"2021";"NON";"NON";"200070407";"";"";"";"2021-10-06";"142031";""
"63185";"1499";"CC";"CA";"2011-06-22 22:00:00+00:00";"2008-09-18 22:00:00+00:00";"19";"63";"84";"2021";"NON";"NON";"200070407";"";"";"";"2021-10-06";"35649";""
"63188";"3432";"PLU";"CC";"2008-06-13 22:00:00+00:00";"2003-01-21 23:00:00+00:00";"33";"63";"84";"2021";"NON";"NON";"200069177";"";"";"";"2021-10-06";"24531";""
"63189";"1199";"CC";"COM";"2016-07-21 22:00:00+00:00";"2014-10-20 22:00:00+00:00";"19";"63";"84";"2021";"NON";"NON";"63189";"";"";"";"2021-10-06";"134266";""
"63193";"3432";"PLU";"MET";"2019-05-16 22:00:00+00:00";"2015-03-26 23:00:00+00:00";"33";"63";"84";"2021";"NON";"NON";"63193";"";"";"";"2021-10-06";"138213";""
"63194";"1499";"CC";"CC";"2004-10-28 22:00:00+00:00";"2002-08-05 22:00:00+00:00";"19";"63";"84";"2021";"NON";"NON";"63194";"";"";"";"2021-10-06";"26010";""
"63195";"3499";"PLU";"CC";"2008-07-27 22:00:00+00:00";"2004-09-26 22:00:00+00:00";"39";"63";"84";"2021";"NON";"NON";"63195";"";"";"";"2021-10-06";"26091";""
"63196";"3432";"PLU";"CC";"2013-07-11 22:00:00+00:00";"2008-07-06 22:00:00+00:00";"33";"63";"84";"2021";"NON";"NON";"200071199";"";"";"";"2021-10-06";"35526";""
"63198";"3199";"PLU";"COM";"2016-03-03 23:00:00+00:00";"2012-10-11 22:00:00+00:00";"39";"63";"84";"2021";"NON";"NON";"63198";"";"";"";"2021-10-06";"120401";""
"63199";"1499";"CC";"CA";"2014-11-13 23:00:00+00:00";"2011-06-16 22:00:00+00:00";"19";"63";"84";"2021";"NON";"NON";"200070407";"";"";"";"2021-10-06";"78166";""
"63200";"3332";"PLUi/PLUiS";"CA";"2019-06-03 22:00:00+00:00";"2015-05-18 22:00:00+00:00";"33";"63";"84";"2021";"OUI";"NON";"200070753";"";"";"";"2021-10-06";"139026";""
"63201";"3432";"PLU";"CC";"2013-02-28 23:00:00+00:00";"2007-09-27 22:00:00+00:00";"33";"63";"84";"2021";"NON";"NON";"200071199";"";"";"";"2021-10-06";"32025";""
"63203";"3432";"PLU";"CA";"2021-03-29 22:00:00+00:00";"2018-06-04 22:00:00+00:00";"33";"63";"84";"2021";"NON";"NON";"200070753";"";"";"";"2021-10-06";"154887";""
"63204";"3332";"PLUi/PLUiS";"CA";"2019-06-03 22:00:00+00:00";"2015-05-18 22:00:00+00:00";"33";"63";"84";"2021";"OUI";"NON";"200070753";"";"";"";"2021-10-06";"139026";""
"63206";"3199";"PLU";"COM";"2014-12-18 23:00:00+00:00";"2010-05-27 22:00:00+00:00";"39";"63";"84";"2021";"NON";"NON";"63206";"";"";"";"2021-10-06";"41607";""
"63207";"3399";"PLUi/PLUiS";"CC";"2012-10-14 22:00:00+00:00";"2006-09-17 22:00:00+00:00";"39";"63";"84";"2021";"OUI";"NON";"200070761";"";"";"";"2021-10-06";"48684";""
"63210";"3432";"PLU";"CC";"2018-03-27 22:00:00+00:00";"2014-09-24 22:00:00+00:00";"33";"63";"84";"2021";"NON";"NON";"200071199";"";"";"";"2021-10-06";"137770";""
"63212";"3432";"PLU";"CA";"2017-09-25 22:00:00+00:00";"2014-10-06 22:00:00+00:00";"33";"63";"84";"2021";"NON";"NON";"200070753";"";"";"";"2021-10-06";"132608";""
"63213";"3332";"PLUi/PLUiS";"CA";"2019-06-03 22:00:00+00:00";"2015-05-18 22:00:00+00:00";"33";"63";"84";"2021";"OUI";"NON";"200070753";"";"";"";"2021-10-06";"139026";""
"63214";"3432";"PLU";"CC";"2014-06-23 22:00:00+00:00";"2006-11-14 23:00:00+00:00";"33";"63";"84";"2021";"NON";"NON";"200069177";"";"";"";"2021-10-06";"39574";""
"63215";"3332";"PLUi/PLUiS";"CA";"2019-06-03 22:00:00+00:00";"2015-05-18 22:00:00+00:00";"33";"63";"84";"2021";"OUI";"NON";"200070753";"";"";"";"2021-10-06";"139026";""
"63216";"3299";"PLUi/PLUiS";"CC";"2019-10-20 22:00:00+00:00";"2015-12-13 23:00:00+00:00";"39";"63";"84";"2021";"NON";"OUI";"200067627";"";"";"";"2021-10-06";"128300";""
"63219";"3199";"PLU";"COM";"2019-03-07 23:00:00+00:00";"2014-10-23 22:00:00+00:00";"39";"63";"84";"2021";"NON";"NON";"63219";"";"";"";"2021-10-06";"133838";""
"63221";"3399";"PLUi/PLUiS";"CC";"2016-04-26 22:00:00+00:00";"2011-02-07 23:00:00+00:00";"39";"63";"84";"2021";"OUI";"NON";"200070761";"";"";"";"2021-10-06";"79974";""
"63224";"3432";"PLU";"CA";"2013-09-16 22:00:00+00:00";"2009-04-23 22:00:00+00:00";"33";"63";"84";"2021";"NON";"NON";"200070753";"";"";"";"2021-10-06";"39573";""
"63226";"3299";"PLUi/PLUiS";"CC";"2019-10-20 22:00:00+00:00";"2015-12-13 23:00:00+00:00";"39";"63";"84";"2021";"NON";"OUI";"200067627";"";"";"";"2021-10-06";"128300";""
"63227";"3432";"PLU";"CC";"2019-05-22 22:00:00+00:00";"2012-05-24 22:00:00+00:00";"33";"63";"84";"2021";"NON";"NON";"200069177";"";"";"";"2021-10-06";"116448";""
"63229";"3499";"PLU";"CC";"2019-05-02 22:00:00+00:00";"2016-03-31 22:00:00+00:00";"39";"63";"84";"2021";"NON";"NON";"63229";"";"";"";"2021-10-06";"147904";""
"63231";"3199";"PLU";"COM";"2014-12-17 23:00:00+00:00";"2009-09-06 22:00:00+00:00";"39";"63";"84";"2021";"NON";"NON";"63231";"";"";"";"2021-10-06";"40259";""
"63232";"1432";"CC";"CC";"2005-12-29 23:00:00+00:00";"2002-01-31 23:00:00+00:00";"13";"63";"84";"2021";"NON";"NON";"200071199";"";"";"";"2021-10-06";"13475";""
"63233";"3199";"PLU";"COM";"2018-12-09 23:00:00+00:00";"2003-03-25 23:00:00+00:00";"39";"63";"84";"2021";"NON";"NON";"63233";"";"";"";"2021-10-06";"22240";""
"63234";"1499";"CC";"CA";"2005-12-15 23:00:00+00:00";"2002-05-01 22:00:00+00:00";"19";"63";"84";"2021";"NON";"NON";"200070407";"";"";"";"2021-10-06";"22245";""
"63235";"1199";"CC";"COM";"2005-11-24 23:00:00+00:00";"2001-08-30 22:00:00+00:00";"19";"63";"84";"2021";"NON";"NON";"63235";"";"";"";"2021-10-06";"23001";""
"63236";"3199";"PLU";"COM";"2017-11-07 23:00:00+00:00";"2004-12-19 23:00:00+00:00";"39";"63";"84";"2021";"NON";"NON";"63236";"";"";"";"2021-10-06";"22257";""
"63239";"3299";"PLUi/PLUiS";"CC";"2019-10-20 22:00:00+00:00";"2015-12-13 23:00:00+00:00";"39";"63";"84";"2021";"NON";"OUI";"200067627";"";"";"";"2021-10-06";"128300";""
"63240";"1432";"CC";"CC";"2005-11-28 23:00:00+00:00";"2003-08-06 22:00:00+00:00";"13";"63";"84";"2021";"NON";"NON";"200071199";"";"";"";"2021-10-06";"23002";""
"63241";"3499";"PLU";"CA";"2020-02-17 23:00:00+00:00";"2015-04-13 22:00:00+00:00";"39";"63";"84";"2021";"NON";"NON";"200070407";"";"";"";"2021-10-06";"138577";""
"63244";"3432";"PLU";"CA";"2021-02-02 23:00:00+00:00";"2016-06-05 22:00:00+00:00";"33";"63";"84";"2021";"NON";"NON";"200070753";"";"";"";"2021-10-06";"157836";""
"63245";"3432";"PLU";"CA";"2006-07-24 22:00:00+00:00";"2000-03-12 23:00:00+00:00";"33";"63";"84";"2021";"NON";"NON";"200070753";"";"";"";"2021-10-06";"25233";""
"63246";"3131";"PLU";"COM";"2015-05-19 22:00:00+00:00";"2010-03-31 22:00:00+00:00";"33";"63";"84";"2021";"NON";"NON";"63246";"";"";"";"2021-10-06";"41371";""
"63247";"3199";"PLU";"COM";"2021-05-10 22:00:00+00:00";"2015-04-14 22:00:00+00:00";"39";"63";"84";"2021";"NON";"NON";"63247";"";"";"";"2021-10-06";"138557";""
"63248";"1131";"CC";"COM";"2006-12-21 23:00:00+00:00";"2006-05-18 22:00:00+00:00";"13";"63";"84";"2021";"NON";"NON";"63248";"";"";"";"2021-10-06";"22297";""
"63249";"1199";"CC";"COM";"2018-06-12 22:00:00+00:00";"2015-02-05 23:00:00+00:00";"19";"63";"84";"2021";"NON";"NON";"63249";"";"";"";"2021-10-06";"138671";""
"63252";"3299";"PLUi/PLUiS";"CC";"2019-10-20 22:00:00+00:00";"2015-12-13 23:00:00+00:00";"39";"63";"84";"2021";"NON";"OUI";"200067627";"";"";"";"2021-10-06";"128300";""
"63253";"1199";"CC";"COM";"2019-03-31 22:00:00+00:00";"2016-12-05 23:00:00+00:00";"19";"63";"84";"2021";"NON";"NON";"63253";"";"";"";"2021-10-06";"152671";""
"63254";"3432";"PLU";"MET";"2007-12-13 23:00:00+00:00";"2002-04-03 22:00:00+00:00";"33";"63";"84";"2021";"NON";"NON";"63254";"";"";"";"2021-10-06";"25527";""
"63257";"1131";"CC";"COM";"2004-03-14 23:00:00+00:00";"2001-06-07 22:00:00+00:00";"13";"63";"84";"2021";"NON";"NON";"63257";"";"";"";"2021-10-06";"22319";""
"63258";"3399";"PLUi/PLUiS";"CC";"2012-10-14 22:00:00+00:00";"2006-09-17 22:00:00+00:00";"39";"63";"84";"2021";"OUI";"NON";"200070761";"";"";"";"2021-10-06";"48684";""
"63259";"3432";"PLU";"CC";"2014-01-30 23:00:00+00:00";"2008-08-28 22:00:00+00:00";"33";"63";"84";"2021";"NON";"NON";"200069177";"";"";"";"2021-10-06";"36188";""
"63261";"3399";"PLUi/PLUiS";"CA";"2019-12-11 23:00:00+00:00";"2015-10-18 22:00:00+00:00";"39";"63";"84";"2021";"OUI";"NON";"200070407";"";"";"";"2021-10-06";"142615";""
"63262";"3432";"PLU";"CC";"2012-06-25 22:00:00+00:00";"2007-04-02 22:00:00+00:00";"33";"63";"84";"2021";"NON";"NON";"200069177";"";"";"";"2021-10-06";"33545";""
"63263";"3432";"PLU";"MET";"2010-11-02 23:00:00+00:00";"2003-12-12 23:00:00+00:00";"33";"63";"84";"2021";"NON";"NON";"63263";"";"";"";"2021-10-06";"38137";""
"63265";"3499";"PLU";"CC";"2004-03-08 23:00:00+00:00";"1998-11-17 23:00:00+00:00";"39";"63";"84";"2021";"NON";"NON";"63265";"";"";"";"2021-10-06";"26175";""
"63268";"1499";"CC";"CA";"2004-02-18 23:00:00+00:00";"2001-08-30 22:00:00+00:00";"19";"63";"84";"2021";"NON";"NON";"200070407";"";"";"";"2021-10-06";"22340";""
"63269";"3499";"PLU";"CA";"2015-04-01 22:00:00+00:00";"2009-01-25 23:00:00+00:00";"39";"63";"84";"2021";"NON";"NON";"200070407";"";"";"";"2021-10-06";"78452";""
"63270";"3499";"PLU";"CA";"2009-06-01 22:00:00+00:00";"2003-06-17 22:00:00+00:00";"39";"63";"84";"2021";"NON";"NON";"200070407";"";"";"";"2021-10-06";"38293";""
"63271";"3199";"PLU";"COM";"2005-03-31 22:00:00+00:00";"2001-06-28 22:00:00+00:00";"39";"63";"84";"2021";"NON";"NON";"63271";"";"";"";"2021-10-06";"26187";""
"63272";"3432";"PLU";"MET";"2012-02-28 23:00:00+00:00";"2008-05-28 22:00:00+00:00";"33";"63";"84";"2021";"NON";"NON";"63272";"";"";"";"2021-10-06";"35678";""
"63273";"3299";"PLUi/PLUiS";"CC";"2019-10-20 22:00:00+00:00";"2015-12-13 23:00:00+00:00";"39";"63";"84";"2021";"NON";"OUI";"200067627";"";"";"";"2021-10-06";"128300";""
"63275";"3499";"PLU";"CA";"2006-11-28 23:00:00+00:00";"2003-03-13 23:00:00+00:00";"39";"63";"84";"2021";"NON";"NON";"200070407";"";"";"";"2021-10-06";"22367";""
"63276";"3434";"PLU";"CC";"2012-07-11 22:00:00+00:00";"2004-09-09 22:00:00+00:00";"33";"63";"84";"2021";"NON";"NON";"63276";"";"";"";"2021-10-06";"26197";""
"63278";"3432";"PLU";"CA";"2018-07-02 22:00:00+00:00";"2014-09-25 22:00:00+00:00";"33";"63";"84";"2021";"NON";"NON";"200070753";"";"";"";"2021-10-06";"133802";""
"63279";"3199";"PLU";"COM";"2020-07-19 22:00:00+00:00";"2010-01-28 23:00:00+00:00";"39";"63";"84";"2021";"NON";"NON";"63279";"";"";"";"2021-10-06";"40817";""
"63280";"1432";"CC";"CC";"2007-11-07 23:00:00+00:00";"2003-09-11 22:00:00+00:00";"13";"63";"84";"2021";"NON";"NON";"200069177";"";"";"";"2021-10-06";"13477";""
"63282";"3499";"PLU";"CA";"2021-06-28 22:00:00+00:00";"2015-02-11 23:00:00+00:00";"39";"63";"84";"2021";"NON";"NON";"200070407";"";"";"";"2021-10-06";"137245";""
"63283";"3199";"PLU";"COM";"2018-10-03 22:00:00+00:00";"2013-01-10 23:00:00+00:00";"39";"63";"84";"2021";"NON";"NON";"63283";"";"";"";"2021-10-06";"120405";""
"63284";"3432";"PLU";"MET";"2020-02-13 23:00:00+00:00";"2015-06-25 22:00:00+00:00";"33";"63";"84";"2021";"NON";"NON";"63284";"";"";"";"2021-10-06";"139874";""
"63285";"3199";"PLU";"COM";"2017-09-21 22:00:00+00:00";"2013-10-27 23:00:00+00:00";"39";"63";"84";"2021";"NON";"NON";"63285";"";"";"";"2021-10-06";"22409";""
"63287";"3499";"PLU";"CA";"2008-02-24 23:00:00+00:00";"2003-03-27 23:00:00+00:00";"39";"63";"84";"2021";"NON";"NON";"200070407";"";"";"";"2021-10-06";"22416";""
"63290";"3432";"PLU";"CA";"2020-07-22 22:00:00+00:00";"2015-02-26 23:00:00+00:00";"33";"63";"84";"2021";"NON";"NON";"200070753";"";"";"";"2021-10-06";"137667";""
"63291";"3199";"PLU";"COM";"2021-03-03 23:00:00+00:00";"2016-12-21 23:00:00+00:00";"39";"63";"84";"2021";"NON";"NON";"63291";"";"";"";"2021-10-06";"154113";""
"63294";"3199";"PLU";"COM";"2006-01-27 23:00:00+00:00";"2000-10-26 22:00:00+00:00";"39";"63";"84";"2021";"NON";"NON";"63294";"";"";"";"2021-10-06";"23008";""
"63296";"3499";"PLU";"CC";"2010-05-27 22:00:00+00:00";"2004-03-03 23:00:00+00:00";"39";"63";"84";"2021";"NON";"NON";"63296";"";"";"";"2021-10-06";"25370";""
"63297";"3299";"PLUi/PLUiS";"CC";"2019-10-20 22:00:00+00:00";"2015-12-13 23:00:00+00:00";"39";"63";"84";"2021";"NON";"OUI";"200067627";"";"";"";"2021-10-06";"128300";""
"63300";"3432";"PLU";"CA";"2017-12-18 23:00:00+00:00";"2012-11-22 23:00:00+00:00";"33";"63";"84";"2021";"NON";"NON";"200070753";"";"";"";"2021-10-06";"116102";""
"63301";"1199";"CC";"COM";"2019-05-19 22:00:00+00:00";"2016-03-08 23:00:00+00:00";"19";"63";"84";"2021";"NON";"NON";"63301";"";"";"";"2021-10-06";"147140";""
"63302";"3432";"PLU";"CC";"2013-10-07 22:00:00+00:00";"2010-02-28 23:00:00+00:00";"33";"63";"84";"2021";"NON";"NON";"200069177";"";"";"";"2021-10-06";"41162";""
"63305";"3131";"PLU";"COM";"2007-03-07 23:00:00+00:00";"2001-08-21 22:00:00+00:00";"33";"63";"84";"2021";"NON";"NON";"63305";"";"";"";"2021-10-06";"22470";""
"63306";"3432";"PLU";"CC";"2014-04-28 22:00:00+00:00";"2012-03-11 23:00:00+00:00";"33";"63";"84";"2021";"NON";"NON";"200069177";"";"";"";"2021-10-06";"115314";""
"63307";"3432";"PLU";"MET";"2018-05-03 22:00:00+00:00";"2015-02-04 23:00:00+00:00";"33";"63";"84";"2021";"NON";"NON";"63307";"";"";"";"2021-10-06";"137494";""
"63308";"3432";"PLU";"MET";"2016-12-21 23:00:00+00:00";"2009-06-23 22:00:00+00:00";"33";"63";"84";"2021";"NON";"NON";"63308";"";"";"";"2021-10-06";"39256";""
"63309";"3399";"PLUi/PLUiS";"CC";"2016-04-26 22:00:00+00:00";"2011-02-07 23:00:00+00:00";"39";"63";"84";"2021";"OUI";"NON";"200070761";"";"";"";"2021-10-06";"79974";""
"63311";"1432";"CC";"CC";"2007-11-14 23:00:00+00:00";"2004-06-29 22:00:00+00:00";"13";"63";"84";"2021";"NON";"NON";"200071199";"";"";"";"2021-10-06";"13478";""
"63315";"3432";"PLU";"CC";"2017-03-20 23:00:00+00:00";"2014-02-12 23:00:00+00:00";"33";"63";"84";"2021";"NON";"NON";"200069177";"";"";"";"2021-10-06";"128819";""
"63317";"3432";"PLU";"CC";"2013-07-03 22:00:00+00:00";"2009-04-22 22:00:00+00:00";"33";"63";"84";"2021";"NON";"NON";"200071199";"";"";"";"2021-10-06";"38105";""
"63318";"3199";"PLU";"COM";"2017-07-10 22:00:00+00:00";"2013-07-01 22:00:00+00:00";"39";"63";"84";"2021";"NON";"NON";"63318";"";"";"";"2021-10-06";"123290";""
"63319";"3399";"PLUi/PLUiS";"CC";"2016-04-26 22:00:00+00:00";"2011-02-07 23:00:00+00:00";"39";"63";"84";"2021";"OUI";"NON";"200070761";"";"";"";"2021-10-06";"79974";""
"63321";"3399";"PLUi/PLUiS";"CA";"2019-12-11 23:00:00+00:00";"2015-10-18 22:00:00+00:00";"39";"63";"84";"2021";"OUI";"NON";"200070407";"";"";"";"2021-10-06";"142615";""
"63322";"3332";"PLUi/PLUiS";"CA";"2019-06-03 22:00:00+00:00";"2015-05-18 22:00:00+00:00";"33";"63";"84";"2021";"OUI";"NON";"200070753";"";"";"";"2021-10-06";"139026";""
"63325";"3299";"PLUi/PLUiS";"CC";"2019-10-20 22:00:00+00:00";"2015-12-13 23:00:00+00:00";"39";"63";"84";"2021";"NON";"OUI";"200067627";"";"";"";"2021-10-06";"128300";""
"63327";"3432";"PLU";"CA";"2004-04-26 22:00:00+00:00";"2000-01-13 23:00:00+00:00";"33";"63";"84";"2021";"NON";"NON";"200070753";"";"";"";"2021-10-06";"25427";""
"63330";"1499";"CC";"CA";"2006-10-11 22:00:00+00:00";"2004-01-20 23:00:00+00:00";"19";"63";"84";"2021";"NON";"NON";"200070407";"";"";"";"2021-10-06";"14746";""
"63331";"3399";"PLUi/PLUiS";"CC";"2016-04-26 22:00:00+00:00";"2011-02-07 23:00:00+00:00";"39";"63";"84";"2021";"OUI";"NON";"200070761";"";"";"";"2021-10-06";"79974";""
"63332";"1432";"CC";"CC";"2010-05-25 22:00:00+00:00";"2006-02-02 23:00:00+00:00";"13";"63";"84";"2021";"NON";"NON";"200071199";"";"";"";"2021-10-06";"25013";""
"63333";"3432";"PLU";"CC";"2008-06-25 22:00:00+00:00";"2003-04-23 22:00:00+00:00";"33";"63";"84";"2021";"NON";"NON";"200071199";"";"";"";"2021-10-06";"23036";""
"63334";"3299";"PLUi/PLUiS";"CC";"2019-10-20 22:00:00+00:00";"2015-12-13 23:00:00+00:00";"39";"63";"84";"2021";"NON";"OUI";"200067627";"";"";"";"2021-10-06";"128300";""
"63335";"1111";"CC";"COM";"2019-09-08 22:00:00+00:00";"2018-04-17 22:00:00+00:00";"11";"63";"84";"2021";"NON";"NON";"63335";"";"";"";"2021-10-06";"155411";""
"63338";"3199";"PLU";"COM";"2018-11-14 23:00:00+00:00";"2013-09-04 22:00:00+00:00";"39";"63";"84";"2021";"NON";"NON";"63338";"";"";"";"2021-10-06";"124953";""
"63341";"1499";"CC";"CC";"2009-10-21 22:00:00+00:00";"2003-03-13 23:00:00+00:00";"19";"63";"84";"2021";"NON";"NON";"200070761";"";"";"";"2021-10-06";"13480";""
"63343";"1111";"CC";"COM";"2005-03-28 22:00:00+00:00";"2002-07-01 22:00:00+00:00";"11";"63";"84";"2021";"NON";"NON";"63343";"";"";"";"2021-10-06";"13481";""
"63345";"3432";"PLU";"MET";"2011-11-24 23:00:00+00:00";"2008-09-09 22:00:00+00:00";"33";"63";"84";"2021";"NON";"NON";"63345";"";"";"";"2021-10-06";"36189";""
"63349";"3199";"PLU";"COM";"2006-06-28 22:00:00+00:00";"2004-05-26 22:00:00+00:00";"39";"63";"84";"2021";"NON";"NON";"63349";"";"";"";"2021-10-06";"23040";""
"63350";"3432";"PLU";"CC";"2008-05-26 22:00:00+00:00";"2004-11-29 23:00:00+00:00";"33";"63";"84";"2021";"NON";"NON";"200069177";"";"";"";"2021-10-06";"25638";""
"63352";"3434";"PLU";"CA";"2008-07-16 22:00:00+00:00";"2003-03-30 22:00:00+00:00";"33";"63";"84";"2021";"NON";"NON";"200070407";"";"";"";"2021-10-06";"22543";""
"63354";"3199";"PLU";"COM";"2018-04-12 22:00:00+00:00";"2014-03-11 23:00:00+00:00";"39";"63";"84";"2021";"NON";"NON";"63354";"";"";"";"2021-10-06";"122204";""
"63355";"3399";"PLUi/PLUiS";"CC";"2012-10-14 22:00:00+00:00";"2006-09-17 22:00:00+00:00";"39";"63";"84";"2021";"OUI";"NON";"200070761";"";"";"";"2021-10-06";"48684";""
"63358";"3199";"PLU";"COM";"2016-02-25 23:00:00+00:00";"2011-05-19 22:00:00+00:00";"39";"63";"84";"2021";"NON";"NON";"63358";"";"";"";"2021-10-06";"116338";""
"63362";"3332";"PLUi/PLUiS";"CA";"2019-06-03 22:00:00+00:00";"2015-05-18 22:00:00+00:00";"33";"63";"84";"2021";"OUI";"NON";"200070753";"";"";"";"2021-10-06";"139026";""
"63363";"1199";"CC";"COM";"2014-05-12 22:00:00+00:00";"2009-09-16 22:00:00+00:00";"19";"63";"84";"2021";"NON";"NON";"63363";"";"";"";"2021-10-06";"42684";""
"63364";"1499";"CC";"CC";"2004-02-18 23:00:00+00:00";"2000-03-28 22:00:00+00:00";"19";"63";"84";"2021";"NON";"NON";"63364";"";"";"";"2021-10-06";"26240";""
"63365";"3299";"PLUi/PLUiS";"CC";"2019-10-20 22:00:00+00:00";"2015-12-13 23:00:00+00:00";"39";"63";"84";"2021";"NON";"OUI";"200067627";"";"";"";"2021-10-06";"128300";""
"63366";"1499";"CC";"CA";"2013-12-19 23:00:00+00:00";"2011-01-26 23:00:00+00:00";"19";"63";"84";"2021";"NON";"NON";"200070407";"";"";"";"2021-10-06";"46260";""
"63368";"3299";"PLUi/PLUiS";"CC";"2019-10-20 22:00:00+00:00";"2015-12-13 23:00:00+00:00";"39";"63";"84";"2021";"NON";"OUI";"200067627";"";"";"";"2021-10-06";"128300";""
"63372";"3332";"PLUi/PLUiS";"CA";"2019-06-03 22:00:00+00:00";"2015-05-18 22:00:00+00:00";"33";"63";"84";"2021";"OUI";"NON";"200070753";"";"";"";"2021-10-06";"139026";""
"63378";"3432";"PLU";"CC";"2006-06-29 22:00:00+00:00";"1997-09-11 22:00:00+00:00";"33";"63";"84";"2021";"NON";"NON";"200069177";"";"";"";"2021-10-06";"25680";""
"63379";"3199";"PLU";"COM";"2019-07-30 22:00:00+00:00";"2013-06-26 22:00:00+00:00";"39";"63";"84";"2021";"NON";"NON";"63379";"";"";"";"2021-10-06";"123529";""
"63380";"3131";"PLU";"COM";"2018-03-22 23:00:00+00:00";"2008-06-11 22:00:00+00:00";"33";"63";"84";"2021";"NON";"NON";"63380";"";"";"";"2021-10-06";"35317";""
"63381";"3432";"PLU";"CA";"2017-03-13 23:00:00+00:00";"2005-12-08 23:00:00+00:00";"33";"63";"84";"2021";"NON";"NON";"200070753";"";"";"";"2021-10-06";"22603";""
"63383";"3199";"PLU";"COM";"2005-07-26 22:00:00+00:00";"1992-04-06 22:00:00+00:00";"39";"63";"84";"2021";"NON";"NON";"63383";"";"";"";"2021-10-06";"22613";""
"63384";"3399";"PLUi/PLUiS";"CC";"2012-10-14 22:00:00+00:00";"2006-09-17 22:00:00+00:00";"39";"63";"84";"2021";"OUI";"NON";"200070761";"";"";"";"2021-10-06";"48684";""
"63386";"1199";"CC";"COM";"2018-12-05 23:00:00+00:00";"2014-05-21 22:00:00+00:00";"19";"63";"84";"2021";"NON";"NON";"63386";"";"";"";"2021-10-06";"130302";""
"63387";"3432";"PLU";"CC";"2005-09-28 22:00:00+00:00";"2001-07-04 22:00:00+00:00";"33";"63";"84";"2021";"NON";"NON";"200071199";"";"";"";"2021-10-06";"23065";""
"63391";"3199";"PLU";"COM";"2017-12-11 23:00:00+00:00";"2009-07-16 22:00:00+00:00";"39";"63";"84";"2021";"NON";"NON";"63391";"";"";"";"2021-10-06";"39576";""
"63392";"3499";"PLU";"CA";"2008-08-03 22:00:00+00:00";"2003-05-04 22:00:00+00:00";"39";"63";"84";"2021";"NON";"NON";"200070407";"";"";"";"2021-10-06";"22630";""
"63393";"3199";"PLU";"COM";"2007-03-18 23:00:00+00:00";"2002-12-08 23:00:00+00:00";"39";"63";"84";"2021";"NON";"NON";"63393";"";"";"";"2021-10-06";"26247";""
"63394";"3399";"PLUi/PLUiS";"CC";"2016-04-26 22:00:00+00:00";"2011-02-07 23:00:00+00:00";"39";"63";"84";"2021";"OUI";"NON";"200070761";"";"";"";"2021-10-06";"79974";""
"63395";"3432";"PLU";"CC";"2018-09-26 22:00:00+00:00";"2012-11-12 23:00:00+00:00";"33";"63";"84";"2021";"NON";"NON";"200069177";"";"";"";"2021-10-06";"120041";""
"63396";"3432";"PLU";"CC";"2017-07-27 22:00:00+00:00";"2011-11-16 23:00:00+00:00";"33";"63";"84";"2021";"NON";"NON";"200069177";"";"";"";"2021-10-06";"98914";""
"63397";"3199";"PLU";"COM";"2013-02-14 23:00:00+00:00";"2009-10-19 22:00:00+00:00";"39";"63";"84";"2021";"NON";"NON";"63397";"";"";"";"2021-10-06";"39660";""
"63400";"3432";"PLU";"CC";"2005-09-08 22:00:00+00:00";"2001-10-21 22:00:00+00:00";"33";"63";"84";"2021";"NON";"NON";"200071199";"";"";"";"2021-10-06";"23067";""
"63403";"1499";"CC";"CA";"2004-12-06 23:00:00+00:00";"2001-10-08 22:00:00+00:00";"19";"63";"84";"2021";"NON";"NON";"200070407";"";"";"";"2021-10-06";"22637";""
"63404";"3399";"PLUi/PLUiS";"CA";"2019-12-11 23:00:00+00:00";"2015-10-18 22:00:00+00:00";"39";"63";"84";"2021";"OUI";"NON";"200070407";"";"";"";"2021-10-06";"142615";""
"63405";"1432";"CC";"CC";"2006-12-06 23:00:00+00:00";"2002-08-31 22:00:00+00:00";"13";"63";"84";"2021";"NON";"NON";"200069177";"";"";"";"2021-10-06";"46720";""
"63406";"1432";"CC";"CC";"2006-02-20 23:00:00+00:00";"2003-03-16 23:00:00+00:00";"13";"63";"84";"2021";"NON";"NON";"200071199";"";"";"";"2021-10-06";"13484";""
"63407";"3432";"PLU";"CC";"2018-09-26 22:00:00+00:00";"2014-12-13 23:00:00+00:00";"33";"63";"84";"2021";"NON";"NON";"200069177";"";"";"";"2021-10-06";"137244";""
"63412";"3399";"PLUi/PLUiS";"CC";"2016-04-26 22:00:00+00:00";"2011-02-07 23:00:00+00:00";"39";"63";"84";"2021";"OUI";"NON";"200070761";"";"";"";"2021-10-06";"79974";""
"63413";"3432";"PLU";"CC";"2019-10-27 23:00:00+00:00";"2013-02-25 23:00:00+00:00";"33";"63";"84";"2021";"NON";"NON";"200069177";"";"";"";"2021-10-06";"121048";""
"63414";"1199";"CC";"COM";"2017-01-16 23:00:00+00:00";"2013-05-28 22:00:00+00:00";"19";"63";"84";"2021";"NON";"NON";"63414";"";"";"";"2021-10-06";"122052";""
"63415";"3434";"PLU";"CA";"2004-10-14 22:00:00+00:00";"2001-10-25 22:00:00+00:00";"33";"63";"84";"2021";"NON";"NON";"200070407";"";"";"";"2021-10-06";"22654";""
"63417";"3432";"PLU";"CA";"2008-03-20 23:00:00+00:00";"2002-09-26 22:00:00+00:00";"33";"63";"84";"2021";"NON";"NON";"200070753";"";"";"";"2021-10-06";"25634";""
"63418";"3199";"PLU";"COM";"2016-12-15 23:00:00+00:00";"2006-08-03 22:00:00+00:00";"39";"63";"84";"2021";"NON";"NON";"63418";"";"";"";"2021-10-06";"26257";""
"63420";"1499";"CC";"CC";"2005-02-27 23:00:00+00:00";"2002-03-13 23:00:00+00:00";"19";"63";"84";"2021";"NON";"NON";"63420";"";"";"";"2021-10-06";"26264";""
"63424";"3332";"PLUi/PLUiS";"CA";"2019-06-03 22:00:00+00:00";"2015-05-18 22:00:00+00:00";"33";"63";"84";"2021";"OUI";"NON";"200070753";"";"";"";"2021-10-06";"139026";""
"63425";"3432";"PLU";"CC";"2017-01-22 23:00:00+00:00";"2011-10-13 22:00:00+00:00";"33";"63";"84";"2021";"NON";"NON";"200069177";"";"";"";"2021-10-06";"89786";""
"63426";"3199";"PLU";"COM";"2005-03-17 23:00:00+00:00";"2002-05-23 22:00:00+00:00";"39";"63";"84";"2021";"NON";"NON";"63426";"";"";"";"2021-10-06";"22676";""
"63427";"3199";"PLU";"COM";"2021-06-21 22:00:00+00:00";"2013-10-28 23:00:00+00:00";"39";"63";"84";"2021";"NON";"NON";"63427";"";"";"";"2021-10-06";"126793";""
"63430";"3199";"PLU";"COM";"2005-12-19 23:00:00+00:00";"1997-11-30 23:00:00+00:00";"39";"63";"84";"2021";"NON";"NON";"63430";"";"";"";"2021-10-06";"572";""
"63432";"3432";"PLU";"CC";"2011-03-06 23:00:00+00:00";"2007-05-24 22:00:00+00:00";"33";"63";"84";"2021";"NON";"NON";"200071199";"";"";"";"2021-10-06";"30375";""
"63434";"3399";"PLUi/PLUiS";"CC";"2016-06-22 22:00:00+00:00";"2009-04-29 22:00:00+00:00";"39";"63";"84";"2021";"OUI";"NON";"200070761";"";"";"";"2021-10-06";"92023";""
"63438";"3299";"PLUi/PLUiS";"CC";"2019-10-20 22:00:00+00:00";"2015-12-13 23:00:00+00:00";"39";"63";"84";"2021";"NON";"OUI";"200067627";"";"";"";"2021-10-06";"128300";""
"63439";"3499";"PLU";"CA";"2019-02-20 23:00:00+00:00";"2015-03-01 23:00:00+00:00";"39";"63";"84";"2021";"NON";"NON";"200070407";"";"";"";"2021-10-06";"137473";""
"63443";"3332";"PLUi/PLUiS";"CA";"2019-06-03 22:00:00+00:00";"2015-05-18 22:00:00+00:00";"33";"63";"84";"2021";"OUI";"NON";"200070753";"";"";"";"2021-10-06";"139026";""
"63444";"3499";"PLU";"CA";"2014-06-26 22:00:00+00:00";"2010-03-04 23:00:00+00:00";"39";"63";"84";"2021";"NON";"NON";"200070407";"";"";"";"2021-10-06";"27083";""
"63445";"3299";"PLUi/PLUiS";"CC";"2019-10-20 22:00:00+00:00";"2015-12-13 23:00:00+00:00";"39";"63";"84";"2021";"NON";"OUI";"200067627";"";"";"";"2021-10-06";"128300";""
"63446";"3432";"PLU";"CC";"2007-03-18 23:00:00+00:00";"2002-12-15 23:00:00+00:00";"33";"63";"84";"2021";"NON";"NON";"200071199";"";"";"";"2021-10-06";"23079";""
"63451";"1199";"CC";"COM";"2005-07-20 22:00:00+00:00";"2003-12-09 23:00:00+00:00";"19";"63";"84";"2021";"NON";"NON";"63451";"";"";"";"2021-10-06";"22707";""
"63452";"1499";"CC";"CA";"2011-01-09 23:00:00+00:00";"2004-06-10 22:00:00+00:00";"19";"63";"84";"2021";"NON";"NON";"200070407";"";"";"";"2021-10-06";"13488";""
"63453";"3299";"PLUi/PLUiS";"CC";"2019-10-20 22:00:00+00:00";"2015-12-13 23:00:00+00:00";"39";"63";"84";"2021";"NON";"OUI";"200067627";"";"";"";"2021-10-06";"128300";""
"63454";"3399";"PLUi/PLUiS";"CC";"2012-10-14 22:00:00+00:00";"2006-09-17 22:00:00+00:00";"39";"63";"84";"2021";"OUI";"NON";"200070761";"";"";"";"2021-10-06";"48684";""
"63455";"3432";"PLU";"CC";"2014-02-27 23:00:00+00:00";"2008-12-11 23:00:00+00:00";"33";"63";"84";"2021";"NON";"NON";"200069177";"";"";"";"2021-10-06";"37809";""
"63457";"3432";"PLU";"CC";"2018-11-14 23:00:00+00:00";"2017-06-14 22:00:00+00:00";"33";"63";"84";"2021";"NON";"NON";"200069177";"";"";"";"2021-10-06";"156961";""
"63459";"1432";"CC";"CC";"2007-02-08 23:00:00+00:00";"2002-07-25 22:00:00+00:00";"13";"63";"84";"2021";"NON";"NON";"200071199";"";"";"";"2021-10-06";"13489";""
"63464";"3199";"PLU";"COM";"2016-12-08 23:00:00+00:00";"2013-02-08 23:00:00+00:00";"39";"63";"84";"2021";"NON";"NON";"63464";"";"";"";"2021-10-06";"120404";""
"63465";"3399";"PLUi/PLUiS";"CC";"2016-04-26 22:00:00+00:00";"2011-02-07 23:00:00+00:00";"39";"63";"84";"2021";"OUI";"NON";"200070761";"";"";"";"2021-10-06";"79974";""
"63469";"3199";"PLU";"COM";"2009-05-10 22:00:00+00:00";"2004-10-10 22:00:00+00:00";"39";"63";"84";"2021";"NON";"NON";"63469";"";"";"";"2021-10-06";"26283";""
"63470";"3432";"PLU";"CA";"2012-12-20 23:00:00+00:00";"2009-05-25 22:00:00+00:00";"33";"63";"84";"2021";"NON";"NON";"200070753";"";"";"";"2021-10-06";"25724";""
"63471";"3131";"PLU";"COM";"2007-06-28 22:00:00+00:00";"2003-09-04 22:00:00+00:00";"33";"63";"84";"2021";"NON";"NON";"63471";"";"";"";"2021-10-06";"22718";""
"63472";"3432";"PLU";"CC";"2015-06-23 22:00:00+00:00";"2012-01-26 23:00:00+00:00";"33";"63";"84";"2021";"NON";"NON";"200069177";"";"";"";"2021-10-06";"104682";""
"63473";"1199";"CC";"COM";"2003-06-16 22:00:00+00:00";"2001-11-07 23:00:00+00:00";"19";"63";"84";"2021";"NON";"NON";"63473";"";"";"";"2021-10-06";"23083";""
"64001";"1433";"CC";"CC";"2010-05-25 22:00:00+00:00";"2003-07-07 22:00:00+00:00";"13";"64";"75";"2021";"NON";"NON";"200067296";"";"";"";"2021-10-06";"15556";""
"64002";"1499";"CC";"CC";"2007-09-27 22:00:00+00:00";"2005-12-18 23:00:00+00:00";"19";"64";"75";"2021";"NON";"NON";"200067296";"";"";"";"2021-10-06";"28106";""
"64003";"3199";"PLU";"COM";"2016-05-02 22:00:00+00:00";"2012-09-13 22:00:00+00:00";"39";"64";"75";"2021";"NON";"NON";"64003";"";"";"";"2021-10-06";"113165";""
"64004";"1199";"CC";"COM";"2020-05-27 22:00:00+00:00";"2016-10-06 22:00:00+00:00";"19";"64";"75";"2021";"NON";"NON";"64004";"";"";"";"2021-10-06";"151479";""
"64005";"1199";"CC";"COM";"2005-09-18 22:00:00+00:00";"2002-02-01 23:00:00+00:00";"19";"64";"75";"2021";"NON";"NON";"64005";"";"";"";"2021-10-06";"69852";""
"64006";"3432";"PLU";"CC";"2014-02-24 23:00:00+00:00";"2009-05-13 22:00:00+00:00";"33";"64";"75";"2021";"NON";"NON";"200067262";"";"";"";"2021-10-06";"40320";""
"64007";"3432";"PLU";"CC";"2011-06-19 22:00:00+00:00";"2007-02-25 23:00:00+00:00";"33";"64";"75";"2021";"NON";"NON";"200067262";"";"";"";"2021-10-06";"28166";""
"64009";"3499";"PLU";"CA";"2019-07-19 22:00:00+00:00";"2015-01-20 23:00:00+00:00";"39";"64";"75";"2021";"NON";"NON";"64009";"";"";"";"2021-10-06";"137790";""
"64010";"1433";"CC";"CA";"2010-10-16 22:00:00+00:00";"2008-01-23 23:00:00+00:00";"13";"64";"75";"2021";"NON";"NON";"64010";"";"";"";"2021-10-06";"34162";""
"64012";"1433";"CC";"CA";"2010-03-14 23:00:00+00:00";"2006-10-05 22:00:00+00:00";"13";"64";"75";"2021";"NON";"NON";"64012";"";"";"";"2021-10-06";"28391";""
"64014";"3499";"PLU";"CA";"2020-02-21 23:00:00+00:00";"2011-11-09 23:00:00+00:00";"39";"64";"75";"2021";"NON";"NON";"200067106";"";"";"";"2021-10-06";"104473";""
"64018";"1433";"CC";"CA";"2004-10-07 22:00:00+00:00";"2002-09-27 22:00:00+00:00";"13";"64";"75";"2021";"NON";"NON";"64018";"";"";"";"2021-10-06";"28796";""
"64021";"3434";"PLU";"CC";"2011-08-29 22:00:00+00:00";"2005-03-07 23:00:00+00:00";"33";"64";"75";"2021";"NON";"NON";"200067296";"";"";"";"2021-10-06";"28046";""
"64022";"1199";"CC";"COM";"2019-03-12 23:00:00+00:00";"2016-06-27 22:00:00+00:00";"19";"64";"75";"2021";"NON";"NON";"64022";"";"";"";"2021-10-06";"151478";""
"64023";"3199";"PLU";"COM";"2010-11-29 23:00:00+00:00";"2007-10-22 22:00:00+00:00";"39";"64";"75";"2021";"NON";"NON";"64023";"";"";"";"2021-10-06";"30406";""
"64024";"3433";"PLU";"CA";"2013-06-13 22:00:00+00:00";"2008-07-24 22:00:00+00:00";"33";"64";"75";"2021";"NON";"NON";"200067106";"";"";"";"2021-10-06";"38499";""
"64026";"1433";"CC";"CA";"2012-12-18 23:00:00+00:00";"2009-06-11 22:00:00+00:00";"13";"64";"75";"2021";"NON";"NON";"64026";"";"";"";"2021-10-06";"38655";""
"64027";"1499";"CC";"CC";"2016-02-02 23:00:00+00:00";"2011-10-27 22:00:00+00:00";"19";"64";"75";"2021";"NON";"NON";"200067296";"";"";"";"2021-10-06";"105157";""
"64029";"1432";"CC";"CC";"2006-03-09 23:00:00+00:00";"2002-09-09 22:00:00+00:00";"13";"64";"75";"2021";"NON";"NON";"200067262";"";"";"";"2021-10-06";"15562";""
"64031";"1433";"CC";"CA";"2007-10-14 22:00:00+00:00";"2005-08-07 22:00:00+00:00";"13";"64";"75";"2021";"NON";"NON";"200067106";"";"";"";"2021-10-06";"15563";""
"64032";"1199";"CC";"COM";"2017-04-11 22:00:00+00:00";"2014-06-25 22:00:00+00:00";"19";"64";"75";"2021";"NON";"NON";"64032";"";"";"";"2021-10-06";"151045";""
"64034";"1433";"CC";"CA";"2010-09-08 22:00:00+00:00";"2008-06-18 22:00:00+00:00";"13";"64";"75";"2021";"NON";"NON";"64034";"";"";"";"2021-10-06";"35314";""
"64035";"3499";"PLU";"CA";"2019-07-19 22:00:00+00:00";"2015-02-08 23:00:00+00:00";"39";"64";"75";"2021";"NON";"NON";"200067106";"";"";"";"2021-10-06";"137791";""
"64036";"1433";"CC";"CA";"2020-01-29 23:00:00+00:00";"2015-07-01 22:00:00+00:00";"13";"64";"75";"2021";"NON";"NON";"64036";"";"";"";"2021-10-06";"140778";""
"64037";"3299";"PLUi/PLUiS";"CA";"2019-12-18 23:00:00+00:00";"2015-12-16 23:00:00+00:00";"39";"64";"75";"2021";"NON";"OUI";"200067254";"";"";"";"2021-10-06";"144199";""
"64039";"3332";"PLUi/PLUiS";"CC";"2019-11-06 23:00:00+00:00";"2015-09-29 22:00:00+00:00";"33";"64";"75";"2021";"OUI";"NON";"200067262";"";"";"";"2021-10-06";"139411";""
"64040";"3432";"PLU";"CC";"2008-09-22 22:00:00+00:00";"2002-07-10 22:00:00+00:00";"33";"64";"75";"2021";"NON";"NON";"200067262";"";"";"";"2021-10-06";"28167";""
"64041";"3299";"PLUi/PLUiS";"CA";"2019-12-18 23:00:00+00:00";"2015-12-16 23:00:00+00:00";"39";"64";"75";"2021";"NON";"OUI";"200067254";"";"";"";"2021-10-06";"144199";""
"64042";"1199";"CC";"COM";"2011-12-15 23:00:00+00:00";"2009-09-03 22:00:00+00:00";"19";"64";"75";"2021";"NON";"NON";"64042";"";"";"";"2021-10-06";"39281";""
"64043";"3399";"PLUi/PLUiS";"CC";"2020-02-05 23:00:00+00:00";"2015-12-09 23:00:00+00:00";"39";"64";"75";"2021";"OUI";"NON";"200067239";"";"";"";"2021-10-06";"143795";""
"64046";"1433";"CC";"CA";"2019-04-13 22:00:00+00:00";"2011-02-24 23:00:00+00:00";"13";"64";"75";"2021";"NON";"NON";"64046";"";"";"";"2021-10-06";"42169";""
"64048";"1131";"CC";"COM";"2007-09-04 22:00:00+00:00";"2003-11-02 23:00:00+00:00";"13";"64";"75";"2021";"NON";"NON";"64048";"";"";"";"2021-10-06";"15569";""
"64051";"1433";"CC";"CA";"2010-09-29 22:00:00+00:00";"2007-09-14 22:00:00+00:00";"13";"64";"75";"2021";"NON";"NON";"200067106";"";"";"";"2021-10-06";"31186";""
"64053";"1499";"CC";"CC";"2006-11-21 23:00:00+00:00";"2005-11-03 23:00:00+00:00";"19";"64";"75";"2021";"NON";"NON";"200067296";"";"";"";"2021-10-06";"28114";""
"64054";"3199";"PLU";"COM";"2013-06-17 22:00:00+00:00";"2010-04-13 22:00:00+00:00";"39";"64";"75";"2021";"NON";"NON";"64054";"";"";"";"2021-10-06";"96880";""
"64057";"3199";"PLU";"COM";"2009-02-08 23:00:00+00:00";"2005-02-28 23:00:00+00:00";"39";"64";"75";"2021";"NON";"NON";"64057";"";"";"";"2021-10-06";"28457";""
"64058";"1199";"CC";"COM";"2005-10-23 22:00:00+00:00";"2003-03-02 23:00:00+00:00";"19";"64";"75";"2021";"NON";"NON";"64058";"";"";"";"2021-10-06";"28116";""
"64059";"3299";"PLUi/PLUiS";"CA";"2019-12-18 23:00:00+00:00";"2015-12-16 23:00:00+00:00";"39";"64";"75";"2021";"NON";"OUI";"200067254";"";"";"";"2021-10-06";"144199";""
"64060";"3299";"PLUi/PLUiS";"CA";"2019-12-18 23:00:00+00:00";"2015-12-16 23:00:00+00:00";"39";"64";"75";"2021";"NON";"OUI";"200067254";"";"";"";"2021-10-06";"144199";""
"64061";"3199";"PLU";"COM";"2019-05-27 22:00:00+00:00";"2014-04-28 22:00:00+00:00";"39";"64";"75";"2021";"NON";"NON";"64061";"";"";"";"2021-10-06";"132363";""
"64062";"3199";"PLU";"COM";"2009-04-15 22:00:00+00:00";"2004-07-25 22:00:00+00:00";"39";"64";"75";"2021";"NON";"NON";"64062";"";"";"";"2021-10-06";"28168";""
"64063";"3433";"PLU";"CC";"2012-12-05 23:00:00+00:00";"2007-05-15 22:00:00+00:00";"33";"64";"75";"2021";"NON";"NON";"200067239";"";"";"";"2021-10-06";"33815";""
"64064";"3432";"PLU";"CC";"2011-12-13 23:00:00+00:00";"2007-11-07 23:00:00+00:00";"33";"64";"75";"2021";"NON";"NON";"200067262";"";"";"";"2021-10-06";"33145";""
"64065";"3499";"PLU";"CA";"2014-02-26 23:00:00+00:00";"2007-01-25 23:00:00+00:00";"39";"64";"75";"2021";"NON";"NON";"64065";"";"";"";"2021-10-06";"28693";""
"64066";"1433";"CC";"CA";"2013-04-20 22:00:00+00:00";"2009-11-04 23:00:00+00:00";"13";"64";"75";"2021";"NON";"NON";"200067106";"";"";"";"2021-10-06";"40323";""
"64067";"3199";"PLU";"COM";"2020-01-22 23:00:00+00:00";"2017-03-08 23:00:00+00:00";"39";"64";"75";"2021";"NON";"NON";"64067";"";"";"";"2021-10-06";"158325";""
"64068";"3199";"PLU";"COM";"2019-10-14 22:00:00+00:00";"2015-08-30 22:00:00+00:00";"39";"64";"75";"2021";"NON";"NON";"64068";"";"";"";"2021-10-06";"142122";""
"64069";"3199";"PLU";"COM";"2008-03-04 23:00:00+00:00";"2005-07-27 22:00:00+00:00";"39";"64";"75";"2021";"NON";"NON";"64069";"";"";"";"2021-10-06";"28169";""
"64070";"3399";"PLUi/PLUiS";"CC";"2020-02-05 23:00:00+00:00";"2015-12-09 23:00:00+00:00";"39";"64";"75";"2021";"OUI";"NON";"200067239";"";"";"";"2021-10-06";"143795";""
"64071";"1199";"CC";"COM";"2019-05-16 22:00:00+00:00";"2016-09-15 22:00:00+00:00";"19";"64";"75";"2021";"NON";"NON";"64071";"";"";"";"2021-10-06";"151484";""
"64072";"3299";"PLUi/PLUiS";"CA";"2019-12-18 23:00:00+00:00";"2015-12-16 23:00:00+00:00";"39";"64";"75";"2021";"NON";"OUI";"200067254";"";"";"";"2021-10-06";"144199";""
"64073";"3399";"PLUi/PLUiS";"CC";"2020-02-05 23:00:00+00:00";"2015-12-09 23:00:00+00:00";"39";"64";"75";"2021";"OUI";"NON";"200067239";"";"";"";"2021-10-06";"143795";""
"64077";"3399";"PLUi/PLUiS";"CC";"2020-02-05 23:00:00+00:00";"2015-12-09 23:00:00+00:00";"39";"64";"75";"2021";"OUI";"NON";"200067239";"";"";"";"2021-10-06";"143795";""
"64078";"3399";"PLUi/PLUiS";"CC";"2020-02-05 23:00:00+00:00";"2015-12-09 23:00:00+00:00";"39";"64";"75";"2021";"OUI";"NON";"200067239";"";"";"";"2021-10-06";"143795";""
"64080";"3299";"PLUi/PLUiS";"CA";"2019-12-18 23:00:00+00:00";"2015-12-16 23:00:00+00:00";"39";"64";"75";"2021";"NON";"OUI";"200067254";"";"";"";"2021-10-06";"144199";""
"64082";"1199";"CC";"COM";"2008-06-02 22:00:00+00:00";"2006-04-20 22:00:00+00:00";"19";"64";"75";"2021";"NON";"NON";"64082";"";"";"";"2021-10-06";"28466";""
"64083";"1199";"CC";"COM";"2018-10-22 22:00:00+00:00";"2016-10-10 22:00:00+00:00";"19";"64";"75";"2021";"NON";"NON";"64083";"";"";"";"2021-10-06";"152864";""
"64084";"1499";"CC";"CC";"2020-02-26 23:00:00+00:00";"2015-03-09 23:00:00+00:00";"19";"64";"75";"2021";"NON";"NON";"200067239";"";"";"";"2021-10-06";"15582";""
"64085";"3432";"PLU";"CC";"2011-04-28 22:00:00+00:00";"2004-12-09 23:00:00+00:00";"33";"64";"75";"2021";"NON";"NON";"200067262";"";"";"";"2021-10-06";"28170";""
"64086";"3399";"PLUi/PLUiS";"CA";"2020-02-21 23:00:00+00:00";"2015-12-16 23:00:00+00:00";"39";"64";"75";"2021";"OUI";"NON";"200067106";"";"";"";"2021-10-06";"145842";""
"64087";"3199";"PLU";"COM";"2017-02-27 23:00:00+00:00";"2014-04-27 22:00:00+00:00";"39";"64";"75";"2021";"NON";"NON";"64087";"";"";"";"2021-10-06";"132364";""
"64088";"1131";"CC";"COM";"2007-07-16 22:00:00+00:00";"2004-06-27 22:00:00+00:00";"13";"64";"75";"2021";"NON";"NON";"64088";"";"";"";"2021-10-06";"15583";""
"64090";"1499";"CC";"CC";"2010-01-21 23:00:00+00:00";"2008-10-28 23:00:00+00:00";"19";"64";"75";"2021";"NON";"NON";"200067239";"";"";"";"2021-10-06";"36925";""
"64094";"3499";"PLU";"CA";"2020-01-31 23:00:00+00:00";"2015-10-05 22:00:00+00:00";"39";"64";"75";"2021";"NON";"NON";"200067106";"";"";"";"2021-10-06";"142102";""
"64095";"1499";"CC";"CC";"2009-12-30 23:00:00+00:00";"2008-09-30 22:00:00+00:00";"19";"64";"75";"2021";"NON";"NON";"200067296";"";"";"";"2021-10-06";"36054";""
"64096";"1199";"CC";"COM";"2016-03-02 23:00:00+00:00";"2011-01-19 23:00:00+00:00";"19";"64";"75";"2021";"NON";"NON";"64096";"";"";"";"2021-10-06";"45988";""
"64097";"1433";"CC";"CC";"2004-08-15 22:00:00+00:00";"2003-06-25 22:00:00+00:00";"13";"64";"75";"2021";"NON";"NON";"200067296";"";"";"";"2021-10-06";"28119";""
"64100";"3499";"PLU";"CA";"2017-07-20 22:00:00+00:00";"2013-04-08 22:00:00+00:00";"39";"64";"75";"2021";"NON";"NON";"200067106";"";"";"";"2021-10-06";"121295";""
"64101";"3199";"PLU";"COM";"2017-02-15 23:00:00+00:00";"2014-12-17 23:00:00+00:00";"39";"64";"75";"2021";"NON";"NON";"64101";"";"";"";"2021-10-06";"137777";""
"64102";"3433";"PLU";"CA";"2007-05-24 22:00:00+00:00";"2003-03-27 23:00:00+00:00";"33";"64";"75";"2021";"NON";"NON";"200067106";"";"";"";"2021-10-06";"4114";""
"64103";"1499";"CC";"CC";"2011-06-19 22:00:00+00:00";"2009-08-03 22:00:00+00:00";"19";"64";"75";"2021";"NON";"NON";"200067296";"";"";"";"2021-10-06";"36053";""
"64104";"3432";"PLU";"CC";"2013-06-24 22:00:00+00:00";"2009-03-05 23:00:00+00:00";"33";"64";"75";"2021";"NON";"NON";"200067262";"";"";"";"2021-10-06";"40321";""
"64105";"1433";"CC";"CA";"2017-09-13 22:00:00+00:00";"2015-09-09 22:00:00+00:00";"13";"64";"75";"2021";"NON";"NON";"64105";"";"";"";"2021-10-06";"141628";""
"64106";"1433";"CC";"CA";"2003-04-07 22:00:00+00:00";"2001-04-10 22:00:00+00:00";"13";"64";"75";"2021";"NON";"NON";"64106";"";"";"";"2021-10-06";"28797";""
"64108";"3199";"PLU";"COM";"2019-09-26 22:00:00+00:00";"2014-04-23 22:00:00+00:00";"39";"64";"75";"2021";"NON";"NON";"64108";"";"";"";"2021-10-06";"132324";""
"64109";"3199";"PLU";"COM";"2019-09-26 22:00:00+00:00";"2016-07-25 22:00:00+00:00";"39";"64";"75";"2021";"NON";"NON";"64109";"";"";"";"2021-10-06";"149947";""
"64110";"3199";"PLU";"COM";"2007-04-26 22:00:00+00:00";"2002-05-02 22:00:00+00:00";"39";"64";"75";"2021";"NON";"NON";"64110";"";"";"";"2021-10-06";"28171";""
"64112";"1199";"CC";"COM";"2013-09-03 22:00:00+00:00";"2006-02-02 23:00:00+00:00";"19";"64";"75";"2021";"NON";"NON";"64112";"";"";"";"2021-10-06";"28467";""
"64114";"3499";"PLU";"CC";"2021-03-24 23:00:00+00:00";"2008-04-06 22:00:00+00:00";"39";"64";"75";"2021";"NON";"NON";"200067296";"";"";"";"2021-10-06";"34827";""
"64116";"3131";"PLU";"COM";"2004-09-30 22:00:00+00:00";"2002-10-17 22:00:00+00:00";"33";"64";"75";"2021";"NON";"NON";"64116";"";"";"";"2021-10-06";"54057";""
"64117";"3199";"PLU";"COM";"2016-12-15 23:00:00+00:00";"2013-06-25 22:00:00+00:00";"39";"64";"75";"2021";"NON";"NON";"64117";"";"";"";"2021-10-06";"125235";""
"64119";"3131";"PLU";"COM";"2006-12-20 23:00:00+00:00";"2002-09-18 22:00:00+00:00";"33";"64";"75";"2021";"NON";"NON";"64119";"";"";"";"2021-10-06";"28061";""
"64120";"1433";"CC";"CA";"2007-10-14 22:00:00+00:00";"2005-09-16 22:00:00+00:00";"13";"64";"75";"2021";"NON";"NON";"200067106";"";"";"";"2021-10-06";"28798";""
"64121";"3299";"PLUi/PLUiS";"CA";"2019-12-18 23:00:00+00:00";"2015-12-16 23:00:00+00:00";"39";"64";"75";"2021";"NON";"OUI";"200067254";"";"";"";"2021-10-06";"144199";""
"64122";"3433";"PLU";"CA";"2003-12-21 23:00:00+00:00";"1997-07-17 22:00:00+00:00";"33";"64";"75";"2021";"NON";"NON";"200067106";"";"";"";"2021-10-06";"4125";""
"64123";"1499";"CC";"CA";"2007-03-19 23:00:00+00:00";"2006-07-24 22:00:00+00:00";"19";"64";"75";"2021";"NON";"NON";"200067106";"";"";"";"2021-10-06";"28799";""
"64124";"3433";"PLU";"CA";"2015-11-26 23:00:00+00:00";"2009-09-07 22:00:00+00:00";"33";"64";"75";"2021";"NON";"NON";"64124";"";"";"";"2021-10-06";"39465";""
"64125";"3433";"PLU";"CA";"2011-12-15 23:00:00+00:00";"2010-03-28 22:00:00+00:00";"33";"64";"75";"2021";"NON";"NON";"200067106";"";"";"";"2021-10-06";"41375";""
"64126";"3432";"PLU";"CC";"2007-10-23 22:00:00+00:00";"2004-06-22 22:00:00+00:00";"33";"64";"75";"2021";"NON";"NON";"200067262";"";"";"";"2021-10-06";"28172";""
"64127";"3199";"PLU";"COM";"2019-12-05 23:00:00+00:00";"2015-05-10 22:00:00+00:00";"39";"64";"75";"2021";"NON";"NON";"64127";"";"";"";"2021-10-06";"139109";""
"64128";"3199";"PLU";"COM";"2019-04-24 22:00:00+00:00";"2014-04-27 22:00:00+00:00";"39";"64";"75";"2021";"NON";"NON";"64128";"";"";"";"2021-10-06";"133322";""
"64129";"3299";"PLUi/PLUiS";"CA";"2019-12-18 23:00:00+00:00";"2015-12-16 23:00:00+00:00";"39";"64";"75";"2021";"NON";"OUI";"200067254";"";"";"";"2021-10-06";"144199";""
"64131";"1199";"CC";"COM";"2013-01-20 23:00:00+00:00";"2010-09-06 22:00:00+00:00";"19";"64";"75";"2021";"NON";"NON";"64131";"";"";"";"2021-10-06";"42396";""
"64132";"3299";"PLUi/PLUiS";"CA";"2019-12-18 23:00:00+00:00";"2015-12-16 23:00:00+00:00";"39";"64";"75";"2021";"NON";"OUI";"200067254";"";"";"";"2021-10-06";"144199";""
"64133";"3199";"PLU";"COM";"2020-11-17 23:00:00+00:00";"2016-06-21 22:00:00+00:00";"39";"64";"75";"2021";"NON";"NON";"64133";"";"";"";"2021-10-06";"149560";""
"64134";"3399";"PLUi/PLUiS";"CA";"2020-02-21 23:00:00+00:00";"2015-12-16 23:00:00+00:00";"39";"64";"75";"2021";"OUI";"NON";"200067106";"";"";"";"2021-10-06";"145842";""
"64135";"1199";"CC";"COM";"2010-06-20 22:00:00+00:00";"2003-11-13 23:00:00+00:00";"19";"64";"75";"2021";"NON";"NON";"64135";"";"";"";"2021-10-06";"15591";""
"64136";"3432";"PLU";"CC";"2009-03-05 23:00:00+00:00";"2002-11-09 23:00:00+00:00";"33";"64";"75";"2021";"NON";"NON";"200067262";"";"";"";"2021-10-06";"28175";""
"64137";"3131";"PLU";"COM";"2012-05-10 22:00:00+00:00";"2008-05-15 22:00:00+00:00";"33";"64";"75";"2021";"NON";"NON";"64137";"";"";"";"2021-10-06";"34828";""
"64138";"3199";"PLU";"COM";"2019-09-16 22:00:00+00:00";"2016-10-03 22:00:00+00:00";"39";"64";"75";"2021";"NON";"NON";"64138";"";"";"";"2021-10-06";"151016";""
"64139";"3299";"PLUi/PLUiS";"CA";"2019-12-18 23:00:00+00:00";"2015-12-16 23:00:00+00:00";"39";"64";"75";"2021";"NON";"OUI";"200067254";"";"";"";"2021-10-06";"144199";""
"64140";"3433";"PLU";"CA";"2005-11-06 23:00:00+00:00";"2001-06-10 22:00:00+00:00";"33";"64";"75";"2021";"NON";"NON";"200067106";"";"";"";"2021-10-06";"54058";""
"64141";"1499";"CC";"CC";"2013-01-03 23:00:00+00:00";"2006-03-30 22:00:00+00:00";"19";"64";"75";"2021";"NON";"NON";"200067239";"";"";"";"2021-10-06";"34659";""
"64142";"3299";"PLUi/PLUiS";"CA";"2019-12-18 23:00:00+00:00";"2015-12-16 23:00:00+00:00";"39";"64";"75";"2021";"NON";"OUI";"200067254";"";"";"";"2021-10-06";"144199";""
"64145";"1199";"CC";"COM";"2011-06-19 22:00:00+00:00";"2005-04-13 22:00:00+00:00";"19";"64";"75";"2021";"NON";"NON";"64145";"";"";"";"2021-10-06";"15593";""
"64146";"3399";"PLUi/PLUiS";"CC";"2020-02-05 23:00:00+00:00";"2015-12-09 23:00:00+00:00";"39";"64";"75";"2021";"OUI";"NON";"200067239";"";"";"";"2021-10-06";"143795";""
"64147";"3399";"PLUi/PLUiS";"CA";"2020-02-21 23:00:00+00:00";"2015-12-16 23:00:00+00:00";"39";"64";"75";"2021";"OUI";"NON";"200067106";"";"";"";"2021-10-06";"145842";""
"64150";"1433";"CC";"CA";"2015-01-19 23:00:00+00:00";"2008-07-03 22:00:00+00:00";"13";"64";"75";"2021";"NON";"NON";"64150";"";"";"";"2021-10-06";"35535";""
"64151";"1199";"CC";"COM";"2009-03-25 23:00:00+00:00";"2005-06-30 22:00:00+00:00";"19";"64";"75";"2021";"NON";"NON";"64151";"";"";"";"2021-10-06";"15595";""
"64152";"3499";"PLU";"CC";"2017-09-27 22:00:00+00:00";"2006-03-28 22:00:00+00:00";"39";"64";"75";"2021";"NON";"NON";"200067296";"";"";"";"2021-10-06";"28067";""
"64153";"1499";"CC";"CC";"2005-10-17 22:00:00+00:00";"2003-07-23 22:00:00+00:00";"19";"64";"75";"2021";"NON";"NON";"200067239";"";"";"";"2021-10-06";"28121";""
"64156";"1432";"CC";"CC";"2003-10-21 22:00:00+00:00";"2001-07-12 22:00:00+00:00";"13";"64";"75";"2021";"NON";"NON";"200067262";"";"";"";"2021-10-06";"68466";""
"64157";"1199";"CC";"COM";"2010-08-30 22:00:00+00:00";"2004-03-19 23:00:00+00:00";"19";"64";"75";"2021";"NON";"NON";"64157";"";"";"";"2021-10-06";"15596";""
"64160";"3499";"PLU";"CA";"2019-02-01 23:00:00+00:00";"2014-07-20 22:00:00+00:00";"39";"64";"75";"2021";"NON";"NON";"200067106";"";"";"";"2021-10-06";"132328";""
"64161";"1499";"CC";"CA";"2013-09-30 22:00:00+00:00";"2004-07-14 22:00:00+00:00";"19";"64";"75";"2021";"NON";"NON";"200067106";"";"";"";"2021-10-06";"28801";""
"64162";"1433";"CC";"CA";"2014-01-28 23:00:00+00:00";"2010-04-14 22:00:00+00:00";"13";"64";"75";"2021";"NON";"NON";"64162";"";"";"";"2021-10-06";"41539";""
"64165";"1199";"CC";"COM";"2007-05-22 22:00:00+00:00";"2002-10-07 22:00:00+00:00";"19";"64";"75";"2021";"NON";"NON";"64165";"";"";"";"2021-10-06";"15598";""
"64166";"1433";"CC";"CA";"2011-02-15 23:00:00+00:00";"2008-09-14 22:00:00+00:00";"13";"64";"75";"2021";"NON";"NON";"200067106";"";"";"";"2021-10-06";"36001";""
"64167";"3399";"PLUi/PLUiS";"CC";"2020-02-05 23:00:00+00:00";"2015-12-09 23:00:00+00:00";"39";"64";"75";"2021";"OUI";"NON";"200067239";"";"";"";"2021-10-06";"143795";""
"64171";"1131";"CC";"COM";"2011-06-21 22:00:00+00:00";"2007-05-20 22:00:00+00:00";"13";"64";"75";"2021";"NON";"NON";"64171";"";"";"";"2021-10-06";"42101";""
"64172";"1199";"CC";"COM";"2008-01-27 23:00:00+00:00";"2004-06-10 22:00:00+00:00";"19";"64";"75";"2021";"NON";"NON";"64172";"";"";"";"2021-10-06";"15600";""
"64173";"1432";"CC";"CC";"2019-03-12 23:00:00+00:00";"2016-06-01 22:00:00+00:00";"13";"64";"75";"2021";"NON";"NON";"200072106";"";"";"";"2021-10-06";"149452";""
"64175";"1199";"CC";"COM";"2011-04-05 22:00:00+00:00";"2006-07-19 22:00:00+00:00";"19";"64";"75";"2021";"NON";"NON";"64175";"";"";"";"2021-10-06";"30625";""
"64177";"3199";"PLU";"COM";"2019-07-10 22:00:00+00:00";"2014-09-24 22:00:00+00:00";"39";"64";"75";"2021";"NON";"NON";"64177";"";"";"";"2021-10-06";"132405";""
"64178";"1199";"CC";"COM";"2017-04-11 22:00:00+00:00";"2015-02-03 23:00:00+00:00";"19";"64";"75";"2021";"NON";"NON";"64178";"";"";"";"2021-10-06";"140021";""
"64181";"1199";"CC";"COM";"2004-08-22 22:00:00+00:00";"2002-12-01 23:00:00+00:00";"19";"64";"75";"2021";"NON";"NON";"64181";"";"";"";"2021-10-06";"69853";""
"64183";"3399";"PLUi/PLUiS";"CC";"2020-02-05 23:00:00+00:00";"2015-12-09 23:00:00+00:00";"39";"64";"75";"2021";"OUI";"NON";"200067239";"";"";"";"2021-10-06";"143795";""
"64184";"1131";"CC";"COM";"2011-05-30 22:00:00+00:00";"2009-02-25 23:00:00+00:00";"13";"64";"75";"2021";"NON";"NON";"64184";"";"";"";"2021-10-06";"37746";""
"64186";"1199";"CC";"COM";"2011-09-13 22:00:00+00:00";"2008-07-10 22:00:00+00:00";"19";"64";"75";"2021";"NON";"NON";"64186";"";"";"";"2021-10-06";"36332";""
"64188";"1433";"CC";"CA";"2011-02-17 23:00:00+00:00";"2008-05-15 22:00:00+00:00";"13";"64";"75";"2021";"NON";"NON";"200067106";"";"";"";"2021-10-06";"35546";""
"64190";"3399";"PLUi/PLUiS";"CC";"2020-02-05 23:00:00+00:00";"2015-12-09 23:00:00+00:00";"39";"64";"75";"2021";"OUI";"NON";"200067239";"";"";"";"2021-10-06";"143795";""
"64191";"3199";"PLU";"COM";"2017-01-23 23:00:00+00:00";"2014-04-28 22:00:00+00:00";"39";"64";"75";"2021";"NON";"NON";"64191";"";"";"";"2021-10-06";"131968";""
"64194";"1499";"CC";"CC";"2013-07-23 22:00:00+00:00";"2005-12-05 23:00:00+00:00";"19";"64";"75";"2021";"NON";"NON";"200067296";"";"";"";"2021-10-06";"15612";""
"64197";"3199";"PLU";"COM";"2016-06-01 22:00:00+00:00";"2013-04-16 22:00:00+00:00";"39";"64";"75";"2021";"NON";"NON";"64197";"";"";"";"2021-10-06";"122271";""
"64198";"3299";"PLUi/PLUiS";"CA";"2019-12-18 23:00:00+00:00";"2015-12-16 23:00:00+00:00";"39";"64";"75";"2021";"NON";"OUI";"200067254";"";"";"";"2021-10-06";"144199";""
"64199";"1499";"CC";"CC";"2013-05-20 22:00:00+00:00";"2006-07-06 22:00:00+00:00";"19";"64";"75";"2021";"NON";"NON";"200067239";"";"";"";"2021-10-06";"28108";""
"64200";"1199";"CC";"COM";"2009-08-23 22:00:00+00:00";"2008-11-30 23:00:00+00:00";"19";"64";"75";"2021";"NON";"NON";"64200";"";"";"";"2021-10-06";"37747";""
"64201";"1199";"CC";"COM";"2019-12-09 23:00:00+00:00";"2014-06-04 22:00:00+00:00";"19";"64";"75";"2021";"NON";"NON";"64201";"";"";"";"2021-10-06";"133263";""
"64202";"1433";"CC";"CA";"2020-01-29 23:00:00+00:00";"2015-10-12 22:00:00+00:00";"13";"64";"75";"2021";"NON";"NON";"64202";"";"";"";"2021-10-06";"142103";""
"64203";"3399";"PLUi/PLUiS";"CC";"2020-02-05 23:00:00+00:00";"2015-12-09 23:00:00+00:00";"39";"64";"75";"2021";"OUI";"NON";"200067239";"";"";"";"2021-10-06";"143795";""
"64204";"3131";"PLU";"COM";"2005-06-19 22:00:00+00:00";"2001-10-24 22:00:00+00:00";"33";"64";"75";"2021";"NON";"NON";"64204";"";"";"";"2021-10-06";"54060";""
"64205";"1199";"CC";"COM";"2020-12-16 23:00:00+00:00";"2017-02-19 23:00:00+00:00";"19";"64";"75";"2021";"NON";"NON";"64205";"";"";"";"2021-10-06";"161248";""
"64207";"1432";"CC";"CC";"2011-04-10 22:00:00+00:00";"2005-11-23 23:00:00+00:00";"13";"64";"75";"2021";"NON";"NON";"200067262";"";"";"";"2021-10-06";"28397";""
"64208";"1499";"CC";"CC";"2004-10-24 22:00:00+00:00";"2003-01-30 23:00:00+00:00";"19";"64";"75";"2021";"NON";"NON";"200067296";"";"";"";"2021-10-06";"28122";""
"64209";"1432";"CC";"CC";"2019-08-28 22:00:00+00:00";"2016-06-28 22:00:00+00:00";"13";"64";"75";"2021";"NON";"NON";"200067262";"";"";"";"2021-10-06";"149894";""
"64211";"3499";"PLU";"CC";"2011-03-31 22:00:00+00:00";"2007-05-10 22:00:00+00:00";"39";"64";"75";"2021";"NON";"NON";"200067296";"";"";"";"2021-10-06";"30345";""
"64212";"1499";"CC";"CC";"2011-12-22 23:00:00+00:00";"2009-07-01 22:00:00+00:00";"19";"64";"75";"2021";"NON";"NON";"200067296";"";"";"";"2021-10-06";"38571";""
"64213";"3434";"PLU";"CA";"2006-02-07 23:00:00+00:00";"1999-09-02 22:00:00+00:00";"33";"64";"75";"2021";"NON";"NON";"200067106";"";"";"";"2021-10-06";"28776";""
"64214";"3433";"PLU";"CA";"2015-06-30 22:00:00+00:00";"2009-12-03 23:00:00+00:00";"33";"64";"75";"2021";"NON";"NON";"64214";"";"";"";"2021-10-06";"40992";""
"64215";"1199";"CC";"COM";"2019-09-25 22:00:00+00:00";"2016-08-01 22:00:00+00:00";"19";"64";"75";"2021";"NON";"NON";"64215";"";"";"";"2021-10-06";"151480";""
"64216";"3433";"PLU";"CC";"2004-10-21 22:00:00+00:00";"1996-06-13 22:00:00+00:00";"33";"64";"75";"2021";"NON";"NON";"200067296";"";"";"";"2021-10-06";"54061";""
"64217";"1432";"CC";"CC";"2005-03-02 23:00:00+00:00";"2002-12-31 23:00:00+00:00";"13";"64";"75";"2021";"NON";"NON";"200067262";"";"";"";"2021-10-06";"69854";""
"64220";"1432";"CC";"CC";"2004-08-10 22:00:00+00:00";"2003-02-01 23:00:00+00:00";"13";"64";"75";"2021";"NON";"NON";"200067262";"";"";"";"2021-10-06";"68467";""
"64221";"1433";"CC";"CA";"2019-04-13 22:00:00+00:00";"2015-10-08 22:00:00+00:00";"13";"64";"75";"2021";"NON";"NON";"200067106";"";"";"";"2021-10-06";"140590";""
"64223";"3432";"PLU";"CC";"2018-03-21 23:00:00+00:00";"2011-03-23 23:00:00+00:00";"33";"64";"75";"2021";"NON";"NON";"200067262";"";"";"";"2021-10-06";"71025";""
"64224";"1432";"CC";"CC";"2003-10-24 22:00:00+00:00";"2002-02-01 23:00:00+00:00";"13";"64";"75";"2021";"NON";"NON";"200067262";"";"";"";"2021-10-06";"65316";""
"64225";"1432";"CC";"CC";"2008-04-15 22:00:00+00:00";"2004-02-04 23:00:00+00:00";"13";"64";"75";"2021";"NON";"NON";"200067262";"";"";"";"2021-10-06";"15559";""
"64227";"1414";"CC";"CC";"2002-06-24 22:00:00+00:00";"2001-04-13 22:00:00+00:00";"11";"64";"75";"2021";"NON";"NON";"200067296";"";"";"";"2021-10-06";"28123";""
"64228";"1433";"CC";"CA";"2018-02-18 23:00:00+00:00";"2015-09-07 22:00:00+00:00";"13";"64";"75";"2021";"NON";"NON";"200067106";"";"";"";"2021-10-06";"141629";""
"64230";"3299";"PLUi/PLUiS";"CA";"2019-12-18 23:00:00+00:00";"2015-12-16 23:00:00+00:00";"39";"64";"75";"2021";"NON";"OUI";"200067254";"";"";"";"2021-10-06";"144199";""
"64232";"3399";"PLUi/PLUiS";"CC";"2020-02-05 23:00:00+00:00";"2015-12-09 23:00:00+00:00";"39";"64";"75";"2021";"OUI";"NON";"200067239";"";"";"";"2021-10-06";"143795";""
"64233";"3499";"PLU";"CC";"2014-01-28 23:00:00+00:00";"2006-05-08 22:00:00+00:00";"39";"64";"75";"2021";"NON";"NON";"200067239";"";"";"";"2021-10-06";"28070";""
"64235";"3433";"PLU";"CA";"2016-12-21 23:00:00+00:00";"2015-03-05 23:00:00+00:00";"33";"64";"75";"2021";"NON";"NON";"64235";"";"";"";"2021-10-06";"137799";""
"64237";"3299";"PLUi/PLUiS";"CA";"2019-12-18 23:00:00+00:00";"2015-12-16 23:00:00+00:00";"39";"64";"75";"2021";"NON";"OUI";"200067254";"";"";"";"2021-10-06";"144199";""
"64241";"3332";"PLUi/PLUiS";"CC";"2019-11-06 23:00:00+00:00";"2015-09-29 22:00:00+00:00";"33";"64";"75";"2021";"OUI";"NON";"200067262";"";"";"";"2021-10-06";"139411";""
"64243";"1433";"CC";"CC";"2009-10-13 22:00:00+00:00";"2005-05-26 22:00:00+00:00";"13";"64";"75";"2021";"NON";"NON";"200067239";"";"";"";"2021-10-06";"28110";""
"64244";"3332";"PLUi/PLUiS";"CC";"2019-11-06 23:00:00+00:00";"2015-09-29 22:00:00+00:00";"33";"64";"75";"2021";"OUI";"NON";"200067262";"";"";"";"2021-10-06";"139411";""
"64245";"3432";"PLU";"CC";"2012-11-14 23:00:00+00:00";"2010-02-09 23:00:00+00:00";"33";"64";"75";"2021";"NON";"NON";"200067262";"";"";"";"2021-10-06";"41028";""
"64246";"1433";"CC";"CC";"2004-07-22 22:00:00+00:00";"2003-05-29 22:00:00+00:00";"13";"64";"75";"2021";"NON";"NON";"200067296";"";"";"";"2021-10-06";"28124";""
"64247";"1433";"CC";"CA";"2004-02-03 23:00:00+00:00";"2001-04-11 22:00:00+00:00";"13";"64";"75";"2021";"NON";"NON";"64247";"";"";"";"2021-10-06";"95307";""
"64249";"3499";"PLU";"CA";"2020-02-21 23:00:00+00:00";"2015-02-18 23:00:00+00:00";"39";"64";"75";"2021";"NON";"NON";"64249";"";"";"";"2021-10-06";"137804";""
"64250";"3434";"PLU";"CA";"2005-06-30 22:00:00+00:00";"2001-07-05 22:00:00+00:00";"33";"64";"75";"2021";"NON";"NON";"200067106";"";"";"";"2021-10-06";"54064";""
"64252";"3432";"PLU";"CC";"2017-07-11 22:00:00+00:00";"2013-09-03 22:00:00+00:00";"33";"64";"75";"2021";"NON";"NON";"200067262";"";"";"";"2021-10-06";"124299";""
"64253";"1199";"CC";"COM";"2016-08-28 22:00:00+00:00";"2014-06-29 22:00:00+00:00";"19";"64";"75";"2021";"NON";"NON";"64253";"";"";"";"2021-10-06";"143849";""
"64254";"1199";"CC";"COM";"2012-10-14 22:00:00+00:00";"2011-06-16 22:00:00+00:00";"19";"64";"75";"2021";"NON";"NON";"64254";"";"";"";"2021-10-06";"71600";""
"64255";"3499";"PLU";"CA";"2019-12-13 23:00:00+00:00";"2015-04-12 22:00:00+00:00";"39";"64";"75";"2021";"NON";"NON";"200067106";"";"";"";"2021-10-06";"138508";""
"64256";"3399";"PLUi/PLUiS";"CA";"2020-02-21 23:00:00+00:00";"2015-12-16 23:00:00+00:00";"39";"64";"75";"2021";"OUI";"NON";"200067106";"";"";"";"2021-10-06";"145842";""
"64257";"3199";"PLU";"COM";"2019-05-23 22:00:00+00:00";"2016-02-25 23:00:00+00:00";"39";"64";"75";"2021";"NON";"NON";"64257";"";"";"";"2021-10-06";"148076";""
"64259";"3399";"PLUi/PLUiS";"CA";"2020-02-21 23:00:00+00:00";"2015-12-16 23:00:00+00:00";"39";"64";"75";"2021";"OUI";"NON";"200067106";"";"";"";"2021-10-06";"145842";""
"64260";"3499";"PLU";"CA";"2020-02-21 23:00:00+00:00";"2014-09-29 22:00:00+00:00";"39";"64";"75";"2021";"NON";"NON";"64260";"";"";"";"2021-10-06";"135680";""
"64261";"1432";"CC";"CC";"2008-08-04 22:00:00+00:00";"2007-08-09 22:00:00+00:00";"13";"64";"75";"2021";"NON";"NON";"200067262";"";"";"";"2021-10-06";"35644";""
"64262";"1499";"CC";"CC";"2012-10-08 22:00:00+00:00";"2009-11-15 23:00:00+00:00";"19";"64";"75";"2021";"NON";"NON";"200067296";"";"";"";"2021-10-06";"39895";""
"64263";"1199";"CC";"COM";"2020-08-30 22:00:00+00:00";"2018-10-30 23:00:00+00:00";"19";"64";"75";"2021";"NON";"NON";"64263";"";"";"";"2021-10-06";"167391";""
"64265";"1433";"CC";"CA";"2013-02-06 23:00:00+00:00";"2008-09-17 22:00:00+00:00";"13";"64";"75";"2021";"NON";"NON";"200067106";"";"";"";"2021-10-06";"36002";""
"64267";"1433";"CC";"CA";"2012-09-27 22:00:00+00:00";"2008-07-15 22:00:00+00:00";"13";"64";"75";"2021";"NON";"NON";"64267";"";"";"";"2021-10-06";"35755";""
"64268";"1433";"CC";"CA";"2014-03-04 23:00:00+00:00";"2010-09-20 22:00:00+00:00";"13";"64";"75";"2021";"NON";"NON";"64268";"";"";"";"2021-10-06";"43145";""
"64269";"3299";"PLUi/PLUiS";"CA";"2019-12-18 23:00:00+00:00";"2015-12-16 23:00:00+00:00";"39";"64";"75";"2021";"NON";"OUI";"200067254";"";"";"";"2021-10-06";"144199";""
"64270";"3199";"PLU";"COM";"2019-12-09 23:00:00+00:00";"2016-04-04 22:00:00+00:00";"39";"64";"75";"2021";"NON";"NON";"64270";"";"";"";"2021-10-06";"147628";""
"64271";"1433";"CC";"CA";"2020-01-22 23:00:00+00:00";"2016-03-23 23:00:00+00:00";"13";"64";"75";"2021";"NON";"NON";"64271";"";"";"";"2021-10-06";"148866";""
"64272";"1433";"CC";"CA";"2020-07-16 22:00:00+00:00";"2016-05-19 22:00:00+00:00";"13";"64";"75";"2021";"NON";"NON";"200067106";"";"";"";"2021-10-06";"151374";""
"64273";"1433";"CC";"CA";"2016-02-08 23:00:00+00:00";"2010-10-06 22:00:00+00:00";"13";"64";"75";"2021";"NON";"NON";"200067106";"";"";"";"2021-10-06";"43147";""
"64274";"1433";"CC";"CA";"2010-05-11 22:00:00+00:00";"2008-04-13 22:00:00+00:00";"13";"64";"75";"2021";"NON";"NON";"64274";"";"";"";"2021-10-06";"34780";""
"64275";"1433";"CC";"CA";"2011-09-21 22:00:00+00:00";"2002-10-29 23:00:00+00:00";"13";"64";"75";"2021";"NON";"NON";"64275";"";"";"";"2021-10-06";"15629";""
"64276";"1432";"CC";"CC";"2007-10-14 22:00:00+00:00";"2005-08-04 22:00:00+00:00";"13";"64";"75";"2021";"NON";"NON";"200067262";"";"";"";"2021-10-06";"15631";""
"64277";"3399";"PLUi/PLUiS";"CA";"2020-02-21 23:00:00+00:00";"2015-12-16 23:00:00+00:00";"39";"64";"75";"2021";"OUI";"NON";"200067106";"";"";"";"2021-10-06";"145842";""
"64279";"3434";"PLU";"CA";"2007-12-21 23:00:00+00:00";"2001-06-27 22:00:00+00:00";"33";"64";"75";"2021";"NON";"NON";"200067106";"";"";"";"2021-10-06";"28784";""
"64281";"1199";"CC";"COM";"2003-02-10 23:00:00+00:00";"2002-02-01 23:00:00+00:00";"19";"64";"75";"2021";"NON";"NON";"64281";"";"";"";"2021-10-06";"68470";""
"64282";"3499";"PLU";"CA";"2014-01-29 23:00:00+00:00";"2010-05-26 22:00:00+00:00";"39";"64";"75";"2021";"NON";"NON";"200067106";"";"";"";"2021-10-06";"41708";""
"64283";"1433";"CC";"CA";"2011-04-10 22:00:00+00:00";"2009-01-23 23:00:00+00:00";"13";"64";"75";"2021";"NON";"NON";"200067106";"";"";"";"2021-10-06";"37432";""
"64284";"3299";"PLUi/PLUiS";"CA";"2019-12-18 23:00:00+00:00";"2015-12-16 23:00:00+00:00";"39";"64";"75";"2021";"NON";"OUI";"200067254";"";"";"";"2021-10-06";"144199";""
"64286";"1199";"CC";"COM";"2009-07-02 22:00:00+00:00";"2005-04-21 22:00:00+00:00";"19";"64";"75";"2021";"NON";"NON";"64286";"";"";"";"2021-10-06";"15633";""
"64288";"3199";"PLU";"COM";"2016-07-24 22:00:00+00:00";"2012-09-23 22:00:00+00:00";"39";"64";"75";"2021";"NON";"NON";"64288";"";"";"";"2021-10-06";"112655";""
"64289";"3399";"PLUi/PLUiS";"CA";"2020-02-21 23:00:00+00:00";"2015-12-16 23:00:00+00:00";"39";"64";"75";"2021";"OUI";"NON";"200067106";"";"";"";"2021-10-06";"145842";""
"64290";"1131";"CC";"COM";"2014-04-14 22:00:00+00:00";"2013-02-18 23:00:00+00:00";"13";"64";"75";"2021";"NON";"NON";"64290";"";"";"";"2021-10-06";"120840";""
"64291";"1199";"CC";"COM";"2009-07-16 22:00:00+00:00";"2006-09-08 22:00:00+00:00";"19";"64";"75";"2021";"NON";"NON";"64291";"";"";"";"2021-10-06";"33983";""
"64292";"1199";"CC";"COM";"2015-07-22 22:00:00+00:00";"2012-04-09 22:00:00+00:00";"19";"64";"75";"2021";"NON";"NON";"64292";"";"";"";"2021-10-06";"107700";""
"64293";"1432";"CC";"CC";"2008-05-27 22:00:00+00:00";"2005-05-08 22:00:00+00:00";"13";"64";"75";"2021";"NON";"NON";"200072106";"";"";"";"2021-10-06";"15634";""
"64294";"1433";"CC";"CA";"2020-06-03 22:00:00+00:00";"2015-07-19 22:00:00+00:00";"13";"64";"75";"2021";"NON";"NON";"64294";"";"";"";"2021-10-06";"153220";""
"64295";"1199";"CC";"COM";"2011-08-09 22:00:00+00:00";"2009-01-29 23:00:00+00:00";"19";"64";"75";"2021";"NON";"NON";"64295";"";"";"";"2021-10-06";"37427";""
"64296";"3199";"PLU";"COM";"2021-01-27 23:00:00+00:00";"2013-05-12 22:00:00+00:00";"39";"64";"75";"2021";"NON";"NON";"64296";"";"";"";"2021-10-06";"122131";""
"64297";"1433";"CC";"CA";"2015-04-01 22:00:00+00:00";"2009-11-20 23:00:00+00:00";"13";"64";"75";"2021";"NON";"NON";"64297";"";"";"";"2021-10-06";"39662";""
"64299";"3199";"PLU";"COM";"2015-04-13 22:00:00+00:00";"2008-05-28 22:00:00+00:00";"39";"64";"75";"2021";"NON";"NON";"64299";"";"";"";"2021-10-06";"38181";""
"64300";"3199";"PLU";"COM";"2019-05-19 22:00:00+00:00";"2013-02-10 23:00:00+00:00";"39";"64";"75";"2021";"NON";"NON";"64300";"";"";"";"2021-10-06";"120366";""
"64301";"3199";"PLU";"COM";"2017-09-19 22:00:00+00:00";"2014-05-20 22:00:00+00:00";"39";"64";"75";"2021";"NON";"NON";"64301";"";"";"";"2021-10-06";"132367";""
"64302";"3199";"PLU";"COM";"2012-10-08 22:00:00+00:00";"2005-05-09 22:00:00+00:00";"39";"64";"75";"2021";"NON";"NON";"64302";"";"";"";"2021-10-06";"28075";""
"64304";"3499";"PLU";"CA";"2020-02-21 23:00:00+00:00";"2016-07-25 22:00:00+00:00";"39";"64";"75";"2021";"NON";"NON";"200067106";"";"";"";"2021-10-06";"150151";""
"64305";"1131";"CC";"COM";"2008-01-23 23:00:00+00:00";"2003-11-23 23:00:00+00:00";"13";"64";"75";"2021";"NON";"NON";"64305";"";"";"";"2021-10-06";"15636";""
"64306";"1199";"CC";"COM";"2011-11-21 23:00:00+00:00";"2009-12-31 23:00:00+00:00";"19";"64";"75";"2021";"NON";"NON";"64306";"";"";"";"2021-10-06";"89087";""
"64307";"1499";"CC";"CC";"2013-11-18 23:00:00+00:00";"2007-03-07 23:00:00+00:00";"19";"64";"75";"2021";"NON";"NON";"200067296";"";"";"";"2021-10-06";"28111";""
"64308";"3399";"PLUi/PLUiS";"CC";"2020-02-05 23:00:00+00:00";"2015-12-09 23:00:00+00:00";"39";"64";"75";"2021";"OUI";"NON";"200067239";"";"";"";"2021-10-06";"143795";""
"64310";"1432";"CC";"CC";"2011-04-10 22:00:00+00:00";"2006-11-07 23:00:00+00:00";"13";"64";"75";"2021";"NON";"NON";"200067262";"";"";"";"2021-10-06";"32890";""
"64312";"1199";"CC";"COM";"2007-10-14 22:00:00+00:00";"2004-10-07 22:00:00+00:00";"19";"64";"75";"2021";"NON";"NON";"64312";"";"";"";"2021-10-06";"15637";""
"64314";"1433";"CC";"CA";"2012-08-12 22:00:00+00:00";"2008-06-25 22:00:00+00:00";"13";"64";"75";"2021";"NON";"NON";"64314";"";"";"";"2021-10-06";"35536";""
"64315";"3299";"PLUi/PLUiS";"CA";"2019-12-18 23:00:00+00:00";"2015-12-16 23:00:00+00:00";"39";"64";"75";"2021";"NON";"OUI";"200067254";"";"";"";"2021-10-06";"144199";""
"64317";"3499";"PLU";"CA";"2019-03-15 23:00:00+00:00";"2014-08-06 22:00:00+00:00";"39";"64";"75";"2021";"NON";"NON";"200067106";"";"";"";"2021-10-06";"132354";""
"64319";"1433";"CC";"CA";"2018-11-14 23:00:00+00:00";"2016-06-19 22:00:00+00:00";"13";"64";"75";"2021";"NON";"NON";"64319";"";"";"";"2021-10-06";"148867";""
"64320";"3199";"PLU";"COM";"2018-10-09 22:00:00+00:00";"2003-01-19 23:00:00+00:00";"39";"64";"75";"2021";"NON";"NON";"64320";"";"";"";"2021-10-06";"28178";""
"64321";"3399";"PLUi/PLUiS";"CC";"2020-02-05 23:00:00+00:00";"2015-12-09 23:00:00+00:00";"39";"64";"75";"2021";"OUI";"NON";"200067239";"";"";"";"2021-10-06";"143795";""
"64322";"1433";"CC";"CA";"2012-02-13 23:00:00+00:00";"2009-02-15 23:00:00+00:00";"13";"64";"75";"2021";"NON";"NON";"200067106";"";"";"";"2021-10-06";"39530";""
"64324";"3432";"PLU";"CC";"2012-06-20 22:00:00+00:00";"2005-09-12 22:00:00+00:00";"33";"64";"75";"2021";"NON";"NON";"200067262";"";"";"";"2021-10-06";"28177";""
"64325";"3432";"PLU";"CC";"2016-06-15 22:00:00+00:00";"2010-05-17 22:00:00+00:00";"33";"64";"75";"2021";"NON";"NON";"200067262";"";"";"";"2021-10-06";"41657";""
"64327";"1433";"CC";"CA";"2013-04-17 22:00:00+00:00";"2009-03-28 23:00:00+00:00";"13";"64";"75";"2021";"NON";"NON";"64327";"";"";"";"2021-10-06";"36388";""
"64328";"3432";"PLU";"CC";"2009-06-07 22:00:00+00:00";"2006-03-30 22:00:00+00:00";"33";"64";"75";"2021";"NON";"NON";"200067262";"";"";"";"2021-10-06";"28179";""
"64329";"3299";"PLUi/PLUiS";"CA";"2019-12-18 23:00:00+00:00";"2015-12-16 23:00:00+00:00";"39";"64";"75";"2021";"NON";"OUI";"200067254";"";"";"";"2021-10-06";"144199";""
"64330";"3432";"PLU";"CC";"2018-03-21 23:00:00+00:00";"2009-06-15 22:00:00+00:00";"33";"64";"75";"2021";"NON";"NON";"200067262";"";"";"";"2021-10-06";"40322";""
"64331";"3499";"PLU";"CC";"2021-03-24 23:00:00+00:00";"2012-08-27 22:00:00+00:00";"39";"64";"75";"2021";"NON";"NON";"200067296";"";"";"";"2021-10-06";"28076";""
"64332";"3399";"PLUi/PLUiS";"CC";"2020-02-05 23:00:00+00:00";"2015-12-09 23:00:00+00:00";"39";"64";"75";"2021";"OUI";"NON";"200067239";"";"";"";"2021-10-06";"143795";""
"64334";"1199";"CC";"COM";"2015-09-22 22:00:00+00:00";"2013-04-07 22:00:00+00:00";"19";"64";"75";"2021";"NON";"NON";"64334";"";"";"";"2021-10-06";"123783";""
"64335";"3299";"PLUi/PLUiS";"CA";"2019-12-18 23:00:00+00:00";"2015-12-16 23:00:00+00:00";"39";"64";"75";"2021";"NON";"OUI";"200067254";"";"";"";"2021-10-06";"144199";""
"64339";"3199";"PLU";"COM";"2020-09-08 22:00:00+00:00";"2016-10-12 22:00:00+00:00";"39";"64";"75";"2021";"NON";"NON";"64339";"";"";"";"2021-10-06";"151354";""
"64342";"1433";"CC";"CA";"2013-05-01 22:00:00+00:00";"2012-11-02 23:00:00+00:00";"13";"64";"75";"2021";"NON";"NON";"200067106";"";"";"";"2021-10-06";"121502";""
"64343";"1433";"CC";"CC";"2005-06-25 22:00:00+00:00";"2004-06-01 22:00:00+00:00";"13";"64";"75";"2021";"NON";"NON";"200067296";"";"";"";"2021-10-06";"28113";""
"64344";"1433";"CC";"CC";"2013-09-23 22:00:00+00:00";"2011-05-19 22:00:00+00:00";"13";"64";"75";"2021";"NON";"NON";"200067296";"";"";"";"2021-10-06";"71331";""
"64345";"1433";"CC";"CA";"2020-01-30 23:00:00+00:00";"2016-01-28 23:00:00+00:00";"13";"64";"75";"2021";"NON";"NON";"64345";"";"";"";"2021-10-06";"140589";""
"64346";"1499";"CC";"CC";"2007-07-31 22:00:00+00:00";"2006-03-09 23:00:00+00:00";"19";"64";"75";"2021";"NON";"NON";"200067296";"";"";"";"2021-10-06";"28127";""
"64347";"1433";"CC";"CC";"2014-08-19 22:00:00+00:00";"2011-11-02 23:00:00+00:00";"13";"64";"75";"2021";"NON";"NON";"200067239";"";"";"";"2021-10-06";"89071";""
"64348";"3299";"PLUi/PLUiS";"CA";"2019-12-18 23:00:00+00:00";"2015-12-16 23:00:00+00:00";"39";"64";"75";"2021";"NON";"OUI";"200067254";"";"";"";"2021-10-06";"144199";""
"64349";"3199";"PLU";"COM";"2020-02-19 23:00:00+00:00";"2015-04-29 22:00:00+00:00";"39";"64";"75";"2021";"NON";"NON";"64349";"";"";"";"2021-10-06";"138629";""
"64350";"3499";"PLU";"CA";"2019-04-12 22:00:00+00:00";"2015-01-14 23:00:00+00:00";"39";"64";"75";"2021";"NON";"NON";"200067106";"";"";"";"2021-10-06";"137812";""
"64351";"3432";"PLU";"CC";"2018-12-12 23:00:00+00:00";"2013-01-30 23:00:00+00:00";"33";"64";"75";"2021";"NON";"NON";"200067262";"";"";"";"2021-10-06";"124674";""
"64352";"1433";"CC";"CC";"2008-01-08 23:00:00+00:00";"2004-03-04 23:00:00+00:00";"13";"64";"75";"2021";"NON";"NON";"200067296";"";"";"";"2021-10-06";"15649";""
"64353";"3199";"PLU";"COM";"2012-05-03 22:00:00+00:00";"2005-08-09 22:00:00+00:00";"39";"64";"75";"2021";"NON";"NON";"64353";"";"";"";"2021-10-06";"28180";""
"64358";"1433";"CC";"CC";"2010-03-14 23:00:00+00:00";"2008-05-25 22:00:00+00:00";"13";"64";"75";"2021";"NON";"NON";"200067296";"";"";"";"2021-10-06";"35528";""
"64359";"1199";"CC";"COM";"2010-11-16 23:00:00+00:00";"2004-09-29 22:00:00+00:00";"19";"64";"75";"2021";"NON";"NON";"64359";"";"";"";"2021-10-06";"15650";""
"64360";"3432";"PLU";"CC";"2013-06-13 22:00:00+00:00";"2006-03-30 22:00:00+00:00";"33";"64";"75";"2021";"NON";"NON";"200067262";"";"";"";"2021-10-06";"28181";""
"64363";"1199";"CC";"COM";"2013-04-10 22:00:00+00:00";"2012-07-30 22:00:00+00:00";"19";"64";"75";"2021";"NON";"NON";"64363";"";"";"";"2021-10-06";"115958";""
"64364";"3399";"PLUi/PLUiS";"CA";"2020-02-21 23:00:00+00:00";"2015-12-16 23:00:00+00:00";"39";"64";"75";"2021";"OUI";"NON";"200067106";"";"";"";"2021-10-06";"145842";""
"64365";"1433";"CC";"CC";"2013-10-15 22:00:00+00:00";"2010-06-08 22:00:00+00:00";"13";"64";"75";"2021";"NON";"NON";"200067239";"";"";"";"2021-10-06";"41759";""
"64367";"3199";"PLU";"COM";"2010-12-16 23:00:00+00:00";"2005-05-25 22:00:00+00:00";"39";"64";"75";"2021";"NON";"NON";"64367";"";"";"";"2021-10-06";"28460";""
"64368";"1433";"CC";"CA";"2012-03-08 23:00:00+00:00";"2011-08-11 22:00:00+00:00";"13";"64";"75";"2021";"NON";"NON";"200067106";"";"";"";"2021-10-06";"76669";""
"64369";"1499";"CC";"CC";"2020-06-22 22:00:00+00:00";"2005-03-05 23:00:00+00:00";"19";"64";"75";"2021";"NON";"NON";"200067296";"";"";"";"2021-10-06";"15652";""
"64370";"1499";"CC";"CC";"2007-04-19 22:00:00+00:00";"2006-01-01 23:00:00+00:00";"19";"64";"75";"2021";"NON";"NON";"200067296";"";"";"";"2021-10-06";"28137";""
"64371";"3433";"PLU";"CA";"2005-03-14 23:00:00+00:00";"2000-12-31 23:00:00+00:00";"33";"64";"75";"2021";"NON";"NON";"64371";"";"";"";"2021-10-06";"59268";""
"64373";"3299";"PLUi/PLUiS";"CA";"2019-12-18 23:00:00+00:00";"2015-12-16 23:00:00+00:00";"39";"64";"75";"2021";"NON";"OUI";"200067254";"";"";"";"2021-10-06";"144199";""
"64374";"1433";"CC";"CC";"2005-09-29 22:00:00+00:00";"2003-10-23 22:00:00+00:00";"13";"64";"75";"2021";"NON";"NON";"200067239";"";"";"";"2021-10-06";"28138";""
"64376";"3299";"PLUi/PLUiS";"CA";"2019-12-18 23:00:00+00:00";"2015-12-16 23:00:00+00:00";"39";"64";"75";"2021";"NON";"OUI";"200067254";"";"";"";"2021-10-06";"144199";""
"64377";"3399";"PLUi/PLUiS";"CA";"2020-02-21 23:00:00+00:00";"2015-12-16 23:00:00+00:00";"39";"64";"75";"2021";"OUI";"NON";"200067106";"";"";"";"2021-10-06";"145842";""
"64381";"1199";"CC";"COM";"2011-04-19 22:00:00+00:00";"2008-05-01 22:00:00+00:00";"19";"64";"75";"2021";"NON";"NON";"64381";"";"";"";"2021-10-06";"35533";""
"64382";"3199";"PLU";"COM";"2017-09-12 22:00:00+00:00";"2013-07-24 22:00:00+00:00";"39";"64";"75";"2021";"NON";"NON";"64382";"";"";"";"2021-10-06";"123551";""
"64385";"3399";"PLUi/PLUiS";"CC";"2020-02-05 23:00:00+00:00";"2015-12-09 23:00:00+00:00";"39";"64";"75";"2021";"OUI";"NON";"200067239";"";"";"";"2021-10-06";"143795";""
"64386";"1131";"CC";"COM";"2007-08-15 22:00:00+00:00";"2003-03-27 23:00:00+00:00";"13";"64";"75";"2021";"NON";"NON";"64386";"";"";"";"2021-10-06";"15658";""
"64387";"3399";"PLUi/PLUiS";"CC";"2020-02-05 23:00:00+00:00";"2015-12-09 23:00:00+00:00";"39";"64";"75";"2021";"OUI";"NON";"200067239";"";"";"";"2021-10-06";"143795";""
"64392";"1499";"CC";"CC";"2010-06-17 22:00:00+00:00";"2008-06-18 22:00:00+00:00";"19";"64";"75";"2021";"NON";"NON";"200067239";"";"";"";"2021-10-06";"35241";""
"64393";"3199";"PLU";"COM";"2013-09-23 22:00:00+00:00";"2009-09-06 22:00:00+00:00";"39";"64";"75";"2021";"NON";"NON";"64393";"";"";"";"2021-10-06";"39680";""
"64396";"3131";"PLU";"COM";"2016-03-30 22:00:00+00:00";"2012-06-26 22:00:00+00:00";"33";"64";"75";"2021";"NON";"NON";"64396";"";"";"";"2021-10-06";"110750";""
"64398";"1432";"CC";"CC";"2002-06-27 22:00:00+00:00";"2001-07-09 22:00:00+00:00";"13";"64";"75";"2021";"NON";"NON";"200072106";"";"";"";"2021-10-06";"28140";""
"64399";"3399";"PLUi/PLUiS";"CC";"2020-02-05 23:00:00+00:00";"2015-12-09 23:00:00+00:00";"39";"64";"75";"2021";"OUI";"NON";"200067239";"";"";"";"2021-10-06";"143795";""
"64400";"3131";"PLU";"COM";"2008-02-11 23:00:00+00:00";"2003-10-06 22:00:00+00:00";"33";"64";"75";"2021";"NON";"NON";"64400";"";"";"";"2021-10-06";"28081";""
"64401";"1499";"CC";"CC";"2009-12-29 23:00:00+00:00";"2007-05-21 22:00:00+00:00";"19";"64";"75";"2021";"NON";"NON";"200067239";"";"";"";"2021-10-06";"30689";""
"64403";"1199";"CC";"COM";"2019-11-07 23:00:00+00:00";"2016-07-07 22:00:00+00:00";"19";"64";"75";"2021";"NON";"NON";"64403";"";"";"";"2021-10-06";"151481";""
"64405";"3434";"PLU";"CC";"2005-07-06 22:00:00+00:00";"2002-12-18 23:00:00+00:00";"33";"64";"75";"2021";"NON";"NON";"200067296";"";"";"";"2021-10-06";"28082";""
"64406";"1433";"CC";"CC";"2013-09-22 22:00:00+00:00";"2006-07-10 22:00:00+00:00";"13";"64";"75";"2021";"NON";"NON";"200067239";"";"";"";"2021-10-06";"34690";""
"64407";"3434";"PLU";"CA";"2005-03-23 23:00:00+00:00";"2001-06-06 22:00:00+00:00";"33";"64";"75";"2021";"NON";"NON";"200067106";"";"";"";"2021-10-06";"54068";""
"64409";"1432";"CC";"CC";"2004-12-11 23:00:00+00:00";"2004-02-01 23:00:00+00:00";"13";"64";"75";"2021";"NON";"NON";"200067262";"";"";"";"2021-10-06";"15888";""
"64410";"3199";"PLU";"COM";"2013-10-30 23:00:00+00:00";"2005-06-05 22:00:00+00:00";"39";"64";"75";"2021";"NON";"NON";"64410";"";"";"";"2021-10-06";"42107";""
"64412";"1199";"CC";"COM";"2019-10-29 23:00:00+00:00";"2016-10-02 22:00:00+00:00";"19";"64";"75";"2021";"NON";"NON";"64412";"";"";"";"2021-10-06";"151482";""
"64413";"3199";"PLU";"COM";"2020-02-02 23:00:00+00:00";"2016-06-28 22:00:00+00:00";"39";"64";"75";"2021";"NON";"NON";"64413";"";"";"";"2021-10-06";"150001";""
"64414";"1199";"CC";"COM";"2018-02-12 23:00:00+00:00";"2015-02-17 23:00:00+00:00";"19";"64";"75";"2021";"NON";"NON";"64414";"";"";"";"2021-10-06";"141486";""
"64415";"3399";"PLUi/PLUiS";"CC";"2020-02-05 23:00:00+00:00";"2015-12-09 23:00:00+00:00";"39";"64";"75";"2021";"OUI";"NON";"200067239";"";"";"";"2021-10-06";"143795";""
"64416";"3199";"PLU";"COM";"2008-01-08 23:00:00+00:00";"2003-06-17 22:00:00+00:00";"39";"64";"75";"2021";"NON";"NON";"64416";"";"";"";"2021-10-06";"28462";""
"64417";"3199";"PLU";"COM";"2019-02-12 23:00:00+00:00";"2014-11-11 23:00:00+00:00";"39";"64";"75";"2021";"NON";"NON";"64417";"";"";"";"2021-10-06";"159936";""
"64418";"3199";"PLU";"COM";"2017-01-18 23:00:00+00:00";"2013-07-31 22:00:00+00:00";"39";"64";"75";"2021";"NON";"NON";"64418";"";"";"";"2021-10-06";"123786";""
"64419";"3433";"PLU";"CC";"2013-09-25 22:00:00+00:00";"2010-02-16 23:00:00+00:00";"33";"64";"75";"2021";"NON";"NON";"200067296";"";"";"";"2021-10-06";"41031";""
"64420";"1199";"CC";"COM";"2007-03-15 23:00:00+00:00";"2005-05-12 22:00:00+00:00";"19";"64";"75";"2021";"NON";"NON";"64420";"";"";"";"2021-10-06";"15661";""
"64421";"3432";"PLU";"CC";"2011-11-23 23:00:00+00:00";"2003-11-23 23:00:00+00:00";"33";"64";"75";"2021";"NON";"NON";"200067262";"";"";"";"2021-10-06";"28183";""
"64422";"3432";"PLU";"CC";"2012-06-25 22:00:00+00:00";"2005-12-20 23:00:00+00:00";"33";"64";"75";"2021";"NON";"NON";"200067262";"";"";"";"2021-10-06";"28385";""
"64425";"1433";"CC";"CA";"2016-12-28 23:00:00+00:00";"2014-10-08 22:00:00+00:00";"13";"64";"75";"2021";"NON";"NON";"64425";"";"";"";"2021-10-06";"133065";""
"64426";"3332";"PLUi/PLUiS";"CC";"2019-11-06 23:00:00+00:00";"2015-09-29 22:00:00+00:00";"33";"64";"75";"2021";"OUI";"NON";"200067262";"";"";"";"2021-10-06";"139411";""
"64428";"1199";"CC";"COM";"2008-02-24 23:00:00+00:00";"2005-11-27 23:00:00+00:00";"19";"64";"75";"2021";"NON";"NON";"64428";"";"";"";"2021-10-06";"30923";""
"64430";"3199";"PLU";"COM";"2013-04-09 22:00:00+00:00";"2008-06-23 22:00:00+00:00";"39";"64";"75";"2021";"NON";"NON";"64430";"";"";"";"2021-10-06";"35532";""
"64431";"1199";"CC";"COM";"2012-07-19 22:00:00+00:00";"2004-01-26 23:00:00+00:00";"19";"64";"75";"2021";"NON";"NON";"64431";"";"";"";"2021-10-06";"15664";""
"64433";"3432";"PLU";"CC";"2015-09-10 22:00:00+00:00";"2011-09-12 22:00:00+00:00";"33";"64";"75";"2021";"NON";"NON";"200067262";"";"";"";"2021-10-06";"78198";""
"64435";"1433";"CC";"CA";"2019-02-14 23:00:00+00:00";"2015-10-06 22:00:00+00:00";"13";"64";"75";"2021";"NON";"NON";"64435";"";"";"";"2021-10-06";"141831";""
"64436";"1433";"CC";"CA";"2005-01-17 23:00:00+00:00";"2001-08-27 22:00:00+00:00";"13";"64";"75";"2021";"NON";"NON";"64436";"";"";"";"2021-10-06";"28809";""
"64437";"1433";"CC";"CA";"2019-06-27 22:00:00+00:00";"2012-06-10 22:00:00+00:00";"13";"64";"75";"2021";"NON";"NON";"64437";"";"";"";"2021-10-06";"113183";""
"64438";"3499";"PLU";"CC";"2013-03-17 23:00:00+00:00";"2008-10-06 22:00:00+00:00";"39";"64";"75";"2021";"NON";"NON";"200067296";"";"";"";"2021-10-06";"36798";""
"64439";"3299";"PLUi/PLUiS";"CA";"2019-12-18 23:00:00+00:00";"2015-12-16 23:00:00+00:00";"39";"64";"75";"2021";"NON";"OUI";"200067254";"";"";"";"2021-10-06";"144199";""
"64440";"1199";"CC";"COM";"2009-05-03 22:00:00+00:00";"2005-09-21 22:00:00+00:00";"19";"64";"75";"2021";"NON";"NON";"64440";"";"";"";"2021-10-06";"34121";""
"64442";"3199";"PLU";"COM";"2017-05-29 22:00:00+00:00";"2014-04-24 22:00:00+00:00";"39";"64";"75";"2021";"NON";"NON";"64442";"";"";"";"2021-10-06";"146579";""
"64443";"3199";"PLU";"COM";"2015-06-24 22:00:00+00:00";"2010-03-22 23:00:00+00:00";"39";"64";"75";"2021";"NON";"NON";"64443";"";"";"";"2021-10-06";"41232";""
"64444";"3199";"PLU";"COM";"2012-12-19 23:00:00+00:00";"2009-01-28 23:00:00+00:00";"39";"64";"75";"2021";"NON";"NON";"64444";"";"";"";"2021-10-06";"38060";""
"64445";"3299";"PLUi/PLUiS";"CA";"2019-12-18 23:00:00+00:00";"2015-12-16 23:00:00+00:00";"39";"64";"75";"2021";"NON";"OUI";"200067254";"";"";"";"2021-10-06";"144199";""
"64448";"3299";"PLUi/PLUiS";"CA";"2019-12-18 23:00:00+00:00";"2015-12-16 23:00:00+00:00";"39";"64";"75";"2021";"NON";"OUI";"200067254";"";"";"";"2021-10-06";"144199";""
"64450";"3433";"PLU";"CC";"2016-12-11 23:00:00+00:00";"2012-06-04 22:00:00+00:00";"33";"64";"75";"2021";"NON";"NON";"200067239";"";"";"";"2021-10-06";"107925";""
"64453";"3433";"PLU";"CC";"2013-06-25 22:00:00+00:00";"2002-08-21 22:00:00+00:00";"33";"64";"75";"2021";"NON";"NON";"200067296";"";"";"";"2021-10-06";"28090";""
"64455";"1499";"CC";"CC";"2017-12-17 23:00:00+00:00";"2015-02-08 23:00:00+00:00";"19";"64";"75";"2021";"NON";"NON";"200067239";"";"";"";"2021-10-06";"28141";""
"64456";"3399";"PLUi/PLUiS";"CC";"2020-02-05 23:00:00+00:00";"2015-12-09 23:00:00+00:00";"39";"64";"75";"2021";"OUI";"NON";"200067239";"";"";"";"2021-10-06";"143795";""
"64458";"3332";"PLUi/PLUiS";"CC";"2019-11-06 23:00:00+00:00";"2015-09-29 22:00:00+00:00";"33";"64";"75";"2021";"OUI";"NON";"200067262";"";"";"";"2021-10-06";"139411";""
"64460";"1432";"CC";"CC";"2007-10-16 22:00:00+00:00";"2004-06-28 22:00:00+00:00";"13";"64";"75";"2021";"NON";"NON";"200067262";"";"";"";"2021-10-06";"15675";""
"64461";"3199";"PLU";"COM";"2005-12-11 23:00:00+00:00";"2003-01-12 23:00:00+00:00";"39";"64";"75";"2021";"NON";"NON";"64461";"";"";"";"2021-10-06";"28463";""
"64462";"1199";"CC";"COM";"2007-07-31 22:00:00+00:00";"2004-08-11 22:00:00+00:00";"19";"64";"75";"2021";"NON";"NON";"64462";"";"";"";"2021-10-06";"15677";""
"64463";"3199";"PLU";"COM";"2017-05-18 22:00:00+00:00";"2015-03-05 23:00:00+00:00";"39";"64";"75";"2021";"NON";"NON";"64463";"";"";"";"2021-10-06";"137789";""
"64465";"1499";"CC";"CC";"2017-08-29 22:00:00+00:00";"2015-11-23 23:00:00+00:00";"19";"64";"75";"2021";"NON";"NON";"200067296";"";"";"";"2021-10-06";"144344";""
"64466";"1199";"CC";"COM";"2011-09-13 22:00:00+00:00";"2008-05-19 22:00:00+00:00";"19";"64";"75";"2021";"NON";"NON";"64466";"";"";"";"2021-10-06";"39236";""
"64467";"3299";"PLUi/PLUiS";"CA";"2019-12-18 23:00:00+00:00";"2015-12-16 23:00:00+00:00";"39";"64";"75";"2021";"NON";"OUI";"200067254";"";"";"";"2021-10-06";"144199";""
"64470";"1499";"CC";"CC";"2019-06-05 22:00:00+00:00";"2013-07-28 22:00:00+00:00";"19";"64";"75";"2021";"NON";"NON";"200067296";"";"";"";"2021-10-06";"109137";""
"64471";"1199";"CC";"COM";"2011-11-01 23:00:00+00:00";"2011-04-13 22:00:00+00:00";"19";"64";"75";"2021";"NON";"NON";"64471";"";"";"";"2021-10-06";"71102";""
"64472";"3499";"PLU";"CC";"2018-04-11 22:00:00+00:00";"2015-03-01 23:00:00+00:00";"39";"64";"75";"2021";"NON";"NON";"200067296";"";"";"";"2021-10-06";"34076";""
"64473";"1199";"CC";"COM";"2010-04-28 22:00:00+00:00";"2006-08-03 22:00:00+00:00";"19";"64";"75";"2021";"NON";"NON";"64473";"";"";"";"2021-10-06";"16682";""
"64474";"1199";"CC";"COM";"2008-06-10 22:00:00+00:00";"2006-05-21 22:00:00+00:00";"19";"64";"75";"2021";"NON";"NON";"64474";"";"";"";"2021-10-06";"28472";""
"64476";"3399";"PLUi/PLUiS";"CA";"2020-02-21 23:00:00+00:00";"2015-12-16 23:00:00+00:00";"39";"64";"75";"2021";"OUI";"NON";"200067106";"";"";"";"2021-10-06";"145842";""
"64477";"3433";"PLU";"CA";"2019-12-13 23:00:00+00:00";"2015-02-19 23:00:00+00:00";"33";"64";"75";"2021";"NON";"NON";"64477";"";"";"";"2021-10-06";"138237";""
"64478";"3299";"PLUi/PLUiS";"CA";"2019-12-18 23:00:00+00:00";"2015-12-16 23:00:00+00:00";"39";"64";"75";"2021";"NON";"OUI";"200067254";"";"";"";"2021-10-06";"144199";""
"64479";"1199";"CC";"COM";"2008-03-02 23:00:00+00:00";"2004-09-06 22:00:00+00:00";"19";"64";"75";"2021";"NON";"NON";"64479";"";"";"";"2021-10-06";"15682";""
"64480";"1199";"CC";"COM";"2018-05-21 22:00:00+00:00";"2015-06-03 22:00:00+00:00";"19";"64";"75";"2021";"NON";"NON";"64480";"";"";"";"2021-10-06";"141485";""
"64481";"3332";"PLUi/PLUiS";"CC";"2019-11-06 23:00:00+00:00";"2015-09-29 22:00:00+00:00";"33";"64";"75";"2021";"OUI";"NON";"200067262";"";"";"";"2021-10-06";"139411";""
"64482";"1499";"CC";"CC";"2005-09-29 22:00:00+00:00";"2003-09-11 22:00:00+00:00";"19";"64";"75";"2021";"NON";"NON";"200067296";"";"";"";"2021-10-06";"28143";""
"64483";"3499";"PLU";"CA";"2020-02-21 23:00:00+00:00";"2010-10-09 22:00:00+00:00";"39";"64";"75";"2021";"NON";"NON";"200067106";"";"";"";"2021-10-06";"75877";""
"64484";"1433";"CC";"CA";"2012-06-20 22:00:00+00:00";"2006-10-02 22:00:00+00:00";"13";"64";"75";"2021";"NON";"NON";"64484";"";"";"";"2021-10-06";"38033";""
"64487";"1433";"CC";"CA";"2012-11-22 23:00:00+00:00";"2008-12-01 23:00:00+00:00";"13";"64";"75";"2021";"NON";"NON";"64487";"";"";"";"2021-10-06";"37287";""
"64488";"1499";"CC";"CC";"2016-07-12 22:00:00+00:00";"2015-04-07 22:00:00+00:00";"19";"64";"75";"2021";"NON";"NON";"200067296";"";"";"";"2021-10-06";"138504";""
"64489";"3399";"PLUi/PLUiS";"CA";"2020-02-21 23:00:00+00:00";"2015-12-16 23:00:00+00:00";"39";"64";"75";"2021";"OUI";"NON";"200067106";"";"";"";"2021-10-06";"145842";""
"64490";"1433";"CC";"CA";"2004-02-16 23:00:00+00:00";"2001-04-21 22:00:00+00:00";"13";"64";"75";"2021";"NON";"NON";"200067106";"";"";"";"2021-10-06";"28812";""
"64491";"1199";"CC";"COM";"2012-12-17 23:00:00+00:00";"2010-03-21 23:00:00+00:00";"19";"64";"75";"2021";"NON";"NON";"64491";"";"";"";"2021-10-06";"27584";""
"64492";"3433";"PLU";"CA";"2017-09-22 22:00:00+00:00";"2011-08-11 22:00:00+00:00";"33";"64";"75";"2021";"NON";"NON";"200067106";"";"";"";"2021-10-06";"76533";""
"64493";"3433";"PLU";"CA";"2006-01-27 23:00:00+00:00";"2001-12-31 23:00:00+00:00";"33";"64";"75";"2021";"NON";"NON";"64493";"";"";"";"2021-10-06";"59278";""
"64495";"3434";"PLU";"CA";"2011-12-18 23:00:00+00:00";"2008-06-01 22:00:00+00:00";"33";"64";"75";"2021";"NON";"NON";"64495";"";"";"";"2021-10-06";"35351";""
"64496";"3499";"PLU";"CA";"2013-06-04 22:00:00+00:00";"2009-01-28 23:00:00+00:00";"39";"64";"75";"2021";"NON";"NON";"200067106";"";"";"";"2021-10-06";"37284";""
"64498";"3199";"PLU";"COM";"2017-12-18 23:00:00+00:00";"2014-10-27 23:00:00+00:00";"39";"64";"75";"2021";"NON";"NON";"64498";"";"";"";"2021-10-06";"133258";""
"64499";"3131";"PLU";"COM";"2013-03-27 23:00:00+00:00";"2008-12-10 23:00:00+00:00";"33";"64";"75";"2021";"NON";"NON";"64499";"";"";"";"2021-10-06";"36799";""
"64500";"1199";"CC";"COM";"2013-05-02 22:00:00+00:00";"2009-08-03 22:00:00+00:00";"19";"64";"75";"2021";"NON";"NON";"64500";"";"";"";"2021-10-06";"39177";""
"64501";"1199";"CC";"COM";"2021-06-29 22:00:00+00:00";"2018-07-05 22:00:00+00:00";"19";"64";"75";"2021";"NON";"NON";"64501";"";"";"";"2021-10-06";"164311";""
"64502";"3499";"PLU";"CA";"2016-12-12 23:00:00+00:00";"2005-06-22 22:00:00+00:00";"39";"64";"75";"2021";"NON";"NON";"200067106";"";"";"";"2021-10-06";"32893";""
"64503";"1499";"CC";"CC";"2013-02-12 23:00:00+00:00";"2006-01-09 23:00:00+00:00";"19";"64";"75";"2021";"NON";"NON";"200067296";"";"";"";"2021-10-06";"28144";""
"64504";"3499";"PLU";"CA";"2014-10-02 22:00:00+00:00";"2009-05-14 22:00:00+00:00";"39";"64";"75";"2021";"NON";"NON";"64504";"";"";"";"2021-10-06";"37744";""
"64505";"1199";"CC";"COM";"2010-03-18 23:00:00+00:00";"2008-02-15 23:00:00+00:00";"19";"64";"75";"2021";"NON";"NON";"64505";"";"";"";"2021-10-06";"37748";""
"64506";"3432";"PLU";"CC";"2020-09-09 22:00:00+00:00";"2009-06-14 22:00:00+00:00";"33";"64";"75";"2021";"NON";"NON";"200067262";"";"";"";"2021-10-06";"39190";""
"64507";"1499";"CC";"CC";"2009-09-21 22:00:00+00:00";"2005-11-03 23:00:00+00:00";"19";"64";"75";"2021";"NON";"NON";"200067296";"";"";"";"2021-10-06";"37745";""
"64510";"3199";"PLU";"COM";"2012-02-26 23:00:00+00:00";"2004-04-21 22:00:00+00:00";"39";"64";"75";"2021";"NON";"NON";"64510";"";"";"";"2021-10-06";"28464";""
"64511";"3399";"PLUi/PLUiS";"CC";"2020-02-05 23:00:00+00:00";"2015-12-09 23:00:00+00:00";"39";"64";"75";"2021";"OUI";"NON";"200067239";"";"";"";"2021-10-06";"143795";""
"64512";"1199";"CC";"COM";"2011-09-13 22:00:00+00:00";"2008-11-05 23:00:00+00:00";"19";"64";"75";"2021";"NON";"NON";"64512";"";"";"";"2021-10-06";"36385";""
"64513";"3131";"PLU";"COM";"2005-03-25 23:00:00+00:00";"2002-06-18 22:00:00+00:00";"33";"64";"75";"2021";"NON";"NON";"64513";"";"";"";"2021-10-06";"28465";""
"64516";"1499";"CC";"CC";"2011-05-04 22:00:00+00:00";"2010-04-05 22:00:00+00:00";"19";"64";"75";"2021";"NON";"NON";"200067296";"";"";"";"2021-10-06";"41231";""
"64518";"3299";"PLUi/PLUiS";"CA";"2019-12-18 23:00:00+00:00";"2015-12-16 23:00:00+00:00";"39";"64";"75";"2021";"NON";"OUI";"200067254";"";"";"";"2021-10-06";"144199";""
"64519";"3399";"PLUi/PLUiS";"CC";"2020-02-05 23:00:00+00:00";"2015-12-09 23:00:00+00:00";"39";"64";"75";"2021";"OUI";"NON";"200067239";"";"";"";"2021-10-06";"143795";""
"64520";"3499";"PLU";"CC";"2012-05-02 22:00:00+00:00";"2006-07-31 22:00:00+00:00";"39";"64";"75";"2021";"NON";"NON";"200067296";"";"";"";"2021-10-06";"28101";""
"64521";"1199";"CC";"COM";"2014-04-03 22:00:00+00:00";"2012-03-13 23:00:00+00:00";"19";"64";"75";"2021";"NON";"NON";"64521";"";"";"";"2021-10-06";"105083";""
"64522";"3199";"PLU";"COM";"2017-12-21 23:00:00+00:00";"2015-02-08 23:00:00+00:00";"39";"64";"75";"2021";"NON";"NON";"64522";"";"";"";"2021-10-06";"137875";""
"64523";"3399";"PLUi/PLUiS";"CC";"2020-02-05 23:00:00+00:00";"2015-12-09 23:00:00+00:00";"39";"64";"75";"2021";"OUI";"NON";"200067239";"";"";"";"2021-10-06";"143795";""
"64525";"3299";"PLUi/PLUiS";"CA";"2019-12-18 23:00:00+00:00";"2015-12-16 23:00:00+00:00";"39";"64";"75";"2021";"NON";"OUI";"200067254";"";"";"";"2021-10-06";"144199";""
"64526";"3433";"PLU";"CC";"2018-02-14 23:00:00+00:00";"2013-06-23 22:00:00+00:00";"33";"64";"75";"2021";"NON";"NON";"200067296";"";"";"";"2021-10-06";"123552";""
"64527";"1499";"CC";"CA";"2021-03-09 23:00:00+00:00";"2016-03-29 22:00:00+00:00";"19";"64";"75";"2021";"NON";"NON";"200067106";"";"";"";"2021-10-06";"150373";""
"64530";"1199";"CC";"COM";"2013-07-24 22:00:00+00:00";"2009-05-13 22:00:00+00:00";"19";"64";"75";"2021";"NON";"NON";"64530";"";"";"";"2021-10-06";"38333";""
"64531";"1199";"CC";"COM";"2019-03-12 23:00:00+00:00";"2016-05-26 22:00:00+00:00";"19";"64";"75";"2021";"NON";"NON";"64531";"";"";"";"2021-10-06";"151483";""
"64533";"1433";"CC";"CA";"2006-08-22 22:00:00+00:00";"2005-03-30 22:00:00+00:00";"13";"64";"75";"2021";"NON";"NON";"64533";"";"";"";"2021-10-06";"15693";""
"64534";"1499";"CC";"CC";"2013-01-15 23:00:00+00:00";"2006-11-03 23:00:00+00:00";"19";"64";"75";"2021";"NON";"NON";"200067239";"";"";"";"2021-10-06";"35757";""
"64535";"1199";"CC";"COM";"2010-11-29 23:00:00+00:00";"2009-01-26 23:00:00+00:00";"19";"64";"75";"2021";"NON";"NON";"64535";"";"";"";"2021-10-06";"38260";""
"64536";"3399";"PLUi/PLUiS";"CC";"2020-02-05 23:00:00+00:00";"2015-12-09 23:00:00+00:00";"39";"64";"75";"2021";"OUI";"NON";"200067239";"";"";"";"2021-10-06";"143795";""
"64537";"1433";"CC";"CA";"2008-06-04 22:00:00+00:00";"2007-02-15 23:00:00+00:00";"13";"64";"75";"2021";"NON";"NON";"64537";"";"";"";"2021-10-06";"28452";""
"64538";"1433";"CC";"CA";"2012-09-19 22:00:00+00:00";"2009-01-29 23:00:00+00:00";"13";"64";"75";"2021";"NON";"NON";"200067106";"";"";"";"2021-10-06";"37539";""
"64540";"3434";"PLU";"CA";"2011-02-03 23:00:00+00:00";"2002-03-27 23:00:00+00:00";"33";"64";"75";"2021";"NON";"NON";"200067106";"";"";"";"2021-10-06";"28698";""
"64541";"3199";"PLU";"COM";"2016-08-22 22:00:00+00:00";"2012-06-28 22:00:00+00:00";"39";"64";"75";"2021";"NON";"NON";"64541";"";"";"";"2021-10-06";"113883";""
"64542";"3432";"PLU";"CC";"2019-11-06 23:00:00+00:00";"2011-04-15 22:00:00+00:00";"33";"64";"75";"2021";"NON";"NON";"200067262";"";"";"";"2021-10-06";"93068";""
"64545";"3499";"PLU";"CA";"2019-11-08 23:00:00+00:00";"2015-06-28 22:00:00+00:00";"39";"64";"75";"2021";"NON";"NON";"200067106";"";"";"";"2021-10-06";"147157";""
"64546";"3499";"PLU";"CA";"2020-02-21 23:00:00+00:00";"2015-11-15 23:00:00+00:00";"39";"64";"75";"2021";"NON";"NON";"200067106";"";"";"";"2021-10-06";"142842";""
"64547";"3499";"PLU";"CA";"2020-02-21 23:00:00+00:00";"2014-06-25 22:00:00+00:00";"39";"64";"75";"2021";"NON";"NON";"200067106";"";"";"";"2021-10-06";"132359";""
"64549";"3299";"PLUi/PLUiS";"CA";"2019-12-18 23:00:00+00:00";"2015-12-16 23:00:00+00:00";"39";"64";"75";"2021";"NON";"OUI";"200067254";"";"";"";"2021-10-06";"144199";""
"64550";"3299";"PLUi/PLUiS";"CA";"2019-12-18 23:00:00+00:00";"2015-12-16 23:00:00+00:00";"39";"64";"75";"2021";"NON";"OUI";"200067254";"";"";"";"2021-10-06";"144199";""
"64551";"1432";"CC";"CC";"2013-09-11 22:00:00+00:00";"2010-04-11 22:00:00+00:00";"13";"64";"75";"2021";"NON";"NON";"200067262";"";"";"";"2021-10-06";"41540";""
"64554";"1131";"CC";"COM";"2005-03-03 23:00:00+00:00";"2002-02-01 23:00:00+00:00";"13";"64";"75";"2021";"NON";"NON";"64554";"";"";"";"2021-10-06";"68473";""
"64555";"1199";"CC";"COM";"2006-08-08 22:00:00+00:00";"2003-06-19 22:00:00+00:00";"19";"64";"75";"2021";"NON";"NON";"64555";"";"";"";"2021-10-06";"15697";""
"64556";"3199";"PLU";"COM";"2017-09-14 22:00:00+00:00";"2013-06-09 22:00:00+00:00";"39";"64";"75";"2021";"NON";"NON";"64556";"";"";"";"2021-10-06";"122197";""
"64557";"1433";"CC";"CC";"2010-12-24 23:00:00+00:00";"2009-05-27 22:00:00+00:00";"13";"64";"75";"2021";"NON";"NON";"200067239";"";"";"";"2021-10-06";"38281";""
"64558";"3499";"PLU";"CA";"2017-06-16 22:00:00+00:00";"2015-04-13 22:00:00+00:00";"39";"64";"75";"2021";"NON";"NON";"200067106";"";"";"";"2021-10-06";"138954";""
"64559";"1433";"CC";"CA";"2008-05-06 22:00:00+00:00";"2006-07-20 22:00:00+00:00";"13";"64";"75";"2021";"NON";"NON";"64559";"";"";"";"2021-10-06";"34776";""
"64560";"3399";"PLUi/PLUiS";"CC";"2020-02-05 23:00:00+00:00";"2015-12-09 23:00:00+00:00";"39";"64";"75";"2021";"OUI";"NON";"200067239";"";"";"";"2021-10-06";"143795";""
"65001";"1199";"CC";"COM";"2013-02-21 23:00:00+00:00";"2005-09-12 22:00:00+00:00";"19";"65";"76";"2021";"NON";"NON";"65001";"";"";"";"2021-10-06";"4674";""
"65004";"3199";"PLU";"COM";"2007-09-27 22:00:00+00:00";"2002-08-20 22:00:00+00:00";"39";"65";"76";"2021";"NON";"NON";"65004";"";"";"";"2021-10-06";"4618";""
"65005";"3499";"PLU";"CA";"2014-08-27 22:00:00+00:00";"2011-02-27 23:00:00+00:00";"39";"65";"76";"2021";"NON";"NON";"200069300";"";"";"";"2021-10-06";"48005";""
"65007";"3432";"PLU";"CC";"2008-01-03 23:00:00+00:00";"2002-12-18 23:00:00+00:00";"33";"65";"76";"2021";"NON";"NON";"200072106";"";"";"";"2021-10-06";"4641";""
"65009";"1432";"CC";"CC";"2005-11-16 23:00:00+00:00";"2004-03-27 23:00:00+00:00";"13";"65";"76";"2021";"NON";"NON";"200070829";"";"";"";"2021-10-06";"4695";""
"65011";"1433";"CC";"CA";"2010-12-22 23:00:00+00:00";"2008-06-02 22:00:00+00:00";"13";"65";"76";"2021";"NON";"NON";"200069300";"";"";"";"2021-10-06";"35398";""
"65017";"3432";"PLU";"CC";"2004-06-21 22:00:00+00:00";"2001-07-23 22:00:00+00:00";"33";"65";"76";"2021";"NON";"NON";"246500573";"";"";"";"2021-10-06";"4727";""
"65018";"1199";"CC";"COM";"2012-05-30 22:00:00+00:00";"2009-07-20 22:00:00+00:00";"19";"65";"76";"2021";"NON";"NON";"65018";"";"";"";"2021-10-06";"41143";""
"65022";"3199";"PLU";"COM";"2007-06-07 22:00:00+00:00";"2003-11-20 23:00:00+00:00";"39";"65";"76";"2021";"NON";"NON";"65022";"";"";"";"2021-10-06";"4634";""
"65025";"3199";"PLU";"COM";"2010-11-02 23:00:00+00:00";"2003-11-16 23:00:00+00:00";"39";"65";"76";"2021";"NON";"NON";"65025";"";"";"";"2021-10-06";"4619";""
"65028";"1499";"CC";"CC";"2010-05-20 22:00:00+00:00";"2005-11-03 23:00:00+00:00";"19";"65";"76";"2021";"NON";"NON";"200070787";"";"";"";"2021-10-06";"8710";""
"65032";"3199";"PLU";"COM";"2010-07-28 22:00:00+00:00";"2001-07-26 22:00:00+00:00";"39";"65";"76";"2021";"NON";"NON";"65032";"";"";"";"2021-10-06";"4642";""
"65036";"1199";"CC";"COM";"2008-11-25 23:00:00+00:00";"2004-06-03 22:00:00+00:00";"19";"65";"76";"2021";"NON";"NON";"65036";"";"";"";"2021-10-06";"4664";""
"65037";"1499";"CC";"CC";"2019-02-21 23:00:00+00:00";"2011-03-17 23:00:00+00:00";"19";"65";"76";"2021";"NON";"NON";"200070787";"";"";"";"2021-10-06";"84892";""
"65038";"1433";"CC";"CA";"2010-11-28 23:00:00+00:00";"2008-07-01 22:00:00+00:00";"13";"65";"76";"2021";"NON";"NON";"200069300";"";"";"";"2021-10-06";"36222";""
"65040";"1499";"CC";"CA";"2011-03-30 22:00:00+00:00";"2007-11-29 23:00:00+00:00";"19";"65";"76";"2021";"NON";"NON";"200069300";"";"";"";"2021-10-06";"34779";""
"65042";"3432";"PLU";"CC";"2020-09-14 22:00:00+00:00";"2015-08-02 22:00:00+00:00";"33";"65";"76";"2021";"NON";"NON";"246500482";"";"";"";"2021-10-06";"141147";""
"65045";"3199";"PLU";"COM";"2007-06-07 22:00:00+00:00";"2004-01-15 23:00:00+00:00";"39";"65";"76";"2021";"NON";"NON";"65045";"";"";"";"2021-10-06";"4636";""
"65047";"3499";"PLU";"CA";"2013-09-29 22:00:00+00:00";"2006-11-13 23:00:00+00:00";"39";"65";"76";"2021";"NON";"NON";"200069300";"";"";"";"2021-10-06";"26619";""
"65048";"3499";"PLU";"CA";"2010-04-06 22:00:00+00:00";"2006-06-21 22:00:00+00:00";"39";"65";"76";"2021";"NON";"NON";"200069300";"";"";"";"2021-10-06";"18538";""
"65054";"3433";"PLU";"CC";"2005-02-04 23:00:00+00:00";"2002-01-31 23:00:00+00:00";"33";"65";"76";"2021";"NON";"NON";"200070787";"";"";"";"2021-10-06";"4655";""
"65055";"3199";"PLU";"COM";"2011-04-27 22:00:00+00:00";"2005-10-05 22:00:00+00:00";"39";"65";"76";"2021";"NON";"NON";"65055";"";"";"";"2021-10-06";"6730";""
"65057";"3433";"PLU";"CA";"2011-03-29 22:00:00+00:00";"2010-02-23 23:00:00+00:00";"33";"65";"76";"2021";"NON";"NON";"200069300";"";"";"";"2021-10-06";"71036";""
"65059";"3432";"PLU";"CC";"2010-03-29 22:00:00+00:00";"2004-05-17 22:00:00+00:00";"33";"65";"76";"2021";"NON";"NON";"246500482";"";"";"";"2021-10-06";"4630";""
"65062";"3499";"PLU";"CA";"2010-04-14 22:00:00+00:00";"2004-01-08 23:00:00+00:00";"39";"65";"76";"2021";"NON";"NON";"200069300";"";"";"";"2021-10-06";"4637";""
"65065";"1433";"CC";"CA";"2009-09-30 22:00:00+00:00";"2006-01-17 23:00:00+00:00";"13";"65";"76";"2021";"NON";"NON";"200069300";"";"";"";"2021-10-06";"10640";""
"65072";"3499";"PLU";"CA";"2008-02-19 23:00:00+00:00";"2001-10-02 22:00:00+00:00";"39";"65";"76";"2021";"NON";"NON";"200069300";"";"";"";"2021-10-06";"4644";""
"65073";"1432";"CC";"CC";"2015-07-22 22:00:00+00:00";"2010-07-11 22:00:00+00:00";"13";"65";"76";"2021";"NON";"NON";"200072106";"";"";"";"2021-10-06";"41881";""
"65075";"1432";"CC";"CC";"2006-03-01 23:00:00+00:00";"2003-01-23 23:00:00+00:00";"13";"65";"76";"2021";"NON";"NON";"65075";"";"";"";"2021-10-06";"4688";""
"65077";"3199";"PLU";"COM";"2014-10-13 22:00:00+00:00";"2009-09-30 22:00:00+00:00";"39";"65";"76";"2021";"NON";"NON";"65077";"";"";"";"2021-10-06";"39621";""
"65078";"3432";"PLU";"CC";"2007-01-07 23:00:00+00:00";"2000-01-20 23:00:00+00:00";"33";"65";"76";"2021";"NON";"NON";"246500482";"";"";"";"2021-10-06";"4645";""
"65080";"1433";"CC";"CA";"2013-08-28 22:00:00+00:00";"2012-02-01 23:00:00+00:00";"13";"65";"76";"2021";"NON";"NON";"200069300";"";"";"";"2021-10-06";"105212";""
"65081";"1499";"CC";"CC";"2013-11-05 23:00:00+00:00";"2010-11-09 23:00:00+00:00";"19";"65";"76";"2021";"NON";"NON";"200070787";"";"";"";"2021-10-06";"43998";""
"65083";"1499";"CC";"CA";"2003-12-16 23:00:00+00:00";"2002-03-28 23:00:00+00:00";"19";"65";"76";"2021";"NON";"NON";"200069300";"";"";"";"2021-10-06";"4907";""
"65084";"1499";"CC";"CA";"2013-09-08 22:00:00+00:00";"2011-01-13 23:00:00+00:00";"19";"65";"76";"2021";"NON";"NON";"200069300";"";"";"";"2021-10-06";"47768";""
"65089";"1199";"CC";"COM";"2004-10-25 22:00:00+00:00";"2002-04-14 22:00:00+00:00";"19";"65";"76";"2021";"NON";"NON";"65089";"";"";"";"2021-10-06";"4702";""
"65092";"1432";"CC";"CC";"2006-07-10 22:00:00+00:00";"2004-03-22 23:00:00+00:00";"13";"65";"76";"2021";"NON";"NON";"246500573";"";"";"";"2021-10-06";"4686";""
"65100";"3499";"PLU";"CA";"2007-06-19 22:00:00+00:00";"2004-12-15 23:00:00+00:00";"39";"65";"76";"2021";"NON";"NON";"200069300";"";"";"";"2021-10-06";"4632";""
"65101";"1199";"CC";"COM";"2015-03-26 23:00:00+00:00";"2010-11-15 23:00:00+00:00";"19";"65";"76";"2021";"NON";"NON";"65101";"";"";"";"2021-10-06";"43946";""
"65104";"3199";"PLU";"COM";"2019-03-27 23:00:00+00:00";"2013-12-19 23:00:00+00:00";"39";"65";"76";"2021";"NON";"NON";"65104";"";"";"";"2021-10-06";"128595";""
"65105";"1499";"CC";"CC";"2010-03-25 23:00:00+00:00";"2007-04-13 22:00:00+00:00";"19";"65";"76";"2021";"NON";"NON";"200070787";"";"";"";"2021-10-06";"27104";""
"65106";"3432";"PLU";"CC";"2006-01-19 23:00:00+00:00";"2001-11-14 23:00:00+00:00";"33";"65";"76";"2021";"NON";"NON";"246500573";"";"";"";"2021-10-06";"4654";""
"65107";"1433";"CC";"CA";"2010-07-21 22:00:00+00:00";"2008-07-16 22:00:00+00:00";"13";"65";"76";"2021";"NON";"NON";"200069300";"";"";"";"2021-10-06";"34429";""
"65108";"3499";"PLU";"CA";"2021-06-29 22:00:00+00:00";"2014-12-08 23:00:00+00:00";"39";"65";"76";"2021";"NON";"NON";"200069300";"";"";"";"2021-10-06";"135110";""
"65116";"1432";"CC";"CC";"2006-02-08 23:00:00+00:00";"2001-08-30 22:00:00+00:00";"13";"65";"76";"2021";"NON";"NON";"65116";"";"";"";"2021-10-06";"4689";""
"65117";"3432";"PLU";"CC";"2006-07-06 22:00:00+00:00";"2002-09-11 22:00:00+00:00";"33";"65";"76";"2021";"NON";"NON";"246500573";"";"";"";"2021-10-06";"4621";""
"65120";"1199";"CC";"COM";"2015-08-05 22:00:00+00:00";"2014-03-17 23:00:00+00:00";"19";"65";"76";"2021";"NON";"NON";"65120";"";"";"";"2021-10-06";"135112";""
"65123";"3432";"PLU";"CC";"2008-10-16 22:00:00+00:00";"2000-09-21 22:00:00+00:00";"33";"65";"76";"2021";"NON";"NON";"246500482";"";"";"";"2021-10-06";"4638";""
"65124";"1432";"CC";"CC";"2006-03-12 23:00:00+00:00";"2002-07-04 22:00:00+00:00";"13";"65";"76";"2021";"NON";"NON";"246500573";"";"";"";"2021-10-06";"4690";""
"65125";"1499";"CC";"CC";"2012-02-08 23:00:00+00:00";"2008-06-12 22:00:00+00:00";"19";"65";"76";"2021";"NON";"NON";"200070787";"";"";"";"2021-10-06";"35305";""
"65127";"3433";"PLU";"CC";"2006-12-06 23:00:00+00:00";"2002-03-28 23:00:00+00:00";"33";"65";"76";"2021";"NON";"NON";"200070787";"";"";"";"2021-10-06";"4646";""
"65128";"1499";"CC";"CC";"2011-02-17 23:00:00+00:00";"2009-10-07 22:00:00+00:00";"19";"65";"76";"2021";"NON";"NON";"200070787";"";"";"";"2021-10-06";"39622";""
"65129";"1199";"CC";"COM";"2017-07-10 22:00:00+00:00";"2012-12-16 23:00:00+00:00";"19";"65";"76";"2021";"NON";"NON";"65129";"";"";"";"2021-10-06";"71607";""
"65131";"1199";"CC";"COM";"2009-06-28 22:00:00+00:00";"2005-10-27 22:00:00+00:00";"19";"65";"76";"2021";"NON";"NON";"65131";"";"";"";"2021-10-06";"12029";""
"65133";"3199";"PLU";"COM";"2019-06-10 22:00:00+00:00";"2014-01-17 23:00:00+00:00";"39";"65";"76";"2021";"NON";"NON";"65133";"";"";"";"2021-10-06";"128852";""
"65136";"1199";"CC";"COM";"2008-07-30 22:00:00+00:00";"2006-08-02 22:00:00+00:00";"19";"65";"76";"2021";"NON";"NON";"65136";"";"";"";"2021-10-06";"25024";""
"65137";"1432";"CC";"CC";"2008-11-27 23:00:00+00:00";"2005-10-11 22:00:00+00:00";"13";"65";"76";"2021";"NON";"NON";"200072106";"";"";"";"2021-10-06";"11772";""
"65138";"3199";"PLU";"COM";"2014-03-18 23:00:00+00:00";"2004-01-26 23:00:00+00:00";"39";"65";"76";"2021";"NON";"NON";"65138";"";"";"";"2021-10-06";"4624";""
"65140";"1432";"CC";"CC";"2012-12-19 23:00:00+00:00";"2008-10-28 23:00:00+00:00";"13";"65";"76";"2021";"NON";"NON";"246500573";"";"";"";"2021-10-06";"35303";""
"65141";"3432";"PLU";"CC";"2005-06-16 22:00:00+00:00";"2001-07-21 22:00:00+00:00";"33";"65";"76";"2021";"NON";"NON";"246500573";"";"";"";"2021-10-06";"4728";""
"65146";"1434";"CC";"CA";"2010-03-22 23:00:00+00:00";"2007-12-13 23:00:00+00:00";"13";"65";"76";"2021";"NON";"NON";"200069300";"";"";"";"2021-10-06";"34200";""
"65149";"1199";"CC";"COM";"2011-07-21 22:00:00+00:00";"2010-02-10 23:00:00+00:00";"19";"65";"76";"2021";"NON";"NON";"65149";"";"";"";"2021-10-06";"40950";""
"65150";"1499";"CC";"CC";"2015-04-01 22:00:00+00:00";"2011-11-20 23:00:00+00:00";"19";"65";"76";"2021";"NON";"NON";"200070787";"";"";"";"2021-10-06";"97087";""
"65151";"1199";"CC";"COM";"2020-02-02 23:00:00+00:00";"2014-04-16 22:00:00+00:00";"19";"65";"76";"2021";"NON";"NON";"65151";"";"";"";"2021-10-06";"100899";""
"65156";"3199";"PLU";"COM";"2019-05-16 22:00:00+00:00";"2013-11-17 23:00:00+00:00";"39";"65";"76";"2021";"NON";"NON";"65156";"";"";"";"2021-10-06";"128596";""
"65159";"1433";"CC";"CC";"2005-11-17 23:00:00+00:00";"2004-01-15 23:00:00+00:00";"13";"65";"76";"2021";"NON";"NON";"200070787";"";"";"";"2021-10-06";"4691";""
"65174";"1432";"CC";"CC";"2008-11-30 23:00:00+00:00";"2005-10-18 22:00:00+00:00";"13";"65";"76";"2021";"NON";"NON";"200072106";"";"";"";"2021-10-06";"8714";""
"65180";"1432";"CC";"CC";"2005-10-11 22:00:00+00:00";"2003-06-20 22:00:00+00:00";"13";"65";"76";"2021";"NON";"NON";"246500573";"";"";"";"2021-10-06";"4697";""
"65182";"1199";"CC";"COM";"2011-01-26 23:00:00+00:00";"2008-02-25 23:00:00+00:00";"19";"65";"76";"2021";"NON";"NON";"65182";"";"";"";"2021-10-06";"36669";""
"65197";"1499";"CC";"CA";"2012-06-20 22:00:00+00:00";"2008-11-11 23:00:00+00:00";"19";"65";"76";"2021";"NON";"NON";"200069300";"";"";"";"2021-10-06";"36644";""
"65198";"3432";"PLU";"CC";"2020-09-14 22:00:00+00:00";"2015-09-03 22:00:00+00:00";"33";"65";"76";"2021";"NON";"NON";"246500482";"";"";"";"2021-10-06";"141171";""
"65199";"3432";"PLU";"CC";"2011-11-24 23:00:00+00:00";"2005-11-30 23:00:00+00:00";"33";"65";"76";"2021";"NON";"NON";"246500573";"";"";"";"2021-10-06";"10630";""
"65201";"1499";"CC";"CA";"2008-02-18 23:00:00+00:00";"2006-06-03 22:00:00+00:00";"19";"65";"76";"2021";"NON";"NON";"200069300";"";"";"";"2021-10-06";"34349";""
"65202";"1131";"CC";"COM";"2009-12-23 23:00:00+00:00";"2006-12-07 23:00:00+00:00";"13";"65";"76";"2021";"NON";"NON";"65202";"";"";"";"2021-10-06";"24041";""
"65207";"1499";"CC";"CC";"2020-07-06 22:00:00+00:00";"2012-11-13 23:00:00+00:00";"19";"65";"76";"2021";"NON";"NON";"200070787";"";"";"";"2021-10-06";"114491";""
"65209";"3432";"PLU";"CC";"2014-02-19 23:00:00+00:00";"2010-09-09 22:00:00+00:00";"33";"65";"76";"2021";"NON";"NON";"65209";"";"";"";"2021-10-06";"4682";""
"65211";"3432";"PLU";"CC";"2011-01-16 23:00:00+00:00";"2003-11-27 23:00:00+00:00";"33";"65";"76";"2021";"NON";"NON";"246500573";"";"";"";"2021-10-06";"4648";""
"65218";"3433";"PLU";"CC";"2007-06-14 22:00:00+00:00";"2002-07-04 22:00:00+00:00";"33";"65";"76";"2021";"NON";"NON";"200070787";"";"";"";"2021-10-06";"4649";""
"65221";"3432";"PLU";"CC";"2020-02-19 23:00:00+00:00";"2015-09-09 22:00:00+00:00";"33";"65";"76";"2021";"NON";"NON";"246500482";"";"";"";"2021-10-06";"141344";""
"65223";"3499";"PLU";"CA";"2011-06-14 22:00:00+00:00";"2001-10-01 22:00:00+00:00";"39";"65";"76";"2021";"NON";"NON";"200069300";"";"";"";"2021-10-06";"4639";""
"65224";"1499";"CC";"CC";"2018-07-17 22:00:00+00:00";"2015-06-04 22:00:00+00:00";"19";"65";"76";"2021";"NON";"NON";"200070787";"";"";"";"2021-10-06";"133772";""
"65226";"3499";"PLU";"CA";"2016-07-12 22:00:00+00:00";"2009-09-09 22:00:00+00:00";"39";"65";"76";"2021";"NON";"NON";"200069300";"";"";"";"2021-10-06";"39633";""
"65231";"1433";"CC";"CC";"2010-08-05 22:00:00+00:00";"2008-04-03 22:00:00+00:00";"13";"65";"76";"2021";"NON";"NON";"200070787";"";"";"";"2021-10-06";"35290";""
"65233";"3433";"PLU";"CA";"2010-09-12 22:00:00+00:00";"2007-07-04 22:00:00+00:00";"33";"65";"76";"2021";"NON";"NON";"200069300";"";"";"";"2021-10-06";"30652";""
"65234";"1432";"CC";"CC";"2006-02-08 23:00:00+00:00";"2004-04-01 22:00:00+00:00";"13";"65";"76";"2021";"NON";"NON";"246500573";"";"";"";"2021-10-06";"4685";""
"65235";"3433";"PLU";"CA";"2006-12-21 23:00:00+00:00";"2002-01-27 23:00:00+00:00";"33";"65";"76";"2021";"NON";"NON";"200069300";"";"";"";"2021-10-06";"4653";""
"65236";"3433";"PLU";"CA";"2015-10-20 22:00:00+00:00";"2008-07-06 22:00:00+00:00";"33";"65";"76";"2021";"NON";"NON";"200069300";"";"";"";"2021-10-06";"36228";""
"65240";"1432";"CC";"CC";"2009-02-23 23:00:00+00:00";"2005-11-03 23:00:00+00:00";"13";"65";"76";"2021";"NON";"NON";"200072106";"";"";"";"2021-10-06";"142013";""
"65245";"1499";"CC";"CC";"2015-08-04 22:00:00+00:00";"2012-08-07 22:00:00+00:00";"19";"65";"76";"2021";"NON";"NON";"200070787";"";"";"";"2021-10-06";"112460";""
"65247";"1499";"CC";"CA";"2010-04-11 22:00:00+00:00";"2008-06-22 22:00:00+00:00";"19";"65";"76";"2021";"NON";"NON";"200069300";"";"";"";"2021-10-06";"36366";""
"65248";"1132";"CC";"COM";"2009-02-23 23:00:00+00:00";"2005-11-03 23:00:00+00:00";"13";"65";"76";"2021";"NON";"NON";"200072106";"";"";"";"2021-10-06";"8712";""
"65251";"3499";"PLU";"CA";"2007-06-27 22:00:00+00:00";"2001-06-24 22:00:00+00:00";"39";"65";"76";"2021";"NON";"NON";"200069300";"";"";"";"2021-10-06";"4650";""
"65252";"3433";"PLU";"CA";"2013-06-19 22:00:00+00:00";"2005-10-11 22:00:00+00:00";"33";"65";"76";"2021";"NON";"NON";"200069300";"";"";"";"2021-10-06";"10653";""
"65255";"1432";"CC";"CC";"2008-01-10 23:00:00+00:00";"2006-06-22 22:00:00+00:00";"13";"65";"76";"2021";"NON";"NON";"65255";"";"";"";"2021-10-06";"18132";""
"65258";"3434";"PLU";"CC";"2008-07-17 22:00:00+00:00";"2003-07-10 22:00:00+00:00";"33";"65";"76";"2021";"NON";"NON";"200070787";"";"";"";"2021-10-06";"4640";""
"65259";"1199";"CC";"COM";"2009-02-04 23:00:00+00:00";"2004-05-17 22:00:00+00:00";"19";"65";"76";"2021";"NON";"NON";"65259";"";"";"";"2021-10-06";"5185";""
"65262";"1432";"CC";"CC";"2011-09-06 22:00:00+00:00";"2005-10-11 22:00:00+00:00";"13";"65";"76";"2021";"NON";"NON";"200072106";"";"";"";"2021-10-06";"11771";""
"65265";"1199";"CC";"COM";"2004-10-11 22:00:00+00:00";"2002-04-03 22:00:00+00:00";"19";"65";"76";"2021";"NON";"NON";"65265";"";"";"";"2021-10-06";"4703";""
"65268";"1433";"CC";"CA";"2014-01-15 23:00:00+00:00";"2012-10-24 22:00:00+00:00";"13";"65";"76";"2021";"NON";"NON";"200069300";"";"";"";"2021-10-06";"115773";""
"65269";"1432";"CC";"CC";"2009-09-17 22:00:00+00:00";"2008-12-29 23:00:00+00:00";"13";"65";"76";"2021";"NON";"NON";"200072106";"";"";"";"2021-10-06";"37227";""
"65271";"3433";"PLU";"CA";"2013-05-20 22:00:00+00:00";"2011-06-13 22:00:00+00:00";"33";"65";"76";"2021";"NON";"NON";"200069300";"";"";"";"2021-10-06";"71634";""
"65276";"3199";"PLU";"COM";"2019-05-13 22:00:00+00:00";"2014-01-08 23:00:00+00:00";"39";"65";"76";"2021";"NON";"NON";"65276";"";"";"";"2021-10-06";"128860";""
"65279";"1433";"CC";"CC";"2009-01-07 23:00:00+00:00";"2004-01-29 23:00:00+00:00";"13";"65";"76";"2021";"NON";"NON";"200070787";"";"";"";"2021-10-06";"4687";""
"65281";"1433";"CC";"CA";"2010-04-29 22:00:00+00:00";"2007-06-07 22:00:00+00:00";"13";"65";"76";"2021";"NON";"NON";"200069300";"";"";"";"2021-10-06";"37304";""
"65282";"1432";"CC";"CC";"2005-05-26 22:00:00+00:00";"2002-12-26 23:00:00+00:00";"13";"65";"76";"2021";"NON";"NON";"246500573";"";"";"";"2021-10-06";"4700";""
"65284";"3433";"PLU";"CA";"2007-09-23 22:00:00+00:00";"2005-06-09 22:00:00+00:00";"33";"65";"76";"2021";"NON";"NON";"200069300";"";"";"";"2021-10-06";"4626";""
"65285";"3199";"PLU";"COM";"2019-12-13 23:00:00+00:00";"2014-01-23 23:00:00+00:00";"39";"65";"76";"2021";"NON";"NON";"65285";"";"";"";"2021-10-06";"128863";""
"65287";"3432";"PLU";"CC";"2007-09-17 22:00:00+00:00";"2004-01-19 23:00:00+00:00";"33";"65";"76";"2021";"NON";"NON";"200070829";"";"";"";"2021-10-06";"4633";""
"65291";"1499";"CC";"CA";"2017-05-29 22:00:00+00:00";"2010-07-07 22:00:00+00:00";"19";"65";"76";"2021";"NON";"NON";"200069300";"";"";"";"2021-10-06";"42077";""
"65292";"1433";"CC";"CA";"2010-05-03 22:00:00+00:00";"2008-12-14 23:00:00+00:00";"13";"65";"76";"2021";"NON";"NON";"200069300";"";"";"";"2021-10-06";"37226";""
"65294";"1499";"CC";"CC";"2007-04-22 22:00:00+00:00";"2001-09-05 22:00:00+00:00";"19";"65";"76";"2021";"NON";"NON";"200070787";"";"";"";"2021-10-06";"4673";""
"65304";"3432";"PLU";"CC";"2015-12-09 23:00:00+00:00";"2011-02-23 23:00:00+00:00";"33";"65";"76";"2021";"NON";"NON";"200072106";"";"";"";"2021-10-06";"142001";""
"65305";"1432";"CC";"CC";"2012-06-05 22:00:00+00:00";"2011-04-28 22:00:00+00:00";"13";"65";"76";"2021";"NON";"NON";"200070829";"";"";"";"2021-10-06";"71043";""
"65306";"1499";"CC";"CC";"2012-05-10 22:00:00+00:00";"2006-06-20 22:00:00+00:00";"19";"65";"76";"2021";"NON";"NON";"200070787";"";"";"";"2021-10-06";"18918";""
"65310";"1432";"CC";"CC";"2018-12-03 23:00:00+00:00";"2016-03-31 22:00:00+00:00";"13";"65";"76";"2021";"NON";"NON";"246500482";"";"";"";"2021-10-06";"148293";""
"65313";"1499";"CC";"CA";"2010-04-22 22:00:00+00:00";"2002-04-13 22:00:00+00:00";"19";"65";"76";"2021";"NON";"NON";"200069300";"";"";"";"2021-10-06";"4677";""
"65320";"3432";"PLU";"CC";"2020-06-15 22:00:00+00:00";"2015-09-20 22:00:00+00:00";"33";"65";"76";"2021";"NON";"NON";"246500482";"";"";"";"2021-10-06";"141931";""
"65322";"1433";"CC";"CC";"2012-01-08 23:00:00+00:00";"2009-01-22 23:00:00+00:00";"13";"65";"76";"2021";"NON";"NON";"200070787";"";"";"";"2021-10-06";"37335";""
"65324";"1199";"CC";"COM";"2011-09-26 22:00:00+00:00";"2010-02-14 23:00:00+00:00";"19";"65";"76";"2021";"NON";"NON";"65324";"";"";"";"2021-10-06";"40949";""
"65330";"1432";"CC";"CC";"2009-04-05 22:00:00+00:00";"2007-01-11 23:00:00+00:00";"13";"65";"76";"2021";"NON";"NON";"200072106";"";"";"";"2021-10-06";"26338";""
"65331";"3499";"PLU";"CA";"2019-09-24 22:00:00+00:00";"2014-11-24 23:00:00+00:00";"39";"65";"76";"2021";"NON";"NON";"200069300";"";"";"";"2021-10-06";"134446";""
"65332";"3199";"PLU";"COM";"2019-04-29 22:00:00+00:00";"2014-01-24 23:00:00+00:00";"39";"65";"76";"2021";"NON";"NON";"65332";"";"";"";"2021-10-06";"128855";""
"65335";"3432";"PLU";"CC";"2009-04-23 22:00:00+00:00";"2004-06-02 22:00:00+00:00";"33";"65";"76";"2021";"NON";"NON";"246500482";"";"";"";"2021-10-06";"4627";""
"65340";"3499";"PLU";"CA";"2005-07-10 22:00:00+00:00";"2001-09-26 22:00:00+00:00";"39";"65";"76";"2021";"NON";"NON";"200069300";"";"";"";"2021-10-06";"4656";""
"65343";"1499";"CC";"CA";"2006-11-30 23:00:00+00:00";"2004-06-03 22:00:00+00:00";"19";"65";"76";"2021";"NON";"NON";"200069300";"";"";"";"2021-10-06";"4659";""
"65344";"3433";"PLU";"CA";"2005-05-08 22:00:00+00:00";"2001-12-12 23:00:00+00:00";"33";"65";"76";"2021";"NON";"NON";"200069300";"";"";"";"2021-10-06";"4657";""
"65348";"1499";"CC";"CA";"2010-02-03 23:00:00+00:00";"2006-12-08 23:00:00+00:00";"19";"65";"76";"2021";"NON";"NON";"200069300";"";"";"";"2021-10-06";"34891";""
"65350";"1499";"CC";"CA";"2005-09-01 22:00:00+00:00";"2002-06-19 22:00:00+00:00";"19";"65";"76";"2021";"NON";"NON";"200069300";"";"";"";"2021-10-06";"4704";""
"65352";"1199";"CC";"COM";"2007-08-07 22:00:00+00:00";"2004-06-01 22:00:00+00:00";"19";"65";"76";"2021";"NON";"NON";"65352";"";"";"";"2021-10-06";"4662";""
"65354";"1432";"CC";"CC";"2007-09-27 22:00:00+00:00";"2002-10-16 22:00:00+00:00";"13";"65";"76";"2021";"NON";"NON";"246500573";"";"";"";"2021-10-06";"4684";""
"65355";"1433";"CC";"CA";"2014-12-17 23:00:00+00:00";"2010-07-04 22:00:00+00:00";"13";"65";"76";"2021";"NON";"NON";"200069300";"";"";"";"2021-10-06";"42078";""
"65363";"1499";"CC";"CC";"2008-01-10 23:00:00+00:00";"2004-12-07 23:00:00+00:00";"19";"65";"76";"2021";"NON";"NON";"200070787";"";"";"";"2021-10-06";"4668";""
"65366";"3433";"PLU";"CA";"2014-12-04 23:00:00+00:00";"2008-07-24 22:00:00+00:00";"33";"65";"76";"2021";"NON";"NON";"200069300";"";"";"";"2021-10-06";"35725";""
"65369";"1199";"CC";"COM";"2010-07-05 22:00:00+00:00";"2003-03-30 22:00:00+00:00";"19";"65";"76";"2021";"NON";"NON";"65369";"";"";"";"2021-10-06";"4692";""
"65370";"3432";"PLU";"CC";"2009-08-04 22:00:00+00:00";"2002-05-23 22:00:00+00:00";"33";"65";"76";"2021";"NON";"NON";"246500482";"";"";"";"2021-10-06";"34751";""
"65371";"3199";"PLU";"COM";"2012-07-03 22:00:00+00:00";"2003-02-09 23:00:00+00:00";"39";"65";"76";"2021";"NON";"NON";"65371";"";"";"";"2021-10-06";"4617";""
"65372";"1432";"CC";"CC";"2008-03-06 23:00:00+00:00";"2005-03-31 22:00:00+00:00";"13";"65";"76";"2021";"NON";"NON";"200072106";"";"";"";"2021-10-06";"4672";""
"65375";"3432";"PLU";"CC";"2014-02-25 23:00:00+00:00";"2008-12-11 23:00:00+00:00";"33";"65";"76";"2021";"NON";"NON";"200072106";"";"";"";"2021-10-06";"37271";""
"65377";"1499";"CC";"CC";"2013-01-16 23:00:00+00:00";"2009-06-17 22:00:00+00:00";"19";"65";"76";"2021";"NON";"NON";"200070787";"";"";"";"2021-10-06";"38941";""
"65379";"1432";"CC";"CC";"2009-04-08 22:00:00+00:00";"2006-12-08 23:00:00+00:00";"13";"65";"76";"2021";"NON";"NON";"246500573";"";"";"";"2021-10-06";"24341";""
"65380";"3199";"PLU";"COM";"2019-07-02 22:00:00+00:00";"2014-01-02 23:00:00+00:00";"39";"65";"76";"2021";"NON";"NON";"65380";"";"";"";"2021-10-06";"128857";""
"65384";"1432";"CC";"CC";"2007-05-03 22:00:00+00:00";"2003-07-11 22:00:00+00:00";"13";"65";"76";"2021";"NON";"NON";"246500573";"";"";"";"2021-10-06";"4680";""
"65388";"3432";"PLU";"CC";"2016-03-23 23:00:00+00:00";"2010-01-25 23:00:00+00:00";"33";"65";"76";"2021";"NON";"NON";"246500573";"";"";"";"2021-10-06";"40636";""
"65389";"3432";"PLU";"CC";"2013-06-25 22:00:00+00:00";"2005-04-07 22:00:00+00:00";"33";"65";"76";"2021";"NON";"NON";"200070829";"";"";"";"2021-10-06";"4625";""
"65392";"1499";"CC";"CA";"2014-04-29 22:00:00+00:00";"2010-10-25 22:00:00+00:00";"19";"65";"76";"2021";"NON";"NON";"200069300";"";"";"";"2021-10-06";"43480";""
"65394";"1432";"CC";"CC";"2009-07-23 22:00:00+00:00";"2006-09-24 22:00:00+00:00";"13";"65";"76";"2021";"NON";"NON";"200070829";"";"";"";"2021-10-06";"21514";""
"65395";"3433";"PLU";"CA";"2012-02-15 23:00:00+00:00";"2004-04-27 22:00:00+00:00";"33";"65";"76";"2021";"NON";"NON";"200069300";"";"";"";"2021-10-06";"4629";""
"65399";"3199";"PLU";"COM";"2013-05-21 22:00:00+00:00";"2007-10-09 22:00:00+00:00";"39";"65";"76";"2021";"NON";"NON";"65399";"";"";"";"2021-10-06";"35773";""
"65401";"1499";"CC";"CA";"2005-12-19 23:00:00+00:00";"2002-12-01 23:00:00+00:00";"19";"65";"76";"2021";"NON";"NON";"200069300";"";"";"";"2021-10-06";"4693";""
"65406";"3499";"PLU";"CA";"2006-02-08 23:00:00+00:00";"2003-07-21 22:00:00+00:00";"39";"65";"76";"2021";"NON";"NON";"200069300";"";"";"";"2021-10-06";"4622";""
"65407";"1432";"CC";"CC";"2016-09-06 22:00:00+00:00";"2009-09-11 22:00:00+00:00";"13";"65";"76";"2021";"NON";"NON";"200070829";"";"";"";"2021-10-06";"67175";""
"65408";"3432";"PLU";"CC";"2006-05-02 22:00:00+00:00";"2001-10-18 22:00:00+00:00";"33";"65";"76";"2021";"NON";"NON";"246500573";"";"";"";"2021-10-06";"4651";""
"65410";"1499";"CC";"CA";"2008-05-12 22:00:00+00:00";"2007-11-15 23:00:00+00:00";"19";"65";"76";"2021";"NON";"NON";"200069300";"";"";"";"2021-10-06";"6920";""
"65411";"3199";"PLU";"COM";"2011-09-26 22:00:00+00:00";"2004-08-10 22:00:00+00:00";"39";"65";"76";"2021";"NON";"NON";"65411";"";"";"";"2021-10-06";"4616";""
"65415";"1499";"CC";"CA";"2016-09-23 22:00:00+00:00";"2014-03-05 23:00:00+00:00";"19";"65";"76";"2021";"NON";"NON";"200069300";"";"";"";"2021-10-06";"134496";""
"65417";"3499";"PLU";"CA";"2015-09-22 22:00:00+00:00";"2010-02-10 23:00:00+00:00";"39";"65";"76";"2021";"NON";"NON";"200069300";"";"";"";"2021-10-06";"41000";""
"65420";"1199";"CC";"COM";"2007-09-25 22:00:00+00:00";"2005-09-08 22:00:00+00:00";"19";"65";"76";"2021";"NON";"NON";"65420";"";"";"";"2021-10-06";"4675";""
"65421";"1433";"CC";"CA";"2010-06-13 22:00:00+00:00";"2008-09-24 22:00:00+00:00";"13";"65";"76";"2021";"NON";"NON";"200069300";"";"";"";"2021-10-06";"36221";""
"65422";"1433";"CC";"CA";"2005-09-01 22:00:00+00:00";"2003-12-07 23:00:00+00:00";"13";"65";"76";"2021";"NON";"NON";"200069300";"";"";"";"2021-10-06";"4698";""
"65424";"3199";"PLU";"COM";"2018-10-04 22:00:00+00:00";"2016-08-24 22:00:00+00:00";"39";"65";"76";"2021";"NON";"NON";"65424";"";"";"";"2021-10-06";"163040";""
"65430";"3199";"PLU";"COM";"2019-07-03 22:00:00+00:00";"2014-01-23 23:00:00+00:00";"39";"65";"76";"2021";"NON";"NON";"65430";"";"";"";"2021-10-06";"128858";""
"65435";"3199";"PLU";"COM";"2014-02-27 23:00:00+00:00";"2006-03-30 22:00:00+00:00";"39";"65";"76";"2021";"NON";"NON";"65435";"";"";"";"2021-10-06";"17192";""
"65439";"1432";"CC";"CC";"2008-04-07 22:00:00+00:00";"2005-02-10 23:00:00+00:00";"13";"65";"76";"2021";"NON";"NON";"200072106";"";"";"";"2021-10-06";"4669";""
"65440";"3499";"PLU";"CA";"2014-02-16 23:00:00+00:00";"2009-09-20 22:00:00+00:00";"39";"65";"76";"2021";"NON";"NON";"200069300";"";"";"";"2021-10-06";"48036";""
"65442";"1199";"CC";"COM";"2009-06-28 22:00:00+00:00";"2006-11-14 23:00:00+00:00";"19";"65";"76";"2021";"NON";"NON";"65442";"";"";"";"2021-10-06";"25023";""
"65445";"1499";"CC";"CC";"2014-11-04 23:00:00+00:00";"2010-09-27 22:00:00+00:00";"19";"65";"76";"2021";"NON";"NON";"200070787";"";"";"";"2021-10-06";"43367";""
"65446";"1432";"CC";"CC";"2012-09-12 22:00:00+00:00";"2007-06-24 22:00:00+00:00";"13";"65";"76";"2021";"NON";"NON";"200072106";"";"";"";"2021-10-06";"30651";""
"65447";"3199";"PLU";"COM";"2010-11-08 23:00:00+00:00";"2005-11-24 23:00:00+00:00";"39";"65";"76";"2021";"NON";"NON";"65447";"";"";"";"2021-10-06";"19386";""
"65452";"3199";"PLU";"COM";"2019-04-28 22:00:00+00:00";"2009-12-01 23:00:00+00:00";"39";"65";"76";"2021";"NON";"NON";"65452";"";"";"";"2021-10-06";"40387";""
"65456";"1499";"CC";"CC";"2007-11-20 23:00:00+00:00";"2004-10-13 22:00:00+00:00";"19";"65";"76";"2021";"NON";"NON";"200070787";"";"";"";"2021-10-06";"4660";""
"65460";"3432";"PLU";"CC";"2016-12-19 23:00:00+00:00";"2014-09-24 22:00:00+00:00";"33";"65";"76";"2021";"NON";"NON";"200072106";"";"";"";"2021-10-06";"133145";""
"65464";"1499";"CC";"CA";"2012-10-09 22:00:00+00:00";"2010-09-15 22:00:00+00:00";"19";"65";"76";"2021";"NON";"NON";"200069300";"";"";"";"2021-10-06";"71541";""
"65466";"1432";"CC";"CC";"2010-12-16 23:00:00+00:00";"2010-04-19 22:00:00+00:00";"13";"65";"76";"2021";"NON";"NON";"246500573";"";"";"";"2021-10-06";"41394";""
"65467";"1199";"CC";"COM";"2009-01-21 23:00:00+00:00";"2006-01-19 23:00:00+00:00";"19";"65";"76";"2021";"NON";"NON";"65467";"";"";"";"2021-10-06";"11770";""
"65469";"1131";"CC";"COM";"2010-09-27 22:00:00+00:00";"2007-06-03 22:00:00+00:00";"13";"65";"76";"2021";"NON";"NON";"65469";"";"";"";"2021-10-06";"30755";""
"65470";"1499";"CC";"CA";"2006-11-16 23:00:00+00:00";"2006-01-29 23:00:00+00:00";"19";"65";"76";"2021";"NON";"NON";"200069300";"";"";"";"2021-10-06";"18131";""
"65471";"3432";"PLU";"CC";"2007-06-14 22:00:00+00:00";"2001-05-11 22:00:00+00:00";"33";"65";"76";"2021";"NON";"NON";"246500573";"";"";"";"2021-10-06";"4652";""
"65473";"3199";"PLU";"COM";"2019-05-13 22:00:00+00:00";"2006-08-27 22:00:00+00:00";"39";"65";"76";"2021";"NON";"NON";"65473";"";"";"";"2021-10-06";"18141";""
"65478";"1199";"CC";"COM";"2009-02-03 23:00:00+00:00";"2004-04-17 22:00:00+00:00";"19";"65";"76";"2021";"NON";"NON";"65478";"";"";"";"2021-10-06";"4671";""
"65479";"1433";"CC";"CA";"2006-01-26 23:00:00+00:00";"2003-09-24 22:00:00+00:00";"13";"65";"76";"2021";"NON";"NON";"200069300";"";"";"";"2021-10-06";"4694";""
"65481";"3199";"PLU";"COM";"2017-11-09 23:00:00+00:00";"2016-01-07 23:00:00+00:00";"39";"65";"76";"2021";"NON";"NON";"65481";"";"";"";"2021-10-06";"146545";""
"66002";"3131";"PLU";"COM";"2009-11-09 23:00:00+00:00";"2007-01-17 23:00:00+00:00";"33";"66";"76";"2021";"NON";"NON";"66002";"";"";"";"2021-10-06";"25198";""
"66003";"3499";"PLU";"CC";"2012-09-24 22:00:00+00:00";"2003-03-26 23:00:00+00:00";"39";"66";"76";"2021";"NON";"NON";"246600548";"";"";"";"2021-10-06";"21635";""
"66004";"3199";"PLU";"COM";"2018-12-18 23:00:00+00:00";"2015-02-04 23:00:00+00:00";"39";"66";"76";"2021";"NON";"NON";"66004";"";"";"";"2021-10-06";"138940";""
"66005";"3299";"PLUi/PLUiS";"CC";"2019-12-18 23:00:00+00:00";"2016-07-25 22:00:00+00:00";"39";"66";"76";"2021";"NON";"OUI";"246600399";"";"";"";"2021-10-06";"144434";""
"66006";"1432";"CC";"CC";"2010-02-09 23:00:00+00:00";"2006-03-19 23:00:00+00:00";"13";"66";"76";"2021";"NON";"NON";"246600423";"";"";"";"2021-10-06";"21630";""
"66007";"3299";"PLUi/PLUiS";"CC";"2021-03-12 23:00:00+00:00";"2016-02-17 23:00:00+00:00";"39";"66";"76";"2021";"NON";"OUI";"200049211";"";"";"";"2021-10-06";"144427";""
"66008";"3131";"PLU";"COM";"2017-04-19 22:00:00+00:00";"2013-05-22 22:00:00+00:00";"33";"66";"76";"2021";"NON";"NON";"66008";"";"";"";"2021-10-06";"122125";""
"66009";"3499";"PLU";"CC";"2013-06-24 22:00:00+00:00";"2008-06-23 22:00:00+00:00";"39";"66";"76";"2021";"NON";"NON";"246600548";"";"";"";"2021-10-06";"35385";""
"66011";"3131";"PLU";"COM";"2008-12-17 23:00:00+00:00";"2002-02-05 23:00:00+00:00";"33";"66";"76";"2021";"NON";"NON";"66011";"";"";"";"2021-10-06";"21639";""
"66013";"3299";"PLUi/PLUiS";"CC";"2021-03-12 23:00:00+00:00";"2016-02-17 23:00:00+00:00";"39";"66";"76";"2021";"NON";"OUI";"200049211";"";"";"";"2021-10-06";"144427";""
"66014";"3432";"PLU";"CU";"2013-06-10 22:00:00+00:00";"2010-10-19 22:00:00+00:00";"33";"66";"76";"2021";"NON";"NON";"200027183";"";"";"";"2021-10-06";"47698";""
"66015";"3499";"PLU";"CC";"2013-06-04 22:00:00+00:00";"2009-05-18 22:00:00+00:00";"39";"66";"76";"2021";"NON";"NON";"246600449";"";"";"";"2021-10-06";"38310";""
"66016";"3199";"PLU";"COM";"2018-02-11 23:00:00+00:00";"2014-12-07 23:00:00+00:00";"39";"66";"76";"2021";"NON";"NON";"66016";"";"";"";"2021-10-06";"134704";""
"66017";"3432";"PLU";"CU";"2016-11-16 23:00:00+00:00";"2010-03-16 23:00:00+00:00";"33";"66";"76";"2021";"NON";"NON";"200027183";"";"";"";"2021-10-06";"62947";""
"66019";"1111";"CC";"COM";"2008-12-18 23:00:00+00:00";"2005-01-24 23:00:00+00:00";"11";"66";"76";"2021";"NON";"NON";"66019";"";"";"";"2021-10-06";"16624";""
"66021";"3432";"PLU";"CU";"2013-03-26 23:00:00+00:00";"2007-12-17 23:00:00+00:00";"33";"66";"76";"2021";"NON";"NON";"200027183";"";"";"";"2021-10-06";"33618";""
"66024";"3131";"PLU";"COM";"2011-11-30 23:00:00+00:00";"2008-11-09 23:00:00+00:00";"33";"66";"76";"2021";"NON";"NON";"66024";"";"";"";"2021-10-06";"36390";""
"66025";"3299";"PLUi/PLUiS";"CC";"2019-12-18 23:00:00+00:00";"2016-07-25 22:00:00+00:00";"39";"66";"76";"2021";"NON";"OUI";"246600399";"";"";"";"2021-10-06";"144434";""
"66026";"3434";"PLU";"CC";"2006-01-24 23:00:00+00:00";"2003-01-20 23:00:00+00:00";"33";"66";"76";"2021";"NON";"NON";"246600449";"";"";"";"2021-10-06";"21904";""
"66027";"3199";"PLU";"COM";"2007-05-31 22:00:00+00:00";"1999-01-21 23:00:00+00:00";"39";"66";"76";"2021";"NON";"NON";"66027";"";"";"";"2021-10-06";"21652";""
"66028";"3432";"PLU";"CU";"2018-02-14 23:00:00+00:00";"2013-02-19 23:00:00+00:00";"33";"66";"76";"2021";"NON";"NON";"200027183";"";"";"";"2021-10-06";"121485";""
"66030";"3432";"PLU";"CU";"2016-03-30 22:00:00+00:00";"2005-06-27 22:00:00+00:00";"33";"66";"76";"2021";"NON";"NON";"200027183";"";"";"";"2021-10-06";"21656";""
"66033";"1499";"CC";"CC";"2006-02-23 23:00:00+00:00";"2001-06-27 22:00:00+00:00";"19";"66";"76";"2021";"NON";"NON";"246600449";"";"";"";"2021-10-06";"16609";""
"66034";"3299";"PLUi/PLUiS";"CC";"2021-03-12 23:00:00+00:00";"2016-02-17 23:00:00+00:00";"39";"66";"76";"2021";"NON";"OUI";"200049211";"";"";"";"2021-10-06";"144427";""
"66036";"3299";"PLUi/PLUiS";"CC";"2021-03-12 23:00:00+00:00";"2016-02-17 23:00:00+00:00";"39";"66";"76";"2021";"NON";"OUI";"200049211";"";"";"";"2021-10-06";"144427";""
"66037";"3432";"PLU";"CU";"2007-10-10 22:00:00+00:00";"2001-05-02 22:00:00+00:00";"33";"66";"76";"2021";"NON";"NON";"200027183";"";"";"";"2021-10-06";"578";""
"66038";"3432";"PLU";"CU";"2010-06-13 22:00:00+00:00";"1998-05-25 22:00:00+00:00";"33";"66";"76";"2021";"NON";"NON";"200027183";"";"";"";"2021-10-06";"21659";""
"66039";"3432";"PLU";"CC";"2007-12-02 23:00:00+00:00";"2004-02-25 23:00:00+00:00";"33";"66";"76";"2021";"NON";"NON";"246600423";"";"";"";"2021-10-06";"21661";""
"66041";"3432";"PLU";"CU";"2017-11-26 23:00:00+00:00";"2011-12-15 23:00:00+00:00";"33";"66";"76";"2021";"NON";"NON";"200027183";"";"";"";"2021-10-06";"95634";""
"66042";"3432";"PLU";"CU";"2018-06-24 22:00:00+00:00";"2014-11-30 23:00:00+00:00";"33";"66";"76";"2021";"NON";"NON";"66042";"";"";"";"2021-10-06";"134524";""
"66043";"3299";"PLUi/PLUiS";"CC";"2021-03-12 23:00:00+00:00";"2016-02-17 23:00:00+00:00";"39";"66";"76";"2021";"NON";"OUI";"200049211";"";"";"";"2021-10-06";"144427";""
"66044";"3499";"PLU";"CC";"2013-01-27 23:00:00+00:00";"2006-03-14 23:00:00+00:00";"39";"66";"76";"2021";"NON";"NON";"246600449";"";"";"";"2021-10-06";"21662";""
"66045";"3299";"PLUi/PLUiS";"CC";"2021-03-12 23:00:00+00:00";"2016-02-17 23:00:00+00:00";"39";"66";"76";"2021";"NON";"OUI";"200049211";"";"";"";"2021-10-06";"144427";""
"66046";"3432";"PLU";"CC";"2019-09-25 22:00:00+00:00";"2015-05-17 22:00:00+00:00";"33";"66";"76";"2021";"NON";"NON";"246600423";"";"";"";"2021-10-06";"34542";""
"66049";"3199";"PLU";"COM";"2021-06-29 22:00:00+00:00";"2017-06-25 22:00:00+00:00";"39";"66";"76";"2021";"NON";"NON";"66049";"";"";"";"2021-10-06";"160521";""
"66050";"3199";"PLU";"COM";"2018-03-05 23:00:00+00:00";"2010-09-30 22:00:00+00:00";"39";"66";"76";"2021";"NON";"NON";"66050";"";"";"";"2021-10-06";"42509";""
"66051";"3299";"PLUi/PLUiS";"CC";"2021-03-12 23:00:00+00:00";"2016-02-17 23:00:00+00:00";"39";"66";"76";"2021";"NON";"OUI";"200049211";"";"";"";"2021-10-06";"144427";""
"66052";"3299";"PLUi/PLUiS";"CC";"2021-03-12 23:00:00+00:00";"2016-02-17 23:00:00+00:00";"39";"66";"76";"2021";"NON";"OUI";"200049211";"";"";"";"2021-10-06";"144427";""
"66053";"3199";"PLU";"COM";"2017-03-20 23:00:00+00:00";"2005-05-23 22:00:00+00:00";"39";"66";"76";"2021";"NON";"NON";"66053";"";"";"";"2021-10-06";"21665";""
"66054";"3299";"PLUi/PLUiS";"CC";"2021-03-12 23:00:00+00:00";"2016-02-17 23:00:00+00:00";"39";"66";"76";"2021";"NON";"OUI";"200049211";"";"";"";"2021-10-06";"144427";""
"66055";"3199";"PLU";"COM";"2009-02-24 23:00:00+00:00";"2003-05-04 22:00:00+00:00";"39";"66";"76";"2021";"NON";"NON";"66055";"";"";"";"2021-10-06";"21666";""
"66056";"3199";"PLU";"COM";"2014-03-03 23:00:00+00:00";"2007-06-17 22:00:00+00:00";"39";"66";"76";"2021";"NON";"NON";"66056";"";"";"";"2021-10-06";"29355";""
"66057";"3299";"PLUi/PLUiS";"CC";"2021-03-12 23:00:00+00:00";"2016-02-17 23:00:00+00:00";"39";"66";"76";"2021";"NON";"OUI";"200049211";"";"";"";"2021-10-06";"144427";""
"66059";"3199";"PLU";"COM";"2011-06-16 22:00:00+00:00";"2002-06-26 22:00:00+00:00";"39";"66";"76";"2021";"NON";"NON";"66059";"";"";"";"2021-10-06";"21669";""
"66062";"3299";"PLUi/PLUiS";"CC";"2019-12-18 23:00:00+00:00";"2016-07-25 22:00:00+00:00";"39";"66";"76";"2021";"NON";"OUI";"246600399";"";"";"";"2021-10-06";"144434";""
"66063";"3199";"PLU";"COM";"2011-04-27 22:00:00+00:00";"2004-03-29 22:00:00+00:00";"39";"66";"76";"2021";"NON";"NON";"66063";"";"";"";"2021-10-06";"21671";""
"66064";"3299";"PLUi/PLUiS";"CC";"2019-12-18 23:00:00+00:00";"2016-07-25 22:00:00+00:00";"39";"66";"76";"2021";"NON";"OUI";"246600399";"";"";"";"2021-10-06";"144434";""
"66065";"3131";"PLU";"COM";"2005-07-27 22:00:00+00:00";"2002-02-11 23:00:00+00:00";"33";"66";"76";"2021";"NON";"NON";"66065";"";"";"";"2021-10-06";"21944";""
"66066";"3299";"PLUi/PLUiS";"CC";"2019-12-18 23:00:00+00:00";"2016-07-25 22:00:00+00:00";"39";"66";"76";"2021";"NON";"OUI";"246600399";"";"";"";"2021-10-06";"144434";""
"66067";"3299";"PLUi/PLUiS";"CC";"2019-12-18 23:00:00+00:00";"2016-07-25 22:00:00+00:00";"39";"66";"76";"2021";"NON";"OUI";"246600399";"";"";"";"2021-10-06";"144434";""
"66068";"3299";"PLUi/PLUiS";"CC";"2021-03-12 23:00:00+00:00";"2016-02-17 23:00:00+00:00";"39";"66";"76";"2021";"NON";"OUI";"200049211";"";"";"";"2021-10-06";"144427";""
"66069";"3432";"PLU";"CU";"2007-11-12 23:00:00+00:00";"2002-06-23 22:00:00+00:00";"33";"66";"76";"2021";"NON";"NON";"200027183";"";"";"";"2021-10-06";"21673";""
"66070";"3299";"PLUi/PLUiS";"CC";"2021-03-12 23:00:00+00:00";"2016-02-17 23:00:00+00:00";"39";"66";"76";"2021";"NON";"OUI";"200049211";"";"";"";"2021-10-06";"144427";""
"66071";"3432";"PLU";"CU";"2013-03-19 23:00:00+00:00";"2011-03-20 23:00:00+00:00";"33";"66";"76";"2021";"NON";"NON";"200027183";"";"";"";"2021-10-06";"47699";""
"66072";"3299";"PLUi/PLUiS";"CC";"2019-12-18 23:00:00+00:00";"2016-07-25 22:00:00+00:00";"39";"66";"76";"2021";"NON";"OUI";"246600399";"";"";"";"2021-10-06";"144434";""
"66073";"3299";"PLUi/PLUiS";"CC";"2021-03-12 23:00:00+00:00";"2016-02-17 23:00:00+00:00";"39";"66";"76";"2021";"NON";"OUI";"200049211";"";"";"";"2021-10-06";"144427";""
"66074";"3299";"PLUi/PLUiS";"CC";"2021-03-12 23:00:00+00:00";"2016-02-17 23:00:00+00:00";"39";"66";"76";"2021";"NON";"OUI";"200049211";"";"";"";"2021-10-06";"144427";""
"66077";"1432";"CC";"CC";"2017-02-06 23:00:00+00:00";"2014-10-20 22:00:00+00:00";"13";"66";"76";"2021";"NON";"NON";"246600423";"";"";"";"2021-10-06";"134703";""
"66078";"3299";"PLUi/PLUiS";"CC";"2021-03-12 23:00:00+00:00";"2016-02-17 23:00:00+00:00";"39";"66";"76";"2021";"NON";"OUI";"200049211";"";"";"";"2021-10-06";"144427";""
"66079";"3299";"PLUi/PLUiS";"CC";"2021-03-12 23:00:00+00:00";"2016-02-17 23:00:00+00:00";"39";"66";"76";"2021";"NON";"OUI";"200049211";"";"";"";"2021-10-06";"144427";""
"66080";"3299";"PLUi/PLUiS";"CC";"2021-03-12 23:00:00+00:00";"2016-02-17 23:00:00+00:00";"39";"66";"76";"2021";"NON";"OUI";"200049211";"";"";"";"2021-10-06";"144427";""
"66081";"3199";"PLU";"COM";"2005-07-17 22:00:00+00:00";"1999-04-13 22:00:00+00:00";"39";"66";"76";"2021";"NON";"NON";"66081";"";"";"";"2021-10-06";"21963";""
"66082";"3199";"PLU";"COM";"2006-09-21 22:00:00+00:00";"2002-12-12 23:00:00+00:00";"39";"66";"76";"2021";"NON";"NON";"66082";"";"";"";"2021-10-06";"21681";""
"66084";"3434";"PLU";"CC";"2006-05-09 22:00:00+00:00";"2003-02-06 23:00:00+00:00";"33";"66";"76";"2021";"NON";"NON";"246600449";"";"";"";"2021-10-06";"21968";""
"66085";"3299";"PLUi/PLUiS";"CC";"2021-03-12 23:00:00+00:00";"2016-02-17 23:00:00+00:00";"39";"66";"76";"2021";"NON";"OUI";"200049211";"";"";"";"2021-10-06";"144427";""
"66088";"3199";"PLU";"COM";"2011-11-13 23:00:00+00:00";"1999-05-10 22:00:00+00:00";"39";"66";"76";"2021";"NON";"NON";"66088";"";"";"";"2021-10-06";"21679";""
"66089";"3299";"PLUi/PLUiS";"CC";"2021-03-12 23:00:00+00:00";"2016-02-17 23:00:00+00:00";"39";"66";"76";"2021";"NON";"OUI";"200049211";"";"";"";"2021-10-06";"144427";""
"66090";"3299";"PLUi/PLUiS";"CC";"2021-03-12 23:00:00+00:00";"2016-02-17 23:00:00+00:00";"39";"66";"76";"2021";"NON";"OUI";"200049211";"";"";"";"2021-10-06";"144427";""
"66093";"3199";"PLU";"COM";"2019-03-14 23:00:00+00:00";"2016-06-13 22:00:00+00:00";"39";"66";"76";"2021";"NON";"NON";"66093";"";"";"";"2021-10-06";"149850";""
"66094";"3199";"PLU";"COM";"2017-09-27 22:00:00+00:00";"2014-07-21 22:00:00+00:00";"39";"66";"76";"2021";"NON";"NON";"66094";"";"";"";"2021-10-06";"131288";""
"66095";"3299";"PLUi/PLUiS";"CC";"2019-12-18 23:00:00+00:00";"2016-07-25 22:00:00+00:00";"39";"66";"76";"2021";"NON";"OUI";"246600399";"";"";"";"2021-10-06";"144434";""
"66096";"3432";"PLU";"CC";"2006-06-26 22:00:00+00:00";"2001-12-20 23:00:00+00:00";"33";"66";"76";"2021";"NON";"NON";"246600423";"";"";"";"2021-10-06";"21686";""
"66097";"1432";"CC";"CC";"2006-10-17 22:00:00+00:00";"2005-01-17 23:00:00+00:00";"13";"66";"76";"2021";"NON";"NON";"246600423";"";"";"";"2021-10-06";"16641";""
"66099";"3499";"PLU";"CC";"2017-07-03 22:00:00+00:00";"2014-11-17 23:00:00+00:00";"39";"66";"76";"2021";"NON";"NON";"246600449";"";"";"";"2021-10-06";"134354";""
"66100";"3299";"PLUi/PLUiS";"CC";"2019-12-18 23:00:00+00:00";"2016-07-25 22:00:00+00:00";"39";"66";"76";"2021";"NON";"OUI";"246600399";"";"";"";"2021-10-06";"144434";""
"66101";"3432";"PLU";"CU";"2009-01-28 23:00:00+00:00";"2004-06-08 22:00:00+00:00";"33";"66";"76";"2021";"NON";"NON";"200027183";"";"";"";"2021-10-06";"21689";""
"66102";"3299";"PLUi/PLUiS";"CC";"2021-03-12 23:00:00+00:00";"2016-02-17 23:00:00+00:00";"39";"66";"76";"2021";"NON";"OUI";"200049211";"";"";"";"2021-10-06";"144427";""
"66103";"3299";"PLUi/PLUiS";"CC";"2021-03-12 23:00:00+00:00";"2016-02-17 23:00:00+00:00";"39";"66";"76";"2021";"NON";"OUI";"200049211";"";"";"";"2021-10-06";"144427";""
"66104";"3299";"PLUi/PLUiS";"CC";"2021-03-12 23:00:00+00:00";"2016-02-17 23:00:00+00:00";"39";"66";"76";"2021";"NON";"OUI";"200049211";"";"";"";"2021-10-06";"144427";""
"66107";"3432";"PLU";"CC";"2007-12-16 23:00:00+00:00";"2002-07-10 22:00:00+00:00";"33";"66";"76";"2021";"NON";"NON";"246600423";"";"";"";"2021-10-06";"33160";""
"66108";"3199";"PLU";"COM";"2013-01-07 23:00:00+00:00";"2009-09-23 22:00:00+00:00";"39";"66";"76";"2021";"NON";"NON";"66108";"";"";"";"2021-10-06";"39602";""
"66109";"3299";"PLUi/PLUiS";"CC";"2021-03-12 23:00:00+00:00";"2016-02-17 23:00:00+00:00";"39";"66";"76";"2021";"NON";"OUI";"200049211";"";"";"";"2021-10-06";"144427";""
"66111";"3199";"PLU";"COM";"2005-01-27 23:00:00+00:00";"1998-12-08 23:00:00+00:00";"39";"66";"76";"2021";"NON";"NON";"66111";"";"";"";"2021-10-06";"22000";""
"66112";"3499";"PLU";"CC";"2018-02-22 23:00:00+00:00";"2014-12-17 23:00:00+00:00";"39";"66";"76";"2021";"NON";"NON";"246600449";"";"";"";"2021-10-06";"136527";""
"66113";"3499";"PLU";"CC";"2014-03-02 23:00:00+00:00";"2006-09-27 22:00:00+00:00";"39";"66";"76";"2021";"NON";"NON";"246600548";"";"";"";"2021-10-06";"21705";""
"66114";"3199";"PLU";"COM";"2013-06-26 22:00:00+00:00";"2008-09-17 22:00:00+00:00";"39";"66";"76";"2021";"NON";"NON";"66114";"";"";"";"2021-10-06";"36087";""
"66115";"3199";"PLU";"COM";"2019-06-05 22:00:00+00:00";"2015-03-18 23:00:00+00:00";"39";"66";"76";"2021";"NON";"NON";"66115";"";"";"";"2021-10-06";"138331";""
"66116";"1499";"CC";"CC";"2013-12-19 23:00:00+00:00";"2011-03-24 23:00:00+00:00";"19";"66";"76";"2021";"NON";"NON";"246600548";"";"";"";"2021-10-06";"79825";""
"66118";"3432";"PLU";"CU";"2011-11-13 23:00:00+00:00";"2004-03-14 23:00:00+00:00";"33";"66";"76";"2021";"NON";"NON";"200027183";"";"";"";"2021-10-06";"21707";""
"66119";"3299";"PLUi/PLUiS";"CC";"2021-03-12 23:00:00+00:00";"2016-02-17 23:00:00+00:00";"39";"66";"76";"2021";"NON";"OUI";"200049211";"";"";"";"2021-10-06";"144427";""
"66120";"3299";"PLUi/PLUiS";"CC";"2019-12-18 23:00:00+00:00";"2016-07-25 22:00:00+00:00";"39";"66";"76";"2021";"NON";"OUI";"246600399";"";"";"";"2021-10-06";"144434";""
"66121";"1199";"CC";"COM";"2002-11-26 23:00:00+00:00";"2001-10-22 22:00:00+00:00";"19";"66";"76";"2021";"NON";"NON";"66121";"";"";"";"2021-10-06";"16616";""
"66122";"3299";"PLUi/PLUiS";"CC";"2021-03-12 23:00:00+00:00";"2016-02-17 23:00:00+00:00";"39";"66";"76";"2021";"NON";"OUI";"200049211";"";"";"";"2021-10-06";"144427";""
"66123";"3299";"PLUi/PLUiS";"CC";"2021-03-12 23:00:00+00:00";"2016-02-17 23:00:00+00:00";"39";"66";"76";"2021";"NON";"OUI";"200049211";"";"";"";"2021-10-06";"144427";""
"66124";"3131";"PLU";"COM";"2018-04-09 22:00:00+00:00";"2015-06-16 22:00:00+00:00";"33";"66";"76";"2021";"NON";"NON";"66124";"";"";"";"2021-10-06";"139617";""
"66125";"3299";"PLUi/PLUiS";"CC";"2021-03-12 23:00:00+00:00";"2016-02-17 23:00:00+00:00";"39";"66";"76";"2021";"NON";"OUI";"200049211";"";"";"";"2021-10-06";"144427";""
"66128";"3299";"PLUi/PLUiS";"CC";"2021-03-12 23:00:00+00:00";"2016-02-17 23:00:00+00:00";"39";"66";"76";"2021";"NON";"OUI";"200049211";"";"";"";"2021-10-06";"144427";""
"66129";"3131";"PLU";"COM";"2016-01-20 23:00:00+00:00";"2011-11-09 23:00:00+00:00";"33";"66";"76";"2021";"NON";"NON";"66129";"";"";"";"2021-10-06";"104802";""
"66130";"3299";"PLUi/PLUiS";"CC";"2019-12-18 23:00:00+00:00";"2016-07-25 22:00:00+00:00";"39";"66";"76";"2021";"NON";"OUI";"246600399";"";"";"";"2021-10-06";"144434";""
"66132";"3299";"PLUi/PLUiS";"CC";"2019-12-18 23:00:00+00:00";"2016-07-25 22:00:00+00:00";"39";"66";"76";"2021";"NON";"OUI";"246600399";"";"";"";"2021-10-06";"144434";""
"66133";"3199";"PLU";"COM";"2013-06-10 22:00:00+00:00";"2005-02-22 23:00:00+00:00";"39";"66";"76";"2021";"NON";"NON";"66133";"";"";"";"2021-10-06";"21719";""
"66134";"3434";"PLU";"CC";"2009-12-06 23:00:00+00:00";"2002-03-27 23:00:00+00:00";"33";"66";"76";"2021";"NON";"NON";"246600449";"";"";"";"2021-10-06";"21723";""
"66136";"3432";"PLU";"CU";"2016-12-14 23:00:00+00:00";"2012-06-27 22:00:00+00:00";"33";"66";"76";"2021";"NON";"NON";"200027183";"";"";"";"2021-10-06";"112459";""
"66140";"3432";"PLU";"CU";"2008-05-13 22:00:00+00:00";"2002-02-04 23:00:00+00:00";"33";"66";"76";"2021";"NON";"NON";"200027183";"";"";"";"2021-10-06";"21728";""
"66141";"3199";"PLU";"COM";"2013-05-17 22:00:00+00:00";"2002-07-25 22:00:00+00:00";"39";"66";"76";"2021";"NON";"NON";"66141";"";"";"";"2021-10-06";"21736";""
"66144";"3432";"PLU";"CU";"2011-09-28 22:00:00+00:00";"2004-05-16 22:00:00+00:00";"33";"66";"76";"2021";"NON";"NON";"200027183";"";"";"";"2021-10-06";"21743";""
"66145";"3432";"PLU";"CU";"2013-05-12 22:00:00+00:00";"2008-04-21 22:00:00+00:00";"33";"66";"76";"2021";"NON";"NON";"200027183";"";"";"";"2021-10-06";"34746";""
"66146";"3299";"PLUi/PLUiS";"CC";"2019-12-18 23:00:00+00:00";"2016-07-25 22:00:00+00:00";"39";"66";"76";"2021";"NON";"OUI";"246600399";"";"";"";"2021-10-06";"144434";""
"66147";"3299";"PLUi/PLUiS";"CC";"2019-12-18 23:00:00+00:00";"2016-07-25 22:00:00+00:00";"39";"66";"76";"2021";"NON";"OUI";"246600399";"";"";"";"2021-10-06";"144434";""
"66148";"3199";"PLU";"COM";"2012-09-24 22:00:00+00:00";"2009-09-16 22:00:00+00:00";"39";"66";"76";"2021";"NON";"NON";"66148";"";"";"";"2021-10-06";"39666";""
"66149";"3299";"PLUi/PLUiS";"CC";"2021-03-12 23:00:00+00:00";"2016-02-17 23:00:00+00:00";"39";"66";"76";"2021";"NON";"OUI";"200049211";"";"";"";"2021-10-06";"144427";""
"66155";"3299";"PLUi/PLUiS";"CC";"2021-03-12 23:00:00+00:00";"2016-02-17 23:00:00+00:00";"39";"66";"76";"2021";"NON";"OUI";"200049211";"";"";"";"2021-10-06";"144427";""
"66159";"1199";"CC";"COM";"2021-04-12 22:00:00+00:00";"2015-05-06 22:00:00+00:00";"19";"66";"76";"2021";"NON";"NON";"66159";"";"";"";"2021-10-06";"16652";""
"66160";"3131";"PLU";"COM";"2019-11-05 23:00:00+00:00";"2009-02-08 23:00:00+00:00";"33";"66";"76";"2021";"NON";"NON";"66160";"";"";"";"2021-10-06";"40544";""
"66161";"3299";"PLUi/PLUiS";"CC";"2021-03-12 23:00:00+00:00";"2016-02-17 23:00:00+00:00";"39";"66";"76";"2021";"NON";"OUI";"200049211";"";"";"";"2021-10-06";"144427";""
"66162";"3299";"PLUi/PLUiS";"CC";"2021-03-12 23:00:00+00:00";"2016-02-17 23:00:00+00:00";"39";"66";"76";"2021";"NON";"OUI";"200049211";"";"";"";"2021-10-06";"144427";""
"66164";"3432";"PLU";"CU";"2009-12-08 23:00:00+00:00";"2002-05-29 22:00:00+00:00";"33";"66";"76";"2021";"NON";"NON";"200027183";"";"";"";"2021-10-06";"1040";""
"66165";"3199";"PLU";"COM";"2014-01-14 23:00:00+00:00";"2004-09-21 22:00:00+00:00";"39";"66";"76";"2021";"NON";"NON";"66165";"";"";"";"2021-10-06";"40669";""
"66166";"3299";"PLUi/PLUiS";"CC";"2021-03-12 23:00:00+00:00";"2016-02-17 23:00:00+00:00";"39";"66";"76";"2021";"NON";"OUI";"200049211";"";"";"";"2021-10-06";"144427";""
"66167";"3299";"PLUi/PLUiS";"CC";"2019-12-18 23:00:00+00:00";"2016-07-25 22:00:00+00:00";"39";"66";"76";"2021";"NON";"OUI";"246600399";"";"";"";"2021-10-06";"144434";""
"66168";"3131";"PLU";"COM";"2008-02-19 23:00:00+00:00";"2003-06-29 22:00:00+00:00";"33";"66";"76";"2021";"NON";"NON";"66168";"";"";"";"2021-10-06";"21765";""
"66170";"3499";"PLU";"CC";"2017-10-04 22:00:00+00:00";"2014-09-01 22:00:00+00:00";"39";"66";"76";"2021";"NON";"NON";"246600449";"";"";"";"2021-10-06";"132052";""
"66171";"3131";"PLU";"COM";"2017-05-17 22:00:00+00:00";"2014-12-07 23:00:00+00:00";"33";"66";"76";"2021";"NON";"NON";"66171";"";"";"";"2021-10-06";"134548";""
"66172";"3432";"PLU";"CU";"2017-05-21 22:00:00+00:00";"2013-07-16 22:00:00+00:00";"33";"66";"76";"2021";"NON";"NON";"200027183";"";"";"";"2021-10-06";"123340";""
"66173";"3199";"PLU";"COM";"2008-10-14 22:00:00+00:00";"2000-07-17 22:00:00+00:00";"39";"66";"76";"2021";"NON";"NON";"66173";"";"";"";"2021-10-06";"21769";""
"66174";"3432";"PLU";"CU";"2008-10-22 22:00:00+00:00";"2002-02-19 23:00:00+00:00";"33";"66";"76";"2021";"NON";"NON";"200027183";"";"";"";"2021-10-06";"21771";""
"66176";"3432";"PLU";"CU";"2012-07-04 22:00:00+00:00";"2004-06-02 22:00:00+00:00";"33";"66";"76";"2021";"NON";"NON";"200027183";"";"";"";"2021-10-06";"21779";""
"66177";"3499";"PLU";"CC";"2012-09-26 22:00:00+00:00";"2010-03-10 23:00:00+00:00";"39";"66";"76";"2021";"NON";"NON";"246600449";"";"";"";"2021-10-06";"40538";""
"66179";"3499";"PLU";"CC";"2020-01-29 23:00:00+00:00";"2015-05-11 22:00:00+00:00";"39";"66";"76";"2021";"NON";"NON";"246600548";"";"";"";"2021-10-06";"140222";""
"66180";"3432";"PLU";"CU";"2017-03-29 22:00:00+00:00";"2014-11-30 23:00:00+00:00";"33";"66";"76";"2021";"NON";"NON";"200027183";"";"";"";"2021-10-06";"135420";""
"66181";"3299";"PLUi/PLUiS";"CC";"2019-12-18 23:00:00+00:00";"2016-07-25 22:00:00+00:00";"39";"66";"76";"2021";"NON";"OUI";"246600399";"";"";"";"2021-10-06";"144434";""
"66182";"3432";"PLU";"CU";"2012-12-17 23:00:00+00:00";"2004-12-16 23:00:00+00:00";"33";"66";"76";"2021";"NON";"NON";"200027183";"";"";"";"2021-10-06";"21792";""
"66186";"3432";"PLU";"CU";"2010-07-25 22:00:00+00:00";"2002-09-25 22:00:00+00:00";"33";"66";"76";"2021";"NON";"NON";"200027183";"";"";"";"2021-10-06";"21797";""
"66187";"3432";"PLU";"CC";"2013-02-24 23:00:00+00:00";"2003-01-22 23:00:00+00:00";"33";"66";"76";"2021";"NON";"NON";"246600423";"";"";"";"2021-10-06";"21802";""
"66188";"3199";"PLU";"COM";"2016-05-09 22:00:00+00:00";"1999-12-01 23:00:00+00:00";"39";"66";"76";"2021";"NON";"NON";"66188";"";"";"";"2021-10-06";"21804";""
"66189";"3432";"PLU";"CU";"2011-02-02 23:00:00+00:00";"2004-03-10 23:00:00+00:00";"33";"66";"76";"2021";"NON";"NON";"200027183";"";"";"";"2021-10-06";"21808";""
"66190";"3199";"PLU";"COM";"2017-07-06 22:00:00+00:00";"2010-06-30 22:00:00+00:00";"39";"66";"76";"2021";"NON";"NON";"66190";"";"";"";"2021-10-06";"41032";""
"66193";"3299";"PLUi/PLUiS";"CC";"2021-03-12 23:00:00+00:00";"2016-02-17 23:00:00+00:00";"39";"66";"76";"2021";"NON";"OUI";"200049211";"";"";"";"2021-10-06";"144427";""
"66195";"3432";"PLU";"CU";"2013-05-12 22:00:00+00:00";"2001-09-25 22:00:00+00:00";"33";"66";"76";"2021";"NON";"NON";"200027183";"";"";"";"2021-10-06";"21819";""
"66196";"3199";"PLU";"COM";"2013-04-24 22:00:00+00:00";"2007-06-25 22:00:00+00:00";"39";"66";"76";"2021";"NON";"NON";"66196";"";"";"";"2021-10-06";"27843";""
"66197";"3299";"PLUi/PLUiS";"CC";"2021-03-12 23:00:00+00:00";"2016-02-17 23:00:00+00:00";"39";"66";"76";"2021";"NON";"OUI";"200049211";"";"";"";"2021-10-06";"144427";""
"66198";"3432";"PLU";"CC";"2011-11-29 23:00:00+00:00";"2008-05-06 22:00:00+00:00";"33";"66";"76";"2021";"NON";"NON";"246600423";"";"";"";"2021-10-06";"35020";""
"66199";"1199";"CC";"COM";"2009-10-19 22:00:00+00:00";"2005-11-09 23:00:00+00:00";"19";"66";"76";"2021";"NON";"NON";"66199";"";"";"";"2021-10-06";"16657";""
"66201";"3299";"PLUi/PLUiS";"CC";"2021-03-12 23:00:00+00:00";"2016-02-17 23:00:00+00:00";"39";"66";"76";"2021";"NON";"OUI";"200049211";"";"";"";"2021-10-06";"144427";""
"66202";"3299";"PLUi/PLUiS";"CC";"2019-12-18 23:00:00+00:00";"2016-07-25 22:00:00+00:00";"39";"66";"76";"2021";"NON";"OUI";"246600399";"";"";"";"2021-10-06";"144434";""
"66203";"1499";"CC";"CC";"2009-02-05 23:00:00+00:00";"2005-06-29 22:00:00+00:00";"19";"66";"76";"2021";"NON";"NON";"246600548";"";"";"";"2021-10-06";"16658";""
"66204";"3299";"PLUi/PLUiS";"CC";"2021-03-12 23:00:00+00:00";"2016-02-17 23:00:00+00:00";"39";"66";"76";"2021";"NON";"OUI";"200049211";"";"";"";"2021-10-06";"144427";""
"66205";"3432";"PLU";"CU";"2012-04-19 22:00:00+00:00";"2002-07-25 22:00:00+00:00";"33";"66";"76";"2021";"NON";"NON";"200027183";"";"";"";"2021-10-06";"21825";""
"66207";"3499";"PLU";"CC";"2008-02-18 23:00:00+00:00";"2004-11-18 23:00:00+00:00";"39";"66";"76";"2021";"NON";"NON";"246600449";"";"";"";"2021-10-06";"21827";""
"66208";"3199";"PLU";"COM";"2016-07-11 22:00:00+00:00";"2011-02-13 23:00:00+00:00";"39";"66";"76";"2021";"NON";"NON";"66208";"";"";"";"2021-10-06";"48021";""
"66209";"3299";"PLUi/PLUiS";"CC";"2021-03-12 23:00:00+00:00";"2016-02-17 23:00:00+00:00";"39";"66";"76";"2021";"NON";"OUI";"200049211";"";"";"";"2021-10-06";"144427";""
"66210";"3434";"PLU";"CC";"2010-07-14 22:00:00+00:00";"2001-05-08 22:00:00+00:00";"33";"66";"76";"2021";"NON";"NON";"246600449";"";"";"";"2021-10-06";"21837";""
"66211";"3499";"PLU";"CC";"2017-04-12 22:00:00+00:00";"2014-10-27 23:00:00+00:00";"39";"66";"76";"2021";"NON";"NON";"246600449";"";"";"";"2021-10-06";"133206";""
"66212";"3432";"PLU";"CU";"2017-06-25 22:00:00+00:00";"2011-12-14 23:00:00+00:00";"33";"66";"76";"2021";"NON";"NON";"200027183";"";"";"";"2021-10-06";"94494";""
"66213";"3432";"PLU";"CU";"2007-12-17 23:00:00+00:00";"2002-09-23 22:00:00+00:00";"33";"66";"76";"2021";"NON";"NON";"200027183";"";"";"";"2021-10-06";"21842";""
"66214";"3499";"PLU";"CC";"2014-03-09 23:00:00+00:00";"2009-02-22 23:00:00+00:00";"39";"66";"76";"2021";"NON";"NON";"246600449";"";"";"";"2021-10-06";"37658";""
"66215";"3299";"PLUi/PLUiS";"CC";"2021-03-12 23:00:00+00:00";"2016-02-17 23:00:00+00:00";"39";"66";"76";"2021";"NON";"OUI";"200049211";"";"";"";"2021-10-06";"144427";""
"66216";"1432";"CC";"CC";"2009-01-04 23:00:00+00:00";"2006-05-11 22:00:00+00:00";"13";"66";"76";"2021";"NON";"NON";"246600423";"";"";"";"2021-10-06";"21632";""
"66217";"3434";"PLU";"CC";"2012-05-13 22:00:00+00:00";"2005-02-14 23:00:00+00:00";"33";"66";"76";"2021";"NON";"NON";"246600449";"";"";"";"2021-10-06";"21847";""
"66218";"3299";"PLUi/PLUiS";"CC";"2019-12-18 23:00:00+00:00";"2016-07-25 22:00:00+00:00";"39";"66";"76";"2021";"NON";"OUI";"246600399";"";"";"";"2021-10-06";"144434";""
"66219";"3299";"PLUi/PLUiS";"CC";"2021-03-12 23:00:00+00:00";"2016-02-17 23:00:00+00:00";"39";"66";"76";"2021";"NON";"OUI";"200049211";"";"";"";"2021-10-06";"144427";""
"66220";"3299";"PLUi/PLUiS";"CC";"2019-12-18 23:00:00+00:00";"2016-07-25 22:00:00+00:00";"39";"66";"76";"2021";"NON";"OUI";"246600399";"";"";"";"2021-10-06";"144434";""
"66221";"3299";"PLUi/PLUiS";"CC";"2021-03-12 23:00:00+00:00";"2016-02-17 23:00:00+00:00";"39";"66";"76";"2021";"NON";"OUI";"200049211";"";"";"";"2021-10-06";"144427";""
"66222";"3299";"PLUi/PLUiS";"CC";"2021-03-12 23:00:00+00:00";"2016-02-17 23:00:00+00:00";"39";"66";"76";"2021";"NON";"OUI";"200049211";"";"";"";"2021-10-06";"144427";""
"66223";"3299";"PLUi/PLUiS";"CC";"2021-03-12 23:00:00+00:00";"2016-02-17 23:00:00+00:00";"39";"66";"76";"2021";"NON";"OUI";"200049211";"";"";"";"2021-10-06";"144427";""
"66224";"3432";"PLU";"CU";"2014-03-05 23:00:00+00:00";"2009-06-30 22:00:00+00:00";"33";"66";"76";"2021";"NON";"NON";"200027183";"";"";"";"2021-10-06";"38567";""
"66225";"3199";"PLU";"COM";"2011-11-06 23:00:00+00:00";"2006-05-10 22:00:00+00:00";"39";"66";"76";"2021";"NON";"NON";"66225";"";"";"";"2021-10-06";"21861";""
"66226";"3499";"PLU";"CC";"2013-02-27 23:00:00+00:00";"2005-04-12 22:00:00+00:00";"39";"66";"76";"2021";"NON";"NON";"246600449";"";"";"";"2021-10-06";"21863";""
"66227";"3432";"PLU";"CU";"2009-08-06 22:00:00+00:00";"2003-05-05 22:00:00+00:00";"33";"66";"76";"2021";"NON";"NON";"200027183";"";"";"";"2021-10-06";"21869";""
"66230";"3299";"PLUi/PLUiS";"CC";"2021-03-12 23:00:00+00:00";"2016-02-17 23:00:00+00:00";"39";"66";"76";"2021";"NON";"OUI";"200049211";"";"";"";"2021-10-06";"144427";""
"66231";"3432";"PLU";"CU";"2014-07-06 22:00:00+00:00";"2009-12-20 23:00:00+00:00";"33";"66";"76";"2021";"NON";"NON";"200027183";"";"";"";"2021-10-06";"40602";""
"66233";"1199";"CC";"COM";"2013-06-18 22:00:00+00:00";"2011-05-29 22:00:00+00:00";"19";"66";"76";"2021";"NON";"NON";"66233";"";"";"";"2021-10-06";"71632";""
"67001";"3299";"PLUi/PLUiS";"MET";"2019-09-26 22:00:00+00:00";"2017-03-02 23:00:00+00:00";"39";"67";"44";"2021";"NON";"OUI";"246700488";"";"";"";"2021-10-06";"155964";""
"67002";"3199";"PLU";"COM";"2009-09-09 22:00:00+00:00";"2004-06-10 22:00:00+00:00";"39";"67";"44";"2021";"NON";"NON";"67002";"";"";"";"2021-10-06";"28732";""
"67003";"3299";"PLUi/PLUiS";"CC";"2019-12-11 23:00:00+00:00";"2015-12-10 23:00:00+00:00";"39";"67";"44";"2021";"NON";"OUI";"67003";"";"";"";"2021-10-06";"144322";""
"67004";"3131";"PLU";"COM";"2007-11-26 23:00:00+00:00";"2004-05-04 22:00:00+00:00";"33";"67";"44";"2021";"NON";"NON";"67004";"";"";"";"2021-10-06";"28994";""
"67005";"3299";"PLUi/PLUiS";"CC";"2019-12-18 23:00:00+00:00";"2015-12-14 23:00:00+00:00";"39";"67";"44";"2021";"NON";"OUI";"246700959";"";"";"";"2021-10-06";"144309";""
"67006";"3199";"PLU";"COM";"2009-09-30 22:00:00+00:00";"2005-09-06 22:00:00+00:00";"39";"67";"44";"2021";"NON";"NON";"67006";"";"";"";"2021-10-06";"28743";""
"67008";"3199";"PLU";"COM";"2015-07-05 22:00:00+00:00";"2008-08-19 22:00:00+00:00";"39";"67";"44";"2021";"NON";"NON";"67008";"";"";"";"2021-10-06";"36056";""
"67009";"1199";"CC";"COM";"2007-08-30 22:00:00+00:00";"2007-02-13 23:00:00+00:00";"19";"67";"44";"2021";"NON";"NON";"67009";"";"";"";"2021-10-06";"26851";""
"67010";"3299";"PLUi/PLUiS";"CC";"2019-12-16 23:00:00+00:00";"2015-11-30 23:00:00+00:00";"39";"67";"44";"2021";"NON";"OUI";"200034270";"";"";"";"2021-10-06";"143058";""
"67011";"1199";"CC";"COM";"2004-05-20 22:00:00+00:00";"2001-06-27 22:00:00+00:00";"19";"67";"44";"2021";"NON";"NON";"67011";"";"";"";"2021-10-06";"7013";""
"67012";"3399";"PLUi/PLUiS";"CC";"2015-10-20 22:00:00+00:00";"2010-11-01 23:00:00+00:00";"39";"67";"44";"2021";"OUI";"NON";"67012";"";"";"";"2021-10-06";"142330";""
"67016";"3199";"PLU";"COM";"2007-10-18 22:00:00+00:00";"2003-09-10 22:00:00+00:00";"39";"67";"44";"2021";"NON";"NON";"67016";"";"";"";"2021-10-06";"27487";""
"67018";"3199";"PLU";"COM";"2009-12-28 23:00:00+00:00";"2003-06-15 22:00:00+00:00";"39";"67";"44";"2021";"NON";"NON";"67018";"";"";"";"2021-10-06";"28764";""
"67019";"3199";"PLU";"COM";"2018-07-04 22:00:00+00:00";"2013-11-06 23:00:00+00:00";"39";"67";"44";"2021";"NON";"NON";"67019";"";"";"";"2021-10-06";"126092";""
"67020";"3199";"PLU";"COM";"2020-10-28 23:00:00+00:00";"2015-11-04 23:00:00+00:00";"39";"67";"44";"2021";"NON";"NON";"67020";"";"";"";"2021-10-06";"28772";""
"67021";"3299";"PLUi/PLUiS";"CC";"2019-12-16 23:00:00+00:00";"2015-11-30 23:00:00+00:00";"39";"67";"44";"2021";"NON";"OUI";"200034270";"";"";"";"2021-10-06";"143058";""
"67022";"3299";"PLUi/PLUiS";"CC";"2019-12-11 23:00:00+00:00";"2015-12-10 23:00:00+00:00";"39";"67";"44";"2021";"NON";"OUI";"67022";"";"";"";"2021-10-06";"144322";""
"67023";"3432";"PLU";"CA";"2005-07-18 22:00:00+00:00";"2001-07-02 22:00:00+00:00";"33";"67";"44";"2021";"NON";"NON";"67023";"";"";"";"2021-10-06";"28790";""
"67025";"3199";"PLU";"COM";"2017-12-10 23:00:00+00:00";"2014-10-21 22:00:00+00:00";"39";"67";"44";"2021";"NON";"NON";"67025";"";"";"";"2021-10-06";"134042";""
"67028";"3199";"PLU";"COM";"2014-01-06 23:00:00+00:00";"2008-12-01 23:00:00+00:00";"39";"67";"44";"2021";"NON";"NON";"67028";"";"";"";"2021-10-06";"36700";""
"67029";"3199";"PLU";"COM";"2014-03-12 23:00:00+00:00";"2010-02-16 23:00:00+00:00";"39";"67";"44";"2021";"NON";"NON";"67029";"";"";"";"2021-10-06";"42132";""
"67030";"3199";"PLU";"COM";"2012-01-09 23:00:00+00:00";"2007-03-29 22:00:00+00:00";"39";"67";"44";"2021";"NON";"NON";"67030";"";"";"";"2021-10-06";"27244";""
"67031";"3499";"PLU";"CC";"2019-12-16 23:00:00+00:00";"2015-07-05 22:00:00+00:00";"39";"67";"44";"2021";"NON";"NON";"246701080";"";"";"";"2021-10-06";"141333";""
"67032";"3299";"PLUi/PLUiS";"CC";"2019-12-16 23:00:00+00:00";"2015-11-30 23:00:00+00:00";"39";"67";"44";"2021";"NON";"OUI";"200034270";"";"";"";"2021-10-06";"143058";""
"67034";"3299";"PLUi/PLUiS";"CC";"2019-11-13 23:00:00+00:00";"2015-12-09 23:00:00+00:00";"39";"67";"44";"2021";"NON";"OUI";"200034635";"";"";"";"2021-10-06";"153941";""
"67035";"3432";"PLU";"CA";"2017-05-17 22:00:00+00:00";"2011-07-18 22:00:00+00:00";"33";"67";"44";"2021";"NON";"NON";"67035";"";"";"";"2021-10-06";"77912";""
"67036";"1199";"CC";"COM";"2011-08-07 22:00:00+00:00";"2010-12-31 23:00:00+00:00";"19";"67";"44";"2021";"NON";"NON";"67036";"";"";"";"2021-10-06";"67176";""
"67037";"3199";"PLU";"COM";"2005-02-02 23:00:00+00:00";"2001-10-03 22:00:00+00:00";"39";"67";"44";"2021";"NON";"NON";"67037";"";"";"";"2021-10-06";"28989";""
"67039";"3432";"PLU";"CA";"2021-03-17 23:00:00+00:00";"2015-11-30 23:00:00+00:00";"33";"67";"44";"2021";"NON";"NON";"67039";"";"";"";"2021-10-06";"143461";""
"67040";"1199";"CC";"COM";"2012-10-04 22:00:00+00:00";"2011-12-31 23:00:00+00:00";"19";"67";"44";"2021";"NON";"NON";"67040";"";"";"";"2021-10-06";"103418";""
"67043";"3299";"PLUi/PLUiS";"MET";"2019-09-26 22:00:00+00:00";"2017-03-02 23:00:00+00:00";"39";"67";"44";"2021";"NON";"OUI";"246700488";"";"";"";"2021-10-06";"155964";""
"67044";"3399";"PLUi/PLUiS";"CC";"2019-12-18 23:00:00+00:00";"2015-10-28 23:00:00+00:00";"39";"67";"44";"2021";"OUI";"NON";"200067783";"";"";"";"2021-10-06";"142241";""
"67045";"3131";"PLU";"COM";"2006-12-10 23:00:00+00:00";"2002-10-20 22:00:00+00:00";"33";"67";"44";"2021";"NON";"NON";"67045";"";"";"";"2021-10-06";"28998";""
"67046";"3332";"PLUi/PLUiS";"CA";"2017-03-15 23:00:00+00:00";"2010-02-02 23:00:00+00:00";"33";"67";"44";"2021";"OUI";"NON";"67046";"";"";"";"2021-10-06";"48897";""
"67048";"3332";"PLUi/PLUiS";"CA";"2014-03-12 23:00:00+00:00";"2010-10-28 22:00:00+00:00";"33";"67";"44";"2021";"OUI";"NON";"67048";"";"";"";"2021-10-06";"49066";""
"67049";"3299";"PLUi/PLUiS";"MET";"2019-09-26 22:00:00+00:00";"2017-03-02 23:00:00+00:00";"39";"67";"44";"2021";"NON";"OUI";"246700488";"";"";"";"2021-10-06";"155964";""
"67050";"1199";"CC";"COM";"2006-08-30 22:00:00+00:00";"2002-09-26 22:00:00+00:00";"19";"67";"44";"2021";"NON";"NON";"67050";"";"";"";"2021-10-06";"8992";""
"67051";"3299";"PLUi/PLUiS";"CC";"2019-12-16 23:00:00+00:00";"2015-11-30 23:00:00+00:00";"39";"67";"44";"2021";"NON";"OUI";"200034270";"";"";"";"2021-10-06";"143058";""
"67052";"3199";"PLU";"COM";"2011-11-27 23:00:00+00:00";"2003-01-05 23:00:00+00:00";"39";"67";"44";"2021";"NON";"NON";"67052";"";"";"";"2021-10-06";"29013";""
"67053";"1199";"CC";"COM";"2004-07-08 22:00:00+00:00";"2001-06-26 22:00:00+00:00";"19";"67";"44";"2021";"NON";"NON";"67053";"";"";"";"2021-10-06";"29015";""
"67054";"1199";"CC";"COM";"2011-05-01 22:00:00+00:00";"2008-09-03 22:00:00+00:00";"19";"67";"44";"2021";"NON";"NON";"67054";"";"";"";"2021-10-06";"37799";""
"67055";"3199";"PLU";"COM";"2019-03-03 23:00:00+00:00";"2015-09-27 22:00:00+00:00";"39";"67";"44";"2021";"NON";"NON";"67055";"";"";"";"2021-10-06";"141637";""
"67056";"3199";"PLU";"COM";"2012-02-06 23:00:00+00:00";"2007-07-16 22:00:00+00:00";"39";"67";"44";"2021";"NON";"NON";"67056";"";"";"";"2021-10-06";"30635";""
"67057";"3399";"PLUi/PLUiS";"CC";"2019-12-18 23:00:00+00:00";"2015-10-28 23:00:00+00:00";"39";"67";"44";"2021";"OUI";"NON";"200067783";"";"";"";"2021-10-06";"142241";""
"67058";"3299";"PLUi/PLUiS";"CC";"2019-12-18 23:00:00+00:00";"2015-12-14 23:00:00+00:00";"39";"67";"44";"2021";"NON";"OUI";"246700959";"";"";"";"2021-10-06";"144309";""
"67059";"3131";"PLU";"COM";"2007-12-05 23:00:00+00:00";"2002-04-11 22:00:00+00:00";"33";"67";"44";"2021";"NON";"NON";"67059";"";"";"";"2021-10-06";"29047";""
"67060";"3299";"PLUi/PLUiS";"CC";"2019-12-16 23:00:00+00:00";"2015-11-30 23:00:00+00:00";"39";"67";"44";"2021";"NON";"OUI";"200034270";"";"";"";"2021-10-06";"143058";""
"67061";"3399";"PLUi/PLUiS";"CC";"2019-12-18 23:00:00+00:00";"2015-10-28 23:00:00+00:00";"39";"67";"44";"2021";"OUI";"NON";"200067783";"";"";"";"2021-10-06";"142241";""
"67062";"3299";"PLUi/PLUiS";"CC";"2019-12-11 23:00:00+00:00";"2015-12-10 23:00:00+00:00";"39";"67";"44";"2021";"NON";"OUI";"67062";"";"";"";"2021-10-06";"144322";""
"67063";"3299";"PLUi/PLUiS";"CC";"2019-12-11 23:00:00+00:00";"2015-12-10 23:00:00+00:00";"39";"67";"44";"2021";"NON";"OUI";"67063";"";"";"";"2021-10-06";"144322";""
"67065";"3299";"PLUi/PLUiS";"MET";"2019-09-26 22:00:00+00:00";"2017-03-02 23:00:00+00:00";"39";"67";"44";"2021";"NON";"OUI";"246700488";"";"";"";"2021-10-06";"155964";""
"67066";"3199";"PLU";"COM";"2007-12-11 23:00:00+00:00";"2001-11-15 23:00:00+00:00";"39";"67";"44";"2021";"NON";"NON";"67066";"";"";"";"2021-10-06";"27484";""
"67067";"3432";"PLU";"CA";"2012-01-22 23:00:00+00:00";"2003-11-12 23:00:00+00:00";"33";"67";"44";"2021";"NON";"NON";"67067";"";"";"";"2021-10-06";"71178";""
"67068";"3399";"PLUi/PLUiS";"CC";"2019-12-18 23:00:00+00:00";"2015-10-28 23:00:00+00:00";"39";"67";"44";"2021";"OUI";"NON";"200067783";"";"";"";"2021-10-06";"142241";""
"67069";"3399";"PLUi/PLUiS";"SI";"2007-12-19 23:00:00+00:00";"2002-06-05 22:00:00+00:00";"39";"67";"44";"2021";"OUI";"NON";"200061794";"";"";"";"2021-10-06";"136775";""
"67070";"1199";"CC";"COM";"2003-09-15 22:00:00+00:00";"2000-12-12 23:00:00+00:00";"19";"67";"44";"2021";"NON";"NON";"67070";"";"";"";"2021-10-06";"9535";""
"67071";"1199";"CC";"COM";"2006-05-08 22:00:00+00:00";"2002-01-28 23:00:00+00:00";"19";"67";"44";"2021";"NON";"NON";"67071";"";"";"";"2021-10-06";"9560";""
"67072";"1199";"CC";"COM";"2012-02-12 23:00:00+00:00";"2010-12-31 23:00:00+00:00";"19";"67";"44";"2021";"NON";"NON";"67072";"";"";"";"2021-10-06";"102807";""
"67073";"3199";"PLU";"COM";"2012-12-18 23:00:00+00:00";"2007-04-18 22:00:00+00:00";"39";"67";"44";"2021";"NON";"NON";"67073";"";"";"";"2021-10-06";"27493";""
"67074";"3299";"PLUi/PLUiS";"CC";"2013-10-06 22:00:00+00:00";"2010-12-19 23:00:00+00:00";"39";"67";"44";"2021";"NON";"OUI";"67074";"";"";"";"2021-10-06";"103182";""
"67075";"3299";"PLUi/PLUiS";"CC";"2013-10-06 22:00:00+00:00";"2010-12-19 23:00:00+00:00";"39";"67";"44";"2021";"NON";"OUI";"67075";"";"";"";"2021-10-06";"103182";""
"67076";"3199";"PLU";"COM";"2017-09-20 22:00:00+00:00";"2014-10-22 22:00:00+00:00";"39";"67";"44";"2021";"NON";"NON";"67076";"";"";"";"2021-10-06";"133335";""
"67077";"3199";"PLU";"COM";"2020-01-22 23:00:00+00:00";"2015-04-07 22:00:00+00:00";"39";"67";"44";"2021";"NON";"NON";"67077";"";"";"";"2021-10-06";"138973";""
"67078";"1199";"CC";"COM";"2005-07-10 22:00:00+00:00";"2001-10-04 22:00:00+00:00";"19";"67";"44";"2021";"NON";"NON";"67078";"";"";"";"2021-10-06";"29078";""
"67079";"3399";"PLUi/PLUiS";"SI";"2007-12-19 23:00:00+00:00";"2002-06-05 22:00:00+00:00";"39";"67";"44";"2021";"OUI";"NON";"200061794";"";"";"";"2021-10-06";"136775";""
"67082";"3299";"PLUi/PLUiS";"CC";"2019-11-06 23:00:00+00:00";"2015-06-14 22:00:00+00:00";"39";"67";"44";"2021";"NON";"OUI";"200041325";"";"";"";"2021-10-06";"140267";""
"67083";"3299";"PLUi/PLUiS";"CC";"2020-09-20 22:00:00+00:00";"2015-12-13 23:00:00+00:00";"39";"67";"44";"2021";"NON";"OUI";"246701098";"";"";"";"2021-10-06";"144330";""
"67084";"3299";"PLUi/PLUiS";"CC";"2019-12-16 23:00:00+00:00";"2015-11-30 23:00:00+00:00";"39";"67";"44";"2021";"NON";"OUI";"200034270";"";"";"";"2021-10-06";"143058";""
"67085";"3199";"PLU";"COM";"2020-06-08 22:00:00+00:00";"2015-09-07 22:00:00+00:00";"39";"67";"44";"2021";"NON";"NON";"67085";"";"";"";"2021-10-06";"141351";""
"67086";"3199";"PLU";"COM";"2020-03-02 23:00:00+00:00";"2015-12-17 23:00:00+00:00";"39";"67";"44";"2021";"NON";"NON";"67086";"";"";"";"2021-10-06";"143512";""
"67087";"3332";"PLUi/PLUiS";"CA";"2016-09-18 22:00:00+00:00";"2010-11-14 23:00:00+00:00";"33";"67";"44";"2021";"OUI";"NON";"67087";"";"";"";"2021-10-06";"49067";""
"67088";"1199";"CC";"COM";"2006-04-04 22:00:00+00:00";"2002-05-22 22:00:00+00:00";"19";"67";"44";"2021";"NON";"NON";"67088";"";"";"";"2021-10-06";"10023";""
"67089";"3199";"PLU";"COM";"2018-10-03 22:00:00+00:00";"2015-01-07 23:00:00+00:00";"39";"67";"44";"2021";"NON";"NON";"67089";"";"";"";"2021-10-06";"138971";""
"67090";"3199";"PLU";"COM";"2008-06-23 22:00:00+00:00";"2005-11-20 23:00:00+00:00";"39";"67";"44";"2021";"NON";"NON";"67090";"";"";"";"2021-10-06";"29238";""
"67091";"3199";"PLU";"COM";"2011-10-28 22:00:00+00:00";"2007-05-02 22:00:00+00:00";"39";"67";"44";"2021";"NON";"NON";"67091";"";"";"";"2021-10-06";"27374";""
"67092";"3299";"PLUi/PLUiS";"CC";"2019-12-11 23:00:00+00:00";"2015-12-10 23:00:00+00:00";"39";"67";"44";"2021";"NON";"OUI";"67092";"";"";"";"2021-10-06";"144322";""
"67093";"3199";"PLU";"COM";"2012-06-24 22:00:00+00:00";"2007-09-02 22:00:00+00:00";"39";"67";"44";"2021";"NON";"NON";"67093";"";"";"";"2021-10-06";"33295";""
"67094";"1199";"CC";"COM";"2014-05-20 22:00:00+00:00";"2012-12-31 23:00:00+00:00";"19";"67";"44";"2021";"NON";"NON";"67094";"";"";"";"2021-10-06";"125153";""
"67095";"3199";"PLU";"COM";"2015-07-19 22:00:00+00:00";"2009-03-23 23:00:00+00:00";"39";"67";"44";"2021";"NON";"NON";"67095";"";"";"";"2021-10-06";"29259";""
"67097";"3299";"PLUi/PLUiS";"CC";"2019-11-13 23:00:00+00:00";"2015-12-09 23:00:00+00:00";"39";"67";"44";"2021";"NON";"OUI";"200034635";"";"";"";"2021-10-06";"153941";""
"67098";"3199";"PLU";"COM";"2020-03-09 23:00:00+00:00";"2015-03-22 23:00:00+00:00";"39";"67";"44";"2021";"NON";"NON";"67098";"";"";"";"2021-10-06";"138983";""
"67101";"3199";"PLU";"COM";"2009-03-25 23:00:00+00:00";"2003-09-08 22:00:00+00:00";"39";"67";"44";"2021";"NON";"NON";"67101";"";"";"";"2021-10-06";"27535";""
"67102";"3299";"PLUi/PLUiS";"CC";"2019-11-13 23:00:00+00:00";"2015-12-09 23:00:00+00:00";"39";"67";"44";"2021";"NON";"OUI";"200034635";"";"";"";"2021-10-06";"153941";""
"67103";"3399";"PLUi/PLUiS";"CC";"2019-12-18 23:00:00+00:00";"2015-10-28 23:00:00+00:00";"39";"67";"44";"2021";"OUI";"NON";"200067783";"";"";"";"2021-10-06";"142241";""
"67104";"3299";"PLUi/PLUiS";"CC";"2013-10-06 22:00:00+00:00";"2010-12-19 23:00:00+00:00";"39";"67";"44";"2021";"NON";"OUI";"67104";"";"";"";"2021-10-06";"103182";""
"67105";"3199";"PLU";"COM";"2007-11-18 23:00:00+00:00";"2003-09-28 22:00:00+00:00";"39";"67";"44";"2021";"NON";"NON";"67105";"";"";"";"2021-10-06";"29307";""
"67106";"3299";"PLUi/PLUiS";"CC";"2019-11-06 23:00:00+00:00";"2015-06-14 22:00:00+00:00";"39";"67";"44";"2021";"NON";"OUI";"200041325";"";"";"";"2021-10-06";"140267";""
"67107";"3299";"PLUi/PLUiS";"CC";"2019-12-18 23:00:00+00:00";"2015-12-14 23:00:00+00:00";"39";"67";"44";"2021";"NON";"OUI";"246700959";"";"";"";"2021-10-06";"144309";""
"67108";"3131";"PLU";"COM";"2008-02-14 23:00:00+00:00";"2001-07-01 22:00:00+00:00";"33";"67";"44";"2021";"NON";"NON";"67108";"";"";"";"2021-10-06";"29318";""
"67109";"3299";"PLUi/PLUiS";"CC";"2019-11-13 23:00:00+00:00";"2015-12-09 23:00:00+00:00";"39";"67";"44";"2021";"NON";"OUI";"200034635";"";"";"";"2021-10-06";"153941";""
"67110";"3199";"PLU";"COM";"2013-12-11 23:00:00+00:00";"2002-05-17 22:00:00+00:00";"39";"67";"44";"2021";"NON";"NON";"67110";"";"";"";"2021-10-06";"29324";""
"67111";"1199";"CC";"COM";"2020-09-10 22:00:00+00:00";"2017-12-27 23:00:00+00:00";"19";"67";"44";"2021";"NON";"NON";"67111";"";"";"";"2021-10-06";"171423";""
"67113";"3199";"PLU";"COM";"2011-09-25 22:00:00+00:00";"2007-09-17 22:00:00+00:00";"39";"67";"44";"2021";"NON";"NON";"67113";"";"";"";"2021-10-06";"32391";""
"67115";"3199";"PLU";"COM";"2013-04-25 22:00:00+00:00";"2008-05-29 22:00:00+00:00";"39";"67";"44";"2021";"NON";"NON";"67115";"";"";"";"2021-10-06";"35230";""
"67117";"3199";"PLU";"COM";"2008-01-20 23:00:00+00:00";"2005-07-03 22:00:00+00:00";"39";"67";"44";"2021";"NON";"NON";"67117";"";"";"";"2021-10-06";"29332";""
"67118";"3299";"PLUi/PLUiS";"MET";"2019-09-26 22:00:00+00:00";"2017-03-02 23:00:00+00:00";"39";"67";"44";"2021";"NON";"OUI";"246700488";"";"";"";"2021-10-06";"155964";""
"67119";"3299";"PLUi/PLUiS";"MET";"2019-09-26 22:00:00+00:00";"2017-03-02 23:00:00+00:00";"39";"67";"44";"2021";"NON";"OUI";"246700488";"";"";"";"2021-10-06";"155964";""
"67120";"3299";"PLUi/PLUiS";"CC";"2019-12-16 23:00:00+00:00";"2015-11-30 23:00:00+00:00";"39";"67";"44";"2021";"NON";"OUI";"200034270";"";"";"";"2021-10-06";"143058";""
"67121";"3199";"PLU";"COM";"2009-12-09 23:00:00+00:00";"2003-01-20 23:00:00+00:00";"39";"67";"44";"2021";"NON";"NON";"67121";"";"";"";"2021-10-06";"29344";""
"67122";"3199";"PLU";"COM";"2019-07-08 22:00:00+00:00";"2015-09-21 22:00:00+00:00";"39";"67";"44";"2021";"NON";"NON";"67122";"";"";"";"2021-10-06";"141424";""
"67123";"3332";"PLUi/PLUiS";"CA";"2014-03-12 23:00:00+00:00";"2010-10-28 22:00:00+00:00";"33";"67";"44";"2021";"OUI";"NON";"67123";"";"";"";"2021-10-06";"49066";""
"67124";"3299";"PLUi/PLUiS";"MET";"2019-09-26 22:00:00+00:00";"2017-03-02 23:00:00+00:00";"39";"67";"44";"2021";"NON";"OUI";"246700488";"";"";"";"2021-10-06";"155964";""
"67125";"3299";"PLUi/PLUiS";"CC";"2019-12-16 23:00:00+00:00";"2015-11-30 23:00:00+00:00";"39";"67";"44";"2021";"NON";"OUI";"200034270";"";"";"";"2021-10-06";"143058";""
"67126";"3399";"PLUi/PLUiS";"CC";"2020-02-05 23:00:00+00:00";"2015-12-16 23:00:00+00:00";"39";"67";"44";"2021";"OUI";"NON";"200067783";"";"";"";"2021-10-06";"144328";""
"67127";"3199";"PLU";"COM";"2020-03-01 23:00:00+00:00";"2014-10-22 22:00:00+00:00";"39";"67";"44";"2021";"NON";"NON";"67127";"";"";"";"2021-10-06";"133548";""
"67128";"3199";"PLU";"COM";"2018-10-14 22:00:00+00:00";"2014-12-07 23:00:00+00:00";"39";"67";"44";"2021";"NON";"NON";"67128";"";"";"";"2021-10-06";"134287";""
"67129";"3199";"PLU";"COM";"2020-06-25 22:00:00+00:00";"2015-11-26 23:00:00+00:00";"39";"67";"44";"2021";"NON";"NON";"67129";"";"";"";"2021-10-06";"142694";""
"67130";"3199";"PLU";"COM";"2013-03-03 23:00:00+00:00";"2007-12-16 23:00:00+00:00";"39";"67";"44";"2021";"NON";"NON";"67130";"";"";"";"2021-10-06";"33783";""
"67131";"3299";"PLUi/PLUiS";"MET";"2019-09-26 22:00:00+00:00";"2017-03-02 23:00:00+00:00";"39";"67";"44";"2021";"NON";"OUI";"246700488";"";"";"";"2021-10-06";"155964";""
"67132";"3199";"PLU";"COM";"2005-01-18 23:00:00+00:00";"2001-07-03 22:00:00+00:00";"39";"67";"44";"2021";"NON";"NON";"67132";"";"";"";"2021-10-06";"29381";""
"67133";"3399";"PLUi/PLUiS";"CC";"2020-02-05 23:00:00+00:00";"2015-12-16 23:00:00+00:00";"39";"67";"44";"2021";"OUI";"NON";"67133";"";"";"";"2021-10-06";"144328";""
"67134";"1199";"CC";"COM";"2008-01-09 23:00:00+00:00";"2007-05-22 22:00:00+00:00";"19";"67";"44";"2021";"NON";"NON";"67134";"";"";"";"2021-10-06";"27495";""
"67135";"3299";"PLUi/PLUiS";"CC";"2019-12-18 23:00:00+00:00";"2015-12-14 23:00:00+00:00";"39";"67";"44";"2021";"NON";"OUI";"246700959";"";"";"";"2021-10-06";"144309";""
"67136";"1111";"CC";"COM";"2006-06-20 22:00:00+00:00";"2002-10-16 22:00:00+00:00";"11";"67";"44";"2021";"NON";"NON";"67136";"";"";"";"2021-10-06";"10051";""
"67137";"3299";"PLUi/PLUiS";"MET";"2019-09-26 22:00:00+00:00";"2017-03-02 23:00:00+00:00";"39";"67";"44";"2021";"NON";"OUI";"246700488";"";"";"";"2021-10-06";"155964";""
"67138";"3299";"PLUi/PLUiS";"CC";"2019-11-13 23:00:00+00:00";"2015-12-09 23:00:00+00:00";"39";"67";"44";"2021";"NON";"OUI";"200034635";"";"";"";"2021-10-06";"153941";""
"67139";"3199";"PLU";"COM";"2016-03-06 23:00:00+00:00";"2011-12-11 23:00:00+00:00";"39";"67";"44";"2021";"NON";"NON";"67139";"";"";"";"2021-10-06";"103587";""
"67140";"3299";"PLUi/PLUiS";"CC";"2019-11-06 23:00:00+00:00";"2015-06-14 22:00:00+00:00";"39";"67";"44";"2021";"NON";"OUI";"200041325";"";"";"";"2021-10-06";"140267";""
"67141";"3199";"PLU";"COM";"2006-09-18 22:00:00+00:00";"2003-01-16 23:00:00+00:00";"39";"67";"44";"2021";"NON";"NON";"67141";"";"";"";"2021-10-06";"29401";""
"67142";"3299";"PLUi/PLUiS";"CC";"2019-11-06 23:00:00+00:00";"2015-06-14 22:00:00+00:00";"39";"67";"44";"2021";"NON";"OUI";"200041325";"";"";"";"2021-10-06";"140267";""
"67143";"3299";"PLUi/PLUiS";"CC";"2019-12-11 23:00:00+00:00";"2015-12-10 23:00:00+00:00";"39";"67";"44";"2021";"NON";"OUI";"67143";"";"";"";"2021-10-06";"144322";""
"67145";"3199";"PLU";"COM";"2014-02-26 23:00:00+00:00";"2009-09-30 22:00:00+00:00";"39";"67";"44";"2021";"NON";"NON";"67145";"";"";"";"2021-10-06";"40987";""
"67146";"3199";"PLU";"COM";"2013-09-17 22:00:00+00:00";"2008-06-03 22:00:00+00:00";"39";"67";"44";"2021";"NON";"NON";"67146";"";"";"";"2021-10-06";"35612";""
"67147";"3199";"PLU";"COM";"2018-03-14 23:00:00+00:00";"2015-04-23 22:00:00+00:00";"39";"67";"44";"2021";"NON";"NON";"67147";"";"";"";"2021-10-06";"131267";""
"67148";"3399";"PLUi/PLUiS";"CC";"2020-02-05 23:00:00+00:00";"2015-12-16 23:00:00+00:00";"39";"67";"44";"2021";"OUI";"NON";"200067783";"";"";"";"2021-10-06";"144328";""
"67150";"3299";"PLUi/PLUiS";"CC";"2019-11-13 23:00:00+00:00";"2015-12-09 23:00:00+00:00";"39";"67";"44";"2021";"NON";"OUI";"200034635";"";"";"";"2021-10-06";"153941";""
"67151";"3299";"PLUi/PLUiS";"CC";"2019-11-06 23:00:00+00:00";"2015-06-14 22:00:00+00:00";"39";"67";"44";"2021";"NON";"OUI";"200041325";"";"";"";"2021-10-06";"140267";""
"67152";"3299";"PLUi/PLUiS";"MET";"2019-09-26 22:00:00+00:00";"2017-03-02 23:00:00+00:00";"39";"67";"44";"2021";"NON";"OUI";"246700488";"";"";"";"2021-10-06";"155964";""
"67153";"3299";"PLUi/PLUiS";"CC";"2019-12-18 23:00:00+00:00";"2015-12-14 23:00:00+00:00";"39";"67";"44";"2021";"NON";"OUI";"246700959";"";"";"";"2021-10-06";"144309";""
"67154";"3199";"PLU";"COM";"2007-07-15 22:00:00+00:00";"2001-06-24 22:00:00+00:00";"39";"67";"44";"2021";"NON";"NON";"67154";"";"";"";"2021-10-06";"29421";""
"67155";"3299";"PLUi/PLUiS";"CC";"2019-12-16 23:00:00+00:00";"2015-11-30 23:00:00+00:00";"39";"67";"44";"2021";"NON";"OUI";"200034270";"";"";"";"2021-10-06";"143058";""
"67156";"3131";"PLU";"COM";"2004-09-08 22:00:00+00:00";"2002-01-09 23:00:00+00:00";"33";"67";"44";"2021";"NON";"NON";"67156";"";"";"";"2021-10-06";"29428";""
"67160";"3199";"PLU";"COM";"2011-08-21 22:00:00+00:00";"2006-10-15 22:00:00+00:00";"39";"67";"44";"2021";"NON";"NON";"67160";"";"";"";"2021-10-06";"29431";""
"67161";"3199";"PLU";"COM";"2020-02-02 23:00:00+00:00";"2015-11-24 23:00:00+00:00";"39";"67";"44";"2021";"NON";"NON";"67161";"";"";"";"2021-10-06";"143173";""
"67162";"3199";"PLU";"COM";"2007-12-05 23:00:00+00:00";"2005-06-06 22:00:00+00:00";"39";"67";"44";"2021";"NON";"NON";"67162";"";"";"";"2021-10-06";"26457";""
"67163";"3299";"PLUi/PLUiS";"CC";"2019-11-13 23:00:00+00:00";"2015-12-09 23:00:00+00:00";"39";"67";"44";"2021";"NON";"OUI";"200034635";"";"";"";"2021-10-06";"153941";""
"67164";"3299";"PLUi/PLUiS";"CC";"2019-12-16 23:00:00+00:00";"2015-11-30 23:00:00+00:00";"39";"67";"44";"2021";"NON";"OUI";"200034270";"";"";"";"2021-10-06";"143058";""
"67166";"3299";"PLUi/PLUiS";"CC";"2019-12-18 23:00:00+00:00";"2015-12-14 23:00:00+00:00";"39";"67";"44";"2021";"NON";"OUI";"246700959";"";"";"";"2021-10-06";"144309";""
"67167";"3199";"PLU";"COM";"2004-04-29 22:00:00+00:00";"2001-07-18 22:00:00+00:00";"39";"67";"44";"2021";"NON";"NON";"67167";"";"";"";"2021-10-06";"29444";""
"67168";"3199";"PLU";"COM";"2010-03-29 22:00:00+00:00";"2004-03-28 22:00:00+00:00";"39";"67";"44";"2021";"NON";"NON";"67168";"";"";"";"2021-10-06";"29448";""
"67169";"3199";"PLU";"COM";"2019-04-01 22:00:00+00:00";"2014-12-07 23:00:00+00:00";"39";"67";"44";"2021";"NON";"NON";"67169";"";"";"";"2021-10-06";"45242";""
"67172";"3199";"PLU";"COM";"2018-08-30 22:00:00+00:00";"2014-09-28 22:00:00+00:00";"39";"67";"44";"2021";"NON";"NON";"67172";"";"";"";"2021-10-06";"134431";""
"67173";"3299";"PLUi/PLUiS";"CC";"2019-11-13 23:00:00+00:00";"2015-12-09 23:00:00+00:00";"39";"67";"44";"2021";"NON";"OUI";"200034635";"";"";"";"2021-10-06";"153941";""
"67174";"3299";"PLUi/PLUiS";"CC";"2020-09-20 22:00:00+00:00";"2015-12-13 23:00:00+00:00";"39";"67";"44";"2021";"NON";"OUI";"246701098";"";"";"";"2021-10-06";"144330";""
"67176";"3299";"PLUi/PLUiS";"CC";"2020-09-20 22:00:00+00:00";"2015-12-13 23:00:00+00:00";"39";"67";"44";"2021";"NON";"OUI";"246701098";"";"";"";"2021-10-06";"144330";""
"67177";"3199";"PLU";"COM";"2014-09-11 22:00:00+00:00";"2011-05-19 22:00:00+00:00";"39";"67";"44";"2021";"NON";"NON";"67177";"";"";"";"2021-10-06";"71208";""
"67178";"1199";"CC";"COM";"2011-09-29 22:00:00+00:00";"2010-12-31 23:00:00+00:00";"19";"67";"44";"2021";"NON";"NON";"67178";"";"";"";"2021-10-06";"71414";""
"67179";"1199";"CC";"COM";"2005-03-16 23:00:00+00:00";"2001-12-14 23:00:00+00:00";"19";"67";"44";"2021";"NON";"NON";"67179";"";"";"";"2021-10-06";"29484";""
"67180";"3432";"PLU";"CA";"2012-11-18 23:00:00+00:00";"2003-04-28 22:00:00+00:00";"33";"67";"44";"2021";"NON";"NON";"67180";"";"";"";"2021-10-06";"582";""
"67181";"3299";"PLUi/PLUiS";"CC";"2019-11-13 23:00:00+00:00";"2015-12-09 23:00:00+00:00";"39";"67";"44";"2021";"NON";"OUI";"200034635";"";"";"";"2021-10-06";"153941";""
"67182";"3299";"PLUi/PLUiS";"MET";"2019-09-26 22:00:00+00:00";"2017-03-02 23:00:00+00:00";"39";"67";"44";"2021";"NON";"OUI";"246700488";"";"";"";"2021-10-06";"155964";""
"67183";"3199";"PLU";"COM";"2012-08-27 22:00:00+00:00";"2003-01-31 23:00:00+00:00";"39";"67";"44";"2021";"NON";"NON";"67183";"";"";"";"2021-10-06";"29490";""
"67184";"3399";"PLUi/PLUiS";"CC";"2015-10-20 22:00:00+00:00";"2010-11-01 23:00:00+00:00";"39";"67";"44";"2021";"OUI";"NON";"67184";"";"";"";"2021-10-06";"142330";""
"67185";"3199";"PLU";"COM";"2009-11-05 23:00:00+00:00";"2003-03-27 23:00:00+00:00";"39";"67";"44";"2021";"NON";"NON";"67185";"";"";"";"2021-10-06";"29501";""
"67186";"3199";"PLU";"COM";"2021-01-06 23:00:00+00:00";"2015-06-24 22:00:00+00:00";"39";"67";"44";"2021";"NON";"NON";"67186";"";"";"";"2021-10-06";"140288";""
"67187";"1199";"CC";"COM";"2005-12-06 23:00:00+00:00";"2003-02-12 23:00:00+00:00";"19";"67";"44";"2021";"NON";"NON";"67187";"";"";"";"2021-10-06";"29503";""
"67188";"3199";"PLU";"COM";"2019-12-16 23:00:00+00:00";"2015-12-29 23:00:00+00:00";"39";"67";"44";"2021";"NON";"NON";"67188";"";"";"";"2021-10-06";"146499";""
"67189";"3299";"PLUi/PLUiS";"CC";"2019-12-16 23:00:00+00:00";"2015-11-30 23:00:00+00:00";"39";"67";"44";"2021";"NON";"OUI";"200034270";"";"";"";"2021-10-06";"143058";""
"67190";"3131";"PLU";"COM";"2004-05-24 22:00:00+00:00";"2002-02-10 23:00:00+00:00";"33";"67";"44";"2021";"NON";"NON";"67190";"";"";"";"2021-10-06";"29504";""
"67192";"3199";"PLU";"COM";"2013-06-02 22:00:00+00:00";"2009-01-18 23:00:00+00:00";"39";"67";"44";"2021";"NON";"NON";"67192";"";"";"";"2021-10-06";"37593";""
"67194";"3299";"PLUi/PLUiS";"CC";"2019-11-06 23:00:00+00:00";"2015-06-14 22:00:00+00:00";"39";"67";"44";"2021";"NON";"OUI";"200041325";"";"";"";"2021-10-06";"140267";""
"67195";"1199";"CC";"COM";"2008-10-02 22:00:00+00:00";"2001-05-17 22:00:00+00:00";"19";"67";"44";"2021";"NON";"NON";"67195";"";"";"";"2021-10-06";"10064";""
"67196";"3131";"PLU";"COM";"2007-05-28 22:00:00+00:00";"2001-10-23 22:00:00+00:00";"33";"67";"44";"2021";"NON";"NON";"67196";"";"";"";"2021-10-06";"28328";""
"67197";"3199";"PLU";"COM";"2019-07-03 22:00:00+00:00";"2015-05-25 22:00:00+00:00";"39";"67";"44";"2021";"NON";"NON";"67197";"";"";"";"2021-10-06";"153244";""
"67198";"3399";"PLUi/PLUiS";"CC";"2020-02-05 23:00:00+00:00";"2015-12-16 23:00:00+00:00";"39";"67";"44";"2021";"OUI";"NON";"200067783";"";"";"";"2021-10-06";"144328";""
"67199";"1199";"CC";"COM";"2005-04-19 22:00:00+00:00";"2002-12-05 23:00:00+00:00";"19";"67";"44";"2021";"NON";"NON";"67199";"";"";"";"2021-10-06";"29518";""
"67200";"3199";"PLU";"COM";"2012-11-18 23:00:00+00:00";"2002-01-09 23:00:00+00:00";"39";"67";"44";"2021";"NON";"NON";"67200";"";"";"";"2021-10-06";"29519";""
"67201";"3199";"PLU";"COM";"2016-04-24 22:00:00+00:00";"2008-06-22 22:00:00+00:00";"39";"67";"44";"2021";"NON";"NON";"67201";"";"";"";"2021-10-06";"35400";""
"67202";"3299";"PLUi/PLUiS";"CC";"2019-12-18 23:00:00+00:00";"2015-12-14 23:00:00+00:00";"39";"67";"44";"2021";"NON";"OUI";"246700959";"";"";"";"2021-10-06";"144309";""
"67203";"1432";"CC";"CA";"2010-06-02 22:00:00+00:00";"2003-06-24 22:00:00+00:00";"13";"67";"44";"2021";"NON";"NON";"67203";"";"";"";"2021-10-06";"26136";""
"67204";"3299";"PLUi/PLUiS";"MET";"2019-09-26 22:00:00+00:00";"2017-03-02 23:00:00+00:00";"39";"67";"44";"2021";"NON";"OUI";"246700488";"";"";"";"2021-10-06";"155964";""
"67205";"3199";"PLU";"COM";"2008-07-07 22:00:00+00:00";"2001-12-03 23:00:00+00:00";"39";"67";"44";"2021";"NON";"NON";"67205";"";"";"";"2021-10-06";"28724";""
"67206";"3499";"PLU";"CC";"2012-09-05 22:00:00+00:00";"2009-04-20 22:00:00+00:00";"39";"67";"44";"2021";"NON";"NON";"67206";"";"";"";"2021-10-06";"72390";""
"67208";"3199";"PLU";"COM";"2011-06-27 22:00:00+00:00";"2003-11-04 23:00:00+00:00";"39";"67";"44";"2021";"NON";"NON";"67208";"";"";"";"2021-10-06";"29525";""
"67209";"3299";"PLUi/PLUiS";"CC";"2019-12-18 23:00:00+00:00";"2015-12-14 23:00:00+00:00";"39";"67";"44";"2021";"NON";"OUI";"246700959";"";"";"";"2021-10-06";"144309";""
"67210";"3299";"PLUi/PLUiS";"CC";"2019-12-16 23:00:00+00:00";"2015-11-30 23:00:00+00:00";"39";"67";"44";"2021";"NON";"OUI";"200034270";"";"";"";"2021-10-06";"143058";""
"67212";"3299";"PLUi/PLUiS";"MET";"2019-09-26 22:00:00+00:00";"2017-03-02 23:00:00+00:00";"39";"67";"44";"2021";"NON";"OUI";"246700488";"";"";"";"2021-10-06";"155964";""
"67213";"3299";"PLUi/PLUiS";"CC";"2013-10-06 22:00:00+00:00";"2010-12-19 23:00:00+00:00";"39";"67";"44";"2021";"NON";"OUI";"67213";"";"";"";"2021-10-06";"103182";""
"67214";"3299";"PLUi/PLUiS";"CC";"2019-11-13 23:00:00+00:00";"2015-12-09 23:00:00+00:00";"39";"67";"44";"2021";"NON";"OUI";"200034635";"";"";"";"2021-10-06";"153941";""
"67215";"3332";"PLUi/PLUiS";"CA";"2016-09-18 22:00:00+00:00";"2010-11-14 23:00:00+00:00";"33";"67";"44";"2021";"OUI";"NON";"67215";"";"";"";"2021-10-06";"49067";""
"67216";"3199";"PLU";"COM";"2008-02-27 23:00:00+00:00";"2004-10-24 22:00:00+00:00";"39";"67";"44";"2021";"NON";"NON";"67216";"";"";"";"2021-10-06";"29533";""
"67217";"3199";"PLU";"COM";"2006-10-11 22:00:00+00:00";"2002-10-09 22:00:00+00:00";"39";"67";"44";"2021";"NON";"NON";"67217";"";"";"";"2021-10-06";"29537";""
"67218";"3299";"PLUi/PLUiS";"MET";"2019-09-26 22:00:00+00:00";"2017-03-02 23:00:00+00:00";"39";"67";"44";"2021";"NON";"OUI";"246700488";"";"";"";"2021-10-06";"155964";""
"67220";"3299";"PLUi/PLUiS";"CC";"2019-12-18 23:00:00+00:00";"2015-12-14 23:00:00+00:00";"39";"67";"44";"2021";"NON";"OUI";"246700959";"";"";"";"2021-10-06";"144309";""
"67221";"3299";"PLUi/PLUiS";"CC";"2013-10-06 22:00:00+00:00";"2010-12-19 23:00:00+00:00";"39";"67";"44";"2021";"NON";"OUI";"67221";"";"";"";"2021-10-06";"103182";""
"67222";"3399";"PLUi/PLUiS";"CC";"2019-12-18 23:00:00+00:00";"2015-10-28 23:00:00+00:00";"39";"67";"44";"2021";"OUI";"NON";"200067783";"";"";"";"2021-10-06";"142241";""
"67223";"3499";"PLU";"CC";"2016-07-20 22:00:00+00:00";"2010-07-02 22:00:00+00:00";"39";"67";"44";"2021";"NON";"NON";"246701080";"";"";"";"2021-10-06";"72215";""
"67225";"3299";"PLUi/PLUiS";"CC";"2019-12-18 23:00:00+00:00";"2015-12-14 23:00:00+00:00";"39";"67";"44";"2021";"NON";"OUI";"246700959";"";"";"";"2021-10-06";"144309";""
"67226";"3299";"PLUi/PLUiS";"CC";"2019-11-13 23:00:00+00:00";"2015-12-09 23:00:00+00:00";"39";"67";"44";"2021";"NON";"OUI";"200034635";"";"";"";"2021-10-06";"153941";""
"67227";"3299";"PLUi/PLUiS";"CC";"2019-12-16 23:00:00+00:00";"2015-11-30 23:00:00+00:00";"39";"67";"44";"2021";"NON";"OUI";"200034270";"";"";"";"2021-10-06";"143058";""
"67228";"3299";"PLUi/PLUiS";"CC";"2019-11-13 23:00:00+00:00";"2015-12-09 23:00:00+00:00";"39";"67";"44";"2021";"NON";"OUI";"200034635";"";"";"";"2021-10-06";"153941";""
"67229";"1199";"CC";"COM";"2007-08-16 22:00:00+00:00";"2007-05-14 22:00:00+00:00";"19";"67";"44";"2021";"NON";"NON";"67229";"";"";"";"2021-10-06";"26863";""
"67230";"3332";"PLUi/PLUiS";"CA";"2017-03-15 23:00:00+00:00";"2010-02-02 23:00:00+00:00";"33";"67";"44";"2021";"OUI";"NON";"67230";"";"";"";"2021-10-06";"48897";""
"67231";"3299";"PLUi/PLUiS";"CC";"2019-11-06 23:00:00+00:00";"2015-06-14 22:00:00+00:00";"39";"67";"44";"2021";"NON";"OUI";"200041325";"";"";"";"2021-10-06";"140267";""
"67232";"3499";"PLU";"CC";"2012-01-22 23:00:00+00:00";"2009-04-20 22:00:00+00:00";"39";"67";"44";"2021";"NON";"NON";"67232";"";"";"";"2021-10-06";"72391";""
"67233";"3199";"PLU";"COM";"2020-03-13 23:00:00+00:00";"2016-09-18 22:00:00+00:00";"39";"67";"44";"2021";"NON";"NON";"67233";"";"";"";"2021-10-06";"152776";""
"67234";"3199";"PLU";"COM";"2009-06-17 22:00:00+00:00";"2002-12-16 23:00:00+00:00";"39";"67";"44";"2021";"NON";"NON";"67234";"";"";"";"2021-10-06";"29565";""
"67235";"3399";"PLUi/PLUiS";"SI";"2007-12-19 23:00:00+00:00";"2002-06-05 22:00:00+00:00";"39";"67";"44";"2021";"OUI";"NON";"200061794";"";"";"";"2021-10-06";"136775";""
"67236";"3299";"PLUi/PLUiS";"CC";"2019-11-13 23:00:00+00:00";"2015-12-09 23:00:00+00:00";"39";"67";"44";"2021";"NON";"OUI";"200034635";"";"";"";"2021-10-06";"153941";""
"67237";"3299";"PLUi/PLUiS";"CC";"2019-11-06 23:00:00+00:00";"2015-06-14 22:00:00+00:00";"39";"67";"44";"2021";"NON";"OUI";"200041325";"";"";"";"2021-10-06";"140267";""
"67238";"3332";"PLUi/PLUiS";"CA";"2014-03-12 23:00:00+00:00";"2010-10-28 22:00:00+00:00";"33";"67";"44";"2021";"OUI";"NON";"67238";"";"";"";"2021-10-06";"49066";""
"67239";"3199";"PLU";"COM";"2017-09-11 22:00:00+00:00";"2013-09-23 22:00:00+00:00";"39";"67";"44";"2021";"NON";"NON";"67239";"";"";"";"2021-10-06";"125046";""
"67240";"3199";"PLU";"COM";"2020-02-26 23:00:00+00:00";"2016-07-10 22:00:00+00:00";"39";"67";"44";"2021";"NON";"NON";"67240";"";"";"";"2021-10-06";"149697";""
"67241";"1199";"CC";"COM";"2005-03-16 23:00:00+00:00";"2002-11-21 23:00:00+00:00";"19";"67";"44";"2021";"NON";"NON";"67241";"";"";"";"2021-10-06";"29575";""
"67242";"3399";"PLUi/PLUiS";"CC";"2019-12-18 23:00:00+00:00";"2015-10-28 23:00:00+00:00";"39";"67";"44";"2021";"OUI";"NON";"200067783";"";"";"";"2021-10-06";"142241";""
"67244";"3199";"PLU";"COM";"2012-03-25 22:00:00+00:00";"2008-10-30 23:00:00+00:00";"39";"67";"44";"2021";"NON";"NON";"67244";"";"";"";"2021-10-06";"36316";""
"67245";"3199";"PLU";"COM";"2013-07-17 22:00:00+00:00";"2006-07-10 22:00:00+00:00";"39";"67";"44";"2021";"NON";"NON";"67245";"";"";"";"2021-10-06";"29577";""
"67247";"3299";"PLUi/PLUiS";"MET";"2019-09-26 22:00:00+00:00";"2017-03-02 23:00:00+00:00";"39";"67";"44";"2021";"NON";"OUI";"246700488";"";"";"";"2021-10-06";"155964";""
"67248";"3499";"PLU";"CC";"2009-12-07 23:00:00+00:00";"2002-11-04 23:00:00+00:00";"39";"67";"44";"2021";"NON";"NON";"246701080";"";"";"";"2021-10-06";"29582";""
"67249";"3432";"PLU";"CA";"2012-05-24 22:00:00+00:00";"2007-03-22 23:00:00+00:00";"33";"67";"44";"2021";"NON";"NON";"67249";"";"";"";"2021-10-06";"26655";""
"67250";"3432";"PLU";"CA";"2019-12-18 23:00:00+00:00";"2011-11-07 23:00:00+00:00";"33";"67";"44";"2021";"NON";"NON";"67250";"";"";"";"2021-10-06";"89933";""
"67252";"3199";"PLU";"COM";"2020-03-03 23:00:00+00:00";"2015-12-10 23:00:00+00:00";"39";"67";"44";"2021";"NON";"NON";"67252";"";"";"";"2021-10-06";"144440";""
"67253";"3299";"PLUi/PLUiS";"CC";"2019-11-13 23:00:00+00:00";"2015-12-09 23:00:00+00:00";"39";"67";"44";"2021";"NON";"OUI";"200034635";"";"";"";"2021-10-06";"153941";""
"67254";"3299";"PLUi/PLUiS";"SI";"2019-05-22 22:00:00+00:00";"2013-05-13 22:00:00+00:00";"39";"67";"44";"2021";"NON";"OUI";"67254";"";"";"";"2021-10-06";"124946";""
"67255";"3299";"PLUi/PLUiS";"CC";"2019-12-11 23:00:00+00:00";"2015-12-10 23:00:00+00:00";"39";"67";"44";"2021";"NON";"OUI";"67255";"";"";"";"2021-10-06";"144322";""
"67256";"3299";"PLUi/PLUiS";"MET";"2019-09-26 22:00:00+00:00";"2017-03-02 23:00:00+00:00";"39";"67";"44";"2021";"NON";"OUI";"246700488";"";"";"";"2021-10-06";"155964";""
"67257";"3299";"PLUi/PLUiS";"SI";"2019-05-22 22:00:00+00:00";"2013-05-13 22:00:00+00:00";"39";"67";"44";"2021";"NON";"OUI";"200035889";"";"";"";"2021-10-06";"124946";""
"67258";"3199";"PLU";"COM";"2013-12-19 23:00:00+00:00";"2006-03-30 22:00:00+00:00";"39";"67";"44";"2021";"NON";"NON";"67258";"";"";"";"2021-10-06";"10079";""
"67259";"3199";"PLU";"COM";"2020-03-04 23:00:00+00:00";"2015-11-26 23:00:00+00:00";"39";"67";"44";"2021";"NON";"NON";"67259";"";"";"";"2021-10-06";"143459";""
"67260";"3199";"PLU";"COM";"2017-03-15 23:00:00+00:00";"2011-12-01 23:00:00+00:00";"39";"67";"44";"2021";"NON";"NON";"67260";"";"";"";"2021-10-06";"95170";""
"67261";"3199";"PLU";"COM";"2020-03-01 23:00:00+00:00";"2015-12-15 23:00:00+00:00";"39";"67";"44";"2021";"NON";"NON";"67261";"";"";"";"2021-10-06";"144443";""
"67263";"3199";"PLU";"COM";"2010-12-20 23:00:00+00:00";"2004-07-01 22:00:00+00:00";"39";"67";"44";"2021";"NON";"NON";"67263";"";"";"";"2021-10-06";"29611";""
"67264";"3299";"PLUi/PLUiS";"CC";"2019-11-06 23:00:00+00:00";"2015-06-14 22:00:00+00:00";"39";"67";"44";"2021";"NON";"OUI";"200041325";"";"";"";"2021-10-06";"140267";""
"67265";"3399";"PLUi/PLUiS";"CC";"2020-02-05 23:00:00+00:00";"2015-12-16 23:00:00+00:00";"39";"67";"44";"2021";"OUI";"NON";"200067783";"";"";"";"2021-10-06";"144328";""
"67266";"3199";"PLU";"COM";"2003-11-26 23:00:00+00:00";"2001-11-19 23:00:00+00:00";"39";"67";"44";"2021";"NON";"NON";"67266";"";"";"";"2021-10-06";"29625";""
"67267";"3299";"PLUi/PLUiS";"MET";"2019-09-26 22:00:00+00:00";"2017-03-02 23:00:00+00:00";"39";"67";"44";"2021";"NON";"OUI";"246700488";"";"";"";"2021-10-06";"155964";""
"67268";"3299";"PLUi/PLUiS";"MET";"2019-09-26 22:00:00+00:00";"2017-03-02 23:00:00+00:00";"39";"67";"44";"2021";"NON";"OUI";"246700488";"";"";"";"2021-10-06";"155964";""
"67269";"1199";"CC";"COM";"2002-12-17 23:00:00+00:00";"2000-06-08 22:00:00+00:00";"19";"67";"44";"2021";"NON";"NON";"67269";"";"";"";"2021-10-06";"29638";""
"67270";"3299";"PLUi/PLUiS";"CC";"2019-12-18 23:00:00+00:00";"2015-12-14 23:00:00+00:00";"39";"67";"44";"2021";"NON";"OUI";"246700959";"";"";"";"2021-10-06";"144309";""
"67271";"3299";"PLUi/PLUiS";"SI";"2019-05-22 22:00:00+00:00";"2013-05-13 22:00:00+00:00";"39";"67";"44";"2021";"NON";"OUI";"200035889";"";"";"";"2021-10-06";"124946";""
"67272";"1199";"CC";"COM";"2012-02-12 23:00:00+00:00";"2010-12-31 23:00:00+00:00";"19";"67";"44";"2021";"NON";"NON";"67272";"";"";"";"2021-10-06";"71413";""
"67273";"3399";"PLUi/PLUiS";"CC";"2020-02-05 23:00:00+00:00";"2015-12-16 23:00:00+00:00";"39";"67";"44";"2021";"OUI";"NON";"200067783";"";"";"";"2021-10-06";"144328";""
"67274";"3199";"PLU";"COM";"2010-07-11 22:00:00+00:00";"2005-10-25 22:00:00+00:00";"39";"67";"44";"2021";"NON";"NON";"67274";"";"";"";"2021-10-06";"26308";""
"67275";"3199";"PLU";"COM";"2008-02-20 23:00:00+00:00";"2001-09-05 22:00:00+00:00";"39";"67";"44";"2021";"NON";"NON";"67275";"";"";"";"2021-10-06";"29645";""
"67276";"3199";"PLU";"COM";"2018-05-21 22:00:00+00:00";"2016-04-27 22:00:00+00:00";"39";"67";"44";"2021";"NON";"NON";"67276";"";"";"";"2021-10-06";"155125";""
"67277";"3199";"PLU";"COM";"2019-06-12 22:00:00+00:00";"2010-07-14 22:00:00+00:00";"39";"67";"44";"2021";"NON";"NON";"67277";"";"";"";"2021-10-06";"42100";""
"67278";"1199";"CC";"COM";"2010-07-27 22:00:00+00:00";"2010-01-12 23:00:00+00:00";"19";"67";"44";"2021";"NON";"NON";"67278";"";"";"";"2021-10-06";"40409";""
"67279";"1199";"CC";"COM";"2004-02-15 23:00:00+00:00";"2001-08-07 22:00:00+00:00";"19";"67";"44";"2021";"NON";"NON";"67279";"";"";"";"2021-10-06";"29653";""
"67280";"3299";"PLUi/PLUiS";"CC";"2019-12-11 23:00:00+00:00";"2015-12-10 23:00:00+00:00";"39";"67";"44";"2021";"NON";"OUI";"67280";"";"";"";"2021-10-06";"144322";""
"67281";"3199";"PLU";"COM";"2016-06-08 22:00:00+00:00";"2004-05-25 22:00:00+00:00";"39";"67";"44";"2021";"NON";"NON";"67281";"";"";"";"2021-10-06";"29659";""
"67282";"3199";"PLU";"COM";"2014-12-14 23:00:00+00:00";"2010-03-28 22:00:00+00:00";"39";"67";"44";"2021";"NON";"NON";"67282";"";"";"";"2021-10-06";"41321";""
"67283";"3199";"PLU";"COM";"2021-06-27 22:00:00+00:00";"2003-10-06 22:00:00+00:00";"39";"67";"44";"2021";"NON";"NON";"67283";"";"";"";"2021-10-06";"29669";""
"67285";"3199";"PLU";"COM";"2014-02-02 23:00:00+00:00";"2009-03-08 23:00:00+00:00";"39";"67";"44";"2021";"NON";"NON";"67285";"";"";"";"2021-10-06";"37734";""
"67286";"3434";"PLU";"CC";"2008-02-14 23:00:00+00:00";"2002-03-21 23:00:00+00:00";"33";"67";"44";"2021";"NON";"NON";"246701080";"";"";"";"2021-10-06";"29680";""
"67287";"3299";"PLUi/PLUiS";"CC";"2019-12-18 23:00:00+00:00";"2015-12-14 23:00:00+00:00";"39";"67";"44";"2021";"NON";"OUI";"246700959";"";"";"";"2021-10-06";"144309";""
"67288";"3499";"PLU";"CC";"2012-01-22 23:00:00+00:00";"2009-04-20 22:00:00+00:00";"39";"67";"44";"2021";"NON";"NON";"67288";"";"";"";"2021-10-06";"72392";""
"67289";"3399";"PLUi/PLUiS";"CC";"2019-12-18 23:00:00+00:00";"2015-10-28 23:00:00+00:00";"39";"67";"44";"2021";"OUI";"NON";"200067783";"";"";"";"2021-10-06";"142241";""
"67290";"3299";"PLUi/PLUiS";"SI";"2019-05-22 22:00:00+00:00";"2013-05-13 22:00:00+00:00";"39";"67";"44";"2021";"NON";"OUI";"200035889";"";"";"";"2021-10-06";"124946";""
"67291";"3299";"PLUi/PLUiS";"CC";"2020-09-20 22:00:00+00:00";"2015-12-13 23:00:00+00:00";"39";"67";"44";"2021";"NON";"OUI";"246701098";"";"";"";"2021-10-06";"144330";""
"67292";"3299";"PLUi/PLUiS";"CC";"2020-09-20 22:00:00+00:00";"2015-12-13 23:00:00+00:00";"39";"67";"44";"2021";"NON";"OUI";"246701098";"";"";"";"2021-10-06";"144330";""
"67293";"3299";"PLUi/PLUiS";"CC";"2019-12-18 23:00:00+00:00";"2015-12-14 23:00:00+00:00";"39";"67";"44";"2021";"NON";"OUI";"246700959";"";"";"";"2021-10-06";"144309";""
"67295";"3299";"PLUi/PLUiS";"CC";"2019-12-16 23:00:00+00:00";"2015-11-30 23:00:00+00:00";"39";"67";"44";"2021";"NON";"OUI";"200034270";"";"";"";"2021-10-06";"143058";""
"67296";"3299";"PLUi/PLUiS";"MET";"2019-09-26 22:00:00+00:00";"2017-03-02 23:00:00+00:00";"39";"67";"44";"2021";"NON";"OUI";"246700488";"";"";"";"2021-10-06";"155964";""
"67298";"3432";"PLU";"CA";"2013-06-06 22:00:00+00:00";"2008-08-28 22:00:00+00:00";"33";"67";"44";"2021";"NON";"NON";"67298";"";"";"";"2021-10-06";"35878";""
"67299";"3199";"PLU";"COM";"2017-12-20 23:00:00+00:00";"2011-06-26 22:00:00+00:00";"39";"67";"44";"2021";"NON";"NON";"67299";"";"";"";"2021-10-06";"71609";""
"67300";"3199";"PLU";"COM";"2017-03-19 23:00:00+00:00";"2009-06-07 22:00:00+00:00";"39";"67";"44";"2021";"NON";"NON";"67300";"";"";"";"2021-10-06";"40418";""
"67301";"3432";"PLU";"CA";"2011-05-09 22:00:00+00:00";"2004-04-25 22:00:00+00:00";"33";"67";"44";"2021";"NON";"NON";"67301";"";"";"";"2021-10-06";"71403";""
"67302";"3199";"PLU";"COM";"2009-12-02 23:00:00+00:00";"2009-11-04 23:00:00+00:00";"39";"67";"44";"2021";"NON";"NON";"67302";"";"";"";"2021-10-06";"40260";""
"67303";"3199";"PLU";"COM";"2015-05-25 22:00:00+00:00";"2009-03-25 23:00:00+00:00";"39";"67";"44";"2021";"NON";"NON";"67303";"";"";"";"2021-10-06";"38057";""
"67304";"3332";"PLUi/PLUiS";"CA";"2016-09-18 22:00:00+00:00";"2010-11-14 23:00:00+00:00";"33";"67";"44";"2021";"OUI";"NON";"67304";"";"";"";"2021-10-06";"49067";""
"67305";"3199";"PLU";"COM";"2011-02-09 23:00:00+00:00";"2003-05-06 22:00:00+00:00";"39";"67";"44";"2021";"NON";"NON";"67305";"";"";"";"2021-10-06";"29728";""
"67306";"3199";"PLU";"COM";"2013-11-14 23:00:00+00:00";"2008-06-19 22:00:00+00:00";"39";"67";"44";"2021";"NON";"NON";"67306";"";"";"";"2021-10-06";"35402";""
"67307";"3399";"PLUi/PLUiS";"CC";"2019-12-18 23:00:00+00:00";"2015-10-28 23:00:00+00:00";"39";"67";"44";"2021";"OUI";"NON";"200067783";"";"";"";"2021-10-06";"142241";""
"67308";"3199";"PLU";"COM";"2018-07-03 22:00:00+00:00";"2015-03-31 22:00:00+00:00";"39";"67";"44";"2021";"NON";"NON";"67308";"";"";"";"2021-10-06";"40830";""
"67309";"3299";"PLUi/PLUiS";"MET";"2019-09-26 22:00:00+00:00";"2017-03-02 23:00:00+00:00";"39";"67";"44";"2021";"NON";"OUI";"246700488";"";"";"";"2021-10-06";"155964";""
"67310";"1199";"CC";"COM";"2012-04-30 22:00:00+00:00";"2010-12-31 23:00:00+00:00";"19";"67";"44";"2021";"NON";"NON";"67310";"";"";"";"2021-10-06";"112908";""
"67311";"3199";"PLU";"COM";"2019-03-27 23:00:00+00:00";"2012-11-27 23:00:00+00:00";"39";"67";"44";"2021";"NON";"NON";"67311";"";"";"";"2021-10-06";"116795";""
"67312";"3299";"PLUi/PLUiS";"CC";"2019-12-18 23:00:00+00:00";"2015-12-14 23:00:00+00:00";"39";"67";"44";"2021";"NON";"OUI";"246700959";"";"";"";"2021-10-06";"144309";""
"67313";"3199";"PLU";"COM";"2008-05-27 22:00:00+00:00";"2001-12-04 23:00:00+00:00";"39";"67";"44";"2021";"NON";"NON";"67313";"";"";"";"2021-10-06";"29741";""
"67315";"3199";"PLU";"COM";"2006-04-25 22:00:00+00:00";"2003-03-24 23:00:00+00:00";"39";"67";"44";"2021";"NON";"NON";"67315";"";"";"";"2021-10-06";"29750";""
"67317";"3299";"PLUi/PLUiS";"CC";"2019-12-11 23:00:00+00:00";"2015-12-10 23:00:00+00:00";"39";"67";"44";"2021";"NON";"OUI";"67317";"";"";"";"2021-10-06";"144322";""
"67319";"3299";"PLUi/PLUiS";"CC";"2019-11-06 23:00:00+00:00";"2015-06-14 22:00:00+00:00";"39";"67";"44";"2021";"NON";"OUI";"200041325";"";"";"";"2021-10-06";"140267";""
"67320";"3299";"PLUi/PLUiS";"CC";"2019-12-11 23:00:00+00:00";"2015-12-10 23:00:00+00:00";"39";"67";"44";"2021";"NON";"OUI";"67320";"";"";"";"2021-10-06";"144322";""
"67321";"1199";"CC";"COM";"2006-07-23 22:00:00+00:00";"2004-06-10 22:00:00+00:00";"19";"67";"44";"2021";"NON";"NON";"67321";"";"";"";"2021-10-06";"29773";""
"67322";"3399";"PLUi/PLUiS";"CC";"2019-12-18 23:00:00+00:00";"2015-10-28 23:00:00+00:00";"39";"67";"44";"2021";"OUI";"NON";"200067783";"";"";"";"2021-10-06";"142241";""
"67324";"3299";"PLUi/PLUiS";"CC";"2020-09-20 22:00:00+00:00";"2015-12-13 23:00:00+00:00";"39";"67";"44";"2021";"NON";"OUI";"246701098";"";"";"";"2021-10-06";"144330";""
"67325";"3199";"PLU";"COM";"2020-11-01 23:00:00+00:00";"2015-05-25 22:00:00+00:00";"39";"67";"44";"2021";"NON";"NON";"67325";"";"";"";"2021-10-06";"139496";""
"67326";"3299";"PLUi/PLUiS";"MET";"2019-09-26 22:00:00+00:00";"2017-03-02 23:00:00+00:00";"39";"67";"44";"2021";"NON";"OUI";"246700488";"";"";"";"2021-10-06";"155964";""
"67327";"3199";"PLU";"COM";"2020-03-01 23:00:00+00:00";"2015-12-06 23:00:00+00:00";"39";"67";"44";"2021";"NON";"NON";"67327";"";"";"";"2021-10-06";"143511";""
"67328";"3332";"PLUi/PLUiS";"CA";"2014-03-12 23:00:00+00:00";"2010-10-28 22:00:00+00:00";"33";"67";"44";"2021";"OUI";"NON";"67328";"";"";"";"2021-10-06";"49066";""
"67329";"3499";"PLU";"CC";"2014-07-09 22:00:00+00:00";"2006-01-19 23:00:00+00:00";"39";"67";"44";"2021";"NON";"NON";"246701080";"";"";"";"2021-10-06";"29785";""
"67330";"3399";"PLUi/PLUiS";"SI";"2007-12-19 23:00:00+00:00";"2002-06-05 22:00:00+00:00";"39";"67";"44";"2021";"OUI";"NON";"200061794";"";"";"";"2021-10-06";"136775";""
"67331";"3432";"PLU";"CA";"2017-12-13 23:00:00+00:00";"2013-03-07 23:00:00+00:00";"33";"67";"44";"2021";"NON";"NON";"67331";"";"";"";"2021-10-06";"120781";""
"67333";"3399";"PLUi/PLUiS";"CC";"2019-12-18 23:00:00+00:00";"2015-10-28 23:00:00+00:00";"39";"67";"44";"2021";"OUI";"NON";"200067783";"";"";"";"2021-10-06";"142241";""
"67335";"3199";"PLU";"COM";"2012-09-30 22:00:00+00:00";"2008-12-14 23:00:00+00:00";"39";"67";"44";"2021";"NON";"NON";"67335";"";"";"";"2021-10-06";"37563";""
"67336";"3199";"PLU";"COM";"2014-11-27 23:00:00+00:00";"2011-10-24 22:00:00+00:00";"39";"67";"44";"2021";"NON";"NON";"67336";"";"";"";"2021-10-06";"85326";""
"67337";"3299";"PLUi/PLUiS";"CC";"2019-12-16 23:00:00+00:00";"2015-11-30 23:00:00+00:00";"39";"67";"44";"2021";"NON";"OUI";"200034270";"";"";"";"2021-10-06";"143058";""
"67338";"3199";"PLU";"COM";"2020-02-24 23:00:00+00:00";"2015-12-14 23:00:00+00:00";"39";"67";"44";"2021";"NON";"NON";"67338";"";"";"";"2021-10-06";"143510";""
"67339";"3399";"PLUi/PLUiS";"CC";"2015-10-20 22:00:00+00:00";"2010-11-01 23:00:00+00:00";"39";"67";"44";"2021";"OUI";"NON";"67339";"";"";"";"2021-10-06";"142330";""
"67340";"3299";"PLUi/PLUiS";"CC";"2020-09-20 22:00:00+00:00";"2015-12-13 23:00:00+00:00";"39";"67";"44";"2021";"NON";"OUI";"246701098";"";"";"";"2021-10-06";"144330";""
"67341";"3199";"PLU";"COM";"2013-10-23 22:00:00+00:00";"2008-12-17 23:00:00+00:00";"39";"67";"44";"2021";"NON";"NON";"67341";"";"";"";"2021-10-06";"62101";""
"67342";"3199";"PLU";"COM";"2019-07-14 22:00:00+00:00";"2015-09-06 22:00:00+00:00";"39";"67";"44";"2021";"NON";"NON";"67342";"";"";"";"2021-10-06";"141289";""
"67343";"3299";"PLUi/PLUiS";"MET";"2019-09-26 22:00:00+00:00";"2017-03-02 23:00:00+00:00";"39";"67";"44";"2021";"NON";"OUI";"246700488";"";"";"";"2021-10-06";"155964";""
"67344";"3299";"PLUi/PLUiS";"CC";"2013-10-06 22:00:00+00:00";"2010-12-19 23:00:00+00:00";"39";"67";"44";"2021";"NON";"OUI";"67344";"";"";"";"2021-10-06";"103182";""
"67345";"3332";"PLUi/PLUiS";"CA";"2017-03-15 23:00:00+00:00";"2010-02-02 23:00:00+00:00";"33";"67";"44";"2021";"OUI";"NON";"67345";"";"";"";"2021-10-06";"48897";""
"67346";"1199";"CC";"COM";"2005-12-19 23:00:00+00:00";"2004-01-13 23:00:00+00:00";"19";"67";"44";"2021";"NON";"NON";"67346";"";"";"";"2021-10-06";"29816";""
"67347";"3399";"PLUi/PLUiS";"CC";"2019-12-18 23:00:00+00:00";"2015-10-28 23:00:00+00:00";"39";"67";"44";"2021";"OUI";"NON";"200067783";"";"";"";"2021-10-06";"142241";""
"67348";"3499";"PLU";"CC";"2007-12-16 23:00:00+00:00";"2002-04-14 22:00:00+00:00";"39";"67";"44";"2021";"NON";"NON";"246701080";"";"";"";"2021-10-06";"610";""
"67349";"3399";"PLUi/PLUiS";"CC";"2015-10-20 22:00:00+00:00";"2010-11-01 23:00:00+00:00";"39";"67";"44";"2021";"OUI";"NON";"67349";"";"";"";"2021-10-06";"142330";""
"67350";"3299";"PLUi/PLUiS";"MET";"2019-09-26 22:00:00+00:00";"2017-03-02 23:00:00+00:00";"39";"67";"44";"2021";"NON";"OUI";"246700488";"";"";"";"2021-10-06";"155964";""
"67351";"3299";"PLUi/PLUiS";"CC";"2013-10-06 22:00:00+00:00";"2010-12-19 23:00:00+00:00";"39";"67";"44";"2021";"NON";"OUI";"67351";"";"";"";"2021-10-06";"103182";""
"67352";"3399";"PLUi/PLUiS";"CC";"2019-12-18 23:00:00+00:00";"2015-10-28 23:00:00+00:00";"39";"67";"44";"2021";"OUI";"NON";"200067783";"";"";"";"2021-10-06";"142241";""
"67353";"3199";"PLU";"COM";"2015-11-05 23:00:00+00:00";"2011-05-16 22:00:00+00:00";"39";"67";"44";"2021";"NON";"NON";"67353";"";"";"";"2021-10-06";"71175";""
"67354";"3199";"PLU";"COM";"2020-01-15 23:00:00+00:00";"2016-07-06 22:00:00+00:00";"39";"67";"44";"2021";"NON";"NON";"67354";"";"";"";"2021-10-06";"149698";""
"67355";"3199";"PLU";"COM";"2020-02-24 23:00:00+00:00";"2015-12-07 23:00:00+00:00";"39";"67";"44";"2021";"NON";"NON";"67355";"";"";"";"2021-10-06";"143457";""
"67356";"3299";"PLUi/PLUiS";"CC";"2019-11-06 23:00:00+00:00";"2015-06-14 22:00:00+00:00";"39";"67";"44";"2021";"NON";"OUI";"200041325";"";"";"";"2021-10-06";"140267";""
"67358";"3299";"PLUi/PLUiS";"CC";"2020-09-20 22:00:00+00:00";"2015-12-13 23:00:00+00:00";"39";"67";"44";"2021";"NON";"OUI";"246701098";"";"";"";"2021-10-06";"144330";""
"67359";"3332";"PLUi/PLUiS";"CA";"2016-09-18 22:00:00+00:00";"2010-11-14 23:00:00+00:00";"33";"67";"44";"2021";"OUI";"NON";"67359";"";"";"";"2021-10-06";"49067";""
"67360";"3199";"PLU";"COM";"2006-10-18 22:00:00+00:00";"2002-03-13 23:00:00+00:00";"39";"67";"44";"2021";"NON";"NON";"67360";"";"";"";"2021-10-06";"29834";""
"67361";"3432";"PLU";"CA";"2020-02-12 23:00:00+00:00";"2016-11-27 23:00:00+00:00";"33";"67";"44";"2021";"NON";"NON";"67361";"";"";"";"2021-10-06";"153957";""
"67363";"3299";"PLUi/PLUiS";"MET";"2019-09-26 22:00:00+00:00";"2017-03-02 23:00:00+00:00";"39";"67";"44";"2021";"NON";"OUI";"246700488";"";"";"";"2021-10-06";"155964";""
"67364";"3199";"PLU";"COM";"2011-08-31 22:00:00+00:00";"2005-12-19 23:00:00+00:00";"39";"67";"44";"2021";"NON";"NON";"67364";"";"";"";"2021-10-06";"26162";""
"67365";"3299";"PLUi/PLUiS";"MET";"2019-09-26 22:00:00+00:00";"2017-03-02 23:00:00+00:00";"39";"67";"44";"2021";"NON";"OUI";"246700488";"";"";"";"2021-10-06";"155964";""
"67366";"3199";"PLU";"COM";"2020-03-08 23:00:00+00:00";"2016-12-04 23:00:00+00:00";"39";"67";"44";"2021";"NON";"NON";"67366";"";"";"";"2021-10-06";"153958";""
"67367";"3199";"PLU";"COM";"2018-12-16 23:00:00+00:00";"2012-04-01 22:00:00+00:00";"39";"67";"44";"2021";"NON";"NON";"67367";"";"";"";"2021-10-06";"30638";""
"67368";"3199";"PLU";"COM";"2005-07-20 22:00:00+00:00";"2001-11-14 23:00:00+00:00";"39";"67";"44";"2021";"NON";"NON";"67368";"";"";"";"2021-10-06";"29845";""
"67369";"1199";"CC";"COM";"2007-08-05 22:00:00+00:00";"2005-07-26 22:00:00+00:00";"19";"67";"44";"2021";"NON";"NON";"67369";"";"";"";"2021-10-06";"29846";""
"67370";"3399";"PLUi/PLUiS";"CC";"2020-02-05 23:00:00+00:00";"2015-12-16 23:00:00+00:00";"39";"67";"44";"2021";"OUI";"NON";"67370";"";"";"";"2021-10-06";"144328";""
"67371";"3399";"PLUi/PLUiS";"CC";"2020-02-05 23:00:00+00:00";"2015-12-16 23:00:00+00:00";"39";"67";"44";"2021";"OUI";"NON";"200067783";"";"";"";"2021-10-06";"144328";""
"67372";"3332";"PLUi/PLUiS";"CA";"2014-03-12 23:00:00+00:00";"2010-10-28 22:00:00+00:00";"33";"67";"44";"2021";"OUI";"NON";"67372";"";"";"";"2021-10-06";"49066";""
"67373";"3399";"PLUi/PLUiS";"CC";"2020-02-05 23:00:00+00:00";"2015-12-16 23:00:00+00:00";"39";"67";"44";"2021";"OUI";"NON";"67373";"";"";"";"2021-10-06";"144328";""
"67375";"3299";"PLUi/PLUiS";"CC";"2019-11-13 23:00:00+00:00";"2015-12-09 23:00:00+00:00";"39";"67";"44";"2021";"NON";"OUI";"200034635";"";"";"";"2021-10-06";"153941";""
"67378";"3299";"PLUi/PLUiS";"MET";"2019-09-26 22:00:00+00:00";"2017-03-02 23:00:00+00:00";"39";"67";"44";"2021";"NON";"OUI";"246700488";"";"";"";"2021-10-06";"155964";""
"67379";"3299";"PLUi/PLUiS";"SI";"2019-05-22 22:00:00+00:00";"2013-05-13 22:00:00+00:00";"39";"67";"44";"2021";"NON";"OUI";"200035889";"";"";"";"2021-10-06";"124946";""
"67380";"3199";"PLU";"COM";"2009-12-06 23:00:00+00:00";"2005-06-28 22:00:00+00:00";"39";"67";"44";"2021";"NON";"NON";"67380";"";"";"";"2021-10-06";"29869";""
"67381";"3399";"PLUi/PLUiS";"CC";"2020-02-05 23:00:00+00:00";"2015-12-16 23:00:00+00:00";"39";"67";"44";"2021";"OUI";"NON";"67381";"";"";"";"2021-10-06";"144328";""
"67382";"3299";"PLUi/PLUiS";"CC";"2019-11-13 23:00:00+00:00";"2015-12-09 23:00:00+00:00";"39";"67";"44";"2021";"NON";"OUI";"200034635";"";"";"";"2021-10-06";"153941";""
"67383";"3131";"PLU";"COM";"2012-04-02 22:00:00+00:00";"2006-09-20 22:00:00+00:00";"33";"67";"44";"2021";"NON";"NON";"67383";"";"";"";"2021-10-06";"29416";""
"67384";"3199";"PLU";"COM";"2003-10-23 22:00:00+00:00";"1996-03-10 23:00:00+00:00";"39";"67";"44";"2021";"NON";"NON";"67384";"";"";"";"2021-10-06";"29417";""
"67386";"1199";"CC";"COM";"2018-12-19 23:00:00+00:00";"2016-10-04 22:00:00+00:00";"19";"67";"44";"2021";"NON";"NON";"67386";"";"";"";"2021-10-06";"153108";""
"67387";"3299";"PLUi/PLUiS";"CC";"2019-12-16 23:00:00+00:00";"2015-11-30 23:00:00+00:00";"39";"67";"44";"2021";"NON";"OUI";"200034270";"";"";"";"2021-10-06";"143058";""
"67388";"3299";"PLUi/PLUiS";"CC";"2020-09-20 22:00:00+00:00";"2015-12-13 23:00:00+00:00";"39";"67";"44";"2021";"NON";"OUI";"246701098";"";"";"";"2021-10-06";"144330";""
"67389";"3299";"PLUi/PLUiS";"MET";"2019-09-26 22:00:00+00:00";"2017-03-02 23:00:00+00:00";"39";"67";"44";"2021";"NON";"OUI";"246700488";"";"";"";"2021-10-06";"155964";""
"67391";"1199";"CC";"COM";"2007-02-25 23:00:00+00:00";"2001-11-15 23:00:00+00:00";"19";"67";"44";"2021";"NON";"NON";"67391";"";"";"";"2021-10-06";"10145";""
"67392";"3399";"PLUi/PLUiS";"CC";"2020-02-05 23:00:00+00:00";"2015-12-16 23:00:00+00:00";"39";"67";"44";"2021";"OUI";"NON";"67392";"";"";"";"2021-10-06";"144328";""
"67394";"3499";"PLU";"CC";"2012-01-22 23:00:00+00:00";"2009-04-20 22:00:00+00:00";"39";"67";"44";"2021";"NON";"NON";"67394";"";"";"";"2021-10-06";"72395";""
"67395";"3199";"PLU";"COM";"2004-10-11 22:00:00+00:00";"2002-06-18 22:00:00+00:00";"39";"67";"44";"2021";"NON";"NON";"67395";"";"";"";"2021-10-06";"29892";""
"67396";"1199";"CC";"COM";"2009-09-26 22:00:00+00:00";"1998-07-07 22:00:00+00:00";"19";"67";"44";"2021";"NON";"NON";"67396";"";"";"";"2021-10-06";"10151";""
"67397";"3199";"PLU";"COM";"2009-06-28 22:00:00+00:00";"2006-07-02 22:00:00+00:00";"39";"67";"44";"2021";"NON";"NON";"67397";"";"";"";"2021-10-06";"25113";""
"67398";"1199";"CC";"COM";"2012-12-26 23:00:00+00:00";"2011-12-31 23:00:00+00:00";"19";"67";"44";"2021";"NON";"NON";"67398";"";"";"";"2021-10-06";"116201";""
"67400";"3299";"PLUi/PLUiS";"CC";"2013-10-06 22:00:00+00:00";"2010-12-19 23:00:00+00:00";"39";"67";"44";"2021";"NON";"OUI";"67400";"";"";"";"2021-10-06";"103182";""
"67401";"3199";"PLU";"COM";"2014-07-09 22:00:00+00:00";"2009-12-13 23:00:00+00:00";"39";"67";"44";"2021";"NON";"NON";"67401";"";"";"";"2021-10-06";"40838";""
"67403";"3399";"PLUi/PLUiS";"CC";"2019-12-18 23:00:00+00:00";"2015-10-28 23:00:00+00:00";"39";"67";"44";"2021";"OUI";"NON";"200067783";"";"";"";"2021-10-06";"142241";""
"67404";"3399";"PLUi/PLUiS";"CC";"2015-10-20 22:00:00+00:00";"2010-11-01 23:00:00+00:00";"39";"67";"44";"2021";"OUI";"NON";"67404";"";"";"";"2021-10-06";"142330";""
"67405";"3299";"PLUi/PLUiS";"CC";"2019-11-06 23:00:00+00:00";"2015-06-14 22:00:00+00:00";"39";"67";"44";"2021";"NON";"OUI";"200041325";"";"";"";"2021-10-06";"140267";""
"67406";"3299";"PLUi/PLUiS";"CC";"2019-11-13 23:00:00+00:00";"2015-12-09 23:00:00+00:00";"39";"67";"44";"2021";"NON";"OUI";"200034635";"";"";"";"2021-10-06";"153941";""
"67407";"3332";"PLUi/PLUiS";"CA";"2017-03-15 23:00:00+00:00";"2010-02-02 23:00:00+00:00";"33";"67";"44";"2021";"OUI";"NON";"67407";"";"";"";"2021-10-06";"48897";""
"67408";"3131";"PLU";"COM";"2005-04-27 22:00:00+00:00";"2001-08-06 22:00:00+00:00";"33";"67";"44";"2021";"NON";"NON";"67408";"";"";"";"2021-10-06";"29991";""
"67409";"3299";"PLUi/PLUiS";"CC";"2019-11-06 23:00:00+00:00";"2015-06-14 22:00:00+00:00";"39";"67";"44";"2021";"NON";"OUI";"200041325";"";"";"";"2021-10-06";"140267";""
"67410";"3199";"PLU";"COM";"2018-04-12 22:00:00+00:00";"2014-10-23 22:00:00+00:00";"39";"67";"44";"2021";"NON";"NON";"67410";"";"";"";"2021-10-06";"133803";""
"67411";"3199";"PLU";"COM";"2020-07-19 22:00:00+00:00";"2015-12-14 23:00:00+00:00";"39";"67";"44";"2021";"NON";"NON";"67411";"";"";"";"2021-10-06";"144438";""
"67412";"3199";"PLU";"COM";"2014-03-12 23:00:00+00:00";"2009-06-01 22:00:00+00:00";"39";"67";"44";"2021";"NON";"NON";"67412";"";"";"";"2021-10-06";"39753";""
"67413";"3399";"PLUi/PLUiS";"CC";"2020-02-05 23:00:00+00:00";"2015-12-16 23:00:00+00:00";"39";"67";"44";"2021";"OUI";"NON";"200067783";"";"";"";"2021-10-06";"144328";""
"67414";"3131";"PLU";"COM";"2011-07-11 22:00:00+00:00";"2002-11-11 23:00:00+00:00";"33";"67";"44";"2021";"NON";"NON";"67414";"";"";"";"2021-10-06";"28094";""
"67415";"3299";"PLUi/PLUiS";"CC";"2020-09-20 22:00:00+00:00";"2015-12-13 23:00:00+00:00";"39";"67";"44";"2021";"NON";"OUI";"246701098";"";"";"";"2021-10-06";"144330";""
"67416";"3299";"PLUi/PLUiS";"CC";"2013-10-06 22:00:00+00:00";"2010-12-19 23:00:00+00:00";"39";"67";"44";"2021";"NON";"OUI";"67416";"";"";"";"2021-10-06";"103182";""
"67417";"3432";"PLU";"CA";"2006-12-04 23:00:00+00:00";"2002-01-27 23:00:00+00:00";"33";"67";"44";"2021";"NON";"NON";"67417";"";"";"";"2021-10-06";"30029";""
"67418";"3299";"PLUi/PLUiS";"CC";"2019-11-06 23:00:00+00:00";"2015-06-14 22:00:00+00:00";"39";"67";"44";"2021";"NON";"OUI";"200041325";"";"";"";"2021-10-06";"140267";""
"67420";"3199";"PLU";"COM";"2020-03-11 23:00:00+00:00";"2016-08-24 22:00:00+00:00";"39";"67";"44";"2021";"NON";"NON";"67420";"";"";"";"2021-10-06";"152566";""
"67421";"3199";"PLU";"COM";"2018-03-27 22:00:00+00:00";"2010-09-15 22:00:00+00:00";"39";"67";"44";"2021";"NON";"NON";"67421";"";"";"";"2021-10-06";"43066";""
"67422";"1199";"CC";"COM";"2010-05-09 22:00:00+00:00";"2009-10-26 23:00:00+00:00";"19";"67";"44";"2021";"NON";"NON";"67422";"";"";"";"2021-10-06";"39467";""
"67423";"1199";"CC";"COM";"2016-10-06 22:00:00+00:00";"2011-06-05 22:00:00+00:00";"19";"67";"44";"2021";"NON";"NON";"67423";"";"";"";"2021-10-06";"121431";""
"67425";"3199";"PLU";"COM";"2004-11-14 23:00:00+00:00";"2001-10-25 22:00:00+00:00";"39";"67";"44";"2021";"NON";"NON";"67425";"";"";"";"2021-10-06";"30045";""
"67426";"3299";"PLUi/PLUiS";"CC";"2019-12-11 23:00:00+00:00";"2015-12-10 23:00:00+00:00";"39";"67";"44";"2021";"NON";"OUI";"67426";"";"";"";"2021-10-06";"144322";""
"67427";"3299";"PLUi/PLUiS";"CC";"2019-12-11 23:00:00+00:00";"2015-12-10 23:00:00+00:00";"39";"67";"44";"2021";"NON";"OUI";"67427";"";"";"";"2021-10-06";"144322";""
"67428";"3199";"PLU";"COM";"2005-03-01 23:00:00+00:00";"2002-06-25 22:00:00+00:00";"39";"67";"44";"2021";"NON";"NON";"67428";"";"";"";"2021-10-06";"27331";""
"67429";"3299";"PLUi/PLUiS";"CC";"2019-12-16 23:00:00+00:00";"2015-11-30 23:00:00+00:00";"39";"67";"44";"2021";"NON";"OUI";"200034270";"";"";"";"2021-10-06";"143058";""
"67430";"3299";"PLUi/PLUiS";"CC";"2019-12-11 23:00:00+00:00";"2015-12-10 23:00:00+00:00";"39";"67";"44";"2021";"NON";"OUI";"67430";"";"";"";"2021-10-06";"144322";""
"67432";"3199";"PLU";"COM";"2010-09-08 22:00:00+00:00";"2004-01-13 23:00:00+00:00";"39";"67";"44";"2021";"NON";"NON";"67432";"";"";"";"2021-10-06";"30060";""
"67433";"3199";"PLU";"COM";"2011-05-30 22:00:00+00:00";"2004-09-05 22:00:00+00:00";"39";"67";"44";"2021";"NON";"NON";"67433";"";"";"";"2021-10-06";"30063";""
"67434";"3199";"PLU";"COM";"2011-04-27 22:00:00+00:00";"2005-05-25 22:00:00+00:00";"39";"67";"44";"2021";"NON";"NON";"67434";"";"";"";"2021-10-06";"30067";""
"67435";"3199";"PLU";"COM";"2010-07-11 22:00:00+00:00";"2006-08-31 22:00:00+00:00";"39";"67";"44";"2021";"NON";"NON";"67435";"";"";"";"2021-10-06";"30077";""
"67437";"3199";"PLU";"COM";"2011-01-16 23:00:00+00:00";"2002-07-07 22:00:00+00:00";"39";"67";"44";"2021";"NON";"NON";"67437";"";"";"";"2021-10-06";"601";""
"67438";"3199";"PLU";"COM";"2019-12-18 23:00:00+00:00";"2015-11-04 23:00:00+00:00";"39";"67";"44";"2021";"NON";"NON";"67438";"";"";"";"2021-10-06";"142209";""
"67440";"3399";"PLUi/PLUiS";"SI";"2007-12-19 23:00:00+00:00";"2002-06-05 22:00:00+00:00";"39";"67";"44";"2021";"OUI";"NON";"200061794";"";"";"";"2021-10-06";"136775";""
"67441";"3399";"PLUi/PLUiS";"CC";"2019-12-18 23:00:00+00:00";"2015-10-28 23:00:00+00:00";"39";"67";"44";"2021";"OUI";"NON";"200067783";"";"";"";"2021-10-06";"142241";""
"67442";"3199";"PLU";"COM";"2013-12-18 23:00:00+00:00";"2010-10-04 22:00:00+00:00";"39";"67";"44";"2021";"NON";"NON";"67442";"";"";"";"2021-10-06";"47716";""
"67443";"3199";"PLU";"COM";"2020-03-02 23:00:00+00:00";"2015-12-28 23:00:00+00:00";"39";"67";"44";"2021";"NON";"NON";"67443";"";"";"";"2021-10-06";"144441";""
"67444";"3299";"PLUi/PLUiS";"CC";"2019-12-18 23:00:00+00:00";"2015-12-14 23:00:00+00:00";"39";"67";"44";"2021";"NON";"OUI";"246700959";"";"";"";"2021-10-06";"144309";""
"67445";"3199";"PLU";"COM";"2013-10-30 23:00:00+00:00";"2008-02-20 23:00:00+00:00";"39";"67";"44";"2021";"NON";"NON";"67445";"";"";"";"2021-10-06";"34564";""
"67446";"3399";"PLUi/PLUiS";"CC";"2019-12-18 23:00:00+00:00";"2015-10-28 23:00:00+00:00";"39";"67";"44";"2021";"OUI";"NON";"200067783";"";"";"";"2021-10-06";"142241";""
"67447";"3299";"PLUi/PLUiS";"MET";"2019-09-26 22:00:00+00:00";"2017-03-02 23:00:00+00:00";"39";"67";"44";"2021";"NON";"OUI";"246700488";"";"";"";"2021-10-06";"155964";""
"67448";"3199";"PLU";"COM";"2008-01-20 23:00:00+00:00";"2003-03-26 23:00:00+00:00";"39";"67";"44";"2021";"NON";"NON";"67448";"";"";"";"2021-10-06";"27496";""
"67449";"3332";"PLUi/PLUiS";"CA";"2017-03-15 23:00:00+00:00";"2010-02-02 23:00:00+00:00";"33";"67";"44";"2021";"OUI";"NON";"67449";"";"";"";"2021-10-06";"48897";""
"67450";"3332";"PLUi/PLUiS";"CA";"2017-03-15 23:00:00+00:00";"2010-02-02 23:00:00+00:00";"33";"67";"44";"2021";"OUI";"NON";"67450";"";"";"";"2021-10-06";"48897";""
"67451";"3299";"PLUi/PLUiS";"CC";"2013-10-06 22:00:00+00:00";"2010-12-19 23:00:00+00:00";"39";"67";"44";"2021";"NON";"OUI";"67451";"";"";"";"2021-10-06";"103182";""
"67452";"3299";"PLUi/PLUiS";"CC";"2019-11-13 23:00:00+00:00";"2015-12-09 23:00:00+00:00";"39";"67";"44";"2021";"NON";"OUI";"200034635";"";"";"";"2021-10-06";"153941";""
"67454";"3399";"PLUi/PLUiS";"CC";"2020-02-05 23:00:00+00:00";"2015-12-16 23:00:00+00:00";"39";"67";"44";"2021";"OUI";"NON";"67454";"";"";"";"2021-10-06";"144328";""
"67455";"3499";"PLU";"CC";"2012-01-22 23:00:00+00:00";"2009-04-20 22:00:00+00:00";"39";"67";"44";"2021";"NON";"NON";"67455";"";"";"";"2021-10-06";"72396";""
"67456";"3199";"PLU";"COM";"2005-06-06 22:00:00+00:00";"2003-11-03 23:00:00+00:00";"39";"67";"44";"2021";"NON";"NON";"67456";"";"";"";"2021-10-06";"30110";""
"67458";"3332";"PLUi/PLUiS";"CA";"2016-09-18 22:00:00+00:00";"2010-11-14 23:00:00+00:00";"33";"67";"44";"2021";"OUI";"NON";"67458";"";"";"";"2021-10-06";"49067";""
"67459";"3199";"PLU";"COM";"2019-02-17 23:00:00+00:00";"2011-09-04 22:00:00+00:00";"39";"67";"44";"2021";"NON";"NON";"67459";"";"";"";"2021-10-06";"76265";""
"67460";"3299";"PLUi/PLUiS";"CC";"2019-12-18 23:00:00+00:00";"2015-12-14 23:00:00+00:00";"39";"67";"44";"2021";"NON";"OUI";"246700959";"";"";"";"2021-10-06";"144309";""
"67461";"1199";"CC";"COM";"2002-10-16 22:00:00+00:00";"2001-06-20 22:00:00+00:00";"19";"67";"44";"2021";"NON";"NON";"67461";"";"";"";"2021-10-06";"30120";""
"67462";"3131";"PLU";"COM";"2007-11-28 23:00:00+00:00";"2002-02-27 23:00:00+00:00";"33";"67";"44";"2021";"NON";"NON";"67462";"";"";"";"2021-10-06";"593";""
"67463";"3199";"PLU";"COM";"2016-04-03 22:00:00+00:00";"2009-09-03 22:00:00+00:00";"39";"67";"44";"2021";"NON";"NON";"67463";"";"";"";"2021-10-06";"39425";""
"67464";"3199";"PLU";"COM";"2013-12-01 23:00:00+00:00";"2006-05-21 22:00:00+00:00";"39";"67";"44";"2021";"NON";"NON";"67464";"";"";"";"2021-10-06";"30129";""
"67465";"3299";"PLUi/PLUiS";"CC";"2019-11-06 23:00:00+00:00";"2015-06-14 22:00:00+00:00";"39";"67";"44";"2021";"NON";"OUI";"200041325";"";"";"";"2021-10-06";"140267";""
"67466";"3399";"PLUi/PLUiS";"SI";"2007-12-19 23:00:00+00:00";"2002-06-05 22:00:00+00:00";"39";"67";"44";"2021";"OUI";"NON";"200061794";"";"";"";"2021-10-06";"136775";""
"67467";"3199";"PLU";"COM";"2018-07-19 22:00:00+00:00";"2011-06-23 22:00:00+00:00";"39";"67";"44";"2021";"NON";"NON";"67467";"";"";"";"2021-10-06";"71680";""
"67468";"3131";"PLU";"COM";"2007-06-25 22:00:00+00:00";"2001-11-13 23:00:00+00:00";"33";"67";"44";"2021";"NON";"NON";"67468";"";"";"";"2021-10-06";"30133";""
"67471";"3299";"PLUi/PLUiS";"MET";"2019-09-26 22:00:00+00:00";"2017-03-02 23:00:00+00:00";"39";"67";"44";"2021";"NON";"OUI";"246700488";"";"";"";"2021-10-06";"155964";""
"67472";"3299";"PLUi/PLUiS";"CC";"2019-11-06 23:00:00+00:00";"2015-06-14 22:00:00+00:00";"39";"67";"44";"2021";"NON";"OUI";"200041325";"";"";"";"2021-10-06";"140267";""
"67473";"3199";"PLU";"COM";"2018-04-12 22:00:00+00:00";"2014-12-11 23:00:00+00:00";"39";"67";"44";"2021";"NON";"NON";"67473";"";"";"";"2021-10-06";"134724";""
"67474";"3499";"PLU";"CC";"2012-09-05 22:00:00+00:00";"2009-04-20 22:00:00+00:00";"39";"67";"44";"2021";"NON";"NON";"67474";"";"";"";"2021-10-06";"72397";""
"67475";"3399";"PLUi/PLUiS";"CC";"2020-02-05 23:00:00+00:00";"2015-12-16 23:00:00+00:00";"39";"67";"44";"2021";"OUI";"NON";"67475";"";"";"";"2021-10-06";"144328";""
"67476";"3299";"PLUi/PLUiS";"CC";"2019-11-06 23:00:00+00:00";"2015-06-14 22:00:00+00:00";"39";"67";"44";"2021";"NON";"OUI";"200041325";"";"";"";"2021-10-06";"140267";""
"67477";"3299";"PLUi/PLUiS";"CC";"2019-12-11 23:00:00+00:00";"2015-12-10 23:00:00+00:00";"39";"67";"44";"2021";"NON";"OUI";"67477";"";"";"";"2021-10-06";"144322";""
"67478";"3199";"PLU";"COM";"2008-02-22 23:00:00+00:00";"2005-09-08 22:00:00+00:00";"39";"67";"44";"2021";"NON";"NON";"67478";"";"";"";"2021-10-06";"30151";""
"67479";"3299";"PLUi/PLUiS";"CC";"2013-10-06 22:00:00+00:00";"2010-12-19 23:00:00+00:00";"39";"67";"44";"2021";"NON";"OUI";"67479";"";"";"";"2021-10-06";"103182";""
"67480";"3131";"PLU";"COM";"2013-02-25 23:00:00+00:00";"2006-05-21 22:00:00+00:00";"33";"67";"44";"2021";"NON";"NON";"67480";"";"";"";"2021-10-06";"30155";""
"67481";"3299";"PLUi/PLUiS";"CC";"2019-12-16 23:00:00+00:00";"2015-11-30 23:00:00+00:00";"39";"67";"44";"2021";"NON";"OUI";"200034270";"";"";"";"2021-10-06";"143058";""
"67482";"3299";"PLUi/PLUiS";"MET";"2019-09-26 22:00:00+00:00";"2017-03-02 23:00:00+00:00";"39";"67";"44";"2021";"NON";"OUI";"246700488";"";"";"";"2021-10-06";"155964";""
"67483";"3399";"PLUi/PLUiS";"CC";"2020-02-05 23:00:00+00:00";"2015-12-16 23:00:00+00:00";"39";"67";"44";"2021";"OUI";"NON";"67483";"";"";"";"2021-10-06";"144328";""
"67484";"3399";"PLUi/PLUiS";"CC";"2015-10-20 22:00:00+00:00";"2010-11-01 23:00:00+00:00";"39";"67";"44";"2021";"OUI";"NON";"67484";"";"";"";"2021-10-06";"142330";""
"67485";"3299";"PLUi/PLUiS";"CC";"2019-11-13 23:00:00+00:00";"2015-12-09 23:00:00+00:00";"39";"67";"44";"2021";"NON";"OUI";"200034635";"";"";"";"2021-10-06";"153941";""
"67487";"3499";"PLU";"CC";"2012-01-22 23:00:00+00:00";"2009-04-20 22:00:00+00:00";"39";"67";"44";"2021";"NON";"NON";"67487";"";"";"";"2021-10-06";"30173";""
"67488";"3199";"PLU";"COM";"2009-09-07 22:00:00+00:00";"2003-03-26 23:00:00+00:00";"39";"67";"44";"2021";"NON";"NON";"67488";"";"";"";"2021-10-06";"30178";""
"67489";"3199";"PLU";"COM";"2014-03-02 23:00:00+00:00";"2010-01-31 23:00:00+00:00";"39";"67";"44";"2021";"NON";"NON";"67489";"";"";"";"2021-10-06";"40826";""
"67490";"3299";"PLUi/PLUiS";"CC";"2019-12-11 23:00:00+00:00";"2015-12-10 23:00:00+00:00";"39";"67";"44";"2021";"NON";"OUI";"67490";"";"";"";"2021-10-06";"144322";""
"67491";"3399";"PLUi/PLUiS";"CC";"2020-02-05 23:00:00+00:00";"2015-12-16 23:00:00+00:00";"39";"67";"44";"2021";"OUI";"NON";"200067783";"";"";"";"2021-10-06";"144328";""
"67492";"3199";"PLU";"COM";"2015-06-07 22:00:00+00:00";"2009-04-19 22:00:00+00:00";"39";"67";"44";"2021";"NON";"NON";"67492";"";"";"";"2021-10-06";"42207";""
"67493";"3299";"PLUi/PLUiS";"CC";"2019-12-11 23:00:00+00:00";"2015-12-10 23:00:00+00:00";"39";"67";"44";"2021";"NON";"OUI";"67493";"";"";"";"2021-10-06";"144322";""
"67494";"3399";"PLUi/PLUiS";"SI";"2007-12-19 23:00:00+00:00";"2002-06-05 22:00:00+00:00";"39";"67";"44";"2021";"OUI";"NON";"200061794";"";"";"";"2021-10-06";"136775";""
"67495";"3299";"PLUi/PLUiS";"CC";"2019-11-13 23:00:00+00:00";"2015-12-09 23:00:00+00:00";"39";"67";"44";"2021";"NON";"OUI";"200034635";"";"";"";"2021-10-06";"153941";""
"67497";"3332";"PLUi/PLUiS";"CA";"2016-09-18 22:00:00+00:00";"2010-11-14 23:00:00+00:00";"33";"67";"44";"2021";"OUI";"NON";"67497";"";"";"";"2021-10-06";"49067";""
"67498";"3332";"PLUi/PLUiS";"CA";"2014-03-12 23:00:00+00:00";"2010-10-28 22:00:00+00:00";"33";"67";"44";"2021";"OUI";"NON";"67498";"";"";"";"2021-10-06";"49066";""
"67499";"3299";"PLUi/PLUiS";"CC";"2019-12-11 23:00:00+00:00";"2015-12-10 23:00:00+00:00";"39";"67";"44";"2021";"NON";"OUI";"67499";"";"";"";"2021-10-06";"144322";""
"67500";"3199";"PLU";"COM";"2018-10-08 22:00:00+00:00";"2015-01-26 23:00:00+00:00";"39";"67";"44";"2021";"NON";"NON";"67500";"";"";"";"2021-10-06";"138963";""
"67501";"3131";"PLU";"COM";"2008-05-12 22:00:00+00:00";"2003-05-13 22:00:00+00:00";"33";"67";"44";"2021";"NON";"NON";"67501";"";"";"";"2021-10-06";"29954";""
"67502";"3299";"PLUi/PLUiS";"CC";"2020-09-20 22:00:00+00:00";"2015-12-13 23:00:00+00:00";"39";"67";"44";"2021";"NON";"OUI";"246701098";"";"";"";"2021-10-06";"144330";""
"67503";"3399";"PLUi/PLUiS";"CC";"2019-12-18 23:00:00+00:00";"2015-10-28 23:00:00+00:00";"39";"67";"44";"2021";"OUI";"NON";"200067783";"";"";"";"2021-10-06";"142241";""
"67504";"3299";"PLUi/PLUiS";"CC";"2019-12-16 23:00:00+00:00";"2015-11-30 23:00:00+00:00";"39";"67";"44";"2021";"NON";"OUI";"200034270";"";"";"";"2021-10-06";"143058";""
"67505";"3199";"PLU";"COM";"2020-02-11 23:00:00+00:00";"2015-08-17 22:00:00+00:00";"39";"67";"44";"2021";"NON";"NON";"67505";"";"";"";"2021-10-06";"141287";""
"67506";"3299";"PLUi/PLUiS";"MET";"2019-09-26 22:00:00+00:00";"2017-03-02 23:00:00+00:00";"39";"67";"44";"2021";"NON";"OUI";"246700488";"";"";"";"2021-10-06";"155964";""
"67507";"3299";"PLUi/PLUiS";"CC";"2019-12-11 23:00:00+00:00";"2015-12-10 23:00:00+00:00";"39";"67";"44";"2021";"NON";"OUI";"67507";"";"";"";"2021-10-06";"144322";""
"67508";"3199";"PLU";"COM";"2008-06-15 22:00:00+00:00";"2001-09-26 22:00:00+00:00";"39";"67";"44";"2021";"NON";"NON";"67508";"";"";"";"2021-10-06";"25117";""
"67509";"1199";"CC";"COM";"2010-02-07 23:00:00+00:00";"2009-08-10 22:00:00+00:00";"19";"67";"44";"2021";"NON";"NON";"67509";"";"";"";"2021-10-06";"38616";""
"67510";"1432";"CC";"CA";"2013-03-27 23:00:00+00:00";"2003-06-24 22:00:00+00:00";"13";"67";"44";"2021";"NON";"NON";"67510";"";"";"";"2021-10-06";"103003";""
"67511";"3199";"PLU";"COM";"2008-02-12 23:00:00+00:00";"2001-09-05 22:00:00+00:00";"39";"67";"44";"2021";"NON";"NON";"67511";"";"";"";"2021-10-06";"30233";""
"67514";"1199";"CC";"COM";"2006-06-20 22:00:00+00:00";"2006-03-26 22:00:00+00:00";"19";"67";"44";"2021";"NON";"NON";"67514";"";"";"";"2021-10-06";"24944";""
"67515";"3199";"PLU";"COM";"2009-11-04 23:00:00+00:00";"2005-06-29 22:00:00+00:00";"39";"67";"44";"2021";"NON";"NON";"67515";"";"";"";"2021-10-06";"30239";""
"67516";"3299";"PLUi/PLUiS";"CC";"2019-12-18 23:00:00+00:00";"2015-12-14 23:00:00+00:00";"39";"67";"44";"2021";"NON";"OUI";"246700959";"";"";"";"2021-10-06";"144309";""
"67519";"3299";"PLUi/PLUiS";"MET";"2019-09-26 22:00:00+00:00";"2017-03-02 23:00:00+00:00";"39";"67";"44";"2021";"NON";"OUI";"246700488";"";"";"";"2021-10-06";"155964";""
"67520";"3199";"PLU";"COM";"2013-04-22 22:00:00+00:00";"2009-11-02 23:00:00+00:00";"39";"67";"44";"2021";"NON";"NON";"67520";"";"";"";"2021-10-06";"39828";""
"67521";"3399";"PLUi/PLUiS";"CC";"2019-12-18 23:00:00+00:00";"2015-10-28 23:00:00+00:00";"39";"67";"44";"2021";"OUI";"NON";"200067783";"";"";"";"2021-10-06";"142241";""
"67522";"1199";"CC";"COM";"2004-10-11 22:00:00+00:00";"2002-01-31 23:00:00+00:00";"19";"67";"44";"2021";"NON";"NON";"67522";"";"";"";"2021-10-06";"30269";""
"67523";"3199";"PLU";"COM";"2019-12-04 23:00:00+00:00";"2015-04-22 22:00:00+00:00";"39";"67";"44";"2021";"NON";"NON";"67523";"";"";"";"2021-10-06";"138972";""
"67524";"3399";"PLUi/PLUiS";"CC";"2019-12-18 23:00:00+00:00";"2015-10-28 23:00:00+00:00";"39";"67";"44";"2021";"OUI";"NON";"200067783";"";"";"";"2021-10-06";"142241";""
"67525";"3199";"PLU";"COM";"2014-01-19 23:00:00+00:00";"2011-09-04 22:00:00+00:00";"39";"67";"44";"2021";"NON";"NON";"67525";"";"";"";"2021-10-06";"84964";""
"67526";"3199";"PLU";"COM";"2018-09-03 22:00:00+00:00";"2014-02-03 23:00:00+00:00";"39";"67";"44";"2021";"NON";"NON";"67526";"";"";"";"2021-10-06";"129084";""
"67527";"3199";"PLU";"COM";"2008-09-24 22:00:00+00:00";"2005-09-14 22:00:00+00:00";"39";"67";"44";"2021";"NON";"NON";"67527";"";"";"";"2021-10-06";"28735";""
"67528";"3199";"PLU";"COM";"2009-10-27 23:00:00+00:00";"2001-10-04 22:00:00+00:00";"39";"67";"44";"2021";"NON";"NON";"67528";"";"";"";"2021-10-06";"40083";""
"67530";"3299";"PLUi/PLUiS";"CC";"2019-12-18 23:00:00+00:00";"2015-12-14 23:00:00+00:00";"39";"67";"44";"2021";"NON";"OUI";"246700959";"";"";"";"2021-10-06";"144309";""
"67532";"3299";"PLUi/PLUiS";"CC";"2019-11-13 23:00:00+00:00";"2015-12-09 23:00:00+00:00";"39";"67";"44";"2021";"NON";"OUI";"200034635";"";"";"";"2021-10-06";"153941";""
"67534";"3299";"PLUi/PLUiS";"CC";"2019-12-18 23:00:00+00:00";"2015-12-14 23:00:00+00:00";"39";"67";"44";"2021";"NON";"OUI";"246700959";"";"";"";"2021-10-06";"144309";""
"67535";"3399";"PLUi/PLUiS";"CC";"2020-02-05 23:00:00+00:00";"2015-12-16 23:00:00+00:00";"39";"67";"44";"2021";"OUI";"NON";"200067783";"";"";"";"2021-10-06";"144328";""
"67536";"3299";"PLUi/PLUiS";"CC";"2020-09-20 22:00:00+00:00";"2015-12-13 23:00:00+00:00";"39";"67";"44";"2021";"NON";"OUI";"246701098";"";"";"";"2021-10-06";"144330";""
"67537";"3131";"PLU";"COM";"2006-09-19 22:00:00+00:00";"2002-10-22 22:00:00+00:00";"33";"67";"44";"2021";"NON";"NON";"67537";"";"";"";"2021-10-06";"30301";""
"67538";"3399";"PLUi/PLUiS";"CC";"2020-02-05 23:00:00+00:00";"2015-12-16 23:00:00+00:00";"39";"67";"44";"2021";"OUI";"NON";"67538";"";"";"";"2021-10-06";"144328";""
"67539";"3299";"PLUi/PLUiS";"CC";"2019-12-18 23:00:00+00:00";"2015-12-14 23:00:00+00:00";"39";"67";"44";"2021";"NON";"OUI";"246700959";"";"";"";"2021-10-06";"144309";""
"67540";"3332";"PLUi/PLUiS";"CA";"2016-09-18 22:00:00+00:00";"2010-11-14 23:00:00+00:00";"33";"67";"44";"2021";"OUI";"NON";"67540";"";"";"";"2021-10-06";"49067";""
"67541";"3399";"PLUi/PLUiS";"SI";"2007-12-19 23:00:00+00:00";"2002-06-05 22:00:00+00:00";"39";"67";"44";"2021";"OUI";"NON";"200061794";"";"";"";"2021-10-06";"136775";""
"67542";"3299";"PLUi/PLUiS";"CC";"2019-11-13 23:00:00+00:00";"2015-12-09 23:00:00+00:00";"39";"67";"44";"2021";"NON";"OUI";"200034635";"";"";"";"2021-10-06";"153941";""
"67544";"3299";"PLUi/PLUiS";"CC";"2013-10-06 22:00:00+00:00";"2010-12-19 23:00:00+00:00";"39";"67";"44";"2021";"NON";"OUI";"67544";"";"";"";"2021-10-06";"103182";""
"67545";"3199";"PLU";"COM";"2018-12-17 23:00:00+00:00";"2010-11-21 23:00:00+00:00";"39";"67";"44";"2021";"NON";"NON";"67545";"";"";"";"2021-10-06";"42277";""
"67546";"1432";"CC";"CA";"2012-07-04 22:00:00+00:00";"2003-06-24 22:00:00+00:00";"13";"67";"44";"2021";"NON";"NON";"67546";"";"";"";"2021-10-06";"103007";""
"67548";"3299";"PLUi/PLUiS";"CC";"2019-11-13 23:00:00+00:00";"2015-12-09 23:00:00+00:00";"39";"67";"44";"2021";"NON";"OUI";"200034635";"";"";"";"2021-10-06";"153941";""
"67550";"3199";"PLU";"COM";"2020-11-26 23:00:00+00:00";"2013-12-18 23:00:00+00:00";"39";"67";"44";"2021";"NON";"NON";"67550";"";"";"";"2021-10-06";"107722";""
"67551";"3299";"PLUi/PLUiS";"MET";"2019-09-26 22:00:00+00:00";"2017-03-02 23:00:00+00:00";"39";"67";"44";"2021";"NON";"OUI";"246700488";"";"";"";"2021-10-06";"155964";""
"67552";"1199";"CC";"COM";"2020-05-25 22:00:00+00:00";"2017-12-26 23:00:00+00:00";"19";"67";"44";"2021";"NON";"NON";"67552";"";"";"";"2021-10-06";"171020";""
"67554";"3199";"PLU";"COM";"2011-10-25 22:00:00+00:00";"2006-09-05 22:00:00+00:00";"39";"67";"44";"2021";"NON";"NON";"67554";"";"";"";"2021-10-06";"30332";""
"67555";"1199";"CC";"COM";"2014-08-04 22:00:00+00:00";"2012-12-31 23:00:00+00:00";"19";"67";"44";"2021";"NON";"NON";"67555";"";"";"";"2021-10-06";"123151";""
"67557";"3299";"PLUi/PLUiS";"CC";"2019-12-16 23:00:00+00:00";"2015-11-30 23:00:00+00:00";"39";"67";"44";"2021";"NON";"OUI";"200034270";"";"";"";"2021-10-06";"143058";""
"67558";"3299";"PLUi/PLUiS";"CC";"2020-09-20 22:00:00+00:00";"2015-12-13 23:00:00+00:00";"39";"67";"44";"2021";"NON";"OUI";"246701098";"";"";"";"2021-10-06";"144330";""
"67559";"3399";"PLUi/PLUiS";"CC";"2020-02-05 23:00:00+00:00";"2015-12-16 23:00:00+00:00";"39";"67";"44";"2021";"OUI";"NON";"200067783";"";"";"";"2021-10-06";"144328";""
"68001";"3299";"PLUi/PLUiS";"CC";"2021-05-25 22:00:00+00:00";"2017-03-26 22:00:00+00:00";"39";"68";"44";"2021";"NON";"OUI";"200066025";"";"";"";"2021-10-06";"173036";""
"68004";"3399";"PLUi/PLUiS";"CC";"2019-12-11 23:00:00+00:00";"2014-09-10 22:00:00+00:00";"39";"68";"44";"2021";"OUI";"NON";"200066041";"";"";"";"2021-10-06";"134700";""
"68006";"1199";"CC";"COM";"2006-02-07 23:00:00+00:00";"2002-03-28 23:00:00+00:00";"19";"68";"44";"2021";"NON";"NON";"68006";"";"";"";"2021-10-06";"86636";""
"68008";"3299";"PLUi/PLUiS";"CC";"2021-05-25 22:00:00+00:00";"2017-03-26 22:00:00+00:00";"39";"68";"44";"2021";"NON";"OUI";"200066025";"";"";"";"2021-10-06";"173036";""
"68009";"3299";"PLUi/PLUiS";"CC";"2021-05-25 22:00:00+00:00";"2017-03-26 22:00:00+00:00";"39";"68";"44";"2021";"NON";"OUI";"200066025";"";"";"";"2021-10-06";"173036";""
"68010";"3399";"PLUi/PLUiS";"CC";"2019-12-11 23:00:00+00:00";"2014-09-10 22:00:00+00:00";"39";"68";"44";"2021";"OUI";"NON";"200066041";"";"";"";"2021-10-06";"134700";""
"68012";"3199";"PLU";"COM";"2021-04-19 22:00:00+00:00";"2016-04-04 22:00:00+00:00";"39";"68";"44";"2021";"NON";"NON";"68012";"";"";"";"2021-10-06";"148023";""
"68014";"3199";"PLU";"COM";"2014-01-16 23:00:00+00:00";"2011-02-24 23:00:00+00:00";"39";"68";"44";"2021";"NON";"NON";"68014";"";"";"";"2021-10-06";"92840";""
"68015";"3499";"PLU";"CA";"2017-03-19 23:00:00+00:00";"2015-01-13 23:00:00+00:00";"39";"68";"44";"2021";"NON";"NON";"200066009";"";"";"";"2021-10-06";"136294";""
"68016";"3299";"PLUi/PLUiS";"CC";"2021-05-25 22:00:00+00:00";"2017-03-26 22:00:00+00:00";"39";"68";"44";"2021";"NON";"OUI";"200066025";"";"";"";"2021-10-06";"173036";""
"68017";"3131";"PLU";"COM";"2006-11-09 23:00:00+00:00";"1997-05-14 22:00:00+00:00";"33";"68";"44";"2021";"NON";"NON";"68017";"";"";"";"2021-10-06";"54100";""
"68018";"3199";"PLU";"COM";"2007-02-01 23:00:00+00:00";"2004-07-01 22:00:00+00:00";"39";"68";"44";"2021";"NON";"NON";"68018";"";"";"";"2021-10-06";"54101";""
"68019";"3299";"PLUi/PLUiS";"CC";"2021-05-25 22:00:00+00:00";"2017-03-26 22:00:00+00:00";"39";"68";"44";"2021";"NON";"OUI";"200066025";"";"";"";"2021-10-06";"173036";""
"68020";"3434";"PLU";"CA";"2010-09-20 22:00:00+00:00";"2006-07-03 22:00:00+00:00";"33";"68";"44";"2021";"NON";"NON";"200066009";"";"";"";"2021-10-06";"54085";""
"68021";"3199";"PLU";"COM";"2014-02-16 23:00:00+00:00";"2010-07-05 22:00:00+00:00";"39";"68";"44";"2021";"NON";"NON";"68021";"";"";"";"2021-10-06";"62951";""
"68022";"3499";"PLU";"CA";"2019-12-16 23:00:00+00:00";"2016-11-07 23:00:00+00:00";"39";"68";"44";"2021";"NON";"NON";"200066009";"";"";"";"2021-10-06";"154456";""
"68023";"3199";"PLU";"COM";"2014-09-28 22:00:00+00:00";"2009-09-20 22:00:00+00:00";"39";"68";"44";"2021";"NON";"NON";"68023";"";"";"";"2021-10-06";"54087";""
"68024";"1111";"CC";"COM";"2005-06-21 22:00:00+00:00";"2002-06-17 22:00:00+00:00";"11";"68";"44";"2021";"NON";"NON";"68024";"";"";"";"2021-10-06";"65508";""
"68026";"3131";"PLU";"COM";"2011-12-18 23:00:00+00:00";"2009-06-21 22:00:00+00:00";"33";"68";"44";"2021";"NON";"NON";"68026";"";"";"";"2021-10-06";"93126";""
"68028";"3199";"PLU";"COM";"2019-10-27 23:00:00+00:00";"2014-12-14 23:00:00+00:00";"39";"68";"44";"2021";"NON";"NON";"68028";"";"";"";"2021-10-06";"134471";""
"68029";"3434";"PLU";"CC";"2003-07-02 22:00:00+00:00";"1999-02-24 23:00:00+00:00";"33";"68";"44";"2021";"NON";"NON";"246800569";"";"";"";"2021-10-06";"54102";""
"68032";"3499";"PLU";"CA";"2004-05-27 22:00:00+00:00";"2001-06-04 22:00:00+00:00";"39";"68";"44";"2021";"NON";"NON";"200066009";"";"";"";"2021-10-06";"54088";""
"68033";"1499";"CC";"CC";"2005-09-01 22:00:00+00:00";"2002-03-06 23:00:00+00:00";"19";"68";"44";"2021";"NON";"NON";"200066041";"";"";"";"2021-10-06";"69858";""
"68036";"3299";"PLUi/PLUiS";"CC";"2021-05-25 22:00:00+00:00";"2017-03-26 22:00:00+00:00";"39";"68";"44";"2021";"NON";"OUI";"200066025";"";"";"";"2021-10-06";"173036";""
"68037";"3299";"PLUi/PLUiS";"CC";"2019-12-22 23:00:00+00:00";"2015-10-26 23:00:00+00:00";"39";"68";"44";"2021";"NON";"OUI";"246800445";"";"";"";"2021-10-06";"144986";""
"68038";"3199";"PLU";"COM";"2020-03-08 23:00:00+00:00";"2014-11-16 23:00:00+00:00";"39";"68";"44";"2021";"NON";"NON";"68038";"";"";"";"2021-10-06";"135249";""
"68039";"3499";"PLU";"CC";"2012-10-07 22:00:00+00:00";"2001-10-21 22:00:00+00:00";"39";"68";"44";"2021";"NON";"NON";"200066041";"";"";"";"2021-10-06";"50090";""
"68040";"3199";"PLU";"COM";"2017-06-07 22:00:00+00:00";"2014-11-11 23:00:00+00:00";"39";"68";"44";"2021";"NON";"NON";"68040";"";"";"";"2021-10-06";"133457";""
"68041";"3299";"PLUi/PLUiS";"CC";"2021-05-25 22:00:00+00:00";"2017-03-26 22:00:00+00:00";"39";"68";"44";"2021";"NON";"OUI";"200066025";"";"";"";"2021-10-06";"173036";""
"68042";"3131";"PLU";"COM";"2005-06-29 22:00:00+00:00";"2001-11-29 23:00:00+00:00";"33";"68";"44";"2021";"NON";"NON";"68042";"";"";"";"2021-10-06";"54090";""
"68043";"3499";"PLU";"CA";"2019-11-05 23:00:00+00:00";"2015-06-23 22:00:00+00:00";"39";"68";"44";"2021";"NON";"NON";"200066009";"";"";"";"2021-10-06";"140729";""
"68045";"3131";"PLU";"COM";"2005-07-11 22:00:00+00:00";"1984-08-05 22:00:00+00:00";"33";"68";"44";"2021";"NON";"NON";"68045";"";"";"";"2021-10-06";"56977";""
"68046";"3199";"PLU";"COM";"2014-05-05 22:00:00+00:00";"2012-03-28 22:00:00+00:00";"39";"68";"44";"2021";"NON";"NON";"68046";"";"";"";"2021-10-06";"106213";""
"68051";"3131";"PLU";"COM";"2007-06-03 22:00:00+00:00";"2003-12-10 23:00:00+00:00";"33";"68";"44";"2021";"NON";"NON";"68051";"";"";"";"2021-10-06";"54092";""
"68052";"1199";"CC";"COM";"2008-09-07 22:00:00+00:00";"2005-09-27 22:00:00+00:00";"19";"68";"44";"2021";"NON";"NON";"68052";"";"";"";"2021-10-06";"69859";""
"68054";"3199";"PLU";"COM";"2019-05-20 22:00:00+00:00";"2014-11-03 23:00:00+00:00";"39";"68";"44";"2021";"NON";"NON";"68054";"";"";"";"2021-10-06";"134705";""
"68055";"3434";"PLU";"CA";"2005-06-23 22:00:00+00:00";"2002-03-21 23:00:00+00:00";"33";"68";"44";"2021";"NON";"NON";"200066009";"";"";"";"2021-10-06";"52242";""
"68056";"3434";"PLU";"CA";"2018-03-21 23:00:00+00:00";"2014-09-22 22:00:00+00:00";"33";"68";"44";"2021";"NON";"NON";"200066009";"";"";"";"2021-10-06";"133534";""
"68058";"3499";"PLU";"CC";"2017-09-10 22:00:00+00:00";"2012-08-12 22:00:00+00:00";"39";"68";"44";"2021";"NON";"NON";"246800569";"";"";"";"2021-10-06";"64109";""
"68059";"3432";"PLU";"CC";"2005-06-21 22:00:00+00:00";"1996-10-21 22:00:00+00:00";"33";"68";"44";"2021";"NON";"NON";"68059";"";"";"";"2021-10-06";"56338";""
"68060";"3432";"PLU";"CC";"2007-12-10 23:00:00+00:00";"2001-12-03 23:00:00+00:00";"33";"68";"44";"2021";"NON";"NON";"68060";"";"";"";"2021-10-06";"54093";""
"68061";"3199";"PLU";"COM";"2015-03-08 23:00:00+00:00";"2011-06-29 22:00:00+00:00";"39";"68";"44";"2021";"NON";"NON";"68061";"";"";"";"2021-10-06";"102402";""
"68062";"3399";"PLUi/PLUiS";"CC";"2019-12-11 23:00:00+00:00";"2014-09-10 22:00:00+00:00";"39";"68";"44";"2021";"OUI";"NON";"200066041";"";"";"";"2021-10-06";"134700";""
"68063";"3199";"PLU";"COM";"2018-06-21 22:00:00+00:00";"2014-10-26 23:00:00+00:00";"39";"68";"44";"2021";"NON";"NON";"68063";"";"";"";"2021-10-06";"133393";""
"68064";"3434";"PLU";"CA";"2006-01-25 23:00:00+00:00";"2003-02-26 23:00:00+00:00";"33";"68";"44";"2021";"NON";"NON";"200066009";"";"";"";"2021-10-06";"54094";""
"68065";"1199";"CC";"COM";"2006-06-27 22:00:00+00:00";"2001-11-15 23:00:00+00:00";"19";"68";"44";"2021";"NON";"NON";"68065";"";"";"";"2021-10-06";"69860";""
"68066";"3199";"PLU";"COM";"2017-03-26 22:00:00+00:00";"2013-04-28 22:00:00+00:00";"39";"68";"44";"2021";"NON";"NON";"68066";"";"";"";"2021-10-06";"121797";""
"68067";"3499";"PLU";"CC";"2013-01-23 23:00:00+00:00";"2006-05-03 22:00:00+00:00";"39";"68";"44";"2021";"NON";"NON";"200066041";"";"";"";"2021-10-06";"64111";""
"68068";"3199";"PLU";"COM";"2007-03-27 22:00:00+00:00";"2001-11-11 23:00:00+00:00";"39";"68";"44";"2021";"NON";"NON";"68068";"";"";"";"2021-10-06";"54095";""
"68069";"3299";"PLUi/PLUiS";"CC";"2021-05-25 22:00:00+00:00";"2017-03-26 22:00:00+00:00";"39";"68";"44";"2021";"NON";"OUI";"200066025";"";"";"";"2021-10-06";"173036";""
"68071";"1131";"CC";"COM";"2012-11-15 23:00:00+00:00";"2012-02-02 23:00:00+00:00";"13";"68";"44";"2021";"NON";"NON";"68071";"";"";"";"2021-10-06";"104692";""
"68072";"3499";"PLU";"CA";"2019-04-10 22:00:00+00:00";"2014-11-12 23:00:00+00:00";"39";"68";"44";"2021";"NON";"NON";"200066009";"";"";"";"2021-10-06";"133746";""
"68074";"1499";"CC";"CC";"2006-02-05 23:00:00+00:00";"2003-07-06 22:00:00+00:00";"19";"68";"44";"2021";"NON";"NON";"200066041";"";"";"";"2021-10-06";"69861";""
"68076";"3299";"PLUi/PLUiS";"CC";"2021-05-25 22:00:00+00:00";"2017-03-26 22:00:00+00:00";"39";"68";"44";"2021";"NON";"OUI";"200066025";"";"";"";"2021-10-06";"173036";""
"68078";"3199";"PLU";"COM";"2019-01-29 23:00:00+00:00";"2015-06-15 22:00:00+00:00";"39";"68";"44";"2021";"NON";"NON";"68078";"";"";"";"2021-10-06";"139719";""
"68079";"1199";"CC";"COM";"2006-10-26 22:00:00+00:00";"2002-10-30 23:00:00+00:00";"19";"68";"44";"2021";"NON";"NON";"68079";"";"";"";"2021-10-06";"69862";""
"68080";"1499";"CC";"CC";"2004-03-08 23:00:00+00:00";"2001-04-01 22:00:00+00:00";"19";"68";"44";"2021";"NON";"NON";"200066041";"";"";"";"2021-10-06";"69863";""
"68081";"3333";"PLUi/PLUiS";"CC";"2007-05-23 22:00:00+00:00";"1993-08-22 22:00:00+00:00";"33";"68";"44";"2021";"OUI";"NON";"200066041";"";"";"";"2021-10-06";"71189";""
"68082";"3299";"PLUi/PLUiS";"CC";"2019-12-22 23:00:00+00:00";"2015-10-26 23:00:00+00:00";"39";"68";"44";"2021";"NON";"OUI";"246800445";"";"";"";"2021-10-06";"144986";""
"68084";"3499";"PLU";"CA";"2014-02-27 23:00:00+00:00";"2011-02-17 23:00:00+00:00";"39";"68";"44";"2021";"NON";"NON";"200066009";"";"";"";"2021-10-06";"93797";""
"68085";"1199";"CC";"COM";"2004-12-29 23:00:00+00:00";"2003-03-20 23:00:00+00:00";"19";"68";"44";"2021";"NON";"NON";"68085";"";"";"";"2021-10-06";"69864";""
"68088";"3499";"PLU";"CA";"2021-06-27 22:00:00+00:00";"2015-12-17 23:00:00+00:00";"39";"68";"44";"2021";"NON";"NON";"200066009";"";"";"";"2021-10-06";"144232";""
"68089";"3299";"PLUi/PLUiS";"CC";"2019-03-13 23:00:00+00:00";"2009-09-21 22:00:00+00:00";"39";"68";"44";"2021";"NON";"OUI";"68089";"";"";"";"2021-10-06";"102218";""
"68091";"3299";"PLUi/PLUiS";"CC";"2021-05-25 22:00:00+00:00";"2017-03-26 22:00:00+00:00";"39";"68";"44";"2021";"NON";"OUI";"200066025";"";"";"";"2021-10-06";"173036";""
"68093";"3499";"PLU";"CA";"2014-06-17 22:00:00+00:00";"2008-05-20 22:00:00+00:00";"39";"68";"44";"2021";"NON";"NON";"200066009";"";"";"";"2021-10-06";"62957";""
"68095";"3199";"PLU";"COM";"2014-02-16 23:00:00+00:00";"2009-12-09 23:00:00+00:00";"39";"68";"44";"2021";"NON";"NON";"68095";"";"";"";"2021-10-06";"62958";""
"68096";"1414";"CC";"CC";"2009-02-01 23:00:00+00:00";"2005-05-10 22:00:00+00:00";"11";"68";"44";"2021";"NON";"NON";"200066041";"";"";"";"2021-10-06";"69865";""
"68098";"1199";"CC";"COM";"2012-04-15 22:00:00+00:00";"2008-07-30 22:00:00+00:00";"19";"68";"44";"2021";"NON";"NON";"68098";"";"";"";"2021-10-06";"94970";""
"68099";"3333";"PLUi/PLUiS";"CC";"2007-05-23 22:00:00+00:00";"1993-08-22 22:00:00+00:00";"33";"68";"44";"2021";"OUI";"NON";"200066041";"";"";"";"2021-10-06";"71189";""
"68100";"1199";"CC";"COM";"2004-12-29 23:00:00+00:00";"2002-08-30 22:00:00+00:00";"19";"68";"44";"2021";"NON";"NON";"68100";"";"";"";"2021-10-06";"69866";""
"68101";"3499";"PLU";"CA";"2019-12-26 23:00:00+00:00";"2014-11-30 23:00:00+00:00";"39";"68";"44";"2021";"NON";"NON";"200066009";"";"";"";"2021-10-06";"134720";""
"68102";"3299";"PLUi/PLUiS";"CC";"2019-03-13 23:00:00+00:00";"2009-09-21 22:00:00+00:00";"39";"68";"44";"2021";"NON";"OUI";"68102";"";"";"";"2021-10-06";"102218";""
"68104";"3299";"PLUi/PLUiS";"CC";"2021-05-25 22:00:00+00:00";"2017-03-26 22:00:00+00:00";"39";"68";"44";"2021";"NON";"OUI";"200066025";"";"";"";"2021-10-06";"173036";""
"68105";"3199";"PLU";"COM";"2007-01-25 23:00:00+00:00";"2004-03-29 22:00:00+00:00";"39";"68";"44";"2021";"NON";"NON";"68105";"";"";"";"2021-10-06";"54118";""
"68106";"3299";"PLUi/PLUiS";"CC";"2019-03-13 23:00:00+00:00";"2009-09-21 22:00:00+00:00";"39";"68";"44";"2021";"NON";"OUI";"68106";"";"";"";"2021-10-06";"102218";""
"68109";"3199";"PLU";"COM";"2013-09-23 22:00:00+00:00";"2009-05-04 22:00:00+00:00";"39";"68";"44";"2021";"NON";"NON";"68109";"";"";"";"2021-10-06";"62962";""
"68110";"3199";"PLU";"COM";"2008-01-17 23:00:00+00:00";"2003-11-13 23:00:00+00:00";"39";"68";"44";"2021";"NON";"NON";"68110";"";"";"";"2021-10-06";"54108";""
"68111";"3199";"PLU";"COM";"2017-02-12 23:00:00+00:00";"2014-09-14 22:00:00+00:00";"39";"68";"44";"2021";"NON";"NON";"68111";"";"";"";"2021-10-06";"132380";""
"68112";"3499";"PLU";"CC";"2017-12-05 23:00:00+00:00";"2014-09-16 22:00:00+00:00";"39";"68";"44";"2021";"NON";"NON";"246800569";"";"";"";"2021-10-06";"132156";""
"68113";"3199";"PLU";"COM";"2015-11-22 23:00:00+00:00";"2012-10-07 22:00:00+00:00";"39";"68";"44";"2021";"NON";"NON";"68113";"";"";"";"2021-10-06";"104960";""
"68114";"1199";"CC";"COM";"2005-06-05 22:00:00+00:00";"2002-08-08 22:00:00+00:00";"19";"68";"44";"2021";"NON";"NON";"68114";"";"";"";"2021-10-06";"69867";""
"68116";"3199";"PLU";"COM";"2018-10-14 22:00:00+00:00";"2015-05-28 22:00:00+00:00";"39";"68";"44";"2021";"NON";"NON";"68116";"";"";"";"2021-10-06";"139464";""
"68117";"3199";"PLU";"COM";"2017-09-14 22:00:00+00:00";"2015-11-26 23:00:00+00:00";"39";"68";"44";"2021";"NON";"NON";"68117";"";"";"";"2021-10-06";"144388";""
"68118";"3499";"PLU";"CA";"2018-02-14 23:00:00+00:00";"2011-04-13 22:00:00+00:00";"39";"68";"44";"2021";"NON";"NON";"200066009";"";"";"";"2021-10-06";"104942";""
"68119";"3131";"PLU";"COM";"2006-01-29 23:00:00+00:00";"2004-03-24 23:00:00+00:00";"33";"68";"44";"2021";"NON";"NON";"68119";"";"";"";"2021-10-06";"54121";""
"68120";"3199";"PLU";"COM";"2019-12-18 23:00:00+00:00";"2015-12-09 23:00:00+00:00";"39";"68";"44";"2021";"NON";"NON";"68120";"";"";"";"2021-10-06";"148819";""
"68121";"3199";"PLU";"COM";"2009-03-18 23:00:00+00:00";"2006-11-15 23:00:00+00:00";"39";"68";"44";"2021";"NON";"NON";"68121";"";"";"";"2021-10-06";"54110";""
"68123";"3199";"PLU";"COM";"2019-02-10 23:00:00+00:00";"2015-02-09 23:00:00+00:00";"39";"68";"44";"2021";"NON";"NON";"68123";"";"";"";"2021-10-06";"137292";""
"68124";"3499";"PLU";"CC";"2013-06-13 22:00:00+00:00";"2005-04-14 22:00:00+00:00";"39";"68";"44";"2021";"NON";"NON";"200066041";"";"";"";"2021-10-06";"50091";""
"68125";"1199";"CC";"COM";"2015-10-01 22:00:00+00:00";"2013-04-24 22:00:00+00:00";"19";"68";"44";"2021";"NON";"NON";"68125";"";"";"";"2021-10-06";"121760";""
"68127";"3333";"PLUi/PLUiS";"CC";"2007-05-23 22:00:00+00:00";"1993-08-22 22:00:00+00:00";"33";"68";"44";"2021";"OUI";"NON";"200066041";"";"";"";"2021-10-06";"71189";""
"68128";"3399";"PLUi/PLUiS";"CC";"2019-12-11 23:00:00+00:00";"2014-09-10 22:00:00+00:00";"39";"68";"44";"2021";"OUI";"NON";"200066041";"";"";"";"2021-10-06";"134700";""
"68130";"3299";"PLUi/PLUiS";"CC";"2021-05-25 22:00:00+00:00";"2017-03-26 22:00:00+00:00";"39";"68";"44";"2021";"NON";"OUI";"200066025";"";"";"";"2021-10-06";"173036";""
"68132";"3199";"PLU";"COM";"2017-12-18 23:00:00+00:00";"2014-10-06 22:00:00+00:00";"39";"68";"44";"2021";"NON";"NON";"68132";"";"";"";"2021-10-06";"133052";""
"68134";"3131";"PLU";"COM";"2010-11-16 23:00:00+00:00";"2005-11-01 23:00:00+00:00";"33";"68";"44";"2021";"NON";"NON";"68134";"";"";"";"2021-10-06";"54113";""
"68135";"3131";"PLU";"COM";"2008-02-24 23:00:00+00:00";"2002-09-05 22:00:00+00:00";"33";"68";"44";"2021";"NON";"NON";"68135";"";"";"";"2021-10-06";"54114";""
"68136";"3299";"PLUi/PLUiS";"CC";"2021-05-25 22:00:00+00:00";"2017-03-26 22:00:00+00:00";"39";"68";"44";"2021";"NON";"OUI";"200066025";"";"";"";"2021-10-06";"173036";""
"68137";"3199";"PLU";"COM";"2014-10-30 23:00:00+00:00";"2011-02-17 23:00:00+00:00";"39";"68";"44";"2021";"NON";"NON";"68137";"";"";"";"2021-10-06";"95710";""
"68138";"3399";"PLUi/PLUiS";"CC";"2019-12-11 23:00:00+00:00";"2014-09-10 22:00:00+00:00";"39";"68";"44";"2021";"OUI";"NON";"200066041";"";"";"";"2021-10-06";"134700";""
"68139";"3399";"PLUi/PLUiS";"CC";"2019-12-11 23:00:00+00:00";"2014-09-10 22:00:00+00:00";"39";"68";"44";"2021";"OUI";"NON";"200066041";"";"";"";"2021-10-06";"134700";""
"68140";"3299";"PLUi/PLUiS";"CC";"2021-05-25 22:00:00+00:00";"2017-03-26 22:00:00+00:00";"39";"68";"44";"2021";"NON";"OUI";"200066025";"";"";"";"2021-10-06";"173036";""
"68141";"3333";"PLUi/PLUiS";"CC";"2007-05-23 22:00:00+00:00";"1993-08-22 22:00:00+00:00";"33";"68";"44";"2021";"OUI";"NON";"200066041";"";"";"";"2021-10-06";"71189";""
"68143";"3131";"PLU";"COM";"2013-01-23 23:00:00+00:00";"2008-05-12 22:00:00+00:00";"33";"68";"44";"2021";"NON";"NON";"68143";"";"";"";"2021-10-06";"62123";""
"68144";"3499";"PLU";"CA";"2003-10-29 23:00:00+00:00";"1990-12-06 23:00:00+00:00";"39";"68";"44";"2021";"NON";"NON";"200066009";"";"";"";"2021-10-06";"52250";""
"68145";"3131";"PLU";"COM";"2012-01-15 23:00:00+00:00";"2008-11-09 23:00:00+00:00";"33";"68";"44";"2021";"NON";"NON";"68145";"";"";"";"2021-10-06";"95770";""
"68146";"3199";"PLU";"COM";"2006-01-05 23:00:00+00:00";"1996-09-08 22:00:00+00:00";"39";"68";"44";"2021";"NON";"NON";"68146";"";"";"";"2021-10-06";"54116";""
"68148";"1499";"CC";"CC";"2007-02-04 23:00:00+00:00";"2006-03-09 23:00:00+00:00";"19";"68";"44";"2021";"NON";"NON";"200066041";"";"";"";"2021-10-06";"69870";""
"68149";"3199";"PLU";"COM";"2020-07-01 22:00:00+00:00";"2017-06-28 22:00:00+00:00";"39";"68";"44";"2021";"NON";"NON";"68149";"";"";"";"2021-10-06";"157027";""
"68151";"3299";"PLUi/PLUiS";"CC";"2019-03-13 23:00:00+00:00";"2009-09-21 22:00:00+00:00";"39";"68";"44";"2021";"NON";"OUI";"68151";"";"";"";"2021-10-06";"102218";""
"68152";"3333";"PLUi/PLUiS";"CC";"2007-05-23 22:00:00+00:00";"1993-08-22 22:00:00+00:00";"33";"68";"44";"2021";"OUI";"NON";"200066041";"";"";"";"2021-10-06";"71189";""
"68153";"3199";"PLU";"COM";"2017-06-05 22:00:00+00:00";"2014-11-23 23:00:00+00:00";"39";"68";"44";"2021";"NON";"NON";"68153";"";"";"";"2021-10-06";"133788";""
"68154";"3434";"PLU";"CA";"2014-06-19 22:00:00+00:00";"2011-04-17 22:00:00+00:00";"33";"68";"44";"2021";"NON";"NON";"200066009";"";"";"";"2021-10-06";"95805";""
"68155";"3199";"PLU";"COM";"2017-01-31 23:00:00+00:00";"2015-02-03 23:00:00+00:00";"39";"68";"44";"2021";"NON";"NON";"68155";"";"";"";"2021-10-06";"142676";""
"68156";"3434";"PLU";"CC";"2006-07-04 22:00:00+00:00";"2001-09-20 22:00:00+00:00";"33";"68";"44";"2021";"NON";"NON";"246800569";"";"";"";"2021-10-06";"54126";""
"68158";"1499";"CC";"CC";"2005-10-20 22:00:00+00:00";"2003-06-30 22:00:00+00:00";"19";"68";"44";"2021";"NON";"NON";"200066041";"";"";"";"2021-10-06";"69871";""
"68160";"3199";"PLU";"COM";"2017-07-02 22:00:00+00:00";"2014-11-30 23:00:00+00:00";"39";"68";"44";"2021";"NON";"NON";"68160";"";"";"";"2021-10-06";"132211";""
"68161";"3432";"PLU";"CC";"2007-02-21 23:00:00+00:00";"2001-11-12 23:00:00+00:00";"33";"68";"44";"2021";"NON";"NON";"246800551";"";"";"";"2021-10-06";"54123";""
"68162";"3432";"PLU";"CC";"2013-12-01 23:00:00+00:00";"2007-07-08 22:00:00+00:00";"33";"68";"44";"2021";"NON";"NON";"246800551";"";"";"";"2021-10-06";"95884";""
"68163";"3199";"PLU";"COM";"2019-11-11 23:00:00+00:00";"2014-07-06 22:00:00+00:00";"39";"68";"44";"2021";"NON";"NON";"68163";"";"";"";"2021-10-06";"131430";""
"68166";"3499";"PLU";"CA";"2016-02-23 23:00:00+00:00";"2010-04-27 22:00:00+00:00";"39";"68";"44";"2021";"NON";"NON";"200066009";"";"";"";"2021-10-06";"95916";""
"68167";"3432";"PLU";"CC";"2003-01-30 23:00:00+00:00";"2000-03-30 22:00:00+00:00";"33";"68";"44";"2021";"NON";"NON";"68167";"";"";"";"2021-10-06";"54127";""
"68168";"3199";"PLU";"COM";"2019-03-10 23:00:00+00:00";"2015-11-29 23:00:00+00:00";"39";"68";"44";"2021";"NON";"NON";"68168";"";"";"";"2021-10-06";"144310";""
"68169";"3434";"PLU";"CC";"2006-10-08 22:00:00+00:00";"2002-05-02 22:00:00+00:00";"33";"68";"44";"2021";"NON";"NON";"200066041";"";"";"";"2021-10-06";"54137";""
"68171";"3299";"PLUi/PLUiS";"CC";"2019-03-13 23:00:00+00:00";"2009-09-21 22:00:00+00:00";"39";"68";"44";"2021";"NON";"OUI";"68171";"";"";"";"2021-10-06";"102218";""
"68172";"3299";"PLUi/PLUiS";"CC";"2021-05-25 22:00:00+00:00";"2017-03-26 22:00:00+00:00";"39";"68";"44";"2021";"NON";"OUI";"200066025";"";"";"";"2021-10-06";"173036";""
"68175";"3432";"PLU";"CC";"2004-10-04 22:00:00+00:00";"2000-11-09 23:00:00+00:00";"33";"68";"44";"2021";"NON";"NON";"246800551";"";"";"";"2021-10-06";"54128";""
"68176";"1199";"CC";"COM";"2009-05-18 22:00:00+00:00";"2008-05-26 22:00:00+00:00";"19";"68";"44";"2021";"NON";"NON";"68176";"";"";"";"2021-10-06";"69872";""
"68177";"3499";"PLU";"CC";"2017-10-24 22:00:00+00:00";"2011-06-14 22:00:00+00:00";"39";"68";"44";"2021";"NON";"NON";"246800569";"";"";"";"2021-10-06";"104930";""
"68178";"3434";"PLU";"CC";"2006-10-22 22:00:00+00:00";"2001-05-27 22:00:00+00:00";"33";"68";"44";"2021";"NON";"NON";"246800569";"";"";"";"2021-10-06";"54138";""
"68180";"3131";"PLU";"COM";"2010-07-01 22:00:00+00:00";"1990-11-15 23:00:00+00:00";"33";"68";"44";"2021";"NON";"NON";"68180";"";"";"";"2021-10-06";"54139";""
"68181";"3499";"PLU";"CC";"2017-06-21 22:00:00+00:00";"2015-03-30 22:00:00+00:00";"39";"68";"44";"2021";"NON";"NON";"200066041";"";"";"";"2021-10-06";"138942";""
"68183";"3131";"PLU";"COM";"2006-03-20 23:00:00+00:00";"2002-03-11 23:00:00+00:00";"33";"68";"44";"2021";"NON";"NON";"68183";"";"";"";"2021-10-06";"54140";""
"68184";"1499";"CC";"CC";"2005-10-12 22:00:00+00:00";"2001-07-09 22:00:00+00:00";"19";"68";"44";"2021";"NON";"NON";"200066041";"";"";"";"2021-10-06";"69873";""
"68185";"3432";"PLU";"CC";"2003-09-22 22:00:00+00:00";"1999-03-25 23:00:00+00:00";"33";"68";"44";"2021";"NON";"NON";"68185";"";"";"";"2021-10-06";"54130";""
"68188";"3499";"PLU";"CC";"2003-04-28 22:00:00+00:00";"1973-05-02 23:00:00+00:00";"39";"68";"44";"2021";"NON";"NON";"246800569";"";"";"";"2021-10-06";"54141";""
"68189";"3299";"PLUi/PLUiS";"CC";"2021-05-25 22:00:00+00:00";"2017-03-26 22:00:00+00:00";"39";"68";"44";"2021";"NON";"OUI";"200066025";"";"";"";"2021-10-06";"173036";""
"68191";"3333";"PLUi/PLUiS";"CC";"2007-05-23 22:00:00+00:00";"1993-08-22 22:00:00+00:00";"33";"68";"44";"2021";"OUI";"NON";"200066041";"";"";"";"2021-10-06";"71189";""
"68192";"1111";"CC";"COM";"2004-08-03 22:00:00+00:00";"2001-12-17 23:00:00+00:00";"11";"68";"44";"2021";"NON";"NON";"68192";"";"";"";"2021-10-06";"65509";""
"68193";"3199";"PLU";"COM";"2017-03-23 23:00:00+00:00";"2015-01-15 23:00:00+00:00";"39";"68";"44";"2021";"NON";"NON";"68193";"";"";"";"2021-10-06";"132652";""
"68194";"1499";"CC";"CC";"2005-12-22 23:00:00+00:00";"2003-05-15 22:00:00+00:00";"19";"68";"44";"2021";"NON";"NON";"200066041";"";"";"";"2021-10-06";"69874";""
"68195";"3499";"PLU";"CA";"2013-05-12 22:00:00+00:00";"1999-12-19 23:00:00+00:00";"39";"68";"44";"2021";"NON";"NON";"200066009";"";"";"";"2021-10-06";"62971";""
"68196";"1199";"CC";"COM";"2003-07-15 22:00:00+00:00";"2001-10-25 22:00:00+00:00";"19";"68";"44";"2021";"NON";"NON";"68196";"";"";"";"2021-10-06";"70402";""
"68197";"3199";"PLU";"COM";"2019-12-15 23:00:00+00:00";"2016-07-31 22:00:00+00:00";"39";"68";"44";"2021";"NON";"NON";"68197";"";"";"";"2021-10-06";"154451";""
"68198";"1199";"CC";"COM";"2011-11-21 23:00:00+00:00";"2008-05-25 22:00:00+00:00";"19";"68";"44";"2021";"NON";"NON";"68198";"";"";"";"2021-10-06";"65741";""
"68199";"3299";"PLUi/PLUiS";"CC";"2019-03-13 23:00:00+00:00";"2009-09-21 22:00:00+00:00";"39";"68";"44";"2021";"NON";"OUI";"68199";"";"";"";"2021-10-06";"102218";""
"68200";"3199";"PLU";"COM";"2007-04-16 22:00:00+00:00";"2004-03-25 23:00:00+00:00";"39";"68";"44";"2021";"NON";"NON";"68200";"";"";"";"2021-10-06";"56980";""
"68201";"3432";"PLU";"CC";"2009-04-15 22:00:00+00:00";"2000-12-14 23:00:00+00:00";"33";"68";"44";"2021";"NON";"NON";"68201";"";"";"";"2021-10-06";"54133";""
"68202";"1199";"CC";"COM";"2004-12-29 23:00:00+00:00";"2003-11-12 23:00:00+00:00";"19";"68";"44";"2021";"NON";"NON";"68202";"";"";"";"2021-10-06";"69875";""
"68203";"3434";"PLU";"CC";"2005-06-06 22:00:00+00:00";"1998-06-24 22:00:00+00:00";"33";"68";"44";"2021";"NON";"NON";"246800569";"";"";"";"2021-10-06";"54134";""
"68204";"3199";"PLU";"COM";"2014-11-04 23:00:00+00:00";"2011-08-30 22:00:00+00:00";"39";"68";"44";"2021";"NON";"NON";"68204";"";"";"";"2021-10-06";"104931";""
"68205";"3299";"PLUi/PLUiS";"CC";"2019-12-22 23:00:00+00:00";"2015-10-26 23:00:00+00:00";"39";"68";"44";"2021";"NON";"OUI";"246800445";"";"";"";"2021-10-06";"144986";""
"68207";"3199";"PLU";"COM";"2016-10-12 22:00:00+00:00";"2011-03-15 23:00:00+00:00";"39";"68";"44";"2021";"NON";"NON";"68207";"";"";"";"2021-10-06";"96191";""
"68208";"3199";"PLU";"COM";"2004-12-09 23:00:00+00:00";"1991-11-21 23:00:00+00:00";"39";"68";"44";"2021";"NON";"NON";"68208";"";"";"";"2021-10-06";"56982";""
"68211";"3299";"PLUi/PLUiS";"CC";"2019-03-13 23:00:00+00:00";"2009-09-21 22:00:00+00:00";"39";"68";"44";"2021";"NON";"OUI";"68211";"";"";"";"2021-10-06";"102218";""
"68213";"3299";"PLUi/PLUiS";"CC";"2019-03-13 23:00:00+00:00";"2009-09-21 22:00:00+00:00";"39";"68";"44";"2021";"NON";"OUI";"68213";"";"";"";"2021-10-06";"102218";""
"68214";"1199";"CC";"COM";"2005-03-05 23:00:00+00:00";"2002-02-10 23:00:00+00:00";"19";"68";"44";"2021";"NON";"NON";"68214";"";"";"";"2021-10-06";"70361";""
"68216";"3199";"PLU";"COM";"2017-03-09 23:00:00+00:00";"2014-09-29 22:00:00+00:00";"39";"68";"44";"2021";"NON";"NON";"68216";"";"";"";"2021-10-06";"133535";""
"68217";"3299";"PLUi/PLUiS";"CC";"2019-03-13 23:00:00+00:00";"2009-09-21 22:00:00+00:00";"39";"68";"44";"2021";"NON";"OUI";"68217";"";"";"";"2021-10-06";"102218";""
"68218";"3499";"PLU";"CA";"2019-09-24 22:00:00+00:00";"2016-10-18 22:00:00+00:00";"39";"68";"44";"2021";"NON";"NON";"200066009";"";"";"";"2021-10-06";"168512";""
"68222";"3433";"PLU";"CC";"2013-06-19 22:00:00+00:00";"2011-07-19 22:00:00+00:00";"33";"68";"44";"2021";"NON";"NON";"200066041";"";"";"";"2021-10-06";"96244";""
"68224";"3499";"PLU";"CA";"2019-09-24 22:00:00+00:00";"2015-05-31 22:00:00+00:00";"39";"68";"44";"2021";"NON";"NON";"200066009";"";"";"";"2021-10-06";"137870";""
"68225";"3299";"PLUi/PLUiS";"CC";"2021-05-25 22:00:00+00:00";"2017-03-26 22:00:00+00:00";"39";"68";"44";"2021";"NON";"OUI";"200066025";"";"";"";"2021-10-06";"173036";""
"68228";"3299";"PLUi/PLUiS";"CC";"2019-12-22 23:00:00+00:00";"2015-10-26 23:00:00+00:00";"39";"68";"44";"2021";"NON";"OUI";"246800445";"";"";"";"2021-10-06";"144986";""
"68229";"1499";"CC";"CC";"2004-03-08 23:00:00+00:00";"2001-04-01 22:00:00+00:00";"19";"68";"44";"2021";"NON";"NON";"246800569";"";"";"";"2021-10-06";"70362";""
"68230";"3299";"PLUi/PLUiS";"CC";"2021-05-25 22:00:00+00:00";"2017-03-26 22:00:00+00:00";"39";"68";"44";"2021";"NON";"OUI";"200066025";"";"";"";"2021-10-06";"173036";""
"68231";"3299";"PLUi/PLUiS";"CC";"2021-05-25 22:00:00+00:00";"2017-03-26 22:00:00+00:00";"39";"68";"44";"2021";"NON";"OUI";"200066025";"";"";"";"2021-10-06";"173036";""
"68234";"3299";"PLUi/PLUiS";"CC";"2019-12-22 23:00:00+00:00";"2015-10-26 23:00:00+00:00";"39";"68";"44";"2021";"NON";"OUI";"246800445";"";"";"";"2021-10-06";"144986";""
"68235";"3299";"PLUi/PLUiS";"CC";"2019-12-22 23:00:00+00:00";"2015-10-26 23:00:00+00:00";"39";"68";"44";"2021";"NON";"OUI";"246800445";"";"";"";"2021-10-06";"144986";""
"68237";"3199";"PLU";"COM";"2018-09-17 22:00:00+00:00";"2015-06-22 22:00:00+00:00";"39";"68";"44";"2021";"NON";"NON";"68237";"";"";"";"2021-10-06";"140677";""
"68238";"3499";"PLU";"CA";"2017-12-06 23:00:00+00:00";"2014-07-01 22:00:00+00:00";"39";"68";"44";"2021";"NON";"NON";"200066009";"";"";"";"2021-10-06";"131447";""
"68240";"3433";"PLU";"CC";"2005-10-02 22:00:00+00:00";"2002-03-14 23:00:00+00:00";"33";"68";"44";"2021";"NON";"NON";"200066041";"";"";"";"2021-10-06";"54158";""
"68241";"3299";"PLUi/PLUiS";"CC";"2019-12-22 23:00:00+00:00";"2015-10-26 23:00:00+00:00";"39";"68";"44";"2021";"NON";"OUI";"246800445";"";"";"";"2021-10-06";"144986";""
"68242";"3299";"PLUi/PLUiS";"CC";"2019-12-22 23:00:00+00:00";"2015-10-26 23:00:00+00:00";"39";"68";"44";"2021";"NON";"OUI";"246800445";"";"";"";"2021-10-06";"144986";""
"68245";"1499";"CC";"CC";"2008-08-11 22:00:00+00:00";"2005-12-15 23:00:00+00:00";"19";"68";"44";"2021";"NON";"NON";"200066041";"";"";"";"2021-10-06";"70919";""
"68246";"3299";"PLUi/PLUiS";"CC";"2021-05-25 22:00:00+00:00";"2017-03-26 22:00:00+00:00";"39";"68";"44";"2021";"NON";"OUI";"200066025";"";"";"";"2021-10-06";"173036";""
"68247";"3299";"PLUi/PLUiS";"CC";"2019-03-13 23:00:00+00:00";"2009-09-21 22:00:00+00:00";"39";"68";"44";"2021";"NON";"OUI";"68247";"";"";"";"2021-10-06";"102218";""
"68248";"3499";"PLU";"CC";"2008-04-07 22:00:00+00:00";"1991-04-04 22:00:00+00:00";"39";"68";"44";"2021";"NON";"NON";"200066041";"";"";"";"2021-10-06";"54147";""
"68250";"3434";"PLU";"CC";"2003-12-18 23:00:00+00:00";"2001-10-04 22:00:00+00:00";"33";"68";"44";"2021";"NON";"NON";"246800569";"";"";"";"2021-10-06";"54160";""
"68251";"3199";"PLU";"COM";"2019-05-26 22:00:00+00:00";"2015-02-22 23:00:00+00:00";"39";"68";"44";"2021";"NON";"NON";"68251";"";"";"";"2021-10-06";"137307";""
"68252";"3199";"PLU";"COM";"2020-01-23 23:00:00+00:00";"2015-06-29 22:00:00+00:00";"39";"68";"44";"2021";"NON";"NON";"68252";"";"";"";"2021-10-06";"140642";""
"68253";"3499";"PLU";"CA";"2019-10-21 22:00:00+00:00";"2015-02-25 23:00:00+00:00";"39";"68";"44";"2021";"NON";"NON";"200066009";"";"";"";"2021-10-06";"131945";""
"68254";"3499";"PLU";"CA";"2014-10-15 22:00:00+00:00";"2009-01-19 23:00:00+00:00";"39";"68";"44";"2021";"NON";"NON";"200066009";"";"";"";"2021-10-06";"62976";""
"68255";"3199";"PLU";"COM";"2018-04-22 22:00:00+00:00";"2014-07-06 22:00:00+00:00";"39";"68";"44";"2021";"NON";"NON";"68255";"";"";"";"2021-10-06";"131429";""
"68256";"3499";"PLU";"CA";"2015-12-13 23:00:00+00:00";"2010-12-15 23:00:00+00:00";"39";"68";"44";"2021";"NON";"NON";"200066009";"";"";"";"2021-10-06";"102511";""
"68257";"3131";"PLU";"COM";"2011-02-21 23:00:00+00:00";"2001-06-24 22:00:00+00:00";"33";"68";"44";"2021";"NON";"NON";"68257";"";"";"";"2021-10-06";"62977";""
"68258";"3434";"PLU";"CA";"2005-05-29 22:00:00+00:00";"2002-04-21 22:00:00+00:00";"33";"68";"44";"2021";"NON";"NON";"200066009";"";"";"";"2021-10-06";"54149";""
"68259";"3499";"PLU";"CC";"2021-06-30 22:00:00+00:00";"2015-09-23 22:00:00+00:00";"39";"68";"44";"2021";"NON";"NON";"200066041";"";"";"";"2021-10-06";"141318";""
"68260";"3499";"PLU";"CC";"2017-03-15 23:00:00+00:00";"2015-01-28 23:00:00+00:00";"39";"68";"44";"2021";"NON";"NON";"246800569";"";"";"";"2021-10-06";"136549";""
"68261";"3199";"PLU";"COM";"2010-12-26 23:00:00+00:00";"2001-10-03 22:00:00+00:00";"39";"68";"44";"2021";"NON";"NON";"68261";"";"";"";"2021-10-06";"54146";""
"68262";"3299";"PLUi/PLUiS";"CC";"2019-03-13 23:00:00+00:00";"2009-09-21 22:00:00+00:00";"39";"68";"44";"2021";"NON";"OUI";"68262";"";"";"";"2021-10-06";"102218";""
"68263";"3199";"PLU";"COM";"2016-02-22 23:00:00+00:00";"2011-06-27 22:00:00+00:00";"39";"68";"44";"2021";"NON";"NON";"68263";"";"";"";"2021-10-06";"96746";""
"68264";"1199";"CC";"COM";"2017-08-17 22:00:00+00:00";"2016-05-17 22:00:00+00:00";"19";"68";"44";"2021";"NON";"NON";"68264";"";"";"";"2021-10-06";"154450";""
"68266";"3299";"PLUi/PLUiS";"CC";"2019-12-22 23:00:00+00:00";"2015-10-26 23:00:00+00:00";"39";"68";"44";"2021";"NON";"OUI";"246800445";"";"";"";"2021-10-06";"144986";""
"68267";"3499";"PLU";"CA";"2019-10-02 22:00:00+00:00";"2014-06-11 22:00:00+00:00";"39";"68";"44";"2021";"NON";"NON";"200066009";"";"";"";"2021-10-06";"131446";""
"68268";"3199";"PLU";"COM";"2007-05-20 22:00:00+00:00";"2001-09-07 22:00:00+00:00";"39";"68";"44";"2021";"NON";"NON";"68268";"";"";"";"2021-10-06";"54142";""
"68269";"3131";"PLU";"COM";"2003-06-29 22:00:00+00:00";"1998-09-27 22:00:00+00:00";"33";"68";"44";"2021";"NON";"NON";"68269";"";"";"";"2021-10-06";"54151";""
"68270";"3499";"PLU";"CA";"2012-12-26 23:00:00+00:00";"2010-07-04 22:00:00+00:00";"39";"68";"44";"2021";"NON";"NON";"200066009";"";"";"";"2021-10-06";"62980";""
"68271";"3499";"PLU";"CA";"2013-09-25 22:00:00+00:00";"2008-11-19 23:00:00+00:00";"39";"68";"44";"2021";"NON";"NON";"200066009";"";"";"";"2021-10-06";"62972";""
"68276";"1499";"CC";"CC";"2007-07-19 22:00:00+00:00";"2005-12-14 23:00:00+00:00";"19";"68";"44";"2021";"NON";"NON";"246800569";"";"";"";"2021-10-06";"69877";""
"68277";"3199";"PLU";"COM";"2019-04-01 22:00:00+00:00";"2015-12-09 23:00:00+00:00";"39";"68";"44";"2021";"NON";"NON";"68277";"";"";"";"2021-10-06";"145175";""
"68278";"3499";"PLU";"CA";"2018-09-05 22:00:00+00:00";"2015-06-23 22:00:00+00:00";"39";"68";"44";"2021";"NON";"NON";"200066009";"";"";"";"2021-10-06";"139050";""
"68279";"3199";"PLU";"COM";"2018-02-21 23:00:00+00:00";"2015-09-08 22:00:00+00:00";"39";"68";"44";"2021";"NON";"NON";"68279";"";"";"";"2021-10-06";"62983";""
"68280";"3199";"PLU";"COM";"2017-07-24 22:00:00+00:00";"2015-02-25 23:00:00+00:00";"39";"68";"44";"2021";"NON";"NON";"68280";"";"";"";"2021-10-06";"138535";""
"68281";"3299";"PLUi/PLUiS";"CC";"2021-05-25 22:00:00+00:00";"2017-03-26 22:00:00+00:00";"39";"68";"44";"2021";"NON";"OUI";"200066025";"";"";"";"2021-10-06";"173036";""
"68282";"1111";"CC";"COM";"2005-04-21 22:00:00+00:00";"2002-11-14 23:00:00+00:00";"11";"68";"44";"2021";"NON";"NON";"68282";"";"";"";"2021-10-06";"69878";""
"68284";"3433";"PLU";"CC";"2007-09-12 22:00:00+00:00";"1996-06-27 22:00:00+00:00";"33";"68";"44";"2021";"NON";"NON";"200066041";"";"";"";"2021-10-06";"54162";""
"68286";"3199";"PLU";"COM";"2013-12-17 23:00:00+00:00";"2010-01-26 23:00:00+00:00";"39";"68";"44";"2021";"NON";"NON";"68286";"";"";"";"2021-10-06";"62984";""
"68287";"3131";"PLU";"COM";"2010-12-13 23:00:00+00:00";"1992-12-25 23:00:00+00:00";"33";"68";"44";"2021";"NON";"NON";"68287";"";"";"";"2021-10-06";"54163";""
"68288";"3433";"PLU";"CC";"2004-10-27 22:00:00+00:00";"2003-10-15 22:00:00+00:00";"33";"68";"44";"2021";"NON";"NON";"200066041";"";"";"";"2021-10-06";"54174";""
"68289";"3499";"PLU";"CA";"2018-06-27 22:00:00+00:00";"2015-03-11 23:00:00+00:00";"39";"68";"44";"2021";"NON";"NON";"200066009";"";"";"";"2021-10-06";"138943";""
"68290";"3299";"PLUi/PLUiS";"CC";"2021-05-25 22:00:00+00:00";"2017-03-26 22:00:00+00:00";"39";"68";"44";"2021";"NON";"OUI";"200066025";"";"";"";"2021-10-06";"173036";""
"68291";"3299";"PLUi/PLUiS";"CC";"2021-05-25 22:00:00+00:00";"2017-03-26 22:00:00+00:00";"39";"68";"44";"2021";"NON";"OUI";"200066025";"";"";"";"2021-10-06";"173036";""
"68292";"3299";"PLUi/PLUiS";"CC";"2019-03-13 23:00:00+00:00";"2009-09-21 22:00:00+00:00";"39";"68";"44";"2021";"NON";"OUI";"68292";"";"";"";"2021-10-06";"102218";""
"68293";"1199";"CC";"COM";"2005-06-21 22:00:00+00:00";"2002-06-09 22:00:00+00:00";"19";"68";"44";"2021";"NON";"NON";"68293";"";"";"";"2021-10-06";"69893";""
"68294";"3432";"PLU";"CC";"2006-10-22 22:00:00+00:00";"1998-09-03 22:00:00+00:00";"33";"68";"44";"2021";"NON";"NON";"68294";"";"";"";"2021-10-06";"54167";""
"68295";"3199";"PLU";"COM";"2018-06-27 22:00:00+00:00";"2011-06-23 22:00:00+00:00";"39";"68";"44";"2021";"NON";"NON";"68295";"";"";"";"2021-10-06";"96977";""
"68296";"3199";"PLU";"COM";"2017-04-09 22:00:00+00:00";"2014-09-10 22:00:00+00:00";"39";"68";"44";"2021";"NON";"NON";"68296";"";"";"";"2021-10-06";"132169";""
"68297";"3199";"PLU";"COM";"2019-12-18 23:00:00+00:00";"2015-11-11 23:00:00+00:00";"39";"68";"44";"2021";"NON";"NON";"68297";"";"";"";"2021-10-06";"145420";""
"68298";"3432";"PLU";"CC";"2007-02-11 23:00:00+00:00";"2004-12-09 23:00:00+00:00";"33";"68";"44";"2021";"NON";"NON";"68298";"";"";"";"2021-10-06";"97052";""
"68299";"3199";"PLU";"COM";"2007-07-10 22:00:00+00:00";"2004-05-27 22:00:00+00:00";"39";"68";"44";"2021";"NON";"NON";"68299";"";"";"";"2021-10-06";"54176";""
"68300";"3499";"PLU";"CA";"2017-01-29 23:00:00+00:00";"2009-04-26 22:00:00+00:00";"39";"68";"44";"2021";"NON";"NON";"200066009";"";"";"";"2021-10-06";"62987";""
"68301";"3199";"PLU";"COM";"2020-01-26 23:00:00+00:00";"2014-11-16 23:00:00+00:00";"39";"68";"44";"2021";"NON";"NON";"68301";"";"";"";"2021-10-06";"134127";""
"68302";"3199";"PLU";"COM";"2017-07-05 22:00:00+00:00";"2011-06-21 22:00:00+00:00";"39";"68";"44";"2021";"NON";"NON";"68302";"";"";"";"2021-10-06";"97057";""
"68303";"3434";"PLU";"CC";"2008-07-07 22:00:00+00:00";"2006-06-19 22:00:00+00:00";"33";"68";"44";"2021";"NON";"NON";"200066041";"";"";"";"2021-10-06";"54177";""
"68304";"3432";"PLU";"CC";"2012-02-14 23:00:00+00:00";"2008-08-18 22:00:00+00:00";"33";"68";"44";"2021";"NON";"NON";"68304";"";"";"";"2021-10-06";"62988";""
"68306";"3199";"PLU";"COM";"2013-02-10 23:00:00+00:00";"2008-06-30 22:00:00+00:00";"39";"68";"44";"2021";"NON";"NON";"68306";"";"";"";"2021-10-06";"62985";""
"68309";"3131";"PLU";"COM";"2013-04-07 22:00:00+00:00";"2006-12-03 23:00:00+00:00";"33";"68";"44";"2021";"NON";"NON";"68309";"";"";"";"2021-10-06";"62991";""
"68311";"1199";"CC";"COM";"2008-12-15 23:00:00+00:00";"2006-06-18 22:00:00+00:00";"19";"68";"44";"2021";"NON";"NON";"68311";"";"";"";"2021-10-06";"69894";""
"68312";"1499";"CC";"CC";"2003-03-06 23:00:00+00:00";"2001-09-05 22:00:00+00:00";"19";"68";"44";"2021";"NON";"NON";"200066041";"";"";"";"2021-10-06";"69895";""
"68315";"3499";"PLU";"CC";"2016-07-11 22:00:00+00:00";"2012-03-14 23:00:00+00:00";"39";"68";"44";"2021";"NON";"NON";"246800569";"";"";"";"2021-10-06";"105296";""
"68316";"3199";"PLU";"COM";"2017-06-14 22:00:00+00:00";"2014-12-09 23:00:00+00:00";"39";"68";"44";"2021";"NON";"NON";"68316";"";"";"";"2021-10-06";"134722";""
"68318";"3499";"PLU";"CC";"2017-09-24 22:00:00+00:00";"2009-09-20 22:00:00+00:00";"39";"68";"44";"2021";"NON";"NON";"246800569";"";"";"";"2021-10-06";"64117";""
"68320";"3333";"PLUi/PLUiS";"CC";"2007-05-23 22:00:00+00:00";"1993-08-22 22:00:00+00:00";"33";"68";"44";"2021";"OUI";"NON";"200066041";"";"";"";"2021-10-06";"71189";""
"68321";"3499";"PLU";"CA";"2018-05-14 22:00:00+00:00";"2016-03-06 23:00:00+00:00";"39";"68";"44";"2021";"NON";"NON";"200066009";"";"";"";"2021-10-06";"147117";""
"68322";"3199";"PLU";"COM";"2021-04-19 22:00:00+00:00";"2015-03-23 23:00:00+00:00";"39";"68";"44";"2021";"NON";"NON";"68322";"";"";"";"2021-10-06";"138941";""
"68324";"3131";"PLU";"COM";"2004-09-26 22:00:00+00:00";"2001-09-23 22:00:00+00:00";"33";"68";"44";"2021";"NON";"NON";"68324";"";"";"";"2021-10-06";"56983";""
"68327";"1199";"CC";"COM";"2021-02-21 23:00:00+00:00";"2018-06-04 22:00:00+00:00";"19";"68";"44";"2021";"NON";"NON";"68327";"";"";"";"2021-10-06";"174742";""
"68328";"3299";"PLUi/PLUiS";"CC";"2019-03-13 23:00:00+00:00";"2009-09-21 22:00:00+00:00";"39";"68";"44";"2021";"NON";"OUI";"68328";"";"";"";"2021-10-06";"102218";""
"68330";"3199";"PLU";"COM";"2006-03-29 22:00:00+00:00";"1986-03-25 23:00:00+00:00";"39";"68";"44";"2021";"NON";"NON";"68330";"";"";"";"2021-10-06";"56984";""
"68331";"3199";"PLU";"COM";"2019-10-28 23:00:00+00:00";"2015-01-25 23:00:00+00:00";"39";"68";"44";"2021";"NON";"NON";"68331";"";"";"";"2021-10-06";"136553";""
"68332";"3333";"PLUi/PLUiS";"CC";"2007-05-23 22:00:00+00:00";"1993-08-22 22:00:00+00:00";"33";"68";"44";"2021";"OUI";"NON";"200066041";"";"";"";"2021-10-06";"71189";""
"68334";"3199";"PLU";"COM";"2019-01-21 23:00:00+00:00";"2014-10-21 22:00:00+00:00";"39";"68";"44";"2021";"NON";"NON";"68334";"";"";"";"2021-10-06";"133095";""
"68335";"3199";"PLU";"COM";"2021-04-13 22:00:00+00:00";"2015-02-15 23:00:00+00:00";"39";"68";"44";"2021";"NON";"NON";"68335";"";"";"";"2021-10-06";"138623";""
"68336";"1199";"CC";"COM";"2004-03-31 22:00:00+00:00";"2002-02-10 23:00:00+00:00";"19";"68";"44";"2021";"NON";"NON";"68336";"";"";"";"2021-10-06";"69897";""
"68337";"1131";"CC";"COM";"2005-09-01 22:00:00+00:00";"2003-02-27 23:00:00+00:00";"13";"68";"44";"2021";"NON";"NON";"68337";"";"";"";"2021-10-06";"69898";""
"68338";"3199";"PLU";"COM";"2015-11-02 23:00:00+00:00";"2000-11-22 23:00:00+00:00";"39";"68";"44";"2021";"NON";"NON";"68338";"";"";"";"2021-10-06";"64119";""
"68340";"3199";"PLU";"COM";"2019-02-14 23:00:00+00:00";"2015-11-12 23:00:00+00:00";"39";"68";"44";"2021";"NON";"NON";"68340";"";"";"";"2021-10-06";"142234";""
"68341";"3199";"PLU";"COM";"2017-05-14 22:00:00+00:00";"2012-10-07 22:00:00+00:00";"39";"68";"44";"2021";"NON";"NON";"68341";"";"";"";"2021-10-06";"113565";""
"68342";"3199";"PLU";"COM";"2016-06-12 22:00:00+00:00";"2013-04-17 22:00:00+00:00";"39";"68";"44";"2021";"NON";"NON";"68342";"";"";"";"2021-10-06";"103022";""
"68343";"3499";"PLU";"CA";"2018-11-05 23:00:00+00:00";"2015-04-27 22:00:00+00:00";"39";"68";"44";"2021";"NON";"NON";"200066009";"";"";"";"2021-10-06";"138949";""
"68344";"3299";"PLUi/PLUiS";"CC";"2019-03-13 23:00:00+00:00";"2009-09-21 22:00:00+00:00";"39";"68";"44";"2021";"NON";"OUI";"68344";"";"";"";"2021-10-06";"102218";""
"68345";"3299";"PLUi/PLUiS";"CC";"2021-05-25 22:00:00+00:00";"2017-03-26 22:00:00+00:00";"39";"68";"44";"2021";"NON";"OUI";"200066025";"";"";"";"2021-10-06";"173036";""
"68347";"3499";"PLU";"CC";"2021-03-31 22:00:00+00:00";"2014-09-03 22:00:00+00:00";"39";"68";"44";"2021";"NON";"NON";"200066041";"";"";"";"2021-10-06";"131943";""
"68349";"3199";"PLU";"COM";"2017-03-15 23:00:00+00:00";"2014-06-11 22:00:00+00:00";"39";"68";"44";"2021";"NON";"NON";"68349";"";"";"";"2021-10-06";"130334";""
"68351";"3299";"PLUi/PLUiS";"CC";"2021-05-25 22:00:00+00:00";"2017-03-26 22:00:00+00:00";"39";"68";"44";"2021";"NON";"OUI";"200066025";"";"";"";"2021-10-06";"173036";""
"68352";"3299";"PLUi/PLUiS";"CC";"2021-05-25 22:00:00+00:00";"2017-03-26 22:00:00+00:00";"39";"68";"44";"2021";"NON";"OUI";"200066025";"";"";"";"2021-10-06";"173036";""
"68353";"1199";"CC";"COM";"2011-12-19 23:00:00+00:00";"2011-02-06 23:00:00+00:00";"19";"68";"44";"2021";"NON";"NON";"68353";"";"";"";"2021-10-06";"97269";""
"68354";"3131";"PLU";"COM";"2005-09-21 22:00:00+00:00";"2002-01-28 23:00:00+00:00";"33";"68";"44";"2021";"NON";"NON";"68354";"";"";"";"2021-10-06";"54180";""
"68355";"3433";"PLU";"CC";"2013-06-19 22:00:00+00:00";"2011-07-19 22:00:00+00:00";"33";"68";"44";"2021";"NON";"NON";"200066041";"";"";"";"2021-10-06";"97506";""
"68356";"3333";"PLUi/PLUiS";"CC";"2007-05-23 22:00:00+00:00";"1993-08-22 22:00:00+00:00";"33";"68";"44";"2021";"OUI";"NON";"200066041";"";"";"";"2021-10-06";"71189";""
"68358";"3131";"PLU";"COM";"2004-09-28 22:00:00+00:00";"2001-12-10 23:00:00+00:00";"33";"68";"44";"2021";"NON";"NON";"68358";"";"";"";"2021-10-06";"54187";""
"68359";"3199";"PLU";"COM";"2018-04-08 22:00:00+00:00";"2015-06-29 22:00:00+00:00";"39";"68";"44";"2021";"NON";"NON";"68359";"";"";"";"2021-10-06";"139633";""
"68360";"3299";"PLUi/PLUiS";"CC";"2021-05-25 22:00:00+00:00";"2017-03-26 22:00:00+00:00";"39";"68";"44";"2021";"NON";"OUI";"200066025";"";"";"";"2021-10-06";"173036";""
"68362";"3131";"PLU";"COM";"2008-01-31 23:00:00+00:00";"2005-03-20 23:00:00+00:00";"33";"68";"44";"2021";"NON";"NON";"68362";"";"";"";"2021-10-06";"54182";""
"68363";"3433";"PLU";"CC";"2005-01-05 23:00:00+00:00";"2003-10-15 22:00:00+00:00";"33";"68";"44";"2021";"NON";"NON";"200066041";"";"";"";"2021-10-06";"54183";""
"68364";"3199";"PLU";"COM";"2017-11-05 23:00:00+00:00";"2015-02-15 23:00:00+00:00";"39";"68";"44";"2021";"NON";"NON";"68364";"";"";"";"2021-10-06";"135666";""
"68365";"3199";"PLU";"COM";"2018-07-15 22:00:00+00:00";"2014-06-05 22:00:00+00:00";"39";"68";"44";"2021";"NON";"NON";"68365";"";"";"";"2021-10-06";"130335";""
"68366";"3199";"PLU";"COM";"2015-10-26 23:00:00+00:00";"2013-05-05 22:00:00+00:00";"39";"68";"44";"2021";"NON";"NON";"68366";"";"";"";"2021-10-06";"121802";""
"68367";"3299";"PLUi/PLUiS";"CC";"2021-05-25 22:00:00+00:00";"2017-03-26 22:00:00+00:00";"39";"68";"44";"2021";"NON";"OUI";"200066025";"";"";"";"2021-10-06";"173036";""
"68368";"3199";"PLU";"COM";"2017-06-07 22:00:00+00:00";"2014-10-23 22:00:00+00:00";"39";"68";"44";"2021";"NON";"NON";"68368";"";"";"";"2021-10-06";"133203";""
"68370";"3299";"PLUi/PLUiS";"CC";"2019-03-13 23:00:00+00:00";"2009-09-21 22:00:00+00:00";"39";"68";"44";"2021";"NON";"OUI";"68370";"";"";"";"2021-10-06";"102218";""
"68372";"3199";"PLU";"COM";"2017-06-29 22:00:00+00:00";"2015-03-26 23:00:00+00:00";"39";"68";"44";"2021";"NON";"NON";"68372";"";"";"";"2021-10-06";"138257";""
"68374";"3199";"PLU";"COM";"2005-01-19 23:00:00+00:00";"2001-09-06 22:00:00+00:00";"39";"68";"44";"2021";"NON";"NON";"68374";"";"";"";"2021-10-06";"54185";""
"68375";"3499";"PLU";"CA";"2004-10-03 22:00:00+00:00";"2001-09-25 22:00:00+00:00";"39";"68";"44";"2021";"NON";"NON";"200066009";"";"";"";"2021-10-06";"4262";""
"68376";"3499";"PLU";"CA";"2014-06-29 22:00:00+00:00";"2010-06-24 22:00:00+00:00";"39";"68";"44";"2021";"NON";"NON";"200066009";"";"";"";"2021-10-06";"62993";""
"68377";"3499";"PLU";"CC";"2017-02-05 23:00:00+00:00";"2012-01-08 23:00:00+00:00";"39";"68";"44";"2021";"NON";"NON";"200066041";"";"";"";"2021-10-06";"97739";""
"68378";"1199";"CC";"COM";"2006-11-16 23:00:00+00:00";"2004-10-10 22:00:00+00:00";"19";"68";"44";"2021";"NON";"NON";"68378";"";"";"";"2021-10-06";"69900";""
"68379";"3299";"PLUi/PLUiS";"CC";"2021-05-25 22:00:00+00:00";"2017-03-26 22:00:00+00:00";"39";"68";"44";"2021";"NON";"OUI";"200066025";"";"";"";"2021-10-06";"173036";""
"68381";"3499";"PLU";"CC";"2017-07-06 22:00:00+00:00";"2015-12-13 23:00:00+00:00";"39";"68";"44";"2021";"NON";"NON";"246800569";"";"";"";"2021-10-06";"144590";""
"68382";"3199";"PLU";"COM";"2005-03-13 23:00:00+00:00";"1996-03-19 23:00:00+00:00";"39";"68";"44";"2021";"NON";"NON";"68382";"";"";"";"2021-10-06";"54189";""
"68383";"3199";"PLU";"COM";"2019-09-02 22:00:00+00:00";"2015-07-19 22:00:00+00:00";"39";"68";"44";"2021";"NON";"NON";"68383";"";"";"";"2021-10-06";"140785";""
"68384";"3499";"PLU";"CA";"2020-03-01 23:00:00+00:00";"2015-05-31 22:00:00+00:00";"39";"68";"44";"2021";"NON";"NON";"200066009";"";"";"";"2021-10-06";"140764";""
"68385";"3199";"PLU";"COM";"2014-01-26 23:00:00+00:00";"2011-01-30 23:00:00+00:00";"39";"68";"44";"2021";"NON";"NON";"68385";"";"";"";"2021-10-06";"63001";""
"69001";"3199";"PLU";"COM";"2021-04-08 22:00:00+00:00";"2014-11-19 23:00:00+00:00";"39";"69";"84";"2021";"NON";"NON";"69001";"";"";"";"2021-10-06";"136661";""
"69003";"3299";"PLUi/PLUiS";"MET";"2019-05-12 22:00:00+00:00";"2012-04-15 22:00:00+00:00";"39";"69";"84";"2021";"NON";"OUI";"200046977";"";"";"";"2021-10-06";"114539";""
"69004";"3199";"PLU";"COM";"2018-01-21 23:00:00+00:00";"2008-10-09 22:00:00+00:00";"39";"69";"84";"2021";"NON";"NON";"69004";"";"";"";"2021-10-06";"36109";""
"69005";"3199";"PLU";"COM";"2018-12-17 23:00:00+00:00";"2012-11-07 23:00:00+00:00";"39";"69";"84";"2021";"NON";"NON";"69005";"";"";"";"2021-10-06";"116156";""
"69006";"3131";"PLU";"COM";"2011-12-06 23:00:00+00:00";"2002-02-07 23:00:00+00:00";"33";"69";"84";"2021";"NON";"NON";"69006";"";"";"";"2021-10-06";"6749";""
"69007";"3499";"PLU";"CA";"2017-12-20 23:00:00+00:00";"2014-05-19 22:00:00+00:00";"39";"69";"84";"2021";"NON";"NON";"69007";"";"";"";"2021-10-06";"130839";""
"69009";"3131";"PLU";"COM";"2007-09-24 22:00:00+00:00";"2002-12-15 23:00:00+00:00";"33";"69";"84";"2021";"NON";"NON";"69009";"";"";"";"2021-10-06";"8666";""
"69010";"3199";"PLU";"COM";"2014-03-09 23:00:00+00:00";"2009-03-26 23:00:00+00:00";"39";"69";"84";"2021";"NON";"NON";"69010";"";"";"";"2021-10-06";"37983";""
"69012";"1432";"CC";"CC";"2006-04-04 22:00:00+00:00";"2002-12-04 23:00:00+00:00";"13";"69";"84";"2021";"NON";"NON";"69012";"";"";"";"2021-10-06";"358";""
"69013";"3332";"PLUi/PLUiS";"CA";"2013-11-17 23:00:00+00:00";"2012-06-27 22:00:00+00:00";"33";"69";"84";"2021";"OUI";"NON";"200040590";"";"";"";"2021-10-06";"114503";""
"69014";"3199";"PLU";"COM";"2020-12-09 23:00:00+00:00";"2017-12-13 23:00:00+00:00";"39";"69";"84";"2021";"NON";"NON";"69014";"";"";"";"2021-10-06";"161244";""
"69017";"3199";"PLU";"COM";"2015-11-11 23:00:00+00:00";"2008-02-11 23:00:00+00:00";"39";"69";"84";"2021";"NON";"NON";"69017";"";"";"";"2021-10-06";"34271";""
"69019";"3332";"PLUi/PLUiS";"CC";"2013-02-26 23:00:00+00:00";"2002-09-24 22:00:00+00:00";"33";"69";"84";"2021";"OUI";"NON";"69019";"";"";"";"2021-10-06";"48375";""
"69020";"3199";"PLU";"COM";"2015-02-05 23:00:00+00:00";"2010-06-09 22:00:00+00:00";"39";"69";"84";"2021";"NON";"NON";"69020";"";"";"";"2021-10-06";"41730";""
"69021";"3199";"PLU";"COM";"2012-01-16 23:00:00+00:00";"2009-01-12 23:00:00+00:00";"39";"69";"84";"2021";"NON";"NON";"69021";"";"";"";"2021-10-06";"37280";""
"69022";"3199";"PLU";"COM";"2013-09-24 22:00:00+00:00";"2008-04-08 22:00:00+00:00";"39";"69";"84";"2021";"NON";"NON";"69022";"";"";"";"2021-10-06";"34787";""
"69023";"3432";"PLU";"CA";"2005-11-07 23:00:00+00:00";"1999-10-11 22:00:00+00:00";"33";"69";"84";"2021";"NON";"NON";"200040590";"";"";"";"2021-10-06";"6966";""
"69024";"3131";"PLU";"COM";"2016-07-06 22:00:00+00:00";"2012-05-24 22:00:00+00:00";"33";"69";"84";"2021";"NON";"NON";"69024";"";"";"";"2021-10-06";"107325";""
"69026";"3199";"PLU";"COM";"2020-10-12 22:00:00+00:00";"2016-09-22 22:00:00+00:00";"39";"69";"84";"2021";"NON";"NON";"69026";"";"";"";"2021-10-06";"139105";""
"69027";"3199";"PLU";"COM";"2020-02-12 23:00:00+00:00";"2014-05-21 22:00:00+00:00";"39";"69";"84";"2021";"NON";"NON";"69027";"";"";"";"2021-10-06";"130743";""
"69028";"3131";"PLU";"COM";"2014-01-26 23:00:00+00:00";"2012-05-20 22:00:00+00:00";"33";"69";"84";"2021";"NON";"NON";"69028";"";"";"";"2021-10-06";"109573";""
"69029";"3299";"PLUi/PLUiS";"MET";"2019-05-12 22:00:00+00:00";"2012-04-15 22:00:00+00:00";"39";"69";"84";"2021";"NON";"OUI";"200046977";"";"";"";"2021-10-06";"114539";""
"69030";"1199";"CC";"COM";"2008-08-28 22:00:00+00:00";"2002-06-20 22:00:00+00:00";"19";"69";"84";"2021";"NON";"NON";"69030";"";"";"";"2021-10-06";"7022";""
"69031";"1131";"CC";"COM";"2003-11-11 23:00:00+00:00";"2001-06-05 22:00:00+00:00";"13";"69";"84";"2021";"NON";"NON";"69031";"";"";"";"2021-10-06";"7023";""
"69032";"3199";"PLU";"COM";"2007-09-16 22:00:00+00:00";"2002-09-08 22:00:00+00:00";"39";"69";"84";"2021";"NON";"NON";"69032";"";"";"";"2021-10-06";"7028";""
"69033";"3299";"PLUi/PLUiS";"MET";"2019-05-12 22:00:00+00:00";"2012-04-15 22:00:00+00:00";"39";"69";"84";"2021";"NON";"OUI";"200046977";"";"";"";"2021-10-06";"114539";""
"69034";"3299";"PLUi/PLUiS";"MET";"2019-05-12 22:00:00+00:00";"2012-04-15 22:00:00+00:00";"39";"69";"84";"2021";"NON";"OUI";"200046977";"";"";"";"2021-10-06";"114539";""
"69036";"3432";"PLU";"CC";"2015-02-23 23:00:00+00:00";"2011-11-28 23:00:00+00:00";"33";"69";"84";"2021";"NON";"NON";"69036";"";"";"";"2021-10-06";"106879";""
"69037";"1111";"CC";"COM";"2012-06-11 22:00:00+00:00";"2009-02-19 23:00:00+00:00";"11";"69";"84";"2021";"NON";"NON";"69037";"";"";"";"2021-10-06";"37695";""
"69038";"3199";"PLU";"COM";"2018-09-17 22:00:00+00:00";"2010-09-06 22:00:00+00:00";"39";"69";"84";"2021";"NON";"NON";"69038";"";"";"";"2021-10-06";"44632";""
"69039";"1199";"CC";"COM";"2019-04-02 22:00:00+00:00";"2016-12-12 23:00:00+00:00";"19";"69";"84";"2021";"NON";"NON";"69039";"";"";"";"2021-10-06";"158213";""
"69040";"3299";"PLUi/PLUiS";"MET";"2019-05-12 22:00:00+00:00";"2012-04-15 22:00:00+00:00";"39";"69";"84";"2021";"NON";"OUI";"200046977";"";"";"";"2021-10-06";"114539";""
"69042";"3199";"PLU";"COM";"2020-05-03 22:00:00+00:00";"2018-01-17 23:00:00+00:00";"39";"69";"84";"2021";"NON";"NON";"69042";"";"";"";"2021-10-06";"164810";""
"69043";"3199";"PLU";"COM";"2018-12-18 23:00:00+00:00";"2013-12-18 23:00:00+00:00";"39";"69";"84";"2021";"NON";"NON";"69043";"";"";"";"2021-10-06";"128529";""
"69044";"3299";"PLUi/PLUiS";"MET";"2019-05-12 22:00:00+00:00";"2012-04-15 22:00:00+00:00";"39";"69";"84";"2021";"NON";"OUI";"200046977";"";"";"";"2021-10-06";"114539";""
"69045";"3432";"PLU";"CC";"2005-07-17 22:00:00+00:00";"2001-09-02 22:00:00+00:00";"33";"69";"84";"2021";"NON";"NON";"69045";"";"";"";"2021-10-06";"7091";""
"69046";"3299";"PLUi/PLUiS";"MET";"2019-05-12 22:00:00+00:00";"2012-04-15 22:00:00+00:00";"39";"69";"84";"2021";"NON";"OUI";"200046977";"";"";"";"2021-10-06";"114539";""
"69047";"3199";"PLU";"COM";"2009-09-06 22:00:00+00:00";"2004-01-08 23:00:00+00:00";"39";"69";"84";"2021";"NON";"NON";"69047";"";"";"";"2021-10-06";"7110";""
"69049";"3199";"PLU";"COM";"2018-12-02 23:00:00+00:00";"2015-10-11 22:00:00+00:00";"39";"69";"84";"2021";"NON";"NON";"69049";"";"";"";"2021-10-06";"141954";""
"69050";"3199";"PLU";"COM";"2014-03-18 23:00:00+00:00";"2011-11-06 23:00:00+00:00";"39";"69";"84";"2021";"NON";"NON";"69050";"";"";"";"2021-10-06";"89650";""
"69051";"3199";"PLU";"COM";"2020-02-09 23:00:00+00:00";"2017-09-03 22:00:00+00:00";"39";"69";"84";"2021";"NON";"NON";"69051";"";"";"";"2021-10-06";"161243";""
"69052";"3199";"PLU";"COM";"2020-01-29 23:00:00+00:00";"2005-10-26 22:00:00+00:00";"39";"69";"84";"2021";"NON";"NON";"69052";"";"";"";"2021-10-06";"9385";""
"69053";"3432";"PLU";"CC";"2015-05-04 22:00:00+00:00";"2012-09-10 22:00:00+00:00";"33";"69";"84";"2021";"NON";"NON";"69053";"";"";"";"2021-10-06";"114657";""
"69054";"1199";"CC";"COM";"2015-05-03 22:00:00+00:00";"2011-12-15 23:00:00+00:00";"19";"69";"84";"2021";"NON";"NON";"69054";"";"";"";"2021-10-06";"103683";""
"69055";"3131";"PLU";"COM";"2010-11-24 23:00:00+00:00";"2003-07-23 22:00:00+00:00";"33";"69";"84";"2021";"NON";"NON";"69055";"";"";"";"2021-10-06";"7175";""
"69056";"3199";"PLU";"COM";"2016-03-20 23:00:00+00:00";"2010-07-18 22:00:00+00:00";"39";"69";"84";"2021";"NON";"NON";"69056";"";"";"";"2021-10-06";"43249";""
"69057";"3131";"PLU";"COM";"2011-10-09 22:00:00+00:00";"2008-09-01 22:00:00+00:00";"33";"69";"84";"2021";"NON";"NON";"69057";"";"";"";"2021-10-06";"35847";""
"69058";"1432";"CC";"CC";"2007-06-03 22:00:00+00:00";"2002-03-06 23:00:00+00:00";"13";"69";"84";"2021";"NON";"NON";"69058";"";"";"";"2021-10-06";"7187";""
"69059";"3131";"PLU";"COM";"2009-01-18 23:00:00+00:00";"2005-10-03 22:00:00+00:00";"33";"69";"84";"2021";"NON";"NON";"69059";"";"";"";"2021-10-06";"8394";""
"69060";"1111";"CC";"COM";"2012-10-29 23:00:00+00:00";"2007-07-04 22:00:00+00:00";"11";"69";"84";"2021";"NON";"NON";"69060";"";"";"";"2021-10-06";"30073";""
"69061";"3432";"PLU";"CA";"2013-01-10 23:00:00+00:00";"2008-06-23 22:00:00+00:00";"33";"69";"84";"2021";"NON";"NON";"200040590";"";"";"";"2021-10-06";"35537";""
"69062";"3199";"PLU";"COM";"2007-06-13 22:00:00+00:00";"2004-01-22 23:00:00+00:00";"39";"69";"84";"2021";"NON";"NON";"69062";"";"";"";"2021-10-06";"7205";""
"69063";"3299";"PLUi/PLUiS";"MET";"2019-05-12 22:00:00+00:00";"2012-04-15 22:00:00+00:00";"39";"69";"84";"2021";"NON";"OUI";"200046977";"";"";"";"2021-10-06";"114539";""
"69064";"3499";"PLU";"CA";"2017-02-22 23:00:00+00:00";"2013-09-15 22:00:00+00:00";"39";"69";"84";"2021";"NON";"NON";"69064";"";"";"";"2021-10-06";"124940";""
"69065";"3432";"PLU";"CC";"2014-02-16 23:00:00+00:00";"1999-02-14 23:00:00+00:00";"33";"69";"84";"2021";"NON";"NON";"69065";"";"";"";"2021-10-06";"7239";""
"69066";"3131";"PLU";"COM";"2007-12-16 23:00:00+00:00";"2003-03-05 23:00:00+00:00";"33";"69";"84";"2021";"NON";"NON";"69066";"";"";"";"2021-10-06";"7243";""
"69067";"3199";"PLU";"COM";"2014-03-10 23:00:00+00:00";"2003-07-28 22:00:00+00:00";"39";"69";"84";"2021";"NON";"NON";"69067";"";"";"";"2021-10-06";"7248";""
"69068";"3299";"PLUi/PLUiS";"MET";"2019-05-12 22:00:00+00:00";"2012-04-15 22:00:00+00:00";"39";"69";"84";"2021";"NON";"OUI";"200046977";"";"";"";"2021-10-06";"114539";""
"69069";"3299";"PLUi/PLUiS";"MET";"2019-05-12 22:00:00+00:00";"2012-04-15 22:00:00+00:00";"39";"69";"84";"2021";"NON";"OUI";"200046977";"";"";"";"2021-10-06";"114539";""
"69071";"3299";"PLUi/PLUiS";"MET";"2019-05-12 22:00:00+00:00";"2012-04-15 22:00:00+00:00";"39";"69";"84";"2021";"NON";"OUI";"200046977";"";"";"";"2021-10-06";"114539";""
"69072";"3299";"PLUi/PLUiS";"MET";"2019-05-12 22:00:00+00:00";"2012-04-15 22:00:00+00:00";"39";"69";"84";"2021";"NON";"OUI";"200046977";"";"";"";"2021-10-06";"114539";""
"69074";"3432";"PLU";"CA";"2008-05-20 22:00:00+00:00";"1999-08-30 22:00:00+00:00";"33";"69";"84";"2021";"NON";"NON";"200040590";"";"";"";"2021-10-06";"7271";""
"69075";"3199";"PLU";"COM";"2018-05-17 22:00:00+00:00";"2014-07-03 22:00:00+00:00";"39";"69";"84";"2021";"NON";"NON";"69075";"";"";"";"2021-10-06";"134397";""
"69076";"3199";"PLU";"COM";"2008-02-14 23:00:00+00:00";"2004-09-01 22:00:00+00:00";"39";"69";"84";"2021";"NON";"NON";"69076";"";"";"";"2021-10-06";"7282";""
"69077";"3332";"PLUi/PLUiS";"CC";"2013-02-26 23:00:00+00:00";"2002-09-24 22:00:00+00:00";"33";"69";"84";"2021";"OUI";"NON";"69077";"";"";"";"2021-10-06";"48375";""
"69078";"3199";"PLU";"COM";"2020-11-12 23:00:00+00:00";"2017-01-04 23:00:00+00:00";"39";"69";"84";"2021";"NON";"NON";"69078";"";"";"";"2021-10-06";"156266";""
"69080";"3499";"PLU";"CA";"2017-10-30 23:00:00+00:00";"2013-09-18 22:00:00+00:00";"39";"69";"84";"2021";"NON";"NON";"69080";"";"";"";"2021-10-06";"124939";""
"69081";"3299";"PLUi/PLUiS";"MET";"2019-05-12 22:00:00+00:00";"2012-04-15 22:00:00+00:00";"39";"69";"84";"2021";"NON";"OUI";"200046977";"";"";"";"2021-10-06";"114539";""
"69082";"3432";"PLU";"CC";"2017-11-08 23:00:00+00:00";"2015-01-05 23:00:00+00:00";"33";"69";"84";"2021";"NON";"NON";"69082";"";"";"";"2021-10-06";"137171";""
"69083";"3199";"PLU";"COM";"2014-03-18 23:00:00+00:00";"2010-03-10 23:00:00+00:00";"39";"69";"84";"2021";"NON";"NON";"69083";"";"";"";"2021-10-06";"27079";""
"69084";"3432";"PLU";"CC";"2017-03-15 23:00:00+00:00";"2014-07-21 22:00:00+00:00";"33";"69";"84";"2021";"NON";"NON";"69084";"";"";"";"2021-10-06";"135449";""
"69085";"3299";"PLUi/PLUiS";"MET";"2019-05-12 22:00:00+00:00";"2012-04-15 22:00:00+00:00";"39";"69";"84";"2021";"NON";"OUI";"200046977";"";"";"";"2021-10-06";"114539";""
"69086";"3199";"PLU";"COM";"2014-03-13 23:00:00+00:00";"2008-11-24 23:00:00+00:00";"39";"69";"84";"2021";"NON";"NON";"69086";"";"";"";"2021-10-06";"37233";""
"69087";"3299";"PLUi/PLUiS";"MET";"2019-05-12 22:00:00+00:00";"2012-04-15 22:00:00+00:00";"39";"69";"84";"2021";"NON";"OUI";"200046977";"";"";"";"2021-10-06";"114539";""
"69088";"3299";"PLUi/PLUiS";"MET";"2019-05-12 22:00:00+00:00";"2012-04-15 22:00:00+00:00";"39";"69";"84";"2021";"NON";"OUI";"200046977";"";"";"";"2021-10-06";"114539";""
"69089";"3299";"PLUi/PLUiS";"MET";"2019-05-12 22:00:00+00:00";"2012-04-15 22:00:00+00:00";"39";"69";"84";"2021";"NON";"OUI";"200046977";"";"";"";"2021-10-06";"114539";""
"69090";"3199";"PLU";"COM";"2017-09-28 22:00:00+00:00";"2014-05-22 22:00:00+00:00";"39";"69";"84";"2021";"NON";"NON";"69090";"";"";"";"2021-10-06";"130842";""
"69091";"3299";"PLUi/PLUiS";"MET";"2019-05-12 22:00:00+00:00";"2012-04-15 22:00:00+00:00";"39";"69";"84";"2021";"NON";"OUI";"200046977";"";"";"";"2021-10-06";"114539";""
"69092";"3332";"PLUi/PLUiS";"CA";"2013-11-17 23:00:00+00:00";"2012-06-27 22:00:00+00:00";"33";"69";"84";"2021";"OUI";"NON";"200040590";"";"";"";"2021-10-06";"114503";""
"69093";"3199";"PLU";"COM";"2011-10-16 22:00:00+00:00";"2002-11-11 23:00:00+00:00";"39";"69";"84";"2021";"NON";"NON";"69093";"";"";"";"2021-10-06";"7354";""
"69094";"3199";"PLU";"COM";"2012-10-11 22:00:00+00:00";"2008-09-02 22:00:00+00:00";"39";"69";"84";"2021";"NON";"NON";"69094";"";"";"";"2021-10-06";"35871";""
"69095";"3131";"PLU";"COM";"2009-09-14 22:00:00+00:00";"2004-12-16 23:00:00+00:00";"33";"69";"84";"2021";"NON";"NON";"69095";"";"";"";"2021-10-06";"7370";""
"69096";"3299";"PLUi/PLUiS";"MET";"2019-05-12 22:00:00+00:00";"2012-04-15 22:00:00+00:00";"39";"69";"84";"2021";"NON";"OUI";"200046977";"";"";"";"2021-10-06";"114539";""
"69097";"3499";"PLU";"CA";"2016-01-21 23:00:00+00:00";"2011-05-29 22:00:00+00:00";"39";"69";"84";"2021";"NON";"NON";"69097";"";"";"";"2021-10-06";"92202";""
"69098";"1199";"CC";"COM";"2021-01-18 23:00:00+00:00";"2014-10-07 22:00:00+00:00";"19";"69";"84";"2021";"NON";"NON";"69098";"";"";"";"2021-10-06";"132829";""
"69099";"3199";"PLU";"COM";"2020-02-12 23:00:00+00:00";"2015-10-13 22:00:00+00:00";"39";"69";"84";"2021";"NON";"NON";"69099";"";"";"";"2021-10-06";"156247";""
"69100";"3299";"PLUi/PLUiS";"MET";"2019-05-12 22:00:00+00:00";"2012-04-15 22:00:00+00:00";"39";"69";"84";"2021";"NON";"OUI";"200046977";"";"";"";"2021-10-06";"114539";""
"69102";"3199";"PLU";"COM";"2015-03-16 23:00:00+00:00";"2011-03-06 23:00:00+00:00";"39";"69";"84";"2021";"NON";"NON";"69102";"";"";"";"2021-10-06";"47804";""
"69103";"3432";"PLU";"CC";"2006-12-19 23:00:00+00:00";"2000-01-18 23:00:00+00:00";"33";"69";"84";"2021";"NON";"NON";"69103";"";"";"";"2021-10-06";"8587";""
"69104";"3432";"PLU";"CC";"2019-12-18 23:00:00+00:00";"2016-12-15 23:00:00+00:00";"33";"69";"84";"2021";"NON";"NON";"69104";"";"";"";"2021-10-06";"158215";""
"69105";"3432";"PLU";"CA";"2011-12-14 23:00:00+00:00";"2010-02-28 23:00:00+00:00";"33";"69";"84";"2021";"NON";"NON";"200040590";"";"";"";"2021-10-06";"27081";""
"69106";"3199";"PLU";"COM";"2003-03-24 23:00:00+00:00";"2001-09-02 22:00:00+00:00";"39";"69";"84";"2021";"NON";"NON";"69106";"";"";"";"2021-10-06";"7422";""
"69107";"3199";"PLU";"COM";"2010-11-16 23:00:00+00:00";"2004-11-03 23:00:00+00:00";"39";"69";"84";"2021";"NON";"NON";"69107";"";"";"";"2021-10-06";"7427";""
"69108";"3432";"PLU";"CC";"2008-12-07 23:00:00+00:00";"2003-02-09 23:00:00+00:00";"33";"69";"84";"2021";"NON";"NON";"69108";"";"";"";"2021-10-06";"7432";""
"69109";"3432";"PLU";"CC";"2015-08-20 22:00:00+00:00";"2009-10-04 22:00:00+00:00";"33";"69";"84";"2021";"NON";"NON";"69109";"";"";"";"2021-10-06";"39566";""
"69110";"3199";"PLU";"COM";"2020-06-03 22:00:00+00:00";"2016-10-19 22:00:00+00:00";"39";"69";"84";"2021";"NON";"NON";"69110";"";"";"";"2021-10-06";"156252";""
"69111";"3131";"PLU";"COM";"2007-10-16 22:00:00+00:00";"2003-02-18 23:00:00+00:00";"33";"69";"84";"2021";"NON";"NON";"69111";"";"";"";"2021-10-06";"7444";""
"69112";"3131";"PLU";"COM";"2020-03-04 23:00:00+00:00";"2014-07-06 22:00:00+00:00";"33";"69";"84";"2021";"NON";"NON";"69112";"";"";"";"2021-10-06";"131459";""
"69113";"3199";"PLU";"COM";"2011-03-13 23:00:00+00:00";"2001-12-09 23:00:00+00:00";"39";"69";"84";"2021";"NON";"NON";"69113";"";"";"";"2021-10-06";"7455";""
"69115";"3332";"PLUi/PLUiS";"CA";"2013-11-17 23:00:00+00:00";"2012-06-27 22:00:00+00:00";"33";"69";"84";"2021";"OUI";"NON";"200040590";"";"";"";"2021-10-06";"114503";""
"69116";"3299";"PLUi/PLUiS";"MET";"2019-05-12 22:00:00+00:00";"2012-04-15 22:00:00+00:00";"39";"69";"84";"2021";"NON";"OUI";"200046977";"";"";"";"2021-10-06";"114539";""
"69117";"3299";"PLUi/PLUiS";"MET";"2019-05-12 22:00:00+00:00";"2012-04-15 22:00:00+00:00";"39";"69";"84";"2021";"NON";"OUI";"200046977";"";"";"";"2021-10-06";"114539";""
"69119";"3499";"PLU";"CA";"2020-09-14 22:00:00+00:00";"2016-09-26 22:00:00+00:00";"39";"69";"84";"2021";"NON";"NON";"69119";"";"";"";"2021-10-06";"150975";""
"69120";"3199";"PLU";"COM";"2012-07-16 22:00:00+00:00";"2008-07-21 22:00:00+00:00";"39";"69";"84";"2021";"NON";"NON";"69120";"";"";"";"2021-10-06";"35700";""
"69121";"3199";"PLU";"COM";"2012-07-04 22:00:00+00:00";"2004-12-09 23:00:00+00:00";"39";"69";"84";"2021";"NON";"NON";"69121";"";"";"";"2021-10-06";"7477";""
"69122";"3199";"PLU";"COM";"2016-12-21 23:00:00+00:00";"2009-05-05 22:00:00+00:00";"39";"69";"84";"2021";"NON";"NON";"69122";"";"";"";"2021-10-06";"38201";""
"69123";"3299";"PLUi/PLUiS";"MET";"2019-05-12 22:00:00+00:00";"2012-04-15 22:00:00+00:00";"39";"69";"84";"2021";"NON";"OUI";"200046977";"";"";"";"2021-10-06";"114539";""
"69124";"3432";"PLU";"CC";"2014-03-16 23:00:00+00:00";"2006-01-08 23:00:00+00:00";"33";"69";"84";"2021";"NON";"NON";"69124";"";"";"";"2021-10-06";"10993";""
"69125";"3199";"PLU";"COM";"2013-09-09 22:00:00+00:00";"2008-07-07 22:00:00+00:00";"39";"69";"84";"2021";"NON";"NON";"69125";"";"";"";"2021-10-06";"35518";""
"69126";"3199";"PLU";"COM";"2015-04-22 22:00:00+00:00";"2011-10-27 22:00:00+00:00";"39";"69";"84";"2021";"NON";"NON";"69126";"";"";"";"2021-10-06";"93085";""
"69127";"3299";"PLUi/PLUiS";"MET";"2019-05-12 22:00:00+00:00";"2012-04-15 22:00:00+00:00";"39";"69";"84";"2021";"NON";"OUI";"200046977";"";"";"";"2021-10-06";"114539";""
"69130";"1199";"CC";"COM";"2007-09-26 22:00:00+00:00";"2001-12-20 23:00:00+00:00";"19";"69";"84";"2021";"NON";"NON";"69130";"";"";"";"2021-10-06";"7513";""
"69131";"3199";"PLU";"COM";"2021-02-10 23:00:00+00:00";"2018-05-31 22:00:00+00:00";"39";"69";"84";"2021";"NON";"NON";"69131";"";"";"";"2021-10-06";"164131";""
"69132";"3199";"PLU";"COM";"2014-03-04 23:00:00+00:00";"2010-10-13 22:00:00+00:00";"39";"69";"84";"2021";"NON";"NON";"69132";"";"";"";"2021-10-06";"64591";""
"69133";"3199";"PLU";"COM";"2015-04-01 22:00:00+00:00";"2012-02-22 23:00:00+00:00";"39";"69";"84";"2021";"NON";"NON";"69133";"";"";"";"2021-10-06";"104398";""
"69134";"3199";"PLU";"COM";"2008-02-17 23:00:00+00:00";"2002-01-31 23:00:00+00:00";"39";"69";"84";"2021";"NON";"NON";"69134";"";"";"";"2021-10-06";"7519";""
"69135";"1432";"CC";"CC";"2008-12-21 23:00:00+00:00";"2002-11-14 23:00:00+00:00";"13";"69";"84";"2021";"NON";"NON";"69135";"";"";"";"2021-10-06";"6935";""
"69136";"3131";"PLU";"COM";"2006-10-25 22:00:00+00:00";"2002-12-18 23:00:00+00:00";"33";"69";"84";"2021";"NON";"NON";"69136";"";"";"";"2021-10-06";"7537";""
"69137";"1432";"CC";"CA";"2007-11-20 23:00:00+00:00";"2003-02-12 23:00:00+00:00";"13";"69";"84";"2021";"NON";"NON";"200040590";"";"";"";"2021-10-06";"7574";""
"69138";"1199";"CC";"COM";"2014-02-18 23:00:00+00:00";"2008-06-08 22:00:00+00:00";"19";"69";"84";"2021";"NON";"NON";"69138";"";"";"";"2021-10-06";"34852";""
"69139";"3199";"PLU";"COM";"2020-03-04 23:00:00+00:00";"2017-11-05 23:00:00+00:00";"39";"69";"84";"2021";"NON";"NON";"69139";"";"";"";"2021-10-06";"161084";""
"69140";"3199";"PLU";"COM";"2015-10-25 23:00:00+00:00";"2004-01-19 23:00:00+00:00";"39";"69";"84";"2021";"NON";"NON";"69140";"";"";"";"2021-10-06";"7592";""
"69141";"3131";"PLU";"COM";"2016-03-20 23:00:00+00:00";"2013-09-16 22:00:00+00:00";"33";"69";"84";"2021";"NON";"NON";"69141";"";"";"";"2021-10-06";"125250";""
"69142";"3299";"PLUi/PLUiS";"MET";"2019-05-12 22:00:00+00:00";"2012-04-15 22:00:00+00:00";"39";"69";"84";"2021";"NON";"OUI";"200046977";"";"";"";"2021-10-06";"114539";""
"69143";"3299";"PLUi/PLUiS";"MET";"2019-05-12 22:00:00+00:00";"2012-04-15 22:00:00+00:00";"39";"69";"84";"2021";"NON";"OUI";"200046977";"";"";"";"2021-10-06";"114539";""
"69145";"3432";"PLU";"CC";"2008-05-26 22:00:00+00:00";"2003-05-26 22:00:00+00:00";"33";"69";"84";"2021";"NON";"NON";"69145";"";"";"";"2021-10-06";"7579";""
"69148";"3199";"PLU";"COM";"2017-12-10 23:00:00+00:00";"2010-06-20 22:00:00+00:00";"39";"69";"84";"2021";"NON";"NON";"69148";"";"";"";"2021-10-06";"42112";""
"69149";"3299";"PLUi/PLUiS";"MET";"2019-05-12 22:00:00+00:00";"2012-04-15 22:00:00+00:00";"39";"69";"84";"2021";"NON";"OUI";"200046977";"";"";"";"2021-10-06";"114539";""
"69151";"1432";"CC";"CA";"2007-07-24 22:00:00+00:00";"2002-05-06 22:00:00+00:00";"13";"69";"84";"2021";"NON";"NON";"200040590";"";"";"";"2021-10-06";"7577";""
"69152";"3299";"PLUi/PLUiS";"MET";"2019-05-12 22:00:00+00:00";"2012-04-15 22:00:00+00:00";"39";"69";"84";"2021";"NON";"OUI";"200046977";"";"";"";"2021-10-06";"114539";""
"69153";"3299";"PLUi/PLUiS";"MET";"2019-05-12 22:00:00+00:00";"2012-04-15 22:00:00+00:00";"39";"69";"84";"2021";"NON";"OUI";"200046977";"";"";"";"2021-10-06";"114539";""
"69154";"3131";"PLU";"COM";"2016-05-08 22:00:00+00:00";"2012-09-02 22:00:00+00:00";"33";"69";"84";"2021";"NON";"NON";"69154";"";"";"";"2021-10-06";"112298";""
"69155";"3199";"PLU";"COM";"2018-07-18 22:00:00+00:00";"2014-09-24 22:00:00+00:00";"39";"69";"84";"2021";"NON";"NON";"69155";"";"";"";"2021-10-06";"132481";""
"69156";"3131";"PLU";"COM";"2013-11-03 23:00:00+00:00";"2010-04-19 22:00:00+00:00";"33";"69";"84";"2021";"NON";"NON";"69156";"";"";"";"2021-10-06";"41714";""
"69157";"3199";"PLU";"COM";"2019-05-06 22:00:00+00:00";"2012-09-19 22:00:00+00:00";"39";"69";"84";"2021";"NON";"NON";"69157";"";"";"";"2021-10-06";"114658";""
"69159";"3199";"PLU";"COM";"2018-12-19 23:00:00+00:00";"2014-05-21 22:00:00+00:00";"39";"69";"84";"2021";"NON";"NON";"69159";"";"";"";"2021-10-06";"130778";""
"69160";"3199";"PLU";"COM";"2020-12-17 23:00:00+00:00";"2015-05-21 22:00:00+00:00";"39";"69";"84";"2021";"NON";"NON";"69160";"";"";"";"2021-10-06";"140047";""
"69161";"1432";"CC";"CC";"2006-12-28 23:00:00+00:00";"2002-09-25 22:00:00+00:00";"13";"69";"84";"2021";"NON";"NON";"69161";"";"";"";"2021-10-06";"7877";""
"69162";"3432";"PLU";"CC";"2015-12-14 23:00:00+00:00";"2010-04-26 22:00:00+00:00";"33";"69";"84";"2021";"NON";"NON";"69162";"";"";"";"2021-10-06";"41715";""
"69163";"3299";"PLUi/PLUiS";"MET";"2019-05-12 22:00:00+00:00";"2012-04-15 22:00:00+00:00";"39";"69";"84";"2021";"NON";"OUI";"69163";"";"";"";"2021-10-06";"114539";""
"69164";"3199";"PLU";"COM";"2020-01-26 23:00:00+00:00";"2011-03-28 22:00:00+00:00";"39";"69";"84";"2021";"NON";"NON";"69164";"";"";"";"2021-10-06";"103687";""
"69165";"3432";"PLU";"CC";"2017-07-19 22:00:00+00:00";"2011-12-06 23:00:00+00:00";"33";"69";"84";"2021";"NON";"NON";"69165";"";"";"";"2021-10-06";"99544";""
"69166";"3199";"PLU";"COM";"2014-03-16 23:00:00+00:00";"2005-01-09 23:00:00+00:00";"39";"69";"84";"2021";"NON";"NON";"69166";"";"";"";"2021-10-06";"8030";""
"69167";"3432";"PLU";"CA";"2010-08-25 22:00:00+00:00";"2000-05-14 22:00:00+00:00";"33";"69";"84";"2021";"NON";"NON";"200040590";"";"";"";"2021-10-06";"7866";""
"69168";"3299";"PLUi/PLUiS";"MET";"2019-05-12 22:00:00+00:00";"2012-04-15 22:00:00+00:00";"39";"69";"84";"2021";"NON";"OUI";"200046977";"";"";"";"2021-10-06";"114539";""
"69169";"3199";"PLU";"COM";"2016-12-19 23:00:00+00:00";"2011-02-14 23:00:00+00:00";"39";"69";"84";"2021";"NON";"NON";"69169";"";"";"";"2021-10-06";"76141";""
"69170";"3199";"PLU";"COM";"2015-10-25 23:00:00+00:00";"2010-04-25 22:00:00+00:00";"39";"69";"84";"2021";"NON";"NON";"69170";"";"";"";"2021-10-06";"42113";""
"69171";"3199";"PLU";"COM";"2019-09-05 22:00:00+00:00";"2017-03-16 23:00:00+00:00";"39";"69";"84";"2021";"NON";"NON";"69171";"";"";"";"2021-10-06";"156267";""
"69172";"1432";"CC";"CA";"2008-01-03 23:00:00+00:00";"2003-10-06 22:00:00+00:00";"13";"69";"84";"2021";"NON";"NON";"200040590";"";"";"";"2021-10-06";"8575";""
"69173";"3199";"PLU";"COM";"2014-03-16 23:00:00+00:00";"2010-07-04 22:00:00+00:00";"39";"69";"84";"2021";"NON";"NON";"69173";"";"";"";"2021-10-06";"25543";""
"69174";"3199";"PLU";"COM";"2007-11-13 23:00:00+00:00";"2002-05-01 22:00:00+00:00";"39";"69";"84";"2021";"NON";"NON";"69174";"";"";"";"2021-10-06";"8517";""
"69175";"3199";"PLU";"COM";"2014-02-25 23:00:00+00:00";"2009-02-22 23:00:00+00:00";"39";"69";"84";"2021";"NON";"NON";"69175";"";"";"";"2021-10-06";"37654";""
"69176";"3199";"PLU";"COM";"2018-12-18 23:00:00+00:00";"2017-01-22 23:00:00+00:00";"39";"69";"84";"2021";"NON";"NON";"69176";"";"";"";"2021-10-06";"154794";""
"69177";"3199";"PLU";"COM";"2013-03-10 23:00:00+00:00";"2002-12-22 23:00:00+00:00";"39";"69";"84";"2021";"NON";"NON";"69177";"";"";"";"2021-10-06";"9136";""
"69178";"3199";"PLU";"COM";"2017-12-13 23:00:00+00:00";"2005-03-24 23:00:00+00:00";"39";"69";"84";"2021";"NON";"NON";"69178";"";"";"";"2021-10-06";"9171";""
"69179";"3131";"PLU";"COM";"2016-12-11 23:00:00+00:00";"2013-03-24 23:00:00+00:00";"33";"69";"84";"2021";"NON";"NON";"69179";"";"";"";"2021-10-06";"121930";""
"69180";"3131";"PLU";"COM";"2007-12-18 23:00:00+00:00";"2002-11-28 23:00:00+00:00";"33";"69";"84";"2021";"NON";"NON";"69180";"";"";"";"2021-10-06";"8183";""
"69181";"1199";"CC";"COM";"2004-05-26 22:00:00+00:00";"2002-07-04 22:00:00+00:00";"19";"69";"84";"2021";"NON";"NON";"69181";"";"";"";"2021-10-06";"8158";""
"69184";"3199";"PLU";"COM";"2020-07-01 22:00:00+00:00";"2015-02-26 23:00:00+00:00";"39";"69";"84";"2021";"NON";"NON";"69184";"";"";"";"2021-10-06";"137946";""
"69187";"3131";"PLU";"COM";"2014-02-04 23:00:00+00:00";"2009-01-12 23:00:00+00:00";"33";"69";"84";"2021";"NON";"NON";"69187";"";"";"";"2021-10-06";"37279";""
"69188";"3199";"PLU";"COM";"2018-06-25 22:00:00+00:00";"2013-09-23 22:00:00+00:00";"39";"69";"84";"2021";"NON";"NON";"69188";"";"";"";"2021-10-06";"126305";""
"69189";"3499";"PLU";"CA";"2016-06-29 22:00:00+00:00";"2011-04-25 22:00:00+00:00";"39";"69";"84";"2021";"NON";"NON";"69189";"";"";"";"2021-10-06";"117397";""
"69190";"3199";"PLU";"COM";"2017-07-02 22:00:00+00:00";"2012-09-17 22:00:00+00:00";"39";"69";"84";"2021";"NON";"NON";"69190";"";"";"";"2021-10-06";"113358";""
"69191";"3299";"PLUi/PLUiS";"MET";"2019-05-12 22:00:00+00:00";"2012-04-15 22:00:00+00:00";"39";"69";"84";"2021";"NON";"OUI";"200046977";"";"";"";"2021-10-06";"114539";""
"69192";"1432";"CC";"CA";"2008-01-23 23:00:00+00:00";"2004-03-25 23:00:00+00:00";"13";"69";"84";"2021";"NON";"NON";"200040590";"";"";"";"2021-10-06";"8115";""
"69193";"3499";"PLU";"CA";"2016-07-17 22:00:00+00:00";"2011-11-13 23:00:00+00:00";"39";"69";"84";"2021";"NON";"NON";"69193";"";"";"";"2021-10-06";"92204";""
"69194";"3299";"PLUi/PLUiS";"MET";"2019-05-12 22:00:00+00:00";"2012-04-15 22:00:00+00:00";"39";"69";"84";"2021";"NON";"OUI";"200046977";"";"";"";"2021-10-06";"114539";""
"69196";"1432";"CC";"CC";"2006-04-02 22:00:00+00:00";"2002-03-28 23:00:00+00:00";"13";"69";"84";"2021";"NON";"NON";"69196";"";"";"";"2021-10-06";"8112";""
"69197";"3432";"PLU";"CA";"2007-11-04 23:00:00+00:00";"2002-09-30 22:00:00+00:00";"33";"69";"84";"2021";"NON";"NON";"200040590";"";"";"";"2021-10-06";"8310";""
"69198";"3432";"PLU";"CC";"2008-11-02 23:00:00+00:00";"2003-05-11 22:00:00+00:00";"33";"69";"84";"2021";"NON";"NON";"69198";"";"";"";"2021-10-06";"8300";""
"69199";"3299";"PLUi/PLUiS";"MET";"2019-05-12 22:00:00+00:00";"2012-04-15 22:00:00+00:00";"39";"69";"84";"2021";"NON";"OUI";"200046977";"";"";"";"2021-10-06";"114539";""
"69200";"3199";"PLU";"COM";"2015-02-23 23:00:00+00:00";"2005-10-03 22:00:00+00:00";"39";"69";"84";"2021";"NON";"NON";"69200";"";"";"";"2021-10-06";"8296";""
"69201";"3199";"PLU";"COM";"2020-02-23 23:00:00+00:00";"2017-05-21 22:00:00+00:00";"39";"69";"84";"2021";"NON";"NON";"69201";"";"";"";"2021-10-06";"156393";""
"69202";"3299";"PLUi/PLUiS";"MET";"2019-05-12 22:00:00+00:00";"2012-04-15 22:00:00+00:00";"39";"69";"84";"2021";"NON";"OUI";"200046977";"";"";"";"2021-10-06";"114539";""
"69203";"3199";"PLU";"COM";"2006-03-30 22:00:00+00:00";"2002-04-25 22:00:00+00:00";"39";"69";"84";"2021";"NON";"NON";"69203";"";"";"";"2021-10-06";"8261";""
"69204";"3299";"PLUi/PLUiS";"MET";"2019-05-12 22:00:00+00:00";"2012-04-15 22:00:00+00:00";"39";"69";"84";"2021";"NON";"OUI";"200046977";"";"";"";"2021-10-06";"114539";""
"69205";"3299";"PLUi/PLUiS";"MET";"2019-05-12 22:00:00+00:00";"2012-04-15 22:00:00+00:00";"39";"69";"84";"2021";"NON";"OUI";"200046977";"";"";"";"2021-10-06";"114539";""
"69206";"3432";"PLU";"CC";"2015-11-08 23:00:00+00:00";"2005-03-20 23:00:00+00:00";"33";"69";"84";"2021";"NON";"NON";"69206";"";"";"";"2021-10-06";"8321";""
"69207";"3299";"PLUi/PLUiS";"MET";"2019-05-12 22:00:00+00:00";"2012-04-15 22:00:00+00:00";"39";"69";"84";"2021";"NON";"OUI";"200046977";"";"";"";"2021-10-06";"114539";""
"69208";"3199";"PLU";"COM";"2017-03-07 23:00:00+00:00";"2014-02-23 23:00:00+00:00";"39";"69";"84";"2021";"NON";"NON";"69208";"";"";"";"2021-10-06";"129181";""
"69212";"3199";"PLU";"COM";"2014-02-27 23:00:00+00:00";"2008-07-03 22:00:00+00:00";"39";"69";"84";"2021";"NON";"NON";"69212";"";"";"";"2021-10-06";"35702";""
"69214";"3199";"PLU";"COM";"2017-04-04 22:00:00+00:00";"2011-07-21 22:00:00+00:00";"39";"69";"84";"2021";"NON";"NON";"69214";"";"";"";"2021-10-06";"76134";""
"69215";"3432";"PLU";"CA";"2009-12-14 23:00:00+00:00";"2003-06-23 22:00:00+00:00";"33";"69";"84";"2021";"NON";"NON";"200040590";"";"";"";"2021-10-06";"8304";""
"69216";"3199";"PLU";"COM";"2017-02-05 23:00:00+00:00";"2009-04-23 22:00:00+00:00";"39";"69";"84";"2021";"NON";"NON";"69216";"";"";"";"2021-10-06";"38439";""
"69218";"3432";"PLU";"CC";"2009-06-28 22:00:00+00:00";"2003-03-31 22:00:00+00:00";"33";"69";"84";"2021";"NON";"NON";"69218";"";"";"";"2021-10-06";"8337";""
"69219";"3199";"PLU";"COM";"2013-04-14 22:00:00+00:00";"2009-12-06 23:00:00+00:00";"39";"69";"84";"2021";"NON";"NON";"69219";"";"";"";"2021-10-06";"40524";""
"69225";"3199";"PLU";"COM";"2015-11-04 23:00:00+00:00";"2011-06-22 22:00:00+00:00";"39";"69";"84";"2021";"NON";"NON";"69225";"";"";"";"2021-10-06";"76138";""
"69227";"3199";"PLU";"COM";"2020-03-04 23:00:00+00:00";"2017-10-11 22:00:00+00:00";"39";"69";"84";"2021";"NON";"NON";"69227";"";"";"";"2021-10-06";"161085";""
"69228";"3199";"PLU";"COM";"2018-07-08 22:00:00+00:00";"2004-03-28 22:00:00+00:00";"39";"69";"84";"2021";"NON";"NON";"69228";"";"";"";"2021-10-06";"8614";""
"69229";"1199";"CC";"COM";"2014-07-29 22:00:00+00:00";"2008-09-07 22:00:00+00:00";"19";"69";"84";"2021";"NON";"NON";"69229";"";"";"";"2021-10-06";"35870";""
"69230";"1131";"CC";"COM";"2012-06-24 22:00:00+00:00";"2004-03-02 23:00:00+00:00";"13";"69";"84";"2021";"NON";"NON";"69230";"";"";"";"2021-10-06";"8580";""
"69231";"3131";"PLU";"COM";"2007-02-04 23:00:00+00:00";"2001-09-23 22:00:00+00:00";"33";"69";"84";"2021";"NON";"NON";"69231";"";"";"";"2021-10-06";"8454";""
"69233";"3299";"PLUi/PLUiS";"MET";"2019-05-12 22:00:00+00:00";"2012-04-15 22:00:00+00:00";"39";"69";"84";"2021";"NON";"OUI";"200046977";"";"";"";"2021-10-06";"114539";""
"69235";"3434";"PLU";"CA";"2020-01-27 23:00:00+00:00";"2016-06-19 22:00:00+00:00";"33";"69";"84";"2021";"NON";"NON";"69235";"";"";"";"2021-10-06";"149942";""
"69236";"3434";"PLU";"CA";"2006-10-25 22:00:00+00:00";"2001-10-07 22:00:00+00:00";"33";"69";"84";"2021";"NON";"NON";"69236";"";"";"";"2021-10-06";"8470";""
"69238";"3199";"PLU";"COM";"2017-03-22 23:00:00+00:00";"2012-12-05 23:00:00+00:00";"39";"69";"84";"2021";"NON";"NON";"69238";"";"";"";"2021-10-06";"120026";""
"69239";"3199";"PLU";"COM";"2018-07-22 22:00:00+00:00";"2013-01-06 23:00:00+00:00";"39";"69";"84";"2021";"NON";"NON";"69239";"";"";"";"2021-10-06";"119597";""
"69240";"3199";"PLU";"COM";"2018-05-17 22:00:00+00:00";"2011-09-15 22:00:00+00:00";"39";"69";"84";"2021";"NON";"NON";"69240";"";"";"";"2021-10-06";"103689";""
"69241";"3199";"PLU";"COM";"2016-02-28 23:00:00+00:00";"2012-10-07 22:00:00+00:00";"39";"69";"84";"2021";"NON";"NON";"69241";"";"";"";"2021-10-06";"113360";""
"69242";"3332";"PLUi/PLUiS";"CC";"2013-02-26 23:00:00+00:00";"2002-09-24 22:00:00+00:00";"33";"69";"84";"2021";"OUI";"NON";"69242";"";"";"";"2021-10-06";"48375";""
"69243";"3199";"PLU";"COM";"2013-11-18 23:00:00+00:00";"2008-10-01 22:00:00+00:00";"39";"69";"84";"2021";"NON";"NON";"69243";"";"";"";"2021-10-06";"38292";""
"69244";"3299";"PLUi/PLUiS";"MET";"2019-05-12 22:00:00+00:00";"2012-04-15 22:00:00+00:00";"39";"69";"84";"2021";"NON";"OUI";"200046977";"";"";"";"2021-10-06";"114539";""
"69245";"3131";"PLU";"COM";"2008-06-02 22:00:00+00:00";"2001-09-04 22:00:00+00:00";"33";"69";"84";"2021";"NON";"NON";"69245";"";"";"";"2021-10-06";"9202";""
"69246";"3199";"PLU";"COM";"2019-12-02 23:00:00+00:00";"2014-12-01 23:00:00+00:00";"39";"69";"84";"2021";"NON";"NON";"69246";"";"";"";"2021-10-06";"134398";""
"69248";"3199";"PLU";"COM";"2018-07-15 22:00:00+00:00";"2013-03-26 23:00:00+00:00";"39";"69";"84";"2021";"NON";"NON";"69248";"";"";"";"2021-10-06";"121979";""
"69249";"3199";"PLU";"COM";"2013-06-20 22:00:00+00:00";"2003-12-18 23:00:00+00:00";"39";"69";"84";"2021";"NON";"NON";"69249";"";"";"";"2021-10-06";"8974";""
"69250";"3299";"PLUi/PLUiS";"MET";"2019-05-12 22:00:00+00:00";"2012-04-15 22:00:00+00:00";"39";"69";"84";"2021";"NON";"OUI";"200046977";"";"";"";"2021-10-06";"114539";""
"69252";"3434";"PLU";"CA";"2006-06-07 22:00:00+00:00";"2000-05-14 22:00:00+00:00";"33";"69";"84";"2021";"NON";"NON";"69252";"";"";"";"2021-10-06";"8651";""
"69253";"3499";"PLU";"CA";"2018-11-05 23:00:00+00:00";"2014-01-21 23:00:00+00:00";"39";"69";"84";"2021";"NON";"NON";"69253";"";"";"";"2021-10-06";"128235";""
"69254";"3199";"PLU";"COM";"2016-09-29 22:00:00+00:00";"2009-10-22 22:00:00+00:00";"39";"69";"84";"2021";"NON";"NON";"69254";"";"";"";"2021-10-06";"41711";""
"69255";"3199";"PLU";"COM";"2013-10-20 22:00:00+00:00";"2008-12-14 23:00:00+00:00";"39";"69";"84";"2021";"NON";"NON";"69255";"";"";"";"2021-10-06";"37232";""
"69256";"3299";"PLUi/PLUiS";"MET";"2019-05-12 22:00:00+00:00";"2012-04-15 22:00:00+00:00";"39";"69";"84";"2021";"NON";"OUI";"200046977";"";"";"";"2021-10-06";"114539";""
"69257";"1432";"CC";"CA";"2009-03-16 23:00:00+00:00";"2002-07-29 22:00:00+00:00";"13";"69";"84";"2021";"NON";"NON";"200040590";"";"";"";"2021-10-06";"9219";""
"69259";"3299";"PLUi/PLUiS";"MET";"2019-05-12 22:00:00+00:00";"2012-04-15 22:00:00+00:00";"39";"69";"84";"2021";"NON";"OUI";"200046977";"";"";"";"2021-10-06";"114539";""
"69260";"3299";"PLUi/PLUiS";"MET";"2019-05-12 22:00:00+00:00";"2012-04-15 22:00:00+00:00";"39";"69";"84";"2021";"NON";"OUI";"200046977";"";"";"";"2021-10-06";"114539";""
"69263";"1199";"CC";"COM";"2003-11-05 23:00:00+00:00";"2001-12-12 23:00:00+00:00";"19";"69";"84";"2021";"NON";"NON";"69263";"";"";"";"2021-10-06";"9175";""
"69264";"3332";"PLUi/PLUiS";"CA";"2013-11-17 23:00:00+00:00";"2012-06-27 22:00:00+00:00";"33";"69";"84";"2021";"OUI";"NON";"200040590";"";"";"";"2021-10-06";"114503";""
"69265";"3432";"PLU";"CA";"2015-02-18 23:00:00+00:00";"2006-09-03 22:00:00+00:00";"33";"69";"84";"2021";"NON";"NON";"200040590";"";"";"";"2021-10-06";"19799";""
"69266";"3299";"PLUi/PLUiS";"MET";"2019-05-12 22:00:00+00:00";"2012-04-15 22:00:00+00:00";"39";"69";"84";"2021";"NON";"OUI";"200046977";"";"";"";"2021-10-06";"114539";""
"69267";"3432";"PLU";"CC";"2015-12-15 23:00:00+00:00";"2010-04-13 22:00:00+00:00";"33";"69";"84";"2021";"NON";"NON";"69267";"";"";"";"2021-10-06";"114723";""
"69268";"3199";"PLU";"COM";"2014-02-19 23:00:00+00:00";"2011-10-19 22:00:00+00:00";"39";"69";"84";"2021";"NON";"NON";"69268";"";"";"";"2021-10-06";"102380";""
"69269";"3199";"PLU";"COM";"2008-02-04 23:00:00+00:00";"2004-04-12 22:00:00+00:00";"39";"69";"84";"2021";"NON";"NON";"69269";"";"";"";"2021-10-06";"9064";""
"69270";"3131";"PLU";"COM";"2007-06-04 22:00:00+00:00";"2003-11-26 23:00:00+00:00";"33";"69";"84";"2021";"NON";"NON";"69270";"";"";"";"2021-10-06";"9261";""
"69271";"3299";"PLUi/PLUiS";"MET";"2019-05-12 22:00:00+00:00";"2012-04-15 22:00:00+00:00";"39";"69";"84";"2021";"NON";"OUI";"200046977";"";"";"";"2021-10-06";"114539";""
"69272";"3131";"PLU";"COM";"2005-09-05 22:00:00+00:00";"2001-09-10 22:00:00+00:00";"33";"69";"84";"2021";"NON";"NON";"69272";"";"";"";"2021-10-06";"7222";""
"69273";"3299";"PLUi/PLUiS";"MET";"2019-05-12 22:00:00+00:00";"2012-04-15 22:00:00+00:00";"39";"69";"84";"2021";"NON";"OUI";"200046977";"";"";"";"2021-10-06";"114539";""
"69275";"3299";"PLUi/PLUiS";"MET";"2019-05-12 22:00:00+00:00";"2012-04-15 22:00:00+00:00";"39";"69";"84";"2021";"NON";"OUI";"200046977";"";"";"";"2021-10-06";"114539";""
"69276";"3299";"PLUi/PLUiS";"MET";"2019-05-12 22:00:00+00:00";"2012-04-15 22:00:00+00:00";"39";"69";"84";"2021";"NON";"OUI";"200046977";"";"";"";"2021-10-06";"114539";""
"69277";"3199";"PLU";"COM";"2019-04-07 22:00:00+00:00";"2014-09-28 22:00:00+00:00";"39";"69";"84";"2021";"NON";"NON";"69277";"";"";"";"2021-10-06";"133101";""
"69278";"3299";"PLUi/PLUiS";"MET";"2019-05-12 22:00:00+00:00";"2012-04-15 22:00:00+00:00";"39";"69";"84";"2021";"NON";"OUI";"200046977";"";"";"";"2021-10-06";"114539";""
"69279";"3299";"PLUi/PLUiS";"MET";"2019-05-12 22:00:00+00:00";"2012-04-15 22:00:00+00:00";"39";"69";"84";"2021";"NON";"OUI";"200046977";"";"";"";"2021-10-06";"114539";""
"69280";"3199";"PLU";"COM";"2020-10-22 22:00:00+00:00";"2010-11-25 23:00:00+00:00";"39";"69";"84";"2021";"NON";"NON";"69280";"";"";"";"2021-10-06";"63012";""
"69281";"3199";"PLU";"COM";"2021-04-12 22:00:00+00:00";"2015-11-02 23:00:00+00:00";"39";"69";"84";"2021";"NON";"NON";"69281";"";"";"";"2021-10-06";"142639";""
"69282";"3299";"PLUi/PLUiS";"MET";"2019-05-12 22:00:00+00:00";"2012-04-15 22:00:00+00:00";"39";"69";"84";"2021";"NON";"OUI";"200046977";"";"";"";"2021-10-06";"114539";""
"69283";"3299";"PLUi/PLUiS";"MET";"2019-05-12 22:00:00+00:00";"2012-04-15 22:00:00+00:00";"39";"69";"84";"2021";"NON";"OUI";"200046977";"";"";"";"2021-10-06";"114539";""
"69284";"3299";"PLUi/PLUiS";"MET";"2019-05-12 22:00:00+00:00";"2012-04-15 22:00:00+00:00";"39";"69";"84";"2021";"NON";"OUI";"200046977";"";"";"";"2021-10-06";"114539";""
"69285";"3199";"PLU";"COM";"2015-11-08 23:00:00+00:00";"2011-01-23 23:00:00+00:00";"39";"69";"84";"2021";"NON";"NON";"69285";"";"";"";"2021-10-06";"63009";""
"69286";"3299";"PLUi/PLUiS";"MET";"2019-05-12 22:00:00+00:00";"2012-04-15 22:00:00+00:00";"39";"69";"84";"2021";"NON";"OUI";"200046977";"";"";"";"2021-10-06";"114539";""
"69287";"3199";"PLU";"COM";"2020-02-19 23:00:00+00:00";"2012-03-14 23:00:00+00:00";"39";"69";"84";"2021";"NON";"NON";"69287";"";"";"";"2021-10-06";"107715";""
"69288";"3199";"PLU";"COM";"2012-07-10 22:00:00+00:00";"2005-03-29 22:00:00+00:00";"39";"69";"84";"2021";"NON";"NON";"69288";"";"";"";"2021-10-06";"8500";""
"69289";"3199";"PLU";"COM";"2019-02-27 23:00:00+00:00";"2015-11-24 23:00:00+00:00";"39";"69";"84";"2021";"NON";"NON";"69289";"";"";"";"2021-10-06";"142638";""
"69290";"3299";"PLUi/PLUiS";"MET";"2019-05-12 22:00:00+00:00";"2012-04-15 22:00:00+00:00";"39";"69";"84";"2021";"NON";"OUI";"200046977";"";"";"";"2021-10-06";"114539";""
"69291";"3131";"PLU";"COM";"2013-02-25 23:00:00+00:00";"2009-09-28 22:00:00+00:00";"33";"69";"84";"2021";"NON";"NON";"69291";"";"";"";"2021-10-06";"39456";""
"69292";"3299";"PLUi/PLUiS";"MET";"2019-05-12 22:00:00+00:00";"2012-04-15 22:00:00+00:00";"39";"69";"84";"2021";"NON";"OUI";"200046977";"";"";"";"2021-10-06";"114539";""
"69293";"3299";"PLUi/PLUiS";"MET";"2019-05-12 22:00:00+00:00";"2012-04-15 22:00:00+00:00";"39";"69";"84";"2021";"NON";"OUI";"200046977";"";"";"";"2021-10-06";"114539";""
"69294";"3199";"PLU";"COM";"2013-02-20 23:00:00+00:00";"2009-11-04 23:00:00+00:00";"39";"69";"84";"2021";"NON";"NON";"69294";"";"";"";"2021-10-06";"41872";""
"69295";"3199";"PLU";"COM";"2013-12-18 23:00:00+00:00";"2009-12-01 23:00:00+00:00";"39";"69";"84";"2021";"NON";"NON";"69295";"";"";"";"2021-10-06";"40594";""
"69296";"3299";"PLUi/PLUiS";"MET";"2019-05-12 22:00:00+00:00";"2012-04-15 22:00:00+00:00";"39";"69";"84";"2021";"NON";"OUI";"200046977";"";"";"";"2021-10-06";"114539";""
"69297";"3199";"PLU";"COM";"2013-06-10 22:00:00+00:00";"2010-04-11 22:00:00+00:00";"39";"69";"84";"2021";"NON";"NON";"69297";"";"";"";"2021-10-06";"41873";""
"69298";"3199";"PLU";"COM";"2014-07-16 22:00:00+00:00";"2009-02-11 23:00:00+00:00";"39";"69";"84";"2021";"NON";"NON";"69298";"";"";"";"2021-10-06";"37649";""
"69299";"3199";"PLU";"COM";"2017-06-27 22:00:00+00:00";"2013-06-04 22:00:00+00:00";"39";"69";"84";"2021";"NON";"NON";"69299";"";"";"";"2021-10-06";"122443";""
"70004";"1432";"CC";"CC";"2013-02-03 23:00:00+00:00";"2010-05-27 22:00:00+00:00";"13";"70";"27";"2021";"NON";"NON";"70004";"";"";"";"2021-10-06";"120700";""
"70005";"1432";"CC";"CC";"2015-08-25 22:00:00+00:00";"2012-02-23 23:00:00+00:00";"13";"70";"27";"2021";"NON";"NON";"70005";"";"";"";"2021-10-06";"107834";""
"70006";"3332";"PLUi/PLUiS";"CC";"2007-12-18 23:00:00+00:00";"2003-11-25 23:00:00+00:00";"33";"70";"27";"2021";"OUI";"NON";"70006";"";"";"";"2021-10-06";"96286";""
"70008";"3332";"PLUi/PLUiS";"CC";"2007-12-18 23:00:00+00:00";"2003-11-25 23:00:00+00:00";"33";"70";"27";"2021";"OUI";"NON";"70008";"";"";"";"2021-10-06";"96286";""
"70012";"1199";"CC";"COM";"2020-01-23 23:00:00+00:00";"2015-12-17 23:00:00+00:00";"19";"70";"27";"2021";"NON";"NON";"70012";"";"";"";"2021-10-06";"143548";""
"70014";"3299";"PLUi/PLUiS";"CC";"2018-06-25 22:00:00+00:00";"2011-11-21 23:00:00+00:00";"39";"70";"27";"2021";"NON";"OUI";"70014";"";"";"";"2021-10-06";"96837";""
"70015";"3199";"PLU";"COM";"2013-09-19 22:00:00+00:00";"2011-02-10 23:00:00+00:00";"39";"70";"27";"2021";"NON";"NON";"70015";"";"";"";"2021-10-06";"95636";""
"70017";"1432";"CC";"CC";"2013-11-20 23:00:00+00:00";"2008-12-01 23:00:00+00:00";"13";"70";"27";"2021";"NON";"NON";"70017";"";"";"";"2021-10-06";"67178";""
"70018";"3399";"PLUi/PLUiS";"CC";"2012-12-12 23:00:00+00:00";"2009-10-07 22:00:00+00:00";"39";"70";"27";"2021";"OUI";"NON";"70018";"";"";"";"2021-10-06";"72279";""
"70019";"3332";"PLUi/PLUiS";"CA";"2013-06-09 22:00:00+00:00";"2008-12-09 23:00:00+00:00";"33";"70";"27";"2021";"OUI";"NON";"70019";"";"";"";"2021-10-06";"96197";""
"70020";"3332";"PLUi/PLUiS";"CA";"2013-06-09 22:00:00+00:00";"2008-12-09 23:00:00+00:00";"33";"70";"27";"2021";"OUI";"NON";"70020";"";"";"";"2021-10-06";"96197";""
"70021";"3299";"PLUi/PLUiS";"CC";"2018-06-25 22:00:00+00:00";"2011-11-21 23:00:00+00:00";"39";"70";"27";"2021";"NON";"OUI";"70021";"";"";"";"2021-10-06";"96837";""
"70022";"3299";"PLUi/PLUiS";"CC";"2016-08-28 22:00:00+00:00";"2009-07-05 22:00:00+00:00";"39";"70";"27";"2021";"NON";"OUI";"70022";"";"";"";"2021-10-06";"94736";""
"70024";"3399";"PLUi/PLUiS";"CC";"2012-12-12 23:00:00+00:00";"2009-10-07 22:00:00+00:00";"39";"70";"27";"2021";"OUI";"NON";"70024";"";"";"";"2021-10-06";"72279";""
"70026";"3399";"PLUi/PLUiS";"CC";"2012-12-12 23:00:00+00:00";"2009-10-07 22:00:00+00:00";"39";"70";"27";"2021";"OUI";"NON";"70026";"";"";"";"2021-10-06";"72279";""
"70028";"3299";"PLUi/PLUiS";"CC";"2018-06-19 22:00:00+00:00";"2012-04-11 22:00:00+00:00";"39";"70";"27";"2021";"NON";"OUI";"247000367";"";"";"";"2021-10-06";"105524";""
"70029";"3299";"PLUi/PLUiS";"CC";"2018-06-25 22:00:00+00:00";"2011-11-21 23:00:00+00:00";"39";"70";"27";"2021";"NON";"OUI";"70029";"";"";"";"2021-10-06";"96837";""
"70037";"1199";"CC";"COM";"2020-01-29 23:00:00+00:00";"2017-02-12 23:00:00+00:00";"19";"70";"27";"2021";"NON";"NON";"70037";"";"";"";"2021-10-06";"133248";""
"70038";"1432";"CC";"CC";"2008-01-06 23:00:00+00:00";"2006-04-12 22:00:00+00:00";"13";"70";"27";"2021";"NON";"NON";"200041853";"";"";"";"2021-10-06";"164794";""
"70039";"3299";"PLUi/PLUiS";"CC";"2016-08-28 22:00:00+00:00";"2009-07-05 22:00:00+00:00";"39";"70";"27";"2021";"NON";"OUI";"70039";"";"";"";"2021-10-06";"94736";""
"70044";"3199";"PLU";"COM";"2003-06-26 22:00:00+00:00";"1998-11-26 23:00:00+00:00";"39";"70";"27";"2021";"NON";"NON";"70044";"";"";"";"2021-10-06";"54203";""
"70046";"3299";"PLUi/PLUiS";"CC";"2018-06-25 22:00:00+00:00";"2011-11-21 23:00:00+00:00";"39";"70";"27";"2021";"NON";"OUI";"70046";"";"";"";"2021-10-06";"96837";""
"70047";"3299";"PLUi/PLUiS";"CC";"2018-06-19 22:00:00+00:00";"2012-04-11 22:00:00+00:00";"39";"70";"27";"2021";"NON";"OUI";"247000367";"";"";"";"2021-10-06";"105524";""
"70052";"1432";"CC";"CC";"2011-07-07 22:00:00+00:00";"2009-03-26 23:00:00+00:00";"13";"70";"27";"2021";"NON";"NON";"70052";"";"";"";"2021-10-06";"67180";""
"70053";"3299";"PLUi/PLUiS";"CC";"2016-08-28 22:00:00+00:00";"2009-07-05 22:00:00+00:00";"39";"70";"27";"2021";"NON";"OUI";"70053";"";"";"";"2021-10-06";"94736";""
"70054";"1499";"CC";"CC";"2009-02-12 23:00:00+00:00";"2005-06-11 22:00:00+00:00";"19";"70";"27";"2021";"NON";"NON";"70054";"";"";"";"2021-10-06";"97301";""
"70055";"1199";"CC";"COM";"2003-12-16 23:00:00+00:00";"2001-08-02 22:00:00+00:00";"19";"70";"27";"2021";"NON";"NON";"70055";"";"";"";"2021-10-06";"69904";""
"70056";"3199";"PLU";"COM";"2020-12-03 23:00:00+00:00";"2015-12-16 23:00:00+00:00";"39";"70";"27";"2021";"NON";"NON";"70056";"";"";"";"2021-10-06";"144216";""
"70062";"1499";"CC";"CC";"2009-12-30 23:00:00+00:00";"2006-12-07 23:00:00+00:00";"19";"70";"27";"2021";"NON";"NON";"70062";"";"";"";"2021-10-06";"99190";""
"70063";"1499";"CC";"CC";"2011-08-04 22:00:00+00:00";"2006-12-07 23:00:00+00:00";"19";"70";"27";"2021";"NON";"NON";"70063";"";"";"";"2021-10-06";"99497";""
"70064";"1432";"CC";"CC";"2007-12-20 23:00:00+00:00";"2006-04-02 22:00:00+00:00";"13";"70";"27";"2021";"NON";"NON";"247000722";"";"";"";"2021-10-06";"68477";""
"70065";"1432";"CC";"CC";"2013-10-23 22:00:00+00:00";"2011-11-27 23:00:00+00:00";"13";"70";"27";"2021";"NON";"NON";"200041853";"";"";"";"2021-10-06";"96891";""
"70072";"1432";"CC";"CC";"2012-07-29 22:00:00+00:00";"2010-04-01 22:00:00+00:00";"13";"70";"27";"2021";"NON";"NON";"70072";"";"";"";"2021-10-06";"98916";""
"70075";"1199";"CC";"COM";"2007-03-05 23:00:00+00:00";"2004-12-05 23:00:00+00:00";"19";"70";"27";"2021";"NON";"NON";"70075";"";"";"";"2021-10-06";"68478";""
"70079";"3199";"PLU";"COM";"2020-06-11 22:00:00+00:00";"2015-12-17 23:00:00+00:00";"39";"70";"27";"2021";"NON";"NON";"70079";"";"";"";"2021-10-06";"144213";""
"70082";"1432";"CC";"CC";"2011-05-15 22:00:00+00:00";"2007-11-30 23:00:00+00:00";"13";"70";"27";"2021";"NON";"NON";"200041853";"";"";"";"2021-10-06";"164802";""
"70083";"1432";"CC";"CC";"2008-06-25 22:00:00+00:00";"2006-04-30 22:00:00+00:00";"13";"70";"27";"2021";"NON";"NON";"70083";"";"";"";"2021-10-06";"68479";""
"70085";"3432";"PLU";"CC";"2013-01-27 23:00:00+00:00";"2008-07-02 22:00:00+00:00";"33";"70";"27";"2021";"NON";"NON";"247000706";"";"";"";"2021-10-06";"94402";""
"70088";"3299";"PLUi/PLUiS";"CC";"2016-08-28 22:00:00+00:00";"2009-07-05 22:00:00+00:00";"39";"70";"27";"2021";"NON";"OUI";"70088";"";"";"";"2021-10-06";"94736";""
"70090";"3299";"PLUi/PLUiS";"CC";"2018-06-19 22:00:00+00:00";"2012-04-11 22:00:00+00:00";"39";"70";"27";"2021";"NON";"OUI";"247000367";"";"";"";"2021-10-06";"105524";""
"70094";"1199";"CC";"COM";"2008-07-23 22:00:00+00:00";"2006-05-31 22:00:00+00:00";"19";"70";"27";"2021";"NON";"NON";"70094";"";"";"";"2021-10-06";"68480";""
"70095";"3199";"PLU";"COM";"2007-10-11 22:00:00+00:00";"2002-06-07 22:00:00+00:00";"39";"70";"27";"2021";"NON";"NON";"70095";"";"";"";"2021-10-06";"54196";""
"70097";"3332";"PLUi/PLUiS";"CC";"2007-12-18 23:00:00+00:00";"2003-11-25 23:00:00+00:00";"33";"70";"27";"2021";"OUI";"NON";"70097";"";"";"";"2021-10-06";"96286";""
"70100";"1499";"CC";"CC";"2009-04-23 22:00:00+00:00";"2006-02-28 23:00:00+00:00";"19";"70";"27";"2021";"NON";"NON";"70100";"";"";"";"2021-10-06";"69880";""
"70102";"3199";"PLU";"COM";"2010-05-16 22:00:00+00:00";"2006-02-28 23:00:00+00:00";"39";"70";"27";"2021";"NON";"NON";"70102";"";"";"";"2021-10-06";"54222";""
"70103";"1499";"CC";"CC";"2008-07-20 22:00:00+00:00";"2005-10-07 22:00:00+00:00";"19";"70";"27";"2021";"NON";"NON";"247000854";"";"";"";"2021-10-06";"68481";""
"70104";"3299";"PLUi/PLUiS";"CC";"2016-08-28 22:00:00+00:00";"2009-07-05 22:00:00+00:00";"39";"70";"27";"2021";"NON";"OUI";"70104";"";"";"";"2021-10-06";"94736";""
"70105";"3299";"PLUi/PLUiS";"CC";"2018-06-19 22:00:00+00:00";"2012-04-11 22:00:00+00:00";"39";"70";"27";"2021";"NON";"OUI";"247000367";"";"";"";"2021-10-06";"105524";""
"70107";"3432";"PLU";"CC";"2006-01-11 23:00:00+00:00";"2001-12-18 23:00:00+00:00";"33";"70";"27";"2021";"NON";"NON";"247000706";"";"";"";"2021-10-06";"100309";""
"70111";"1432";"CC";"CC";"2006-11-16 23:00:00+00:00";"2004-03-26 23:00:00+00:00";"13";"70";"27";"2021";"NON";"NON";"200041861";"";"";"";"2021-10-06";"69881";""
"70118";"1432";"CC";"CC";"2007-07-17 22:00:00+00:00";"2004-03-11 23:00:00+00:00";"13";"70";"27";"2021";"NON";"NON";"247000706";"";"";"";"2021-10-06";"93876";""
"70120";"3432";"PLU";"CC";"2018-11-05 23:00:00+00:00";"2010-12-14 23:00:00+00:00";"33";"70";"27";"2021";"NON";"NON";"70120";"";"";"";"2021-10-06";"100026";""
"70121";"3432";"PLU";"CC";"2005-09-13 22:00:00+00:00";"2002-02-21 23:00:00+00:00";"33";"70";"27";"2021";"NON";"NON";"70121";"";"";"";"2021-10-06";"54224";""
"70122";"3199";"PLU";"COM";"2015-12-09 23:00:00+00:00";"2010-09-07 22:00:00+00:00";"39";"70";"27";"2021";"NON";"NON";"70122";"";"";"";"2021-10-06";"63017";""
"70125";"1499";"CC";"CC";"2009-05-25 22:00:00+00:00";"2008-04-19 22:00:00+00:00";"19";"70";"27";"2021";"NON";"NON";"70125";"";"";"";"2021-10-06";"93930";""
"70127";"3299";"PLUi/PLUiS";"CC";"2018-06-19 22:00:00+00:00";"2012-04-11 22:00:00+00:00";"39";"70";"27";"2021";"NON";"OUI";"247000367";"";"";"";"2021-10-06";"105524";""
"70129";"3299";"PLUi/PLUiS";"CC";"2016-08-28 22:00:00+00:00";"2009-07-05 22:00:00+00:00";"39";"70";"27";"2021";"NON";"OUI";"70129";"";"";"";"2021-10-06";"94736";""
"70130";"3299";"PLUi/PLUiS";"CC";"2016-08-28 22:00:00+00:00";"2009-07-05 22:00:00+00:00";"39";"70";"27";"2021";"NON";"OUI";"70130";"";"";"";"2021-10-06";"94736";""
"70132";"3499";"PLU";"CC";"2004-07-20 22:00:00+00:00";"2001-10-03 22:00:00+00:00";"39";"70";"27";"2021";"NON";"NON";"70132";"";"";"";"2021-10-06";"54225";""
"70134";"3332";"PLUi/PLUiS";"CA";"2013-06-09 22:00:00+00:00";"2008-12-09 23:00:00+00:00";"33";"70";"27";"2021";"OUI";"NON";"70134";"";"";"";"2021-10-06";"96197";""
"70137";"1432";"CC";"CC";"2008-01-20 23:00:00+00:00";"2006-04-12 22:00:00+00:00";"13";"70";"27";"2021";"NON";"NON";"200041853";"";"";"";"2021-10-06";"164795";""
"70138";"3299";"PLUi/PLUiS";"CC";"2018-06-19 22:00:00+00:00";"2012-04-11 22:00:00+00:00";"39";"70";"27";"2021";"NON";"OUI";"247000367";"";"";"";"2021-10-06";"105524";""
"70141";"1432";"CC";"CC";"2010-10-06 22:00:00+00:00";"2008-05-09 22:00:00+00:00";"13";"70";"27";"2021";"NON";"NON";"200041861";"";"";"";"2021-10-06";"69906";""
"70142";"1199";"CC";"COM";"2011-05-31 22:00:00+00:00";"2008-04-30 22:00:00+00:00";"19";"70";"27";"2021";"NON";"NON";"70142";"";"";"";"2021-10-06";"66411";""
"70146";"1199";"CC";"COM";"2010-11-04 23:00:00+00:00";"2006-03-01 23:00:00+00:00";"19";"70";"27";"2021";"NON";"NON";"70146";"";"";"";"2021-10-06";"70363";""
"70147";"1432";"CC";"CC";"2005-10-23 22:00:00+00:00";"2002-05-23 22:00:00+00:00";"13";"70";"27";"2021";"NON";"NON";"70147";"";"";"";"2021-10-06";"68483";""
"70148";"3299";"PLUi/PLUiS";"CC";"2018-06-19 22:00:00+00:00";"2012-04-11 22:00:00+00:00";"39";"70";"27";"2021";"NON";"OUI";"247000367";"";"";"";"2021-10-06";"105524";""
"70149";"3432";"PLU";"CC";"2005-08-25 22:00:00+00:00";"2001-10-04 22:00:00+00:00";"33";"70";"27";"2021";"NON";"NON";"70149";"";"";"";"2021-10-06";"54226";""
"70150";"1199";"CC";"COM";"2010-11-21 23:00:00+00:00";"2009-05-01 22:00:00+00:00";"19";"70";"27";"2021";"NON";"NON";"70150";"";"";"";"2021-10-06";"70364";""
"70152";"3299";"PLUi/PLUiS";"CC";"2016-08-28 22:00:00+00:00";"2009-07-05 22:00:00+00:00";"39";"70";"27";"2021";"NON";"OUI";"70152";"";"";"";"2021-10-06";"94736";""
"70154";"1432";"CC";"CC";"2011-05-15 22:00:00+00:00";"2008-07-05 22:00:00+00:00";"13";"70";"27";"2021";"NON";"NON";"247000706";"";"";"";"2021-10-06";"93878";""
"70155";"1432";"CC";"CC";"2008-06-14 22:00:00+00:00";"2004-11-11 23:00:00+00:00";"13";"70";"27";"2021";"NON";"NON";"70155";"";"";"";"2021-10-06";"68484";""
"70156";"3299";"PLUi/PLUiS";"CC";"2016-08-28 22:00:00+00:00";"2009-07-05 22:00:00+00:00";"39";"70";"27";"2021";"NON";"OUI";"70156";"";"";"";"2021-10-06";"94736";""
"70158";"3299";"PLUi/PLUiS";"CC";"2018-06-19 22:00:00+00:00";"2012-04-11 22:00:00+00:00";"39";"70";"27";"2021";"NON";"OUI";"247000367";"";"";"";"2021-10-06";"105524";""
"70159";"1432";"CC";"CC";"2011-05-15 22:00:00+00:00";"2007-11-30 23:00:00+00:00";"13";"70";"27";"2021";"NON";"NON";"200041853";"";"";"";"2021-10-06";"164803";""
"70163";"3332";"PLUi/PLUiS";"CA";"2013-06-09 22:00:00+00:00";"2008-12-09 23:00:00+00:00";"33";"70";"27";"2021";"OUI";"NON";"70163";"";"";"";"2021-10-06";"96197";""
"70165";"3131";"PLU";"COM";"2007-08-09 22:00:00+00:00";"2004-01-19 23:00:00+00:00";"33";"70";"27";"2021";"NON";"NON";"70165";"";"";"";"2021-10-06";"54229";""
"70166";"3332";"PLUi/PLUiS";"CA";"2013-06-09 22:00:00+00:00";"2008-12-09 23:00:00+00:00";"33";"70";"27";"2021";"OUI";"NON";"70166";"";"";"";"2021-10-06";"96197";""
"70167";"3199";"PLU";"COM";"2010-03-24 23:00:00+00:00";"2007-05-14 22:00:00+00:00";"39";"70";"27";"2021";"NON";"NON";"70167";"";"";"";"2021-10-06";"54217";""
"70169";"3299";"PLUi/PLUiS";"CC";"2018-06-19 22:00:00+00:00";"2012-04-11 22:00:00+00:00";"39";"70";"27";"2021";"NON";"OUI";"70169";"";"";"";"2021-10-06";"105524";""
"70171";"3332";"PLUi/PLUiS";"CC";"2007-12-18 23:00:00+00:00";"2003-11-25 23:00:00+00:00";"33";"70";"27";"2021";"OUI";"NON";"70171";"";"";"";"2021-10-06";"96286";""
"70174";"1432";"CC";"CC";"2005-07-28 22:00:00+00:00";"2002-07-09 22:00:00+00:00";"13";"70";"27";"2021";"NON";"NON";"247000706";"";"";"";"2021-10-06";"93882";""
"70175";"1199";"CC";"COM";"2008-06-01 22:00:00+00:00";"2005-09-15 22:00:00+00:00";"19";"70";"27";"2021";"NON";"NON";"70175";"";"";"";"2021-10-06";"68486";""
"70177";"1111";"CC";"COM";"2012-12-10 23:00:00+00:00";"2009-05-27 22:00:00+00:00";"11";"70";"27";"2021";"NON";"NON";"70177";"";"";"";"2021-10-06";"66646";""
"70178";"3299";"PLUi/PLUiS";"CC";"2018-06-25 22:00:00+00:00";"2011-11-21 23:00:00+00:00";"39";"70";"27";"2021";"NON";"OUI";"70178";"";"";"";"2021-10-06";"96837";""
"70179";"3332";"PLUi/PLUiS";"CA";"2013-06-09 22:00:00+00:00";"2008-12-09 23:00:00+00:00";"33";"70";"27";"2021";"OUI";"NON";"70179";"";"";"";"2021-10-06";"96197";""
"70181";"1199";"CC";"COM";"2011-03-10 23:00:00+00:00";"2008-07-31 22:00:00+00:00";"19";"70";"27";"2021";"NON";"NON";"70181";"";"";"";"2021-10-06";"66414";""
"70187";"1432";"CC";"CC";"2009-12-20 23:00:00+00:00";"2002-06-05 22:00:00+00:00";"13";"70";"27";"2021";"NON";"NON";"70187";"";"";"";"2021-10-06";"69884";""
"70189";"1432";"CC";"CC";"2008-10-26 23:00:00+00:00";"2007-02-19 23:00:00+00:00";"13";"70";"27";"2021";"NON";"NON";"247000706";"";"";"";"2021-10-06";"93885";""
"70192";"1199";"CC";"COM";"2011-02-02 23:00:00+00:00";"2009-07-04 22:00:00+00:00";"19";"70";"27";"2021";"NON";"NON";"70192";"";"";"";"2021-10-06";"72074";""
"70198";"3199";"PLU";"COM";"2015-05-17 22:00:00+00:00";"2011-01-30 23:00:00+00:00";"39";"70";"27";"2021";"NON";"NON";"70198";"";"";"";"2021-10-06";"115501";""
"70203";"3332";"PLUi/PLUiS";"CC";"2013-06-24 22:00:00+00:00";"2004-02-19 23:00:00+00:00";"33";"70";"27";"2021";"OUI";"NON";"200041853";"";"";"";"2021-10-06";"71186";""
"70206";"3432";"PLU";"CC";"2007-06-07 22:00:00+00:00";"2003-01-16 23:00:00+00:00";"33";"70";"27";"2021";"NON";"NON";"70206";"";"";"";"2021-10-06";"63022";""
"70207";"3332";"PLUi/PLUiS";"CA";"2013-06-09 22:00:00+00:00";"2008-12-09 23:00:00+00:00";"33";"70";"27";"2021";"OUI";"NON";"70207";"";"";"";"2021-10-06";"96197";""
"70208";"3332";"PLUi/PLUiS";"CC";"2013-06-24 22:00:00+00:00";"2004-02-19 23:00:00+00:00";"33";"70";"27";"2021";"OUI";"NON";"200041853";"";"";"";"2021-10-06";"71186";""
"70210";"1499";"CC";"CC";"2010-06-13 22:00:00+00:00";"2005-07-24 22:00:00+00:00";"19";"70";"27";"2021";"NON";"NON";"70210";"";"";"";"2021-10-06";"70366";""
"70218";"1499";"CC";"CC";"2009-05-25 22:00:00+00:00";"2008-02-06 23:00:00+00:00";"19";"70";"27";"2021";"NON";"NON";"70218";"";"";"";"2021-10-06";"97311";""
"70220";"3499";"PLU";"CC";"2006-03-13 23:00:00+00:00";"2002-06-18 22:00:00+00:00";"39";"70";"27";"2021";"NON";"NON";"70220";"";"";"";"2021-10-06";"54243";""
"70222";"3299";"PLUi/PLUiS";"CC";"2016-08-28 22:00:00+00:00";"2009-07-05 22:00:00+00:00";"39";"70";"27";"2021";"NON";"OUI";"70222";"";"";"";"2021-10-06";"94736";""
"70227";"3499";"PLU";"CC";"2015-06-26 22:00:00+00:00";"2005-01-07 23:00:00+00:00";"39";"70";"27";"2021";"NON";"NON";"247000854";"";"";"";"2021-10-06";"49827";""
"70228";"3131";"PLU";"COM";"2003-09-17 22:00:00+00:00";"2000-09-11 22:00:00+00:00";"33";"70";"27";"2021";"NON";"NON";"70228";"";"";"";"2021-10-06";"54245";""
"70229";"3299";"PLUi/PLUiS";"CC";"2018-06-25 22:00:00+00:00";"2011-11-21 23:00:00+00:00";"39";"70";"27";"2021";"NON";"OUI";"70229";"";"";"";"2021-10-06";"96837";""
"70232";"3299";"PLUi/PLUiS";"CC";"2018-06-19 22:00:00+00:00";"2012-04-11 22:00:00+00:00";"39";"70";"27";"2021";"NON";"OUI";"247000367";"";"";"";"2021-10-06";"105524";""
"70236";"1131";"CC";"COM";"2006-12-12 23:00:00+00:00";"2005-09-24 22:00:00+00:00";"13";"70";"27";"2021";"NON";"NON";"70236";"";"";"";"2021-10-06";"68488";""
"70238";"3332";"PLUi/PLUiS";"CC";"2007-12-18 23:00:00+00:00";"2003-11-25 23:00:00+00:00";"33";"70";"27";"2021";"OUI";"NON";"70238";"";"";"";"2021-10-06";"96286";""
"70239";"1432";"CC";"CC";"2012-12-10 23:00:00+00:00";"2005-03-23 23:00:00+00:00";"13";"70";"27";"2021";"NON";"NON";"247000706";"";"";"";"2021-10-06";"93370";""
"70240";"3332";"PLUi/PLUiS";"CC";"2007-12-18 23:00:00+00:00";"2003-11-25 23:00:00+00:00";"33";"70";"27";"2021";"OUI";"NON";"70240";"";"";"";"2021-10-06";"96286";""
"70242";"1432";"CC";"CC";"2011-07-07 22:00:00+00:00";"2008-11-27 23:00:00+00:00";"13";"70";"27";"2021";"NON";"NON";"70242";"";"";"";"2021-10-06";"67182";""
"70243";"1432";"CC";"CC";"2008-01-06 23:00:00+00:00";"2006-04-12 22:00:00+00:00";"13";"70";"27";"2021";"NON";"NON";"200041853";"";"";"";"2021-10-06";"164796";""
"70245";"3332";"PLUi/PLUiS";"CC";"2007-12-18 23:00:00+00:00";"2003-11-25 23:00:00+00:00";"33";"70";"27";"2021";"OUI";"NON";"70245";"";"";"";"2021-10-06";"96286";""
"70248";"3432";"PLU";"CC";"2005-10-09 22:00:00+00:00";"2001-11-20 23:00:00+00:00";"33";"70";"27";"2021";"NON";"NON";"70248";"";"";"";"2021-10-06";"94603";""
"70249";"3332";"PLUi/PLUiS";"CC";"2007-12-18 23:00:00+00:00";"2003-11-25 23:00:00+00:00";"33";"70";"27";"2021";"OUI";"NON";"70249";"";"";"";"2021-10-06";"96286";""
"70250";"3432";"PLU";"CC";"2009-08-17 22:00:00+00:00";"2002-11-28 23:00:00+00:00";"33";"70";"27";"2021";"NON";"NON";"70250";"";"";"";"2021-10-06";"54251";""
"70251";"1199";"CC";"COM";"2009-11-08 23:00:00+00:00";"2005-07-24 22:00:00+00:00";"19";"70";"27";"2021";"NON";"NON";"70251";"";"";"";"2021-10-06";"70367";""
"70253";"3299";"PLUi/PLUiS";"CC";"2016-08-28 22:00:00+00:00";"2009-07-05 22:00:00+00:00";"39";"70";"27";"2021";"NON";"OUI";"70253";"";"";"";"2021-10-06";"94736";""
"70255";"3299";"PLUi/PLUiS";"CC";"2016-08-28 22:00:00+00:00";"2009-07-05 22:00:00+00:00";"39";"70";"27";"2021";"NON";"OUI";"70255";"";"";"";"2021-10-06";"94736";""
"70257";"3299";"PLUi/PLUiS";"CC";"2016-08-28 22:00:00+00:00";"2009-07-05 22:00:00+00:00";"39";"70";"27";"2021";"NON";"OUI";"70257";"";"";"";"2021-10-06";"94736";""
"70258";"3131";"PLU";"COM";"2006-07-19 22:00:00+00:00";"2002-06-03 22:00:00+00:00";"33";"70";"27";"2021";"NON";"NON";"70258";"";"";"";"2021-10-06";"54253";""
"70259";"3299";"PLUi/PLUiS";"CC";"2018-06-25 22:00:00+00:00";"2011-11-21 23:00:00+00:00";"39";"70";"27";"2021";"NON";"OUI";"70259";"";"";"";"2021-10-06";"96837";""
"70260";"3299";"PLUi/PLUiS";"CC";"2018-06-25 22:00:00+00:00";"2011-11-21 23:00:00+00:00";"39";"70";"27";"2021";"NON";"OUI";"70260";"";"";"";"2021-10-06";"96837";""
"70261";"3332";"PLUi/PLUiS";"CA";"2013-06-09 22:00:00+00:00";"2008-12-09 23:00:00+00:00";"33";"70";"27";"2021";"OUI";"NON";"70261";"";"";"";"2021-10-06";"96197";""
"70262";"3299";"PLUi/PLUiS";"CC";"2018-06-25 22:00:00+00:00";"2011-11-21 23:00:00+00:00";"39";"70";"27";"2021";"NON";"OUI";"70262";"";"";"";"2021-10-06";"96837";""
"70265";"1499";"CC";"CC";"2009-05-25 22:00:00+00:00";"2008-02-06 23:00:00+00:00";"19";"70";"27";"2021";"NON";"NON";"70265";"";"";"";"2021-10-06";"97314";""
"70267";"3199";"PLU";"COM";"2010-11-27 23:00:00+00:00";"2003-07-30 22:00:00+00:00";"39";"70";"27";"2021";"NON";"NON";"70267";"";"";"";"2021-10-06";"54252";""
"70271";"3432";"PLU";"CC";"2011-02-06 23:00:00+00:00";"2007-02-18 23:00:00+00:00";"33";"70";"27";"2021";"NON";"NON";"70271";"";"";"";"2021-10-06";"54259";""
"70275";"3432";"PLU";"CC";"2013-01-27 23:00:00+00:00";"2005-09-14 22:00:00+00:00";"33";"70";"27";"2021";"NON";"NON";"247000706";"";"";"";"2021-10-06";"93150";""
"70277";"1432";"CC";"CC";"2008-06-12 22:00:00+00:00";"2007-01-09 23:00:00+00:00";"13";"70";"27";"2021";"NON";"NON";"70277";"";"";"";"2021-10-06";"68490";""
"70278";"1199";"CC";"COM";"2008-05-14 22:00:00+00:00";"2005-06-21 22:00:00+00:00";"19";"70";"27";"2021";"NON";"NON";"70278";"";"";"";"2021-10-06";"68491";""
"70279";"3399";"PLUi/PLUiS";"CC";"2012-12-12 23:00:00+00:00";"2009-10-07 22:00:00+00:00";"39";"70";"27";"2021";"OUI";"NON";"70279";"";"";"";"2021-10-06";"72279";""
"70280";"3399";"PLUi/PLUiS";"CC";"2012-12-12 23:00:00+00:00";"2009-10-07 22:00:00+00:00";"39";"70";"27";"2021";"OUI";"NON";"70280";"";"";"";"2021-10-06";"72279";""
"70282";"3299";"PLUi/PLUiS";"CC";"2016-08-28 22:00:00+00:00";"2009-07-05 22:00:00+00:00";"39";"70";"27";"2021";"NON";"OUI";"70282";"";"";"";"2021-10-06";"94736";""
"70283";"1499";"CC";"CC";"2011-08-04 22:00:00+00:00";"2006-12-07 23:00:00+00:00";"19";"70";"27";"2021";"NON";"NON";"70283";"";"";"";"2021-10-06";"102672";""
"70284";"3332";"PLUi/PLUiS";"CC";"2007-12-18 23:00:00+00:00";"2003-11-25 23:00:00+00:00";"33";"70";"27";"2021";"OUI";"NON";"70284";"";"";"";"2021-10-06";"96286";""
"70285";"3432";"PLU";"CC";"2011-10-02 22:00:00+00:00";"2007-02-18 23:00:00+00:00";"33";"70";"27";"2021";"NON";"NON";"70285";"";"";"";"2021-10-06";"97066";""
"70287";"1432";"CC";"CC";"2012-01-02 23:00:00+00:00";"2009-07-15 22:00:00+00:00";"13";"70";"27";"2021";"NON";"NON";"70287";"";"";"";"2021-10-06";"96250";""
"70288";"1432";"CC";"CC";"2009-03-26 23:00:00+00:00";"2007-03-22 23:00:00+00:00";"13";"70";"27";"2021";"NON";"NON";"247000706";"";"";"";"2021-10-06";"93896";""
"70289";"1499";"CC";"CC";"2007-09-30 22:00:00+00:00";"2005-06-19 22:00:00+00:00";"19";"70";"27";"2021";"NON";"NON";"70289";"";"";"";"2021-10-06";"97323";""
"70290";"1432";"CC";"CC";"2011-05-29 22:00:00+00:00";"2009-07-15 22:00:00+00:00";"13";"70";"27";"2021";"NON";"NON";"70290";"";"";"";"2021-10-06";"67183";""
"70292";"3131";"PLU";"COM";"2008-10-29 23:00:00+00:00";"2003-07-16 22:00:00+00:00";"33";"70";"27";"2021";"NON";"NON";"70292";"";"";"";"2021-10-06";"54258";""
"70295";"1499";"CC";"CC";"2010-01-16 23:00:00+00:00";"2006-12-07 23:00:00+00:00";"19";"70";"27";"2021";"NON";"NON";"70295";"";"";"";"2021-10-06";"99196";""
"70299";"3199";"PLU";"COM";"2012-10-28 23:00:00+00:00";"2009-10-28 23:00:00+00:00";"39";"70";"27";"2021";"NON";"NON";"70299";"";"";"";"2021-10-06";"63028";""
"70301";"3299";"PLUi/PLUiS";"CC";"2016-08-28 22:00:00+00:00";"2009-07-05 22:00:00+00:00";"39";"70";"27";"2021";"NON";"OUI";"70301";"";"";"";"2021-10-06";"94736";""
"70303";"1432";"CC";"CC";"2006-12-26 23:00:00+00:00";"2004-12-15 23:00:00+00:00";"13";"70";"27";"2021";"NON";"NON";"200041861";"";"";"";"2021-10-06";"68494";""
"70306";"3299";"PLUi/PLUiS";"CC";"2018-06-25 22:00:00+00:00";"2011-11-21 23:00:00+00:00";"39";"70";"27";"2021";"NON";"OUI";"70306";"";"";"";"2021-10-06";"96837";""
"70310";"3299";"PLUi/PLUiS";"CC";"2018-06-25 22:00:00+00:00";"2011-11-21 23:00:00+00:00";"39";"70";"27";"2021";"NON";"OUI";"70310";"";"";"";"2021-10-06";"96837";""
"70311";"3131";"PLU";"COM";"2012-03-04 23:00:00+00:00";"2006-05-21 22:00:00+00:00";"33";"70";"27";"2021";"NON";"NON";"70311";"";"";"";"2021-10-06";"62133";""
"70313";"3299";"PLUi/PLUiS";"CC";"2018-06-25 22:00:00+00:00";"2011-11-21 23:00:00+00:00";"39";"70";"27";"2021";"NON";"OUI";"70313";"";"";"";"2021-10-06";"96837";""
"70315";"3332";"PLUi/PLUiS";"CC";"2007-12-18 23:00:00+00:00";"2003-11-25 23:00:00+00:00";"33";"70";"27";"2021";"OUI";"NON";"70315";"";"";"";"2021-10-06";"96286";""
"70316";"3332";"PLUi/PLUiS";"CC";"2013-06-24 22:00:00+00:00";"2004-02-19 23:00:00+00:00";"33";"70";"27";"2021";"OUI";"NON";"200041853";"";"";"";"2021-10-06";"71186";""
"70318";"3299";"PLUi/PLUiS";"CC";"2018-06-25 22:00:00+00:00";"2011-11-21 23:00:00+00:00";"39";"70";"27";"2021";"NON";"OUI";"70318";"";"";"";"2021-10-06";"96837";""
"70319";"3299";"PLUi/PLUiS";"CC";"2018-06-25 22:00:00+00:00";"2011-11-21 23:00:00+00:00";"39";"70";"27";"2021";"NON";"OUI";"70319";"";"";"";"2021-10-06";"96837";""
"70321";"3299";"PLUi/PLUiS";"CC";"2018-06-25 22:00:00+00:00";"2011-11-21 23:00:00+00:00";"39";"70";"27";"2021";"NON";"OUI";"70321";"";"";"";"2021-10-06";"96837";""
"70323";"1432";"CC";"CC";"2012-11-26 23:00:00+00:00";"2006-12-31 23:00:00+00:00";"13";"70";"27";"2021";"NON";"NON";"70323";"";"";"";"2021-10-06";"66421";""
"70324";"3299";"PLUi/PLUiS";"CC";"2018-06-19 22:00:00+00:00";"2012-04-11 22:00:00+00:00";"39";"70";"27";"2021";"NON";"OUI";"247000367";"";"";"";"2021-10-06";"105524";""
"70325";"3432";"PLU";"CC";"2012-05-23 22:00:00+00:00";"2008-09-24 22:00:00+00:00";"33";"70";"27";"2021";"NON";"NON";"247000706";"";"";"";"2021-10-06";"93151";""
"70326";"1432";"CC";"CC";"2013-06-24 22:00:00+00:00";"2011-02-09 23:00:00+00:00";"13";"70";"27";"2021";"NON";"NON";"247000706";"";"";"";"2021-10-06";"93388";""
"70327";"1199";"CC";"COM";"2012-10-08 22:00:00+00:00";"2009-11-12 23:00:00+00:00";"19";"70";"27";"2021";"NON";"NON";"70327";"";"";"";"2021-10-06";"67184";""
"70328";"3299";"PLUi/PLUiS";"CC";"2018-06-25 22:00:00+00:00";"2011-11-21 23:00:00+00:00";"39";"70";"27";"2021";"NON";"OUI";"70328";"";"";"";"2021-10-06";"96837";""
"70330";"3432";"PLU";"CC";"2012-02-14 23:00:00+00:00";"2010-01-19 23:00:00+00:00";"33";"70";"27";"2021";"NON";"NON";"70330";"";"";"";"2021-10-06";"99111";""
"70334";"3199";"PLU";"COM";"2008-02-11 23:00:00+00:00";"2002-11-17 23:00:00+00:00";"39";"70";"27";"2021";"NON";"NON";"70334";"";"";"";"2021-10-06";"54267";""
"70335";"1432";"CC";"CC";"2009-04-23 22:00:00+00:00";"2006-10-09 22:00:00+00:00";"13";"70";"27";"2021";"NON";"NON";"200041853";"";"";"";"2021-10-06";"115778";""
"70338";"1432";"CC";"CC";"2011-09-23 22:00:00+00:00";"2008-11-27 23:00:00+00:00";"13";"70";"27";"2021";"NON";"NON";"70338";"";"";"";"2021-10-06";"67185";""
"70339";"3499";"PLU";"CC";"2007-09-13 22:00:00+00:00";"2001-12-19 23:00:00+00:00";"39";"70";"27";"2021";"NON";"NON";"70339";"";"";"";"2021-10-06";"105528";""
"70340";"3199";"PLU";"COM";"2008-09-21 22:00:00+00:00";"2004-06-28 22:00:00+00:00";"39";"70";"27";"2021";"NON";"NON";"70340";"";"";"";"2021-10-06";"54271";""
"70341";"1199";"CC";"COM";"2009-02-19 23:00:00+00:00";"2006-01-24 23:00:00+00:00";"19";"70";"27";"2021";"NON";"NON";"70341";"";"";"";"2021-10-06";"70368";""
"70343";"1199";"CC";"COM";"2010-04-08 22:00:00+00:00";"2008-09-23 22:00:00+00:00";"19";"70";"27";"2021";"NON";"NON";"70343";"";"";"";"2021-10-06";"70369";""
"70347";"1432";"CC";"CC";"2006-03-30 22:00:00+00:00";"2002-05-04 22:00:00+00:00";"13";"70";"27";"2021";"NON";"NON";"70347";"";"";"";"2021-10-06";"68497";""
"70348";"3299";"PLUi/PLUiS";"CC";"2018-06-25 22:00:00+00:00";"2011-11-21 23:00:00+00:00";"39";"70";"27";"2021";"NON";"OUI";"70348";"";"";"";"2021-10-06";"96837";""
"70353";"1199";"CC";"COM";"2007-04-19 22:00:00+00:00";"2005-11-20 23:00:00+00:00";"19";"70";"27";"2021";"NON";"NON";"70353";"";"";"";"2021-10-06";"68498";""
"70355";"1432";"CC";"CC";"2006-01-26 23:00:00+00:00";"2002-03-29 23:00:00+00:00";"13";"70";"27";"2021";"NON";"NON";"247000706";"";"";"";"2021-10-06";"93897";""
"70357";"3432";"PLU";"CC";"2007-09-09 22:00:00+00:00";"2002-06-10 22:00:00+00:00";"33";"70";"27";"2021";"NON";"NON";"200041853";"";"";"";"2021-10-06";"141553";""
"70358";"3332";"PLUi/PLUiS";"CA";"2013-06-09 22:00:00+00:00";"2008-12-09 23:00:00+00:00";"33";"70";"27";"2021";"OUI";"NON";"70358";"";"";"";"2021-10-06";"96197";""
"70360";"1432";"CC";"CC";"2008-07-20 22:00:00+00:00";"2006-06-30 22:00:00+00:00";"13";"70";"27";"2021";"NON";"NON";"70360";"";"";"";"2021-10-06";"68500";""
"70361";"1499";"CC";"CC";"2010-06-13 22:00:00+00:00";"2006-12-07 23:00:00+00:00";"19";"70";"27";"2021";"NON";"NON";"70361";"";"";"";"2021-10-06";"99198";""
"70363";"3332";"PLUi/PLUiS";"CA";"2013-06-09 22:00:00+00:00";"2008-12-09 23:00:00+00:00";"33";"70";"27";"2021";"OUI";"NON";"70363";"";"";"";"2021-10-06";"96197";""
"70366";"3299";"PLUi/PLUiS";"CC";"2016-08-28 22:00:00+00:00";"2009-07-05 22:00:00+00:00";"39";"70";"27";"2021";"NON";"OUI";"70366";"";"";"";"2021-10-06";"94736";""
"70367";"3332";"PLUi/PLUiS";"CA";"2013-06-09 22:00:00+00:00";"2008-12-09 23:00:00+00:00";"33";"70";"27";"2021";"OUI";"NON";"70367";"";"";"";"2021-10-06";"96197";""
"70368";"1199";"CC";"COM";"2007-12-16 23:00:00+00:00";"2005-12-02 23:00:00+00:00";"19";"70";"27";"2021";"NON";"NON";"70368";"";"";"";"2021-10-06";"68501";""
"70376";"3399";"PLUi/PLUiS";"CC";"2012-12-12 23:00:00+00:00";"2009-10-07 22:00:00+00:00";"39";"70";"27";"2021";"OUI";"NON";"70376";"";"";"";"2021-10-06";"72279";""
"70378";"3332";"PLUi/PLUiS";"CA";"2013-06-09 22:00:00+00:00";"2008-12-09 23:00:00+00:00";"33";"70";"27";"2021";"OUI";"NON";"70378";"";"";"";"2021-10-06";"96197";""
"70380";"1199";"CC";"COM";"2014-12-07 23:00:00+00:00";"2010-09-09 22:00:00+00:00";"19";"70";"27";"2021";"NON";"NON";"70380";"";"";"";"2021-10-06";"67186";""
"70381";"3332";"PLUi/PLUiS";"CC";"2013-06-24 22:00:00+00:00";"2004-02-19 23:00:00+00:00";"33";"70";"27";"2021";"OUI";"NON";"200041853";"";"";"";"2021-10-06";"71186";""
"70383";"3432";"PLU";"CC";"2013-03-03 23:00:00+00:00";"2011-02-09 23:00:00+00:00";"33";"70";"27";"2021";"NON";"NON";"247000706";"";"";"";"2021-10-06";"100420";""
"70384";"3299";"PLUi/PLUiS";"CC";"2018-06-19 22:00:00+00:00";"2012-04-11 22:00:00+00:00";"39";"70";"27";"2021";"NON";"OUI";"247000367";"";"";"";"2021-10-06";"105524";""
"70385";"3299";"PLUi/PLUiS";"CC";"2018-06-25 22:00:00+00:00";"2011-11-21 23:00:00+00:00";"39";"70";"27";"2021";"NON";"OUI";"70385";"";"";"";"2021-10-06";"96837";""
"70386";"3299";"PLUi/PLUiS";"CC";"2018-06-19 22:00:00+00:00";"2012-04-11 22:00:00+00:00";"39";"70";"27";"2021";"NON";"OUI";"247000367";"";"";"";"2021-10-06";"105524";""
"70387";"3299";"PLUi/PLUiS";"CC";"2018-06-19 22:00:00+00:00";"2012-04-11 22:00:00+00:00";"39";"70";"27";"2021";"NON";"OUI";"247000367";"";"";"";"2021-10-06";"105524";""
"70388";"3332";"PLUi/PLUiS";"CA";"2013-06-09 22:00:00+00:00";"2008-12-09 23:00:00+00:00";"33";"70";"27";"2021";"OUI";"NON";"70388";"";"";"";"2021-10-06";"96197";""
"70393";"3432";"PLU";"CC";"2009-12-15 23:00:00+00:00";"2005-06-30 22:00:00+00:00";"33";"70";"27";"2021";"NON";"NON";"247000706";"";"";"";"2021-10-06";"115511";""
"70397";"1432";"CC";"CC";"2008-01-06 23:00:00+00:00";"2006-04-12 22:00:00+00:00";"13";"70";"27";"2021";"NON";"NON";"200041853";"";"";"";"2021-10-06";"164800";""
"70401";"3299";"PLUi/PLUiS";"CC";"2018-06-19 22:00:00+00:00";"2012-04-11 22:00:00+00:00";"39";"70";"27";"2021";"NON";"OUI";"247000367";"";"";"";"2021-10-06";"105524";""
"70402";"3499";"PLU";"CC";"2010-01-17 23:00:00+00:00";"2003-08-31 22:00:00+00:00";"39";"70";"27";"2021";"NON";"NON";"70402";"";"";"";"2021-10-06";"97793";""
"70403";"3299";"PLUi/PLUiS";"CC";"2018-06-25 22:00:00+00:00";"2011-11-21 23:00:00+00:00";"39";"70";"27";"2021";"NON";"OUI";"70403";"";"";"";"2021-10-06";"96837";""
"70404";"1432";"CC";"CC";"2007-02-01 23:00:00+00:00";"2005-09-08 22:00:00+00:00";"13";"70";"27";"2021";"NON";"NON";"70404";"";"";"";"2021-10-06";"68504";""
"70405";"1432";"CC";"CC";"2012-07-17 22:00:00+00:00";"2008-09-24 22:00:00+00:00";"13";"70";"27";"2021";"NON";"NON";"247000706";"";"";"";"2021-10-06";"93380";""
"70407";"1432";"CC";"CC";"2011-02-15 23:00:00+00:00";"2007-06-30 22:00:00+00:00";"13";"70";"27";"2021";"NON";"NON";"247000706";"";"";"";"2021-10-06";"93900";""
"70408";"3434";"PLU";"CC";"2007-01-23 23:00:00+00:00";"2007-01-23 23:00:00+00:00";"33";"70";"27";"2021";"NON";"NON";"200036549";"";"";"";"2021-10-06";"59377";""
"70413";"3432";"PLU";"CC";"2013-06-13 22:00:00+00:00";"2007-11-15 23:00:00+00:00";"33";"70";"27";"2021";"NON";"NON";"70413";"";"";"";"2021-10-06";"98950";""
"70416";"1432";"CC";"CC";"2009-10-01 22:00:00+00:00";"2007-03-08 23:00:00+00:00";"13";"70";"27";"2021";"NON";"NON";"70416";"";"";"";"2021-10-06";"69909";""
"70417";"3299";"PLUi/PLUiS";"CC";"2018-06-19 22:00:00+00:00";"2012-04-11 22:00:00+00:00";"39";"70";"27";"2021";"NON";"OUI";"247000367";"";"";"";"2021-10-06";"105524";""
"70418";"3299";"PLUi/PLUiS";"CC";"2018-06-19 22:00:00+00:00";"2012-04-11 22:00:00+00:00";"39";"70";"27";"2021";"NON";"OUI";"247000367";"";"";"";"2021-10-06";"105524";""
"70428";"3332";"PLUi/PLUiS";"CA";"2013-06-09 22:00:00+00:00";"2008-12-09 23:00:00+00:00";"33";"70";"27";"2021";"OUI";"NON";"70428";"";"";"";"2021-10-06";"96197";""
"70429";"3332";"PLUi/PLUiS";"CA";"2013-06-09 22:00:00+00:00";"2008-12-09 23:00:00+00:00";"33";"70";"27";"2021";"OUI";"NON";"70429";"";"";"";"2021-10-06";"96197";""
"70431";"1432";"CC";"CC";"2009-11-15 23:00:00+00:00";"2006-07-31 22:00:00+00:00";"13";"70";"27";"2021";"NON";"NON";"247000706";"";"";"";"2021-10-06";"93902";""
"70433";"3332";"PLUi/PLUiS";"CA";"2013-06-09 22:00:00+00:00";"2008-12-09 23:00:00+00:00";"33";"70";"27";"2021";"OUI";"NON";"70433";"";"";"";"2021-10-06";"96197";""
"70438";"1199";"CC";"COM";"2010-09-26 22:00:00+00:00";"2009-01-09 23:00:00+00:00";"19";"70";"27";"2021";"NON";"NON";"70438";"";"";"";"2021-10-06";"69911";""
"70439";"3299";"PLUi/PLUiS";"CC";"2018-06-19 22:00:00+00:00";"2012-04-11 22:00:00+00:00";"39";"70";"27";"2021";"NON";"OUI";"247000367";"";"";"";"2021-10-06";"105524";""
"70441";"1432";"CC";"CC";"2003-11-18 23:00:00+00:00";"2002-02-24 23:00:00+00:00";"13";"70";"27";"2021";"NON";"NON";"247000706";"";"";"";"2021-10-06";"100336";""
"70442";"1199";"CC";"COM";"2008-05-28 22:00:00+00:00";"2005-06-05 22:00:00+00:00";"19";"70";"27";"2021";"NON";"NON";"70442";"";"";"";"2021-10-06";"68506";""
"70446";"3399";"PLUi/PLUiS";"CC";"2012-12-12 23:00:00+00:00";"2009-10-07 22:00:00+00:00";"39";"70";"27";"2021";"OUI";"NON";"70446";"";"";"";"2021-10-06";"72279";""
"70449";"1432";"CC";"CC";"2011-05-15 22:00:00+00:00";"2007-11-30 23:00:00+00:00";"13";"70";"27";"2021";"NON";"NON";"200041853";"";"";"";"2021-10-06";"164805";""
"70451";"3432";"PLU";"CC";"2013-05-02 22:00:00+00:00";"2006-02-16 23:00:00+00:00";"33";"70";"27";"2021";"NON";"NON";"70451";"";"";"";"2021-10-06";"98939";""
"70452";"3299";"PLUi/PLUiS";"CC";"2018-06-19 22:00:00+00:00";"2012-04-11 22:00:00+00:00";"39";"70";"27";"2021";"NON";"OUI";"247000367";"";"";"";"2021-10-06";"105524";""
"70455";"3299";"PLUi/PLUiS";"CC";"2018-06-25 22:00:00+00:00";"2011-11-21 23:00:00+00:00";"39";"70";"27";"2021";"NON";"OUI";"70455";"";"";"";"2021-10-06";"96837";""
"70456";"1432";"CC";"CC";"2012-07-17 22:00:00+00:00";"2008-09-24 22:00:00+00:00";"13";"70";"27";"2021";"NON";"NON";"247000706";"";"";"";"2021-10-06";"93385";""
"70457";"3299";"PLUi/PLUiS";"CC";"2018-06-19 22:00:00+00:00";"2012-04-11 22:00:00+00:00";"39";"70";"27";"2021";"NON";"OUI";"247000367";"";"";"";"2021-10-06";"105524";""
"70459";"1499";"CC";"CC";"2010-03-14 23:00:00+00:00";"2006-12-07 23:00:00+00:00";"19";"70";"27";"2021";"NON";"NON";"70459";"";"";"";"2021-10-06";"102673";""
"70463";"3299";"PLUi/PLUiS";"CC";"2016-08-28 22:00:00+00:00";"2009-07-05 22:00:00+00:00";"39";"70";"27";"2021";"NON";"OUI";"70463";"";"";"";"2021-10-06";"94736";""
"70464";"3299";"PLUi/PLUiS";"CC";"2018-06-25 22:00:00+00:00";"2011-11-21 23:00:00+00:00";"39";"70";"27";"2021";"NON";"OUI";"70464";"";"";"";"2021-10-06";"96837";""
"70467";"3332";"PLUi/PLUiS";"CC";"2007-12-18 23:00:00+00:00";"2003-11-25 23:00:00+00:00";"33";"70";"27";"2021";"OUI";"NON";"70467";"";"";"";"2021-10-06";"96286";""
"70472";"3199";"PLU";"COM";"2016-04-24 22:00:00+00:00";"2010-04-29 22:00:00+00:00";"39";"70";"27";"2021";"NON";"NON";"70472";"";"";"";"2021-10-06";"49831";""
"70474";"1432";"CC";"CC";"2011-03-07 23:00:00+00:00";"2007-08-31 22:00:00+00:00";"13";"70";"27";"2021";"NON";"NON";"70474";"";"";"";"2021-10-06";"69917";""
"70478";"3432";"PLU";"CC";"2008-04-10 22:00:00+00:00";"2008-04-10 22:00:00+00:00";"33";"70";"27";"2021";"NON";"NON";"200041861";"";"";"";"2021-10-06";"59386";""
"70482";"3299";"PLUi/PLUiS";"CC";"2018-06-19 22:00:00+00:00";"2012-04-11 22:00:00+00:00";"39";"70";"27";"2021";"NON";"OUI";"247000367";"";"";"";"2021-10-06";"105524";""
"70483";"1199";"CC";"COM";"2011-01-03 23:00:00+00:00";"2007-06-30 22:00:00+00:00";"19";"70";"27";"2021";"NON";"NON";"70483";"";"";"";"2021-10-06";"66426";""
"70484";"1432";"CC";"CC";"2005-11-01 23:00:00+00:00";"2001-09-10 22:00:00+00:00";"13";"70";"27";"2021";"NON";"NON";"70484";"";"";"";"2021-10-06";"68507";""
"70489";"1499";"CC";"CC";"2010-07-29 22:00:00+00:00";"2006-12-07 23:00:00+00:00";"19";"70";"27";"2021";"NON";"NON";"70489";"";"";"";"2021-10-06";"99199";""
"70491";"3199";"PLU";"COM";"2013-03-27 23:00:00+00:00";"2009-06-01 22:00:00+00:00";"39";"70";"27";"2021";"NON";"NON";"70491";"";"";"";"2021-10-06";"100172";""
"70492";"3299";"PLUi/PLUiS";"CC";"2018-06-19 22:00:00+00:00";"2012-04-11 22:00:00+00:00";"39";"70";"27";"2021";"NON";"OUI";"247000367";"";"";"";"2021-10-06";"105524";""
"70494";"1199";"CC";"COM";"2010-10-19 22:00:00+00:00";"2008-06-21 22:00:00+00:00";"19";"70";"27";"2021";"NON";"NON";"70494";"";"";"";"2021-10-06";"69912";""
"70498";"1499";"CC";"CC";"2009-12-30 23:00:00+00:00";"2006-12-07 23:00:00+00:00";"19";"70";"27";"2021";"NON";"NON";"70498";"";"";"";"2021-10-06";"163152";""
"70500";"1432";"CC";"CC";"2011-05-15 22:00:00+00:00";"2007-11-30 23:00:00+00:00";"13";"70";"27";"2021";"NON";"NON";"200041853";"";"";"";"2021-10-06";"164806";""
"70501";"1432";"CC";"CC";"2011-05-15 22:00:00+00:00";"2007-11-30 23:00:00+00:00";"13";"70";"27";"2021";"NON";"NON";"200041853";"";"";"";"2021-10-06";"164807";""
"70502";"1199";"CC";"COM";"2009-02-19 23:00:00+00:00";"2007-03-31 22:00:00+00:00";"19";"70";"27";"2021";"NON";"NON";"70502";"";"";"";"2021-10-06";"69920";""
"70503";"1432";"CC";"CC";"2011-06-07 22:00:00+00:00";"2007-07-02 22:00:00+00:00";"13";"70";"27";"2021";"NON";"NON";"247000706";"";"";"";"2021-10-06";"93903";""
"70504";"3299";"PLUi/PLUiS";"CC";"2018-06-19 22:00:00+00:00";"2012-04-11 22:00:00+00:00";"39";"70";"27";"2021";"NON";"OUI";"247000367";"";"";"";"2021-10-06";"105524";""
"70505";"1499";"CC";"CC";"2009-05-25 22:00:00+00:00";"2008-02-06 23:00:00+00:00";"19";"70";"27";"2021";"NON";"NON";"70505";"";"";"";"2021-10-06";"97325";""
"70510";"1499";"CC";"CC";"2007-07-05 22:00:00+00:00";"2005-07-07 22:00:00+00:00";"19";"70";"27";"2021";"NON";"NON";"200036549";"";"";"";"2021-10-06";"68508";""
"70511";"1199";"CC";"COM";"2008-11-05 23:00:00+00:00";"2006-05-31 22:00:00+00:00";"19";"70";"27";"2021";"NON";"NON";"70511";"";"";"";"2021-10-06";"68509";""
"70512";"3332";"PLUi/PLUiS";"CC";"2007-12-18 23:00:00+00:00";"2003-11-25 23:00:00+00:00";"33";"70";"27";"2021";"OUI";"NON";"70512";"";"";"";"2021-10-06";"96286";""
"70513";"3332";"PLUi/PLUiS";"CA";"2013-06-09 22:00:00+00:00";"2008-12-09 23:00:00+00:00";"33";"70";"27";"2021";"OUI";"NON";"70513";"";"";"";"2021-10-06";"96197";""
"70514";"3499";"PLU";"CC";"2004-10-26 22:00:00+00:00";"2001-07-29 22:00:00+00:00";"39";"70";"27";"2021";"NON";"NON";"200036549";"";"";"";"2021-10-06";"54299";""
"70515";"3299";"PLUi/PLUiS";"CC";"2018-06-25 22:00:00+00:00";"2011-11-21 23:00:00+00:00";"39";"70";"27";"2021";"NON";"OUI";"70515";"";"";"";"2021-10-06";"96837";""
"70517";"3332";"PLUi/PLUiS";"CC";"2013-06-24 22:00:00+00:00";"2004-02-19 23:00:00+00:00";"33";"70";"27";"2021";"OUI";"NON";"200041853";"";"";"";"2021-10-06";"71186";""
"70519";"1432";"CC";"CC";"2009-10-18 22:00:00+00:00";"2008-01-14 23:00:00+00:00";"13";"70";"27";"2021";"NON";"NON";"247000706";"";"";"";"2021-10-06";"100340";""
"70521";"3299";"PLUi/PLUiS";"CC";"2016-08-28 22:00:00+00:00";"2009-07-05 22:00:00+00:00";"39";"70";"27";"2021";"NON";"OUI";"70521";"";"";"";"2021-10-06";"94736";""
"70522";"1199";"CC";"COM";"2012-07-29 22:00:00+00:00";"2005-10-19 22:00:00+00:00";"19";"70";"27";"2021";"NON";"NON";"70522";"";"";"";"2021-10-06";"69914";""
"70527";"3299";"PLUi/PLUiS";"CC";"2016-08-28 22:00:00+00:00";"2009-07-05 22:00:00+00:00";"39";"70";"27";"2021";"NON";"OUI";"70527";"";"";"";"2021-10-06";"94736";""
"70528";"1499";"CC";"CC";"2004-08-08 22:00:00+00:00";"2002-06-04 22:00:00+00:00";"19";"70";"27";"2021";"NON";"NON";"70528";"";"";"";"2021-10-06";"68510";""
"70529";"3399";"PLUi/PLUiS";"CC";"2012-12-12 23:00:00+00:00";"2009-10-07 22:00:00+00:00";"39";"70";"27";"2021";"OUI";"NON";"70529";"";"";"";"2021-10-06";"72279";""
"70531";"3299";"PLUi/PLUiS";"CC";"2016-08-28 22:00:00+00:00";"2009-07-05 22:00:00+00:00";"39";"70";"27";"2021";"NON";"OUI";"70531";"";"";"";"2021-10-06";"94736";""
"70532";"3332";"PLUi/PLUiS";"CC";"2013-06-24 22:00:00+00:00";"2004-02-19 23:00:00+00:00";"33";"70";"27";"2021";"OUI";"NON";"200041853";"";"";"";"2021-10-06";"71186";""
"70533";"3299";"PLUi/PLUiS";"CC";"2016-08-28 22:00:00+00:00";"2009-07-05 22:00:00+00:00";"39";"70";"27";"2021";"NON";"OUI";"70533";"";"";"";"2021-10-06";"94736";""
"70535";"3299";"PLUi/PLUiS";"CC";"2018-06-19 22:00:00+00:00";"2012-04-11 22:00:00+00:00";"39";"70";"27";"2021";"NON";"OUI";"247000367";"";"";"";"2021-10-06";"105524";""
"70536";"3299";"PLUi/PLUiS";"CC";"2018-06-19 22:00:00+00:00";"2012-04-11 22:00:00+00:00";"39";"70";"27";"2021";"NON";"OUI";"247000367";"";"";"";"2021-10-06";"105524";""
"70538";"3299";"PLUi/PLUiS";"CC";"2016-08-28 22:00:00+00:00";"2009-07-05 22:00:00+00:00";"39";"70";"27";"2021";"NON";"OUI";"70538";"";"";"";"2021-10-06";"94736";""
"70540";"3299";"PLUi/PLUiS";"CC";"2016-08-28 22:00:00+00:00";"2009-07-05 22:00:00+00:00";"39";"70";"27";"2021";"NON";"OUI";"70540";"";"";"";"2021-10-06";"94736";""
"70542";"1414";"CC";"CC";"2006-06-14 22:00:00+00:00";"2001-10-25 22:00:00+00:00";"11";"70";"27";"2021";"NON";"NON";"200036549";"";"";"";"2021-10-06";"69922";""
"70546";"1199";"CC";"COM";"2011-06-26 22:00:00+00:00";"2008-08-08 22:00:00+00:00";"19";"70";"27";"2021";"NON";"NON";"70546";"";"";"";"2021-10-06";"67187";""
"70549";"3299";"PLUi/PLUiS";"CC";"2016-08-28 22:00:00+00:00";"2009-07-05 22:00:00+00:00";"39";"70";"27";"2021";"NON";"OUI";"70549";"";"";"";"2021-10-06";"94736";""
"70550";"3332";"PLUi/PLUiS";"CA";"2013-06-09 22:00:00+00:00";"2008-12-09 23:00:00+00:00";"33";"70";"27";"2021";"OUI";"NON";"70550";"";"";"";"2021-10-06";"96197";""
"70557";"3299";"PLUi/PLUiS";"CC";"2016-08-28 22:00:00+00:00";"2009-07-05 22:00:00+00:00";"39";"70";"27";"2021";"NON";"OUI";"70557";"";"";"";"2021-10-06";"94736";""
"70558";"1199";"CC";"COM";"2007-08-05 22:00:00+00:00";"2005-09-08 22:00:00+00:00";"19";"70";"27";"2021";"NON";"NON";"70558";"";"";"";"2021-10-06";"68511";""
"70559";"3332";"PLUi/PLUiS";"CA";"2013-06-09 22:00:00+00:00";"2008-12-09 23:00:00+00:00";"33";"70";"27";"2021";"OUI";"NON";"70559";"";"";"";"2021-10-06";"96197";""
"70561";"3432";"PLU";"CC";"2004-12-09 23:00:00+00:00";"2001-09-04 22:00:00+00:00";"33";"70";"27";"2021";"NON";"NON";"70561";"";"";"";"2021-10-06";"54305";""
"70564";"3432";"PLU";"CC";"2011-11-11 23:00:00+00:00";"2009-02-26 23:00:00+00:00";"33";"70";"27";"2021";"NON";"NON";"200041861";"";"";"";"2021-10-06";"100216";""
"70565";"1432";"CC";"CC";"2008-01-06 23:00:00+00:00";"2006-04-12 22:00:00+00:00";"13";"70";"27";"2021";"NON";"NON";"200041853";"";"";"";"2021-10-06";"164801";""
"70577";"3299";"PLUi/PLUiS";"CC";"2018-06-25 22:00:00+00:00";"2011-11-21 23:00:00+00:00";"39";"70";"27";"2021";"NON";"OUI";"70577";"";"";"";"2021-10-06";"96837";""
"70580";"3299";"PLUi/PLUiS";"CC";"2018-06-19 22:00:00+00:00";"2012-04-11 22:00:00+00:00";"39";"70";"27";"2021";"NON";"OUI";"247000367";"";"";"";"2021-10-06";"105524";""
"70581";"3299";"PLUi/PLUiS";"CC";"2018-06-25 22:00:00+00:00";"2011-11-21 23:00:00+00:00";"39";"70";"27";"2021";"NON";"OUI";"70581";"";"";"";"2021-10-06";"96837";""
"70582";"3299";"PLUi/PLUiS";"CC";"2018-06-19 22:00:00+00:00";"2012-04-11 22:00:00+00:00";"39";"70";"27";"2021";"NON";"OUI";"247000367";"";"";"";"2021-10-06";"105524";""
"70583";"1432";"CC";"CC";"2011-05-26 22:00:00+00:00";"2007-11-30 23:00:00+00:00";"13";"70";"27";"2021";"NON";"NON";"200041853";"";"";"";"2021-10-06";"164808";""
"71003";"3332";"PLUi/PLUiS";"CA";"2018-10-17 22:00:00+00:00";"2015-02-11 23:00:00+00:00";"33";"71";"27";"2021";"OUI";"NON";"247100589";"";"";"";"2021-10-06";"117451";""
"71004";"3432";"PLU";"CC";"2008-03-06 23:00:00+00:00";"2003-03-06 23:00:00+00:00";"33";"71";"27";"2021";"NON";"NON";"200040038";"";"";"";"2021-10-06";"28608";""
"71005";"1432";"CC";"CA";"2005-01-03 23:00:00+00:00";"2003-02-26 23:00:00+00:00";"13";"71";"27";"2021";"NON";"NON";"247100589";"";"";"";"2021-10-06";"15128";""
"71007";"3199";"PLU";"COM";"2014-03-10 23:00:00+00:00";"2009-12-21 23:00:00+00:00";"39";"71";"27";"2021";"NON";"NON";"71007";"";"";"";"2021-10-06";"31579";""
"71014";"3432";"PLU";"CC";"2015-12-21 23:00:00+00:00";"2010-12-05 23:00:00+00:00";"33";"71";"27";"2021";"NON";"NON";"200070530";"";"";"";"2021-10-06";"45831";""
"71015";"3432";"PLU";"CC";"2013-09-04 22:00:00+00:00";"2008-05-13 22:00:00+00:00";"33";"71";"27";"2021";"NON";"NON";"200070530";"";"";"";"2021-10-06";"37622";""
"71016";"3199";"PLU";"COM";"2004-12-01 23:00:00+00:00";"2002-03-26 23:00:00+00:00";"39";"71";"27";"2021";"NON";"NON";"71016";"";"";"";"2021-10-06";"26074";""
"71018";"1432";"CC";"CC";"2010-07-25 22:00:00+00:00";"2005-11-27 23:00:00+00:00";"13";"71";"27";"2021";"NON";"NON";"200071538";"";"";"";"2021-10-06";"23031";""
"71019";"3332";"PLUi/PLUiS";"CA";"2018-10-17 22:00:00+00:00";"2015-02-11 23:00:00+00:00";"33";"71";"27";"2021";"OUI";"NON";"71019";"";"";"";"2021-10-06";"117451";""
"71021";"3432";"PLU";"CC";"2017-09-27 22:00:00+00:00";"2012-10-10 22:00:00+00:00";"33";"71";"27";"2021";"NON";"NON";"200071884";"";"";"";"2021-10-06";"114360";""
"71024";"1432";"CC";"CC";"2010-05-26 22:00:00+00:00";"2007-12-09 23:00:00+00:00";"13";"71";"27";"2021";"NON";"NON";"71024";"";"";"";"2021-10-06";"33378";""
"71027";"1199";"CC";"COM";"2014-12-05 23:00:00+00:00";"2011-12-21 23:00:00+00:00";"19";"71";"27";"2021";"NON";"NON";"71027";"";"";"";"2021-10-06";"100047";""
"71030";"1199";"CC";"COM";"2007-10-28 23:00:00+00:00";"2004-03-16 23:00:00+00:00";"19";"71";"27";"2021";"NON";"NON";"71030";"";"";"";"2021-10-06";"13970";""
"71032";"3199";"PLU";"COM";"2007-06-28 22:00:00+00:00";"2002-06-13 22:00:00+00:00";"39";"71";"27";"2021";"NON";"NON";"71032";"";"";"";"2021-10-06";"26350";""
"71033";"3432";"PLU";"CC";"2006-12-14 23:00:00+00:00";"2003-11-17 23:00:00+00:00";"33";"71";"27";"2021";"NON";"NON";"200040038";"";"";"";"2021-10-06";"28195";""
"71034";"3432";"PLU";"CC";"2008-03-06 23:00:00+00:00";"2004-05-04 22:00:00+00:00";"33";"71";"27";"2021";"NON";"NON";"71034";"";"";"";"2021-10-06";"28199";""
"71035";"1432";"CC";"CC";"2011-04-21 22:00:00+00:00";"2006-05-17 22:00:00+00:00";"13";"71";"27";"2021";"NON";"NON";"200069698";"";"";"";"2021-10-06";"17543";""
"71038";"3299";"PLUi/PLUiS";"CU";"2020-06-17 22:00:00+00:00";"2014-06-25 22:00:00+00:00";"39";"71";"27";"2021";"NON";"OUI";"247100290";"";"";"";"2021-10-06";"136242";""
"71040";"3299";"PLUi/PLUiS";"CU";"2020-06-17 22:00:00+00:00";"2014-06-25 22:00:00+00:00";"39";"71";"27";"2021";"NON";"OUI";"247100290";"";"";"";"2021-10-06";"136242";""
"71042";"3199";"PLU";"COM";"2014-02-18 23:00:00+00:00";"2009-12-01 23:00:00+00:00";"39";"71";"27";"2021";"NON";"NON";"71042";"";"";"";"2021-10-06";"40533";""
"71044";"1199";"CC";"COM";"2010-08-26 22:00:00+00:00";"2008-05-14 22:00:00+00:00";"19";"71";"27";"2021";"NON";"NON";"71044";"";"";"";"2021-10-06";"35044";""
"71047";"3432";"PLU";"CC";"2009-05-10 22:00:00+00:00";"2002-10-24 22:00:00+00:00";"33";"71";"27";"2021";"NON";"NON";"200070316";"";"";"";"2021-10-06";"27648";""
"71050";"3433";"PLU";"CC";"2006-02-20 23:00:00+00:00";"2002-12-09 23:00:00+00:00";"33";"71";"27";"2021";"NON";"NON";"71050";"";"";"";"2021-10-06";"22514";""
"71051";"1432";"CC";"CA";"2008-06-09 22:00:00+00:00";"2006-02-16 23:00:00+00:00";"13";"71";"27";"2021";"NON";"NON";"247100589";"";"";"";"2021-10-06";"13931";""
"71052";"1432";"CC";"CC";"2007-03-25 22:00:00+00:00";"2004-02-25 23:00:00+00:00";"13";"71";"27";"2021";"NON";"NON";"71052";"";"";"";"2021-10-06";"13983";""
"71054";"1432";"CC";"CC";"2006-05-17 22:00:00+00:00";"2004-01-29 23:00:00+00:00";"13";"71";"27";"2021";"NON";"NON";"71054";"";"";"";"2021-10-06";"10041";""
"71059";"3299";"PLUi/PLUiS";"CU";"2020-06-17 22:00:00+00:00";"2014-06-25 22:00:00+00:00";"39";"71";"27";"2021";"NON";"OUI";"247100290";"";"";"";"2021-10-06";"136242";""
"71060";"3299";"PLUi/PLUiS";"CC";"2020-03-09 23:00:00+00:00";"2015-10-11 22:00:00+00:00";"39";"71";"27";"2021";"NON";"OUI";"71060";"";"";"";"2021-10-06";"145721";""
"71061";"1432";"CC";"CC";"2008-03-12 23:00:00+00:00";"2006-03-14 23:00:00+00:00";"13";"71";"27";"2021";"NON";"NON";"200071538";"";"";"";"2021-10-06";"14454";""
"71063";"3432";"PLU";"CC";"2006-06-28 22:00:00+00:00";"1999-03-29 22:00:00+00:00";"33";"71";"27";"2021";"NON";"NON";"200070530";"";"";"";"2021-10-06";"23042";""
"71064";"1199";"CC";"COM";"2007-11-21 23:00:00+00:00";"2004-03-25 23:00:00+00:00";"19";"71";"27";"2021";"NON";"NON";"71064";"";"";"";"2021-10-06";"13930";""
"71065";"1199";"CC";"COM";"2007-11-25 23:00:00+00:00";"2004-02-23 23:00:00+00:00";"19";"71";"27";"2021";"NON";"NON";"71065";"";"";"";"2021-10-06";"15143";""
"71067";"1432";"CC";"CC";"2012-05-14 22:00:00+00:00";"2009-02-11 23:00:00+00:00";"13";"71";"27";"2021";"NON";"NON";"247104094";"";"";"";"2021-10-06";"37708";""
"71069";"3199";"PLU";"COM";"2019-04-24 22:00:00+00:00";"2015-01-27 23:00:00+00:00";"39";"71";"27";"2021";"NON";"NON";"71069";"";"";"";"2021-10-06";"137743";""
"71070";"3432";"PLU";"CC";"2011-06-06 22:00:00+00:00";"2006-02-02 23:00:00+00:00";"33";"71";"27";"2021";"NON";"NON";"71070";"";"";"";"2021-10-06";"28209";""
"71073";"3131";"PLU";"COM";"2003-10-26 23:00:00+00:00";"2002-03-03 23:00:00+00:00";"33";"71";"27";"2021";"NON";"NON";"71073";"";"";"";"2021-10-06";"28212";""
"71074";"3199";"PLU";"COM";"2005-04-27 22:00:00+00:00";"2003-01-30 23:00:00+00:00";"39";"71";"27";"2021";"NON";"NON";"71074";"";"";"";"2021-10-06";"26356";""
"71076";"3332";"PLUi/PLUiS";"CA";"2018-10-17 22:00:00+00:00";"2015-02-11 23:00:00+00:00";"33";"71";"27";"2021";"OUI";"NON";"71076";"";"";"";"2021-10-06";"117451";""
"71079";"1111";"CC";"COM";"2014-08-07 22:00:00+00:00";"2009-02-26 23:00:00+00:00";"11";"71";"27";"2021";"NON";"NON";"71079";"";"";"";"2021-10-06";"37681";""
"71081";"3332";"PLUi/PLUiS";"CA";"2018-10-17 22:00:00+00:00";"2015-02-11 23:00:00+00:00";"33";"71";"27";"2021";"OUI";"NON";"71081";"";"";"";"2021-10-06";"117451";""
"71084";"3199";"PLU";"COM";"2010-12-27 23:00:00+00:00";"2004-02-01 23:00:00+00:00";"39";"71";"27";"2021";"NON";"NON";"71084";"";"";"";"2021-10-06";"26364";""
"71087";"3432";"PLU";"CC";"2012-03-11 23:00:00+00:00";"2005-12-21 23:00:00+00:00";"33";"71";"27";"2021";"NON";"NON";"247103765";"";"";"";"2021-10-06";"26365";""
"71089";"1432";"CC";"CC";"2008-05-21 22:00:00+00:00";"2006-10-12 22:00:00+00:00";"13";"71";"27";"2021";"NON";"NON";"71089";"";"";"";"2021-10-06";"25834";""
"71090";"3199";"PLU";"COM";"2014-03-16 23:00:00+00:00";"2009-07-26 22:00:00+00:00";"39";"71";"27";"2021";"NON";"NON";"71090";"";"";"";"2021-10-06";"39264";""
"71091";"3399";"PLUi/PLUiS";"CC";"2016-07-06 22:00:00+00:00";"2012-09-19 22:00:00+00:00";"39";"71";"27";"2021";"OUI";"NON";"71091";"";"";"";"2021-10-06";"117438";""
"71092";"1199";"CC";"COM";"2006-07-30 22:00:00+00:00";"2002-01-24 23:00:00+00:00";"19";"71";"27";"2021";"NON";"NON";"71092";"";"";"";"2021-10-06";"13998";""
"71097";"1432";"CC";"CC";"2011-06-26 22:00:00+00:00";"2008-12-07 23:00:00+00:00";"13";"71";"27";"2021";"NON";"NON";"200071538";"";"";"";"2021-10-06";"33646";""
"71099";"3199";"PLU";"COM";"2012-09-30 22:00:00+00:00";"2006-12-03 23:00:00+00:00";"39";"71";"27";"2021";"NON";"NON";"71099";"";"";"";"2021-10-06";"26376";""
"71100";"1432";"CC";"CC";"2006-02-12 23:00:00+00:00";"2005-05-01 22:00:00+00:00";"13";"71";"27";"2021";"NON";"NON";"200069698";"";"";"";"2021-10-06";"25250";""
"71102";"3332";"PLUi/PLUiS";"CA";"2018-10-17 22:00:00+00:00";"2015-02-11 23:00:00+00:00";"33";"71";"27";"2021";"OUI";"NON";"71102";"";"";"";"2021-10-06";"117451";""
"71103";"3299";"PLUi/PLUiS";"CU";"2020-06-17 22:00:00+00:00";"2014-06-25 22:00:00+00:00";"39";"71";"27";"2021";"NON";"OUI";"247100290";"";"";"";"2021-10-06";"136242";""
"71104";"1432";"CC";"CC";"2006-08-23 22:00:00+00:00";"2004-10-14 22:00:00+00:00";"13";"71";"27";"2021";"NON";"NON";"71104";"";"";"";"2021-10-06";"15140";""
"71105";"3199";"PLU";"COM";"2010-12-12 23:00:00+00:00";"2010-01-21 23:00:00+00:00";"39";"71";"27";"2021";"NON";"NON";"71105";"";"";"";"2021-10-06";"40819";""
"71106";"3432";"PLU";"CC";"2008-04-13 22:00:00+00:00";"2002-03-12 23:00:00+00:00";"33";"71";"27";"2021";"NON";"NON";"200071884";"";"";"";"2021-10-06";"31190";""
"71107";"3432";"PLU";"CA";"2013-03-20 23:00:00+00:00";"2008-06-13 22:00:00+00:00";"33";"71";"27";"2021";"NON";"NON";"247100589";"";"";"";"2021-10-06";"35423";""
"71108";"1199";"CC";"COM";"2014-07-03 22:00:00+00:00";"2009-03-08 23:00:00+00:00";"19";"71";"27";"2021";"NON";"NON";"71108";"";"";"";"2021-10-06";"38259";""
"71109";"1432";"CC";"CA";"2007-11-12 23:00:00+00:00";"2005-05-05 22:00:00+00:00";"13";"71";"27";"2021";"NON";"NON";"247100589";"";"";"";"2021-10-06";"25841";""
"71112";"1199";"CC";"COM";"2006-07-12 22:00:00+00:00";"2005-02-20 23:00:00+00:00";"19";"71";"27";"2021";"NON";"NON";"71112";"";"";"";"2021-10-06";"25251";""
"71116";"1432";"CC";"CC";"2013-03-27 23:00:00+00:00";"2008-06-26 22:00:00+00:00";"13";"71";"27";"2021";"NON";"NON";"200070548";"";"";"";"2021-10-06";"35770";""
"71117";"3332";"PLUi/PLUiS";"CA";"2018-10-17 22:00:00+00:00";"2015-02-11 23:00:00+00:00";"33";"71";"27";"2021";"OUI";"NON";"71117";"";"";"";"2021-10-06";"117451";""
"71118";"3332";"PLUi/PLUiS";"CA";"2018-10-17 22:00:00+00:00";"2015-02-11 23:00:00+00:00";"33";"71";"27";"2021";"OUI";"NON";"71118";"";"";"";"2021-10-06";"117451";""
"71119";"3199";"PLU";"COM";"2006-11-16 23:00:00+00:00";"2002-08-28 22:00:00+00:00";"39";"71";"27";"2021";"NON";"NON";"71119";"";"";"";"2021-10-06";"28253";""
"71120";"3432";"PLU";"CC";"2005-09-28 22:00:00+00:00";"2001-12-19 23:00:00+00:00";"33";"71";"27";"2021";"NON";"NON";"200070548";"";"";"";"2021-10-06";"27652";""
"71124";"1432";"CC";"CC";"2008-10-13 22:00:00+00:00";"2007-02-19 23:00:00+00:00";"13";"71";"27";"2021";"NON";"NON";"71124";"";"";"";"2021-10-06";"26469";""
"71126";"3199";"PLU";"COM";"2015-11-22 23:00:00+00:00";"2010-06-20 22:00:00+00:00";"39";"71";"27";"2021";"NON";"NON";"71126";"";"";"";"2021-10-06";"41952";""
"71131";"3432";"PLU";"CC";"2013-04-22 22:00:00+00:00";"2008-09-08 22:00:00+00:00";"33";"71";"27";"2021";"NON";"NON";"71131";"";"";"";"2021-10-06";"36557";""
"71132";"3299";"PLUi/PLUiS";"CU";"2020-06-17 22:00:00+00:00";"2014-06-25 22:00:00+00:00";"39";"71";"27";"2021";"NON";"OUI";"247100290";"";"";"";"2021-10-06";"136242";""
"71133";"3432";"PLU";"CC";"2007-03-27 22:00:00+00:00";"2002-11-27 23:00:00+00:00";"33";"71";"27";"2021";"NON";"NON";"200070548";"";"";"";"2021-10-06";"27662";""
"71134";"3399";"PLUi/PLUiS";"CC";"2016-07-06 22:00:00+00:00";"2012-09-19 22:00:00+00:00";"39";"71";"27";"2021";"OUI";"NON";"71134";"";"";"";"2021-10-06";"117438";""
"71136";"1432";"CC";"CC";"2014-04-27 22:00:00+00:00";"2008-11-25 23:00:00+00:00";"13";"71";"27";"2021";"NON";"NON";"200070316";"";"";"";"2021-10-06";"37053";""
"71137";"3131";"PLU";"COM";"2006-02-06 23:00:00+00:00";"2001-12-20 23:00:00+00:00";"33";"71";"27";"2021";"NON";"NON";"71137";"";"";"";"2021-10-06";"26450";""
"71145";"3432";"PLU";"CC";"2014-02-10 23:00:00+00:00";"2010-02-24 23:00:00+00:00";"33";"71";"27";"2021";"NON";"NON";"247103765";"";"";"";"2021-10-06";"40532";""
"71146";"1199";"CC";"COM";"2008-09-07 22:00:00+00:00";"2006-06-12 22:00:00+00:00";"19";"71";"27";"2021";"NON";"NON";"71146";"";"";"";"2021-10-06";"17590";""
"71149";"3432";"PLU";"CC";"2018-10-21 22:00:00+00:00";"2014-02-10 23:00:00+00:00";"33";"71";"27";"2021";"NON";"NON";"200070530";"";"";"";"2021-10-06";"131279";""
"71150";"3131";"PLU";"COM";"2009-06-01 22:00:00+00:00";"2005-05-26 22:00:00+00:00";"33";"71";"27";"2021";"NON";"NON";"71150";"";"";"";"2021-10-06";"26467";""
"71153";"3299";"PLUi/PLUiS";"CU";"2020-06-17 22:00:00+00:00";"2014-06-25 22:00:00+00:00";"39";"71";"27";"2021";"NON";"OUI";"247100290";"";"";"";"2021-10-06";"136242";""
"71154";"3332";"PLUi/PLUiS";"CA";"2018-10-17 22:00:00+00:00";"2015-02-11 23:00:00+00:00";"33";"71";"27";"2021";"OUI";"NON";"71154";"";"";"";"2021-10-06";"117451";""
"71156";"1432";"CC";"CC";"2008-04-20 22:00:00+00:00";"2006-03-31 22:00:00+00:00";"13";"71";"27";"2021";"NON";"NON";"71156";"";"";"";"2021-10-06";"14452";""
"71157";"3131";"PLU";"COM";"2012-06-06 22:00:00+00:00";"2008-07-08 22:00:00+00:00";"33";"71";"27";"2021";"NON";"NON";"71157";"";"";"";"2021-10-06";"35769";""
"71158";"3432";"PLU";"CC";"2011-03-27 22:00:00+00:00";"2008-04-10 22:00:00+00:00";"33";"71";"27";"2021";"NON";"NON";"200071538";"";"";"";"2021-10-06";"26556";""
"71159";"1432";"CC";"CC";"2009-03-23 23:00:00+00:00";"2007-05-28 22:00:00+00:00";"13";"71";"27";"2021";"NON";"NON";"71159";"";"";"";"2021-10-06";"30349";""
"71164";"1432";"CC";"CC";"2015-05-11 22:00:00+00:00";"2010-10-10 22:00:00+00:00";"13";"71";"27";"2021";"NON";"NON";"247103765";"";"";"";"2021-10-06";"43570";""
"71165";"3432";"PLU";"CC";"2009-12-01 23:00:00+00:00";"2005-03-06 23:00:00+00:00";"33";"71";"27";"2021";"NON";"NON";"200070530";"";"";"";"2021-10-06";"27688";""
"71167";"3432";"PLU";"CC";"2013-03-06 23:00:00+00:00";"2008-10-23 22:00:00+00:00";"33";"71";"27";"2021";"NON";"NON";"200040038";"";"";"";"2021-10-06";"40416";""
"71169";"3199";"PLU";"COM";"2010-06-15 22:00:00+00:00";"2005-03-06 23:00:00+00:00";"39";"71";"27";"2021";"NON";"NON";"71169";"";"";"";"2021-10-06";"26561";""
"71170";"3332";"PLUi/PLUiS";"CA";"2018-10-17 22:00:00+00:00";"2015-02-11 23:00:00+00:00";"33";"71";"27";"2021";"OUI";"NON";"71170";"";"";"";"2021-10-06";"117451";""
"71175";"1111";"CC";"COM";"2012-08-13 22:00:00+00:00";"2009-10-01 22:00:00+00:00";"11";"71";"27";"2021";"NON";"NON";"71175";"";"";"";"2021-10-06";"40633";""
"71176";"3432";"PLU";"CC";"2009-03-25 23:00:00+00:00";"2003-10-15 22:00:00+00:00";"33";"71";"27";"2021";"NON";"NON";"200071884";"";"";"";"2021-10-06";"27696";""
"71177";"3199";"PLU";"COM";"2016-10-20 22:00:00+00:00";"2012-03-22 23:00:00+00:00";"39";"71";"27";"2021";"NON";"NON";"71177";"";"";"";"2021-10-06";"105290";""
"71178";"3399";"PLUi/PLUiS";"CC";"2016-07-06 22:00:00+00:00";"2012-09-19 22:00:00+00:00";"39";"71";"27";"2021";"OUI";"NON";"71178";"";"";"";"2021-10-06";"117438";""
"71181";"1199";"CC";"COM";"2012-06-17 22:00:00+00:00";"2009-08-04 22:00:00+00:00";"19";"71";"27";"2021";"NON";"NON";"71181";"";"";"";"2021-10-06";"39318";""
"71182";"3332";"PLUi/PLUiS";"CA";"2018-10-17 22:00:00+00:00";"2015-02-11 23:00:00+00:00";"33";"71";"27";"2021";"OUI";"NON";"71182";"";"";"";"2021-10-06";"117451";""
"71184";"3432";"PLU";"CC";"2005-05-19 22:00:00+00:00";"1999-07-15 22:00:00+00:00";"33";"71";"27";"2021";"NON";"NON";"200070530";"";"";"";"2021-10-06";"27698";""
"71186";"1432";"CC";"CC";"2010-12-05 23:00:00+00:00";"2008-09-15 22:00:00+00:00";"13";"71";"27";"2021";"NON";"NON";"71186";"";"";"";"2021-10-06";"35959";""
"71187";"3299";"PLUi/PLUiS";"CU";"2020-06-17 22:00:00+00:00";"2014-06-25 22:00:00+00:00";"39";"71";"27";"2021";"NON";"OUI";"247100290";"";"";"";"2021-10-06";"136242";""
"71189";"3332";"PLUi/PLUiS";"CA";"2018-10-17 22:00:00+00:00";"2015-02-11 23:00:00+00:00";"33";"71";"27";"2021";"OUI";"NON";"71189";"";"";"";"2021-10-06";"117451";""
"71190";"3432";"PLU";"CC";"2012-11-25 23:00:00+00:00";"2008-12-18 23:00:00+00:00";"33";"71";"27";"2021";"NON";"NON";"200070530";"";"";"";"2021-10-06";"41155";""
"71191";"3299";"PLUi/PLUiS";"CU";"2020-06-17 22:00:00+00:00";"2014-06-25 22:00:00+00:00";"39";"71";"27";"2021";"NON";"OUI";"247100290";"";"";"";"2021-10-06";"136242";""
"71192";"3432";"PLU";"CC";"2014-12-01 23:00:00+00:00";"2008-06-10 22:00:00+00:00";"33";"71";"27";"2021";"NON";"NON";"200070530";"";"";"";"2021-10-06";"35602";""
"71193";"1432";"CC";"CC";"2008-05-25 22:00:00+00:00";"2006-06-19 22:00:00+00:00";"13";"71";"27";"2021";"NON";"NON";"71193";"";"";"";"2021-10-06";"17884";""
"71194";"3332";"PLUi/PLUiS";"CA";"2018-10-17 22:00:00+00:00";"2015-02-11 23:00:00+00:00";"33";"71";"27";"2021";"OUI";"NON";"71194";"";"";"";"2021-10-06";"117451";""
"71196";"3199";"PLU";"COM";"2020-03-12 23:00:00+00:00";"2012-11-29 23:00:00+00:00";"39";"71";"27";"2021";"NON";"NON";"71196";"";"";"";"2021-10-06";"116681";""
"71198";"1111";"CC";"COM";"2010-04-13 22:00:00+00:00";"2008-04-29 22:00:00+00:00";"11";"71";"27";"2021";"NON";"NON";"71198";"";"";"";"2021-10-06";"34819";""
"71199";"1199";"CC";"COM";"2016-11-29 23:00:00+00:00";"2012-07-19 22:00:00+00:00";"19";"71";"27";"2021";"NON";"NON";"71199";"";"";"";"2021-10-06";"111649";""
"71200";"3299";"PLUi/PLUiS";"CC";"2020-03-09 23:00:00+00:00";"2015-10-11 22:00:00+00:00";"39";"71";"27";"2021";"NON";"OUI";"71200";"";"";"";"2021-10-06";"145721";""
"71201";"1432";"CC";"CC";"2010-05-16 22:00:00+00:00";"2005-05-16 22:00:00+00:00";"13";"71";"27";"2021";"NON";"NON";"71201";"";"";"";"2021-10-06";"25846";""
"71202";"3332";"PLUi/PLUiS";"CA";"2018-10-17 22:00:00+00:00";"2015-02-11 23:00:00+00:00";"33";"71";"27";"2021";"OUI";"NON";"71202";"";"";"";"2021-10-06";"117451";""
"71204";"3332";"PLUi/PLUiS";"CA";"2018-10-17 22:00:00+00:00";"2015-02-11 23:00:00+00:00";"33";"71";"27";"2021";"OUI";"NON";"71204";"";"";"";"2021-10-06";"117451";""
"71206";"1432";"CC";"CC";"2011-05-16 22:00:00+00:00";"2008-05-15 22:00:00+00:00";"13";"71";"27";"2021";"NON";"NON";"200071538";"";"";"";"2021-10-06";"34863";""
"71209";"3199";"PLU";"COM";"2014-02-27 23:00:00+00:00";"2008-09-25 22:00:00+00:00";"39";"71";"27";"2021";"NON";"NON";"71209";"";"";"";"2021-10-06";"37049";""
"71212";"3299";"PLUi/PLUiS";"CU";"2020-06-17 22:00:00+00:00";"2014-06-25 22:00:00+00:00";"39";"71";"27";"2021";"NON";"OUI";"247100290";"";"";"";"2021-10-06";"136242";""
"71214";"1432";"CC";"CC";"2011-04-19 22:00:00+00:00";"2008-12-03 23:00:00+00:00";"13";"71";"27";"2021";"NON";"NON";"247104094";"";"";"";"2021-10-06";"36585";""
"71215";"3332";"PLUi/PLUiS";"CA";"2018-10-17 22:00:00+00:00";"2015-02-11 23:00:00+00:00";"33";"71";"27";"2021";"OUI";"NON";"71215";"";"";"";"2021-10-06";"117451";""
"71219";"1432";"CC";"CC";"2008-06-11 22:00:00+00:00";"2004-01-17 23:00:00+00:00";"13";"71";"27";"2021";"NON";"NON";"71219";"";"";"";"2021-10-06";"25850";""
"71221";"3332";"PLUi/PLUiS";"CA";"2018-10-17 22:00:00+00:00";"2015-02-11 23:00:00+00:00";"33";"71";"27";"2021";"OUI";"NON";"71221";"";"";"";"2021-10-06";"117451";""
"71222";"3299";"PLUi/PLUiS";"CU";"2020-06-17 22:00:00+00:00";"2014-06-25 22:00:00+00:00";"39";"71";"27";"2021";"NON";"OUI";"247100290";"";"";"";"2021-10-06";"136242";""
"71225";"1432";"CC";"CC";"2003-06-12 22:00:00+00:00";"2001-09-03 22:00:00+00:00";"13";"71";"27";"2021";"NON";"NON";"71225";"";"";"";"2021-10-06";"25851";""
"71230";"3432";"PLU";"CC";"2016-09-28 22:00:00+00:00";"2011-12-14 23:00:00+00:00";"33";"71";"27";"2021";"NON";"NON";"200070316";"";"";"";"2021-10-06";"100068";""
"71231";"3199";"PLU";"COM";"2013-08-29 22:00:00+00:00";"2009-02-26 23:00:00+00:00";"39";"71";"27";"2021";"NON";"NON";"71231";"";"";"";"2021-10-06";"37736";""
"71235";"3199";"PLU";"COM";"2011-09-27 22:00:00+00:00";"2007-10-07 22:00:00+00:00";"39";"71";"27";"2021";"NON";"NON";"71235";"";"";"";"2021-10-06";"32951";""
"71236";"3199";"PLU";"COM";"2014-10-23 22:00:00+00:00";"2008-05-15 22:00:00+00:00";"39";"71";"27";"2021";"NON";"NON";"71236";"";"";"";"2021-10-06";"35427";""
"71238";"3299";"PLUi/PLUiS";"CC";"2020-03-09 23:00:00+00:00";"2015-10-11 22:00:00+00:00";"39";"71";"27";"2021";"NON";"OUI";"71238";"";"";"";"2021-10-06";"145721";""
"71240";"3131";"PLU";"COM";"2006-03-27 22:00:00+00:00";"2003-03-24 23:00:00+00:00";"33";"71";"27";"2021";"NON";"NON";"71240";"";"";"";"2021-10-06";"26576";""
"71241";"3332";"PLUi/PLUiS";"CA";"2018-10-17 22:00:00+00:00";"2015-02-11 23:00:00+00:00";"33";"71";"27";"2021";"OUI";"NON";"71241";"";"";"";"2021-10-06";"117451";""
"71242";"1199";"CC";"COM";"2011-04-05 22:00:00+00:00";"2008-12-21 23:00:00+00:00";"19";"71";"27";"2021";"NON";"NON";"71242";"";"";"";"2021-10-06";"37122";""
"71245";"3432";"PLU";"CC";"2009-02-15 23:00:00+00:00";"2003-01-20 23:00:00+00:00";"33";"71";"27";"2021";"NON";"NON";"71245";"";"";"";"2021-10-06";"26589";""
"71246";"1199";"CC";"COM";"2010-06-16 22:00:00+00:00";"2008-04-24 22:00:00+00:00";"19";"71";"27";"2021";"NON";"NON";"71246";"";"";"";"2021-10-06";"34820";""
"71247";"1432";"CC";"CC";"2009-08-26 22:00:00+00:00";"2008-05-22 22:00:00+00:00";"13";"71";"27";"2021";"NON";"NON";"71247";"";"";"";"2021-10-06";"35631";""
"71248";"3432";"PLU";"CC";"2014-12-08 23:00:00+00:00";"2009-03-01 23:00:00+00:00";"33";"71";"27";"2021";"NON";"NON";"200069698";"";"";"";"2021-10-06";"37933";""
"71249";"1432";"CC";"CC";"2005-06-01 22:00:00+00:00";"2002-06-06 22:00:00+00:00";"13";"71";"27";"2021";"NON";"NON";"71249";"";"";"";"2021-10-06";"15146";""
"71250";"3199";"PLU";"COM";"2018-03-04 23:00:00+00:00";"2015-09-06 22:00:00+00:00";"39";"71";"27";"2021";"NON";"NON";"71250";"";"";"";"2021-10-06";"141317";""
"71252";"3432";"PLU";"CC";"2009-06-28 22:00:00+00:00";"2005-10-06 22:00:00+00:00";"33";"71";"27";"2021";"NON";"NON";"71252";"";"";"";"2021-10-06";"28297";""
"71253";"3332";"PLUi/PLUiS";"CA";"2018-10-17 22:00:00+00:00";"2015-02-11 23:00:00+00:00";"33";"71";"27";"2021";"OUI";"NON";"71253";"";"";"";"2021-10-06";"117451";""
"71257";"3332";"PLUi/PLUiS";"CA";"2018-10-17 22:00:00+00:00";"2015-02-11 23:00:00+00:00";"33";"71";"27";"2021";"OUI";"NON";"71257";"";"";"";"2021-10-06";"117451";""
"71258";"3199";"PLU";"COM";"2009-09-03 22:00:00+00:00";"2005-04-21 22:00:00+00:00";"39";"71";"27";"2021";"NON";"NON";"71258";"";"";"";"2021-10-06";"26601";""
"71259";"3299";"PLUi/PLUiS";"CC";"2020-03-09 23:00:00+00:00";"2015-10-11 22:00:00+00:00";"39";"71";"27";"2021";"NON";"OUI";"71259";"";"";"";"2021-10-06";"145721";""
"71263";"3199";"PLU";"COM";"2019-04-03 22:00:00+00:00";"2011-03-21 23:00:00+00:00";"39";"71";"27";"2021";"NON";"NON";"71263";"";"";"";"2021-10-06";"48042";""
"71264";"1199";"CC";"COM";"2004-03-22 23:00:00+00:00";"2002-09-25 22:00:00+00:00";"19";"71";"27";"2021";"NON";"NON";"71264";"";"";"";"2021-10-06";"25258";""
"71267";"3432";"PLU";"CC";"2007-10-21 22:00:00+00:00";"2002-09-22 22:00:00+00:00";"33";"71";"27";"2021";"NON";"NON";"200069698";"";"";"";"2021-10-06";"26605";""
"71268";"1432";"CC";"CC";"2008-06-02 22:00:00+00:00";"2006-10-12 22:00:00+00:00";"13";"71";"27";"2021";"NON";"NON";"200071884";"";"";"";"2021-10-06";"25323";""
"71269";"3332";"PLUi/PLUiS";"CA";"2018-10-17 22:00:00+00:00";"2015-02-11 23:00:00+00:00";"33";"71";"27";"2021";"OUI";"NON";"71269";"";"";"";"2021-10-06";"117451";""
"71270";"3131";"PLU";"COM";"2007-02-04 23:00:00+00:00";"2004-04-18 22:00:00+00:00";"33";"71";"27";"2021";"NON";"NON";"71270";"";"";"";"2021-10-06";"26608";""
"71271";"3299";"PLUi/PLUiS";"CC";"2020-03-09 23:00:00+00:00";"2015-10-11 22:00:00+00:00";"39";"71";"27";"2021";"NON";"OUI";"71271";"";"";"";"2021-10-06";"145721";""
"71272";"3432";"PLU";"CC";"2014-02-03 23:00:00+00:00";"2010-01-27 23:00:00+00:00";"33";"71";"27";"2021";"NON";"NON";"247103765";"";"";"";"2021-10-06";"40818";""
"71274";"1432";"CC";"CC";"2010-08-03 22:00:00+00:00";"2003-02-24 23:00:00+00:00";"13";"71";"27";"2021";"NON";"NON";"71274";"";"";"";"2021-10-06";"13987";""
"71275";"3432";"PLU";"CC";"2011-04-26 22:00:00+00:00";"2003-03-02 23:00:00+00:00";"33";"71";"27";"2021";"NON";"NON";"71275";"";"";"";"2021-10-06";"27764";""
"71277";"3432";"PLU";"CC";"2007-10-30 23:00:00+00:00";"2002-12-02 23:00:00+00:00";"33";"71";"27";"2021";"NON";"NON";"71277";"";"";"";"2021-10-06";"28321";""
"71278";"3299";"PLUi/PLUiS";"CU";"2020-06-17 22:00:00+00:00";"2014-06-25 22:00:00+00:00";"39";"71";"27";"2021";"NON";"OUI";"247100290";"";"";"";"2021-10-06";"136242";""
"71279";"3432";"PLU";"CC";"2015-12-15 23:00:00+00:00";"2012-11-28 23:00:00+00:00";"33";"71";"27";"2021";"NON";"NON";"200071884";"";"";"";"2021-10-06";"116279";""
"71282";"3299";"PLUi/PLUiS";"CU";"2020-06-17 22:00:00+00:00";"2014-06-25 22:00:00+00:00";"39";"71";"27";"2021";"NON";"OUI";"247100290";"";"";"";"2021-10-06";"136242";""
"71283";"3332";"PLUi/PLUiS";"CA";"2018-10-17 22:00:00+00:00";"2015-02-11 23:00:00+00:00";"33";"71";"27";"2021";"OUI";"NON";"71283";"";"";"";"2021-10-06";"117451";""
"71286";"3299";"PLUi/PLUiS";"CU";"2020-06-17 22:00:00+00:00";"2014-06-25 22:00:00+00:00";"39";"71";"27";"2021";"NON";"OUI";"247100290";"";"";"";"2021-10-06";"136242";""
"71289";"3399";"PLUi/PLUiS";"CC";"2016-07-06 22:00:00+00:00";"2012-09-19 22:00:00+00:00";"39";"71";"27";"2021";"OUI";"NON";"71289";"";"";"";"2021-10-06";"117438";""
"71290";"1199";"CC";"COM";"2005-06-15 22:00:00+00:00";"2003-05-12 22:00:00+00:00";"19";"71";"27";"2021";"NON";"NON";"71290";"";"";"";"2021-10-06";"13988";""
"71291";"1432";"CC";"CC";"2008-02-12 23:00:00+00:00";"2005-03-24 23:00:00+00:00";"13";"71";"27";"2021";"NON";"NON";"71291";"";"";"";"2021-10-06";"25407";""
"71292";"3332";"PLUi/PLUiS";"CA";"2018-10-17 22:00:00+00:00";"2015-02-11 23:00:00+00:00";"33";"71";"27";"2021";"OUI";"NON";"71292";"";"";"";"2021-10-06";"117451";""
"71294";"3332";"PLUi/PLUiS";"CA";"2018-10-17 22:00:00+00:00";"2015-02-11 23:00:00+00:00";"33";"71";"27";"2021";"OUI";"NON";"71294";"";"";"";"2021-10-06";"117451";""
"71295";"3199";"PLU";"COM";"2011-04-13 22:00:00+00:00";"2006-12-12 23:00:00+00:00";"39";"71";"27";"2021";"NON";"NON";"71295";"";"";"";"2021-10-06";"28556";""
"71296";"1432";"CC";"CC";"2005-04-25 22:00:00+00:00";"2002-12-16 23:00:00+00:00";"13";"71";"27";"2021";"NON";"NON";"71296";"";"";"";"2021-10-06";"13989";""
"71297";"3432";"PLU";"CC";"2013-04-11 22:00:00+00:00";"2008-09-24 22:00:00+00:00";"33";"71";"27";"2021";"NON";"NON";"200070530";"";"";"";"2021-10-06";"36394";""
"71299";"3199";"PLU";"COM";"2014-03-19 23:00:00+00:00";"2009-07-14 22:00:00+00:00";"39";"71";"27";"2021";"NON";"NON";"71299";"";"";"";"2021-10-06";"38730";""
"71300";"3131";"PLU";"COM";"2008-01-31 23:00:00+00:00";"2004-12-09 23:00:00+00:00";"33";"71";"27";"2021";"NON";"NON";"71300";"";"";"";"2021-10-06";"28566";""
"71302";"3432";"PLU";"CC";"2012-05-02 22:00:00+00:00";"2007-05-20 22:00:00+00:00";"33";"71";"27";"2021";"NON";"NON";"71302";"";"";"";"2021-10-06";"28567";""
"71303";"1199";"CC";"COM";"2009-02-08 23:00:00+00:00";"2006-12-21 23:00:00+00:00";"19";"71";"27";"2021";"NON";"NON";"71303";"";"";"";"2021-10-06";"25863";""
"71305";"3432";"PLU";"CC";"2011-03-31 22:00:00+00:00";"2005-03-23 23:00:00+00:00";"33";"71";"27";"2021";"NON";"NON";"200069698";"";"";"";"2021-10-06";"27218";""
"71306";"3299";"PLUi/PLUiS";"CU";"2020-06-17 22:00:00+00:00";"2014-06-25 22:00:00+00:00";"39";"71";"27";"2021";"NON";"OUI";"247100290";"";"";"";"2021-10-06";"136242";""
"71308";"1432";"CC";"CC";"2014-04-24 22:00:00+00:00";"2011-02-10 23:00:00+00:00";"13";"71";"27";"2021";"NON";"NON";"71308";"";"";"";"2021-10-06";"48020";""
"71309";"3299";"PLUi/PLUiS";"CU";"2020-06-17 22:00:00+00:00";"2014-06-25 22:00:00+00:00";"39";"71";"27";"2021";"NON";"OUI";"247100290";"";"";"";"2021-10-06";"136242";""
"71310";"3299";"PLUi/PLUiS";"CU";"2020-06-17 22:00:00+00:00";"2014-06-25 22:00:00+00:00";"39";"71";"27";"2021";"NON";"OUI";"247100290";"";"";"";"2021-10-06";"136242";""
"71311";"1199";"CC";"COM";"2011-05-30 22:00:00+00:00";"2008-05-29 22:00:00+00:00";"19";"71";"27";"2021";"NON";"NON";"71311";"";"";"";"2021-10-06";"35772";""
"71316";"3399";"PLUi/PLUiS";"CC";"2016-07-06 22:00:00+00:00";"2012-09-19 22:00:00+00:00";"39";"71";"27";"2021";"OUI";"NON";"71316";"";"";"";"2021-10-06";"117438";""
"71318";"1432";"CC";"CC";"2010-06-16 22:00:00+00:00";"2007-01-25 23:00:00+00:00";"13";"71";"27";"2021";"NON";"NON";"200071538";"";"";"";"2021-10-06";"26481";""
"71319";"3131";"PLU";"COM";"2010-07-06 22:00:00+00:00";"2005-01-27 23:00:00+00:00";"33";"71";"27";"2021";"NON";"NON";"71319";"";"";"";"2021-10-06";"28565";""
"71320";"3299";"PLUi/PLUiS";"CU";"2020-06-17 22:00:00+00:00";"2014-06-25 22:00:00+00:00";"39";"71";"27";"2021";"NON";"OUI";"247100290";"";"";"";"2021-10-06";"136242";""
"71321";"3299";"PLUi/PLUiS";"CU";"2020-06-17 22:00:00+00:00";"2014-06-25 22:00:00+00:00";"39";"71";"27";"2021";"NON";"OUI";"247100290";"";"";"";"2021-10-06";"136242";""
"71324";"3432";"PLU";"CC";"2005-05-29 22:00:00+00:00";"2000-10-05 22:00:00+00:00";"33";"71";"27";"2021";"NON";"NON";"71324";"";"";"";"2021-10-06";"28570";""
"71325";"1432";"CC";"CC";"2011-04-13 22:00:00+00:00";"2007-06-24 22:00:00+00:00";"13";"71";"27";"2021";"NON";"NON";"200071884";"";"";"";"2021-10-06";"30370";""
"71328";"1432";"CC";"CC";"2007-11-29 23:00:00+00:00";"2005-03-03 23:00:00+00:00";"13";"71";"27";"2021";"NON";"NON";"71328";"";"";"";"2021-10-06";"25864";""
"71333";"3332";"PLUi/PLUiS";"CA";"2018-10-17 22:00:00+00:00";"2015-02-11 23:00:00+00:00";"33";"71";"27";"2021";"OUI";"NON";"247100589";"";"";"";"2021-10-06";"117451";""
"71337";"3299";"PLUi/PLUiS";"CC";"2020-03-09 23:00:00+00:00";"2015-10-11 22:00:00+00:00";"39";"71";"27";"2021";"NON";"OUI";"71337";"";"";"";"2021-10-06";"145721";""
"71340";"3432";"PLU";"CC";"2005-12-26 23:00:00+00:00";"2000-02-17 23:00:00+00:00";"33";"71";"27";"2021";"NON";"NON";"200071884";"";"";"";"2021-10-06";"27876";""
"71341";"1432";"CC";"CC";"2009-10-12 22:00:00+00:00";"2007-01-31 23:00:00+00:00";"13";"71";"27";"2021";"NON";"NON";"71341";"";"";"";"2021-10-06";"25874";""
"71342";"3432";"PLU";"CC";"2012-01-29 23:00:00+00:00";"2008-09-17 22:00:00+00:00";"33";"71";"27";"2021";"NON";"NON";"200071884";"";"";"";"2021-10-06";"37098";""
"71345";"1199";"CC";"COM";"2006-06-21 22:00:00+00:00";"2003-06-24 22:00:00+00:00";"19";"71";"27";"2021";"NON";"NON";"71345";"";"";"";"2021-10-06";"13996";""
"71346";"3299";"PLUi/PLUiS";"CU";"2020-06-17 22:00:00+00:00";"2014-06-25 22:00:00+00:00";"39";"71";"27";"2021";"NON";"OUI";"247100290";"";"";"";"2021-10-06";"136242";""
"71347";"3299";"PLUi/PLUiS";"CU";"2020-06-17 22:00:00+00:00";"2014-06-25 22:00:00+00:00";"39";"71";"27";"2021";"NON";"OUI";"247100290";"";"";"";"2021-10-06";"136242";""
"71350";"3433";"PLU";"CC";"2012-04-11 22:00:00+00:00";"2004-05-10 22:00:00+00:00";"33";"71";"27";"2021";"NON";"NON";"71350";"";"";"";"2021-10-06";"27228";""
"71351";"3131";"PLU";"COM";"2004-01-28 23:00:00+00:00";"2001-09-04 22:00:00+00:00";"33";"71";"27";"2021";"NON";"NON";"71351";"";"";"";"2021-10-06";"28631";""
"71353";"3432";"PLU";"CC";"2007-05-20 22:00:00+00:00";"2004-01-21 23:00:00+00:00";"33";"71";"27";"2021";"NON";"NON";"200069698";"";"";"";"2021-10-06";"27235";""
"71355";"1432";"CC";"CC";"2008-06-08 22:00:00+00:00";"2005-12-09 23:00:00+00:00";"13";"71";"27";"2021";"NON";"NON";"71355";"";"";"";"2021-10-06";"25865";""
"71356";"3299";"PLUi/PLUiS";"CU";"2020-06-17 22:00:00+00:00";"2014-06-25 22:00:00+00:00";"39";"71";"27";"2021";"NON";"OUI";"247100290";"";"";"";"2021-10-06";"136242";""
"71360";"3199";"PLU";"COM";"2007-01-15 23:00:00+00:00";"2003-10-06 22:00:00+00:00";"39";"71";"27";"2021";"NON";"NON";"71360";"";"";"";"2021-10-06";"27249";""
"71362";"1199";"CC";"COM";"2015-02-16 23:00:00+00:00";"2010-10-20 22:00:00+00:00";"19";"71";"27";"2021";"NON";"NON";"71362";"";"";"";"2021-10-06";"43763";""
"71367";"1199";"CC";"COM";"2011-09-11 22:00:00+00:00";"2007-03-01 23:00:00+00:00";"19";"71";"27";"2021";"NON";"NON";"71367";"";"";"";"2021-10-06";"26472";""
"71371";"3199";"PLU";"COM";"2013-09-05 22:00:00+00:00";"2009-02-26 23:00:00+00:00";"39";"71";"27";"2021";"NON";"NON";"71371";"";"";"";"2021-10-06";"37710";""
"71372";"3199";"PLU";"COM";"2007-12-02 23:00:00+00:00";"2005-03-28 22:00:00+00:00";"39";"71";"27";"2021";"NON";"NON";"71372";"";"";"";"2021-10-06";"27261";""
"71373";"3432";"PLU";"CC";"2014-09-24 22:00:00+00:00";"2008-04-09 22:00:00+00:00";"33";"71";"27";"2021";"NON";"NON";"200071538";"";"";"";"2021-10-06";"34831";""
"71374";"1432";"CC";"CC";"2014-01-08 23:00:00+00:00";"2010-06-27 22:00:00+00:00";"13";"71";"27";"2021";"NON";"NON";"71374";"";"";"";"2021-10-06";"41797";""
"71377";"1432";"CC";"CC";"2004-06-21 22:00:00+00:00";"2002-04-22 22:00:00+00:00";"13";"71";"27";"2021";"NON";"NON";"71377";"";"";"";"2021-10-06";"15147";""
"71378";"3332";"PLUi/PLUiS";"CA";"2018-10-17 22:00:00+00:00";"2015-02-11 23:00:00+00:00";"33";"71";"27";"2021";"OUI";"NON";"71378";"";"";"";"2021-10-06";"117451";""
"71379";"1111";"CC";"COM";"2008-04-22 22:00:00+00:00";"2006-01-26 23:00:00+00:00";"11";"71";"27";"2021";"NON";"NON";"71379";"";"";"";"2021-10-06";"14453";""
"71380";"1199";"CC";"COM";"2009-07-27 22:00:00+00:00";"2006-03-21 23:00:00+00:00";"19";"71";"27";"2021";"NON";"NON";"71380";"";"";"";"2021-10-06";"14455";""
"71385";"3199";"PLU";"COM";"2017-09-18 22:00:00+00:00";"2012-12-05 23:00:00+00:00";"39";"71";"27";"2021";"NON";"NON";"71385";"";"";"";"2021-10-06";"116271";""
"71387";"1199";"CC";"COM";"2016-12-08 23:00:00+00:00";"2008-04-11 22:00:00+00:00";"19";"71";"27";"2021";"NON";"NON";"71387";"";"";"";"2021-10-06";"34830";""
"71388";"1432";"CC";"CC";"2010-11-14 23:00:00+00:00";"2004-08-19 22:00:00+00:00";"13";"71";"27";"2021";"NON";"NON";"200071884";"";"";"";"2021-10-06";"14000";""
"71390";"3299";"PLUi/PLUiS";"CU";"2020-06-17 22:00:00+00:00";"2014-06-25 22:00:00+00:00";"39";"71";"27";"2021";"NON";"OUI";"247100290";"";"";"";"2021-10-06";"136242";""
"71392";"1432";"CC";"CC";"2008-09-22 22:00:00+00:00";"2006-03-20 23:00:00+00:00";"13";"71";"27";"2021";"NON";"NON";"71392";"";"";"";"2021-10-06";"15543";""
"71393";"3299";"PLUi/PLUiS";"CC";"2020-03-09 23:00:00+00:00";"2015-10-11 22:00:00+00:00";"39";"71";"27";"2021";"NON";"OUI";"71393";"";"";"";"2021-10-06";"145721";""
"71399";"3299";"PLUi/PLUiS";"CC";"2020-03-09 23:00:00+00:00";"2015-10-11 22:00:00+00:00";"39";"71";"27";"2021";"NON";"OUI";"71399";"";"";"";"2021-10-06";"145721";""
"71401";"1199";"CC";"COM";"2013-03-13 23:00:00+00:00";"2012-01-12 23:00:00+00:00";"19";"71";"27";"2021";"NON";"NON";"71401";"";"";"";"2021-10-06";"103747";""
"71402";"1432";"CC";"CC";"2009-09-24 22:00:00+00:00";"2006-06-21 22:00:00+00:00";"13";"71";"27";"2021";"NON";"NON";"71402";"";"";"";"2021-10-06";"17887";""
"71403";"3332";"PLUi/PLUiS";"CA";"2018-10-17 22:00:00+00:00";"2015-02-11 23:00:00+00:00";"33";"71";"27";"2021";"OUI";"NON";"71403";"";"";"";"2021-10-06";"117451";""
"71404";"3332";"PLUi/PLUiS";"CA";"2018-10-17 22:00:00+00:00";"2015-02-11 23:00:00+00:00";"33";"71";"27";"2021";"OUI";"NON";"71404";"";"";"";"2021-10-06";"117451";""
"71405";"1432";"CC";"CC";"2009-07-01 22:00:00+00:00";"2006-11-02 23:00:00+00:00";"13";"71";"27";"2021";"NON";"NON";"200040038";"";"";"";"2021-10-06";"25872";""
"71406";"3299";"PLUi/PLUiS";"CC";"2020-03-09 23:00:00+00:00";"2015-10-11 22:00:00+00:00";"39";"71";"27";"2021";"NON";"OUI";"71406";"";"";"";"2021-10-06";"145721";""
"71408";"1432";"CC";"CC";"2010-09-01 22:00:00+00:00";"2008-09-17 22:00:00+00:00";"13";"71";"27";"2021";"NON";"NON";"200070548";"";"";"";"2021-10-06";"37802";""
"71409";"1432";"CC";"CC";"2007-01-25 23:00:00+00:00";"2002-03-28 23:00:00+00:00";"13";"71";"27";"2021";"NON";"NON";"200070530";"";"";"";"2021-10-06";"14011";""
"71412";"3299";"PLUi/PLUiS";"CU";"2020-06-17 22:00:00+00:00";"2014-06-25 22:00:00+00:00";"39";"71";"27";"2021";"NON";"OUI";"247100290";"";"";"";"2021-10-06";"136242";""
"71413";"3299";"PLUi/PLUiS";"CU";"2020-06-17 22:00:00+00:00";"2014-06-25 22:00:00+00:00";"39";"71";"27";"2021";"NON";"OUI";"247100290";"";"";"";"2021-10-06";"136242";""
"71414";"3432";"PLU";"CC";"2001-12-06 23:00:00+00:00";"1998-03-26 23:00:00+00:00";"33";"71";"27";"2021";"NON";"NON";"200070530";"";"";"";"2021-10-06";"27890";""
"71415";"3299";"PLUi/PLUiS";"CC";"2020-03-09 23:00:00+00:00";"2015-10-11 22:00:00+00:00";"39";"71";"27";"2021";"NON";"OUI";"71415";"";"";"";"2021-10-06";"145721";""
"71416";"1432";"CC";"CC";"2013-11-11 23:00:00+00:00";"2009-01-21 23:00:00+00:00";"13";"71";"27";"2021";"NON";"NON";"71416";"";"";"";"2021-10-06";"37552";""
"71419";"3199";"PLU";"COM";"2012-09-24 22:00:00+00:00";"2008-05-21 22:00:00+00:00";"39";"71";"27";"2021";"NON";"NON";"71419";"";"";"";"2021-10-06";"35236";""
"71420";"3432";"PLU";"CC";"2009-11-23 23:00:00+00:00";"2004-06-28 22:00:00+00:00";"33";"71";"27";"2021";"NON";"NON";"200071538";"";"";"";"2021-10-06";"28663";""
"71422";"1432";"CC";"CC";"2007-02-07 23:00:00+00:00";"2004-02-26 23:00:00+00:00";"13";"71";"27";"2021";"NON";"NON";"71422";"";"";"";"2021-10-06";"14013";""
"71423";"1432";"CC";"CC";"2007-11-29 23:00:00+00:00";"2004-10-06 22:00:00+00:00";"13";"71";"27";"2021";"NON";"NON";"71423";"";"";"";"2021-10-06";"14002";""
"71425";"1432";"CC";"CA";"2010-01-19 23:00:00+00:00";"2006-11-09 23:00:00+00:00";"13";"71";"27";"2021";"NON";"NON";"247100589";"";"";"";"2021-10-06";"25880";""
"71426";"3432";"PLU";"CC";"2014-02-23 23:00:00+00:00";"2010-12-15 23:00:00+00:00";"33";"71";"27";"2021";"NON";"NON";"71426";"";"";"";"2021-10-06";"45819";""
"71430";"3332";"PLUi/PLUiS";"CA";"2018-10-17 22:00:00+00:00";"2015-02-11 23:00:00+00:00";"33";"71";"27";"2021";"OUI";"NON";"71430";"";"";"";"2021-10-06";"117451";""
"71431";"1432";"CC";"CC";"2010-05-02 22:00:00+00:00";"2008-09-04 22:00:00+00:00";"13";"71";"27";"2021";"NON";"NON";"200070530";"";"";"";"2021-10-06";"37100";""
"71434";"3299";"PLUi/PLUiS";"CC";"2020-03-09 23:00:00+00:00";"2015-10-11 22:00:00+00:00";"39";"71";"27";"2021";"NON";"OUI";"71434";"";"";"";"2021-10-06";"145721";""
"71435";"3299";"PLUi/PLUiS";"CU";"2020-06-17 22:00:00+00:00";"2014-06-25 22:00:00+00:00";"39";"71";"27";"2021";"NON";"OUI";"247100290";"";"";"";"2021-10-06";"136242";""
"71436";"3299";"PLUi/PLUiS";"CU";"2020-06-17 22:00:00+00:00";"2014-06-25 22:00:00+00:00";"39";"71";"27";"2021";"NON";"OUI";"247100290";"";"";"";"2021-10-06";"136242";""
"71439";"3432";"PLU";"CC";"2005-03-22 23:00:00+00:00";"2001-12-19 23:00:00+00:00";"33";"71";"27";"2021";"NON";"NON";"200071884";"";"";"";"2021-10-06";"27900";""
"71441";"1433";"CC";"CC";"2012-11-11 23:00:00+00:00";"2009-11-19 23:00:00+00:00";"13";"71";"27";"2021";"NON";"NON";"71441";"";"";"";"2021-10-06";"40624";""
"71442";"3432";"PLU";"CA";"2011-11-22 23:00:00+00:00";"2004-12-20 23:00:00+00:00";"33";"71";"27";"2021";"NON";"NON";"247100589";"";"";"";"2021-10-06";"28668";""
"71443";"3432";"PLU";"CA";"2015-12-06 23:00:00+00:00";"2010-06-28 22:00:00+00:00";"33";"71";"27";"2021";"NON";"NON";"71443";"";"";"";"2021-10-06";"41766";""
"71444";"3332";"PLUi/PLUiS";"CA";"2018-10-17 22:00:00+00:00";"2015-02-11 23:00:00+00:00";"33";"71";"27";"2021";"OUI";"NON";"71444";"";"";"";"2021-10-06";"117451";""
"71445";"3332";"PLUi/PLUiS";"CA";"2018-10-17 22:00:00+00:00";"2015-02-11 23:00:00+00:00";"33";"71";"27";"2021";"OUI";"NON";"71445";"";"";"";"2021-10-06";"117451";""
"71447";"3332";"PLUi/PLUiS";"CA";"2018-10-17 22:00:00+00:00";"2015-02-11 23:00:00+00:00";"33";"71";"27";"2021";"OUI";"NON";"71447";"";"";"";"2021-10-06";"117451";""
"71448";"3199";"PLU";"COM";"2006-11-09 23:00:00+00:00";"2002-03-14 23:00:00+00:00";"39";"71";"27";"2021";"NON";"NON";"71448";"";"";"";"2021-10-06";"27279";""
"71449";"1432";"CC";"CC";"2004-10-19 22:00:00+00:00";"2002-03-26 23:00:00+00:00";"13";"71";"27";"2021";"NON";"NON";"71449";"";"";"";"2021-10-06";"25881";""
"71454";"1199";"CC";"COM";"2003-11-27 23:00:00+00:00";"2001-07-04 22:00:00+00:00";"19";"71";"27";"2021";"NON";"NON";"71454";"";"";"";"2021-10-06";"25882";""
"71455";"1432";"CC";"CC";"2010-02-03 23:00:00+00:00";"2007-11-12 23:00:00+00:00";"13";"71";"27";"2021";"NON";"NON";"71455";"";"";"";"2021-10-06";"34782";""
"71456";"3432";"PLU";"CC";"2006-07-16 22:00:00+00:00";"2002-03-17 23:00:00+00:00";"33";"71";"27";"2021";"NON";"NON";"200040038";"";"";"";"2021-10-06";"18803";""
"71457";"1432";"CC";"CC";"2010-04-07 22:00:00+00:00";"2008-07-31 22:00:00+00:00";"13";"71";"27";"2021";"NON";"NON";"71457";"";"";"";"2021-10-06";"35962";""
"71459";"3332";"PLUi/PLUiS";"CA";"2018-10-17 22:00:00+00:00";"2015-02-11 23:00:00+00:00";"33";"71";"27";"2021";"OUI";"NON";"71459";"";"";"";"2021-10-06";"117451";""
"71460";"1199";"CC";"COM";"2007-07-09 22:00:00+00:00";"2005-05-30 22:00:00+00:00";"19";"71";"27";"2021";"NON";"NON";"71460";"";"";"";"2021-10-06";"18199";""
"71462";"3432";"PLU";"CC";"2014-03-13 23:00:00+00:00";"2008-11-27 23:00:00+00:00";"33";"71";"27";"2021";"NON";"NON";"200040038";"";"";"";"2021-10-06";"36660";""
"71463";"3432";"PLU";"CC";"2019-02-06 23:00:00+00:00";"2012-05-30 22:00:00+00:00";"33";"71";"27";"2021";"NON";"NON";"200070548";"";"";"";"2021-10-06";"109786";""
"71465";"3299";"PLUi/PLUiS";"CU";"2020-06-17 22:00:00+00:00";"2014-06-25 22:00:00+00:00";"39";"71";"27";"2021";"NON";"OUI";"247100290";"";"";"";"2021-10-06";"136242";""
"71468";"3299";"PLUi/PLUiS";"CU";"2020-06-17 22:00:00+00:00";"2014-06-25 22:00:00+00:00";"39";"71";"27";"2021";"NON";"OUI";"247100290";"";"";"";"2021-10-06";"136242";""
"71469";"3399";"PLUi/PLUiS";"CC";"2016-07-06 22:00:00+00:00";"2012-09-19 22:00:00+00:00";"39";"71";"27";"2021";"OUI";"NON";"71469";"";"";"";"2021-10-06";"117438";""
"71470";"1433";"CC";"CC";"2015-03-11 23:00:00+00:00";"2011-05-25 22:00:00+00:00";"13";"71";"27";"2021";"NON";"NON";"71470";"";"";"";"2021-10-06";"74786";""
"71471";"1432";"CC";"CC";"2008-10-08 22:00:00+00:00";"2007-05-24 22:00:00+00:00";"13";"71";"27";"2021";"NON";"NON";"71471";"";"";"";"2021-10-06";"30368";""
"71473";"1432";"CC";"CC";"2013-06-02 22:00:00+00:00";"2007-10-07 22:00:00+00:00";"13";"71";"27";"2021";"NON";"NON";"200070548";"";"";"";"2021-10-06";"32054";""
"71475";"3332";"PLUi/PLUiS";"CA";"2018-10-17 22:00:00+00:00";"2015-02-11 23:00:00+00:00";"33";"71";"27";"2021";"OUI";"NON";"71475";"";"";"";"2021-10-06";"117451";""
"71477";"3299";"PLUi/PLUiS";"CU";"2020-06-17 22:00:00+00:00";"2014-06-25 22:00:00+00:00";"39";"71";"27";"2021";"NON";"OUI";"247100290";"";"";"";"2021-10-06";"136242";""
"71479";"3299";"PLUi/PLUiS";"CU";"2020-06-17 22:00:00+00:00";"2014-06-25 22:00:00+00:00";"39";"71";"27";"2021";"NON";"OUI";"247100290";"";"";"";"2021-10-06";"136242";""
"71480";"3432";"PLU";"CA";"2013-07-02 22:00:00+00:00";"2009-06-02 22:00:00+00:00";"33";"71";"27";"2021";"NON";"NON";"247100589";"";"";"";"2021-10-06";"38625";""
"71481";"3199";"PLU";"COM";"2014-02-02 23:00:00+00:00";"2010-10-24 22:00:00+00:00";"39";"71";"27";"2021";"NON";"NON";"71481";"";"";"";"2021-10-06";"45818";""
"71482";"3299";"PLUi/PLUiS";"CU";"2020-06-17 22:00:00+00:00";"2014-06-25 22:00:00+00:00";"39";"71";"27";"2021";"NON";"OUI";"247100290";"";"";"";"2021-10-06";"136242";""
"71485";"1432";"CC";"CC";"2013-09-11 22:00:00+00:00";"2010-01-28 23:00:00+00:00";"13";"71";"27";"2021";"NON";"NON";"71485";"";"";"";"2021-10-06";"40967";""
"71486";"3299";"PLUi/PLUiS";"CU";"2020-06-17 22:00:00+00:00";"2014-06-25 22:00:00+00:00";"39";"71";"27";"2021";"NON";"OUI";"247100290";"";"";"";"2021-10-06";"136242";""
"71487";"3199";"PLU";"COM";"2020-09-16 22:00:00+00:00";"2010-03-29 22:00:00+00:00";"39";"71";"27";"2021";"NON";"NON";"71487";"";"";"";"2021-10-06";"41332";""
"71489";"3199";"PLU";"COM";"2020-01-13 23:00:00+00:00";"2015-06-01 22:00:00+00:00";"39";"71";"27";"2021";"NON";"NON";"71489";"";"";"";"2021-10-06";"141192";""
"71490";"3432";"PLU";"CC";"2019-07-09 22:00:00+00:00";"2011-12-07 23:00:00+00:00";"33";"71";"27";"2021";"NON";"NON";"200071884";"";"";"";"2021-10-06";"100175";""
"71492";"3199";"PLU";"COM";"2017-08-07 22:00:00+00:00";"2010-02-15 23:00:00+00:00";"39";"71";"27";"2021";"NON";"NON";"71492";"";"";"";"2021-10-06";"40999";""
"71494";"3199";"PLU";"COM";"2013-01-07 23:00:00+00:00";"2009-02-22 23:00:00+00:00";"39";"71";"27";"2021";"NON";"NON";"71494";"";"";"";"2021-10-06";"37646";""
"71495";"3199";"PLU";"COM";"2013-12-15 23:00:00+00:00";"2009-01-25 23:00:00+00:00";"39";"71";"27";"2021";"NON";"NON";"71495";"";"";"";"2021-10-06";"37709";""
"71497";"3199";"PLU";"COM";"2007-02-25 23:00:00+00:00";"2002-10-21 22:00:00+00:00";"39";"71";"27";"2021";"NON";"NON";"71497";"";"";"";"2021-10-06";"16774";""
"71498";"1432";"CC";"CC";"2008-12-07 23:00:00+00:00";"2007-03-12 23:00:00+00:00";"13";"71";"27";"2021";"NON";"NON";"71498";"";"";"";"2021-10-06";"27185";""
"71499";"3299";"PLUi/PLUiS";"CU";"2020-06-17 22:00:00+00:00";"2014-06-25 22:00:00+00:00";"39";"71";"27";"2021";"NON";"OUI";"247100290";"";"";"";"2021-10-06";"136242";""
"71500";"3299";"PLUi/PLUiS";"CC";"2020-03-09 23:00:00+00:00";"2015-10-11 22:00:00+00:00";"39";"71";"27";"2021";"NON";"OUI";"71500";"";"";"";"2021-10-06";"145721";""
"71501";"1432";"CC";"CC";"2009-05-18 22:00:00+00:00";"2007-04-20 22:00:00+00:00";"13";"71";"27";"2021";"NON";"NON";"71501";"";"";"";"2021-10-06";"29036";""
"71502";"3332";"PLUi/PLUiS";"CA";"2018-10-17 22:00:00+00:00";"2015-02-11 23:00:00+00:00";"33";"71";"27";"2021";"OUI";"NON";"71502";"";"";"";"2021-10-06";"117451";""
"71503";"1432";"CC";"CC";"2007-11-21 23:00:00+00:00";"2006-01-19 23:00:00+00:00";"13";"71";"27";"2021";"NON";"NON";"71503";"";"";"";"2021-10-06";"25887";""
"71506";"3199";"PLU";"COM";"2014-03-18 23:00:00+00:00";"2009-03-25 23:00:00+00:00";"39";"71";"27";"2021";"NON";"NON";"71506";"";"";"";"2021-10-06";"38163";""
"71509";"3432";"PLU";"CC";"2013-01-10 23:00:00+00:00";"2006-08-24 22:00:00+00:00";"33";"71";"27";"2021";"NON";"NON";"200070530";"";"";"";"2021-10-06";"27912";""
"71510";"3299";"PLUi/PLUiS";"CC";"2020-03-09 23:00:00+00:00";"2015-10-11 22:00:00+00:00";"39";"71";"27";"2021";"NON";"OUI";"71510";"";"";"";"2021-10-06";"145721";""
"71512";"3432";"PLU";"CC";"2004-10-27 22:00:00+00:00";"2002-04-25 22:00:00+00:00";"33";"71";"27";"2021";"NON";"NON";"71512";"";"";"";"2021-10-06";"29009";""
"71514";"1199";"CC";"COM";"2011-05-24 22:00:00+00:00";"2008-06-19 22:00:00+00:00";"19";"71";"27";"2021";"NON";"NON";"71514";"";"";"";"2021-10-06";"35579";""
"71515";"1432";"CC";"CC";"2011-06-26 22:00:00+00:00";"2008-06-26 22:00:00+00:00";"13";"71";"27";"2021";"NON";"NON";"71515";"";"";"";"2021-10-06";"35964";""
"71516";"1199";"CC";"COM";"2011-09-05 22:00:00+00:00";"2008-10-26 23:00:00+00:00";"19";"71";"27";"2021";"NON";"NON";"71516";"";"";"";"2021-10-06";"37089";""
"71517";"1432";"CC";"CC";"2011-03-23 23:00:00+00:00";"2008-08-25 22:00:00+00:00";"13";"71";"27";"2021";"NON";"NON";"71517";"";"";"";"2021-10-06";"35963";""
"71520";"3332";"PLUi/PLUiS";"CA";"2018-10-17 22:00:00+00:00";"2015-02-11 23:00:00+00:00";"33";"71";"27";"2021";"OUI";"NON";"71520";"";"";"";"2021-10-06";"117451";""
"71522";"3432";"PLU";"CC";"2005-11-21 23:00:00+00:00";"2001-11-22 23:00:00+00:00";"33";"71";"27";"2021";"NON";"NON";"200071538";"";"";"";"2021-10-06";"16780";""
"71528";"3199";"PLU";"COM";"2014-02-09 23:00:00+00:00";"2008-09-29 22:00:00+00:00";"39";"71";"27";"2021";"NON";"NON";"71528";"";"";"";"2021-10-06";"37038";""
"71529";"1432";"CC";"CC";"2011-03-07 23:00:00+00:00";"2008-09-25 22:00:00+00:00";"13";"71";"27";"2021";"NON";"NON";"200071884";"";"";"";"2021-10-06";"39552";""
"71533";"1432";"CC";"CC";"2006-12-06 23:00:00+00:00";"2004-02-15 23:00:00+00:00";"13";"71";"27";"2021";"NON";"NON";"200070548";"";"";"";"2021-10-06";"14023";""
"71538";"1199";"CC";"COM";"2008-08-12 22:00:00+00:00";"2005-11-14 23:00:00+00:00";"19";"71";"27";"2021";"NON";"NON";"71538";"";"";"";"2021-10-06";"25888";""
"71540";"3299";"PLUi/PLUiS";"CU";"2020-06-17 22:00:00+00:00";"2014-06-25 22:00:00+00:00";"39";"71";"27";"2021";"NON";"OUI";"247100290";"";"";"";"2021-10-06";"136242";""
"71542";"1432";"CC";"CC";"2007-11-21 23:00:00+00:00";"2002-03-25 23:00:00+00:00";"13";"71";"27";"2021";"NON";"NON";"200070316";"";"";"";"2021-10-06";"14025";""
"71543";"3432";"PLU";"CC";"2014-02-10 23:00:00+00:00";"2012-12-17 23:00:00+00:00";"33";"71";"27";"2021";"NON";"NON";"200069698";"";"";"";"2021-10-06";"116275";""
"71544";"1432";"CC";"CC";"2010-01-28 23:00:00+00:00";"2006-10-26 22:00:00+00:00";"13";"71";"27";"2021";"NON";"NON";"71544";"";"";"";"2021-10-06";"25889";""
"71545";"3433";"PLU";"CC";"2008-02-20 23:00:00+00:00";"2003-01-30 23:00:00+00:00";"33";"71";"27";"2021";"NON";"NON";"71545";"";"";"";"2021-10-06";"30661";""
"71546";"3399";"PLUi/PLUiS";"CC";"2016-07-06 22:00:00+00:00";"2012-09-19 22:00:00+00:00";"39";"71";"27";"2021";"OUI";"NON";"71546";"";"";"";"2021-10-06";"117438";""
"71547";"3399";"PLUi/PLUiS";"CC";"2016-07-06 22:00:00+00:00";"2012-09-19 22:00:00+00:00";"39";"71";"27";"2021";"OUI";"NON";"71547";"";"";"";"2021-10-06";"117438";""
"71548";"1432";"CC";"CC";"2010-05-26 22:00:00+00:00";"2008-03-26 23:00:00+00:00";"13";"71";"27";"2021";"NON";"NON";"200071538";"";"";"";"2021-10-06";"34725";""
"71553";"1432";"CC";"CC";"2010-03-10 23:00:00+00:00";"2007-07-05 22:00:00+00:00";"13";"71";"27";"2021";"NON";"NON";"200070548";"";"";"";"2021-10-06";"30369";""
"71554";"3299";"PLUi/PLUiS";"CC";"2020-03-09 23:00:00+00:00";"2015-10-11 22:00:00+00:00";"39";"71";"27";"2021";"NON";"OUI";"71554";"";"";"";"2021-10-06";"145721";""
"71555";"3332";"PLUi/PLUiS";"CA";"2018-10-17 22:00:00+00:00";"2015-02-11 23:00:00+00:00";"33";"71";"27";"2021";"OUI";"NON";"71555";"";"";"";"2021-10-06";"117451";""
"71556";"3199";"PLU";"COM";"2018-12-06 23:00:00+00:00";"2012-09-17 22:00:00+00:00";"39";"71";"27";"2021";"NON";"NON";"71556";"";"";"";"2021-10-06";"113117";""
"71557";"3432";"PLU";"CC";"2018-07-08 22:00:00+00:00";"2012-10-07 22:00:00+00:00";"33";"71";"27";"2021";"NON";"NON";"200071884";"";"";"";"2021-10-06";"115393";""
"71558";"1111";"CC";"COM";"2010-06-22 22:00:00+00:00";"2002-05-15 22:00:00+00:00";"11";"71";"27";"2021";"NON";"NON";"71558";"";"";"";"2021-10-06";"14028";""
"71564";"1432";"CC";"CC";"2008-09-21 22:00:00+00:00";"2006-07-19 22:00:00+00:00";"13";"71";"27";"2021";"NON";"NON";"200071884";"";"";"";"2021-10-06";"17617";""
"71571";"3399";"PLUi/PLUiS";"CC";"2016-07-06 22:00:00+00:00";"2012-09-19 22:00:00+00:00";"39";"71";"27";"2021";"OUI";"NON";"71571";"";"";"";"2021-10-06";"117438";""
"71572";"1432";"CC";"CC";"2006-11-29 23:00:00+00:00";"2003-09-06 22:00:00+00:00";"13";"71";"27";"2021";"NON";"NON";"71572";"";"";"";"2021-10-06";"16946";""
"71574";"3199";"PLU";"COM";"2016-12-01 23:00:00+00:00";"2012-01-12 23:00:00+00:00";"39";"71";"27";"2021";"NON";"NON";"71574";"";"";"";"2021-10-06";"104454";""
"71576";"1432";"CC";"CC";"2006-07-24 22:00:00+00:00";"2005-04-25 22:00:00+00:00";"13";"71";"27";"2021";"NON";"NON";"200069698";"";"";"";"2021-10-06";"17002";""
"71577";"1432";"CC";"CC";"2012-07-23 22:00:00+00:00";"2008-05-08 22:00:00+00:00";"13";"71";"27";"2021";"NON";"NON";"200040038";"";"";"";"2021-10-06";"34834";""
"71578";"1432";"CC";"CC";"2011-06-13 22:00:00+00:00";"2008-12-15 23:00:00+00:00";"13";"71";"27";"2021";"NON";"NON";"71578";"";"";"";"2021-10-06";"37758";""
"71582";"3199";"PLU";"COM";"2014-01-21 23:00:00+00:00";"2009-04-21 22:00:00+00:00";"39";"71";"27";"2021";"NON";"NON";"71582";"";"";"";"2021-10-06";"38045";""
"71583";"3199";"PLU";"COM";"2015-10-15 22:00:00+00:00";"2010-11-04 23:00:00+00:00";"39";"71";"27";"2021";"NON";"NON";"71583";"";"";"";"2021-10-06";"43764";""
"71585";"3332";"PLUi/PLUiS";"CA";"2018-10-17 22:00:00+00:00";"2015-02-11 23:00:00+00:00";"33";"71";"27";"2021";"OUI";"NON";"71585";"";"";"";"2021-10-06";"117451";""
"71588";"3432";"PLU";"CC";"2004-01-11 23:00:00+00:00";"2001-12-20 23:00:00+00:00";"33";"71";"27";"2021";"NON";"NON";"200071884";"";"";"";"2021-10-06";"27942";""
"72001";"3299";"PLUi/PLUiS";"CU";"2020-01-29 23:00:00+00:00";"2014-12-17 23:00:00+00:00";"39";"72";"52";"2021";"NON";"OUI";"72001";"";"";"";"2021-10-06";"137207";""
"72002";"3199";"PLU";"COM";"2015-02-27 23:00:00+00:00";"2010-04-14 22:00:00+00:00";"39";"72";"52";"2021";"NON";"NON";"72002";"";"";"";"2021-10-06";"49837";""
"72003";"3299";"PLUi/PLUiS";"CU";"2020-01-29 23:00:00+00:00";"2014-12-17 23:00:00+00:00";"39";"72";"52";"2021";"NON";"OUI";"247200132";"";"";"";"2021-10-06";"137207";""
"72004";"3432";"PLU";"CC";"2011-10-26 22:00:00+00:00";"2007-02-18 23:00:00+00:00";"33";"72";"52";"2021";"NON";"NON";"200040475";"";"";"";"2021-10-06";"49838";""
"72005";"3199";"PLU";"COM";"2008-02-18 23:00:00+00:00";"2005-12-13 23:00:00+00:00";"39";"72";"52";"2021";"NON";"NON";"72005";"";"";"";"2021-10-06";"54313";""
"72006";"3332";"PLUi/PLUiS";"CU";"2020-02-12 23:00:00+00:00";"2013-03-27 23:00:00+00:00";"33";"72";"52";"2021";"OUI";"NON";"246100663";"";"";"";"2021-10-06";"123525";""
"72008";"3299";"PLUi/PLUiS";"CU";"2020-01-29 23:00:00+00:00";"2014-12-17 23:00:00+00:00";"39";"72";"52";"2021";"NON";"OUI";"247200132";"";"";"";"2021-10-06";"137207";""
"72009";"3299";"PLUi/PLUiS";"CC";"2021-01-13 23:00:00+00:00";"2016-09-21 22:00:00+00:00";"39";"72";"52";"2021";"NON";"OUI";"72009";"";"";"";"2021-10-06";"151879";""
"72010";"3299";"PLUi/PLUiS";"CC";"2021-04-08 22:00:00+00:00";"2015-12-17 23:00:00+00:00";"39";"72";"52";"2021";"NON";"OUI";"247200090";"";"";"";"2021-10-06";"146026";""
"72011";"3199";"PLU";"COM";"2008-01-31 23:00:00+00:00";"2002-05-30 22:00:00+00:00";"39";"72";"52";"2021";"NON";"NON";"72011";"";"";"";"2021-10-06";"54320";""
"72012";"1199";"CC";"COM";"2009-09-09 22:00:00+00:00";"2005-06-19 22:00:00+00:00";"19";"72";"52";"2021";"NON";"NON";"72012";"";"";"";"2021-10-06";"49839";""
"72013";"3299";"PLUi/PLUiS";"CC";"2020-02-12 23:00:00+00:00";"2017-07-02 22:00:00+00:00";"39";"72";"52";"2021";"NON";"OUI";"200073112";"";"";"";"2021-10-06";"157406";""
"72016";"3299";"PLUi/PLUiS";"CC";"2021-04-08 22:00:00+00:00";"2015-12-17 23:00:00+00:00";"39";"72";"52";"2021";"NON";"OUI";"247200090";"";"";"";"2021-10-06";"146026";""
"72020";"3299";"PLUi/PLUiS";"CC";"2020-11-24 23:00:00+00:00";"2015-09-23 22:00:00+00:00";"39";"72";"52";"2021";"NON";"OUI";"72020";"";"";"";"2021-10-06";"143227";""
"72021";"3299";"PLUi/PLUiS";"CC";"2021-04-08 22:00:00+00:00";"2015-12-17 23:00:00+00:00";"39";"72";"52";"2021";"NON";"OUI";"247200090";"";"";"";"2021-10-06";"146026";""
"72022";"3299";"PLUi/PLUiS";"CC";"2021-04-08 22:00:00+00:00";"2015-12-17 23:00:00+00:00";"39";"72";"52";"2021";"NON";"OUI";"247200090";"";"";"";"2021-10-06";"146026";""
"72023";"3199";"PLU";"COM";"2015-02-08 23:00:00+00:00";"2011-11-23 23:00:00+00:00";"39";"72";"52";"2021";"NON";"NON";"72023";"";"";"";"2021-10-06";"103889";""
"72024";"3199";"PLU";"COM";"2015-07-15 22:00:00+00:00";"2014-01-26 23:00:00+00:00";"39";"72";"52";"2021";"NON";"NON";"72024";"";"";"";"2021-10-06";"130572";""
"72025";"3299";"PLUi/PLUiS";"CC";"2021-01-13 23:00:00+00:00";"2016-09-21 22:00:00+00:00";"39";"72";"52";"2021";"NON";"OUI";"72025";"";"";"";"2021-10-06";"151879";""
"72026";"3199";"PLU";"COM";"2005-05-09 22:00:00+00:00";"2001-09-27 22:00:00+00:00";"39";"72";"52";"2021";"NON";"NON";"72026";"";"";"";"2021-10-06";"76475";""
"72027";"3299";"PLUi/PLUiS";"CC";"2021-04-14 22:00:00+00:00";"2015-02-11 23:00:00+00:00";"39";"72";"52";"2021";"NON";"OUI";"200070373";"";"";"";"2021-10-06";"138923";""
"72028";"3299";"PLUi/PLUiS";"CC";"2021-04-14 22:00:00+00:00";"2015-02-11 23:00:00+00:00";"39";"72";"52";"2021";"NON";"OUI";"200070373";"";"";"";"2021-10-06";"138923";""
"72029";"3199";"PLU";"COM";"2009-03-25 23:00:00+00:00";"2004-03-10 23:00:00+00:00";"39";"72";"52";"2021";"NON";"NON";"72029";"";"";"";"2021-10-06";"54317";""
"72031";"3299";"PLUi/PLUiS";"CC";"2020-11-24 23:00:00+00:00";"2015-09-23 22:00:00+00:00";"39";"72";"52";"2021";"NON";"OUI";"72031";"";"";"";"2021-10-06";"143227";""
"72032";"3299";"PLUi/PLUiS";"CC";"2021-01-27 23:00:00+00:00";"2015-07-16 22:00:00+00:00";"39";"72";"52";"2021";"NON";"OUI";"72032";"";"";"";"2021-10-06";"142448";""
"72035";"3299";"PLUi/PLUiS";"CC";"2021-01-27 23:00:00+00:00";"2015-07-16 22:00:00+00:00";"39";"72";"52";"2021";"NON";"OUI";"72035";"";"";"";"2021-10-06";"142448";""
"72036";"1199";"CC";"COM";"2012-11-08 23:00:00+00:00";"2010-01-24 23:00:00+00:00";"19";"72";"52";"2021";"NON";"NON";"72036";"";"";"";"2021-10-06";"86694";""
"72038";"3299";"PLUi/PLUiS";"CC";"2020-11-24 23:00:00+00:00";"2015-09-23 22:00:00+00:00";"39";"72";"52";"2021";"NON";"OUI";"72038";"";"";"";"2021-10-06";"143227";""
"72039";"3199";"PLU";"COM";"2006-10-22 22:00:00+00:00";"2002-11-06 23:00:00+00:00";"39";"72";"52";"2021";"NON";"NON";"72039";"";"";"";"2021-10-06";"54319";""
"72040";"3299";"PLUi/PLUiS";"CC";"2020-11-24 23:00:00+00:00";"2015-09-23 22:00:00+00:00";"39";"72";"52";"2021";"NON";"OUI";"72040";"";"";"";"2021-10-06";"143227";""
"72041";"3299";"PLUi/PLUiS";"CC";"2020-11-24 23:00:00+00:00";"2015-09-23 22:00:00+00:00";"39";"72";"52";"2021";"NON";"OUI";"72041";"";"";"";"2021-10-06";"143227";""
"72042";"3432";"PLU";"CC";"2004-04-05 22:00:00+00:00";"2002-11-03 23:00:00+00:00";"33";"72";"52";"2021";"NON";"NON";"200072684";"";"";"";"2021-10-06";"54321";""
"72043";"1199";"CC";"COM";"2017-05-10 22:00:00+00:00";"2015-06-09 22:00:00+00:00";"19";"72";"52";"2021";"NON";"NON";"72043";"";"";"";"2021-10-06";"139555";""
"72044";"3299";"PLUi/PLUiS";"CC";"2021-01-13 23:00:00+00:00";"2016-09-21 22:00:00+00:00";"39";"72";"52";"2021";"NON";"OUI";"72044";"";"";"";"2021-10-06";"151879";""
"72046";"3432";"PLU";"CC";"2008-01-07 23:00:00+00:00";"2005-02-28 23:00:00+00:00";"33";"72";"52";"2021";"NON";"NON";"200072684";"";"";"";"2021-10-06";"54322";""
"72047";"3199";"PLU";"COM";"2015-10-14 22:00:00+00:00";"2012-02-22 23:00:00+00:00";"39";"72";"52";"2021";"NON";"NON";"72047";"";"";"";"2021-10-06";"105400";""
"72048";"1199";"CC";"COM";"2008-11-19 23:00:00+00:00";"2005-06-23 22:00:00+00:00";"19";"72";"52";"2021";"NON";"NON";"72048";"";"";"";"2021-10-06";"69968";""
"72049";"3299";"PLUi/PLUiS";"CC";"2020-02-12 23:00:00+00:00";"2017-07-02 22:00:00+00:00";"39";"72";"52";"2021";"NON";"OUI";"200073112";"";"";"";"2021-10-06";"157406";""
"72050";"3432";"PLU";"CC";"2005-06-14 22:00:00+00:00";"2002-04-24 22:00:00+00:00";"33";"72";"52";"2021";"NON";"NON";"200040475";"";"";"";"2021-10-06";"54323";""
"72051";"3199";"PLU";"COM";"2010-06-14 22:00:00+00:00";"2006-05-10 22:00:00+00:00";"39";"72";"52";"2021";"NON";"NON";"72051";"";"";"";"2021-10-06";"54324";""
"72052";"3299";"PLUi/PLUiS";"CC";"2021-04-14 22:00:00+00:00";"2015-02-11 23:00:00+00:00";"39";"72";"52";"2021";"NON";"OUI";"200070373";"";"";"";"2021-10-06";"138923";""
"72053";"3199";"PLU";"COM";"2014-03-19 23:00:00+00:00";"2010-12-15 23:00:00+00:00";"39";"72";"52";"2021";"NON";"NON";"72053";"";"";"";"2021-10-06";"63061";""
"72054";"3299";"PLUi/PLUiS";"CU";"2020-01-29 23:00:00+00:00";"2014-12-17 23:00:00+00:00";"39";"72";"52";"2021";"NON";"OUI";"72054";"";"";"";"2021-10-06";"137207";""
"72056";"3332";"PLUi/PLUiS";"CU";"2020-02-12 23:00:00+00:00";"2013-03-27 23:00:00+00:00";"33";"72";"52";"2021";"OUI";"NON";"246100663";"";"";"";"2021-10-06";"123525";""
"72057";"3299";"PLUi/PLUiS";"CC";"2020-11-24 23:00:00+00:00";"2015-09-23 22:00:00+00:00";"39";"72";"52";"2021";"NON";"OUI";"247200686";"";"";"";"2021-10-06";"143227";""
"72058";"3199";"PLU";"COM";"2016-10-10 22:00:00+00:00";"2011-02-03 23:00:00+00:00";"39";"72";"52";"2021";"NON";"NON";"72058";"";"";"";"2021-10-06";"63059";""
"72059";"3432";"PLU";"CC";"2009-10-12 22:00:00+00:00";"2006-12-10 23:00:00+00:00";"33";"72";"52";"2021";"NON";"NON";"200040475";"";"";"";"2021-10-06";"54332";""
"72060";"3299";"PLUi/PLUiS";"CC";"2020-02-12 23:00:00+00:00";"2017-07-02 22:00:00+00:00";"39";"72";"52";"2021";"NON";"OUI";"200073112";"";"";"";"2021-10-06";"157406";""
"72061";"3299";"PLUi/PLUiS";"CC";"2021-01-13 23:00:00+00:00";"2016-09-21 22:00:00+00:00";"39";"72";"52";"2021";"NON";"OUI";"72061";"";"";"";"2021-10-06";"151879";""
"72062";"3299";"PLUi/PLUiS";"CC";"2020-11-24 23:00:00+00:00";"2015-09-23 22:00:00+00:00";"39";"72";"52";"2021";"NON";"OUI";"72062";"";"";"";"2021-10-06";"143227";""
"72064";"3299";"PLUi/PLUiS";"CC";"2021-01-27 23:00:00+00:00";"2015-07-16 22:00:00+00:00";"39";"72";"52";"2021";"NON";"OUI";"72064";"";"";"";"2021-10-06";"142448";""
"72065";"3299";"PLUi/PLUiS";"CU";"2020-01-29 23:00:00+00:00";"2014-12-17 23:00:00+00:00";"39";"72";"52";"2021";"NON";"OUI";"247200132";"";"";"";"2021-10-06";"137207";""
"72066";"3432";"PLU";"CC";"2008-03-03 23:00:00+00:00";"2005-02-28 23:00:00+00:00";"33";"72";"52";"2021";"NON";"NON";"200072718";"";"";"";"2021-10-06";"56990";""
"72067";"3299";"PLUi/PLUiS";"CC";"2020-11-24 23:00:00+00:00";"2015-09-23 22:00:00+00:00";"39";"72";"52";"2021";"NON";"OUI";"72067";"";"";"";"2021-10-06";"143227";""
"72068";"3299";"PLUi/PLUiS";"CC";"2021-04-14 22:00:00+00:00";"2015-02-11 23:00:00+00:00";"39";"72";"52";"2021";"NON";"OUI";"200070373";"";"";"";"2021-10-06";"138923";""
"72070";"1432";"CC";"CC";"2014-05-11 22:00:00+00:00";"2012-09-13 22:00:00+00:00";"13";"72";"52";"2021";"NON";"NON";"200040475";"";"";"";"2021-10-06";"121509";""
"72071";"3299";"PLUi/PLUiS";"CC";"2021-04-14 22:00:00+00:00";"2015-02-11 23:00:00+00:00";"39";"72";"52";"2021";"NON";"OUI";"200070373";"";"";"";"2021-10-06";"138923";""
"72072";"3299";"PLUi/PLUiS";"CC";"2020-02-12 23:00:00+00:00";"2017-07-02 22:00:00+00:00";"39";"72";"52";"2021";"NON";"OUI";"200073112";"";"";"";"2021-10-06";"157406";""
"72073";"3299";"PLUi/PLUiS";"CU";"2020-01-29 23:00:00+00:00";"2014-12-17 23:00:00+00:00";"39";"72";"52";"2021";"NON";"OUI";"247200132";"";"";"";"2021-10-06";"137207";""
"72074";"3432";"PLU";"CC";"2011-02-02 23:00:00+00:00";"2008-06-25 22:00:00+00:00";"33";"72";"52";"2021";"NON";"NON";"200040475";"";"";"";"2021-10-06";"50473";""
"72075";"3131";"PLU";"COM";"2008-01-20 23:00:00+00:00";"2004-07-01 22:00:00+00:00";"33";"72";"52";"2021";"NON";"NON";"72075";"";"";"";"2021-10-06";"54328";""
"72076";"3332";"PLUi/PLUiS";"CU";"2020-02-12 23:00:00+00:00";"2013-03-27 23:00:00+00:00";"33";"72";"52";"2021";"OUI";"NON";"246100663";"";"";"";"2021-10-06";"123525";""
"72077";"3299";"PLUi/PLUiS";"CC";"2020-02-12 23:00:00+00:00";"2017-07-02 22:00:00+00:00";"39";"72";"52";"2021";"NON";"OUI";"200073112";"";"";"";"2021-10-06";"157406";""
"72080";"3299";"PLUi/PLUiS";"CC";"2020-11-24 23:00:00+00:00";"2015-09-23 22:00:00+00:00";"39";"72";"52";"2021";"NON";"OUI";"72080";"";"";"";"2021-10-06";"143227";""
"72083";"1432";"CC";"CC";"2009-10-14 22:00:00+00:00";"2006-05-18 22:00:00+00:00";"13";"72";"52";"2021";"NON";"NON";"200040475";"";"";"";"2021-10-06";"69927";""
"72084";"3299";"PLUi/PLUiS";"CC";"2021-01-13 23:00:00+00:00";"2016-09-21 22:00:00+00:00";"39";"72";"52";"2021";"NON";"OUI";"72084";"";"";"";"2021-10-06";"151879";""
"72085";"3299";"PLUi/PLUiS";"CC";"2021-01-27 23:00:00+00:00";"2015-07-16 22:00:00+00:00";"39";"72";"52";"2021";"NON";"OUI";"72085";"";"";"";"2021-10-06";"142448";""
"72087";"3299";"PLUi/PLUiS";"CC";"2021-01-27 23:00:00+00:00";"2015-07-16 22:00:00+00:00";"39";"72";"52";"2021";"NON";"OUI";"72087";"";"";"";"2021-10-06";"142448";""
"72089";"3432";"PLU";"CC";"2012-01-23 23:00:00+00:00";"2009-03-23 23:00:00+00:00";"33";"72";"52";"2021";"NON";"NON";"200072718";"";"";"";"2021-10-06";"64126";""
"72090";"3432";"PLU";"CC";"2015-11-25 23:00:00+00:00";"2009-07-07 22:00:00+00:00";"33";"72";"52";"2021";"NON";"NON";"200072684";"";"";"";"2021-10-06";"64127";""
"72093";"3299";"PLUi/PLUiS";"CC";"2020-11-24 23:00:00+00:00";"2015-09-23 22:00:00+00:00";"39";"72";"52";"2021";"NON";"OUI";"72093";"";"";"";"2021-10-06";"143227";""
"72094";"3432";"PLU";"CC";"2009-04-22 22:00:00+00:00";"2004-06-28 22:00:00+00:00";"33";"72";"52";"2021";"NON";"NON";"200072684";"";"";"";"2021-10-06";"56992";""
"72095";"3299";"PLUi/PLUiS";"CU";"2020-01-29 23:00:00+00:00";"2014-12-17 23:00:00+00:00";"39";"72";"52";"2021";"NON";"OUI";"247200132";"";"";"";"2021-10-06";"137207";""
"72096";"3432";"PLU";"CC";"2018-11-14 23:00:00+00:00";"2015-12-10 23:00:00+00:00";"33";"72";"52";"2021";"NON";"NON";"200040475";"";"";"";"2021-10-06";"144106";""
"72098";"3299";"PLUi/PLUiS";"CC";"2020-02-12 23:00:00+00:00";"2017-07-02 22:00:00+00:00";"39";"72";"52";"2021";"NON";"OUI";"200073112";"";"";"";"2021-10-06";"157406";""
"72099";"1199";"CC";"COM";"2018-10-28 23:00:00+00:00";"2016-02-07 23:00:00+00:00";"19";"72";"52";"2021";"NON";"NON";"72099";"";"";"";"2021-10-06";"146833";""
"72100";"3299";"PLUi/PLUiS";"CC";"2021-01-13 23:00:00+00:00";"2016-09-21 22:00:00+00:00";"39";"72";"52";"2021";"NON";"OUI";"247200348";"";"";"";"2021-10-06";"151879";""
"72101";"3199";"PLU";"COM";"2007-04-01 22:00:00+00:00";"2005-02-23 23:00:00+00:00";"39";"72";"52";"2021";"NON";"NON";"72101";"";"";"";"2021-10-06";"56993";""
"72103";"3299";"PLUi/PLUiS";"CC";"2021-04-14 22:00:00+00:00";"2015-02-11 23:00:00+00:00";"39";"72";"52";"2021";"NON";"OUI";"200070373";"";"";"";"2021-10-06";"138923";""
"72105";"3299";"PLUi/PLUiS";"CC";"2020-11-24 23:00:00+00:00";"2015-09-23 22:00:00+00:00";"39";"72";"52";"2021";"NON";"OUI";"72105";"";"";"";"2021-10-06";"143227";""
"72106";"3299";"PLUi/PLUiS";"CC";"2021-04-08 22:00:00+00:00";"2015-12-17 23:00:00+00:00";"39";"72";"52";"2021";"NON";"OUI";"247200090";"";"";"";"2021-10-06";"146026";""
"72107";"3432";"PLU";"CC";"2015-08-26 22:00:00+00:00";"2009-01-21 23:00:00+00:00";"33";"72";"52";"2021";"NON";"NON";"200040475";"";"";"";"2021-10-06";"50367";""
"72110";"3299";"PLUi/PLUiS";"CC";"2021-01-13 23:00:00+00:00";"2016-09-21 22:00:00+00:00";"39";"72";"52";"2021";"NON";"OUI";"72110";"";"";"";"2021-10-06";"151879";""
"72113";"3432";"PLU";"CC";"2014-12-09 23:00:00+00:00";"2010-08-31 22:00:00+00:00";"33";"72";"52";"2021";"NON";"NON";"200072718";"";"";"";"2021-10-06";"74848";""
"72114";"3299";"PLUi/PLUiS";"CC";"2020-11-24 23:00:00+00:00";"2015-09-23 22:00:00+00:00";"39";"72";"52";"2021";"NON";"OUI";"72114";"";"";"";"2021-10-06";"143227";""
"72115";"3299";"PLUi/PLUiS";"CC";"2021-04-14 22:00:00+00:00";"2015-02-11 23:00:00+00:00";"39";"72";"52";"2021";"NON";"OUI";"200070373";"";"";"";"2021-10-06";"138923";""
"72118";"3299";"PLUi/PLUiS";"CC";"2021-01-27 23:00:00+00:00";"2015-07-16 22:00:00+00:00";"39";"72";"52";"2021";"NON";"OUI";"72118";"";"";"";"2021-10-06";"142448";""
"72122";"3299";"PLUi/PLUiS";"CC";"2020-11-24 23:00:00+00:00";"2015-09-23 22:00:00+00:00";"39";"72";"52";"2021";"NON";"OUI";"72122";"";"";"";"2021-10-06";"143227";""
"72123";"3299";"PLUi/PLUiS";"CC";"2021-04-08 22:00:00+00:00";"2015-12-17 23:00:00+00:00";"39";"72";"52";"2021";"NON";"OUI";"247200090";"";"";"";"2021-10-06";"146026";""
"72124";"3299";"PLUi/PLUiS";"CC";"2020-01-08 23:00:00+00:00";"2015-11-16 23:00:00+00:00";"39";"72";"52";"2021";"NON";"OUI";"247200447";"";"";"";"2021-10-06";"143006";""
"72125";"3299";"PLUi/PLUiS";"CC";"2021-01-27 23:00:00+00:00";"2015-07-16 22:00:00+00:00";"39";"72";"52";"2021";"NON";"OUI";"72125";"";"";"";"2021-10-06";"142448";""
"72127";"3199";"PLU";"COM";"2011-11-01 23:00:00+00:00";"2008-08-28 22:00:00+00:00";"39";"72";"52";"2021";"NON";"NON";"72127";"";"";"";"2021-10-06";"63065";""
"72128";"3299";"PLUi/PLUiS";"CC";"2021-01-27 23:00:00+00:00";"2015-07-16 22:00:00+00:00";"39";"72";"52";"2021";"NON";"OUI";"72128";"";"";"";"2021-10-06";"142448";""
"72129";"3432";"PLU";"CC";"2007-12-13 23:00:00+00:00";"2005-03-03 23:00:00+00:00";"33";"72";"52";"2021";"NON";"NON";"72129";"";"";"";"2021-10-06";"54336";""
"72130";"3299";"PLUi/PLUiS";"CU";"2020-01-29 23:00:00+00:00";"2014-12-17 23:00:00+00:00";"39";"72";"52";"2021";"NON";"OUI";"247200132";"";"";"";"2021-10-06";"137207";""
"72131";"3131";"PLU";"COM";"2010-02-08 23:00:00+00:00";"2006-03-06 23:00:00+00:00";"33";"72";"52";"2021";"NON";"NON";"72131";"";"";"";"2021-10-06";"54337";""
"72132";"3299";"PLUi/PLUiS";"CC";"2020-11-24 23:00:00+00:00";"2015-09-23 22:00:00+00:00";"39";"72";"52";"2021";"NON";"OUI";"72132";"";"";"";"2021-10-06";"143227";""
"72133";"3199";"PLU";"COM";"2016-06-26 22:00:00+00:00";"2013-11-25 23:00:00+00:00";"39";"72";"52";"2021";"NON";"NON";"72133";"";"";"";"2021-10-06";"130754";""
"72134";"3299";"PLUi/PLUiS";"CC";"2021-04-14 22:00:00+00:00";"2015-02-11 23:00:00+00:00";"39";"72";"52";"2021";"NON";"OUI";"200070373";"";"";"";"2021-10-06";"138923";""
"72135";"3299";"PLUi/PLUiS";"CC";"2021-01-13 23:00:00+00:00";"2016-09-21 22:00:00+00:00";"39";"72";"52";"2021";"NON";"OUI";"72135";"";"";"";"2021-10-06";"151879";""
"72137";"1432";"CC";"CU";"2012-11-08 23:00:00+00:00";"2010-01-28 23:00:00+00:00";"13";"72";"52";"2021";"NON";"NON";"246100663";"";"";"";"2021-10-06";"67195";""
"72138";"3199";"PLU";"COM";"2011-07-17 22:00:00+00:00";"2008-10-16 22:00:00+00:00";"39";"72";"52";"2021";"NON";"NON";"72138";"";"";"";"2021-10-06";"67190";""
"72139";"3199";"PLU";"COM";"2011-08-21 22:00:00+00:00";"2007-03-04 23:00:00+00:00";"39";"72";"52";"2021";"NON";"NON";"72139";"";"";"";"2021-10-06";"63066";""
"72141";"3199";"PLU";"COM";"2008-02-24 23:00:00+00:00";"2005-10-25 22:00:00+00:00";"39";"72";"52";"2021";"NON";"NON";"72141";"";"";"";"2021-10-06";"54350";""
"72143";"3299";"PLUi/PLUiS";"CC";"2021-04-14 22:00:00+00:00";"2015-02-11 23:00:00+00:00";"39";"72";"52";"2021";"NON";"OUI";"200070373";"";"";"";"2021-10-06";"138923";""
"72144";"3299";"PLUi/PLUiS";"CC";"2020-11-24 23:00:00+00:00";"2015-09-23 22:00:00+00:00";"39";"72";"52";"2021";"NON";"OUI";"72144";"";"";"";"2021-10-06";"143227";""
"72145";"3432";"PLU";"CC";"2006-11-13 23:00:00+00:00";"2004-03-01 23:00:00+00:00";"33";"72";"52";"2021";"NON";"NON";"200072718";"";"";"";"2021-10-06";"54341";""
"72146";"3131";"PLU";"COM";"2007-04-24 22:00:00+00:00";"2004-12-14 23:00:00+00:00";"33";"72";"52";"2021";"NON";"NON";"72146";"";"";"";"2021-10-06";"54342";""
"72147";"3199";"PLU";"COM";"2012-06-24 22:00:00+00:00";"2009-05-13 22:00:00+00:00";"39";"72";"52";"2021";"NON";"NON";"72147";"";"";"";"2021-10-06";"63067";""
"72150";"3199";"PLU";"COM";"2013-10-16 22:00:00+00:00";"2009-08-27 22:00:00+00:00";"39";"72";"52";"2021";"NON";"NON";"72150";"";"";"";"2021-10-06";"63068";""
"72151";"3299";"PLUi/PLUiS";"CC";"2021-04-08 22:00:00+00:00";"2015-12-17 23:00:00+00:00";"39";"72";"52";"2021";"NON";"OUI";"247200090";"";"";"";"2021-10-06";"146026";""
"72152";"3199";"PLU";"COM";"2004-01-05 23:00:00+00:00";"2001-08-29 22:00:00+00:00";"39";"72";"52";"2021";"NON";"NON";"72152";"";"";"";"2021-10-06";"54344";""
"72153";"3299";"PLUi/PLUiS";"CC";"2021-04-14 22:00:00+00:00";"2015-02-11 23:00:00+00:00";"39";"72";"52";"2021";"NON";"OUI";"200070373";"";"";"";"2021-10-06";"138923";""
"72154";"3299";"PLUi/PLUiS";"CC";"2021-01-13 23:00:00+00:00";"2016-09-21 22:00:00+00:00";"39";"72";"52";"2021";"NON";"OUI";"72154";"";"";"";"2021-10-06";"151879";""
"72155";"3299";"PLUi/PLUiS";"CC";"2020-01-08 23:00:00+00:00";"2015-11-16 23:00:00+00:00";"39";"72";"52";"2021";"NON";"OUI";"247200447";"";"";"";"2021-10-06";"143006";""
"72156";"3299";"PLUi/PLUiS";"CC";"2020-11-24 23:00:00+00:00";"2015-09-23 22:00:00+00:00";"39";"72";"52";"2021";"NON";"OUI";"72156";"";"";"";"2021-10-06";"143227";""
"72157";"3432";"PLU";"CC";"2005-04-21 22:00:00+00:00";"2002-06-27 22:00:00+00:00";"33";"72";"52";"2021";"NON";"NON";"200072718";"";"";"";"2021-10-06";"54346";""
"72158";"3299";"PLUi/PLUiS";"CC";"2021-01-27 23:00:00+00:00";"2015-07-16 22:00:00+00:00";"39";"72";"52";"2021";"NON";"OUI";"72158";"";"";"";"2021-10-06";"142448";""
"72160";"3299";"PLUi/PLUiS";"CC";"2021-04-14 22:00:00+00:00";"2015-02-11 23:00:00+00:00";"39";"72";"52";"2021";"NON";"OUI";"200070373";"";"";"";"2021-10-06";"138923";""
"72161";"3299";"PLUi/PLUiS";"CC";"2021-04-14 22:00:00+00:00";"2015-02-11 23:00:00+00:00";"39";"72";"52";"2021";"NON";"OUI";"200070373";"";"";"";"2021-10-06";"138923";""
"72163";"3299";"PLUi/PLUiS";"CC";"2021-01-13 23:00:00+00:00";"2016-09-21 22:00:00+00:00";"39";"72";"52";"2021";"NON";"OUI";"247200348";"";"";"";"2021-10-06";"151879";""
"72165";"3432";"PLU";"CC";"2008-10-02 22:00:00+00:00";"2005-01-20 23:00:00+00:00";"33";"72";"52";"2021";"NON";"NON";"200072684";"";"";"";"2021-10-06";"54353";""
"72166";"3432";"PLU";"CC";"2010-03-25 23:00:00+00:00";"2007-09-06 22:00:00+00:00";"33";"72";"52";"2021";"NON";"NON";"200040475";"";"";"";"2021-10-06";"56994";""
"72167";"3299";"PLUi/PLUiS";"CC";"2021-04-08 22:00:00+00:00";"2015-12-17 23:00:00+00:00";"39";"72";"52";"2021";"NON";"OUI";"247200090";"";"";"";"2021-10-06";"146026";""
"72168";"3432";"PLU";"CC";"2014-03-20 23:00:00+00:00";"2009-12-17 23:00:00+00:00";"33";"72";"52";"2021";"NON";"NON";"200040475";"";"";"";"2021-10-06";"62216";""
"72169";"3199";"PLU";"COM";"2016-12-04 23:00:00+00:00";"2014-08-31 22:00:00+00:00";"39";"72";"52";"2021";"NON";"NON";"72169";"";"";"";"2021-10-06";"133450";""
"72170";"1199";"CC";"COM";"2013-10-05 22:00:00+00:00";"2010-07-26 22:00:00+00:00";"19";"72";"52";"2021";"NON";"NON";"72170";"";"";"";"2021-10-06";"85963";""
"72172";"3299";"PLUi/PLUiS";"CC";"2020-11-24 23:00:00+00:00";"2015-09-23 22:00:00+00:00";"39";"72";"52";"2021";"NON";"OUI";"72172";"";"";"";"2021-10-06";"143227";""
"72173";"3299";"PLUi/PLUiS";"CC";"2021-04-14 22:00:00+00:00";"2015-02-11 23:00:00+00:00";"39";"72";"52";"2021";"NON";"OUI";"200070373";"";"";"";"2021-10-06";"138923";""
"72175";"3299";"PLUi/PLUiS";"CC";"2020-02-12 23:00:00+00:00";"2017-07-02 22:00:00+00:00";"39";"72";"52";"2021";"NON";"OUI";"200073112";"";"";"";"2021-10-06";"157406";""
"72176";"3299";"PLUi/PLUiS";"CC";"2020-02-12 23:00:00+00:00";"2017-07-02 22:00:00+00:00";"39";"72";"52";"2021";"NON";"OUI";"200073112";"";"";"";"2021-10-06";"157406";""
"72179";"3199";"PLU";"COM";"2017-11-19 23:00:00+00:00";"2014-10-22 22:00:00+00:00";"39";"72";"52";"2021";"NON";"NON";"72179";"";"";"";"2021-10-06";"140068";""
"72180";"3199";"PLU";"COM";"2015-10-21 22:00:00+00:00";"2011-07-05 22:00:00+00:00";"39";"72";"52";"2021";"NON";"NON";"72180";"";"";"";"2021-10-06";"73323";""
"72181";"3299";"PLUi/PLUiS";"CU";"2020-01-29 23:00:00+00:00";"2014-12-17 23:00:00+00:00";"39";"72";"52";"2021";"NON";"OUI";"247200132";"";"";"";"2021-10-06";"137207";""
"72182";"3299";"PLUi/PLUiS";"CC";"2020-02-12 23:00:00+00:00";"2017-07-02 22:00:00+00:00";"39";"72";"52";"2021";"NON";"OUI";"200073112";"";"";"";"2021-10-06";"157406";""
"72183";"3299";"PLUi/PLUiS";"CC";"2021-04-14 22:00:00+00:00";"2015-02-11 23:00:00+00:00";"39";"72";"52";"2021";"NON";"OUI";"200070373";"";"";"";"2021-10-06";"138923";""
"72184";"3432";"PLU";"CC";"2008-03-05 23:00:00+00:00";"2006-01-11 23:00:00+00:00";"33";"72";"52";"2021";"NON";"NON";"200040475";"";"";"";"2021-10-06";"56995";""
"72185";"3299";"PLUi/PLUiS";"CC";"2021-01-13 23:00:00+00:00";"2016-09-21 22:00:00+00:00";"39";"72";"52";"2021";"NON";"OUI";"72185";"";"";"";"2021-10-06";"151879";""
"72186";"3199";"PLU";"COM";"2017-12-13 23:00:00+00:00";"2015-07-29 22:00:00+00:00";"39";"72";"52";"2021";"NON";"NON";"72186";"";"";"";"2021-10-06";"141925";""
"72187";"3299";"PLUi/PLUiS";"CC";"2020-01-08 23:00:00+00:00";"2015-11-16 23:00:00+00:00";"39";"72";"52";"2021";"NON";"OUI";"247200447";"";"";"";"2021-10-06";"143006";""
"72188";"1199";"CC";"COM";"2014-04-14 22:00:00+00:00";"2010-09-08 22:00:00+00:00";"19";"72";"52";"2021";"NON";"NON";"72188";"";"";"";"2021-10-06";"76362";""
"72189";"3199";"PLU";"COM";"2013-11-18 23:00:00+00:00";"2009-12-10 23:00:00+00:00";"39";"72";"52";"2021";"NON";"NON";"72189";"";"";"";"2021-10-06";"64131";""
"72190";"3299";"PLUi/PLUiS";"CC";"2021-01-27 23:00:00+00:00";"2015-07-16 22:00:00+00:00";"39";"72";"52";"2021";"NON";"OUI";"72190";"";"";"";"2021-10-06";"142448";""
"72191";"3299";"PLUi/PLUiS";"CC";"2020-02-12 23:00:00+00:00";"2017-07-02 22:00:00+00:00";"39";"72";"52";"2021";"NON";"OUI";"200073112";"";"";"";"2021-10-06";"157406";""
"72193";"3299";"PLUi/PLUiS";"CC";"2020-11-24 23:00:00+00:00";"2015-09-23 22:00:00+00:00";"39";"72";"52";"2021";"NON";"OUI";"72193";"";"";"";"2021-10-06";"143227";""
"72194";"3199";"PLU";"COM";"2013-10-21 22:00:00+00:00";"2010-05-17 22:00:00+00:00";"39";"72";"52";"2021";"NON";"NON";"72194";"";"";"";"2021-10-06";"14372";""
"72195";"3199";"PLU";"COM";"2015-04-28 22:00:00+00:00";"2011-07-20 22:00:00+00:00";"39";"72";"52";"2021";"NON";"NON";"72195";"";"";"";"2021-10-06";"79347";""
"72198";"3299";"PLUi/PLUiS";"CU";"2020-01-29 23:00:00+00:00";"2014-12-17 23:00:00+00:00";"39";"72";"52";"2021";"NON";"OUI";"72198";"";"";"";"2021-10-06";"137207";""
"72200";"3299";"PLUi/PLUiS";"CC";"2020-01-08 23:00:00+00:00";"2015-11-16 23:00:00+00:00";"39";"72";"52";"2021";"NON";"OUI";"247200447";"";"";"";"2021-10-06";"143006";""
"72202";"1199";"CC";"COM";"2014-12-03 23:00:00+00:00";"2010-12-05 23:00:00+00:00";"19";"72";"52";"2021";"NON";"NON";"72202";"";"";"";"2021-10-06";"67192";""
"72204";"3299";"PLUi/PLUiS";"CC";"2021-01-27 23:00:00+00:00";"2015-07-16 22:00:00+00:00";"39";"72";"52";"2021";"NON";"OUI";"72204";"";"";"";"2021-10-06";"142448";""
"72205";"3199";"PLU";"COM";"2019-02-03 23:00:00+00:00";"2015-04-12 22:00:00+00:00";"39";"72";"52";"2021";"NON";"NON";"72205";"";"";"";"2021-10-06";"141278";""
"72208";"3299";"PLUi/PLUiS";"CC";"2020-11-24 23:00:00+00:00";"2015-09-23 22:00:00+00:00";"39";"72";"52";"2021";"NON";"OUI";"72208";"";"";"";"2021-10-06";"143227";""
"72209";"1199";"CC";"COM";"2019-01-13 23:00:00+00:00";"2008-07-03 22:00:00+00:00";"19";"72";"52";"2021";"NON";"NON";"72209";"";"";"";"2021-10-06";"67193";""
"72210";"3299";"PLUi/PLUiS";"CC";"2021-04-14 22:00:00+00:00";"2015-02-11 23:00:00+00:00";"39";"72";"52";"2021";"NON";"OUI";"200070373";"";"";"";"2021-10-06";"138923";""
"72212";"3199";"PLU";"COM";"2009-07-07 22:00:00+00:00";"2003-06-23 22:00:00+00:00";"39";"72";"52";"2021";"NON";"NON";"72212";"";"";"";"2021-10-06";"75969";""
"72213";"3299";"PLUi/PLUiS";"CU";"2020-01-29 23:00:00+00:00";"2014-12-17 23:00:00+00:00";"39";"72";"52";"2021";"NON";"OUI";"247200132";"";"";"";"2021-10-06";"137207";""
"72215";"1199";"CC";"COM";"2008-04-03 22:00:00+00:00";"2006-02-22 23:00:00+00:00";"19";"72";"52";"2021";"NON";"NON";"72215";"";"";"";"2021-10-06";"69932";""
"72217";"3199";"PLU";"COM";"2018-12-17 23:00:00+00:00";"2017-02-27 23:00:00+00:00";"39";"72";"52";"2021";"NON";"NON";"72217";"";"";"";"2021-10-06";"156602";""
"72218";"1432";"CC";"CC";"2012-07-29 22:00:00+00:00";"2010-02-11 23:00:00+00:00";"13";"72";"52";"2021";"NON";"NON";"200072718";"";"";"";"2021-10-06";"67194";""
"72219";"3432";"PLU";"CC";"2016-08-31 22:00:00+00:00";"2007-03-12 23:00:00+00:00";"33";"72";"52";"2021";"NON";"NON";"200072718";"";"";"";"2021-10-06";"50365";""
"72220";"1199";"CC";"COM";"2008-10-18 22:00:00+00:00";"2006-01-08 23:00:00+00:00";"19";"72";"52";"2021";"NON";"NON";"72220";"";"";"";"2021-10-06";"67468";""
"72221";"3299";"PLUi/PLUiS";"CC";"2021-04-14 22:00:00+00:00";"2015-02-11 23:00:00+00:00";"39";"72";"52";"2021";"NON";"OUI";"200070373";"";"";"";"2021-10-06";"138923";""
"72223";"3432";"PLU";"CC";"2007-03-21 23:00:00+00:00";"2004-09-02 22:00:00+00:00";"33";"72";"52";"2021";"NON";"NON";"200040475";"";"";"";"2021-10-06";"75917";""
"72225";"3199";"PLU";"COM";"2005-01-17 23:00:00+00:00";"2000-10-02 22:00:00+00:00";"39";"72";"52";"2021";"NON";"NON";"72225";"";"";"";"2021-10-06";"56997";""
"72226";"3299";"PLUi/PLUiS";"CC";"2021-01-13 23:00:00+00:00";"2016-09-21 22:00:00+00:00";"39";"72";"52";"2021";"NON";"OUI";"72226";"";"";"";"2021-10-06";"151879";""
"72228";"3299";"PLUi/PLUiS";"CC";"2021-04-08 22:00:00+00:00";"2015-12-17 23:00:00+00:00";"39";"72";"52";"2021";"NON";"OUI";"247200090";"";"";"";"2021-10-06";"146026";""
"72230";"3131";"PLU";"COM";"2005-10-13 22:00:00+00:00";"2002-12-05 23:00:00+00:00";"33";"72";"52";"2021";"NON";"NON";"72230";"";"";"";"2021-10-06";"75884";""
"72231";"3199";"PLU";"COM";"2017-11-15 23:00:00+00:00";"2012-03-28 22:00:00+00:00";"39";"72";"52";"2021";"NON";"NON";"72231";"";"";"";"2021-10-06";"106116";""
"72232";"3299";"PLUi/PLUiS";"CC";"2021-04-08 22:00:00+00:00";"2015-12-17 23:00:00+00:00";"39";"72";"52";"2021";"NON";"OUI";"247200090";"";"";"";"2021-10-06";"146026";""
"72234";"1432";"CC";"CC";"2008-07-30 22:00:00+00:00";"2006-02-13 23:00:00+00:00";"13";"72";"52";"2021";"NON";"NON";"200072718";"";"";"";"2021-10-06";"69933";""
"72236";"3299";"PLUi/PLUiS";"CC";"2021-04-08 22:00:00+00:00";"2015-12-17 23:00:00+00:00";"39";"72";"52";"2021";"NON";"OUI";"247200090";"";"";"";"2021-10-06";"146026";""
"72237";"1432";"CC";"CC";"2007-03-07 23:00:00+00:00";"2005-12-15 23:00:00+00:00";"13";"72";"52";"2021";"NON";"NON";"200040475";"";"";"";"2021-10-06";"69934";""
"72238";"1199";"CC";"COM";"2014-03-24 23:00:00+00:00";"2010-07-25 22:00:00+00:00";"19";"72";"52";"2021";"NON";"NON";"72238";"";"";"";"2021-10-06";"76508";""
"72239";"3432";"PLU";"CC";"2009-05-18 22:00:00+00:00";"2005-04-25 22:00:00+00:00";"33";"72";"52";"2021";"NON";"NON";"200040475";"";"";"";"2021-10-06";"54372";""
"72241";"3432";"PLU";"CC";"2008-02-27 23:00:00+00:00";"2004-04-19 22:00:00+00:00";"33";"72";"52";"2021";"NON";"NON";"200072684";"";"";"";"2021-10-06";"76000";""
"72243";"3299";"PLUi/PLUiS";"CC";"2020-02-12 23:00:00+00:00";"2017-07-02 22:00:00+00:00";"39";"72";"52";"2021";"NON";"OUI";"200073112";"";"";"";"2021-10-06";"157406";""
"72244";"3299";"PLUi/PLUiS";"CC";"2021-04-08 22:00:00+00:00";"2015-12-17 23:00:00+00:00";"39";"72";"52";"2021";"NON";"OUI";"247200090";"";"";"";"2021-10-06";"146026";""
"72245";"3299";"PLUi/PLUiS";"CC";"2020-11-24 23:00:00+00:00";"2015-09-23 22:00:00+00:00";"39";"72";"52";"2021";"NON";"OUI";"72245";"";"";"";"2021-10-06";"143227";""
"72246";"3299";"PLUi/PLUiS";"CC";"2020-11-24 23:00:00+00:00";"2015-09-23 22:00:00+00:00";"39";"72";"52";"2021";"NON";"OUI";"72246";"";"";"";"2021-10-06";"143227";""
"72247";"3299";"PLUi/PLUiS";"CU";"2020-01-29 23:00:00+00:00";"2014-12-17 23:00:00+00:00";"39";"72";"52";"2021";"NON";"OUI";"247200132";"";"";"";"2021-10-06";"137207";""
"72248";"3299";"PLUi/PLUiS";"CC";"2021-04-14 22:00:00+00:00";"2015-02-11 23:00:00+00:00";"39";"72";"52";"2021";"NON";"OUI";"200070373";"";"";"";"2021-10-06";"138923";""
"72249";"3432";"PLU";"CC";"2013-02-21 23:00:00+00:00";"2008-12-18 23:00:00+00:00";"33";"72";"52";"2021";"NON";"NON";"200072718";"";"";"";"2021-10-06";"64134";""
"72250";"3299";"PLUi/PLUiS";"CC";"2021-01-27 23:00:00+00:00";"2015-07-16 22:00:00+00:00";"39";"72";"52";"2021";"NON";"OUI";"72250";"";"";"";"2021-10-06";"142448";""
"72251";"3199";"PLU";"COM";"2013-05-15 22:00:00+00:00";"2007-05-30 22:00:00+00:00";"39";"72";"52";"2021";"NON";"NON";"72251";"";"";"";"2021-10-06";"49544";""
"72252";"3299";"PLUi/PLUiS";"CC";"2020-02-12 23:00:00+00:00";"2017-07-02 22:00:00+00:00";"39";"72";"52";"2021";"NON";"OUI";"200073112";"";"";"";"2021-10-06";"157406";""
"72253";"3199";"PLU";"COM";"2019-01-29 23:00:00+00:00";"2016-06-21 22:00:00+00:00";"39";"72";"52";"2021";"NON";"NON";"72253";"";"";"";"2021-10-06";"149500";""
"72254";"3199";"PLU";"COM";"2003-10-30 23:00:00+00:00";"2001-08-20 22:00:00+00:00";"39";"72";"52";"2021";"NON";"NON";"72254";"";"";"";"2021-10-06";"56998";""
"72257";"3299";"PLUi/PLUiS";"CU";"2020-01-29 23:00:00+00:00";"2014-12-17 23:00:00+00:00";"39";"72";"52";"2021";"NON";"OUI";"247200132";"";"";"";"2021-10-06";"137207";""
"72260";"3299";"PLUi/PLUiS";"CU";"2020-01-29 23:00:00+00:00";"2014-12-17 23:00:00+00:00";"39";"72";"52";"2021";"NON";"OUI";"247200132";"";"";"";"2021-10-06";"137207";""
"72262";"3299";"PLUi/PLUiS";"CC";"2021-04-14 22:00:00+00:00";"2015-02-11 23:00:00+00:00";"39";"72";"52";"2021";"NON";"OUI";"200070373";"";"";"";"2021-10-06";"138923";""
"72264";"3299";"PLUi/PLUiS";"CC";"2021-04-08 22:00:00+00:00";"2015-12-17 23:00:00+00:00";"39";"72";"52";"2021";"NON";"OUI";"247200090";"";"";"";"2021-10-06";"146026";""
"72266";"1199";"CC";"COM";"2008-11-14 23:00:00+00:00";"2004-05-17 22:00:00+00:00";"19";"72";"52";"2021";"NON";"NON";"72266";"";"";"";"2021-10-06";"69935";""
"72267";"3299";"PLUi/PLUiS";"CC";"2020-11-24 23:00:00+00:00";"2015-09-23 22:00:00+00:00";"39";"72";"52";"2021";"NON";"OUI";"72267";"";"";"";"2021-10-06";"143227";""
"72268";"3299";"PLUi/PLUiS";"CC";"2020-01-08 23:00:00+00:00";"2015-11-16 23:00:00+00:00";"39";"72";"52";"2021";"NON";"OUI";"247200447";"";"";"";"2021-10-06";"143006";""
"72269";"3299";"PLUi/PLUiS";"CC";"2021-01-27 23:00:00+00:00";"2015-07-16 22:00:00+00:00";"39";"72";"52";"2021";"NON";"OUI";"72269";"";"";"";"2021-10-06";"142448";""
"72271";"1432";"CC";"CC";"2006-10-15 22:00:00+00:00";"2004-03-24 23:00:00+00:00";"13";"72";"52";"2021";"NON";"NON";"72271";"";"";"";"2021-10-06";"69937";""
"72272";"3299";"PLUi/PLUiS";"CC";"2021-01-27 23:00:00+00:00";"2015-07-16 22:00:00+00:00";"39";"72";"52";"2021";"NON";"OUI";"200072692";"";"";"";"2021-10-06";"142448";""
"72273";"1111";"CC";"COM";"2012-07-29 22:00:00+00:00";"2008-06-26 22:00:00+00:00";"11";"72";"52";"2021";"NON";"NON";"72273";"";"";"";"2021-10-06";"67196";""
"72276";"3199";"PLU";"COM";"2010-06-30 22:00:00+00:00";"2003-12-17 23:00:00+00:00";"39";"72";"52";"2021";"NON";"NON";"72276";"";"";"";"2021-10-06";"75335";""
"72277";"3299";"PLUi/PLUiS";"CC";"2020-11-24 23:00:00+00:00";"2015-09-23 22:00:00+00:00";"39";"72";"52";"2021";"NON";"OUI";"72277";"";"";"";"2021-10-06";"143227";""
"72278";"3432";"PLU";"CC";"2004-03-25 23:00:00+00:00";"1999-11-25 23:00:00+00:00";"33";"72";"52";"2021";"NON";"NON";"200040475";"";"";"";"2021-10-06";"75217";""
"72279";"3299";"PLUi/PLUiS";"CC";"2021-04-14 22:00:00+00:00";"2015-02-11 23:00:00+00:00";"39";"72";"52";"2021";"NON";"OUI";"200070373";"";"";"";"2021-10-06";"138923";""
"72280";"3299";"PLUi/PLUiS";"CU";"2020-01-29 23:00:00+00:00";"2014-12-17 23:00:00+00:00";"39";"72";"52";"2021";"NON";"OUI";"247200132";"";"";"";"2021-10-06";"137207";""
"72281";"1199";"CC";"COM";"2013-03-22 23:00:00+00:00";"2010-09-19 22:00:00+00:00";"19";"72";"52";"2021";"NON";"NON";"72281";"";"";"";"2021-10-06";"67197";""
"72282";"1199";"CC";"COM";"2010-02-11 23:00:00+00:00";"2004-10-28 22:00:00+00:00";"19";"72";"52";"2021";"NON";"NON";"72282";"";"";"";"2021-10-06";"50111";""
"72283";"3299";"PLUi/PLUiS";"CC";"2020-02-12 23:00:00+00:00";"2017-07-02 22:00:00+00:00";"39";"72";"52";"2021";"NON";"OUI";"200073112";"";"";"";"2021-10-06";"157406";""
"72286";"3299";"PLUi/PLUiS";"CC";"2021-01-27 23:00:00+00:00";"2015-07-16 22:00:00+00:00";"39";"72";"52";"2021";"NON";"OUI";"72286";"";"";"";"2021-10-06";"142448";""
"72287";"3299";"PLUi/PLUiS";"CC";"2020-01-08 23:00:00+00:00";"2015-11-16 23:00:00+00:00";"39";"72";"52";"2021";"NON";"OUI";"247200447";"";"";"";"2021-10-06";"143006";""
"72289";"3199";"PLU";"COM";"2019-03-11 23:00:00+00:00";"2014-09-28 22:00:00+00:00";"39";"72";"52";"2021";"NON";"NON";"72289";"";"";"";"2021-10-06";"140316";""
"72290";"3199";"PLU";"COM";"2017-03-16 23:00:00+00:00";"2014-10-19 22:00:00+00:00";"39";"72";"52";"2021";"NON";"NON";"72290";"";"";"";"2021-10-06";"133451";""
"72291";"3299";"PLUi/PLUiS";"CC";"2020-02-12 23:00:00+00:00";"2017-07-02 22:00:00+00:00";"39";"72";"52";"2021";"NON";"OUI";"200073112";"";"";"";"2021-10-06";"157406";""
"72292";"3299";"PLUi/PLUiS";"CC";"2020-11-24 23:00:00+00:00";"2015-09-23 22:00:00+00:00";"39";"72";"52";"2021";"NON";"OUI";"72292";"";"";"";"2021-10-06";"143227";""
"72293";"3199";"PLU";"COM";"2020-12-16 23:00:00+00:00";"2015-12-07 23:00:00+00:00";"39";"72";"52";"2021";"NON";"NON";"72293";"";"";"";"2021-10-06";"143035";""
"72294";"3199";"PLU";"COM";"2015-09-09 22:00:00+00:00";"2007-09-20 22:00:00+00:00";"39";"72";"52";"2021";"NON";"NON";"72294";"";"";"";"2021-10-06";"49847";""
"72295";"3199";"PLU";"COM";"2014-03-17 23:00:00+00:00";"2008-10-01 22:00:00+00:00";"39";"72";"52";"2021";"NON";"NON";"72295";"";"";"";"2021-10-06";"63073";""
"72296";"3299";"PLUi/PLUiS";"CC";"2020-11-24 23:00:00+00:00";"2015-09-23 22:00:00+00:00";"39";"72";"52";"2021";"NON";"OUI";"72296";"";"";"";"2021-10-06";"143227";""
"72297";"3199";"PLU";"COM";"2005-01-13 23:00:00+00:00";"2000-10-26 22:00:00+00:00";"39";"72";"52";"2021";"NON";"NON";"72297";"";"";"";"2021-10-06";"75051";""
"72299";"3199";"PLU";"COM";"2019-03-07 23:00:00+00:00";"2016-04-28 22:00:00+00:00";"39";"72";"52";"2021";"NON";"NON";"72299";"";"";"";"2021-10-06";"142006";""
"72300";"3432";"PLU";"CC";"2014-03-19 23:00:00+00:00";"2010-07-23 22:00:00+00:00";"33";"72";"52";"2021";"NON";"NON";"200072684";"";"";"";"2021-10-06";"74994";""
"72302";"3299";"PLUi/PLUiS";"CC";"2020-11-24 23:00:00+00:00";"2015-09-23 22:00:00+00:00";"39";"72";"52";"2021";"NON";"OUI";"72302";"";"";"";"2021-10-06";"143227";""
"72303";"3432";"PLU";"CC";"2004-06-24 22:00:00+00:00";"2000-04-06 22:00:00+00:00";"33";"72";"52";"2021";"NON";"NON";"72303";"";"";"";"2021-10-06";"54383";""
"72305";"3199";"PLU";"COM";"2009-01-15 23:00:00+00:00";"2002-07-09 22:00:00+00:00";"39";"72";"52";"2021";"NON";"NON";"72305";"";"";"";"2021-10-06";"54384";""
"72306";"3299";"PLUi/PLUiS";"CC";"2020-01-08 23:00:00+00:00";"2015-11-16 23:00:00+00:00";"39";"72";"52";"2021";"NON";"OUI";"247200447";"";"";"";"2021-10-06";"143006";""
"72307";"3432";"PLU";"CC";"2011-09-29 22:00:00+00:00";"2008-12-11 23:00:00+00:00";"33";"72";"52";"2021";"NON";"NON";"200040475";"";"";"";"2021-10-06";"50373";""
"72308";"3332";"PLUi/PLUiS";"CU";"2020-02-12 23:00:00+00:00";"2013-03-27 23:00:00+00:00";"33";"72";"52";"2021";"OUI";"NON";"246100663";"";"";"";"2021-10-06";"123525";""
"72309";"1199";"CC";"COM";"2007-02-01 23:00:00+00:00";"2004-09-29 22:00:00+00:00";"19";"72";"52";"2021";"NON";"NON";"72309";"";"";"";"2021-10-06";"69938";""
"72310";"3199";"PLU";"COM";"2017-09-11 22:00:00+00:00";"2015-06-22 22:00:00+00:00";"39";"72";"52";"2021";"NON";"NON";"72310";"";"";"";"2021-10-06";"140632";""
"72311";"3299";"PLUi/PLUiS";"CC";"2021-04-14 22:00:00+00:00";"2015-02-11 23:00:00+00:00";"39";"72";"52";"2021";"NON";"OUI";"200070373";"";"";"";"2021-10-06";"138923";""
"72314";"3299";"PLUi/PLUiS";"CC";"2021-04-14 22:00:00+00:00";"2015-02-11 23:00:00+00:00";"39";"72";"52";"2021";"NON";"OUI";"200070373";"";"";"";"2021-10-06";"138923";""
"72315";"3432";"PLU";"CC";"2008-12-16 23:00:00+00:00";"2003-05-22 22:00:00+00:00";"33";"72";"52";"2021";"NON";"NON";"200072718";"";"";"";"2021-10-06";"74776";""
"72316";"3199";"PLU";"COM";"2017-11-15 23:00:00+00:00";"2015-12-02 23:00:00+00:00";"39";"72";"52";"2021";"NON";"NON";"72316";"";"";"";"2021-10-06";"144640";""
"72317";"3199";"PLU";"COM";"2014-03-19 23:00:00+00:00";"2008-06-04 22:00:00+00:00";"39";"72";"52";"2021";"NON";"NON";"72317";"";"";"";"2021-10-06";"49848";""
"72319";"3432";"PLU";"CC";"2006-05-21 22:00:00+00:00";"2003-10-06 22:00:00+00:00";"33";"72";"52";"2021";"NON";"NON";"200072718";"";"";"";"2021-10-06";"14371";""
"72320";"3299";"PLUi/PLUiS";"CU";"2020-01-29 23:00:00+00:00";"2014-12-17 23:00:00+00:00";"39";"72";"52";"2021";"NON";"OUI";"72320";"";"";"";"2021-10-06";"137207";""
"72321";"1432";"CC";"CC";"2008-08-28 22:00:00+00:00";"2004-12-01 23:00:00+00:00";"13";"72";"52";"2021";"NON";"NON";"200072718";"";"";"";"2021-10-06";"69939";""
"72322";"3299";"PLUi/PLUiS";"CC";"2020-11-24 23:00:00+00:00";"2015-09-23 22:00:00+00:00";"39";"72";"52";"2021";"NON";"OUI";"72322";"";"";"";"2021-10-06";"143227";""
"72325";"3299";"PLUi/PLUiS";"CC";"2021-04-14 22:00:00+00:00";"2015-02-11 23:00:00+00:00";"39";"72";"52";"2021";"NON";"OUI";"200070373";"";"";"";"2021-10-06";"138923";""
"72327";"3299";"PLUi/PLUiS";"CC";"2020-02-12 23:00:00+00:00";"2017-07-02 22:00:00+00:00";"39";"72";"52";"2021";"NON";"OUI";"200073112";"";"";"";"2021-10-06";"157406";""
"72328";"3299";"PLUi/PLUiS";"CU";"2020-01-29 23:00:00+00:00";"2014-12-17 23:00:00+00:00";"39";"72";"52";"2021";"NON";"OUI";"247200132";"";"";"";"2021-10-06";"137207";""
"72329";"3432";"PLU";"CC";"2013-02-20 23:00:00+00:00";"2008-04-23 22:00:00+00:00";"33";"72";"52";"2021";"NON";"NON";"200072684";"";"";"";"2021-10-06";"63074";""
"72330";"3299";"PLUi/PLUiS";"CC";"2020-02-12 23:00:00+00:00";"2017-07-02 22:00:00+00:00";"39";"72";"52";"2021";"NON";"OUI";"200073112";"";"";"";"2021-10-06";"157406";""
"72331";"3299";"PLUi/PLUiS";"CC";"2020-11-24 23:00:00+00:00";"2015-09-23 22:00:00+00:00";"39";"72";"52";"2021";"NON";"OUI";"72331";"";"";"";"2021-10-06";"143227";""
"72332";"3199";"PLU";"COM";"2013-03-11 23:00:00+00:00";"2008-05-12 22:00:00+00:00";"39";"72";"52";"2021";"NON";"NON";"72332";"";"";"";"2021-10-06";"49845";""
"72333";"3299";"PLUi/PLUiS";"CC";"2021-01-27 23:00:00+00:00";"2015-07-16 22:00:00+00:00";"39";"72";"52";"2021";"NON";"OUI";"72333";"";"";"";"2021-10-06";"142448";""
"72334";"3432";"PLU";"CC";"2014-11-16 23:00:00+00:00";"2010-11-14 23:00:00+00:00";"33";"72";"52";"2021";"NON";"NON";"200072718";"";"";"";"2021-10-06";"74651";""
"72335";"3432";"PLU";"CC";"2004-03-28 22:00:00+00:00";"2001-06-25 22:00:00+00:00";"33";"72";"52";"2021";"NON";"NON";"200072684";"";"";"";"2021-10-06";"54380";""
"72336";"3299";"PLUi/PLUiS";"CC";"2021-04-08 22:00:00+00:00";"2015-12-17 23:00:00+00:00";"39";"72";"52";"2021";"NON";"OUI";"247200090";"";"";"";"2021-10-06";"146026";""
"72337";"3199";"PLU";"COM";"2003-09-29 22:00:00+00:00";"1999-11-01 23:00:00+00:00";"39";"72";"52";"2021";"NON";"NON";"72337";"";"";"";"2021-10-06";"54387";""
"72338";"3199";"PLU";"COM";"2014-02-11 23:00:00+00:00";"2012-06-26 22:00:00+00:00";"39";"72";"52";"2021";"NON";"NON";"72338";"";"";"";"2021-10-06";"109747";""
"72339";"3199";"PLU";"COM";"2015-11-26 23:00:00+00:00";"2014-06-16 22:00:00+00:00";"39";"72";"52";"2021";"NON";"NON";"72339";"";"";"";"2021-10-06";"130535";""
"72340";"3131";"PLU";"COM";"2006-09-27 22:00:00+00:00";"2004-03-29 22:00:00+00:00";"33";"72";"52";"2021";"NON";"NON";"72340";"";"";"";"2021-10-06";"54381";""
"72341";"3432";"PLU";"CC";"2005-09-20 22:00:00+00:00";"2002-12-12 23:00:00+00:00";"33";"72";"52";"2021";"NON";"NON";"72341";"";"";"";"2021-10-06";"54388";""
"72342";"3299";"PLUi/PLUiS";"CC";"2020-11-24 23:00:00+00:00";"2015-09-23 22:00:00+00:00";"39";"72";"52";"2021";"NON";"OUI";"72342";"";"";"";"2021-10-06";"143227";""
"72343";"3299";"PLUi/PLUiS";"CC";"2021-04-08 22:00:00+00:00";"2015-12-17 23:00:00+00:00";"39";"72";"52";"2021";"NON";"OUI";"247200090";"";"";"";"2021-10-06";"146026";""
"72344";"3199";"PLU";"COM";"2015-10-14 22:00:00+00:00";"2010-12-15 23:00:00+00:00";"39";"72";"52";"2021";"NON";"NON";"72344";"";"";"";"2021-10-06";"63079";""
"72345";"3432";"PLU";"CC";"2009-02-23 23:00:00+00:00";"2005-11-16 23:00:00+00:00";"33";"72";"52";"2021";"NON";"NON";"200072684";"";"";"";"2021-10-06";"57007";""
"72346";"3131";"PLU";"COM";"2007-11-21 23:00:00+00:00";"2005-09-21 22:00:00+00:00";"33";"72";"52";"2021";"NON";"NON";"72346";"";"";"";"2021-10-06";"75427";""
"72347";"1432";"CC";"CC";"2009-01-12 23:00:00+00:00";"2006-09-25 22:00:00+00:00";"13";"72";"52";"2021";"NON";"NON";"200040475";"";"";"";"2021-10-06";"69941";""
"72348";"1132";"CC";"COM";"2009-11-11 23:00:00+00:00";"2008-05-25 22:00:00+00:00";"13";"72";"52";"2021";"NON";"NON";"200040475";"";"";"";"2021-10-06";"69942";""
"72350";"3299";"PLUi/PLUiS";"CC";"2020-01-08 23:00:00+00:00";"2015-11-16 23:00:00+00:00";"39";"72";"52";"2021";"NON";"OUI";"247200447";"";"";"";"2021-10-06";"143006";""
"72351";"3432";"PLU";"CC";"2014-02-17 23:00:00+00:00";"2007-05-06 22:00:00+00:00";"33";"72";"52";"2021";"NON";"NON";"200072718";"";"";"";"2021-10-06";"50114";""
"72353";"3299";"PLUi/PLUiS";"CC";"2020-11-24 23:00:00+00:00";"2015-09-23 22:00:00+00:00";"39";"72";"52";"2021";"NON";"OUI";"72353";"";"";"";"2021-10-06";"143227";""
"72356";"3299";"PLUi/PLUiS";"CC";"2021-04-14 22:00:00+00:00";"2015-02-11 23:00:00+00:00";"39";"72";"52";"2021";"NON";"OUI";"200070373";"";"";"";"2021-10-06";"138923";""
"72357";"3299";"PLUi/PLUiS";"CC";"2021-01-13 23:00:00+00:00";"2016-09-21 22:00:00+00:00";"39";"72";"52";"2021";"NON";"OUI";"72357";"";"";"";"2021-10-06";"151879";""
"72358";"3432";"PLU";"CC";"2005-12-04 23:00:00+00:00";"2003-11-02 23:00:00+00:00";"33";"72";"52";"2021";"NON";"NON";"200072684";"";"";"";"2021-10-06";"74284";""
"72359";"3432";"PLU";"CC";"2005-12-04 23:00:00+00:00";"2002-01-10 23:00:00+00:00";"33";"72";"52";"2021";"NON";"NON";"200072684";"";"";"";"2021-10-06";"57008";""
"72360";"3299";"PLUi/PLUiS";"CU";"2020-01-29 23:00:00+00:00";"2014-12-17 23:00:00+00:00";"39";"72";"52";"2021";"NON";"OUI";"247200132";"";"";"";"2021-10-06";"137207";""
"72361";"1432";"CC";"CC";"2015-04-14 22:00:00+00:00";"2009-10-06 22:00:00+00:00";"13";"72";"52";"2021";"NON";"NON";"72361";"";"";"";"2021-10-06";"67199";""
"72362";"1199";"CC";"COM";"2006-03-09 23:00:00+00:00";"2005-10-07 22:00:00+00:00";"19";"72";"52";"2021";"NON";"NON";"72362";"";"";"";"2021-10-06";"75611";""
"72363";"3299";"PLUi/PLUiS";"CC";"2020-11-24 23:00:00+00:00";"2015-09-23 22:00:00+00:00";"39";"72";"52";"2021";"NON";"OUI";"72363";"";"";"";"2021-10-06";"143227";""
"72364";"3299";"PLUi/PLUiS";"CC";"2020-02-12 23:00:00+00:00";"2017-07-02 22:00:00+00:00";"39";"72";"52";"2021";"NON";"OUI";"200073112";"";"";"";"2021-10-06";"157406";""
"72366";"3299";"PLUi/PLUiS";"CC";"2021-01-27 23:00:00+00:00";"2015-07-16 22:00:00+00:00";"39";"72";"52";"2021";"NON";"OUI";"72366";"";"";"";"2021-10-06";"142448";""
"72368";"3299";"PLUi/PLUiS";"CC";"2021-01-27 23:00:00+00:00";"2015-07-16 22:00:00+00:00";"39";"72";"52";"2021";"NON";"OUI";"72368";"";"";"";"2021-10-06";"142448";""
"72369";"3299";"PLUi/PLUiS";"CC";"2020-02-12 23:00:00+00:00";"2017-07-02 22:00:00+00:00";"39";"72";"52";"2021";"NON";"OUI";"200073112";"";"";"";"2021-10-06";"157406";""
"72370";"3199";"PLU";"COM";"2014-02-06 23:00:00+00:00";"2008-02-21 23:00:00+00:00";"39";"72";"52";"2021";"NON";"NON";"72370";"";"";"";"2021-10-06";"50116";""
"72373";"3299";"PLUi/PLUiS";"CC";"2021-01-27 23:00:00+00:00";"2015-07-16 22:00:00+00:00";"39";"72";"52";"2021";"NON";"OUI";"72373";"";"";"";"2021-10-06";"142448";""
"72375";"3299";"PLUi/PLUiS";"CC";"2020-11-24 23:00:00+00:00";"2015-09-23 22:00:00+00:00";"39";"72";"52";"2021";"NON";"OUI";"72375";"";"";"";"2021-10-06";"143227";""
"72376";"3299";"PLUi/PLUiS";"CC";"2021-04-14 22:00:00+00:00";"2015-02-11 23:00:00+00:00";"39";"72";"52";"2021";"NON";"OUI";"200070373";"";"";"";"2021-10-06";"138923";""
"72377";"3299";"PLUi/PLUiS";"CC";"2021-01-13 23:00:00+00:00";"2016-09-21 22:00:00+00:00";"39";"72";"52";"2021";"NON";"OUI";"72377";"";"";"";"2021-10-06";"151879";""
"72378";"3299";"PLUi/PLUiS";"CC";"2021-04-08 22:00:00+00:00";"2015-12-17 23:00:00+00:00";"39";"72";"52";"2021";"NON";"OUI";"247200090";"";"";"";"2021-10-06";"146026";""
"72380";"3199";"PLU";"COM";"2016-12-14 23:00:00+00:00";"2010-03-26 23:00:00+00:00";"39";"72";"52";"2021";"NON";"NON";"72380";"";"";"";"2021-10-06";"64142";""
"72381";"3199";"PLU";"COM";"2012-11-05 23:00:00+00:00";"2008-06-30 22:00:00+00:00";"39";"72";"52";"2021";"NON";"NON";"72381";"";"";"";"2021-10-06";"64138";""
"72382";"3432";"PLU";"CC";"2009-04-06 22:00:00+00:00";"2004-02-02 23:00:00+00:00";"33";"72";"52";"2021";"NON";"NON";"72382";"";"";"";"2021-10-06";"52522";""
"72383";"3299";"PLUi/PLUiS";"CC";"2020-11-24 23:00:00+00:00";"2015-09-23 22:00:00+00:00";"39";"72";"52";"2021";"NON";"OUI";"72383";"";"";"";"2021-10-06";"143227";""
"72385";"3299";"PLUi/PLUiS";"CC";"2020-02-12 23:00:00+00:00";"2017-07-02 22:00:00+00:00";"39";"72";"52";"2021";"NON";"OUI";"200073112";"";"";"";"2021-10-06";"157406";""
"72386";"3299";"PLUi/PLUiS";"CU";"2020-01-29 23:00:00+00:00";"2014-12-17 23:00:00+00:00";"39";"72";"52";"2021";"NON";"OUI";"247200132";"";"";"";"2021-10-06";"137207";""
"73001";"3131";"PLU";"COM";"2003-10-22 22:00:00+00:00";"1999-04-06 22:00:00+00:00";"33";"73";"84";"2021";"NON";"NON";"73001";"";"";"";"2021-10-06";"52523";""
"73003";"3131";"PLU";"COM";"2018-09-04 22:00:00+00:00";"2013-02-12 23:00:00+00:00";"33";"73";"84";"2021";"NON";"NON";"73003";"";"";"";"2021-10-06";"120929";""
"73004";"3299";"PLUi/PLUiS";"CA";"2019-12-17 23:00:00+00:00";"2015-12-15 23:00:00+00:00";"39";"73";"84";"2021";"NON";"OUI";"200069110";"";"";"";"2021-10-06";"151086";""
"73005";"3299";"PLUi/PLUiS";"CA";"2019-12-17 23:00:00+00:00";"2015-12-15 23:00:00+00:00";"39";"73";"84";"2021";"NON";"OUI";"200069110";"";"";"";"2021-10-06";"151086";""
"73006";"3131";"PLU";"COM";"2017-06-29 22:00:00+00:00";"2010-10-27 22:00:00+00:00";"33";"73";"84";"2021";"NON";"NON";"73006";"";"";"";"2021-10-06";"64140";""
"73008";"3399";"PLUi/PLUiS";"CA";"2019-10-08 22:00:00+00:00";"2014-11-18 23:00:00+00:00";"39";"73";"84";"2021";"OUI";"NON";"200068674";"";"";"";"2021-10-06";"133619";""
"73010";"3399";"PLUi/PLUiS";"CA";"2018-11-27 23:00:00+00:00";"2014-11-19 23:00:00+00:00";"39";"73";"84";"2021";"OUI";"NON";"200068674";"";"";"";"2021-10-06";"133617";""
"73011";"3199";"PLU";"COM";"2013-06-30 22:00:00+00:00";"2011-02-27 23:00:00+00:00";"39";"73";"84";"2021";"NON";"NON";"73011";"";"";"";"2021-10-06";"82134";""
"73012";"3432";"PLU";"CC";"2008-02-24 23:00:00+00:00";"2003-06-27 22:00:00+00:00";"33";"73";"84";"2021";"NON";"NON";"200070464";"";"";"";"2021-10-06";"57009";""
"73013";"3432";"PLU";"CC";"2014-02-13 23:00:00+00:00";"2009-12-27 23:00:00+00:00";"33";"73";"84";"2021";"NON";"NON";"200070464";"";"";"";"2021-10-06";"64144";""
"73014";"1199";"CC";"COM";"2010-11-09 23:00:00+00:00";"2008-06-26 22:00:00+00:00";"19";"73";"84";"2021";"NON";"NON";"73014";"";"";"";"2021-10-06";"69944";""
"73015";"3199";"PLU";"COM";"2017-07-05 22:00:00+00:00";"2015-04-26 22:00:00+00:00";"39";"73";"84";"2021";"NON";"NON";"73015";"";"";"";"2021-10-06";"138898";""
"73017";"3199";"PLU";"COM";"2017-10-29 23:00:00+00:00";"2014-11-16 23:00:00+00:00";"39";"73";"84";"2021";"NON";"NON";"73017";"";"";"";"2021-10-06";"133670";""
"73019";"3199";"PLU";"COM";"2009-08-12 22:00:00+00:00";"2005-04-28 22:00:00+00:00";"39";"73";"84";"2021";"NON";"NON";"73019";"";"";"";"2021-10-06";"57005";""
"73020";"3299";"PLUi/PLUiS";"CA";"2019-12-17 23:00:00+00:00";"2015-12-15 23:00:00+00:00";"39";"73";"84";"2021";"NON";"OUI";"200069110";"";"";"";"2021-10-06";"151086";""
"73021";"3199";"PLU";"COM";"2005-04-20 22:00:00+00:00";"1998-04-23 22:00:00+00:00";"39";"73";"84";"2021";"NON";"NON";"73021";"";"";"";"2021-10-06";"56460";""
"73022";"1199";"CC";"COM";"2016-08-01 22:00:00+00:00";"2012-11-12 23:00:00+00:00";"19";"73";"84";"2021";"NON";"NON";"73022";"";"";"";"2021-10-06";"114973";""
"73023";"3199";"PLU";"COM";"2020-03-04 23:00:00+00:00";"2014-06-17 22:00:00+00:00";"39";"73";"84";"2021";"NON";"NON";"73023";"";"";"";"2021-10-06";"131497";""
"73024";"3199";"PLU";"COM";"2020-06-08 22:00:00+00:00";"2012-12-16 23:00:00+00:00";"39";"73";"84";"2021";"NON";"NON";"73024";"";"";"";"2021-10-06";"116159";""
"73025";"3199";"PLU";"COM";"2018-11-04 23:00:00+00:00";"2016-07-10 22:00:00+00:00";"39";"73";"84";"2021";"NON";"NON";"73025";"";"";"";"2021-10-06";"150140";""
"73026";"3199";"PLU";"COM";"2011-10-09 22:00:00+00:00";"2002-02-04 23:00:00+00:00";"39";"73";"84";"2021";"NON";"NON";"73026";"";"";"";"2021-10-06";"63087";""
"73027";"3199";"PLU";"COM";"2020-02-24 23:00:00+00:00";"2017-03-03 23:00:00+00:00";"39";"73";"84";"2021";"NON";"NON";"73027";"";"";"";"2021-10-06";"155485";""
"73028";"1199";"CC";"COM";"2017-04-06 22:00:00+00:00";"2015-12-13 23:00:00+00:00";"19";"73";"84";"2021";"NON";"NON";"73028";"";"";"";"2021-10-06";"144913";""
"73029";"3299";"PLUi/PLUiS";"CA";"2019-12-17 23:00:00+00:00";"2015-12-15 23:00:00+00:00";"39";"73";"84";"2021";"NON";"OUI";"200069110";"";"";"";"2021-10-06";"151086";""
"73030";"3299";"PLUi/PLUiS";"CA";"2019-12-17 23:00:00+00:00";"2015-12-15 23:00:00+00:00";"39";"73";"84";"2021";"NON";"OUI";"200069110";"";"";"";"2021-10-06";"151086";""
"73031";"3299";"PLUi/PLUiS";"CA";"2019-12-17 23:00:00+00:00";"2015-12-15 23:00:00+00:00";"39";"73";"84";"2021";"NON";"OUI";"200069110";"";"";"";"2021-10-06";"151086";""
"73032";"3199";"PLU";"COM";"2020-03-01 23:00:00+00:00";"2011-11-06 23:00:00+00:00";"39";"73";"84";"2021";"NON";"NON";"73032";"";"";"";"2021-10-06";"94807";""
"73033";"3299";"PLUi/PLUiS";"CC";"2019-12-18 23:00:00+00:00";"2015-06-28 22:00:00+00:00";"39";"73";"84";"2021";"NON";"OUI";"200040111";"";"";"";"2021-10-06";"140403";""
"73034";"3199";"PLU";"COM";"2019-07-30 22:00:00+00:00";"2013-05-23 22:00:00+00:00";"39";"73";"84";"2021";"NON";"NON";"73034";"";"";"";"2021-10-06";"122494";""
"73036";"3299";"PLUi/PLUiS";"CA";"2019-12-17 23:00:00+00:00";"2015-12-15 23:00:00+00:00";"39";"73";"84";"2021";"NON";"OUI";"200069110";"";"";"";"2021-10-06";"151086";""
"73039";"3199";"PLU";"COM";"2018-07-18 22:00:00+00:00";"2009-09-23 22:00:00+00:00";"39";"73";"84";"2021";"NON";"NON";"73039";"";"";"";"2021-10-06";"63091";""
"73040";"3199";"PLU";"COM";"2019-12-18 23:00:00+00:00";"2014-12-18 23:00:00+00:00";"39";"73";"84";"2021";"NON";"NON";"73040";"";"";"";"2021-10-06";"137535";""
"73042";"3199";"PLU";"COM";"2020-01-29 23:00:00+00:00";"2008-06-12 22:00:00+00:00";"39";"73";"84";"2021";"NON";"NON";"73042";"";"";"";"2021-10-06";"63092";""
"73043";"3399";"PLUi/PLUiS";"CA";"2018-11-27 23:00:00+00:00";"2014-11-19 23:00:00+00:00";"39";"73";"84";"2021";"OUI";"NON";"200068674";"";"";"";"2021-10-06";"133617";""
"73047";"3199";"PLU";"COM";"2020-03-06 23:00:00+00:00";"2017-08-31 22:00:00+00:00";"39";"73";"84";"2021";"NON";"NON";"73047";"";"";"";"2021-10-06";"159590";""
"73048";"1199";"CC";"COM";"2008-01-14 23:00:00+00:00";"2003-02-06 23:00:00+00:00";"19";"73";"84";"2021";"NON";"NON";"73048";"";"";"";"2021-10-06";"17370";""
"73049";"1111";"CC";"COM";"2007-05-01 22:00:00+00:00";"2003-07-17 22:00:00+00:00";"11";"73";"84";"2021";"NON";"NON";"73049";"";"";"";"2021-10-06";"69948";""
"73050";"3399";"PLUi/PLUiS";"CA";"2019-10-08 22:00:00+00:00";"2014-11-18 23:00:00+00:00";"39";"73";"84";"2021";"OUI";"NON";"200068674";"";"";"";"2021-10-06";"133619";""
"73051";"3399";"PLUi/PLUiS";"CA";"2019-10-08 22:00:00+00:00";"2014-11-18 23:00:00+00:00";"39";"73";"84";"2021";"OUI";"NON";"200068674";"";"";"";"2021-10-06";"133619";""
"73052";"1199";"CC";"COM";"2020-08-23 22:00:00+00:00";"2013-11-07 23:00:00+00:00";"19";"73";"84";"2021";"NON";"NON";"73052";"";"";"";"2021-10-06";"129072";""
"73054";"3131";"PLU";"COM";"2014-03-12 23:00:00+00:00";"2009-02-22 23:00:00+00:00";"33";"73";"84";"2021";"NON";"NON";"73054";"";"";"";"2021-10-06";"63084";""
"73055";"3131";"PLU";"COM";"2010-10-12 22:00:00+00:00";"2001-06-27 22:00:00+00:00";"33";"73";"84";"2021";"NON";"NON";"73055";"";"";"";"2021-10-06";"54403";""
"73057";"3199";"PLU";"COM";"2017-07-18 22:00:00+00:00";"2009-10-21 22:00:00+00:00";"39";"73";"84";"2021";"NON";"NON";"73057";"";"";"";"2021-10-06";"63095";""
"73058";"3199";"PLU";"COM";"2021-05-30 22:00:00+00:00";"2017-07-23 22:00:00+00:00";"39";"73";"84";"2021";"NON";"NON";"73058";"";"";"";"2021-10-06";"157920";""
"73059";"3399";"PLUi/PLUiS";"CA";"2019-10-08 22:00:00+00:00";"2014-11-18 23:00:00+00:00";"39";"73";"84";"2021";"OUI";"NON";"200068674";"";"";"";"2021-10-06";"133619";""
"73061";"1199";"CC";"COM";"2004-03-15 23:00:00+00:00";"2002-11-07 23:00:00+00:00";"19";"73";"84";"2021";"NON";"NON";"73061";"";"";"";"2021-10-06";"70403";""
"73063";"3199";"PLU";"COM";"2019-12-05 23:00:00+00:00";"2016-02-11 23:00:00+00:00";"39";"73";"84";"2021";"NON";"NON";"73063";"";"";"";"2021-10-06";"146856";""
"73064";"3299";"PLUi/PLUiS";"CA";"2019-12-17 23:00:00+00:00";"2015-12-15 23:00:00+00:00";"39";"73";"84";"2021";"NON";"OUI";"200069110";"";"";"";"2021-10-06";"151086";""
"73065";"3299";"PLUi/PLUiS";"CA";"2019-12-17 23:00:00+00:00";"2015-12-15 23:00:00+00:00";"39";"73";"84";"2021";"NON";"OUI";"200069110";"";"";"";"2021-10-06";"151086";""
"73067";"3199";"PLU";"COM";"2018-09-16 22:00:00+00:00";"2015-11-15 23:00:00+00:00";"39";"73";"84";"2021";"NON";"NON";"73067";"";"";"";"2021-10-06";"143094";""
"73068";"3199";"PLU";"COM";"2017-11-21 23:00:00+00:00";"2015-02-23 23:00:00+00:00";"39";"73";"84";"2021";"NON";"NON";"73068";"";"";"";"2021-10-06";"137534";""
"73070";"3131";"PLU";"COM";"2005-11-23 23:00:00+00:00";"2000-01-27 23:00:00+00:00";"33";"73";"84";"2021";"NON";"NON";"73070";"";"";"";"2021-10-06";"57266";""
"73071";"3199";"PLU";"COM";"2016-03-22 23:00:00+00:00";"2012-02-07 23:00:00+00:00";"39";"73";"84";"2021";"NON";"NON";"73071";"";"";"";"2021-10-06";"104039";""
"73073";"3433";"PLU";"CA";"2010-02-11 23:00:00+00:00";"2003-12-04 23:00:00+00:00";"33";"73";"84";"2021";"NON";"NON";"200068674";"";"";"";"2021-10-06";"54406";""
"73074";"1199";"CC";"COM";"2006-03-12 23:00:00+00:00";"2001-06-04 22:00:00+00:00";"19";"73";"84";"2021";"NON";"NON";"73074";"";"";"";"2021-10-06";"17377";""
"73075";"3199";"PLU";"COM";"2006-12-11 23:00:00+00:00";"2002-07-03 22:00:00+00:00";"39";"73";"84";"2021";"NON";"NON";"73075";"";"";"";"2021-10-06";"54407";""
"73076";"3399";"PLUi/PLUiS";"CA";"2019-10-08 22:00:00+00:00";"2014-11-18 23:00:00+00:00";"39";"73";"84";"2021";"OUI";"NON";"200068674";"";"";"";"2021-10-06";"133619";""
"73077";"3199";"PLU";"COM";"2020-02-27 23:00:00+00:00";"2018-04-09 22:00:00+00:00";"39";"73";"84";"2021";"NON";"NON";"73077";"";"";"";"2021-10-06";"162587";""
"73078";"1199";"CC";"COM";"2018-12-16 23:00:00+00:00";"2016-06-07 22:00:00+00:00";"19";"73";"84";"2021";"NON";"NON";"73078";"";"";"";"2021-10-06";"150713";""
"73079";"3199";"PLU";"COM";"2005-03-30 22:00:00+00:00";"2003-07-03 22:00:00+00:00";"39";"73";"84";"2021";"NON";"NON";"73079";"";"";"";"2021-10-06";"57430";""
"73081";"3299";"PLUi/PLUiS";"CA";"2019-12-17 23:00:00+00:00";"2015-12-15 23:00:00+00:00";"39";"73";"84";"2021";"NON";"OUI";"200069110";"";"";"";"2021-10-06";"151086";""
"73082";"3199";"PLU";"COM";"2005-01-13 23:00:00+00:00";"2001-12-06 23:00:00+00:00";"39";"73";"84";"2021";"NON";"NON";"73082";"";"";"";"2021-10-06";"54408";""
"73083";"1199";"CC";"COM";"2006-12-26 23:00:00+00:00";"2004-03-25 23:00:00+00:00";"19";"73";"84";"2021";"NON";"NON";"73083";"";"";"";"2021-10-06";"69954";""
"73084";"3199";"PLU";"COM";"2018-01-17 23:00:00+00:00";"2014-12-10 23:00:00+00:00";"39";"73";"84";"2021";"NON";"NON";"73084";"";"";"";"2021-10-06";"137536";""
"73085";"3433";"PLU";"CA";"2010-05-30 22:00:00+00:00";"2005-05-19 22:00:00+00:00";"33";"73";"84";"2021";"NON";"NON";"200068674";"";"";"";"2021-10-06";"54409";""
"73086";"3199";"PLU";"COM";"2017-05-15 22:00:00+00:00";"2012-05-20 22:00:00+00:00";"39";"73";"84";"2021";"NON";"NON";"73086";"";"";"";"2021-10-06";"107615";""
"73087";"3299";"PLUi/PLUiS";"CA";"2019-12-17 23:00:00+00:00";"2015-12-15 23:00:00+00:00";"39";"73";"84";"2021";"NON";"OUI";"200069110";"";"";"";"2021-10-06";"151086";""
"73088";"3199";"PLU";"COM";"2019-12-05 23:00:00+00:00";"2016-03-23 23:00:00+00:00";"39";"73";"84";"2021";"NON";"NON";"73088";"";"";"";"2021-10-06";"147827";""
"73089";"3199";"PLU";"COM";"2011-11-29 23:00:00+00:00";"2009-02-22 23:00:00+00:00";"39";"73";"84";"2021";"NON";"NON";"73089";"";"";"";"2021-10-06";"46276";""
"73090";"3299";"PLUi/PLUiS";"CA";"2019-12-17 23:00:00+00:00";"2015-12-15 23:00:00+00:00";"39";"73";"84";"2021";"NON";"OUI";"200069110";"";"";"";"2021-10-06";"151086";""
"73092";"3299";"PLUi/PLUiS";"CC";"2019-12-18 23:00:00+00:00";"2015-06-28 22:00:00+00:00";"39";"73";"84";"2021";"NON";"OUI";"200040111";"";"";"";"2021-10-06";"140403";""
"73094";"3199";"PLU";"COM";"2020-10-08 22:00:00+00:00";"2017-06-15 22:00:00+00:00";"39";"73";"84";"2021";"NON";"NON";"73094";"";"";"";"2021-10-06";"156786";""
"73095";"3199";"PLU";"COM";"2006-01-12 23:00:00+00:00";"2002-06-02 22:00:00+00:00";"39";"73";"84";"2021";"NON";"NON";"73095";"";"";"";"2021-10-06";"54431";""
"73096";"3199";"PLU";"COM";"2017-10-29 23:00:00+00:00";"2014-10-13 22:00:00+00:00";"39";"73";"84";"2021";"NON";"NON";"73096";"";"";"";"2021-10-06";"133179";""
"73097";"3299";"PLUi/PLUiS";"CA";"2019-12-17 23:00:00+00:00";"2015-12-15 23:00:00+00:00";"39";"73";"84";"2021";"NON";"OUI";"200069110";"";"";"";"2021-10-06";"151086";""
"73098";"3299";"PLUi/PLUiS";"CA";"2019-12-17 23:00:00+00:00";"2015-12-15 23:00:00+00:00";"39";"73";"84";"2021";"NON";"OUI";"200069110";"";"";"";"2021-10-06";"151086";""
"73099";"3199";"PLU";"COM";"2018-11-06 23:00:00+00:00";"2015-04-26 22:00:00+00:00";"39";"73";"84";"2021";"NON";"NON";"73099";"";"";"";"2021-10-06";"138899";""
"73100";"3199";"PLU";"COM";"2018-05-27 22:00:00+00:00";"2016-02-14 23:00:00+00:00";"39";"73";"84";"2021";"NON";"NON";"73100";"";"";"";"2021-10-06";"146855";""
"73101";"3299";"PLUi/PLUiS";"CA";"2019-12-17 23:00:00+00:00";"2015-12-15 23:00:00+00:00";"39";"73";"84";"2021";"NON";"OUI";"200069110";"";"";"";"2021-10-06";"151086";""
"73103";"3399";"PLUi/PLUiS";"CA";"2019-10-08 22:00:00+00:00";"2014-11-18 23:00:00+00:00";"39";"73";"84";"2021";"OUI";"NON";"200068674";"";"";"";"2021-10-06";"133619";""
"73104";"3199";"PLU";"COM";"2020-01-15 23:00:00+00:00";"2017-01-11 23:00:00+00:00";"39";"73";"84";"2021";"NON";"NON";"73104";"";"";"";"2021-10-06";"155110";""
"73105";"3299";"PLUi/PLUiS";"CC";"2019-12-18 23:00:00+00:00";"2015-06-28 22:00:00+00:00";"39";"73";"84";"2021";"NON";"OUI";"200040111";"";"";"";"2021-10-06";"140403";""
"73106";"3299";"PLUi/PLUiS";"CA";"2019-12-17 23:00:00+00:00";"2015-12-15 23:00:00+00:00";"39";"73";"84";"2021";"NON";"OUI";"200069110";"";"";"";"2021-10-06";"151086";""
"73107";"3299";"PLUi/PLUiS";"CC";"2019-12-18 23:00:00+00:00";"2015-06-28 22:00:00+00:00";"39";"73";"84";"2021";"NON";"OUI";"200040111";"";"";"";"2021-10-06";"140403";""
"73109";"3199";"PLU";"COM";"2014-05-05 22:00:00+00:00";"2005-11-28 23:00:00+00:00";"39";"73";"84";"2021";"NON";"NON";"73109";"";"";"";"2021-10-06";"50379";""
"73110";"3199";"PLU";"COM";"2015-03-25 23:00:00+00:00";"2011-10-25 22:00:00+00:00";"39";"73";"84";"2021";"NON";"NON";"73110";"";"";"";"2021-10-06";"88097";""
"73114";"3131";"PLU";"COM";"2008-02-21 23:00:00+00:00";"2001-11-28 23:00:00+00:00";"33";"73";"84";"2021";"NON";"NON";"73114";"";"";"";"2021-10-06";"57011";""
"73116";"3432";"PLU";"CC";"2006-01-17 23:00:00+00:00";"2002-07-09 22:00:00+00:00";"33";"73";"84";"2021";"NON";"NON";"200070464";"";"";"";"2021-10-06";"57012";""
"73119";"3199";"PLU";"COM";"2011-04-17 22:00:00+00:00";"2008-07-20 22:00:00+00:00";"39";"73";"84";"2021";"NON";"NON";"73119";"";"";"";"2021-10-06";"64149";""
"73120";"3199";"PLU";"COM";"2020-02-10 23:00:00+00:00";"2017-07-24 22:00:00+00:00";"39";"73";"84";"2021";"NON";"NON";"73120";"";"";"";"2021-10-06";"159547";""
"73121";"3199";"PLU";"COM";"2018-06-28 22:00:00+00:00";"2014-12-11 23:00:00+00:00";"39";"73";"84";"2021";"NON";"NON";"73121";"";"";"";"2021-10-06";"137539";""
"73122";"3131";"PLU";"COM";"2011-11-09 23:00:00+00:00";"2008-10-23 22:00:00+00:00";"33";"73";"84";"2021";"NON";"NON";"73122";"";"";"";"2021-10-06";"64150";""
"73123";"3199";"PLU";"COM";"2021-05-31 22:00:00+00:00";"2015-11-26 23:00:00+00:00";"39";"73";"84";"2021";"NON";"NON";"73123";"";"";"";"2021-10-06";"142703";""
"73124";"3199";"PLU";"COM";"2017-09-25 22:00:00+00:00";"2013-06-04 22:00:00+00:00";"39";"73";"84";"2021";"NON";"NON";"73124";"";"";"";"2021-10-06";"122393";""
"73128";"3399";"PLUi/PLUiS";"CA";"2019-10-08 22:00:00+00:00";"2014-11-18 23:00:00+00:00";"39";"73";"84";"2021";"OUI";"NON";"200068674";"";"";"";"2021-10-06";"133619";""
"73129";"3199";"PLU";"COM";"2019-05-26 22:00:00+00:00";"2016-03-01 23:00:00+00:00";"39";"73";"84";"2021";"NON";"NON";"73129";"";"";"";"2021-10-06";"147146";""
"73130";"3199";"PLU";"COM";"2015-05-03 22:00:00+00:00";"2011-04-05 22:00:00+00:00";"39";"73";"84";"2021";"NON";"NON";"73130";"";"";"";"2021-10-06";"79864";""
"73131";"3199";"PLU";"COM";"2018-02-27 23:00:00+00:00";"2014-09-03 22:00:00+00:00";"39";"73";"84";"2021";"NON";"NON";"73131";"";"";"";"2021-10-06";"132093";""
"73132";"3131";"PLU";"COM";"2006-04-26 22:00:00+00:00";"1998-10-01 22:00:00+00:00";"33";"73";"84";"2021";"NON";"NON";"73132";"";"";"";"2021-10-06";"54440";""
"73133";"1199";"CC";"COM";"2005-06-25 22:00:00+00:00";"2002-03-18 23:00:00+00:00";"19";"73";"84";"2021";"NON";"NON";"73133";"";"";"";"2021-10-06";"69959";""
"73135";"1432";"CC";"CC";"2009-05-26 22:00:00+00:00";"2006-09-27 22:00:00+00:00";"13";"73";"84";"2021";"NON";"NON";"200070464";"";"";"";"2021-10-06";"69953";""
"73137";"3299";"PLUi/PLUiS";"CA";"2019-12-17 23:00:00+00:00";"2015-12-15 23:00:00+00:00";"39";"73";"84";"2021";"NON";"OUI";"200069110";"";"";"";"2021-10-06";"151086";""
"73138";"3432";"PLU";"CC";"2009-09-27 22:00:00+00:00";"2002-06-24 22:00:00+00:00";"33";"73";"84";"2021";"NON";"NON";"200070464";"";"";"";"2021-10-06";"54443";""
"73139";"3299";"PLUi/PLUiS";"CA";"2019-12-17 23:00:00+00:00";"2015-12-15 23:00:00+00:00";"39";"73";"84";"2021";"NON";"OUI";"200069110";"";"";"";"2021-10-06";"151086";""
"73140";"3199";"PLU";"COM";"2018-10-14 22:00:00+00:00";"2014-09-16 22:00:00+00:00";"39";"73";"84";"2021";"NON";"NON";"73140";"";"";"";"2021-10-06";"132330";""
"73141";"3199";"PLU";"COM";"2017-07-26 22:00:00+00:00";"2014-01-12 23:00:00+00:00";"39";"73";"84";"2021";"NON";"NON";"73141";"";"";"";"2021-10-06";"121932";""
"73142";"3199";"PLU";"COM";"2020-03-08 23:00:00+00:00";"2014-05-25 22:00:00+00:00";"39";"73";"84";"2021";"NON";"NON";"73142";"";"";"";"2021-10-06";"130230";""
"73145";"3131";"PLU";"COM";"2003-09-22 22:00:00+00:00";"1999-04-22 22:00:00+00:00";"33";"73";"84";"2021";"NON";"NON";"73145";"";"";"";"2021-10-06";"57021";""
"73146";"3299";"PLUi/PLUiS";"CA";"2019-12-17 23:00:00+00:00";"2015-12-15 23:00:00+00:00";"39";"73";"84";"2021";"NON";"OUI";"200069110";"";"";"";"2021-10-06";"151086";""
"73147";"1199";"CC";"COM";"2018-06-24 22:00:00+00:00";"2015-07-02 22:00:00+00:00";"19";"73";"84";"2021";"NON";"NON";"73147";"";"";"";"2021-10-06";"146852";""
"73149";"1199";"CC";"COM";"2018-12-06 23:00:00+00:00";"2016-02-08 23:00:00+00:00";"19";"73";"84";"2021";"NON";"NON";"73149";"";"";"";"2021-10-06";"146853";""
"73150";"3131";"PLU";"COM";"2019-11-03 23:00:00+00:00";"2015-10-14 22:00:00+00:00";"33";"73";"84";"2021";"NON";"NON";"73150";"";"";"";"2021-10-06";"142089";""
"73151";"3131";"PLU";"COM";"2012-05-01 22:00:00+00:00";"2008-06-30 22:00:00+00:00";"33";"73";"84";"2021";"NON";"NON";"73151";"";"";"";"2021-10-06";"64148";""
"73152";"1199";"CC";"COM";"2020-01-30 23:00:00+00:00";"2017-02-05 23:00:00+00:00";"19";"73";"84";"2021";"NON";"NON";"73152";"";"";"";"2021-10-06";"155108";""
"73153";"3131";"PLU";"COM";"2008-12-01 23:00:00+00:00";"2003-12-16 23:00:00+00:00";"33";"73";"84";"2021";"NON";"NON";"73153";"";"";"";"2021-10-06";"54447";""
"73154";"3199";"PLU";"COM";"2015-03-30 22:00:00+00:00";"2011-01-24 23:00:00+00:00";"39";"73";"84";"2021";"NON";"NON";"73154";"";"";"";"2021-10-06";"79997";""
"73155";"3399";"PLUi/PLUiS";"CA";"2019-10-08 22:00:00+00:00";"2014-11-18 23:00:00+00:00";"39";"73";"84";"2021";"OUI";"NON";"200068674";"";"";"";"2021-10-06";"133619";""
"73156";"3131";"PLU";"COM";"2013-02-18 23:00:00+00:00";"2008-06-04 22:00:00+00:00";"33";"73";"84";"2021";"NON";"NON";"73156";"";"";"";"2021-10-06";"64155";""
"73157";"3131";"PLU";"COM";"2006-06-27 22:00:00+00:00";"2002-02-26 23:00:00+00:00";"33";"73";"84";"2021";"NON";"NON";"73157";"";"";"";"2021-10-06";"54450";""
"73159";"3199";"PLU";"COM";"2010-01-13 23:00:00+00:00";"2005-05-26 22:00:00+00:00";"39";"73";"84";"2021";"NON";"NON";"73159";"";"";"";"2021-10-06";"54451";""
"73160";"3299";"PLUi/PLUiS";"CA";"2019-12-17 23:00:00+00:00";"2015-12-15 23:00:00+00:00";"39";"73";"84";"2021";"NON";"OUI";"200069110";"";"";"";"2021-10-06";"151086";""
"73161";"3199";"PLU";"COM";"2019-07-23 22:00:00+00:00";"2012-10-14 22:00:00+00:00";"39";"73";"84";"2021";"NON";"NON";"73161";"";"";"";"2021-10-06";"113387";""
"73162";"3199";"PLU";"COM";"2013-01-31 23:00:00+00:00";"2008-02-07 23:00:00+00:00";"39";"73";"84";"2021";"NON";"NON";"73162";"";"";"";"2021-10-06";"64156";""
"73164";"3399";"PLUi/PLUiS";"CA";"2019-10-08 22:00:00+00:00";"2014-11-18 23:00:00+00:00";"39";"73";"84";"2021";"OUI";"NON";"200068674";"";"";"";"2021-10-06";"133619";""
"73168";"1199";"CC";"COM";"2003-08-10 22:00:00+00:00";"2001-07-12 22:00:00+00:00";"19";"73";"84";"2021";"NON";"NON";"73168";"";"";"";"2021-10-06";"69963";""
"73170";"3199";"PLU";"COM";"2017-10-11 22:00:00+00:00";"2011-03-14 23:00:00+00:00";"39";"73";"84";"2021";"NON";"NON";"73170";"";"";"";"2021-10-06";"80053";""
"73171";"3199";"PLU";"COM";"2017-09-24 22:00:00+00:00";"2015-11-22 23:00:00+00:00";"39";"73";"84";"2021";"NON";"NON";"73171";"";"";"";"2021-10-06";"143057";""
"73173";"3432";"PLU";"CC";"2021-05-26 22:00:00+00:00";"2017-03-02 23:00:00+00:00";"33";"73";"84";"2021";"NON";"NON";"200070464";"";"";"";"2021-10-06";"155995";""
"73176";"3199";"PLU";"COM";"2016-09-28 22:00:00+00:00";"2014-02-25 23:00:00+00:00";"39";"73";"84";"2021";"NON";"NON";"73176";"";"";"";"2021-10-06";"129900";""
"73177";"1432";"CC";"CC";"2013-02-18 23:00:00+00:00";"2011-11-24 23:00:00+00:00";"13";"73";"84";"2021";"NON";"NON";"200070464";"";"";"";"2021-10-06";"91353";""
"73178";"3299";"PLUi/PLUiS";"CA";"2019-12-17 23:00:00+00:00";"2015-12-15 23:00:00+00:00";"39";"73";"84";"2021";"NON";"OUI";"200069110";"";"";"";"2021-10-06";"151086";""
"73179";"3299";"PLUi/PLUiS";"CA";"2019-12-17 23:00:00+00:00";"2015-12-15 23:00:00+00:00";"39";"73";"84";"2021";"NON";"OUI";"200069110";"";"";"";"2021-10-06";"151086";""
"73181";"3199";"PLU";"COM";"2018-06-11 22:00:00+00:00";"2013-02-25 23:00:00+00:00";"39";"73";"84";"2021";"NON";"NON";"73181";"";"";"";"2021-10-06";"120667";""
"73182";"3399";"PLUi/PLUiS";"CA";"2019-10-08 22:00:00+00:00";"2014-11-18 23:00:00+00:00";"39";"73";"84";"2021";"OUI";"NON";"200068674";"";"";"";"2021-10-06";"133619";""
"73183";"3199";"PLU";"COM";"2018-10-03 22:00:00+00:00";"2014-12-15 23:00:00+00:00";"39";"73";"84";"2021";"NON";"NON";"73183";"";"";"";"2021-10-06";"137541";""
"73184";"3199";"PLU";"COM";"2020-02-17 23:00:00+00:00";"2017-03-06 23:00:00+00:00";"39";"73";"84";"2021";"NON";"NON";"73184";"";"";"";"2021-10-06";"155486";""
"73186";"3199";"PLU";"COM";"2021-07-18 22:00:00+00:00";"2015-12-27 23:00:00+00:00";"39";"73";"84";"2021";"NON";"NON";"73186";"";"";"";"2021-10-06";"144919";""
"73187";"3131";"PLU";"COM";"2016-02-11 23:00:00+00:00";"2005-12-14 23:00:00+00:00";"33";"73";"84";"2021";"NON";"NON";"73187";"";"";"";"2021-10-06";"64607";""
"73188";"3199";"PLU";"COM";"2017-07-16 22:00:00+00:00";"2014-05-22 22:00:00+00:00";"39";"73";"84";"2021";"NON";"NON";"73188";"";"";"";"2021-10-06";"130165";""
"73190";"3199";"PLU";"COM";"2018-01-21 23:00:00+00:00";"2014-09-28 22:00:00+00:00";"39";"73";"84";"2021";"NON";"NON";"73190";"";"";"";"2021-10-06";"132332";""
"73191";"3199";"PLU";"COM";"2021-05-24 22:00:00+00:00";"2016-12-20 23:00:00+00:00";"39";"73";"84";"2021";"NON";"NON";"73191";"";"";"";"2021-10-06";"154168";""
"73192";"3299";"PLUi/PLUiS";"CA";"2019-12-17 23:00:00+00:00";"2015-12-15 23:00:00+00:00";"39";"73";"84";"2021";"NON";"OUI";"200069110";"";"";"";"2021-10-06";"151086";""
"73193";"3399";"PLUi/PLUiS";"CA";"2019-10-08 22:00:00+00:00";"2014-11-18 23:00:00+00:00";"39";"73";"84";"2021";"OUI";"NON";"200068674";"";"";"";"2021-10-06";"133619";""
"73194";"3199";"PLU";"COM";"2018-02-18 23:00:00+00:00";"2014-07-06 22:00:00+00:00";"39";"73";"84";"2021";"NON";"NON";"73194";"";"";"";"2021-10-06";"131954";""
"73196";"3199";"PLU";"COM";"2015-04-27 22:00:00+00:00";"2011-06-08 22:00:00+00:00";"39";"73";"84";"2021";"NON";"NON";"73196";"";"";"";"2021-10-06";"80247";""
"73197";"3199";"PLU";"COM";"2020-01-12 23:00:00+00:00";"2015-12-06 23:00:00+00:00";"39";"73";"84";"2021";"NON";"NON";"73197";"";"";"";"2021-10-06";"144991";""
"73200";"3199";"PLU";"COM";"2017-07-06 22:00:00+00:00";"2014-09-11 22:00:00+00:00";"39";"73";"84";"2021";"NON";"NON";"73200";"";"";"";"2021-10-06";"132219";""
"73201";"3199";"PLU";"COM";"2012-11-14 23:00:00+00:00";"2008-12-04 23:00:00+00:00";"39";"73";"84";"2021";"NON";"NON";"73201";"";"";"";"2021-10-06";"64159";""
"73202";"3199";"PLU";"COM";"2015-11-08 23:00:00+00:00";"2010-12-16 23:00:00+00:00";"39";"73";"84";"2021";"NON";"NON";"73202";"";"";"";"2021-10-06";"80306";""
"73204";"3131";"PLU";"COM";"2006-12-05 23:00:00+00:00";"2002-09-11 22:00:00+00:00";"33";"73";"84";"2021";"NON";"NON";"73204";"";"";"";"2021-10-06";"54457";""
"73205";"3199";"PLU";"COM";"2014-02-19 23:00:00+00:00";"2012-04-24 22:00:00+00:00";"39";"73";"84";"2021";"NON";"NON";"73205";"";"";"";"2021-10-06";"106220";""
"73206";"3199";"PLU";"COM";"2018-03-29 22:00:00+00:00";"2011-12-14 23:00:00+00:00";"39";"73";"84";"2021";"NON";"NON";"73206";"";"";"";"2021-10-06";"94809";""
"73208";"3399";"PLUi/PLUiS";"CA";"2019-10-08 22:00:00+00:00";"2014-11-18 23:00:00+00:00";"39";"73";"84";"2021";"OUI";"NON";"200068674";"";"";"";"2021-10-06";"133619";""
"73210";"3299";"PLUi/PLUiS";"CA";"2019-12-17 23:00:00+00:00";"2015-12-15 23:00:00+00:00";"39";"73";"84";"2021";"NON";"OUI";"200069110";"";"";"";"2021-10-06";"151086";""
"73211";"3199";"PLU";"COM";"2019-04-04 22:00:00+00:00";"2015-09-10 22:00:00+00:00";"39";"73";"84";"2021";"NON";"NON";"73211";"";"";"";"2021-10-06";"142718";""
"73213";"3299";"PLUi/PLUiS";"CA";"2019-12-17 23:00:00+00:00";"2015-12-15 23:00:00+00:00";"39";"73";"84";"2021";"NON";"OUI";"200069110";"";"";"";"2021-10-06";"151086";""
"73214";"1199";"CC";"COM";"2020-02-12 23:00:00+00:00";"2017-02-22 23:00:00+00:00";"19";"73";"84";"2021";"NON";"NON";"73214";"";"";"";"2021-10-06";"155323";""
"73215";"3199";"PLU";"COM";"2020-09-16 22:00:00+00:00";"2017-10-26 22:00:00+00:00";"39";"73";"84";"2021";"NON";"NON";"73215";"";"";"";"2021-10-06";"159537";""
"73216";"3199";"PLU";"COM";"2019-02-10 23:00:00+00:00";"2015-09-24 22:00:00+00:00";"39";"73";"84";"2021";"NON";"NON";"73216";"";"";"";"2021-10-06";"143088";""
"73217";"3199";"PLU";"COM";"2006-03-05 23:00:00+00:00";"2002-05-30 22:00:00+00:00";"39";"73";"84";"2021";"NON";"NON";"73217";"";"";"";"2021-10-06";"54462";""
"73218";"3433";"PLU";"CA";"2010-09-21 22:00:00+00:00";"2008-05-13 22:00:00+00:00";"33";"73";"84";"2021";"NON";"NON";"200068674";"";"";"";"2021-10-06";"54463";""
"73219";"3131";"PLU";"COM";"2003-09-25 22:00:00+00:00";"1999-03-25 23:00:00+00:00";"33";"73";"84";"2021";"NON";"NON";"73219";"";"";"";"2021-10-06";"57025";""
"73220";"3131";"PLU";"COM";"2004-12-15 23:00:00+00:00";"1999-03-25 23:00:00+00:00";"33";"73";"84";"2021";"NON";"NON";"73220";"";"";"";"2021-10-06";"57026";""
"73221";"3131";"PLU";"COM";"2004-09-24 22:00:00+00:00";"2001-05-18 22:00:00+00:00";"33";"73";"84";"2021";"NON";"NON";"73221";"";"";"";"2021-10-06";"54464";""
"73222";"3299";"PLUi/PLUiS";"CA";"2019-12-17 23:00:00+00:00";"2015-12-15 23:00:00+00:00";"39";"73";"84";"2021";"NON";"OUI";"200069110";"";"";"";"2021-10-06";"151086";""
"73223";"3199";"PLU";"COM";"2011-04-28 22:00:00+00:00";"2008-11-26 23:00:00+00:00";"39";"73";"84";"2021";"NON";"NON";"73223";"";"";"";"2021-10-06";"64162";""
"73224";"3199";"PLU";"COM";"2015-03-26 23:00:00+00:00";"2010-06-13 22:00:00+00:00";"39";"73";"84";"2021";"NON";"NON";"73224";"";"";"";"2021-10-06";"81840";""
"73225";"3299";"PLUi/PLUiS";"CA";"2019-12-17 23:00:00+00:00";"2015-12-15 23:00:00+00:00";"39";"73";"84";"2021";"NON";"OUI";"200069110";"";"";"";"2021-10-06";"151086";""
"73226";"3131";"PLU";"COM";"2013-04-03 22:00:00+00:00";"2007-07-29 22:00:00+00:00";"33";"73";"84";"2021";"NON";"NON";"73226";"";"";"";"2021-10-06";"50381";""
"73227";"3131";"PLU";"COM";"2017-01-30 23:00:00+00:00";"2014-06-01 22:00:00+00:00";"33";"73";"84";"2021";"NON";"NON";"73227";"";"";"";"2021-10-06";"140327";""
"73228";"3299";"PLUi/PLUiS";"CA";"2019-12-17 23:00:00+00:00";"2015-12-15 23:00:00+00:00";"39";"73";"84";"2021";"NON";"OUI";"200069110";"";"";"";"2021-10-06";"151086";""
"73229";"3299";"PLUi/PLUiS";"CC";"2019-12-18 23:00:00+00:00";"2015-06-28 22:00:00+00:00";"39";"73";"84";"2021";"NON";"OUI";"200040111";"";"";"";"2021-10-06";"140403";""
"73230";"3199";"PLU";"COM";"2005-04-14 22:00:00+00:00";"2001-08-28 22:00:00+00:00";"39";"73";"84";"2021";"NON";"NON";"73230";"";"";"";"2021-10-06";"57028";""
"73232";"3199";"PLU";"COM";"2018-11-13 23:00:00+00:00";"2014-08-27 22:00:00+00:00";"39";"73";"84";"2021";"NON";"NON";"73232";"";"";"";"2021-10-06";"131972";""
"73233";"3299";"PLUi/PLUiS";"CC";"2019-12-18 23:00:00+00:00";"2015-06-28 22:00:00+00:00";"39";"73";"84";"2021";"NON";"OUI";"200040111";"";"";"";"2021-10-06";"140403";""
"73234";"3299";"PLUi/PLUiS";"CA";"2019-12-17 23:00:00+00:00";"2015-12-15 23:00:00+00:00";"39";"73";"84";"2021";"NON";"OUI";"200069110";"";"";"";"2021-10-06";"151086";""
"73235";"3131";"PLU";"COM";"2008-06-26 22:00:00+00:00";"2003-09-11 22:00:00+00:00";"33";"73";"84";"2021";"NON";"NON";"73235";"";"";"";"2021-10-06";"54453";""
"73236";"3131";"PLU";"COM";"2020-07-08 22:00:00+00:00";"2016-10-11 22:00:00+00:00";"33";"73";"84";"2021";"NON";"NON";"73236";"";"";"";"2021-10-06";"151342";""
"73237";"3199";"PLU";"COM";"2019-11-07 23:00:00+00:00";"2014-10-08 22:00:00+00:00";"39";"73";"84";"2021";"NON";"NON";"73237";"";"";"";"2021-10-06";"137544";""
"73240";"3199";"PLU";"COM";"2006-11-30 23:00:00+00:00";"2001-06-26 22:00:00+00:00";"39";"73";"84";"2021";"NON";"NON";"73240";"";"";"";"2021-10-06";"82239";""
"73241";"3199";"PLU";"COM";"2019-06-19 22:00:00+00:00";"2015-09-10 22:00:00+00:00";"39";"73";"84";"2021";"NON";"NON";"73241";"";"";"";"2021-10-06";"141373";""
"73242";"3432";"PLU";"CC";"2008-05-12 22:00:00+00:00";"2003-10-16 22:00:00+00:00";"33";"73";"84";"2021";"NON";"NON";"200070464";"";"";"";"2021-10-06";"54471";""
"73243";"3299";"PLUi/PLUiS";"CA";"2019-12-17 23:00:00+00:00";"2015-12-15 23:00:00+00:00";"39";"73";"84";"2021";"NON";"OUI";"200069110";"";"";"";"2021-10-06";"151086";""
"73245";"3199";"PLU";"COM";"2019-12-19 23:00:00+00:00";"2016-09-22 22:00:00+00:00";"39";"73";"84";"2021";"NON";"NON";"73245";"";"";"";"2021-10-06";"151199";""
"73246";"3299";"PLUi/PLUiS";"CC";"2019-12-18 23:00:00+00:00";"2015-06-28 22:00:00+00:00";"39";"73";"84";"2021";"NON";"OUI";"200040111";"";"";"";"2021-10-06";"140403";""
"73247";"3199";"PLU";"COM";"2011-01-27 23:00:00+00:00";"2006-09-28 22:00:00+00:00";"39";"73";"84";"2021";"NON";"NON";"73247";"";"";"";"2021-10-06";"64608";""
"73248";"3432";"PLU";"CC";"2005-12-15 23:00:00+00:00";"2002-07-30 22:00:00+00:00";"33";"73";"84";"2021";"NON";"NON";"200070464";"";"";"";"2021-10-06";"56594";""
"73249";"3299";"PLUi/PLUiS";"CA";"2019-12-17 23:00:00+00:00";"2015-12-15 23:00:00+00:00";"39";"73";"84";"2021";"NON";"OUI";"200069110";"";"";"";"2021-10-06";"151086";""
"73250";"3432";"PLU";"CC";"2007-12-10 23:00:00+00:00";"2002-09-03 22:00:00+00:00";"33";"73";"84";"2021";"NON";"NON";"200070464";"";"";"";"2021-10-06";"56596";""
"73252";"3199";"PLU";"COM";"2014-09-17 22:00:00+00:00";"2003-05-14 22:00:00+00:00";"39";"73";"84";"2021";"NON";"NON";"73252";"";"";"";"2021-10-06";"64609";""
"73253";"3199";"PLU";"COM";"2018-09-16 22:00:00+00:00";"2014-09-29 22:00:00+00:00";"39";"73";"84";"2021";"NON";"NON";"73253";"";"";"";"2021-10-06";"132373";""
"73254";"1199";"CC";"COM";"2019-04-02 22:00:00+00:00";"2017-02-19 23:00:00+00:00";"19";"73";"84";"2021";"NON";"NON";"73254";"";"";"";"2021-10-06";"157570";""
"73257";"3199";"PLU";"COM";"2020-01-19 23:00:00+00:00";"2009-10-18 22:00:00+00:00";"39";"73";"84";"2021";"NON";"NON";"73257";"";"";"";"2021-10-06";"63744";""
"73258";"3199";"PLU";"COM";"2013-11-04 23:00:00+00:00";"2010-12-13 23:00:00+00:00";"39";"73";"84";"2021";"NON";"NON";"73258";"";"";"";"2021-10-06";"65210";""
"73259";"3199";"PLU";"COM";"2014-02-26 23:00:00+00:00";"2008-12-18 23:00:00+00:00";"39";"73";"84";"2021";"NON";"NON";"73259";"";"";"";"2021-10-06";"64610";""
"73261";"3199";"PLU";"COM";"2006-02-02 23:00:00+00:00";"2001-12-06 23:00:00+00:00";"39";"73";"84";"2021";"NON";"NON";"73261";"";"";"";"2021-10-06";"54475";""
"73262";"3199";"PLU";"COM";"2012-09-11 22:00:00+00:00";"2008-06-23 22:00:00+00:00";"39";"73";"84";"2021";"NON";"NON";"73262";"";"";"";"2021-10-06";"64165";""
"73263";"3399";"PLUi/PLUiS";"CA";"2019-10-08 22:00:00+00:00";"2014-11-18 23:00:00+00:00";"39";"73";"84";"2021";"OUI";"NON";"200068674";"";"";"";"2021-10-06";"133619";""
"73265";"3399";"PLUi/PLUiS";"CA";"2018-11-27 23:00:00+00:00";"2014-11-19 23:00:00+00:00";"39";"73";"84";"2021";"OUI";"NON";"200068674";"";"";"";"2021-10-06";"133617";""
"73267";"3432";"PLU";"CC";"2006-01-25 23:00:00+00:00";"2002-11-20 23:00:00+00:00";"33";"73";"84";"2021";"NON";"NON";"200070464";"";"";"";"2021-10-06";"54477";""
"73268";"3199";"PLU";"COM";"2021-09-26 22:00:00+00:00";"2014-09-18 22:00:00+00:00";"39";"73";"84";"2021";"NON";"NON";"73268";"";"";"";"2021-10-06";"121931";""
"73269";"3199";"PLU";"COM";"2020-02-12 23:00:00+00:00";"2016-10-26 22:00:00+00:00";"39";"73";"84";"2021";"NON";"NON";"73269";"";"";"";"2021-10-06";"155474";""
"73270";"3199";"PLU";"COM";"2008-02-07 23:00:00+00:00";"2007-01-30 23:00:00+00:00";"39";"73";"84";"2021";"NON";"NON";"73270";"";"";"";"2021-10-06";"57288";""
"73272";"1199";"CC";"COM";"2019-04-16 22:00:00+00:00";"2017-04-06 22:00:00+00:00";"19";"73";"84";"2021";"NON";"NON";"73272";"";"";"";"2021-10-06";"155994";""
"73274";"3299";"PLUi/PLUiS";"CC";"2019-12-18 23:00:00+00:00";"2015-06-28 22:00:00+00:00";"39";"73";"84";"2021";"NON";"OUI";"200040111";"";"";"";"2021-10-06";"140403";""
"73275";"3299";"PLUi/PLUiS";"CC";"2019-12-18 23:00:00+00:00";"2015-06-28 22:00:00+00:00";"39";"73";"84";"2021";"NON";"OUI";"200040111";"";"";"";"2021-10-06";"140403";""
"73276";"3199";"PLU";"COM";"2009-05-25 22:00:00+00:00";"2005-02-21 23:00:00+00:00";"39";"73";"84";"2021";"NON";"NON";"73276";"";"";"";"2021-10-06";"54481";""
"73277";"3299";"PLUi/PLUiS";"CA";"2019-12-17 23:00:00+00:00";"2015-12-15 23:00:00+00:00";"39";"73";"84";"2021";"NON";"OUI";"200069110";"";"";"";"2021-10-06";"151086";""
"73278";"3199";"PLU";"COM";"2019-09-29 22:00:00+00:00";"2014-09-28 22:00:00+00:00";"39";"73";"84";"2021";"NON";"NON";"73278";"";"";"";"2021-10-06";"132866";""
"73280";"3432";"PLU";"CC";"2012-03-25 22:00:00+00:00";"2009-01-18 23:00:00+00:00";"33";"73";"84";"2021";"NON";"NON";"200070464";"";"";"";"2021-10-06";"64166";""
"73281";"3299";"PLUi/PLUiS";"CA";"2019-12-17 23:00:00+00:00";"2015-12-15 23:00:00+00:00";"39";"73";"84";"2021";"NON";"OUI";"200069110";"";"";"";"2021-10-06";"151086";""
"73282";"3299";"PLUi/PLUiS";"CC";"2019-12-18 23:00:00+00:00";"2015-06-28 22:00:00+00:00";"39";"73";"84";"2021";"NON";"OUI";"200040111";"";"";"";"2021-10-06";"140403";""
"73283";"3199";"PLU";"COM";"2014-01-30 23:00:00+00:00";"2008-10-23 22:00:00+00:00";"39";"73";"84";"2021";"NON";"NON";"73283";"";"";"";"2021-10-06";"64168";""
"73284";"3199";"PLU";"COM";"2020-02-16 23:00:00+00:00";"2017-02-26 23:00:00+00:00";"39";"73";"84";"2021";"NON";"NON";"73284";"";"";"";"2021-10-06";"155264";""
"73285";"3131";"PLU";"COM";"2013-08-05 22:00:00+00:00";"2008-12-15 23:00:00+00:00";"33";"73";"84";"2021";"NON";"NON";"73285";"";"";"";"2021-10-06";"62262";""
"73286";"3433";"PLU";"CA";"2006-10-19 22:00:00+00:00";"2002-09-12 22:00:00+00:00";"33";"73";"84";"2021";"NON";"NON";"200068674";"";"";"";"2021-10-06";"54483";""
"73288";"3299";"PLUi/PLUiS";"CA";"2019-12-17 23:00:00+00:00";"2015-12-15 23:00:00+00:00";"39";"73";"84";"2021";"NON";"OUI";"200069110";"";"";"";"2021-10-06";"151086";""
"73289";"1199";"CC";"COM";"2010-11-03 23:00:00+00:00";"2007-11-29 23:00:00+00:00";"19";"73";"84";"2021";"NON";"NON";"73289";"";"";"";"2021-10-06";"82048";""
"73290";"3131";"PLU";"COM";"2021-05-03 22:00:00+00:00";"2015-12-06 23:00:00+00:00";"33";"73";"84";"2021";"NON";"NON";"73290";"";"";"";"2021-10-06";"144804";""
"73292";"3199";"PLU";"COM";"2014-02-24 23:00:00+00:00";"2011-05-09 22:00:00+00:00";"39";"73";"84";"2021";"NON";"NON";"73292";"";"";"";"2021-10-06";"81172";""
"73293";"3299";"PLUi/PLUiS";"CA";"2019-12-17 23:00:00+00:00";"2015-12-15 23:00:00+00:00";"39";"73";"84";"2021";"NON";"OUI";"200069110";"";"";"";"2021-10-06";"151086";""
"73294";"3299";"PLUi/PLUiS";"CA";"2019-12-17 23:00:00+00:00";"2015-12-15 23:00:00+00:00";"39";"73";"84";"2021";"NON";"OUI";"200069110";"";"";"";"2021-10-06";"151086";""
"73296";"3199";"PLU";"COM";"2019-09-29 22:00:00+00:00";"2016-02-15 23:00:00+00:00";"39";"73";"84";"2021";"NON";"NON";"73296";"";"";"";"2021-10-06";"146854";""
"73297";"3199";"PLU";"COM";"2020-03-12 23:00:00+00:00";"2014-09-25 22:00:00+00:00";"39";"73";"84";"2021";"NON";"NON";"73297";"";"";"";"2021-10-06";"132486";""
"73298";"3199";"PLU";"COM";"2016-06-16 22:00:00+00:00";"2009-05-18 22:00:00+00:00";"39";"73";"84";"2021";"NON";"NON";"73298";"";"";"";"2021-10-06";"64169";""
"73299";"3199";"PLU";"COM";"2019-07-23 22:00:00+00:00";"2016-09-27 22:00:00+00:00";"39";"73";"84";"2021";"NON";"NON";"73299";"";"";"";"2021-10-06";"151059";""
"73300";"3399";"PLUi/PLUiS";"CA";"2019-10-08 22:00:00+00:00";"2014-11-18 23:00:00+00:00";"39";"73";"84";"2021";"OUI";"NON";"200068674";"";"";"";"2021-10-06";"133619";""
"73301";"3399";"PLUi/PLUiS";"CA";"2019-10-08 22:00:00+00:00";"2014-11-18 23:00:00+00:00";"39";"73";"84";"2021";"OUI";"NON";"200068674";"";"";"";"2021-10-06";"133619";""
"73302";"1199";"CC";"COM";"2008-01-02 23:00:00+00:00";"2004-09-13 22:00:00+00:00";"19";"73";"84";"2021";"NON";"NON";"73302";"";"";"";"2021-10-06";"69972";""
"73303";"3131";"PLU";"COM";"2012-12-16 23:00:00+00:00";"2008-04-06 22:00:00+00:00";"33";"73";"84";"2021";"NON";"NON";"73303";"";"";"";"2021-10-06";"64170";""
"73304";"3131";"PLU";"COM";"2016-12-18 23:00:00+00:00";"2014-11-12 23:00:00+00:00";"33";"73";"84";"2021";"NON";"NON";"73304";"";"";"";"2021-10-06";"119659";""
"73306";"3199";"PLU";"COM";"2021-04-28 22:00:00+00:00";"2015-12-28 23:00:00+00:00";"39";"73";"84";"2021";"NON";"NON";"73306";"";"";"";"2021-10-06";"144821";""
"73307";"3199";"PLU";"COM";"2020-08-19 22:00:00+00:00";"2016-06-19 22:00:00+00:00";"39";"73";"84";"2021";"NON";"NON";"73307";"";"";"";"2021-10-06";"149481";""
"73308";"3199";"PLU";"COM";"2012-06-13 22:00:00+00:00";"2006-10-16 22:00:00+00:00";"39";"73";"84";"2021";"NON";"NON";"73308";"";"";"";"2021-10-06";"50118";""
"73309";"3199";"PLU";"COM";"2020-02-02 23:00:00+00:00";"2018-04-10 22:00:00+00:00";"39";"73";"84";"2021";"NON";"NON";"73309";"";"";"";"2021-10-06";"162422";""
"73310";"3299";"PLUi/PLUiS";"CA";"2019-12-17 23:00:00+00:00";"2015-12-15 23:00:00+00:00";"39";"73";"84";"2021";"NON";"OUI";"200069110";"";"";"";"2021-10-06";"151086";""
"73311";"1199";"CC";"COM";"2006-10-07 22:00:00+00:00";"2002-03-07 23:00:00+00:00";"19";"73";"84";"2021";"NON";"NON";"73311";"";"";"";"2021-10-06";"69973";""
"73312";"3199";"PLU";"COM";"2013-04-24 22:00:00+00:00";"2009-04-27 22:00:00+00:00";"39";"73";"84";"2021";"NON";"NON";"73312";"";"";"";"2021-10-06";"64173";""
"73313";"1199";"CC";"COM";"2018-08-07 22:00:00+00:00";"2016-04-27 22:00:00+00:00";"19";"73";"84";"2021";"NON";"NON";"73313";"";"";"";"2021-10-06";"148384";""
"73314";"3199";"PLU";"COM";"2017-01-30 23:00:00+00:00";"2014-05-26 22:00:00+00:00";"39";"73";"84";"2021";"NON";"NON";"73314";"";"";"";"2021-10-06";"132094";""
"73315";"1199";"CC";"COM";"2007-11-08 23:00:00+00:00";"2004-07-01 22:00:00+00:00";"19";"73";"84";"2021";"NON";"NON";"73315";"";"";"";"2021-10-06";"82278";""
"73316";"3199";"PLU";"COM";"2017-10-10 22:00:00+00:00";"2012-09-19 22:00:00+00:00";"39";"73";"84";"2021";"NON";"NON";"73316";"";"";"";"2021-10-06";"113385";""
"73317";"3199";"PLU";"COM";"2019-03-18 23:00:00+00:00";"2012-10-24 22:00:00+00:00";"39";"73";"84";"2021";"NON";"NON";"73317";"";"";"";"2021-10-06";"113746";""
"73318";"3432";"PLU";"CC";"2017-04-04 22:00:00+00:00";"2014-06-04 22:00:00+00:00";"33";"73";"84";"2021";"NON";"NON";"200070464";"";"";"";"2021-10-06";"130604";""
"73320";"3432";"PLU";"CC";"2004-12-19 23:00:00+00:00";"2001-11-22 23:00:00+00:00";"33";"73";"84";"2021";"NON";"NON";"200070464";"";"";"";"2021-10-06";"57030";""
"73322";"3199";"PLU";"COM";"2014-03-09 23:00:00+00:00";"2011-11-27 23:00:00+00:00";"39";"73";"84";"2021";"NON";"NON";"73322";"";"";"";"2021-10-06";"105727";""
"73323";"3199";"PLU";"COM";"2016-09-13 22:00:00+00:00";"2009-09-27 22:00:00+00:00";"39";"73";"84";"2021";"NON";"NON";"73323";"";"";"";"2021-10-06";"64174";""
"73324";"3131";"PLU";"COM";"2008-02-07 23:00:00+00:00";"2004-10-07 22:00:00+00:00";"33";"73";"84";"2021";"NON";"NON";"73324";"";"";"";"2021-10-06";"57031";""
"73326";"3299";"PLUi/PLUiS";"CA";"2019-12-17 23:00:00+00:00";"2015-12-15 23:00:00+00:00";"39";"73";"84";"2021";"NON";"OUI";"200069110";"";"";"";"2021-10-06";"151086";""
"73327";"3433";"PLU";"CA";"2011-09-26 22:00:00+00:00";"2008-06-23 22:00:00+00:00";"33";"73";"84";"2021";"NON";"NON";"200068674";"";"";"";"2021-10-06";"64175";""
"73328";"3399";"PLUi/PLUiS";"CA";"2019-10-08 22:00:00+00:00";"2014-11-18 23:00:00+00:00";"39";"73";"84";"2021";"OUI";"NON";"200068674";"";"";"";"2021-10-06";"133619";""
"73329";"3399";"PLUi/PLUiS";"CA";"2019-10-08 22:00:00+00:00";"2014-11-18 23:00:00+00:00";"39";"73";"84";"2021";"OUI";"NON";"200068674";"";"";"";"2021-10-06";"133619";""
"73330";"3199";"PLU";"COM";"2020-03-09 23:00:00+00:00";"2016-09-12 22:00:00+00:00";"39";"73";"84";"2021";"NON";"NON";"73330";"";"";"";"2021-10-06";"149652";""
"74001";"3199";"PLU";"COM";"2018-08-02 22:00:00+00:00";"2005-03-08 23:00:00+00:00";"39";"74";"84";"2021";"NON";"NON";"74001";"";"";"";"2021-10-06";"63106";""
"74002";"3332";"PLUi/PLUiS";"CA";"2018-03-28 22:00:00+00:00";"2013-12-01 23:00:00+00:00";"33";"74";"84";"2021";"OUI";"NON";"200066793";"";"";"";"2021-10-06";"127563";""
"74003";"3199";"PLU";"COM";"2016-05-29 22:00:00+00:00";"2012-06-18 22:00:00+00:00";"39";"74";"84";"2021";"NON";"NON";"74003";"";"";"";"2021-10-06";"118585";""
"74004";"3332";"PLUi/PLUiS";"CA";"2018-03-28 22:00:00+00:00";"2013-12-01 23:00:00+00:00";"33";"74";"84";"2021";"OUI";"NON";"200066793";"";"";"";"2021-10-06";"127563";""
"74005";"3432";"PLU";"CA";"2016-07-11 22:00:00+00:00";"2008-11-03 23:00:00+00:00";"33";"74";"84";"2021";"NON";"NON";"200067551";"";"";"";"2021-10-06";"63108";""
"74006";"3199";"PLU";"COM";"2016-07-11 22:00:00+00:00";"2013-04-11 22:00:00+00:00";"39";"74";"84";"2021";"NON";"NON";"74006";"";"";"";"2021-10-06";"127567";""
"74007";"3199";"PLU";"COM";"2017-06-25 22:00:00+00:00";"2013-04-21 22:00:00+00:00";"39";"74";"84";"2021";"NON";"NON";"74007";"";"";"";"2021-10-06";"127569";""
"74008";"3199";"PLU";"COM";"2014-07-02 22:00:00+00:00";"2008-08-04 22:00:00+00:00";"39";"74";"84";"2021";"NON";"NON";"74008";"";"";"";"2021-10-06";"63109";""
"74009";"3199";"PLU";"COM";"2018-10-28 23:00:00+00:00";"2015-06-30 22:00:00+00:00";"39";"74";"84";"2021";"NON";"NON";"74009";"";"";"";"2021-10-06";"144782";""
"74010";"3432";"PLU";"CA";"2017-05-17 22:00:00+00:00";"2014-07-21 22:00:00+00:00";"33";"74";"84";"2021";"NON";"NON";"200066793";"";"";"";"2021-10-06";"136210";""
"74012";"3199";"PLU";"COM";"2017-07-02 22:00:00+00:00";"2013-02-20 23:00:00+00:00";"39";"74";"84";"2021";"NON";"NON";"74012";"";"";"";"2021-10-06";"127585";""
"74013";"3332";"PLUi/PLUiS";"CA";"2020-02-24 23:00:00+00:00";"2015-12-16 23:00:00+00:00";"33";"74";"84";"2021";"OUI";"NON";"200067551";"";"";"";"2021-10-06";"145018";""
"74014";"3131";"PLU";"COM";"2005-08-09 22:00:00+00:00";"2002-05-01 22:00:00+00:00";"33";"74";"84";"2021";"NON";"NON";"74014";"";"";"";"2021-10-06";"54489";""
"74015";"3199";"PLU";"COM";"2019-05-05 22:00:00+00:00";"2015-05-31 22:00:00+00:00";"39";"74";"84";"2021";"NON";"NON";"74015";"";"";"";"2021-10-06";"144790";""
"74016";"3199";"PLU";"COM";"2019-12-09 23:00:00+00:00";"2016-03-07 23:00:00+00:00";"39";"74";"84";"2021";"NON";"NON";"74016";"";"";"";"2021-10-06";"147539";""
"74018";"3199";"PLU";"COM";"2013-03-24 23:00:00+00:00";"2009-02-08 23:00:00+00:00";"39";"74";"84";"2021";"NON";"NON";"74018";"";"";"";"2021-10-06";"63113";""
"74019";"3432";"PLU";"CA";"2019-11-13 23:00:00+00:00";"2015-06-22 22:00:00+00:00";"33";"74";"84";"2021";"NON";"NON";"200066793";"";"";"";"2021-10-06";"144793";""
"74020";"3432";"PLU";"CA";"2019-02-25 23:00:00+00:00";"2015-08-31 22:00:00+00:00";"33";"74";"84";"2021";"NON";"NON";"200067551";"";"";"";"2021-10-06";"144795";""
"74021";"3199";"PLU";"COM";"2017-03-19 23:00:00+00:00";"2015-06-07 22:00:00+00:00";"39";"74";"84";"2021";"NON";"NON";"74021";"";"";"";"2021-10-06";"144797";""
"74024";"3199";"PLU";"COM";"2014-02-16 23:00:00+00:00";"2010-05-03 22:00:00+00:00";"39";"74";"84";"2021";"NON";"NON";"74024";"";"";"";"2021-10-06";"94937";""
"74025";"3332";"PLUi/PLUiS";"CA";"2020-02-24 23:00:00+00:00";"2015-12-16 23:00:00+00:00";"33";"74";"84";"2021";"OUI";"NON";"200067551";"";"";"";"2021-10-06";"145018";""
"74026";"3199";"PLU";"COM";"2014-01-19 23:00:00+00:00";"2005-03-30 22:00:00+00:00";"39";"74";"84";"2021";"NON";"NON";"74026";"";"";"";"2021-10-06";"63115";""
"74027";"3199";"PLU";"COM";"2013-06-27 22:00:00+00:00";"2004-04-18 22:00:00+00:00";"39";"74";"84";"2021";"NON";"NON";"74027";"";"";"";"2021-10-06";"50383";""
"74029";"3399";"PLUi/PLUiS";"CC";"2020-02-24 23:00:00+00:00";"2015-11-09 23:00:00+00:00";"39";"74";"84";"2021";"OUI";"NON";"200070852";"";"";"";"2021-10-06";"143205";""
"74030";"1432";"CC";"CC";"2005-01-18 23:00:00+00:00";"2002-09-01 22:00:00+00:00";"13";"74";"84";"2021";"NON";"NON";"247400682";"";"";"";"2021-10-06";"69975";""
"74031";"3199";"PLU";"COM";"2018-02-26 23:00:00+00:00";"2015-06-22 22:00:00+00:00";"39";"74";"84";"2021";"NON";"NON";"74031";"";"";"";"2021-10-06";"144815";""
"74032";"3432";"PLU";"CC";"2006-02-22 23:00:00+00:00";"2001-09-12 22:00:00+00:00";"33";"74";"84";"2021";"NON";"NON";"247400682";"";"";"";"2021-10-06";"54493";""
"74033";"3199";"PLU";"COM";"2013-06-27 22:00:00+00:00";"2008-05-28 22:00:00+00:00";"39";"74";"84";"2021";"NON";"NON";"74033";"";"";"";"2021-10-06";"63116";""
"74034";"3432";"PLU";"CC";"2017-10-16 22:00:00+00:00";"2015-04-23 22:00:00+00:00";"33";"74";"84";"2021";"NON";"NON";"247400682";"";"";"";"2021-10-06";"136034";""
"74035";"3299";"PLUi/PLUiS";"CC";"2020-02-02 23:00:00+00:00";"2015-03-22 23:00:00+00:00";"39";"74";"84";"2021";"NON";"OUI";"247400740";"";"";"";"2021-10-06";"145006";""
"74037";"3199";"PLU";"COM";"2005-10-11 22:00:00+00:00";"2001-06-17 22:00:00+00:00";"39";"74";"84";"2021";"NON";"NON";"74037";"";"";"";"2021-10-06";"56510";""
"74038";"3199";"PLU";"COM";"2019-12-17 23:00:00+00:00";"2016-06-06 22:00:00+00:00";"39";"74";"84";"2021";"NON";"NON";"74038";"";"";"";"2021-10-06";"149774";""
"74040";"3199";"PLU";"COM";"2019-04-14 22:00:00+00:00";"2015-05-31 22:00:00+00:00";"39";"74";"84";"2021";"NON";"NON";"74040";"";"";"";"2021-10-06";"144825";""
"74041";"3199";"PLU";"COM";"2015-12-21 23:00:00+00:00";"2009-02-26 23:00:00+00:00";"39";"74";"84";"2021";"NON";"NON";"74041";"";"";"";"2021-10-06";"64612";""
"74042";"3199";"PLU";"COM";"2016-05-18 22:00:00+00:00";"2012-06-17 22:00:00+00:00";"39";"74";"84";"2021";"NON";"NON";"74042";"";"";"";"2021-10-06";"118681";""
"74043";"3332";"PLUi/PLUiS";"CA";"2020-02-24 23:00:00+00:00";"2015-12-16 23:00:00+00:00";"33";"74";"84";"2021";"OUI";"NON";"200067551";"";"";"";"2021-10-06";"145018";""
"74044";"3131";"PLU";"COM";"2005-07-11 22:00:00+00:00";"2001-12-19 23:00:00+00:00";"33";"74";"84";"2021";"NON";"NON";"74044";"";"";"";"2021-10-06";"54497";""
"74045";"3199";"PLU";"COM";"2014-02-19 23:00:00+00:00";"2011-03-17 23:00:00+00:00";"39";"74";"84";"2021";"NON";"NON";"74045";"";"";"";"2021-10-06";"95791";""
"74046";"3299";"PLUi/PLUiS";"CC";"2020-02-02 23:00:00+00:00";"2015-03-22 23:00:00+00:00";"39";"74";"84";"2021";"NON";"OUI";"247400740";"";"";"";"2021-10-06";"145006";""
"74048";"3332";"PLUi/PLUiS";"CA";"2020-02-24 23:00:00+00:00";"2015-12-16 23:00:00+00:00";"33";"74";"84";"2021";"OUI";"NON";"200067551";"";"";"";"2021-10-06";"145018";""
"74050";"3199";"PLU";"COM";"2019-05-27 22:00:00+00:00";"2016-06-29 22:00:00+00:00";"39";"74";"84";"2021";"NON";"NON";"74050";"";"";"";"2021-10-06";"150292";""
"74051";"3199";"PLU";"COM";"2019-07-03 22:00:00+00:00";"2015-09-04 22:00:00+00:00";"39";"74";"84";"2021";"NON";"NON";"74051";"";"";"";"2021-10-06";"144889";""
"74052";"3131";"PLU";"COM";"2007-03-28 22:00:00+00:00";"2002-05-29 22:00:00+00:00";"33";"74";"84";"2021";"NON";"NON";"74052";"";"";"";"2021-10-06";"57274";""
"74053";"3432";"PLU";"CA";"2003-09-18 22:00:00+00:00";"2001-05-03 22:00:00+00:00";"33";"74";"84";"2021";"NON";"NON";"200067551";"";"";"";"2021-10-06";"54498";""
"74054";"3332";"PLUi/PLUiS";"CA";"2018-03-28 22:00:00+00:00";"2013-12-01 23:00:00+00:00";"33";"74";"84";"2021";"OUI";"NON";"200066793";"";"";"";"2021-10-06";"127563";""
"74055";"3399";"PLUi/PLUiS";"CC";"2020-02-24 23:00:00+00:00";"2015-11-09 23:00:00+00:00";"39";"74";"84";"2021";"OUI";"NON";"200070852";"";"";"";"2021-10-06";"143205";""
"74056";"3434";"PLU";"CC";"2014-02-12 23:00:00+00:00";"2012-09-27 22:00:00+00:00";"33";"74";"84";"2021";"NON";"NON";"74056";"";"";"";"2021-10-06";"118834";""
"74057";"3199";"PLU";"COM";"2018-06-25 22:00:00+00:00";"2009-04-23 22:00:00+00:00";"39";"74";"84";"2021";"NON";"NON";"74057";"";"";"";"2021-10-06";"64617";""
"74058";"3199";"PLU";"COM";"2019-02-19 23:00:00+00:00";"2015-06-30 22:00:00+00:00";"39";"74";"84";"2021";"NON";"NON";"74058";"";"";"";"2021-10-06";"145526";""
"74059";"3199";"PLU";"COM";"2018-03-08 23:00:00+00:00";"2015-09-03 22:00:00+00:00";"39";"74";"84";"2021";"NON";"NON";"74059";"";"";"";"2021-10-06";"145529";""
"74060";"3432";"PLU";"CA";"2012-02-27 23:00:00+00:00";"2003-10-19 22:00:00+00:00";"33";"74";"84";"2021";"NON";"NON";"200066793";"";"";"";"2021-10-06";"49851";""
"74061";"3332";"PLUi/PLUiS";"CA";"2018-03-28 22:00:00+00:00";"2013-12-01 23:00:00+00:00";"33";"74";"84";"2021";"OUI";"NON";"200066793";"";"";"";"2021-10-06";"127563";""
"74063";"3131";"PLU";"COM";"2012-06-25 22:00:00+00:00";"2002-06-04 22:00:00+00:00";"33";"74";"84";"2021";"NON";"NON";"74063";"";"";"";"2021-10-06";"64619";""
"74064";"3199";"PLU";"COM";"2017-03-12 23:00:00+00:00";"2009-03-25 23:00:00+00:00";"39";"74";"84";"2021";"NON";"NON";"74064";"";"";"";"2021-10-06";"50385";""
"74065";"3399";"PLUi/PLUiS";"CC";"2020-02-24 23:00:00+00:00";"2015-12-13 23:00:00+00:00";"39";"74";"84";"2021";"OUI";"NON";"200070852";"";"";"";"2021-10-06";"145020";""
"74066";"3399";"PLUi/PLUiS";"CC";"2020-02-24 23:00:00+00:00";"2015-12-13 23:00:00+00:00";"39";"74";"84";"2021";"OUI";"NON";"200070852";"";"";"";"2021-10-06";"145020";""
"74067";"3432";"PLU";"CA";"2017-09-27 22:00:00+00:00";"2009-12-20 23:00:00+00:00";"33";"74";"84";"2021";"NON";"NON";"200066793";"";"";"";"2021-10-06";"63118";""
"74068";"3399";"PLUi/PLUiS";"CC";"2020-02-24 23:00:00+00:00";"2015-10-26 23:00:00+00:00";"39";"74";"84";"2021";"OUI";"NON";"200070852";"";"";"";"2021-10-06";"145014";""
"74069";"3199";"PLU";"COM";"2018-10-01 22:00:00+00:00";"2015-10-05 22:00:00+00:00";"39";"74";"84";"2021";"NON";"NON";"74069";"";"";"";"2021-10-06";"162060";""
"74070";"3332";"PLUi/PLUiS";"CA";"2020-02-24 23:00:00+00:00";"2015-12-16 23:00:00+00:00";"33";"74";"84";"2021";"OUI";"NON";"200067551";"";"";"";"2021-10-06";"145018";""
"74071";"3399";"PLUi/PLUiS";"CC";"2020-02-24 23:00:00+00:00";"2015-10-26 23:00:00+00:00";"39";"74";"84";"2021";"OUI";"NON";"200070852";"";"";"";"2021-10-06";"145014";""
"74072";"3299";"PLUi/PLUiS";"CC";"2016-10-19 22:00:00+00:00";"2013-02-27 23:00:00+00:00";"39";"74";"84";"2021";"NON";"OUI";"247400773";"";"";"";"2021-10-06";"127562";""
"74073";"1111";"CC";"COM";"2006-10-23 22:00:00+00:00";"2004-03-29 22:00:00+00:00";"11";"74";"84";"2021";"NON";"NON";"74073";"";"";"";"2021-10-06";"68516";""
"74074";"3199";"PLU";"COM";"2018-07-11 22:00:00+00:00";"2015-04-27 22:00:00+00:00";"39";"74";"84";"2021";"NON";"NON";"74074";"";"";"";"2021-10-06";"145025";""
"74075";"3399";"PLUi/PLUiS";"CC";"2020-02-24 23:00:00+00:00";"2015-12-13 23:00:00+00:00";"39";"74";"84";"2021";"OUI";"NON";"200070852";"";"";"";"2021-10-06";"145020";""
"74076";"3199";"PLU";"COM";"2020-07-22 22:00:00+00:00";"2016-03-23 23:00:00+00:00";"39";"74";"84";"2021";"NON";"NON";"74076";"";"";"";"2021-10-06";"147804";""
"74077";"3399";"PLUi/PLUiS";"CC";"2020-02-24 23:00:00+00:00";"2015-10-26 23:00:00+00:00";"39";"74";"84";"2021";"OUI";"NON";"200070852";"";"";"";"2021-10-06";"145014";""
"74078";"3399";"PLUi/PLUiS";"CC";"2020-02-24 23:00:00+00:00";"2015-11-09 23:00:00+00:00";"39";"74";"84";"2021";"OUI";"NON";"200070852";"";"";"";"2021-10-06";"143205";""
"74079";"1199";"CC";"COM";"2008-04-24 22:00:00+00:00";"2007-02-04 23:00:00+00:00";"19";"74";"84";"2021";"NON";"NON";"74079";"";"";"";"2021-10-06";"69976";""
"74080";"3199";"PLU";"COM";"2017-04-09 22:00:00+00:00";"2010-09-22 22:00:00+00:00";"39";"74";"84";"2021";"NON";"NON";"74080";"";"";"";"2021-10-06";"63121";""
"74081";"3199";"PLU";"COM";"2018-01-29 23:00:00+00:00";"2015-06-22 22:00:00+00:00";"39";"74";"84";"2021";"NON";"NON";"74081";"";"";"";"2021-10-06";"145415";""
"74082";"3199";"PLU";"COM";"2017-03-08 23:00:00+00:00";"2012-11-28 23:00:00+00:00";"39";"74";"84";"2021";"NON";"NON";"74082";"";"";"";"2021-10-06";"118984";""
"74083";"3131";"PLU";"COM";"2007-07-30 22:00:00+00:00";"2002-10-06 22:00:00+00:00";"33";"74";"84";"2021";"NON";"NON";"74083";"";"";"";"2021-10-06";"54503";""
"74085";"3199";"PLU";"COM";"2017-11-08 23:00:00+00:00";"2014-11-17 23:00:00+00:00";"39";"74";"84";"2021";"NON";"NON";"74085";"";"";"";"2021-10-06";"136035";""
"74086";"3399";"PLUi/PLUiS";"CC";"2020-02-24 23:00:00+00:00";"2015-12-13 23:00:00+00:00";"39";"74";"84";"2021";"OUI";"NON";"200070852";"";"";"";"2021-10-06";"145020";""
"74087";"3199";"PLU";"COM";"2014-12-16 23:00:00+00:00";"2012-06-06 22:00:00+00:00";"39";"74";"84";"2021";"NON";"NON";"74087";"";"";"";"2021-10-06";"118986";""
"74088";"3199";"PLU";"COM";"2018-10-23 22:00:00+00:00";"2015-06-09 22:00:00+00:00";"39";"74";"84";"2021";"NON";"NON";"74088";"";"";"";"2021-10-06";"145466";""
"74089";"3199";"PLU";"COM";"2018-06-28 22:00:00+00:00";"2014-10-30 23:00:00+00:00";"39";"74";"84";"2021";"NON";"NON";"74089";"";"";"";"2021-10-06";"135966";""
"74090";"3199";"PLU";"COM";"2019-06-23 22:00:00+00:00";"2015-11-30 23:00:00+00:00";"39";"74";"84";"2021";"NON";"NON";"74090";"";"";"";"2021-10-06";"145424";""
"74094";"3199";"PLU";"COM";"2014-12-14 23:00:00+00:00";"2011-11-06 23:00:00+00:00";"39";"74";"84";"2021";"NON";"NON";"74094";"";"";"";"2021-10-06";"127729";""
"74095";"3299";"PLUi/PLUiS";"CC";"2020-02-02 23:00:00+00:00";"2015-03-22 23:00:00+00:00";"39";"74";"84";"2021";"NON";"OUI";"247400740";"";"";"";"2021-10-06";"145006";""
"74096";"3199";"PLU";"COM";"2016-10-12 22:00:00+00:00";"2011-03-30 22:00:00+00:00";"39";"74";"84";"2021";"NON";"NON";"74096";"";"";"";"2021-10-06";"95493";""
"74097";"3332";"PLUi/PLUiS";"CA";"2018-03-28 22:00:00+00:00";"2013-12-01 23:00:00+00:00";"33";"74";"84";"2021";"OUI";"NON";"200066793";"";"";"";"2021-10-06";"127563";""
"74098";"3199";"PLU";"COM";"2019-02-10 23:00:00+00:00";"2015-01-11 23:00:00+00:00";"39";"74";"84";"2021";"NON";"NON";"74098";"";"";"";"2021-10-06";"145467";""
"74099";"3199";"PLU";"COM";"2017-03-22 23:00:00+00:00";"2014-12-15 23:00:00+00:00";"39";"74";"84";"2021";"NON";"NON";"74099";"";"";"";"2021-10-06";"135969";""
"74100";"3399";"PLUi/PLUiS";"CC";"2020-02-24 23:00:00+00:00";"2015-11-09 23:00:00+00:00";"39";"74";"84";"2021";"OUI";"NON";"200070852";"";"";"";"2021-10-06";"143205";""
"74101";"3199";"PLU";"COM";"2017-04-10 22:00:00+00:00";"2014-11-03 23:00:00+00:00";"39";"74";"84";"2021";"NON";"NON";"74101";"";"";"";"2021-10-06";"135972";""
"74102";"3199";"PLU";"COM";"2017-02-15 23:00:00+00:00";"2010-04-28 22:00:00+00:00";"39";"74";"84";"2021";"NON";"NON";"74102";"";"";"";"2021-10-06";"64623";""
"74103";"3199";"PLU";"COM";"2021-06-02 22:00:00+00:00";"2015-12-01 23:00:00+00:00";"39";"74";"84";"2021";"NON";"NON";"74103";"";"";"";"2021-10-06";"145428";""
"74104";"3299";"PLUi/PLUiS";"CC";"2016-10-19 22:00:00+00:00";"2013-02-27 23:00:00+00:00";"39";"74";"84";"2021";"NON";"OUI";"247400773";"";"";"";"2021-10-06";"127562";""
"74105";"3332";"PLUi/PLUiS";"CA";"2020-02-24 23:00:00+00:00";"2015-12-16 23:00:00+00:00";"33";"74";"84";"2021";"OUI";"NON";"200067551";"";"";"";"2021-10-06";"145018";""
"74106";"3432";"PLU";"CA";"2010-11-07 23:00:00+00:00";"2005-01-02 23:00:00+00:00";"33";"74";"84";"2021";"NON";"NON";"200067551";"";"";"";"2021-10-06";"98770";""
"74107";"3399";"PLUi/PLUiS";"CC";"2020-02-24 23:00:00+00:00";"2015-11-09 23:00:00+00:00";"39";"74";"84";"2021";"OUI";"NON";"200070852";"";"";"";"2021-10-06";"143205";""
"74108";"3432";"PLU";"CA";"2012-07-25 22:00:00+00:00";"2008-08-06 22:00:00+00:00";"33";"74";"84";"2021";"NON";"NON";"200066793";"";"";"";"2021-10-06";"64626";""
"74109";"3399";"PLUi/PLUiS";"CC";"2020-02-24 23:00:00+00:00";"2015-10-26 23:00:00+00:00";"39";"74";"84";"2021";"OUI";"NON";"200070852";"";"";"";"2021-10-06";"145014";""
"74111";"3432";"PLU";"CA";"2008-11-20 23:00:00+00:00";"2003-11-27 23:00:00+00:00";"33";"74";"84";"2021";"NON";"NON";"200066793";"";"";"";"2021-10-06";"54515";""
"74112";"3432";"PLU";"CA";"2020-02-19 23:00:00+00:00";"2018-06-26 22:00:00+00:00";"33";"74";"84";"2021";"NON";"NON";"200066793";"";"";"";"2021-10-06";"174873";""
"74114";"1432";"CC";"CC";"2006-06-29 22:00:00+00:00";"2003-02-23 23:00:00+00:00";"13";"74";"84";"2021";"NON";"NON";"247400682";"";"";"";"2021-10-06";"68517";""
"74116";"3199";"PLU";"COM";"2014-03-18 23:00:00+00:00";"2011-02-22 23:00:00+00:00";"39";"74";"84";"2021";"NON";"NON";"74116";"";"";"";"2021-10-06";"95707";""
"74117";"3299";"PLUi/PLUiS";"CC";"2020-02-02 23:00:00+00:00";"2015-03-22 23:00:00+00:00";"39";"74";"84";"2021";"NON";"OUI";"247400740";"";"";"";"2021-10-06";"145006";""
"74118";"3199";"PLU";"COM";"2019-10-13 22:00:00+00:00";"2010-01-10 23:00:00+00:00";"39";"74";"84";"2021";"NON";"NON";"74118";"";"";"";"2021-10-06";"63117";""
"74119";"3199";"PLU";"COM";"2017-10-22 22:00:00+00:00";"2010-03-28 22:00:00+00:00";"39";"74";"84";"2021";"NON";"NON";"74119";"";"";"";"2021-10-06";"64628";""
"74121";"3332";"PLUi/PLUiS";"CA";"2020-02-24 23:00:00+00:00";"2015-12-16 23:00:00+00:00";"33";"74";"84";"2021";"OUI";"NON";"200067551";"";"";"";"2021-10-06";"145018";""
"74122";"1199";"CC";"COM";"2004-02-22 23:00:00+00:00";"2003-02-24 23:00:00+00:00";"19";"74";"84";"2021";"NON";"NON";"74122";"";"";"";"2021-10-06";"68518";""
"74123";"3299";"PLUi/PLUiS";"CC";"2016-10-19 22:00:00+00:00";"2013-02-27 23:00:00+00:00";"39";"74";"84";"2021";"NON";"OUI";"247400773";"";"";"";"2021-10-06";"127562";""
"74124";"3199";"PLU";"COM";"2013-07-10 22:00:00+00:00";"2004-02-25 23:00:00+00:00";"39";"74";"84";"2021";"NON";"NON";"74124";"";"";"";"2021-10-06";"64630";""
"74126";"3332";"PLUi/PLUiS";"CA";"2020-02-24 23:00:00+00:00";"2015-12-16 23:00:00+00:00";"33";"74";"84";"2021";"OUI";"NON";"200067551";"";"";"";"2021-10-06";"145018";""
"74127";"3199";"PLU";"COM";"2013-06-13 22:00:00+00:00";"2011-03-24 23:00:00+00:00";"39";"74";"84";"2021";"NON";"NON";"74127";"";"";"";"2021-10-06";"95716";""
"74128";"3199";"PLU";"COM";"2018-12-19 23:00:00+00:00";"2015-05-03 22:00:00+00:00";"39";"74";"84";"2021";"NON";"NON";"74128";"";"";"";"2021-10-06";"145475";""
"74129";"1432";"CC";"CC";"2001-12-19 23:00:00+00:00";"2001-06-07 22:00:00+00:00";"13";"74";"84";"2021";"NON";"NON";"247400682";"";"";"";"2021-10-06";"69977";""
"74130";"3399";"PLUi/PLUiS";"CC";"2020-02-24 23:00:00+00:00";"2015-10-26 23:00:00+00:00";"39";"74";"84";"2021";"OUI";"NON";"200070852";"";"";"";"2021-10-06";"145014";""
"74131";"3399";"PLUi/PLUiS";"CC";"2020-02-24 23:00:00+00:00";"2015-12-13 23:00:00+00:00";"39";"74";"84";"2021";"OUI";"NON";"200070852";"";"";"";"2021-10-06";"145020";""
"74133";"3131";"PLU";"COM";"2010-05-02 22:00:00+00:00";"2002-06-15 22:00:00+00:00";"33";"74";"84";"2021";"NON";"NON";"74133";"";"";"";"2021-10-06";"156250";""
"74134";"3432";"PLU";"CC";"2005-11-23 23:00:00+00:00";"2005-11-23 23:00:00+00:00";"33";"74";"84";"2021";"NON";"NON";"247400682";"";"";"";"2021-10-06";"54389";""
"74135";"3299";"PLUi/PLUiS";"CC";"2016-10-19 22:00:00+00:00";"2013-02-27 23:00:00+00:00";"39";"74";"84";"2021";"NON";"OUI";"247400773";"";"";"";"2021-10-06";"127562";""
"74136";"3199";"PLU";"COM";"2019-11-27 23:00:00+00:00";"2012-05-15 22:00:00+00:00";"39";"74";"84";"2021";"NON";"NON";"74136";"";"";"";"2021-10-06";"119091";""
"74137";"3432";"PLU";"CA";"2020-02-19 23:00:00+00:00";"2016-09-18 22:00:00+00:00";"33";"74";"84";"2021";"NON";"NON";"200066793";"";"";"";"2021-10-06";"151124";""
"74138";"3332";"PLUi/PLUiS";"CA";"2018-03-28 22:00:00+00:00";"2013-12-01 23:00:00+00:00";"33";"74";"84";"2021";"OUI";"NON";"200066793";"";"";"";"2021-10-06";"127563";""
"74139";"3199";"PLU";"COM";"2019-09-18 22:00:00+00:00";"2015-12-09 23:00:00+00:00";"39";"74";"84";"2021";"NON";"NON";"74139";"";"";"";"2021-10-06";"147066";""
"74140";"3199";"PLU";"COM";"2018-07-17 22:00:00+00:00";"2013-11-11 23:00:00+00:00";"39";"74";"84";"2021";"NON";"NON";"74140";"";"";"";"2021-10-06";"135996";""
"74141";"3299";"PLUi/PLUiS";"CC";"2020-02-02 23:00:00+00:00";"2015-03-22 23:00:00+00:00";"39";"74";"84";"2021";"NON";"OUI";"247400740";"";"";"";"2021-10-06";"145006";""
"74142";"3332";"PLUi/PLUiS";"CA";"2018-03-28 22:00:00+00:00";"2013-12-01 23:00:00+00:00";"33";"74";"84";"2021";"OUI";"NON";"200066793";"";"";"";"2021-10-06";"127563";""
"74143";"3499";"PLU";"CC";"2017-12-18 23:00:00+00:00";"2014-01-28 23:00:00+00:00";"39";"74";"84";"2021";"NON";"NON";"74143";"";"";"";"2021-10-06";"136037";""
"74144";"3199";"PLU";"COM";"2020-06-29 22:00:00+00:00";"2015-07-27 22:00:00+00:00";"39";"74";"84";"2021";"NON";"NON";"74144";"";"";"";"2021-10-06";"145513";""
"74145";"3199";"PLU";"COM";"2015-11-09 23:00:00+00:00";"2009-12-16 23:00:00+00:00";"39";"74";"84";"2021";"NON";"NON";"74145";"";"";"";"2021-10-06";"63126";""
"74146";"3199";"PLU";"COM";"2013-09-11 22:00:00+00:00";"2009-04-23 22:00:00+00:00";"39";"74";"84";"2021";"NON";"NON";"74146";"";"";"";"2021-10-06";"63130";""
"74147";"3299";"PLUi/PLUiS";"CC";"2016-10-19 22:00:00+00:00";"2013-02-27 23:00:00+00:00";"39";"74";"84";"2021";"NON";"OUI";"247400773";"";"";"";"2021-10-06";"127562";""
"74148";"3432";"PLU";"CA";"2013-06-09 22:00:00+00:00";"2004-11-18 23:00:00+00:00";"33";"74";"84";"2021";"NON";"NON";"200066793";"";"";"";"2021-10-06";"50387";""
"74150";"3332";"PLUi/PLUiS";"CA";"2020-02-24 23:00:00+00:00";"2015-12-16 23:00:00+00:00";"33";"74";"84";"2021";"OUI";"NON";"200067551";"";"";"";"2021-10-06";"145018";""
"74151";"3299";"PLUi/PLUiS";"CC";"2020-02-02 23:00:00+00:00";"2015-03-22 23:00:00+00:00";"39";"74";"84";"2021";"NON";"OUI";"247400740";"";"";"";"2021-10-06";"145006";""
"74152";"3199";"PLU";"COM";"2019-04-23 22:00:00+00:00";"2016-05-24 22:00:00+00:00";"39";"74";"84";"2021";"NON";"NON";"74152";"";"";"";"2021-10-06";"149773";""
"74153";"3199";"PLU";"COM";"2019-10-09 22:00:00+00:00";"2016-10-11 22:00:00+00:00";"39";"74";"84";"2021";"NON";"NON";"74153";"";"";"";"2021-10-06";"151556";""
"74154";"3199";"PLU";"COM";"2009-12-02 23:00:00+00:00";"2004-03-24 23:00:00+00:00";"39";"74";"84";"2021";"NON";"NON";"74154";"";"";"";"2021-10-06";"54526";""
"74155";"3432";"PLU";"CC";"2011-04-03 22:00:00+00:00";"2005-03-17 23:00:00+00:00";"33";"74";"84";"2021";"NON";"NON";"247400682";"";"";"";"2021-10-06";"63124";""
"74156";"3332";"PLUi/PLUiS";"CA";"2020-02-24 23:00:00+00:00";"2015-12-16 23:00:00+00:00";"33";"74";"84";"2021";"OUI";"NON";"200067551";"";"";"";"2021-10-06";"145018";""
"74157";"3432";"PLU";"CA";"2018-10-29 23:00:00+00:00";"2015-01-04 23:00:00+00:00";"33";"74";"84";"2021";"NON";"NON";"200067551";"";"";"";"2021-10-06";"145539";""
"74158";"3199";"PLU";"COM";"2015-03-24 23:00:00+00:00";"2009-02-15 23:00:00+00:00";"39";"74";"84";"2021";"NON";"NON";"74158";"";"";"";"2021-10-06";"64632";""
"74159";"3199";"PLU";"COM";"2006-08-30 22:00:00+00:00";"2001-11-26 23:00:00+00:00";"39";"74";"84";"2021";"NON";"NON";"74159";"";"";"";"2021-10-06";"54527";""
"74160";"3199";"PLU";"COM";"2019-12-10 23:00:00+00:00";"2015-06-16 22:00:00+00:00";"39";"74";"84";"2021";"NON";"NON";"74160";"";"";"";"2021-10-06";"145553";""
"74161";"3299";"PLUi/PLUiS";"CC";"2020-02-02 23:00:00+00:00";"2015-03-22 23:00:00+00:00";"39";"74";"84";"2021";"NON";"OUI";"247400740";"";"";"";"2021-10-06";"145006";""
"74162";"3199";"PLU";"COM";"2015-10-28 23:00:00+00:00";"2011-06-15 22:00:00+00:00";"39";"74";"84";"2021";"NON";"NON";"74162";"";"";"";"2021-10-06";"95810";""
"74163";"3332";"PLUi/PLUiS";"CA";"2020-02-24 23:00:00+00:00";"2015-12-16 23:00:00+00:00";"33";"74";"84";"2021";"OUI";"NON";"200067551";"";"";"";"2021-10-06";"145018";""
"74164";"3199";"PLU";"COM";"2019-12-08 23:00:00+00:00";"2015-12-15 23:00:00+00:00";"39";"74";"84";"2021";"NON";"NON";"74164";"";"";"";"2021-10-06";"145589";""
"74165";"3299";"PLUi/PLUiS";"CC";"2020-02-02 23:00:00+00:00";"2015-03-22 23:00:00+00:00";"39";"74";"84";"2021";"NON";"OUI";"247400740";"";"";"";"2021-10-06";"145006";""
"74166";"3199";"PLU";"COM";"2018-05-21 22:00:00+00:00";"2015-12-14 23:00:00+00:00";"39";"74";"84";"2021";"NON";"NON";"74166";"";"";"";"2021-10-06";"145622";""
"74167";"3299";"PLUi/PLUiS";"CC";"2016-10-19 22:00:00+00:00";"2013-02-27 23:00:00+00:00";"39";"74";"84";"2021";"NON";"OUI";"247400773";"";"";"";"2021-10-06";"127562";""
"74168";"3399";"PLUi/PLUiS";"CC";"2020-02-24 23:00:00+00:00";"2015-12-13 23:00:00+00:00";"39";"74";"84";"2021";"OUI";"NON";"200070852";"";"";"";"2021-10-06";"145020";""
"74169";"3199";"PLU";"COM";"2017-12-18 23:00:00+00:00";"2015-07-05 22:00:00+00:00";"39";"74";"84";"2021";"NON";"NON";"74169";"";"";"";"2021-10-06";"145629";""
"74170";"3299";"PLUi/PLUiS";"CC";"2020-02-02 23:00:00+00:00";"2015-03-22 23:00:00+00:00";"39";"74";"84";"2021";"NON";"OUI";"247400740";"";"";"";"2021-10-06";"145006";""
"74171";"3332";"PLUi/PLUiS";"CA";"2020-02-24 23:00:00+00:00";"2015-12-16 23:00:00+00:00";"33";"74";"84";"2021";"OUI";"NON";"200067551";"";"";"";"2021-10-06";"145018";""
"74172";"3199";"PLU";"COM";"2015-12-10 23:00:00+00:00";"2011-05-19 22:00:00+00:00";"39";"74";"84";"2021";"NON";"NON";"74172";"";"";"";"2021-10-06";"95814";""
"74173";"3131";"PLU";"COM";"2017-03-20 23:00:00+00:00";"2015-08-31 22:00:00+00:00";"33";"74";"84";"2021";"NON";"NON";"74173";"";"";"";"2021-10-06";"145637";""
"74174";"3199";"PLU";"COM";"2020-11-18 23:00:00+00:00";"2015-12-15 23:00:00+00:00";"39";"74";"84";"2021";"NON";"NON";"74174";"";"";"";"2021-10-06";"145639";""
"74176";"3432";"PLU";"CA";"2017-09-27 22:00:00+00:00";"2014-12-07 23:00:00+00:00";"33";"74";"84";"2021";"NON";"NON";"200066793";"";"";"";"2021-10-06";"136177";""
"74177";"3199";"PLU";"COM";"2019-10-17 22:00:00+00:00";"2015-09-20 22:00:00+00:00";"39";"74";"84";"2021";"NON";"NON";"74177";"";"";"";"2021-10-06";"146098";""
"74178";"3399";"PLUi/PLUiS";"CC";"2020-02-24 23:00:00+00:00";"2015-11-09 23:00:00+00:00";"39";"74";"84";"2021";"OUI";"NON";"200070852";"";"";"";"2021-10-06";"143205";""
"74179";"3199";"PLU";"COM";"2019-07-10 22:00:00+00:00";"2016-04-27 22:00:00+00:00";"39";"74";"84";"2021";"NON";"NON";"74179";"";"";"";"2021-10-06";"148940";""
"74180";"3332";"PLUi/PLUiS";"CA";"2020-02-24 23:00:00+00:00";"2015-12-16 23:00:00+00:00";"33";"74";"84";"2021";"OUI";"NON";"200067551";"";"";"";"2021-10-06";"145018";""
"74183";"3199";"PLU";"COM";"2013-02-20 23:00:00+00:00";"2003-01-30 23:00:00+00:00";"39";"74";"84";"2021";"NON";"NON";"74183";"";"";"";"2021-10-06";"64639";""
"74184";"3399";"PLUi/PLUiS";"CC";"2020-02-24 23:00:00+00:00";"2015-12-13 23:00:00+00:00";"39";"74";"84";"2021";"OUI";"NON";"200070852";"";"";"";"2021-10-06";"145020";""
"74185";"3199";"PLU";"COM";"2014-01-22 23:00:00+00:00";"2010-11-03 23:00:00+00:00";"39";"74";"84";"2021";"NON";"NON";"74185";"";"";"";"2021-10-06";"63078";""
"74186";"3432";"PLU";"CA";"2014-03-03 23:00:00+00:00";"2009-06-18 22:00:00+00:00";"33";"74";"84";"2021";"NON";"NON";"200066793";"";"";"";"2021-10-06";"65215";""
"74188";"3432";"PLU";"CC";"2006-09-17 22:00:00+00:00";"2002-07-09 22:00:00+00:00";"33";"74";"84";"2021";"NON";"NON";"247400682";"";"";"";"2021-10-06";"54531";""
"74190";"3199";"PLU";"COM";"2020-03-05 23:00:00+00:00";"2015-11-02 23:00:00+00:00";"39";"74";"84";"2021";"NON";"NON";"74190";"";"";"";"2021-10-06";"145655";""
"74191";"3432";"PLU";"CC";"2008-02-28 23:00:00+00:00";"2004-01-19 23:00:00+00:00";"33";"74";"84";"2021";"NON";"NON";"247400682";"";"";"";"2021-10-06";"54410";""
"74192";"3299";"PLUi/PLUiS";"CC";"2020-02-02 23:00:00+00:00";"2015-03-22 23:00:00+00:00";"39";"74";"84";"2021";"NON";"OUI";"247400740";"";"";"";"2021-10-06";"145006";""
"74193";"3199";"PLU";"COM";"2019-09-02 22:00:00+00:00";"2015-12-02 23:00:00+00:00";"39";"74";"84";"2021";"NON";"NON";"74193";"";"";"";"2021-10-06";"145532";""
"74194";"3332";"PLUi/PLUiS";"CA";"2018-03-28 22:00:00+00:00";"2013-12-01 23:00:00+00:00";"33";"74";"84";"2021";"OUI";"NON";"200066793";"";"";"";"2021-10-06";"127563";""
"74195";"3399";"PLUi/PLUiS";"CC";"2020-02-24 23:00:00+00:00";"2015-12-13 23:00:00+00:00";"39";"74";"84";"2021";"OUI";"NON";"200070852";"";"";"";"2021-10-06";"145020";""
"74197";"3199";"PLU";"COM";"2016-06-05 22:00:00+00:00";"2012-12-09 23:00:00+00:00";"39";"74";"84";"2021";"NON";"NON";"74197";"";"";"";"2021-10-06";"128135";""
"74198";"3432";"PLU";"CA";"2017-11-15 23:00:00+00:00";"2015-03-23 23:00:00+00:00";"33";"74";"84";"2021";"NON";"NON";"200066793";"";"";"";"2021-10-06";"145735";""
"74199";"3332";"PLUi/PLUiS";"CA";"2020-02-24 23:00:00+00:00";"2015-12-16 23:00:00+00:00";"33";"74";"84";"2021";"OUI";"NON";"200067551";"";"";"";"2021-10-06";"145018";""
"74200";"3199";"PLU";"COM";"2018-04-04 22:00:00+00:00";"2015-02-22 23:00:00+00:00";"39";"74";"84";"2021";"NON";"NON";"74200";"";"";"";"2021-10-06";"145738";""
"74201";"3199";"PLU";"COM";"2017-11-27 23:00:00+00:00";"2015-08-31 22:00:00+00:00";"39";"74";"84";"2021";"NON";"NON";"74201";"";"";"";"2021-10-06";"145740";""
"74202";"3199";"PLU";"COM";"2019-09-29 22:00:00+00:00";"2015-06-09 22:00:00+00:00";"39";"74";"84";"2021";"NON";"NON";"74202";"";"";"";"2021-10-06";"145741";""
"74205";"3199";"PLU";"COM";"2019-06-02 22:00:00+00:00";"2015-02-24 23:00:00+00:00";"39";"74";"84";"2021";"NON";"NON";"74205";"";"";"";"2021-10-06";"145742";""
"74206";"3432";"PLU";"CA";"2020-02-24 23:00:00+00:00";"2014-04-16 22:00:00+00:00";"33";"74";"84";"2021";"NON";"NON";"200067551";"";"";"";"2021-10-06";"136198";""
"74208";"3199";"PLU";"COM";"2019-11-27 23:00:00+00:00";"2015-11-25 23:00:00+00:00";"39";"74";"84";"2021";"NON";"NON";"74208";"";"";"";"2021-10-06";"145745";""
"74209";"3199";"PLU";"COM";"2019-07-21 22:00:00+00:00";"2015-12-14 23:00:00+00:00";"39";"74";"84";"2021";"NON";"NON";"74209";"";"";"";"2021-10-06";"145746";""
"74210";"3432";"PLU";"CA";"2016-01-24 23:00:00+00:00";"2014-05-04 22:00:00+00:00";"33";"74";"84";"2021";"NON";"NON";"200067551";"";"";"";"2021-10-06";"136206";""
"74211";"3199";"PLU";"COM";"2019-03-27 23:00:00+00:00";"2012-07-01 22:00:00+00:00";"39";"74";"84";"2021";"NON";"NON";"74211";"";"";"";"2021-10-06";"119226";""
"74212";"3131";"PLU";"COM";"2018-08-22 22:00:00+00:00";"2016-06-12 22:00:00+00:00";"33";"74";"84";"2021";"NON";"NON";"74212";"";"";"";"2021-10-06";"150294";""
"74213";"3432";"PLU";"CA";"2007-03-04 23:00:00+00:00";"2002-09-23 22:00:00+00:00";"33";"74";"84";"2021";"NON";"NON";"200066793";"";"";"";"2021-10-06";"54419";""
"74215";"3199";"PLU";"COM";"2018-02-04 23:00:00+00:00";"2011-01-24 23:00:00+00:00";"39";"74";"84";"2021";"NON";"NON";"74215";"";"";"";"2021-10-06";"95824";""
"74216";"3199";"PLU";"COM";"2018-06-13 22:00:00+00:00";"2012-09-12 22:00:00+00:00";"39";"74";"84";"2021";"NON";"NON";"74216";"";"";"";"2021-10-06";"119236";""
"74218";"3199";"PLU";"COM";"2017-01-29 23:00:00+00:00";"2013-05-26 22:00:00+00:00";"39";"74";"84";"2021";"NON";"NON";"74218";"";"";"";"2021-10-06";"136214";""
"74219";"3432";"PLU";"CA";"2017-04-12 22:00:00+00:00";"2014-07-06 22:00:00+00:00";"33";"74";"84";"2021";"NON";"NON";"200066793";"";"";"";"2021-10-06";"136219";""
"74220";"3199";"PLU";"COM";"2019-12-02 23:00:00+00:00";"2014-10-06 22:00:00+00:00";"39";"74";"84";"2021";"NON";"NON";"74220";"";"";"";"2021-10-06";"136220";""
"74221";"3131";"PLU";"COM";"2010-02-07 23:00:00+00:00";"2006-07-02 22:00:00+00:00";"33";"74";"84";"2021";"NON";"NON";"74221";"";"";"";"2021-10-06";"57267";""
"74222";"3432";"PLU";"CC";"2011-03-29 22:00:00+00:00";"2006-08-31 22:00:00+00:00";"33";"74";"84";"2021";"NON";"NON";"247400682";"";"";"";"2021-10-06";"49849";""
"74223";"3199";"PLU";"COM";"2020-02-12 23:00:00+00:00";"2015-10-28 23:00:00+00:00";"39";"74";"84";"2021";"NON";"NON";"74223";"";"";"";"2021-10-06";"145533";""
"74224";"3199";"PLU";"COM";"2020-02-25 23:00:00+00:00";"2013-05-01 22:00:00+00:00";"39";"74";"84";"2021";"NON";"NON";"74224";"";"";"";"2021-10-06";"127933";""
"74225";"3299";"PLUi/PLUiS";"CC";"2020-02-02 23:00:00+00:00";"2015-03-22 23:00:00+00:00";"39";"74";"84";"2021";"NON";"OUI";"247400740";"";"";"";"2021-10-06";"145006";""
"74226";"3199";"PLU";"COM";"2020-03-04 23:00:00+00:00";"2017-06-25 22:00:00+00:00";"39";"74";"84";"2021";"NON";"NON";"74226";"";"";"";"2021-10-06";"157969";""
"74228";"3199";"PLU";"COM";"2019-04-07 22:00:00+00:00";"2016-07-10 22:00:00+00:00";"39";"74";"84";"2021";"NON";"NON";"74228";"";"";"";"2021-10-06";"148516";""
"74229";"3199";"PLU";"COM";"2016-07-06 22:00:00+00:00";"2012-03-04 23:00:00+00:00";"39";"74";"84";"2021";"NON";"NON";"74229";"";"";"";"2021-10-06";"119268";""
"74231";"3299";"PLUi/PLUiS";"CC";"2020-02-02 23:00:00+00:00";"2015-03-22 23:00:00+00:00";"39";"74";"84";"2021";"NON";"OUI";"247400740";"";"";"";"2021-10-06";"145006";""
"74233";"3332";"PLUi/PLUiS";"CA";"2018-03-28 22:00:00+00:00";"2013-12-01 23:00:00+00:00";"33";"74";"84";"2021";"OUI";"NON";"200066793";"";"";"";"2021-10-06";"127563";""
"74234";"3299";"PLUi/PLUiS";"CC";"2016-10-19 22:00:00+00:00";"2013-02-27 23:00:00+00:00";"39";"74";"84";"2021";"NON";"OUI";"247400773";"";"";"";"2021-10-06";"127562";""
"74235";"3399";"PLUi/PLUiS";"CC";"2020-02-24 23:00:00+00:00";"2015-10-26 23:00:00+00:00";"39";"74";"84";"2021";"OUI";"NON";"200070852";"";"";"";"2021-10-06";"145014";""
"74236";"3199";"PLU";"COM";"2016-11-08 23:00:00+00:00";"2014-06-10 22:00:00+00:00";"39";"74";"84";"2021";"NON";"NON";"74236";"";"";"";"2021-10-06";"136229";""
"74237";"3199";"PLU";"COM";"2019-05-05 22:00:00+00:00";"2017-02-05 23:00:00+00:00";"39";"74";"84";"2021";"NON";"NON";"74237";"";"";"";"2021-10-06";"155077";""
"74238";"3432";"PLU";"CC";"2016-02-08 23:00:00+00:00";"2010-08-01 22:00:00+00:00";"33";"74";"84";"2021";"NON";"NON";"247400682";"";"";"";"2021-10-06";"63135";""
"74239";"3199";"PLU";"COM";"2010-07-06 22:00:00+00:00";"2003-01-21 23:00:00+00:00";"39";"74";"84";"2021";"NON";"NON";"74239";"";"";"";"2021-10-06";"54542";""
"74240";"3199";"PLU";"COM";"2020-01-15 23:00:00+00:00";"2017-02-05 23:00:00+00:00";"39";"74";"84";"2021";"NON";"NON";"74240";"";"";"";"2021-10-06";"155582";""
"74241";"3199";"PLU";"COM";"2017-10-11 22:00:00+00:00";"2002-12-11 23:00:00+00:00";"39";"74";"84";"2021";"NON";"NON";"74241";"";"";"";"2021-10-06";"63136";""
"74242";"3432";"PLU";"CA";"2015-11-25 23:00:00+00:00";"2010-12-15 23:00:00+00:00";"33";"74";"84";"2021";"NON";"NON";"200066793";"";"";"";"2021-10-06";"95993";""
"74243";"3199";"PLU";"COM";"2017-06-13 22:00:00+00:00";"2014-01-22 23:00:00+00:00";"39";"74";"84";"2021";"NON";"NON";"74243";"";"";"";"2021-10-06";"145864";""
"74244";"3199";"PLU";"COM";"2019-10-02 22:00:00+00:00";"2016-02-02 23:00:00+00:00";"39";"74";"84";"2021";"NON";"NON";"74244";"";"";"";"2021-10-06";"147074";""
"74249";"3199";"PLU";"COM";"2016-12-14 23:00:00+00:00";"2013-10-09 22:00:00+00:00";"39";"74";"84";"2021";"NON";"NON";"74249";"";"";"";"2021-10-06";"128215";""
"74250";"3199";"PLU";"COM";"2017-04-18 22:00:00+00:00";"2015-04-15 22:00:00+00:00";"39";"74";"84";"2021";"NON";"NON";"74250";"";"";"";"2021-10-06";"145866";""
"74252";"3131";"PLU";"COM";"2013-04-09 22:00:00+00:00";"2009-12-15 23:00:00+00:00";"33";"74";"84";"2021";"NON";"NON";"74252";"";"";"";"2021-10-06";"50388";""
"74253";"3199";"PLU";"COM";"2017-07-26 22:00:00+00:00";"2015-09-02 22:00:00+00:00";"39";"74";"84";"2021";"NON";"NON";"74253";"";"";"";"2021-10-06";"136234";""
"74254";"3332";"PLUi/PLUiS";"CA";"2018-03-28 22:00:00+00:00";"2013-12-01 23:00:00+00:00";"33";"74";"84";"2021";"OUI";"NON";"200066793";"";"";"";"2021-10-06";"127563";""
"74255";"3299";"PLUi/PLUiS";"CC";"2020-02-02 23:00:00+00:00";"2015-03-22 23:00:00+00:00";"39";"74";"84";"2021";"NON";"OUI";"247400740";"";"";"";"2021-10-06";"145006";""
"74256";"3199";"PLU";"COM";"2017-06-05 22:00:00+00:00";"2014-07-21 22:00:00+00:00";"39";"74";"84";"2021";"NON";"NON";"74256";"";"";"";"2021-10-06";"136383";""
"74257";"3199";"PLU";"COM";"2019-05-20 22:00:00+00:00";"2016-04-04 22:00:00+00:00";"39";"74";"84";"2021";"NON";"NON";"74257";"";"";"";"2021-10-06";"147805";""
"74258";"3199";"PLU";"COM";"2019-12-09 23:00:00+00:00";"2014-08-06 22:00:00+00:00";"39";"74";"84";"2021";"NON";"NON";"74258";"";"";"";"2021-10-06";"136464";""
"74259";"3199";"PLU";"COM";"2019-05-08 22:00:00+00:00";"2015-12-01 23:00:00+00:00";"39";"74";"84";"2021";"NON";"NON";"74259";"";"";"";"2021-10-06";"146097";""
"74260";"3199";"PLU";"COM";"2020-11-11 23:00:00+00:00";"2015-05-20 22:00:00+00:00";"39";"74";"84";"2021";"NON";"NON";"74260";"";"";"";"2021-10-06";"145910";""
"74261";"3199";"PLU";"COM";"2020-01-28 23:00:00+00:00";"2015-02-25 23:00:00+00:00";"39";"74";"84";"2021";"NON";"NON";"74261";"";"";"";"2021-10-06";"145911";""
"74262";"3199";"PLU";"COM";"2017-03-15 23:00:00+00:00";"2012-03-28 22:00:00+00:00";"39";"74";"84";"2021";"NON";"NON";"74262";"";"";"";"2021-10-06";"119310";""
"74263";"3332";"PLUi/PLUiS";"CA";"2020-02-24 23:00:00+00:00";"2015-12-16 23:00:00+00:00";"33";"74";"84";"2021";"OUI";"NON";"200067551";"";"";"";"2021-10-06";"145018";""
"74264";"3199";"PLU";"COM";"2003-06-25 22:00:00+00:00";"1987-12-27 23:00:00+00:00";"39";"74";"84";"2021";"NON";"NON";"74264";"";"";"";"2021-10-06";"54551";""
"74265";"3199";"PLU";"COM";"2020-03-01 23:00:00+00:00";"2016-05-18 22:00:00+00:00";"39";"74";"84";"2021";"NON";"NON";"74265";"";"";"";"2021-10-06";"149776";""
"74266";"3434";"PLU";"CC";"2009-01-26 23:00:00+00:00";"2002-06-25 22:00:00+00:00";"33";"74";"84";"2021";"NON";"NON";"74266";"";"";"";"2021-10-06";"54544";""
"74267";"3432";"PLU";"CA";"2013-12-15 23:00:00+00:00";"2011-01-03 23:00:00+00:00";"33";"74";"84";"2021";"NON";"NON";"200066793";"";"";"";"2021-10-06";"96005";""
"74269";"3399";"PLUi/PLUiS";"CC";"2020-02-24 23:00:00+00:00";"2015-11-09 23:00:00+00:00";"39";"74";"84";"2021";"OUI";"NON";"200070852";"";"";"";"2021-10-06";"143205";""
"74271";"1432";"CC";"CC";"2002-01-10 23:00:00+00:00";"2001-06-14 22:00:00+00:00";"13";"74";"84";"2021";"NON";"NON";"247400682";"";"";"";"2021-10-06";"68523";""
"74272";"3199";"PLU";"COM";"2013-10-17 22:00:00+00:00";"2008-05-22 22:00:00+00:00";"39";"74";"84";"2021";"NON";"NON";"74272";"";"";"";"2021-10-06";"64646";""
"74273";"3199";"PLU";"COM";"2018-02-07 23:00:00+00:00";"2013-04-10 22:00:00+00:00";"39";"74";"84";"2021";"NON";"NON";"74273";"";"";"";"2021-10-06";"136423";""
"74275";"3432";"PLU";"CA";"2018-11-14 23:00:00+00:00";"2015-09-23 22:00:00+00:00";"33";"74";"84";"2021";"NON";"NON";"200066793";"";"";"";"2021-10-06";"145918";""
"74278";"3199";"PLU";"COM";"2018-02-25 23:00:00+00:00";"2015-07-08 22:00:00+00:00";"39";"74";"84";"2021";"NON";"NON";"74278";"";"";"";"2021-10-06";"145922";""
"74279";"3199";"PLU";"COM";"2019-06-05 22:00:00+00:00";"2016-05-25 22:00:00+00:00";"39";"74";"84";"2021";"NON";"NON";"74279";"";"";"";"2021-10-06";"149775";""
"74280";"3199";"PLU";"COM";"2017-03-14 23:00:00+00:00";"2014-12-01 23:00:00+00:00";"39";"74";"84";"2021";"NON";"NON";"74280";"";"";"";"2021-10-06";"136432";""
"74281";"3432";"PLU";"CA";"2013-12-17 23:00:00+00:00";"2008-07-29 22:00:00+00:00";"33";"74";"84";"2021";"NON";"NON";"200067551";"";"";"";"2021-10-06";"64651";""
"74282";"3432";"PLU";"CA";"2019-12-18 23:00:00+00:00";"2016-10-04 22:00:00+00:00";"33";"74";"84";"2021";"NON";"NON";"200066793";"";"";"";"2021-10-06";"151125";""
"74283";"3299";"PLUi/PLUiS";"CC";"2020-02-02 23:00:00+00:00";"2015-03-22 23:00:00+00:00";"39";"74";"84";"2021";"NON";"OUI";"247400740";"";"";"";"2021-10-06";"145006";""
"74284";"3199";"PLU";"COM";"2021-01-06 23:00:00+00:00";"2016-11-30 23:00:00+00:00";"39";"74";"84";"2021";"NON";"NON";"74284";"";"";"";"2021-10-06";"155070";""
"74285";"3399";"PLUi/PLUiS";"CC";"2020-02-24 23:00:00+00:00";"2015-11-09 23:00:00+00:00";"39";"74";"84";"2021";"OUI";"NON";"200070852";"";"";"";"2021-10-06";"143205";""
"74286";"3199";"PLU";"COM";"2008-07-16 22:00:00+00:00";"2003-06-04 22:00:00+00:00";"39";"74";"84";"2021";"NON";"NON";"74286";"";"";"";"2021-10-06";"54549";""
"74287";"1432";"CC";"CC";"2006-03-29 22:00:00+00:00";"2004-07-22 22:00:00+00:00";"13";"74";"84";"2021";"NON";"NON";"247400682";"";"";"";"2021-10-06";"68524";""
"74288";"3199";"PLU";"COM";"2017-12-20 23:00:00+00:00";"2014-06-19 22:00:00+00:00";"39";"74";"84";"2021";"NON";"NON";"74288";"";"";"";"2021-10-06";"136439";""
"74289";"3299";"PLUi/PLUiS";"CC";"2020-02-02 23:00:00+00:00";"2015-03-22 23:00:00+00:00";"39";"74";"84";"2021";"NON";"OUI";"247400740";"";"";"";"2021-10-06";"145006";""
"74290";"3499";"PLU";"CC";"2020-02-24 23:00:00+00:00";"2015-04-12 22:00:00+00:00";"39";"74";"84";"2021";"NON";"NON";"74290";"";"";"";"2021-10-06";"145930";""
"74291";"3399";"PLUi/PLUiS";"CC";"2020-02-24 23:00:00+00:00";"2015-10-26 23:00:00+00:00";"39";"74";"84";"2021";"OUI";"NON";"200070852";"";"";"";"2021-10-06";"145014";""
"74292";"3299";"PLUi/PLUiS";"CC";"2020-02-02 23:00:00+00:00";"2015-03-22 23:00:00+00:00";"39";"74";"84";"2021";"NON";"OUI";"247400740";"";"";"";"2021-10-06";"145006";""
"74293";"3332";"PLUi/PLUiS";"CA";"2020-02-24 23:00:00+00:00";"2015-12-16 23:00:00+00:00";"33";"74";"84";"2021";"OUI";"NON";"200067551";"";"";"";"2021-10-06";"145018";""
"74294";"3131";"PLU";"COM";"2005-02-14 23:00:00+00:00";"2005-02-14 23:00:00+00:00";"33";"74";"84";"2021";"NON";"NON";"74294";"";"";"";"2021-10-06";"59475";""
"74296";"3199";"PLU";"COM";"2016-07-25 22:00:00+00:00";"2011-09-05 22:00:00+00:00";"39";"74";"84";"2021";"NON";"NON";"74296";"";"";"";"2021-10-06";"96063";""
"74297";"3299";"PLUi/PLUiS";"CC";"2020-02-02 23:00:00+00:00";"2015-03-22 23:00:00+00:00";"39";"74";"84";"2021";"NON";"OUI";"247400740";"";"";"";"2021-10-06";"145006";""
"74298";"3199";"PLU";"COM";"2015-12-06 23:00:00+00:00";"2010-03-15 23:00:00+00:00";"39";"74";"84";"2021";"NON";"NON";"74298";"";"";"";"2021-10-06";"63143";""
"74299";"3432";"PLU";"CA";"2017-11-15 23:00:00+00:00";"2014-07-06 22:00:00+00:00";"33";"74";"84";"2021";"NON";"NON";"200066793";"";"";"";"2021-10-06";"136448";""
"74301";"3199";"PLU";"COM";"2019-07-01 22:00:00+00:00";"2014-02-20 23:00:00+00:00";"39";"74";"84";"2021";"NON";"NON";"74301";"";"";"";"2021-10-06";"136449";""
"74302";"3199";"PLU";"COM";"2020-03-04 23:00:00+00:00";"2013-06-05 22:00:00+00:00";"39";"74";"84";"2021";"NON";"NON";"74302";"";"";"";"2021-10-06";"136038";""
"74303";"3432";"PLU";"CA";"2020-02-19 23:00:00+00:00";"2016-03-20 23:00:00+00:00";"33";"74";"84";"2021";"NON";"NON";"200066793";"";"";"";"2021-10-06";"147538";""
"74304";"3199";"PLU";"COM";"2020-02-23 23:00:00+00:00";"2015-12-08 23:00:00+00:00";"39";"74";"84";"2021";"NON";"NON";"74304";"";"";"";"2021-10-06";"145938";""
"74305";"3131";"PLU";"COM";"2006-11-12 23:00:00+00:00";"2004-12-12 23:00:00+00:00";"33";"74";"84";"2021";"NON";"NON";"74305";"";"";"";"2021-10-06";"54556";""
"74306";"3199";"PLU";"COM";"2019-10-16 22:00:00+00:00";"2014-11-26 23:00:00+00:00";"39";"74";"84";"2021";"NON";"NON";"74306";"";"";"";"2021-10-06";"136457";""
"74307";"3199";"PLU";"COM";"2017-01-23 23:00:00+00:00";"2014-07-23 22:00:00+00:00";"39";"74";"84";"2021";"NON";"NON";"74307";"";"";"";"2021-10-06";"136458";""
"74308";"3199";"PLU";"COM";"2018-04-26 22:00:00+00:00";"2014-10-03 22:00:00+00:00";"39";"74";"84";"2021";"NON";"NON";"74308";"";"";"";"2021-10-06";"136460";""
"74309";"3199";"PLU";"COM";"2020-01-27 23:00:00+00:00";"2015-08-18 22:00:00+00:00";"39";"74";"84";"2021";"NON";"NON";"74309";"";"";"";"2021-10-06";"145941";""
"74310";"3332";"PLUi/PLUiS";"CA";"2018-03-28 22:00:00+00:00";"2013-12-01 23:00:00+00:00";"33";"74";"84";"2021";"OUI";"NON";"200066793";"";"";"";"2021-10-06";"127563";""
"74311";"3199";"PLU";"COM";"2017-04-19 22:00:00+00:00";"2008-09-02 22:00:00+00:00";"39";"74";"84";"2021";"NON";"NON";"74311";"";"";"";"2021-10-06";"63146";""
"74312";"3199";"PLU";"COM";"2016-05-17 22:00:00+00:00";"2012-05-29 22:00:00+00:00";"39";"74";"84";"2021";"NON";"NON";"74312";"";"";"";"2021-10-06";"119528";""
"74313";"3199";"PLU";"COM";"2019-04-10 22:00:00+00:00";"2015-12-06 23:00:00+00:00";"39";"74";"84";"2021";"NON";"NON";"74313";"";"";"";"2021-10-06";"146099";""
"74314";"3199";"PLU";"COM";"2019-03-19 23:00:00+00:00";"2015-05-19 22:00:00+00:00";"39";"74";"84";"2021";"NON";"NON";"74314";"";"";"";"2021-10-06";"145945";""
"74315";"3332";"PLUi/PLUiS";"CA";"2020-02-24 23:00:00+00:00";"2015-12-16 23:00:00+00:00";"33";"74";"84";"2021";"OUI";"NON";"200067551";"";"";"";"2021-10-06";"145018";""
"75056";"3131";"PLU";"COM";"2006-06-12 22:00:00+00:00";"2001-10-22 22:00:00+00:00";"33";"75";"11";"2021";"NON";"NON";"75056";"";"";"";"2021-10-06";"56750";""
"76001";"3299";"PLUi/PLUiS";"CC";"2020-10-14 22:00:00+00:00";"2015-12-16 23:00:00+00:00";"39";"76";"28";"2021";"NON";"OUI";"76001";"";"";"";"2021-10-06";"145665";""
"76002";"3432";"PLU";"CA";"2009-09-27 22:00:00+00:00";"2005-06-26 22:00:00+00:00";"33";"76";"28";"2021";"NON";"NON";"200010700";"";"";"";"2021-10-06";"78786";""
"76005";"3299";"PLUi/PLUiS";"MET";"2020-02-12 23:00:00+00:00";"2015-10-11 22:00:00+00:00";"39";"76";"28";"2021";"NON";"OUI";"200023414";"";"";"";"2021-10-06";"141735";""
"76006";"1199";"CC";"COM";"2010-12-15 23:00:00+00:00";"2005-06-23 22:00:00+00:00";"19";"76";"28";"2021";"NON";"NON";"76006";"";"";"";"2021-10-06";"69980";""
"76007";"3499";"PLU";"CC";"2015-12-04 23:00:00+00:00";"2009-02-10 23:00:00+00:00";"39";"76";"28";"2021";"NON";"NON";"200070449";"";"";"";"2021-10-06";"64654";""
"76010";"1199";"CC";"COM";"2013-02-27 23:00:00+00:00";"2009-01-28 23:00:00+00:00";"19";"76";"28";"2021";"NON";"NON";"76010";"";"";"";"2021-10-06";"80998";""
"76011";"3299";"PLUi/PLUiS";"CA";"2019-12-17 23:00:00+00:00";"2015-06-25 22:00:00+00:00";"39";"76";"28";"2021";"NON";"OUI";"200069821";"";"";"";"2021-10-06";"140643";""
"76013";"3299";"PLUi/PLUiS";"CA";"2019-12-17 23:00:00+00:00";"2015-06-25 22:00:00+00:00";"39";"76";"28";"2021";"NON";"OUI";"200069821";"";"";"";"2021-10-06";"140643";""
"76015";"3499";"PLU";"CC";"2013-06-20 22:00:00+00:00";"2005-07-28 22:00:00+00:00";"39";"76";"28";"2021";"NON";"NON";"200069839";"";"";"";"2021-10-06";"63145";""
"76017";"3432";"PLU";"CU";"2012-02-27 23:00:00+00:00";"2005-03-07 23:00:00+00:00";"33";"76";"28";"2021";"NON";"NON";"200084952";"";"";"";"2021-10-06";"49859";""
"76018";"3432";"PLU";"CC";"2013-12-08 23:00:00+00:00";"2008-11-02 23:00:00+00:00";"33";"76";"28";"2021";"NON";"NON";"200068534";"";"";"";"2021-10-06";"91039";""
"76020";"3299";"PLUi/PLUiS";"MET";"2020-02-12 23:00:00+00:00";"2015-10-11 22:00:00+00:00";"39";"76";"28";"2021";"NON";"OUI";"200023414";"";"";"";"2021-10-06";"141735";""
"76022";"1432";"CC";"CA";"2018-02-18 23:00:00+00:00";"2016-06-09 22:00:00+00:00";"13";"76";"28";"2021";"NON";"NON";"200010700";"";"";"";"2021-10-06";"149311";""
"76023";"1199";"CC";"COM";"2008-05-15 22:00:00+00:00";"2002-03-31 22:00:00+00:00";"19";"76";"28";"2021";"NON";"NON";"76023";"";"";"";"2021-10-06";"68525";""
"76026";"3199";"PLU";"COM";"2017-12-17 23:00:00+00:00";"2013-11-03 23:00:00+00:00";"39";"76";"28";"2021";"NON";"NON";"76026";"";"";"";"2021-10-06";"141752";""
"76032";"1499";"CC";"CC";"2016-04-26 22:00:00+00:00";"2005-05-02 22:00:00+00:00";"19";"76";"28";"2021";"NON";"NON";"200069839";"";"";"";"2021-10-06";"66437";""
"76034";"1432";"CC";"CC";"2013-09-18 22:00:00+00:00";"2009-05-26 22:00:00+00:00";"13";"76";"28";"2021";"NON";"NON";"200068534";"";"";"";"2021-10-06";"66637";""
"76038";"1499";"CC";"CC";"2017-09-10 22:00:00+00:00";"2010-10-17 22:00:00+00:00";"19";"76";"28";"2021";"NON";"NON";"200070449";"";"";"";"2021-10-06";"81058";""
"76039";"3299";"PLUi/PLUiS";"MET";"2020-02-12 23:00:00+00:00";"2015-10-11 22:00:00+00:00";"39";"76";"28";"2021";"NON";"OUI";"200023414";"";"";"";"2021-10-06";"141735";""
"76040";"3499";"PLU";"CC";"2021-01-19 23:00:00+00:00";"2015-02-25 23:00:00+00:00";"39";"76";"28";"2021";"NON";"NON";"200069839";"";"";"";"2021-10-06";"139793";""
"76041";"3299";"PLUi/PLUiS";"CC";"2020-10-14 22:00:00+00:00";"2015-12-16 23:00:00+00:00";"39";"76";"28";"2021";"NON";"OUI";"76041";"";"";"";"2021-10-06";"145665";""
"76042";"1199";"CC";"COM";"2005-06-02 22:00:00+00:00";"2003-05-23 22:00:00+00:00";"19";"76";"28";"2021";"NON";"NON";"76042";"";"";"";"2021-10-06";"68526";""
"76043";"3299";"PLUi/PLUiS";"CC";"2020-10-14 22:00:00+00:00";"2015-12-16 23:00:00+00:00";"39";"76";"28";"2021";"NON";"OUI";"76043";"";"";"";"2021-10-06";"145665";""
"76046";"3399";"PLUi/PLUiS";"CC";"2021-04-11 22:00:00+00:00";"2015-09-16 22:00:00+00:00";"39";"76";"28";"2021";"OUI";"NON";"200070449";"";"";"";"2021-10-06";"143084";""
"76051";"3432";"PLU";"CC";"2016-12-11 23:00:00+00:00";"2011-11-27 23:00:00+00:00";"33";"76";"28";"2021";"NON";"NON";"200068534";"";"";"";"2021-10-06";"65596";""
"76054";"1432";"CC";"CC";"2005-06-13 22:00:00+00:00";"2002-02-14 23:00:00+00:00";"13";"76";"28";"2021";"NON";"NON";"76054";"";"";"";"2021-10-06";"68527";""
"76055";"3299";"PLUi/PLUiS";"CC";"2020-10-14 22:00:00+00:00";"2015-12-16 23:00:00+00:00";"39";"76";"28";"2021";"NON";"OUI";"76055";"";"";"";"2021-10-06";"145665";""
"76056";"3299";"PLUi/PLUiS";"MET";"2020-02-12 23:00:00+00:00";"2015-10-11 22:00:00+00:00";"39";"76";"28";"2021";"NON";"OUI";"200023414";"";"";"";"2021-10-06";"141735";""
"76057";"3432";"PLU";"CC";"2012-12-19 23:00:00+00:00";"2004-12-01 23:00:00+00:00";"33";"76";"28";"2021";"NON";"NON";"247600646";"";"";"";"2021-10-06";"63149";""
"76062";"3499";"PLU";"CC";"2016-04-20 22:00:00+00:00";"2012-07-02 22:00:00+00:00";"39";"76";"28";"2021";"NON";"NON";"76062";"";"";"";"2021-10-06";"110010";""
"76064";"3432";"PLU";"CU";"2012-09-20 22:00:00+00:00";"2007-04-27 22:00:00+00:00";"33";"76";"28";"2021";"NON";"NON";"200084952";"";"";"";"2021-10-06";"49861";""
"76065";"1199";"CC";"COM";"2006-04-20 22:00:00+00:00";"2004-04-26 22:00:00+00:00";"19";"76";"28";"2021";"NON";"NON";"76065";"";"";"";"2021-10-06";"68528";""
"76066";"3432";"PLU";"CC";"2019-06-30 22:00:00+00:00";"2014-06-19 22:00:00+00:00";"33";"76";"28";"2021";"NON";"NON";"200068534";"";"";"";"2021-10-06";"158898";""
"76069";"3299";"PLUi/PLUiS";"MET";"2020-02-12 23:00:00+00:00";"2015-10-11 22:00:00+00:00";"39";"76";"28";"2021";"NON";"OUI";"200023414";"";"";"";"2021-10-06";"141735";""
"76077";"1199";"CC";"COM";"2006-09-28 22:00:00+00:00";"2002-04-18 22:00:00+00:00";"19";"76";"28";"2021";"NON";"NON";"76077";"";"";"";"2021-10-06";"68529";""
"76085";"1432";"CC";"CC";"2007-02-22 23:00:00+00:00";"2004-03-29 22:00:00+00:00";"13";"76";"28";"2021";"NON";"NON";"200068534";"";"";"";"2021-10-06";"68530";""
"76086";"1432";"CC";"CC";"2009-10-13 22:00:00+00:00";"2005-02-21 23:00:00+00:00";"13";"76";"28";"2021";"NON";"NON";"200068534";"";"";"";"2021-10-06";"69981";""
"76088";"3299";"PLUi/PLUiS";"MET";"2020-02-12 23:00:00+00:00";"2015-10-11 22:00:00+00:00";"39";"76";"28";"2021";"NON";"OUI";"200023414";"";"";"";"2021-10-06";"141735";""
"76090";"3432";"PLU";"CA";"2007-11-21 23:00:00+00:00";"2003-04-24 22:00:00+00:00";"33";"76";"28";"2021";"NON";"NON";"200010700";"";"";"";"2021-10-06";"63151";""
"76092";"3432";"PLU";"CA";"2014-02-19 23:00:00+00:00";"2008-04-29 22:00:00+00:00";"33";"76";"28";"2021";"NON";"NON";"200010700";"";"";"";"2021-10-06";"63152";""
"76093";"1199";"CC";"COM";"2008-06-09 22:00:00+00:00";"2005-11-15 23:00:00+00:00";"19";"76";"28";"2021";"NON";"NON";"76093";"";"";"";"2021-10-06";"68531";""
"76094";"3499";"PLU";"CC";"2018-11-05 23:00:00+00:00";"2015-06-17 22:00:00+00:00";"39";"76";"28";"2021";"NON";"NON";"200070449";"";"";"";"2021-10-06";"139972";""
"76095";"3299";"PLUi/PLUiS";"MET";"2020-02-12 23:00:00+00:00";"2015-10-11 22:00:00+00:00";"39";"76";"28";"2021";"NON";"OUI";"76095";"";"";"";"2021-10-06";"141735";""
"76099";"3432";"PLU";"CC";"2007-05-23 22:00:00+00:00";"2002-05-28 22:00:00+00:00";"33";"76";"28";"2021";"NON";"NON";"247600646";"";"";"";"2021-10-06";"84492";""
"76101";"3433";"PLU";"CC";"2019-12-02 23:00:00+00:00";"2011-09-26 22:00:00+00:00";"33";"76";"28";"2021";"NON";"NON";"200069722";"";"";"";"2021-10-06";"78505";""
"76103";"3299";"PLUi/PLUiS";"MET";"2020-02-12 23:00:00+00:00";"2015-10-11 22:00:00+00:00";"39";"76";"28";"2021";"NON";"OUI";"200023414";"";"";"";"2021-10-06";"141735";""
"76104";"1499";"CC";"CC";"2017-02-01 23:00:00+00:00";"2005-02-28 23:00:00+00:00";"19";"76";"28";"2021";"NON";"NON";"200069839";"";"";"";"2021-10-06";"148088";""
"76105";"3499";"PLU";"CC";"2013-03-04 23:00:00+00:00";"2005-03-09 23:00:00+00:00";"39";"76";"28";"2021";"NON";"NON";"200070449";"";"";"";"2021-10-06";"63153";""
"76106";"3399";"PLUi/PLUiS";"CC";"2021-04-11 22:00:00+00:00";"2015-09-16 22:00:00+00:00";"39";"76";"28";"2021";"OUI";"NON";"200070449";"";"";"";"2021-10-06";"143084";""
"76107";"3499";"PLU";"CC";"2012-05-21 22:00:00+00:00";"2008-11-06 23:00:00+00:00";"39";"76";"28";"2021";"NON";"NON";"200070449";"";"";"";"2021-10-06";"49864";""
"76108";"3299";"PLUi/PLUiS";"MET";"2020-02-12 23:00:00+00:00";"2015-10-11 22:00:00+00:00";"39";"76";"28";"2021";"NON";"OUI";"200023414";"";"";"";"2021-10-06";"141735";""
"76109";"3434";"PLU";"CC";"2007-03-08 23:00:00+00:00";"2002-11-28 23:00:00+00:00";"33";"76";"28";"2021";"NON";"NON";"200070449";"";"";"";"2021-10-06";"54592";""
"76110";"3299";"PLUi/PLUiS";"CC";"2020-10-14 22:00:00+00:00";"2015-12-16 23:00:00+00:00";"39";"76";"28";"2021";"NON";"OUI";"76110";"";"";"";"2021-10-06";"145665";""
"76111";"3399";"PLUi/PLUiS";"CC";"2021-04-11 22:00:00+00:00";"2015-09-16 22:00:00+00:00";"39";"76";"28";"2021";"OUI";"NON";"200070449";"";"";"";"2021-10-06";"143084";""
"76112";"1432";"CC";"CC";"2012-07-01 22:00:00+00:00";"2005-11-15 23:00:00+00:00";"13";"76";"28";"2021";"NON";"NON";"200068534";"";"";"";"2021-10-06";"66443";""
"76113";"1499";"CC";"CC";"2007-03-28 22:00:00+00:00";"2004-02-04 23:00:00+00:00";"19";"76";"28";"2021";"NON";"NON";"200070449";"";"";"";"2021-10-06";"68532";""
"76114";"3432";"PLU";"CA";"2011-11-29 23:00:00+00:00";"2008-11-04 23:00:00+00:00";"33";"76";"28";"2021";"NON";"NON";"200010700";"";"";"";"2021-10-06";"63154";""
"76115";"3432";"PLU";"CA";"2013-06-27 22:00:00+00:00";"2006-04-09 22:00:00+00:00";"33";"76";"28";"2021";"NON";"NON";"200010700";"";"";"";"2021-10-06";"49865";""
"76116";"3299";"PLUi/PLUiS";"MET";"2020-02-12 23:00:00+00:00";"2015-10-11 22:00:00+00:00";"39";"76";"28";"2021";"NON";"OUI";"200023414";"";"";"";"2021-10-06";"141735";""
"76117";"3432";"PLU";"CU";"2015-10-15 22:00:00+00:00";"2008-12-21 23:00:00+00:00";"33";"76";"28";"2021";"NON";"NON";"76117";"";"";"";"2021-10-06";"84747";""
"76119";"3199";"PLU";"COM";"2010-02-22 23:00:00+00:00";"2005-10-19 22:00:00+00:00";"39";"76";"28";"2021";"NON";"NON";"76119";"";"";"";"2021-10-06";"54595";""
"76120";"1499";"CC";"CC";"2008-09-29 22:00:00+00:00";"2004-12-12 23:00:00+00:00";"19";"76";"28";"2021";"NON";"NON";"200070449";"";"";"";"2021-10-06";"68533";""
"76121";"1499";"CC";"CC";"2010-11-25 23:00:00+00:00";"2006-08-10 22:00:00+00:00";"19";"76";"28";"2021";"NON";"NON";"200070449";"";"";"";"2021-10-06";"81174";""
"76122";"1111";"CC";"COM";"2003-12-18 23:00:00+00:00";"2001-11-14 23:00:00+00:00";"11";"76";"28";"2021";"NON";"NON";"76122";"";"";"";"2021-10-06";"65321";""
"76123";"3499";"PLU";"CC";"2013-04-23 22:00:00+00:00";"2004-12-16 23:00:00+00:00";"39";"76";"28";"2021";"NON";"NON";"200070449";"";"";"";"2021-10-06";"63155";""
"76124";"1199";"CC";"COM";"2009-01-15 23:00:00+00:00";"2005-11-16 23:00:00+00:00";"19";"76";"28";"2021";"NON";"NON";"76124";"";"";"";"2021-10-06";"69983";""
"76125";"3499";"PLU";"CC";"2016-07-10 22:00:00+00:00";"2010-10-17 22:00:00+00:00";"39";"76";"28";"2021";"NON";"NON";"76125";"";"";"";"2021-10-06";"120648";""
"76126";"1199";"CC";"COM";"2008-12-23 23:00:00+00:00";"2004-04-29 22:00:00+00:00";"19";"76";"28";"2021";"NON";"NON";"76126";"";"";"";"2021-10-06";"68534";""
"76130";"1199";"CC";"COM";"2007-08-15 22:00:00+00:00";"2002-07-02 22:00:00+00:00";"19";"76";"28";"2021";"NON";"NON";"76130";"";"";"";"2021-10-06";"68536";""
"76131";"3299";"PLUi/PLUiS";"MET";"2020-02-12 23:00:00+00:00";"2015-10-11 22:00:00+00:00";"39";"76";"28";"2021";"NON";"OUI";"200023414";"";"";"";"2021-10-06";"141735";""
"76133";"1499";"CC";"CC";"2008-04-22 22:00:00+00:00";"2005-10-20 22:00:00+00:00";"19";"76";"28";"2021";"NON";"NON";"200069839";"";"";"";"2021-10-06";"81171";""
"76135";"1432";"CC";"CC";"2005-02-22 23:00:00+00:00";"2003-03-05 23:00:00+00:00";"13";"76";"28";"2021";"NON";"NON";"247600646";"";"";"";"2021-10-06";"68538";""
"76141";"3432";"PLU";"CC";"2012-03-20 23:00:00+00:00";"2005-08-29 22:00:00+00:00";"33";"76";"28";"2021";"NON";"NON";"247600505";"";"";"";"2021-10-06";"78780";""
"76142";"1199";"CC";"COM";"2007-08-19 22:00:00+00:00";"2002-12-12 23:00:00+00:00";"19";"76";"28";"2021";"NON";"NON";"76142";"";"";"";"2021-10-06";"68539";""
"76143";"3432";"PLU";"CC";"2017-04-02 22:00:00+00:00";"2004-07-07 22:00:00+00:00";"33";"76";"28";"2021";"NON";"NON";"247600505";"";"";"";"2021-10-06";"63162";""
"76146";"3199";"PLU";"COM";"2009-04-26 22:00:00+00:00";"2002-02-25 23:00:00+00:00";"39";"76";"28";"2021";"NON";"NON";"200070449";"";"";"";"2021-10-06";"85196";""
"76149";"1199";"CC";"COM";"2011-08-24 22:00:00+00:00";"2004-01-26 23:00:00+00:00";"19";"76";"28";"2021";"NON";"NON";"76149";"";"";"";"2021-10-06";"66447";""
"76152";"3499";"PLU";"CC";"2016-12-18 23:00:00+00:00";"2004-09-16 22:00:00+00:00";"39";"76";"28";"2021";"NON";"NON";"200070449";"";"";"";"2021-10-06";"106894";""
"76153";"1432";"CC";"CC";"2011-12-11 23:00:00+00:00";"2006-11-08 23:00:00+00:00";"13";"76";"28";"2021";"NON";"NON";"200068534";"";"";"";"2021-10-06";"66448";""
"76157";"3299";"PLUi/PLUiS";"MET";"2020-02-12 23:00:00+00:00";"2015-10-11 22:00:00+00:00";"39";"76";"28";"2021";"NON";"OUI";"200023414";"";"";"";"2021-10-06";"141735";""
"76158";"3199";"PLU";"COM";"2011-09-06 22:00:00+00:00";"2008-10-28 23:00:00+00:00";"39";"76";"28";"2021";"NON";"NON";"76158";"";"";"";"2021-10-06";"49868";""
"76159";"3499";"PLU";"CC";"2014-11-12 23:00:00+00:00";"2009-11-08 23:00:00+00:00";"39";"76";"28";"2021";"NON";"NON";"200069839";"";"";"";"2021-10-06";"63164";""
"76160";"3299";"PLUi/PLUiS";"CC";"2020-10-14 22:00:00+00:00";"2015-12-16 23:00:00+00:00";"39";"76";"28";"2021";"NON";"OUI";"247600620";"";"";"";"2021-10-06";"145665";""
"76163";"3499";"PLU";"CC";"2013-06-05 22:00:00+00:00";"2005-10-06 22:00:00+00:00";"39";"76";"28";"2021";"NON";"NON";"200070449";"";"";"";"2021-10-06";"63160";""
"76164";"3432";"PLU";"CA";"2017-12-18 23:00:00+00:00";"2011-12-15 23:00:00+00:00";"33";"76";"28";"2021";"NON";"NON";"200010700";"";"";"";"2021-10-06";"100438";""
"76165";"3299";"PLUi/PLUiS";"MET";"2020-02-12 23:00:00+00:00";"2015-10-11 22:00:00+00:00";"39";"76";"28";"2021";"NON";"OUI";"200023414";"";"";"";"2021-10-06";"141735";""
"76167";"3432";"PLU";"CU";"2017-05-08 22:00:00+00:00";"2012-03-21 23:00:00+00:00";"33";"76";"28";"2021";"NON";"NON";"200084952";"";"";"";"2021-10-06";"105496";""
"76169";"3432";"PLU";"CU";"2018-11-25 23:00:00+00:00";"2010-12-08 23:00:00+00:00";"33";"76";"28";"2021";"NON";"NON";"200084952";"";"";"";"2021-10-06";"63165";""
"76170";"1432";"CC";"CC";"2013-09-03 22:00:00+00:00";"2011-06-28 22:00:00+00:00";"13";"76";"28";"2021";"NON";"NON";"200068534";"";"";"";"2021-10-06";"66450";""
"76173";"1432";"CC";"CC";"2013-02-06 23:00:00+00:00";"2011-04-25 22:00:00+00:00";"13";"76";"28";"2021";"NON";"NON";"200068534";"";"";"";"2021-10-06";"81272";""
"76177";"3499";"PLU";"CC";"2019-06-23 22:00:00+00:00";"2012-10-01 22:00:00+00:00";"39";"76";"28";"2021";"NON";"NON";"200070449";"";"";"";"2021-10-06";"113098";""
"76178";"3299";"PLUi/PLUiS";"MET";"2020-02-12 23:00:00+00:00";"2015-10-11 22:00:00+00:00";"39";"76";"28";"2021";"NON";"OUI";"200023414";"";"";"";"2021-10-06";"141735";""
"76179";"3499";"PLU";"CC";"2016-12-18 23:00:00+00:00";"2009-03-29 22:00:00+00:00";"39";"76";"28";"2021";"NON";"NON";"200070449";"";"";"";"2021-10-06";"63166";""
"76181";"3432";"PLU";"CA";"2017-12-18 23:00:00+00:00";"2013-02-28 23:00:00+00:00";"33";"76";"28";"2021";"NON";"NON";"200010700";"";"";"";"2021-10-06";"133747";""
"76182";"3432";"PLU";"CA";"2017-12-18 23:00:00+00:00";"2013-03-27 23:00:00+00:00";"33";"76";"28";"2021";"NON";"NON";"200010700";"";"";"";"2021-10-06";"121095";""
"76183";"3299";"PLUi/PLUiS";"CA";"2019-12-17 23:00:00+00:00";"2015-06-25 22:00:00+00:00";"39";"76";"28";"2021";"NON";"OUI";"200069821";"";"";"";"2021-10-06";"140643";""
"76185";"1199";"CC";"COM";"2006-05-28 22:00:00+00:00";"2003-12-12 23:00:00+00:00";"19";"76";"28";"2021";"NON";"NON";"76185";"";"";"";"2021-10-06";"68540";""
"76186";"1499";"CC";"CC";"2021-02-23 23:00:00+00:00";"2018-06-19 22:00:00+00:00";"19";"76";"28";"2021";"NON";"NON";"200069722";"";"";"";"2021-10-06";"163490";""
"76187";"3299";"PLUi/PLUiS";"CA";"2019-12-17 23:00:00+00:00";"2015-06-25 22:00:00+00:00";"39";"76";"28";"2021";"NON";"OUI";"200069821";"";"";"";"2021-10-06";"140643";""
"76192";"3432";"PLU";"CC";"2008-02-27 23:00:00+00:00";"2002-02-13 23:00:00+00:00";"33";"76";"28";"2021";"NON";"NON";"247600588";"";"";"";"2021-10-06";"85798";""
"76194";"3299";"PLUi/PLUiS";"CA";"2019-12-17 23:00:00+00:00";"2015-06-25 22:00:00+00:00";"39";"76";"28";"2021";"NON";"OUI";"200069821";"";"";"";"2021-10-06";"140643";""
"76196";"3432";"PLU";"CU";"2017-12-06 23:00:00+00:00";"2014-06-04 22:00:00+00:00";"33";"76";"28";"2021";"NON";"NON";"200084952";"";"";"";"2021-10-06";"130591";""
"76197";"3432";"PLU";"CC";"2019-06-30 22:00:00+00:00";"2007-09-16 22:00:00+00:00";"33";"76";"28";"2021";"NON";"NON";"200068534";"";"";"";"2021-10-06";"49870";""
"76198";"3199";"PLU";"COM";"2015-06-17 22:00:00+00:00";"2008-10-28 23:00:00+00:00";"39";"76";"28";"2021";"NON";"NON";"76198";"";"";"";"2021-10-06";"66455";""
"76200";"3199";"PLU";"COM";"2006-03-30 22:00:00+00:00";"2002-09-26 22:00:00+00:00";"39";"76";"28";"2021";"NON";"NON";"76200";"";"";"";"2021-10-06";"86307";""
"76203";"3299";"PLUi/PLUiS";"CC";"2020-10-14 22:00:00+00:00";"2015-12-16 23:00:00+00:00";"39";"76";"28";"2021";"NON";"OUI";"247600620";"";"";"";"2021-10-06";"145665";""
"76206";"1432";"CC";"CU";"2011-09-11 22:00:00+00:00";"2008-11-03 23:00:00+00:00";"13";"76";"28";"2021";"NON";"NON";"200084952";"";"";"";"2021-10-06";"81293";""
"76208";"1111";"CC";"COM";"2009-06-14 22:00:00+00:00";"2005-02-10 23:00:00+00:00";"11";"76";"28";"2021";"NON";"NON";"76208";"";"";"";"2021-10-06";"66456";""
"76209";"1199";"CC";"COM";"2007-08-15 22:00:00+00:00";"2003-12-31 23:00:00+00:00";"19";"76";"28";"2021";"NON";"NON";"76209";"";"";"";"2021-10-06";"68541";""
"76212";"3299";"PLUi/PLUiS";"MET";"2020-02-12 23:00:00+00:00";"2015-10-11 22:00:00+00:00";"39";"76";"28";"2021";"NON";"OUI";"200023414";"";"";"";"2021-10-06";"141735";""
"76216";"3299";"PLUi/PLUiS";"MET";"2020-02-12 23:00:00+00:00";"2015-10-11 22:00:00+00:00";"39";"76";"28";"2021";"NON";"OUI";"200023414";"";"";"";"2021-10-06";"141735";""
"76217";"3131";"PLU";"COM";"2014-01-21 23:00:00+00:00";"2006-02-01 23:00:00+00:00";"33";"76";"28";"2021";"NON";"NON";"76217";"";"";"";"2021-10-06";"63167";""
"76219";"3199";"PLU";"COM";"2017-02-27 23:00:00+00:00";"2013-12-18 23:00:00+00:00";"39";"76";"28";"2021";"NON";"NON";"76219";"";"";"";"2021-10-06";"128762";""
"76220";"1432";"CC";"CC";"2008-09-07 22:00:00+00:00";"2005-03-10 23:00:00+00:00";"13";"76";"28";"2021";"NON";"NON";"76220";"";"";"";"2021-10-06";"70017";""
"76222";"3299";"PLUi/PLUiS";"MET";"2020-02-12 23:00:00+00:00";"2015-10-11 22:00:00+00:00";"39";"76";"28";"2021";"NON";"OUI";"200023414";"";"";"";"2021-10-06";"141735";""
"76223";"3299";"PLUi/PLUiS";"CC";"2020-10-14 22:00:00+00:00";"2015-12-16 23:00:00+00:00";"39";"76";"28";"2021";"NON";"OUI";"247600620";"";"";"";"2021-10-06";"145665";""
"76225";"3299";"PLUi/PLUiS";"CC";"2020-10-14 22:00:00+00:00";"2015-12-16 23:00:00+00:00";"39";"76";"28";"2021";"NON";"OUI";"76225";"";"";"";"2021-10-06";"145665";""
"76226";"3299";"PLUi/PLUiS";"CA";"2019-12-17 23:00:00+00:00";"2015-06-25 22:00:00+00:00";"39";"76";"28";"2021";"NON";"OUI";"200069821";"";"";"";"2021-10-06";"140643";""
"76228";"3199";"PLU";"COM";"2017-09-10 22:00:00+00:00";"2012-12-19 23:00:00+00:00";"39";"76";"28";"2021";"NON";"NON";"76228";"";"";"";"2021-10-06";"118137";""
"76229";"1111";"CC";"COM";"2008-07-09 22:00:00+00:00";"2003-12-31 23:00:00+00:00";"11";"76";"28";"2021";"NON";"NON";"76229";"";"";"";"2021-10-06";"68544";""
"76230";"3399";"PLUi/PLUiS";"CC";"2021-04-11 22:00:00+00:00";"2015-09-16 22:00:00+00:00";"39";"76";"28";"2021";"OUI";"NON";"200070449";"";"";"";"2021-10-06";"143084";""
"76231";"3299";"PLUi/PLUiS";"MET";"2020-02-12 23:00:00+00:00";"2015-10-11 22:00:00+00:00";"39";"76";"28";"2021";"NON";"OUI";"200023414";"";"";"";"2021-10-06";"141735";""
"76232";"3299";"PLUi/PLUiS";"CA";"2019-12-17 23:00:00+00:00";"2015-06-25 22:00:00+00:00";"39";"76";"28";"2021";"NON";"OUI";"200069821";"";"";"";"2021-10-06";"140643";""
"76234";"3432";"PLU";"CC";"2010-06-17 22:00:00+00:00";"2004-12-16 23:00:00+00:00";"33";"76";"28";"2021";"NON";"NON";"247600646";"";"";"";"2021-10-06";"86697";""
"76235";"3432";"PLU";"CC";"2017-09-24 22:00:00+00:00";"2011-11-20 23:00:00+00:00";"33";"76";"28";"2021";"NON";"NON";"76235";"";"";"";"2021-10-06";"91028";""
"76236";"3432";"PLU";"CA";"2017-12-18 23:00:00+00:00";"2013-03-28 23:00:00+00:00";"33";"76";"28";"2021";"NON";"NON";"200010700";"";"";"";"2021-10-06";"121097";""
"76237";"3299";"PLUi/PLUiS";"MET";"2020-02-12 23:00:00+00:00";"2015-10-11 22:00:00+00:00";"39";"76";"28";"2021";"NON";"OUI";"200023414";"";"";"";"2021-10-06";"141735";""
"76238";"3432";"PLU";"CU";"2013-12-16 23:00:00+00:00";"2007-05-28 22:00:00+00:00";"33";"76";"28";"2021";"NON";"NON";"200084952";"";"";"";"2021-10-06";"63169";""
"76240";"3299";"PLUi/PLUiS";"CA";"2019-12-17 23:00:00+00:00";"2015-06-25 22:00:00+00:00";"39";"76";"28";"2021";"NON";"OUI";"200069821";"";"";"";"2021-10-06";"140643";""
"76241";"1499";"CC";"CC";"2013-10-19 22:00:00+00:00";"2009-01-12 23:00:00+00:00";"19";"76";"28";"2021";"NON";"NON";"200069839";"";"";"";"2021-10-06";"67203";""
"76242";"1199";"CC";"COM";"2008-09-21 22:00:00+00:00";"2005-10-12 22:00:00+00:00";"19";"76";"28";"2021";"NON";"NON";"76242";"";"";"";"2021-10-06";"68546";""
"76243";"3499";"PLU";"CC";"2013-06-24 22:00:00+00:00";"2009-07-27 22:00:00+00:00";"39";"76";"28";"2021";"NON";"NON";"200070449";"";"";"";"2021-10-06";"50475";""
"76244";"1199";"CC";"COM";"2006-10-03 22:00:00+00:00";"2002-06-26 22:00:00+00:00";"19";"76";"28";"2021";"NON";"NON";"76244";"";"";"";"2021-10-06";"68547";""
"76245";"3499";"PLU";"CC";"2009-11-25 23:00:00+00:00";"2002-02-21 23:00:00+00:00";"39";"76";"28";"2021";"NON";"NON";"200070449";"";"";"";"2021-10-06";"86890";""
"76247";"3499";"PLU";"CC";"2013-12-19 23:00:00+00:00";"2009-11-26 23:00:00+00:00";"39";"76";"28";"2021";"NON";"NON";"200070449";"";"";"";"2021-10-06";"81353";""
"76249";"1432";"CC";"CC";"2003-12-29 23:00:00+00:00";"2001-04-10 22:00:00+00:00";"13";"76";"28";"2021";"NON";"NON";"200068534";"";"";"";"2021-10-06";"68548";""
"76252";"3432";"PLU";"CC";"2007-09-09 22:00:00+00:00";"2002-06-12 22:00:00+00:00";"33";"76";"28";"2021";"NON";"NON";"76252";"";"";"";"2021-10-06";"86933";""
"76254";"3432";"PLU";"CU";"2016-06-21 22:00:00+00:00";"2012-07-09 22:00:00+00:00";"33";"76";"28";"2021";"NON";"NON";"200084952";"";"";"";"2021-10-06";"63171";""
"76255";"3432";"PLU";"CC";"2013-06-27 22:00:00+00:00";"2003-09-21 22:00:00+00:00";"33";"76";"28";"2021";"NON";"NON";"76255";"";"";"";"2021-10-06";"63172";""
"76258";"3432";"PLU";"CA";"2018-06-25 22:00:00+00:00";"2013-03-24 23:00:00+00:00";"33";"76";"28";"2021";"NON";"NON";"200010700";"";"";"";"2021-10-06";"121098";""
"76259";"3299";"PLUi/PLUiS";"CA";"2019-12-17 23:00:00+00:00";"2015-06-25 22:00:00+00:00";"39";"76";"28";"2021";"NON";"OUI";"200069821";"";"";"";"2021-10-06";"140643";""
"76262";"1199";"CC";"COM";"2006-04-25 22:00:00+00:00";"2002-05-26 22:00:00+00:00";"19";"76";"28";"2021";"NON";"NON";"76262";"";"";"";"2021-10-06";"68549";""
"76263";"3199";"PLU";"COM";"2018-06-17 22:00:00+00:00";"2015-03-19 23:00:00+00:00";"39";"76";"28";"2021";"NON";"NON";"76263";"";"";"";"2021-10-06";"139034";""
"76266";"3432";"PLU";"CC";"2016-10-26 22:00:00+00:00";"2010-06-24 22:00:00+00:00";"33";"76";"28";"2021";"NON";"NON";"76266";"";"";"";"2021-10-06";"64176";""
"76268";"3432";"PLU";"CU";"2013-06-18 22:00:00+00:00";"2008-09-22 22:00:00+00:00";"33";"76";"28";"2021";"NON";"NON";"200084952";"";"";"";"2021-10-06";"49873";""
"76269";"1199";"CC";"COM";"2014-08-03 22:00:00+00:00";"2011-10-09 22:00:00+00:00";"19";"76";"28";"2021";"NON";"NON";"76269";"";"";"";"2021-10-06";"81302";""
"76270";"3432";"PLU";"CU";"2018-11-12 23:00:00+00:00";"2014-12-10 23:00:00+00:00";"33";"76";"28";"2021";"NON";"NON";"200084952";"";"";"";"2021-10-06";"138356";""
"76271";"3499";"PLU";"CC";"2009-10-18 22:00:00+00:00";"2002-12-16 23:00:00+00:00";"39";"76";"28";"2021";"NON";"NON";"200070449";"";"";"";"2021-10-06";"54610";""
"76272";"3499";"PLU";"CC";"2012-02-21 23:00:00+00:00";"2006-12-13 23:00:00+00:00";"39";"76";"28";"2021";"NON";"NON";"200069839";"";"";"";"2021-10-06";"63176";""
"76273";"3299";"PLUi/PLUiS";"MET";"2020-02-12 23:00:00+00:00";"2015-10-11 22:00:00+00:00";"39";"76";"28";"2021";"NON";"OUI";"200023414";"";"";"";"2021-10-06";"141735";""
"76275";"3432";"PLU";"CU";"2008-02-05 23:00:00+00:00";"2002-12-17 23:00:00+00:00";"33";"76";"28";"2021";"NON";"NON";"200084952";"";"";"";"2021-10-06";"87764";""
"76279";"3432";"PLU";"CA";"2017-12-18 23:00:00+00:00";"2011-05-15 22:00:00+00:00";"33";"76";"28";"2021";"NON";"NON";"200010700";"";"";"";"2021-10-06";"81306";""
"76280";"3499";"PLU";"CC";"2013-06-20 22:00:00+00:00";"2008-11-27 23:00:00+00:00";"39";"76";"28";"2021";"NON";"NON";"76280";"";"";"";"2021-10-06";"81345";""
"76281";"3432";"PLU";"CA";"2006-06-15 22:00:00+00:00";"2003-09-03 22:00:00+00:00";"33";"76";"28";"2021";"NON";"NON";"200010700";"";"";"";"2021-10-06";"87914";""
"76282";"3299";"PLUi/PLUiS";"MET";"2020-02-12 23:00:00+00:00";"2015-10-11 22:00:00+00:00";"39";"76";"28";"2021";"NON";"OUI";"200023414";"";"";"";"2021-10-06";"141735";""
"76283";"1199";"CC";"COM";"2011-05-05 22:00:00+00:00";"2003-12-31 23:00:00+00:00";"19";"76";"28";"2021";"NON";"NON";"76283";"";"";"";"2021-10-06";"81310";""
"76285";"3399";"PLUi/PLUiS";"CC";"2021-04-11 22:00:00+00:00";"2015-09-16 22:00:00+00:00";"39";"76";"28";"2021";"OUI";"NON";"200070449";"";"";"";"2021-10-06";"143084";""
"76287";"3499";"PLU";"CC";"2014-09-03 22:00:00+00:00";"2008-06-11 22:00:00+00:00";"39";"76";"28";"2021";"NON";"NON";"200070449";"";"";"";"2021-10-06";"64177";""
"76289";"3299";"PLUi/PLUiS";"CC";"2020-10-14 22:00:00+00:00";"2015-12-16 23:00:00+00:00";"39";"76";"28";"2021";"NON";"OUI";"247600620";"";"";"";"2021-10-06";"145665";""
"76290";"3499";"PLU";"CC";"2010-11-24 23:00:00+00:00";"2003-01-15 23:00:00+00:00";"39";"76";"28";"2021";"NON";"NON";"200070449";"";"";"";"2021-10-06";"87971";""
"76291";"3299";"PLUi/PLUiS";"CA";"2019-12-17 23:00:00+00:00";"2015-06-25 22:00:00+00:00";"39";"76";"28";"2021";"NON";"OUI";"200069821";"";"";"";"2021-10-06";"140643";""
"76292";"1111";"CC";"COM";"2009-07-06 22:00:00+00:00";"2004-10-08 22:00:00+00:00";"11";"76";"28";"2021";"NON";"NON";"76292";"";"";"";"2021-10-06";"69984";""
"76294";"1499";"CC";"CC";"2014-07-10 22:00:00+00:00";"2009-10-12 22:00:00+00:00";"19";"76";"28";"2021";"NON";"NON";"200069839";"";"";"";"2021-10-06";"57486";""
"76295";"1199";"CC";"COM";"2006-12-21 23:00:00+00:00";"2006-04-19 22:00:00+00:00";"19";"76";"28";"2021";"NON";"NON";"76295";"";"";"";"2021-10-06";"80448";""
"76296";"3432";"PLU";"CU";"2018-02-21 23:00:00+00:00";"2014-12-14 23:00:00+00:00";"33";"76";"28";"2021";"NON";"NON";"200084952";"";"";"";"2021-10-06";"135341";""
"76298";"3299";"PLUi/PLUiS";"CA";"2019-12-17 23:00:00+00:00";"2015-06-25 22:00:00+00:00";"39";"76";"28";"2021";"NON";"OUI";"200069821";"";"";"";"2021-10-06";"140643";""
"76299";"3299";"PLUi/PLUiS";"CA";"2019-12-17 23:00:00+00:00";"2015-06-25 22:00:00+00:00";"39";"76";"28";"2021";"NON";"OUI";"200069821";"";"";"";"2021-10-06";"140643";""
"76300";"3299";"PLUi/PLUiS";"CA";"2019-12-17 23:00:00+00:00";"2015-06-25 22:00:00+00:00";"39";"76";"28";"2021";"NON";"OUI";"200069821";"";"";"";"2021-10-06";"140643";""
"76303";"3432";"PLU";"CU";"2011-06-06 22:00:00+00:00";"2003-09-22 22:00:00+00:00";"33";"76";"28";"2021";"NON";"NON";"200084952";"";"";"";"2021-10-06";"63180";""
"76305";"3432";"PLU";"CU";"2012-04-15 22:00:00+00:00";"2006-12-12 23:00:00+00:00";"33";"76";"28";"2021";"NON";"NON";"200084952";"";"";"";"2021-10-06";"78542";""
"76306";"3432";"PLU";"CC";"2014-09-04 22:00:00+00:00";"2008-04-24 22:00:00+00:00";"33";"76";"28";"2021";"NON";"NON";"200068534";"";"";"";"2021-10-06";"49875";""
"76311";"3432";"PLU";"CC";"2007-11-28 23:00:00+00:00";"1993-06-27 22:00:00+00:00";"33";"76";"28";"2021";"NON";"NON";"247600646";"";"";"";"2021-10-06";"78620";""
"76312";"3131";"PLU";"COM";"2007-02-15 23:00:00+00:00";"2004-02-05 23:00:00+00:00";"33";"76";"28";"2021";"NON";"NON";"76312";"";"";"";"2021-10-06";"88584";""
"76313";"3299";"PLUi/PLUiS";"MET";"2020-02-12 23:00:00+00:00";"2015-10-11 22:00:00+00:00";"39";"76";"28";"2021";"NON";"OUI";"200023414";"";"";"";"2021-10-06";"141735";""
"76315";"1499";"CC";"CC";"2012-08-12 22:00:00+00:00";"2003-10-16 22:00:00+00:00";"19";"76";"28";"2021";"NON";"NON";"200069839";"";"";"";"2021-10-06";"66459";""
"76316";"3399";"PLUi/PLUiS";"CC";"2021-04-11 22:00:00+00:00";"2015-09-16 22:00:00+00:00";"39";"76";"28";"2021";"OUI";"NON";"200070449";"";"";"";"2021-10-06";"143084";""
"76318";"3432";"PLU";"CA";"2007-11-08 23:00:00+00:00";"2004-05-13 22:00:00+00:00";"33";"76";"28";"2021";"NON";"NON";"200010700";"";"";"";"2021-10-06";"54634";""
"76319";"3299";"PLUi/PLUiS";"MET";"2020-02-12 23:00:00+00:00";"2015-10-11 22:00:00+00:00";"39";"76";"28";"2021";"NON";"OUI";"200023414";"";"";"";"2021-10-06";"141735";""
"76321";"3199";"PLU";"COM";"2016-12-11 23:00:00+00:00";"2011-03-13 23:00:00+00:00";"39";"76";"28";"2021";"NON";"NON";"76321";"";"";"";"2021-10-06";"88743";""
"76322";"3299";"PLUi/PLUiS";"MET";"2020-02-12 23:00:00+00:00";"2015-10-11 22:00:00+00:00";"39";"76";"28";"2021";"NON";"OUI";"200023414";"";"";"";"2021-10-06";"141735";""
"76324";"3199";"PLU";"COM";"2018-04-05 22:00:00+00:00";"2012-04-10 22:00:00+00:00";"39";"76";"28";"2021";"NON";"NON";"76324";"";"";"";"2021-10-06";"81324";""
"76329";"3432";"PLU";"CA";"2006-01-23 23:00:00+00:00";"2001-10-17 22:00:00+00:00";"33";"76";"28";"2021";"NON";"NON";"200010700";"";"";"";"2021-10-06";"88923";""
"76331";"3499";"PLU";"CC";"2017-06-18 22:00:00+00:00";"2014-10-13 22:00:00+00:00";"39";"76";"28";"2021";"NON";"NON";"200070449";"";"";"";"2021-10-06";"135236";""
"76335";"1432";"CC";"CC";"2014-01-12 23:00:00+00:00";"2011-04-11 22:00:00+00:00";"13";"76";"28";"2021";"NON";"NON";"200068534";"";"";"";"2021-10-06";"81334";""
"76340";"1199";"CC";"COM";"2013-05-24 22:00:00+00:00";"2007-06-12 22:00:00+00:00";"19";"76";"28";"2021";"NON";"NON";"76340";"";"";"";"2021-10-06";"66463";""
"76341";"3432";"PLU";"CU";"2017-03-12 23:00:00+00:00";"2010-06-27 22:00:00+00:00";"33";"76";"28";"2021";"NON";"NON";"200084952";"";"";"";"2021-10-06";"63186";""
"76342";"3432";"PLU";"CA";"2008-02-26 23:00:00+00:00";"2003-01-09 23:00:00+00:00";"33";"76";"28";"2021";"NON";"NON";"200010700";"";"";"";"2021-10-06";"54642";""
"76347";"3299";"PLUi/PLUiS";"CC";"2020-10-14 22:00:00+00:00";"2015-12-16 23:00:00+00:00";"39";"76";"28";"2021";"NON";"OUI";"76347";"";"";"";"2021-10-06";"145665";""
"76348";"3299";"PLUi/PLUiS";"CC";"2020-10-14 22:00:00+00:00";"2015-12-16 23:00:00+00:00";"39";"76";"28";"2021";"NON";"OUI";"76348";"";"";"";"2021-10-06";"145665";""
"76350";"3299";"PLUi/PLUiS";"MET";"2020-02-12 23:00:00+00:00";"2015-10-11 22:00:00+00:00";"39";"76";"28";"2021";"NON";"OUI";"200023414";"";"";"";"2021-10-06";"141735";""
"76351";"3432";"PLU";"CU";"2019-12-18 23:00:00+00:00";"2015-09-20 22:00:00+00:00";"33";"76";"28";"2021";"NON";"NON";"200084952";"";"";"";"2021-10-06";"149459";""
"76354";"3299";"PLUi/PLUiS";"MET";"2020-02-12 23:00:00+00:00";"2015-10-11 22:00:00+00:00";"39";"76";"28";"2021";"NON";"OUI";"200023414";"";"";"";"2021-10-06";"141735";""
"76355";"3199";"PLU";"COM";"2018-02-15 23:00:00+00:00";"2014-09-18 22:00:00+00:00";"39";"76";"28";"2021";"NON";"NON";"76355";"";"";"";"2021-10-06";"89119";""
"76359";"3499";"PLU";"CC";"2011-06-09 22:00:00+00:00";"2006-10-26 22:00:00+00:00";"39";"76";"28";"2021";"NON";"NON";"200070449";"";"";"";"2021-10-06";"49876";""
"76361";"3432";"PLU";"CU";"2021-03-31 22:00:00+00:00";"2014-11-26 23:00:00+00:00";"33";"76";"28";"2021";"NON";"NON";"200084952";"";"";"";"2021-10-06";"139968";""
"76366";"3299";"PLUi/PLUiS";"MET";"2020-02-12 23:00:00+00:00";"2015-10-11 22:00:00+00:00";"39";"76";"28";"2021";"NON";"OUI";"200023414";"";"";"";"2021-10-06";"141735";""
"76367";"3299";"PLUi/PLUiS";"MET";"2020-02-12 23:00:00+00:00";"2015-10-11 22:00:00+00:00";"39";"76";"28";"2021";"NON";"OUI";"200023414";"";"";"";"2021-10-06";"141735";""
"76368";"1432";"CC";"CC";"2009-04-09 22:00:00+00:00";"2005-09-29 22:00:00+00:00";"13";"76";"28";"2021";"NON";"NON";"247600505";"";"";"";"2021-10-06";"54648";""
"76369";"3499";"PLU";"CC";"2010-09-22 22:00:00+00:00";"2005-04-10 22:00:00+00:00";"39";"76";"28";"2021";"NON";"NON";"200070449";"";"";"";"2021-10-06";"63188";""
"76370";"1199";"CC";"COM";"2010-10-04 22:00:00+00:00";"2003-12-31 23:00:00+00:00";"19";"76";"28";"2021";"NON";"NON";"76370";"";"";"";"2021-10-06";"80465";""
"76377";"3299";"PLUi/PLUiS";"MET";"2020-02-12 23:00:00+00:00";"2015-10-11 22:00:00+00:00";"39";"76";"28";"2021";"NON";"OUI";"200023414";"";"";"";"2021-10-06";"141735";""
"76378";"3299";"PLUi/PLUiS";"MET";"2020-02-12 23:00:00+00:00";"2015-10-11 22:00:00+00:00";"39";"76";"28";"2021";"NON";"OUI";"200023414";"";"";"";"2021-10-06";"141735";""
"76380";"3432";"PLU";"CC";"2014-03-04 23:00:00+00:00";"2006-02-28 23:00:00+00:00";"33";"76";"28";"2021";"NON";"NON";"200068534";"";"";"";"2021-10-06";"49877";""
"76382";"3432";"PLU";"CA";"2006-11-19 23:00:00+00:00";"2002-02-17 23:00:00+00:00";"33";"76";"28";"2021";"NON";"NON";"200010700";"";"";"";"2021-10-06";"89456";""
"76384";"3432";"PLU";"CA";"2006-02-15 23:00:00+00:00";"2001-09-12 22:00:00+00:00";"33";"76";"28";"2021";"NON";"NON";"200010700";"";"";"";"2021-10-06";"85954";""
"76385";"3432";"PLU";"CC";"2013-06-16 22:00:00+00:00";"2004-04-04 22:00:00+00:00";"33";"76";"28";"2021";"NON";"NON";"247600646";"";"";"";"2021-10-06";"63191";""
"76386";"3299";"PLUi/PLUiS";"CA";"2019-12-17 23:00:00+00:00";"2015-06-25 22:00:00+00:00";"39";"76";"28";"2021";"NON";"OUI";"200069821";"";"";"";"2021-10-06";"140643";""
"76387";"1199";"CC";"COM";"2010-05-09 22:00:00+00:00";"2004-09-26 22:00:00+00:00";"19";"76";"28";"2021";"NON";"NON";"76387";"";"";"";"2021-10-06";"66467";""
"76388";"3432";"PLU";"CA";"2010-12-16 23:00:00+00:00";"2007-04-11 22:00:00+00:00";"33";"76";"28";"2021";"NON";"NON";"200010700";"";"";"";"2021-10-06";"89540";""
"76389";"1432";"CC";"CC";"2004-06-16 22:00:00+00:00";"2002-04-23 22:00:00+00:00";"13";"76";"28";"2021";"NON";"NON";"200068534";"";"";"";"2021-10-06";"68553";""
"76390";"3299";"PLUi/PLUiS";"CA";"2019-12-17 23:00:00+00:00";"2015-06-25 22:00:00+00:00";"39";"76";"28";"2021";"NON";"OUI";"200069821";"";"";"";"2021-10-06";"140643";""
"76391";"3299";"PLUi/PLUiS";"MET";"2020-02-12 23:00:00+00:00";"2015-10-11 22:00:00+00:00";"39";"76";"28";"2021";"NON";"OUI";"200023414";"";"";"";"2021-10-06";"141735";""
"76392";"3499";"PLU";"CC";"2014-11-11 23:00:00+00:00";"2010-05-25 22:00:00+00:00";"39";"76";"28";"2021";"NON";"NON";"76392";"";"";"";"2021-10-06";"63201";""
"76394";"1432";"CC";"CC";"2019-12-03 23:00:00+00:00";"2016-06-20 22:00:00+00:00";"13";"76";"28";"2021";"NON";"NON";"76394";"";"";"";"2021-10-06";"149432";""
"76395";"3432";"PLU";"CC";"2007-12-13 23:00:00+00:00";"2001-09-19 22:00:00+00:00";"33";"76";"28";"2021";"NON";"NON";"200068534";"";"";"";"2021-10-06";"63193";""
"76396";"3499";"PLU";"CC";"2015-04-22 22:00:00+00:00";"2004-03-24 23:00:00+00:00";"39";"76";"28";"2021";"NON";"NON";"200070449";"";"";"";"2021-10-06";"63194";""
"76398";"3432";"PLU";"CA";"2010-07-19 22:00:00+00:00";"2006-09-18 22:00:00+00:00";"33";"76";"28";"2021";"NON";"NON";"200010700";"";"";"";"2021-10-06";"89689";""
"76401";"3432";"PLU";"CA";"2017-12-18 23:00:00+00:00";"2002-07-07 22:00:00+00:00";"33";"76";"28";"2021";"NON";"NON";"200010700";"";"";"";"2021-10-06";"63234";""
"76402";"3299";"PLUi/PLUiS";"MET";"2020-02-12 23:00:00+00:00";"2015-10-11 22:00:00+00:00";"39";"76";"28";"2021";"NON";"OUI";"200023414";"";"";"";"2021-10-06";"141735";""
"76403";"1499";"CC";"CC";"2010-01-21 23:00:00+00:00";"2004-04-08 22:00:00+00:00";"19";"76";"28";"2021";"NON";"NON";"200069839";"";"";"";"2021-10-06";"80614";""
"76404";"3432";"PLU";"CU";"2017-07-16 22:00:00+00:00";"2014-04-13 22:00:00+00:00";"33";"76";"28";"2021";"NON";"NON";"200084952";"";"";"";"2021-10-06";"129997";""
"76406";"3299";"PLUi/PLUiS";"CA";"2019-12-17 23:00:00+00:00";"2015-06-25 22:00:00+00:00";"39";"76";"28";"2021";"NON";"OUI";"200069821";"";"";"";"2021-10-06";"140643";""
"76407";"1499";"CC";"CC";"2010-03-27 23:00:00+00:00";"2006-06-15 22:00:00+00:00";"19";"76";"28";"2021";"NON";"NON";"200069839";"";"";"";"2021-10-06";"66470";""
"76408";"3432";"PLU";"CC";"2013-06-27 22:00:00+00:00";"2009-06-25 22:00:00+00:00";"33";"76";"28";"2021";"NON";"NON";"247600505";"";"";"";"2021-10-06";"64179";""
"76409";"3432";"PLU";"CU";"2014-03-16 23:00:00+00:00";"2010-03-21 23:00:00+00:00";"33";"76";"28";"2021";"NON";"NON";"200084952";"";"";"";"2021-10-06";"64662";""
"76410";"3299";"PLUi/PLUiS";"MET";"2020-02-12 23:00:00+00:00";"2015-10-11 22:00:00+00:00";"39";"76";"28";"2021";"NON";"OUI";"200023414";"";"";"";"2021-10-06";"141735";""
"76411";"3499";"PLU";"CC";"2020-06-14 22:00:00+00:00";"2014-09-16 22:00:00+00:00";"39";"76";"28";"2021";"NON";"NON";"200069722";"";"";"";"2021-10-06";"135503";""
"76412";"3399";"PLUi/PLUiS";"CC";"2021-04-11 22:00:00+00:00";"2015-09-16 22:00:00+00:00";"39";"76";"28";"2021";"OUI";"NON";"200070449";"";"";"";"2021-10-06";"143084";""
"76414";"3199";"PLU";"COM";"2018-12-12 23:00:00+00:00";"2009-07-01 22:00:00+00:00";"39";"76";"28";"2021";"NON";"NON";"76414";"";"";"";"2021-10-06";"63196";""
"76415";"1199";"CC";"COM";"2012-10-21 22:00:00+00:00";"2005-02-06 23:00:00+00:00";"19";"76";"28";"2021";"NON";"NON";"76415";"";"";"";"2021-10-06";"66471";""
"76416";"1199";"CC";"COM";"2004-12-16 23:00:00+00:00";"2002-06-17 22:00:00+00:00";"19";"76";"28";"2021";"NON";"NON";"76416";"";"";"";"2021-10-06";"68555";""
"76417";"3199";"PLU";"COM";"2007-07-16 22:00:00+00:00";"2002-03-21 23:00:00+00:00";"39";"76";"28";"2021";"NON";"NON";"76417";"";"";"";"2021-10-06";"54656";""
"76418";"3432";"PLU";"CA";"2011-11-02 23:00:00+00:00";"2008-10-23 22:00:00+00:00";"33";"76";"28";"2021";"NON";"NON";"200010700";"";"";"";"2021-10-06";"65242";""
"76419";"1432";"CC";"CC";"2011-08-24 22:00:00+00:00";"2003-02-16 23:00:00+00:00";"13";"76";"28";"2021";"NON";"NON";"200066405";"";"";"";"2021-10-06";"81351";""
"76421";"3432";"PLU";"CA";"2012-09-30 22:00:00+00:00";"2005-07-24 22:00:00+00:00";"33";"76";"28";"2021";"NON";"NON";"200010700";"";"";"";"2021-10-06";"63200";""
"76424";"1199";"CC";"COM";"2018-03-06 23:00:00+00:00";"2009-07-08 22:00:00+00:00";"19";"76";"28";"2021";"NON";"NON";"76424";"";"";"";"2021-10-06";"132007";""
"76426";"1199";"CC";"COM";"2011-08-11 22:00:00+00:00";"2003-12-31 23:00:00+00:00";"19";"76";"28";"2021";"NON";"NON";"76426";"";"";"";"2021-10-06";"81355";""
"76427";"3199";"PLU";"COM";"2012-04-09 22:00:00+00:00";"2004-01-28 23:00:00+00:00";"39";"76";"28";"2021";"NON";"NON";"76427";"";"";"";"2021-10-06";"49881";""
"76429";"3299";"PLUi/PLUiS";"MET";"2020-02-12 23:00:00+00:00";"2015-10-11 22:00:00+00:00";"39";"76";"28";"2021";"NON";"OUI";"200023414";"";"";"";"2021-10-06";"141735";""
"76431";"3199";"PLU";"COM";"2013-06-16 22:00:00+00:00";"2009-11-01 23:00:00+00:00";"39";"76";"28";"2021";"NON";"NON";"76431";"";"";"";"2021-10-06";"50396";""
"76432";"1199";"CC";"COM";"2015-05-27 22:00:00+00:00";"2010-03-29 22:00:00+00:00";"19";"76";"28";"2021";"NON";"NON";"76432";"";"";"";"2021-10-06";"81358";""
"76433";"3299";"PLUi/PLUiS";"CC";"2020-10-14 22:00:00+00:00";"2015-12-16 23:00:00+00:00";"39";"76";"28";"2021";"NON";"OUI";"247600620";"";"";"";"2021-10-06";"145665";""
"76434";"3399";"PLUi/PLUiS";"CC";"2021-04-11 22:00:00+00:00";"2015-09-16 22:00:00+00:00";"39";"76";"28";"2021";"OUI";"NON";"200070449";"";"";"";"2021-10-06";"143084";""
"76435";"1432";"CC";"CC";"2018-06-14 22:00:00+00:00";"2002-10-02 22:00:00+00:00";"13";"76";"28";"2021";"NON";"NON";"247600588";"";"";"";"2021-10-06";"163232";""
"76436";"3299";"PLUi/PLUiS";"MET";"2020-02-12 23:00:00+00:00";"2015-10-11 22:00:00+00:00";"39";"76";"28";"2021";"NON";"OUI";"200023414";"";"";"";"2021-10-06";"141735";""
"76437";"1432";"CC";"CC";"2015-05-26 22:00:00+00:00";"2013-04-03 22:00:00+00:00";"13";"76";"28";"2021";"NON";"NON";"76437";"";"";"";"2021-10-06";"133233";""
"76439";"1432";"CC";"CA";"2008-08-13 22:00:00+00:00";"2003-12-31 23:00:00+00:00";"13";"76";"28";"2021";"NON";"NON";"200010700";"";"";"";"2021-10-06";"68559";""
"76440";"1199";"CC";"COM";"2007-11-23 23:00:00+00:00";"2005-02-08 23:00:00+00:00";"19";"76";"28";"2021";"NON";"NON";"76440";"";"";"";"2021-10-06";"68560";""
"76441";"1433";"CC";"CC";"2005-10-10 22:00:00+00:00";"2002-05-26 22:00:00+00:00";"13";"76";"28";"2021";"NON";"NON";"200069722";"";"";"";"2021-10-06";"68561";""
"76443";"3499";"PLU";"CC";"2010-07-04 22:00:00+00:00";"2004-10-03 22:00:00+00:00";"39";"76";"28";"2021";"NON";"NON";"200070449";"";"";"";"2021-10-06";"90431";""
"76445";"1199";"CC";"COM";"2009-07-28 22:00:00+00:00";"2001-12-16 23:00:00+00:00";"19";"76";"28";"2021";"NON";"NON";"76445";"";"";"";"2021-10-06";"80648";""
"76446";"3499";"PLU";"CC";"2011-09-19 22:00:00+00:00";"2009-04-13 22:00:00+00:00";"39";"76";"28";"2021";"NON";"NON";"200070449";"";"";"";"2021-10-06";"64663";""
"76447";"3432";"PLU";"CU";"2011-09-11 22:00:00+00:00";"2002-10-23 22:00:00+00:00";"33";"76";"28";"2021";"NON";"NON";"200084952";"";"";"";"2021-10-06";"63203";""
"76448";"3299";"PLUi/PLUiS";"MET";"2020-02-12 23:00:00+00:00";"2015-10-11 22:00:00+00:00";"39";"76";"28";"2021";"NON";"OUI";"200023414";"";"";"";"2021-10-06";"141735";""
"76449";"1432";"CC";"CC";"2010-03-18 23:00:00+00:00";"2006-06-18 22:00:00+00:00";"13";"76";"28";"2021";"NON";"NON";"200068534";"";"";"";"2021-10-06";"80650";""
"76450";"1199";"CC";"COM";"2008-09-04 22:00:00+00:00";"2003-12-31 23:00:00+00:00";"19";"76";"28";"2021";"NON";"NON";"76450";"";"";"";"2021-10-06";"68562";""
"76451";"3299";"PLUi/PLUiS";"MET";"2020-02-12 23:00:00+00:00";"2015-10-11 22:00:00+00:00";"39";"76";"28";"2021";"NON";"OUI";"200023414";"";"";"";"2021-10-06";"141735";""
"76452";"3499";"PLU";"CC";"2003-09-07 22:00:00+00:00";"1996-12-08 23:00:00+00:00";"39";"76";"28";"2021";"NON";"NON";"200070449";"";"";"";"2021-10-06";"90499";""
"76453";"3499";"PLU";"CC";"2017-12-11 23:00:00+00:00";"2014-11-03 23:00:00+00:00";"39";"76";"28";"2021";"NON";"NON";"200070449";"";"";"";"2021-10-06";"135239";""
"76455";"3199";"PLU";"COM";"2017-02-23 23:00:00+00:00";"2009-11-12 23:00:00+00:00";"39";"76";"28";"2021";"NON";"NON";"76455";"";"";"";"2021-10-06";"49885";""
"76456";"3199";"PLU";"COM";"2021-04-08 22:00:00+00:00";"2015-05-04 22:00:00+00:00";"39";"76";"28";"2021";"NON";"NON";"76456";"";"";"";"2021-10-06";"139971";""
"76457";"3299";"PLUi/PLUiS";"MET";"2020-02-12 23:00:00+00:00";"2015-10-11 22:00:00+00:00";"39";"76";"28";"2021";"NON";"OUI";"200023414";"";"";"";"2021-10-06";"141735";""
"76459";"1199";"CC";"COM";"2011-11-01 23:00:00+00:00";"2002-04-25 22:00:00+00:00";"19";"76";"28";"2021";"NON";"NON";"76459";"";"";"";"2021-10-06";"81365";""
"76462";"3199";"PLU";"COM";"2009-07-02 22:00:00+00:00";"2001-09-09 22:00:00+00:00";"39";"76";"28";"2021";"NON";"NON";"76462";"";"";"";"2021-10-06";"86102";""
"76463";"1199";"CC";"COM";"2008-04-24 22:00:00+00:00";"2005-11-27 23:00:00+00:00";"19";"76";"28";"2021";"NON";"NON";"76463";"";"";"";"2021-10-06";"80654";""
"76464";"3299";"PLUi/PLUiS";"MET";"2020-02-12 23:00:00+00:00";"2015-10-11 22:00:00+00:00";"39";"76";"28";"2021";"NON";"OUI";"200023414";"";"";"";"2021-10-06";"141735";""
"76467";"3499";"PLU";"CC";"2007-07-04 22:00:00+00:00";"2001-06-19 22:00:00+00:00";"39";"76";"28";"2021";"NON";"NON";"200069839";"";"";"";"2021-10-06";"89730";""
"76468";"3432";"PLU";"CA";"2013-01-07 23:00:00+00:00";"2004-02-24 23:00:00+00:00";"33";"76";"28";"2021";"NON";"NON";"200010700";"";"";"";"2021-10-06";"49883";""
"76469";"1199";"CC";"COM";"2016-03-24 23:00:00+00:00";"2011-12-18 23:00:00+00:00";"19";"76";"28";"2021";"NON";"NON";"76469";"";"";"";"2021-10-06";"81366";""
"76470";"3499";"PLU";"CC";"2014-09-25 22:00:00+00:00";"2010-01-21 23:00:00+00:00";"39";"76";"28";"2021";"NON";"NON";"200069839";"";"";"";"2021-10-06";"50120";""
"76471";"3432";"PLU";"CA";"2011-06-28 22:00:00+00:00";"2005-05-18 22:00:00+00:00";"33";"76";"28";"2021";"NON";"NON";"200010700";"";"";"";"2021-10-06";"63205";""
"76473";"3432";"PLU";"CA";"2011-08-11 22:00:00+00:00";"2002-10-23 22:00:00+00:00";"33";"76";"28";"2021";"NON";"NON";"200010700";"";"";"";"2021-10-06";"63206";""
"76474";"3299";"PLUi/PLUiS";"MET";"2020-02-12 23:00:00+00:00";"2015-10-11 22:00:00+00:00";"39";"76";"28";"2021";"NON";"OUI";"200023414";"";"";"";"2021-10-06";"141735";""
"76475";"3299";"PLUi/PLUiS";"MET";"2020-02-12 23:00:00+00:00";"2015-10-11 22:00:00+00:00";"39";"76";"28";"2021";"NON";"OUI";"200023414";"";"";"";"2021-10-06";"141735";""
"76476";"3432";"PLU";"CA";"2015-12-21 23:00:00+00:00";"2010-12-19 23:00:00+00:00";"33";"76";"28";"2021";"NON";"NON";"200010700";"";"";"";"2021-10-06";"63256";""
"76477";"3432";"PLU";"CU";"2015-09-14 22:00:00+00:00";"2010-09-13 22:00:00+00:00";"33";"76";"28";"2021";"NON";"NON";"200084952";"";"";"";"2021-10-06";"63210";""
"76481";"3432";"PLU";"CU";"2013-04-02 22:00:00+00:00";"2001-12-11 23:00:00+00:00";"33";"76";"28";"2021";"NON";"NON";"200084952";"";"";"";"2021-10-06";"63207";""
"76482";"3199";"PLU";"COM";"2014-02-27 23:00:00+00:00";"2008-09-25 22:00:00+00:00";"39";"76";"28";"2021";"NON";"NON";"76482";"";"";"";"2021-10-06";"63208";""
"76483";"1499";"CC";"CC";"2012-08-16 22:00:00+00:00";"2008-05-18 22:00:00+00:00";"19";"76";"28";"2021";"NON";"NON";"200069839";"";"";"";"2021-10-06";"66482";""
"76484";"3299";"PLUi/PLUiS";"MET";"2020-02-12 23:00:00+00:00";"2015-10-11 22:00:00+00:00";"39";"76";"28";"2021";"NON";"OUI";"200023414";"";"";"";"2021-10-06";"141735";""
"76486";"3299";"PLUi/PLUiS";"MET";"2020-02-12 23:00:00+00:00";"2015-10-11 22:00:00+00:00";"39";"76";"28";"2021";"NON";"OUI";"200023414";"";"";"";"2021-10-06";"141735";""
"76487";"3499";"PLU";"CC";"2019-05-27 22:00:00+00:00";"2009-01-05 23:00:00+00:00";"39";"76";"28";"2021";"NON";"NON";"76487";"";"";"";"2021-10-06";"50121";""
"76488";"1499";"CC";"CC";"2014-02-09 23:00:00+00:00";"2004-02-09 23:00:00+00:00";"19";"76";"28";"2021";"NON";"NON";"200069839";"";"";"";"2021-10-06";"81367";""
"76489";"3432";"PLU";"CU";"2020-12-16 23:00:00+00:00";"2016-05-25 22:00:00+00:00";"33";"76";"28";"2021";"NON";"NON";"200084952";"";"";"";"2021-10-06";"149276";""
"76492";"3432";"PLU";"CC";"2017-09-27 22:00:00+00:00";"2009-05-06 22:00:00+00:00";"33";"76";"28";"2021";"NON";"NON";"200068534";"";"";"";"2021-10-06";"50397";""
"76494";"3432";"PLU";"CA";"2018-02-19 23:00:00+00:00";"2010-05-25 22:00:00+00:00";"33";"76";"28";"2021";"NON";"NON";"200010700";"";"";"";"2021-10-06";"63216";""
"76495";"3432";"PLU";"CC";"2017-07-02 22:00:00+00:00";"2013-12-15 23:00:00+00:00";"33";"76";"28";"2021";"NON";"NON";"247600646";"";"";"";"2021-10-06";"128727";""
"76497";"3299";"PLUi/PLUiS";"MET";"2020-02-12 23:00:00+00:00";"2015-10-11 22:00:00+00:00";"39";"76";"28";"2021";"NON";"OUI";"200023414";"";"";"";"2021-10-06";"141735";""
"76498";"3299";"PLUi/PLUiS";"MET";"2020-02-12 23:00:00+00:00";"2015-10-11 22:00:00+00:00";"39";"76";"28";"2021";"NON";"OUI";"200023414";"";"";"";"2021-10-06";"141735";""
"76499";"3432";"PLU";"CA";"2016-12-14 23:00:00+00:00";"2011-03-09 23:00:00+00:00";"33";"76";"28";"2021";"NON";"NON";"200010700";"";"";"";"2021-10-06";"92801";""
"76501";"1432";"CC";"CU";"2016-12-21 23:00:00+00:00";"2009-03-06 23:00:00+00:00";"13";"76";"28";"2021";"NON";"NON";"200084952";"";"";"";"2021-10-06";"67205";""
"76502";"3499";"PLU";"CC";"2015-01-28 23:00:00+00:00";"2010-12-08 23:00:00+00:00";"39";"76";"28";"2021";"NON";"NON";"200070449";"";"";"";"2021-10-06";"63218";""
"76503";"3499";"PLU";"CC";"2008-10-09 22:00:00+00:00";"2003-01-30 23:00:00+00:00";"39";"76";"28";"2021";"NON";"NON";"200070449";"";"";"";"2021-10-06";"82649";""
"76507";"3432";"PLU";"CC";"2018-09-26 22:00:00+00:00";"2002-08-04 22:00:00+00:00";"33";"76";"28";"2021";"NON";"NON";"76507";"";"";"";"2021-10-06";"123402";""
"76508";"3432";"PLU";"CU";"2018-05-21 22:00:00+00:00";"2014-11-24 23:00:00+00:00";"33";"76";"28";"2021";"NON";"NON";"200084952";"";"";"";"2021-10-06";"138808";""
"76509";"3399";"PLUi/PLUiS";"CC";"2021-04-11 22:00:00+00:00";"2015-09-16 22:00:00+00:00";"39";"76";"28";"2021";"OUI";"NON";"200070449";"";"";"";"2021-10-06";"143084";""
"76513";"3299";"PLUi/PLUiS";"MET";"2020-02-12 23:00:00+00:00";"2015-10-11 22:00:00+00:00";"39";"76";"28";"2021";"NON";"OUI";"200023414";"";"";"";"2021-10-06";"141735";""
"76514";"3299";"PLUi/PLUiS";"MET";"2020-02-12 23:00:00+00:00";"2015-10-11 22:00:00+00:00";"39";"76";"28";"2021";"NON";"OUI";"200023414";"";"";"";"2021-10-06";"141735";""
"76515";"3432";"PLU";"CC";"2020-09-23 22:00:00+00:00";"2015-10-26 23:00:00+00:00";"33";"76";"28";"2021";"NON";"NON";"200068534";"";"";"";"2021-10-06";"142336";""
"76517";"3499";"PLU";"CC";"2013-10-06 22:00:00+00:00";"2008-07-01 22:00:00+00:00";"39";"76";"28";"2021";"NON";"NON";"200070449";"";"";"";"2021-10-06";"63214";""
"76518";"3432";"PLU";"CA";"2013-03-06 23:00:00+00:00";"2004-02-25 23:00:00+00:00";"33";"76";"28";"2021";"NON";"NON";"200010700";"";"";"";"2021-10-06";"63215";""
"76522";"3432";"PLU";"CU";"2013-03-24 23:00:00+00:00";"2003-02-26 23:00:00+00:00";"33";"76";"28";"2021";"NON";"NON";"200084952";"";"";"";"2021-10-06";"63217";""
"76526";"1432";"CC";"CC";"2016-07-10 22:00:00+00:00";"2011-01-10 23:00:00+00:00";"13";"76";"28";"2021";"NON";"NON";"76526";"";"";"";"2021-10-06";"67206";""
"76528";"1433";"CC";"CC";"2013-08-19 22:00:00+00:00";"2011-02-23 23:00:00+00:00";"13";"76";"28";"2021";"NON";"NON";"200069722";"";"";"";"2021-10-06";"81370";""
"76529";"3299";"PLUi/PLUiS";"CA";"2019-12-17 23:00:00+00:00";"2015-06-25 22:00:00+00:00";"39";"76";"28";"2021";"NON";"OUI";"200069821";"";"";"";"2021-10-06";"140643";""
"76530";"1199";"CC";"COM";"2009-07-15 22:00:00+00:00";"2006-02-08 23:00:00+00:00";"19";"76";"28";"2021";"NON";"NON";"76530";"";"";"";"2021-10-06";"80668";""
"76531";"3299";"PLUi/PLUiS";"CC";"2020-10-14 22:00:00+00:00";"2015-12-16 23:00:00+00:00";"39";"76";"28";"2021";"NON";"OUI";"247600620";"";"";"";"2021-10-06";"145665";""
"76532";"1199";"CC";"COM";"2011-02-09 23:00:00+00:00";"2003-09-29 22:00:00+00:00";"19";"76";"28";"2021";"NON";"NON";"76532";"";"";"";"2021-10-06";"80693";""
"76533";"3432";"PLU";"CU";"2010-04-07 22:00:00+00:00";"2002-06-26 22:00:00+00:00";"33";"76";"28";"2021";"NON";"NON";"200084952";"";"";"";"2021-10-06";"82096";""
"76534";"3432";"PLU";"CU";"2006-11-07 23:00:00+00:00";"2002-07-03 22:00:00+00:00";"33";"76";"28";"2021";"NON";"NON";"200084952";"";"";"";"2021-10-06";"92898";""
"76536";"3299";"PLUi/PLUiS";"MET";"2020-02-12 23:00:00+00:00";"2015-10-11 22:00:00+00:00";"39";"76";"28";"2021";"NON";"OUI";"200023414";"";"";"";"2021-10-06";"141735";""
"76538";"1199";"CC";"COM";"2008-08-13 22:00:00+00:00";"2002-09-23 22:00:00+00:00";"19";"76";"28";"2021";"NON";"NON";"76538";"";"";"";"2021-10-06";"80833";""
"76540";"3299";"PLUi/PLUiS";"MET";"2020-02-12 23:00:00+00:00";"2015-10-11 22:00:00+00:00";"39";"76";"28";"2021";"NON";"OUI";"200023414";"";"";"";"2021-10-06";"141735";""
"76541";"3499";"PLU";"CC";"2020-10-11 22:00:00+00:00";"2015-02-08 23:00:00+00:00";"39";"76";"28";"2021";"NON";"NON";"200070449";"";"";"";"2021-10-06";"132550";""
"76543";"3432";"PLU";"CA";"2013-04-09 22:00:00+00:00";"2004-02-24 23:00:00+00:00";"33";"76";"28";"2021";"NON";"NON";"200010700";"";"";"";"2021-10-06";"49887";""
"76545";"3199";"PLU";"COM";"2018-10-07 22:00:00+00:00";"2011-01-30 23:00:00+00:00";"39";"76";"28";"2021";"NON";"NON";"76545";"";"";"";"2021-10-06";"63222";""
"76548";"3399";"PLUi/PLUiS";"CC";"2021-04-11 22:00:00+00:00";"2015-09-16 22:00:00+00:00";"39";"76";"28";"2021";"OUI";"NON";"200070449";"";"";"";"2021-10-06";"143084";""
"76550";"3299";"PLUi/PLUiS";"MET";"2020-02-12 23:00:00+00:00";"2015-10-11 22:00:00+00:00";"39";"76";"28";"2021";"NON";"OUI";"200023414";"";"";"";"2021-10-06";"141735";""
"76552";"3432";"PLU";"CU";"2010-10-21 22:00:00+00:00";"2004-01-25 23:00:00+00:00";"33";"76";"28";"2021";"NON";"NON";"200084952";"";"";"";"2021-10-06";"54685";""
"76554";"3499";"PLU";"CC";"2018-07-02 22:00:00+00:00";"2014-12-03 23:00:00+00:00";"39";"76";"28";"2021";"NON";"NON";"200070449";"";"";"";"2021-10-06";"135364";""
"76556";"3432";"PLU";"CA";"2011-07-21 22:00:00+00:00";"2005-09-12 22:00:00+00:00";"33";"76";"28";"2021";"NON";"NON";"200010700";"";"";"";"2021-10-06";"63220";""
"76557";"3432";"PLU";"CA";"2011-06-29 22:00:00+00:00";"2007-12-05 23:00:00+00:00";"33";"76";"28";"2021";"NON";"NON";"200010700";"";"";"";"2021-10-06";"93043";""
"76558";"3299";"PLUi/PLUiS";"MET";"2020-02-12 23:00:00+00:00";"2015-10-11 22:00:00+00:00";"39";"76";"28";"2021";"NON";"OUI";"200023414";"";"";"";"2021-10-06";"141735";""
"76559";"3432";"PLU";"CA";"2011-04-07 22:00:00+00:00";"2004-10-28 22:00:00+00:00";"33";"76";"28";"2021";"NON";"NON";"200010700";"";"";"";"2021-10-06";"49888";""
"76560";"3299";"PLUi/PLUiS";"MET";"2020-02-12 23:00:00+00:00";"2015-10-11 22:00:00+00:00";"39";"76";"28";"2021";"NON";"OUI";"200023414";"";"";"";"2021-10-06";"141735";""
"76561";"3299";"PLUi/PLUiS";"MET";"2020-02-12 23:00:00+00:00";"2015-10-11 22:00:00+00:00";"39";"76";"28";"2021";"NON";"OUI";"200023414";"";"";"";"2021-10-06";"141735";""
"76566";"3432";"PLU";"CC";"2012-04-24 22:00:00+00:00";"2004-12-08 23:00:00+00:00";"33";"76";"28";"2021";"NON";"NON";"247600646";"";"";"";"2021-10-06";"63221";""
"76568";"3299";"PLUi/PLUiS";"CC";"2020-10-14 22:00:00+00:00";"2015-12-16 23:00:00+00:00";"39";"76";"28";"2021";"NON";"OUI";"76568";"";"";"";"2021-10-06";"145665";""
"76569";"1499";"CC";"CC";"2009-07-15 22:00:00+00:00";"2005-04-13 22:00:00+00:00";"19";"76";"28";"2021";"NON";"NON";"200069839";"";"";"";"2021-10-06";"70021";""
"76573";"3399";"PLUi/PLUiS";"CC";"2021-04-11 22:00:00+00:00";"2015-09-16 22:00:00+00:00";"39";"76";"28";"2021";"OUI";"NON";"200070449";"";"";"";"2021-10-06";"143084";""
"76574";"1432";"CC";"CC";"2009-03-19 23:00:00+00:00";"2005-06-27 22:00:00+00:00";"13";"76";"28";"2021";"NON";"NON";"200068534";"";"";"";"2021-10-06";"67208";""
"76575";"3299";"PLUi/PLUiS";"MET";"2020-02-12 23:00:00+00:00";"2015-10-11 22:00:00+00:00";"39";"76";"28";"2021";"NON";"OUI";"200023414";"";"";"";"2021-10-06";"141735";""
"76576";"3432";"PLU";"CA";"2006-09-28 22:00:00+00:00";"2003-03-27 23:00:00+00:00";"33";"76";"28";"2021";"NON";"NON";"200010700";"";"";"";"2021-10-06";"54700";""
"76578";"1199";"CC";"COM";"2010-08-01 22:00:00+00:00";"2003-05-12 22:00:00+00:00";"19";"76";"28";"2021";"NON";"NON";"76578";"";"";"";"2021-10-06";"66491";""
"76584";"1199";"CC";"COM";"2007-08-26 22:00:00+00:00";"2001-12-31 23:00:00+00:00";"19";"76";"28";"2021";"NON";"NON";"76584";"";"";"";"2021-10-06";"80851";""
"76585";"1432";"CC";"CA";"2008-04-22 22:00:00+00:00";"2005-04-04 22:00:00+00:00";"13";"76";"28";"2021";"NON";"NON";"200010700";"";"";"";"2021-10-06";"80858";""
"76587";"3299";"PLUi/PLUiS";"CA";"2019-12-17 23:00:00+00:00";"2015-06-25 22:00:00+00:00";"39";"76";"28";"2021";"NON";"OUI";"200069821";"";"";"";"2021-10-06";"140643";""
"76591";"3299";"PLUi/PLUiS";"MET";"2020-02-12 23:00:00+00:00";"2015-10-11 22:00:00+00:00";"39";"76";"28";"2021";"NON";"OUI";"200023414";"";"";"";"2021-10-06";"141735";""
"76592";"3432";"PLU";"CA";"2008-12-17 23:00:00+00:00";"2002-12-18 23:00:00+00:00";"33";"76";"28";"2021";"NON";"NON";"200010700";"";"";"";"2021-10-06";"63225";""
"76593";"3432";"PLU";"CA";"2006-07-11 22:00:00+00:00";"2003-03-03 23:00:00+00:00";"33";"76";"28";"2021";"NON";"NON";"200010700";"";"";"";"2021-10-06";"96021";""
"76594";"3499";"PLU";"CC";"2018-02-12 23:00:00+00:00";"2014-09-03 22:00:00+00:00";"39";"76";"28";"2021";"NON";"NON";"200070449";"";"";"";"2021-10-06";"132137";""
"76595";"3432";"PLU";"CU";"2013-07-18 22:00:00+00:00";"2008-09-21 22:00:00+00:00";"33";"76";"28";"2021";"NON";"NON";"200084952";"";"";"";"2021-10-06";"63226";""
"76596";"3432";"PLU";"CU";"2018-10-17 22:00:00+00:00";"2015-07-01 22:00:00+00:00";"33";"76";"28";"2021";"NON";"NON";"200084952";"";"";"";"2021-10-06";"150529";""
"76597";"3199";"PLU";"COM";"2021-07-07 22:00:00+00:00";"2010-03-28 22:00:00+00:00";"39";"76";"28";"2021";"NON";"NON";"76597";"";"";"";"2021-10-06";"64180";""
"76599";"3299";"PLUi/PLUiS";"MET";"2020-02-12 23:00:00+00:00";"2015-10-11 22:00:00+00:00";"39";"76";"28";"2021";"NON";"OUI";"200023414";"";"";"";"2021-10-06";"141735";""
"76600";"3299";"PLUi/PLUiS";"CA";"2019-12-17 23:00:00+00:00";"2015-06-25 22:00:00+00:00";"39";"76";"28";"2021";"NON";"OUI";"200069821";"";"";"";"2021-10-06";"140643";""
"76601";"3199";"PLU";"COM";"2014-10-16 22:00:00+00:00";"2008-09-08 22:00:00+00:00";"39";"76";"28";"2021";"NON";"NON";"76601";"";"";"";"2021-10-06";"155100";""
"76603";"1432";"CC";"CC";"2007-06-06 22:00:00+00:00";"2003-12-31 23:00:00+00:00";"13";"76";"28";"2021";"NON";"NON";"247600505";"";"";"";"2021-10-06";"80867";""
"76608";"3299";"PLUi/PLUiS";"MET";"2020-02-12 23:00:00+00:00";"2015-10-11 22:00:00+00:00";"39";"76";"28";"2021";"NON";"OUI";"200023414";"";"";"";"2021-10-06";"141735";""
"76610";"3299";"PLUi/PLUiS";"CC";"2020-10-14 22:00:00+00:00";"2015-12-16 23:00:00+00:00";"39";"76";"28";"2021";"NON";"OUI";"76610";"";"";"";"2021-10-06";"145665";""
"76611";"1111";"CC";"COM";"2006-11-30 23:00:00+00:00";"2005-01-17 23:00:00+00:00";"11";"76";"28";"2021";"NON";"NON";"76611";"";"";"";"2021-10-06";"80879";""
"76614";"3299";"PLUi/PLUiS";"MET";"2020-02-12 23:00:00+00:00";"2015-10-11 22:00:00+00:00";"39";"76";"28";"2021";"NON";"OUI";"200023414";"";"";"";"2021-10-06";"141735";""
"76615";"3432";"PLU";"CU";"2016-01-25 23:00:00+00:00";"2009-03-23 23:00:00+00:00";"33";"76";"28";"2021";"NON";"NON";"200084952";"";"";"";"2021-10-06";"63244";""
"76616";"3432";"PLU";"CU";"2018-03-11 23:00:00+00:00";"2014-08-26 22:00:00+00:00";"33";"76";"28";"2021";"NON";"NON";"200084952";"";"";"";"2021-10-06";"132005";""
"76617";"3299";"PLUi/PLUiS";"MET";"2020-02-12 23:00:00+00:00";"2015-10-11 22:00:00+00:00";"39";"76";"28";"2021";"NON";"OUI";"200023414";"";"";"";"2021-10-06";"141735";""
"76618";"3432";"PLU";"CC";"2014-12-04 23:00:00+00:00";"2009-03-26 23:00:00+00:00";"33";"76";"28";"2021";"NON";"NON";"247600729";"";"";"";"2021-10-06";"63156";""
"76619";"3432";"PLU";"CC";"2014-12-17 23:00:00+00:00";"2002-10-09 22:00:00+00:00";"33";"76";"28";"2021";"NON";"NON";"247600729";"";"";"";"2021-10-06";"63232";""
"76624";"3432";"PLU";"CC";"2005-02-14 23:00:00+00:00";"2002-05-22 22:00:00+00:00";"33";"76";"28";"2021";"NON";"NON";"76624";"";"";"";"2021-10-06";"83403";""
"76626";"1432";"CC";"CA";"2008-05-05 22:00:00+00:00";"2003-12-31 23:00:00+00:00";"13";"76";"28";"2021";"NON";"NON";"200010700";"";"";"";"2021-10-06";"80889";""
"76627";"3432";"PLU";"CA";"2007-10-04 22:00:00+00:00";"2002-02-21 23:00:00+00:00";"33";"76";"28";"2021";"NON";"NON";"200010700";"";"";"";"2021-10-06";"96406";""
"76631";"3299";"PLUi/PLUiS";"MET";"2020-02-12 23:00:00+00:00";"2015-10-11 22:00:00+00:00";"39";"76";"28";"2021";"NON";"OUI";"200023414";"";"";"";"2021-10-06";"141735";""
"76632";"1432";"CC";"CC";"2009-08-06 22:00:00+00:00";"2004-07-15 22:00:00+00:00";"13";"76";"28";"2021";"NON";"NON";"200068534";"";"";"";"2021-10-06";"80906";""
"76634";"3299";"PLUi/PLUiS";"MET";"2020-02-12 23:00:00+00:00";"2015-10-11 22:00:00+00:00";"39";"76";"28";"2021";"NON";"OUI";"200023414";"";"";"";"2021-10-06";"141735";""
"76636";"3299";"PLUi/PLUiS";"MET";"2020-02-12 23:00:00+00:00";"2015-10-11 22:00:00+00:00";"39";"76";"28";"2021";"NON";"OUI";"200023414";"";"";"";"2021-10-06";"141735";""
"76637";"3299";"PLUi/PLUiS";"CA";"2019-12-17 23:00:00+00:00";"2015-06-25 22:00:00+00:00";"39";"76";"28";"2021";"NON";"OUI";"200069821";"";"";"";"2021-10-06";"140643";""
"76638";"3432";"PLU";"CC";"2019-12-11 23:00:00+00:00";"2010-03-23 23:00:00+00:00";"33";"76";"28";"2021";"NON";"NON";"247600588";"";"";"";"2021-10-06";"63245";""
"76640";"3299";"PLUi/PLUiS";"MET";"2020-02-12 23:00:00+00:00";"2015-10-11 22:00:00+00:00";"39";"76";"28";"2021";"NON";"OUI";"200023414";"";"";"";"2021-10-06";"141735";""
"76641";"1499";"CC";"CC";"2014-04-28 22:00:00+00:00";"2009-10-18 22:00:00+00:00";"19";"76";"28";"2021";"NON";"NON";"200069839";"";"";"";"2021-10-06";"67209";""
"76642";"1499";"CC";"CC";"2021-04-22 22:00:00+00:00";"2017-10-23 22:00:00+00:00";"19";"76";"28";"2021";"NON";"NON";"200069839";"";"";"";"2021-10-06";"159939";""
"76646";"3499";"PLU";"CC";"2017-02-09 23:00:00+00:00";"2002-10-06 22:00:00+00:00";"39";"76";"28";"2021";"NON";"NON";"200069839";"";"";"";"2021-10-06";"96540";""
"76647";"3432";"PLU";"CU";"2006-10-25 22:00:00+00:00";"2001-12-05 23:00:00+00:00";"33";"76";"28";"2021";"NON";"NON";"200084952";"";"";"";"2021-10-06";"54721";""
"76648";"3199";"PLU";"COM";"2017-03-20 23:00:00+00:00";"2009-09-30 22:00:00+00:00";"39";"76";"28";"2021";"NON";"NON";"76648";"";"";"";"2021-10-06";"63746";""
"76649";"1199";"CC";"COM";"2005-01-23 23:00:00+00:00";"2003-05-20 22:00:00+00:00";"19";"76";"28";"2021";"NON";"NON";"76649";"";"";"";"2021-10-06";"80919";""
"76650";"3432";"PLU";"CC";"2017-02-05 23:00:00+00:00";"2011-04-28 22:00:00+00:00";"33";"76";"28";"2021";"NON";"NON";"247600505";"";"";"";"2021-10-06";"63238";""
"76651";"3499";"PLU";"CC";"2009-02-09 23:00:00+00:00";"2004-05-24 22:00:00+00:00";"39";"76";"28";"2021";"NON";"NON";"200069839";"";"";"";"2021-10-06";"54722";""
"76652";"1432";"CC";"CC";"2006-06-25 22:00:00+00:00";"2003-09-25 22:00:00+00:00";"13";"76";"28";"2021";"NON";"NON";"76652";"";"";"";"2021-10-06";"70020";""
"76655";"3499";"PLU";"CC";"2018-06-13 22:00:00+00:00";"2011-04-11 22:00:00+00:00";"39";"76";"28";"2021";"NON";"NON";"200069839";"";"";"";"2021-10-06";"96652";""
"76657";"3432";"PLU";"CU";"2006-07-19 22:00:00+00:00";"2002-07-21 22:00:00+00:00";"33";"76";"28";"2021";"NON";"NON";"200084952";"";"";"";"2021-10-06";"96700";""
"76658";"1432";"CC";"CU";"2019-12-18 23:00:00+00:00";"2015-06-04 22:00:00+00:00";"13";"76";"28";"2021";"NON";"NON";"200084952";"";"";"";"2021-10-06";"155290";""
"76663";"3299";"PLUi/PLUiS";"CA";"2019-12-17 23:00:00+00:00";"2015-06-25 22:00:00+00:00";"39";"76";"28";"2021";"NON";"OUI";"200069821";"";"";"";"2021-10-06";"140643";""
"76665";"1432";"CC";"CC";"2005-09-13 22:00:00+00:00";"2002-03-24 23:00:00+00:00";"13";"76";"28";"2021";"NON";"NON";"76665";"";"";"";"2021-10-06";"68573";""
"76667";"1199";"CC";"COM";"2007-05-29 22:00:00+00:00";"2004-09-19 22:00:00+00:00";"19";"76";"28";"2021";"NON";"NON";"76667";"";"";"";"2021-10-06";"68574";""
"76670";"3299";"PLUi/PLUiS";"CA";"2019-12-17 23:00:00+00:00";"2015-06-25 22:00:00+00:00";"39";"76";"28";"2021";"NON";"OUI";"200069821";"";"";"";"2021-10-06";"140643";""
"76673";"3399";"PLUi/PLUiS";"CC";"2021-04-11 22:00:00+00:00";"2015-09-16 22:00:00+00:00";"39";"76";"28";"2021";"OUI";"NON";"200070449";"";"";"";"2021-10-06";"143084";""
"76676";"3199";"PLU";"COM";"2014-10-16 22:00:00+00:00";"2008-09-08 22:00:00+00:00";"39";"76";"28";"2021";"NON";"NON";"76676";"";"";"";"2021-10-06";"49891";""
"76677";"1499";"CC";"CC";"2010-10-10 22:00:00+00:00";"2009-03-26 23:00:00+00:00";"19";"76";"28";"2021";"NON";"NON";"76677";"";"";"";"2021-10-06";"69990";""
"76678";"1199";"CC";"COM";"2005-10-04 22:00:00+00:00";"2002-04-11 22:00:00+00:00";"19";"76";"28";"2021";"NON";"NON";"76678";"";"";"";"2021-10-06";"116037";""
"76680";"3299";"PLUi/PLUiS";"CA";"2019-12-17 23:00:00+00:00";"2015-06-25 22:00:00+00:00";"39";"76";"28";"2021";"NON";"OUI";"200069821";"";"";"";"2021-10-06";"140643";""
"76681";"3299";"PLUi/PLUiS";"MET";"2020-02-12 23:00:00+00:00";"2015-10-11 22:00:00+00:00";"39";"76";"28";"2021";"NON";"OUI";"200023414";"";"";"";"2021-10-06";"141735";""
"76682";"3299";"PLUi/PLUiS";"MET";"2020-02-12 23:00:00+00:00";"2015-10-11 22:00:00+00:00";"39";"76";"28";"2021";"NON";"OUI";"200023414";"";"";"";"2021-10-06";"141735";""
"76684";"3432";"PLU";"CA";"2017-09-25 22:00:00+00:00";"2013-06-23 22:00:00+00:00";"33";"76";"28";"2021";"NON";"NON";"200010700";"";"";"";"2021-10-06";"63247";""
"76685";"3299";"PLUi/PLUiS";"CA";"2019-12-17 23:00:00+00:00";"2015-06-25 22:00:00+00:00";"39";"76";"28";"2021";"NON";"OUI";"200069821";"";"";"";"2021-10-06";"140643";""
"76686";"3299";"PLUi/PLUiS";"CA";"2019-12-17 23:00:00+00:00";"2015-06-25 22:00:00+00:00";"39";"76";"28";"2021";"NON";"OUI";"200069821";"";"";"";"2021-10-06";"140643";""
"76688";"3299";"PLUi/PLUiS";"CA";"2019-12-17 23:00:00+00:00";"2015-06-25 22:00:00+00:00";"39";"76";"28";"2021";"NON";"OUI";"200069821";"";"";"";"2021-10-06";"140643";""
"76689";"3299";"PLUi/PLUiS";"CA";"2019-12-17 23:00:00+00:00";"2015-06-25 22:00:00+00:00";"39";"76";"28";"2021";"NON";"OUI";"200069821";"";"";"";"2021-10-06";"140643";""
"76693";"3432";"PLU";"CU";"2015-08-30 22:00:00+00:00";"2006-07-23 22:00:00+00:00";"33";"76";"28";"2021";"NON";"NON";"200084952";"";"";"";"2021-10-06";"49893";""
"76698";"1432";"CC";"CC";"2009-01-25 23:00:00+00:00";"2004-02-05 23:00:00+00:00";"13";"76";"28";"2021";"NON";"NON";"200068534";"";"";"";"2021-10-06";"66499";""
"76699";"1199";"CC";"COM";"2015-12-20 23:00:00+00:00";"2008-10-30 23:00:00+00:00";"19";"76";"28";"2021";"NON";"NON";"76699";"";"";"";"2021-10-06";"67213";""
"76702";"3299";"PLUi/PLUiS";"CC";"2020-10-14 22:00:00+00:00";"2015-12-16 23:00:00+00:00";"39";"76";"28";"2021";"NON";"OUI";"76702";"";"";"";"2021-10-06";"145665";""
"76705";"3299";"PLUi/PLUiS";"MET";"2020-02-12 23:00:00+00:00";"2015-10-11 22:00:00+00:00";"39";"76";"28";"2021";"NON";"OUI";"200023414";"";"";"";"2021-10-06";"141735";""
"76706";"3299";"PLUi/PLUiS";"CA";"2019-12-17 23:00:00+00:00";"2015-06-25 22:00:00+00:00";"39";"76";"28";"2021";"NON";"OUI";"200069821";"";"";"";"2021-10-06";"140643";""
"76707";"3199";"PLU";"COM";"2019-06-11 22:00:00+00:00";"2010-09-23 22:00:00+00:00";"39";"76";"28";"2021";"NON";"NON";"76707";"";"";"";"2021-10-06";"63257";""
"76708";"3299";"PLUi/PLUiS";"CA";"2019-12-17 23:00:00+00:00";"2015-06-25 22:00:00+00:00";"39";"76";"28";"2021";"NON";"OUI";"200069821";"";"";"";"2021-10-06";"140643";""
"76709";"3299";"PLUi/PLUiS";"MET";"2020-02-12 23:00:00+00:00";"2015-10-11 22:00:00+00:00";"39";"76";"28";"2021";"NON";"OUI";"200023414";"";"";"";"2021-10-06";"141735";""
"76711";"3432";"PLU";"CC";"2007-12-19 23:00:00+00:00";"2003-04-07 22:00:00+00:00";"33";"76";"28";"2021";"NON";"NON";"76711";"";"";"";"2021-10-06";"63250";""
"76712";"3432";"PLU";"CA";"2014-01-15 23:00:00+00:00";"2004-02-01 23:00:00+00:00";"33";"76";"28";"2021";"NON";"NON";"200010700";"";"";"";"2021-10-06";"63251";""
"76714";"3432";"PLU";"CU";"2018-06-24 22:00:00+00:00";"2015-03-26 23:00:00+00:00";"33";"76";"28";"2021";"NON";"NON";"200084952";"";"";"";"2021-10-06";"135226";""
"76715";"3432";"PLU";"CA";"2013-12-11 23:00:00+00:00";"2008-10-02 22:00:00+00:00";"33";"76";"28";"2021";"NON";"NON";"200010700";"";"";"";"2021-10-06";"63252";""
"76716";"3432";"PLU";"CU";"2016-12-04 23:00:00+00:00";"2009-04-26 22:00:00+00:00";"33";"76";"28";"2021";"NON";"NON";"200084952";"";"";"";"2021-10-06";"63260";""
"76717";"3299";"PLUi/PLUiS";"MET";"2020-02-12 23:00:00+00:00";"2015-10-11 22:00:00+00:00";"39";"76";"28";"2021";"NON";"OUI";"200023414";"";"";"";"2021-10-06";"141735";""
"76718";"3299";"PLUi/PLUiS";"CC";"2020-10-14 22:00:00+00:00";"2015-12-16 23:00:00+00:00";"39";"76";"28";"2021";"NON";"OUI";"76718";"";"";"";"2021-10-06";"145665";""
"76719";"3299";"PLUi/PLUiS";"CA";"2019-12-17 23:00:00+00:00";"2015-06-25 22:00:00+00:00";"39";"76";"28";"2021";"NON";"OUI";"200069821";"";"";"";"2021-10-06";"140643";""
"76720";"3199";"PLU";"COM";"2007-10-04 22:00:00+00:00";"2004-01-29 23:00:00+00:00";"39";"76";"28";"2021";"NON";"NON";"76720";"";"";"";"2021-10-06";"54733";""
"76721";"1432";"CC";"CC";"2016-09-18 22:00:00+00:00";"2009-03-29 22:00:00+00:00";"13";"76";"28";"2021";"NON";"NON";"200068534";"";"";"";"2021-10-06";"67214";""
"76723";"1432";"CC";"CC";"2014-06-05 22:00:00+00:00";"2008-10-01 22:00:00+00:00";"13";"76";"28";"2021";"NON";"NON";"200068534";"";"";"";"2021-10-06";"66500";""
"76725";"1432";"CC";"CC";"2011-06-27 22:00:00+00:00";"2003-12-31 23:00:00+00:00";"13";"76";"28";"2021";"NON";"NON";"247600505";"";"";"";"2021-10-06";"88410";""
"76726";"3299";"PLUi/PLUiS";"CA";"2019-12-17 23:00:00+00:00";"2015-06-25 22:00:00+00:00";"39";"76";"28";"2021";"NON";"OUI";"200069821";"";"";"";"2021-10-06";"140643";""
"76727";"3432";"PLU";"CA";"2008-01-11 23:00:00+00:00";"2002-03-21 23:00:00+00:00";"33";"76";"28";"2021";"NON";"NON";"200010700";"";"";"";"2021-10-06";"54734";""
"76728";"3499";"PLU";"CC";"2008-12-09 23:00:00+00:00";"2002-06-04 22:00:00+00:00";"39";"76";"28";"2021";"NON";"NON";"200070449";"";"";"";"2021-10-06";"98018";""
"76734";"3432";"PLU";"CU";"2018-02-15 23:00:00+00:00";"2015-02-10 23:00:00+00:00";"33";"76";"28";"2021";"NON";"NON";"200084952";"";"";"";"2021-10-06";"105965";""
"76737";"3199";"PLU";"COM";"2008-05-26 22:00:00+00:00";"2003-10-12 22:00:00+00:00";"39";"76";"28";"2021";"NON";"NON";"76737";"";"";"";"2021-10-06";"54737";""
"76738";"3499";"PLU";"CC";"2014-12-08 23:00:00+00:00";"2012-04-09 22:00:00+00:00";"39";"76";"28";"2021";"NON";"NON";"200070449";"";"";"";"2021-10-06";"107065";""
"76739";"3499";"PLU";"CC";"2006-05-14 22:00:00+00:00";"2002-01-17 23:00:00+00:00";"39";"76";"28";"2021";"NON";"NON";"200069722";"";"";"";"2021-10-06";"98130";""
"76740";"3399";"PLUi/PLUiS";"CC";"2021-04-11 22:00:00+00:00";"2015-09-16 22:00:00+00:00";"39";"76";"28";"2021";"OUI";"NON";"200070449";"";"";"";"2021-10-06";"143084";""
"76741";"3432";"PLU";"CU";"2010-03-29 22:00:00+00:00";"2007-06-17 22:00:00+00:00";"33";"76";"28";"2021";"NON";"NON";"200084952";"";"";"";"2021-10-06";"54740";""
"76745";"3432";"PLU";"CC";"2009-03-05 23:00:00+00:00";"2006-07-18 22:00:00+00:00";"33";"76";"28";"2021";"NON";"NON";"247600729";"";"";"";"2021-10-06";"57036";""
"76747";"1432";"CC";"CC";"2007-09-20 22:00:00+00:00";"2006-01-31 23:00:00+00:00";"13";"76";"28";"2021";"NON";"NON";"247600505";"";"";"";"2021-10-06";"69993";""
"76748";"3499";"PLU";"CC";"2016-09-15 22:00:00+00:00";"2005-01-27 23:00:00+00:00";"39";"76";"28";"2021";"NON";"NON";"200069839";"";"";"";"2021-10-06";"63263";""
"76749";"1499";"CC";"CC";"2009-12-23 23:00:00+00:00";"2004-07-01 22:00:00+00:00";"19";"76";"28";"2021";"NON";"NON";"76749";"";"";"";"2021-10-06";"69994";""
"76750";"3299";"PLUi/PLUiS";"MET";"2020-02-12 23:00:00+00:00";"2015-10-11 22:00:00+00:00";"39";"76";"28";"2021";"NON";"OUI";"200023414";"";"";"";"2021-10-06";"141735";""
"76751";"3432";"PLU";"CA";"2017-06-26 22:00:00+00:00";"2013-03-14 23:00:00+00:00";"33";"76";"28";"2021";"NON";"NON";"200010700";"";"";"";"2021-10-06";"120988";""
"76752";"3199";"PLU";"COM";"2006-07-16 22:00:00+00:00";"1997-11-09 23:00:00+00:00";"39";"76";"28";"2021";"NON";"NON";"76752";"";"";"";"2021-10-06";"78706";""
"76753";"3299";"PLUi/PLUiS";"MET";"2020-02-12 23:00:00+00:00";"2015-10-11 22:00:00+00:00";"39";"76";"28";"2021";"NON";"OUI";"200023414";"";"";"";"2021-10-06";"141735";""
"76754";"3299";"PLUi/PLUiS";"CA";"2019-12-17 23:00:00+00:00";"2015-06-25 22:00:00+00:00";"39";"76";"28";"2021";"NON";"OUI";"200069821";"";"";"";"2021-10-06";"140643";""
"76755";"3299";"PLUi/PLUiS";"CA";"2019-12-17 23:00:00+00:00";"2015-06-25 22:00:00+00:00";"39";"76";"28";"2021";"NON";"OUI";"200069821";"";"";"";"2021-10-06";"140643";""
"76756";"3499";"PLU";"CC";"2014-03-12 23:00:00+00:00";"2008-07-02 22:00:00+00:00";"39";"76";"28";"2021";"NON";"NON";"200070449";"";"";"";"2021-10-06";"63266";""
"76757";"1199";"CC";"COM";"2009-04-05 22:00:00+00:00";"2007-01-04 23:00:00+00:00";"19";"76";"28";"2021";"NON";"NON";"76757";"";"";"";"2021-10-06";"66502";""
"76758";"3299";"PLUi/PLUiS";"CC";"2020-10-14 22:00:00+00:00";"2015-12-16 23:00:00+00:00";"39";"76";"28";"2021";"NON";"OUI";"76758";"";"";"";"2021-10-06";"145665";""
"76759";"3299";"PLUi/PLUiS";"MET";"2020-02-12 23:00:00+00:00";"2015-10-11 22:00:00+00:00";"39";"76";"28";"2021";"NON";"OUI";"200023414";"";"";"";"2021-10-06";"141735";""
"77002";"3499";"PLU";"CA";"2011-10-11 22:00:00+00:00";"2006-11-22 23:00:00+00:00";"39";"77";"11";"2021";"NON";"NON";"77002";"";"";"";"2021-10-06";"39345";""
"77003";"3199";"PLU";"COM";"2012-11-14 23:00:00+00:00";"2005-06-27 22:00:00+00:00";"39";"77";"11";"2021";"NON";"NON";"77003";"";"";"";"2021-10-06";"10009";""
"77004";"3199";"PLU";"COM";"2008-06-01 22:00:00+00:00";"2006-10-09 22:00:00+00:00";"39";"77";"11";"2021";"NON";"NON";"77004";"";"";"";"2021-10-06";"4088";""
"77005";"3199";"PLU";"COM";"2018-10-16 22:00:00+00:00";"2010-11-17 23:00:00+00:00";"39";"77";"11";"2021";"NON";"NON";"77005";"";"";"";"2021-10-06";"41258";""
"77006";"3432";"PLU";"CA";"2018-03-28 22:00:00+00:00";"2013-04-03 22:00:00+00:00";"33";"77";"11";"2021";"NON";"NON";"200072346";"";"";"";"2021-10-06";"121312";""
"77009";"1199";"CC";"COM";"2020-08-10 22:00:00+00:00";"2018-05-23 22:00:00+00:00";"19";"77";"11";"2021";"NON";"NON";"77009";"";"";"";"2021-10-06";"177795";""
"77010";"3199";"PLU";"COM";"2010-09-13 22:00:00+00:00";"2007-02-05 23:00:00+00:00";"39";"77";"11";"2021";"NON";"NON";"77010";"";"";"";"2021-10-06";"32359";""
"77011";"3199";"PLU";"COM";"2020-01-16 23:00:00+00:00";"2013-06-27 22:00:00+00:00";"39";"77";"11";"2021";"NON";"NON";"77011";"";"";"";"2021-10-06";"123245";""
"77012";"3131";"PLU";"COM";"2008-01-06 23:00:00+00:00";"2005-06-09 22:00:00+00:00";"33";"77";"11";"2021";"NON";"NON";"77012";"";"";"";"2021-10-06";"32358";""
"77014";"3332";"PLUi/PLUiS";"CA";"2010-11-23 23:00:00+00:00";"2002-03-19 23:00:00+00:00";"33";"77";"11";"2021";"OUI";"NON";"200072346";"";"";"";"2021-10-06";"48901";""
"77015";"1432";"CC";"CC";"2012-08-13 22:00:00+00:00";"2010-07-04 22:00:00+00:00";"13";"77";"11";"2021";"NON";"NON";"200040251";"";"";"";"2021-10-06";"42046";""
"77016";"3199";"PLU";"COM";"2018-04-09 22:00:00+00:00";"2015-02-15 23:00:00+00:00";"39";"77";"11";"2021";"NON";"NON";"77016";"";"";"";"2021-10-06";"135400";""
"77018";"3332";"PLUi/PLUiS";"CA";"2016-07-06 22:00:00+00:00";"2012-03-07 23:00:00+00:00";"33";"77";"11";"2021";"OUI";"NON";"247700339";"";"";"";"2021-10-06";"129462";""
"77020";"3199";"PLU";"COM";"2020-11-25 23:00:00+00:00";"2013-02-20 23:00:00+00:00";"39";"77";"11";"2021";"NON";"NON";"77020";"";"";"";"2021-10-06";"75858";""
"77021";"3199";"PLU";"COM";"2019-02-13 23:00:00+00:00";"2015-11-04 23:00:00+00:00";"39";"77";"11";"2021";"NON";"NON";"77021";"";"";"";"2021-10-06";"143287";""
"77022";"3432";"PLU";"CA";"2020-02-05 23:00:00+00:00";"2014-11-05 23:00:00+00:00";"33";"77";"11";"2021";"NON";"NON";"200072346";"";"";"";"2021-10-06";"131463";""
"77023";"3199";"PLU";"COM";"2013-04-03 22:00:00+00:00";"2009-05-11 22:00:00+00:00";"39";"77";"11";"2021";"NON";"NON";"77023";"";"";"";"2021-10-06";"38273";""
"77024";"3499";"PLU";"CA";"2018-05-23 22:00:00+00:00";"2011-10-24 22:00:00+00:00";"39";"77";"11";"2021";"NON";"NON";"77024";"";"";"";"2021-10-06";"84473";""
"77025";"1432";"CC";"CC";"2005-01-26 23:00:00+00:00";"2003-07-30 22:00:00+00:00";"13";"77";"11";"2021";"NON";"NON";"200040251";"";"";"";"2021-10-06";"68575";""
"77026";"3199";"PLU";"COM";"2019-07-26 22:00:00+00:00";"2011-02-13 23:00:00+00:00";"39";"77";"11";"2021";"NON";"NON";"77026";"";"";"";"2021-10-06";"44064";""
"77027";"3199";"PLU";"COM";"2008-08-27 22:00:00+00:00";"2002-03-28 23:00:00+00:00";"39";"77";"11";"2021";"NON";"NON";"77027";"";"";"";"2021-10-06";"33504";""
"77030";"3432";"PLU";"CC";"2016-07-07 22:00:00+00:00";"2012-04-26 22:00:00+00:00";"33";"77";"11";"2021";"NON";"NON";"200072544";"";"";"";"2021-10-06";"107598";""
"77031";"3199";"PLU";"COM";"2017-02-23 23:00:00+00:00";"2011-09-22 22:00:00+00:00";"39";"77";"11";"2021";"NON";"NON";"77031";"";"";"";"2021-10-06";"77354";""
"77032";"3199";"PLU";"COM";"2014-09-14 22:00:00+00:00";"2009-05-04 22:00:00+00:00";"39";"77";"11";"2021";"NON";"NON";"77032";"";"";"";"2021-10-06";"38487";""
"77033";"1199";"CC";"COM";"2004-06-09 22:00:00+00:00";"2001-11-26 23:00:00+00:00";"19";"77";"11";"2021";"NON";"NON";"77033";"";"";"";"2021-10-06";"68576";""
"77034";"3199";"PLU";"COM";"2013-02-14 23:00:00+00:00";"2002-10-07 22:00:00+00:00";"39";"77";"11";"2021";"NON";"NON";"77034";"";"";"";"2021-10-06";"63270";""
"77035";"3199";"PLU";"COM";"2020-09-21 22:00:00+00:00";"2015-06-11 22:00:00+00:00";"39";"77";"11";"2021";"NON";"NON";"77035";"";"";"";"2021-10-06";"139871";""
"77036";"1199";"CC";"COM";"2007-12-05 23:00:00+00:00";"2005-12-22 23:00:00+00:00";"19";"77";"11";"2021";"NON";"NON";"77036";"";"";"";"2021-10-06";"28819";""
"77037";"3432";"PLU";"CA";"2005-02-08 23:00:00+00:00";"2001-06-26 22:00:00+00:00";"33";"77";"11";"2021";"NON";"NON";"200072346";"";"";"";"2021-10-06";"54761";""
"77038";"3199";"PLU";"COM";"2018-09-20 22:00:00+00:00";"2014-09-11 22:00:00+00:00";"39";"77";"11";"2021";"NON";"NON";"77038";"";"";"";"2021-10-06";"133182";""
"77039";"3199";"PLU";"COM";"2016-03-09 23:00:00+00:00";"2013-09-26 22:00:00+00:00";"39";"77";"11";"2021";"NON";"NON";"77039";"";"";"";"2021-10-06";"124815";""
"77041";"3432";"PLU";"CA";"2018-02-14 23:00:00+00:00";"2014-05-19 22:00:00+00:00";"33";"77";"11";"2021";"NON";"NON";"200072346";"";"";"";"2021-10-06";"130470";""
"77042";"3434";"PLU";"CA";"2011-10-17 22:00:00+00:00";"2008-05-26 22:00:00+00:00";"33";"77";"11";"2021";"NON";"NON";"77042";"";"";"";"2021-10-06";"35232";""
"77043";"3432";"PLU";"CC";"2019-09-18 22:00:00+00:00";"2015-09-09 22:00:00+00:00";"33";"77";"11";"2021";"NON";"NON";"200072544";"";"";"";"2021-10-06";"148736";""
"77044";"3199";"PLU";"COM";"2016-04-13 22:00:00+00:00";"2010-05-24 22:00:00+00:00";"39";"77";"11";"2021";"NON";"NON";"77044";"";"";"";"2021-10-06";"36427";""
"77045";"1199";"CC";"COM";"2010-03-10 23:00:00+00:00";"2009-12-16 23:00:00+00:00";"19";"77";"11";"2021";"NON";"NON";"77045";"";"";"";"2021-10-06";"41403";""
"77046";"3199";"PLU";"COM";"2006-12-18 23:00:00+00:00";"2004-01-11 23:00:00+00:00";"39";"77";"11";"2021";"NON";"NON";"77046";"";"";"";"2021-10-06";"32583";""
"77047";"3499";"PLU";"CA";"2014-03-16 23:00:00+00:00";"2012-03-08 23:00:00+00:00";"39";"77";"11";"2021";"NON";"NON";"200090504";"";"";"";"2021-10-06";"104809";""
"77048";"3432";"PLU";"CA";"2013-06-05 22:00:00+00:00";"2007-12-11 23:00:00+00:00";"33";"77";"11";"2021";"NON";"NON";"200072346";"";"";"";"2021-10-06";"33513";""
"77049";"3199";"PLU";"COM";"2018-12-20 23:00:00+00:00";"2014-11-20 23:00:00+00:00";"39";"77";"11";"2021";"NON";"NON";"77049";"";"";"";"2021-10-06";"133907";""
"77050";"1199";"CC";"COM";"2020-08-11 22:00:00+00:00";"2015-12-17 23:00:00+00:00";"19";"77";"11";"2021";"NON";"NON";"77050";"";"";"";"2021-10-06";"148726";""
"77053";"3199";"PLU";"COM";"2012-12-17 23:00:00+00:00";"2009-12-16 23:00:00+00:00";"39";"77";"11";"2021";"NON";"NON";"77053";"";"";"";"2021-10-06";"40486";""
"77054";"3199";"PLU";"COM";"2018-06-25 22:00:00+00:00";"2014-09-18 22:00:00+00:00";"39";"77";"11";"2021";"NON";"NON";"77054";"";"";"";"2021-10-06";"132401";""
"77055";"3199";"PLU";"COM";"2014-02-23 23:00:00+00:00";"2010-02-04 23:00:00+00:00";"39";"77";"11";"2021";"NON";"NON";"77055";"";"";"";"2021-10-06";"40971";""
"77057";"3499";"PLU";"CA";"2016-03-03 23:00:00+00:00";"2012-05-01 22:00:00+00:00";"39";"77";"11";"2021";"NON";"NON";"77057";"";"";"";"2021-10-06";"106660";""
"77058";"3199";"PLU";"COM";"2012-11-13 23:00:00+00:00";"2010-03-01 23:00:00+00:00";"39";"77";"11";"2021";"NON";"NON";"77058";"";"";"";"2021-10-06";"37303";""
"77059";"3199";"PLU";"COM";"2020-06-18 22:00:00+00:00";"2016-02-04 23:00:00+00:00";"39";"77";"11";"2021";"NON";"NON";"77059";"";"";"";"2021-10-06";"149253";""
"77060";"3199";"PLU";"COM";"2018-01-28 23:00:00+00:00";"2014-06-01 22:00:00+00:00";"39";"77";"11";"2021";"NON";"NON";"77060";"";"";"";"2021-10-06";"130469";""
"77061";"3199";"PLU";"COM";"2018-06-11 22:00:00+00:00";"2015-12-09 23:00:00+00:00";"39";"77";"11";"2021";"NON";"NON";"77061";"";"";"";"2021-10-06";"147968";""
"77062";"3131";"PLU";"COM";"2010-02-25 23:00:00+00:00";"2006-09-14 22:00:00+00:00";"33";"77";"11";"2021";"NON";"NON";"77062";"";"";"";"2021-10-06";"33917";""
"77063";"3499";"PLU";"CA";"2018-05-23 22:00:00+00:00";"2014-12-05 23:00:00+00:00";"39";"77";"11";"2021";"NON";"NON";"77063";"";"";"";"2021-10-06";"132868";""
"77065";"3432";"PLU";"CA";"2013-03-26 23:00:00+00:00";"2009-02-01 23:00:00+00:00";"33";"77";"11";"2021";"NON";"NON";"200072346";"";"";"";"2021-10-06";"37468";""
"77066";"3199";"PLU";"COM";"2008-02-17 23:00:00+00:00";"2005-03-28 22:00:00+00:00";"39";"77";"11";"2021";"NON";"NON";"77066";"";"";"";"2021-10-06";"9540";""
"77067";"3131";"PLU";"COM";"2003-12-15 23:00:00+00:00";"2003-12-15 23:00:00+00:00";"33";"77";"11";"2021";"NON";"NON";"77067";"";"";"";"2021-10-06";"54779";""
"77068";"1432";"CC";"CC";"2004-08-19 22:00:00+00:00";"2003-07-01 22:00:00+00:00";"13";"77";"11";"2021";"NON";"NON";"200040251";"";"";"";"2021-10-06";"68577";""
"77069";"3432";"PLU";"CA";"2015-12-21 23:00:00+00:00";"2001-11-08 23:00:00+00:00";"33";"77";"11";"2021";"NON";"NON";"200072346";"";"";"";"2021-10-06";"63271";""
"77070";"3499";"PLU";"CA";"2014-03-06 23:00:00+00:00";"2011-06-16 22:00:00+00:00";"39";"77";"11";"2021";"NON";"NON";"77070";"";"";"";"2021-10-06";"75790";""
"77071";"1199";"CC";"COM";"2010-06-16 22:00:00+00:00";"2005-01-17 23:00:00+00:00";"19";"77";"11";"2021";"NON";"NON";"77071";"";"";"";"2021-10-06";"41009";""
"77073";"3199";"PLU";"COM";"2017-09-18 22:00:00+00:00";"2014-04-28 22:00:00+00:00";"39";"77";"11";"2021";"NON";"NON";"77073";"";"";"";"2021-10-06";"130132";""
"77075";"3131";"PLU";"COM";"2018-12-19 23:00:00+00:00";"2015-09-30 22:00:00+00:00";"33";"77";"11";"2021";"NON";"NON";"77075";"";"";"";"2021-10-06";"141887";""
"77076";"3432";"PLU";"CC";"2014-03-09 23:00:00+00:00";"2010-06-29 22:00:00+00:00";"33";"77";"11";"2021";"NON";"NON";"200040251";"";"";"";"2021-10-06";"42049";""
"77077";"3199";"PLU";"COM";"2013-03-17 23:00:00+00:00";"2010-10-04 22:00:00+00:00";"39";"77";"11";"2021";"NON";"NON";"77077";"";"";"";"2021-10-06";"41563";""
"77078";"3499";"PLU";"CA";"2017-12-12 23:00:00+00:00";"2014-06-04 22:00:00+00:00";"39";"77";"11";"2021";"NON";"NON";"77078";"";"";"";"2021-10-06";"130450";""
"77079";"3199";"PLU";"COM";"2021-04-13 22:00:00+00:00";"2017-03-06 23:00:00+00:00";"39";"77";"11";"2021";"NON";"NON";"77079";"";"";"";"2021-10-06";"155655";""
"77080";"1199";"CC";"COM";"2019-12-15 23:00:00+00:00";"2017-05-29 22:00:00+00:00";"19";"77";"11";"2021";"NON";"NON";"77080";"";"";"";"2021-10-06";"156748";""
"77081";"3199";"PLU";"COM";"2009-01-22 23:00:00+00:00";"2004-01-19 23:00:00+00:00";"39";"77";"11";"2021";"NON";"NON";"77081";"";"";"";"2021-10-06";"33506";""
"77082";"3131";"PLU";"COM";"2005-09-25 22:00:00+00:00";"2002-04-04 22:00:00+00:00";"33";"77";"11";"2021";"NON";"NON";"77082";"";"";"";"2021-10-06";"54786";""
"77083";"3199";"PLU";"COM";"2017-02-26 23:00:00+00:00";"2009-05-17 22:00:00+00:00";"39";"77";"11";"2021";"NON";"NON";"77083";"";"";"";"2021-10-06";"38343";""
"77084";"3434";"PLU";"CA";"2013-06-19 22:00:00+00:00";"2010-07-18 22:00:00+00:00";"33";"77";"11";"2021";"NON";"NON";"77084";"";"";"";"2021-10-06";"41400";""
"77085";"3131";"PLU";"COM";"2004-12-03 23:00:00+00:00";"2001-06-28 22:00:00+00:00";"33";"77";"11";"2021";"NON";"NON";"77085";"";"";"";"2021-10-06";"54788";""
"77086";"3131";"PLU";"COM";"2017-06-29 22:00:00+00:00";"2014-10-23 22:00:00+00:00";"33";"77";"11";"2021";"NON";"NON";"77086";"";"";"";"2021-10-06";"135046";""
"77087";"3199";"PLU";"COM";"2018-10-01 22:00:00+00:00";"2013-12-20 23:00:00+00:00";"39";"77";"11";"2021";"NON";"NON";"77087";"";"";"";"2021-10-06";"129661";""
"77088";"3432";"PLU";"CA";"2017-12-13 23:00:00+00:00";"2014-07-07 22:00:00+00:00";"33";"77";"11";"2021";"NON";"NON";"200072346";"";"";"";"2021-10-06";"130972";""
"77089";"3199";"PLU";"COM";"2017-05-11 22:00:00+00:00";"2013-07-04 22:00:00+00:00";"39";"77";"11";"2021";"NON";"NON";"77089";"";"";"";"2021-10-06";"122691";""
"77091";"3199";"PLU";"COM";"2020-07-16 22:00:00+00:00";"2014-11-05 23:00:00+00:00";"39";"77";"11";"2021";"NON";"NON";"77091";"";"";"";"2021-10-06";"134065";""
"77095";"3199";"PLU";"COM";"2019-02-04 23:00:00+00:00";"2016-06-28 22:00:00+00:00";"39";"77";"11";"2021";"NON";"NON";"77095";"";"";"";"2021-10-06";"150690";""
"77096";"3432";"PLU";"CA";"2006-10-05 22:00:00+00:00";"2003-12-17 23:00:00+00:00";"33";"77";"11";"2021";"NON";"NON";"200072346";"";"";"";"2021-10-06";"13764";""
"77097";"1432";"CC";"CC";"2013-12-02 23:00:00+00:00";"2010-09-16 22:00:00+00:00";"13";"77";"11";"2021";"NON";"NON";"200072544";"";"";"";"2021-10-06";"76480";""
"77098";"1131";"CC";"COM";"2014-03-27 23:00:00+00:00";"2004-09-15 22:00:00+00:00";"13";"77";"11";"2021";"NON";"NON";"77098";"";"";"";"2021-10-06";"41324";""
"77099";"3131";"PLU";"COM";"2012-05-31 22:00:00+00:00";"2008-06-26 22:00:00+00:00";"33";"77";"11";"2021";"NON";"NON";"77099";"";"";"";"2021-10-06";"35461";""
"77100";"3199";"PLU";"COM";"2019-12-19 23:00:00+00:00";"2015-06-24 22:00:00+00:00";"39";"77";"11";"2021";"NON";"NON";"77100";"";"";"";"2021-10-06";"140184";""
"77103";"3199";"PLU";"COM";"2008-09-11 22:00:00+00:00";"2005-07-06 22:00:00+00:00";"39";"77";"11";"2021";"NON";"NON";"77103";"";"";"";"2021-10-06";"30254";""
"77104";"3131";"PLU";"COM";"2019-07-24 22:00:00+00:00";"2011-06-15 22:00:00+00:00";"33";"77";"11";"2021";"NON";"NON";"77104";"";"";"";"2021-10-06";"75868";""
"77107";"3131";"PLU";"COM";"2013-04-15 22:00:00+00:00";"2006-04-20 22:00:00+00:00";"33";"77";"11";"2021";"NON";"NON";"77107";"";"";"";"2021-10-06";"42427";""
"77108";"3131";"PLU";"COM";"2017-12-18 23:00:00+00:00";"2014-05-14 22:00:00+00:00";"33";"77";"11";"2021";"NON";"NON";"77108";"";"";"";"2021-10-06";"130668";""
"77109";"3131";"PLU";"COM";"2015-05-27 22:00:00+00:00";"2009-03-19 23:00:00+00:00";"33";"77";"11";"2021";"NON";"NON";"77109";"";"";"";"2021-10-06";"36531";""
"77110";"1199";"CC";"COM";"2009-07-14 22:00:00+00:00";"2007-01-03 23:00:00+00:00";"19";"77";"11";"2021";"NON";"NON";"77110";"";"";"";"2021-10-06";"28828";""
"77111";"3332";"PLUi/PLUiS";"CA";"2016-07-06 22:00:00+00:00";"2012-03-07 23:00:00+00:00";"33";"77";"11";"2021";"OUI";"NON";"247700339";"";"";"";"2021-10-06";"129462";""
"77113";"3499";"PLU";"CA";"2017-12-14 23:00:00+00:00";"2014-10-26 23:00:00+00:00";"39";"77";"11";"2021";"NON";"NON";"77113";"";"";"";"2021-10-06";"132853";""
"77114";"3199";"PLU";"COM";"2018-05-22 22:00:00+00:00";"2014-09-23 22:00:00+00:00";"39";"77";"11";"2021";"NON";"NON";"77114";"";"";"";"2021-10-06";"44059";""
"77115";"3199";"PLU";"COM";"2020-11-04 23:00:00+00:00";"2015-06-07 22:00:00+00:00";"39";"77";"11";"2021";"NON";"NON";"77115";"";"";"";"2021-10-06";"139873";""
"77116";"3432";"PLU";"CC";"2018-06-27 22:00:00+00:00";"2014-11-20 23:00:00+00:00";"33";"77";"11";"2021";"NON";"NON";"200072544";"";"";"";"2021-10-06";"137017";""
"77117";"3499";"PLU";"CA";"2005-02-03 23:00:00+00:00";"2005-01-31 23:00:00+00:00";"39";"77";"11";"2021";"NON";"NON";"77117";"";"";"";"2021-10-06";"54800";""
"77118";"3131";"PLU";"COM";"2016-09-21 22:00:00+00:00";"2011-02-06 23:00:00+00:00";"33";"77";"11";"2021";"NON";"NON";"77118";"";"";"";"2021-10-06";"47819";""
"77121";"3199";"PLU";"COM";"2016-12-14 23:00:00+00:00";"2013-06-26 22:00:00+00:00";"39";"77";"11";"2021";"NON";"NON";"77121";"";"";"";"2021-10-06";"122798";""
"77122";"3199";"PLU";"COM";"2010-03-21 23:00:00+00:00";"2008-07-06 22:00:00+00:00";"39";"77";"11";"2021";"NON";"NON";"77122";"";"";"";"2021-10-06";"35493";""
"77123";"3199";"PLU";"COM";"2016-11-02 23:00:00+00:00";"2014-06-25 22:00:00+00:00";"39";"77";"11";"2021";"NON";"NON";"77123";"";"";"";"2021-10-06";"130742";""
"77124";"3131";"PLU";"COM";"2019-12-09 23:00:00+00:00";"2015-06-22 22:00:00+00:00";"33";"77";"11";"2021";"NON";"NON";"77124";"";"";"";"2021-10-06";"138533";""
"77125";"3434";"PLU";"CA";"2018-02-18 23:00:00+00:00";"2014-04-09 22:00:00+00:00";"33";"77";"11";"2021";"NON";"NON";"200090504";"";"";"";"2021-10-06";"129799";""
"77127";"3199";"PLU";"COM";"2020-02-17 23:00:00+00:00";"2014-11-24 23:00:00+00:00";"39";"77";"11";"2021";"NON";"NON";"77127";"";"";"";"2021-10-06";"140183";""
"77128";"3499";"PLU";"CA";"2019-06-13 22:00:00+00:00";"2012-11-22 23:00:00+00:00";"39";"77";"11";"2021";"NON";"NON";"200090504";"";"";"";"2021-10-06";"116770";""
"77130";"3434";"PLU";"CA";"2008-06-29 22:00:00+00:00";"2005-11-17 23:00:00+00:00";"33";"77";"11";"2021";"NON";"NON";"200090504";"";"";"";"2021-10-06";"9969";""
"77131";"3499";"PLU";"CA";"2020-02-26 23:00:00+00:00";"2015-02-04 23:00:00+00:00";"39";"77";"11";"2021";"NON";"NON";"77131";"";"";"";"2021-10-06";"136283";""
"77132";"3332";"PLUi/PLUiS";"CA";"2016-07-06 22:00:00+00:00";"2012-03-07 23:00:00+00:00";"33";"77";"11";"2021";"OUI";"NON";"247700339";"";"";"";"2021-10-06";"129462";""
"77133";"3131";"PLU";"COM";"2008-02-14 23:00:00+00:00";"2005-06-02 22:00:00+00:00";"33";"77";"11";"2021";"NON";"NON";"77133";"";"";"";"2021-10-06";"8409";""
"77134";"1199";"CC";"COM";"2006-07-02 22:00:00+00:00";"2004-04-07 22:00:00+00:00";"19";"77";"11";"2021";"NON";"NON";"77134";"";"";"";"2021-10-06";"18641";""
"77135";"3131";"PLU";"COM";"2017-10-02 22:00:00+00:00";"2014-06-16 22:00:00+00:00";"33";"77";"11";"2021";"NON";"NON";"77135";"";"";"";"2021-10-06";"130812";""
"77136";"3199";"PLU";"COM";"2018-06-17 22:00:00+00:00";"2014-09-30 22:00:00+00:00";"39";"77";"11";"2021";"NON";"NON";"77136";"";"";"";"2021-10-06";"132969";""
"77137";"1131";"CC";"COM";"2007-07-19 22:00:00+00:00";"2004-06-09 22:00:00+00:00";"13";"77";"11";"2021";"NON";"NON";"77137";"";"";"";"2021-10-06";"13225";""
"77138";"3199";"PLU";"COM";"2017-05-08 22:00:00+00:00";"2014-09-17 22:00:00+00:00";"39";"77";"11";"2021";"NON";"NON";"77138";"";"";"";"2021-10-06";"132657";""
"77139";"3199";"PLU";"COM";"2020-09-27 22:00:00+00:00";"2015-06-28 22:00:00+00:00";"39";"77";"11";"2021";"NON";"NON";"77139";"";"";"";"2021-10-06";"36539";""
"77141";"3434";"PLU";"CA";"2020-02-26 23:00:00+00:00";"2011-03-07 23:00:00+00:00";"33";"77";"11";"2021";"NON";"NON";"200090504";"";"";"";"2021-10-06";"46000";""
"77142";"3499";"PLU";"CA";"2021-02-03 23:00:00+00:00";"2014-12-17 23:00:00+00:00";"39";"77";"11";"2021";"NON";"NON";"200090504";"";"";"";"2021-10-06";"135268";""
"77144";"3199";"PLU";"COM";"2020-02-26 23:00:00+00:00";"2018-02-07 23:00:00+00:00";"39";"77";"11";"2021";"NON";"NON";"77144";"";"";"";"2021-10-06";"167133";""
"77145";"3199";"PLU";"COM";"2016-12-11 23:00:00+00:00";"2010-01-17 23:00:00+00:00";"39";"77";"11";"2021";"NON";"NON";"77145";"";"";"";"2021-10-06";"40989";""
"77146";"3131";"PLU";"COM";"2011-01-24 23:00:00+00:00";"2010-02-02 23:00:00+00:00";"33";"77";"11";"2021";"NON";"NON";"77146";"";"";"";"2021-10-06";"41564";""
"77148";"3199";"PLU";"COM";"2018-09-13 22:00:00+00:00";"2012-12-20 23:00:00+00:00";"39";"77";"11";"2021";"NON";"NON";"77148";"";"";"";"2021-10-06";"117916";""
"77150";"3199";"PLU";"COM";"2015-09-10 22:00:00+00:00";"2012-03-25 22:00:00+00:00";"39";"77";"11";"2021";"NON";"NON";"77150";"";"";"";"2021-10-06";"105247";""
"77152";"3199";"PLU";"COM";"2005-07-11 22:00:00+00:00";"2005-07-11 22:00:00+00:00";"39";"77";"11";"2021";"NON";"NON";"77152";"";"";"";"2021-10-06";"59629";""
"77153";"3131";"PLU";"COM";"2005-10-20 22:00:00+00:00";"2001-11-15 23:00:00+00:00";"33";"77";"11";"2021";"NON";"NON";"77153";"";"";"";"2021-10-06";"9488";""
"77154";"3499";"PLU";"CA";"2008-02-24 23:00:00+00:00";"2002-03-05 23:00:00+00:00";"39";"77";"11";"2021";"NON";"NON";"77154";"";"";"";"2021-10-06";"30760";""
"77155";"3131";"PLU";"COM";"2014-02-04 23:00:00+00:00";"2008-12-17 23:00:00+00:00";"33";"77";"11";"2021";"NON";"NON";"77155";"";"";"";"2021-10-06";"37347";""
"77156";"3131";"PLU";"COM";"2008-02-15 23:00:00+00:00";"2005-01-20 23:00:00+00:00";"33";"77";"11";"2021";"NON";"NON";"77156";"";"";"";"2021-10-06";"30758";""
"77157";"3199";"PLU";"COM";"2019-02-20 23:00:00+00:00";"2012-12-13 23:00:00+00:00";"39";"77";"11";"2021";"NON";"NON";"77157";"";"";"";"2021-10-06";"117898";""
"77158";"3199";"PLU";"COM";"2009-09-14 22:00:00+00:00";"2005-07-20 22:00:00+00:00";"39";"77";"11";"2021";"NON";"NON";"77158";"";"";"";"2021-10-06";"35381";""
"77159";"3432";"PLU";"CC";"2006-12-13 23:00:00+00:00";"2003-03-12 23:00:00+00:00";"33";"77";"11";"2021";"NON";"NON";"200040251";"";"";"";"2021-10-06";"28831";""
"77161";"3199";"PLU";"COM";"2020-10-01 22:00:00+00:00";"2015-09-28 22:00:00+00:00";"39";"77";"11";"2021";"NON";"NON";"77161";"";"";"";"2021-10-06";"141892";""
"77162";"3432";"PLU";"CC";"2019-09-18 22:00:00+00:00";"2015-11-22 23:00:00+00:00";"33";"77";"11";"2021";"NON";"NON";"200072544";"";"";"";"2021-10-06";"147508";""
"77163";"3199";"PLU";"COM";"2019-03-13 23:00:00+00:00";"2013-10-02 22:00:00+00:00";"39";"77";"11";"2021";"NON";"NON";"77163";"";"";"";"2021-10-06";"123294";""
"77164";"3199";"PLU";"COM";"2017-02-15 23:00:00+00:00";"2013-03-20 23:00:00+00:00";"39";"77";"11";"2021";"NON";"NON";"77164";"";"";"";"2021-10-06";"63277";""
"77165";"3199";"PLU";"COM";"2019-06-24 22:00:00+00:00";"2014-09-03 22:00:00+00:00";"39";"77";"11";"2021";"NON";"NON";"77165";"";"";"";"2021-10-06";"132400";""
"77169";"3131";"PLU";"COM";"2011-10-23 22:00:00+00:00";"2009-07-23 22:00:00+00:00";"33";"77";"11";"2021";"NON";"NON";"77169";"";"";"";"2021-10-06";"38768";""
"77171";"3432";"PLU";"CA";"2019-10-09 22:00:00+00:00";"2015-12-09 23:00:00+00:00";"33";"77";"11";"2021";"NON";"NON";"247700339";"";"";"";"2021-10-06";"39185";""
"77172";"3199";"PLU";"COM";"2020-10-20 22:00:00+00:00";"2015-04-26 22:00:00+00:00";"39";"77";"11";"2021";"NON";"NON";"77172";"";"";"";"2021-10-06";"138879";""
"77173";"3131";"PLU";"COM";"2005-12-13 23:00:00+00:00";"2002-05-29 22:00:00+00:00";"33";"77";"11";"2021";"NON";"NON";"77173";"";"";"";"2021-10-06";"54829";""
"77175";"3199";"PLU";"COM";"2006-10-23 22:00:00+00:00";"2004-03-31 22:00:00+00:00";"39";"77";"11";"2021";"NON";"NON";"77175";"";"";"";"2021-10-06";"63279";""
"77176";"3499";"PLU";"CA";"2013-03-06 23:00:00+00:00";"2008-03-26 23:00:00+00:00";"39";"77";"11";"2021";"NON";"NON";"77176";"";"";"";"2021-10-06";"34670";""
"77177";"3199";"PLU";"COM";"2012-11-22 23:00:00+00:00";"2010-09-23 22:00:00+00:00";"39";"77";"11";"2021";"NON";"NON";"77177";"";"";"";"2021-10-06";"41534";""
"77178";"3199";"PLU";"COM";"2018-10-10 22:00:00+00:00";"2015-06-28 22:00:00+00:00";"39";"77";"11";"2021";"NON";"NON";"77178";"";"";"";"2021-10-06";"140229";""
"77179";"3199";"PLU";"COM";"2020-06-25 22:00:00+00:00";"2014-04-24 22:00:00+00:00";"39";"77";"11";"2021";"NON";"NON";"77179";"";"";"";"2021-10-06";"130050";""
"77180";"3199";"PLU";"COM";"2021-05-28 22:00:00+00:00";"2016-05-03 22:00:00+00:00";"39";"77";"11";"2021";"NON";"NON";"77180";"";"";"";"2021-10-06";"149131";""
"77181";"3199";"PLU";"COM";"2019-02-14 23:00:00+00:00";"2014-10-22 22:00:00+00:00";"39";"77";"11";"2021";"NON";"NON";"77181";"";"";"";"2021-10-06";"133178";""
"77182";"3432";"PLU";"CC";"2007-01-02 23:00:00+00:00";"2002-05-12 22:00:00+00:00";"33";"77";"11";"2021";"NON";"NON";"200072544";"";"";"";"2021-10-06";"28835";""
"77183";"3434";"PLU";"CA";"2017-12-10 23:00:00+00:00";"2012-03-07 23:00:00+00:00";"33";"77";"11";"2021";"NON";"NON";"77183";"";"";"";"2021-10-06";"104810";""
"77184";"3199";"PLU";"COM";"2019-12-01 23:00:00+00:00";"2015-06-24 22:00:00+00:00";"39";"77";"11";"2021";"NON";"NON";"77184";"";"";"";"2021-10-06";"140232";""
"77185";"3432";"PLU";"CA";"2018-05-30 22:00:00+00:00";"2014-11-18 23:00:00+00:00";"33";"77";"11";"2021";"NON";"NON";"200072346";"";"";"";"2021-10-06";"134233";""
"77186";"3332";"PLUi/PLUiS";"CA";"2010-11-23 23:00:00+00:00";"2002-03-19 23:00:00+00:00";"33";"77";"11";"2021";"OUI";"NON";"200072346";"";"";"";"2021-10-06";"48901";""
"77187";"1432";"CC";"CC";"2006-07-23 22:00:00+00:00";"2004-03-31 22:00:00+00:00";"13";"77";"11";"2021";"NON";"NON";"200040251";"";"";"";"2021-10-06";"68579";""
"77191";"3199";"PLU";"COM";"2017-12-14 23:00:00+00:00";"2014-05-20 22:00:00+00:00";"39";"77";"11";"2021";"NON";"NON";"77191";"";"";"";"2021-10-06";"130468";""
"77192";"3199";"PLU";"COM";"2018-10-11 22:00:00+00:00";"2014-12-11 23:00:00+00:00";"39";"77";"11";"2021";"NON";"NON";"77192";"";"";"";"2021-10-06";"135207";""
"77193";"3131";"PLU";"COM";"2006-01-25 23:00:00+00:00";"2003-03-04 23:00:00+00:00";"33";"77";"11";"2021";"NON";"NON";"77193";"";"";"";"2021-10-06";"12309";""
"77194";"3199";"PLU";"COM";"2017-09-13 22:00:00+00:00";"2014-11-17 23:00:00+00:00";"39";"77";"11";"2021";"NON";"NON";"77194";"";"";"";"2021-10-06";"134646";""
"77196";"3199";"PLU";"COM";"2021-03-07 23:00:00+00:00";"2014-10-13 22:00:00+00:00";"39";"77";"11";"2021";"NON";"NON";"77196";"";"";"";"2021-10-06";"133002";""
"77197";"3131";"PLU";"COM";"2004-12-12 23:00:00+00:00";"2002-02-21 23:00:00+00:00";"33";"77";"11";"2021";"NON";"NON";"77197";"";"";"";"2021-10-06";"54844";""
"77198";"3199";"PLU";"COM";"2014-01-13 23:00:00+00:00";"2005-10-06 22:00:00+00:00";"39";"77";"11";"2021";"NON";"NON";"77198";"";"";"";"2021-10-06";"8463";""
"77199";"3199";"PLU";"COM";"2018-01-23 23:00:00+00:00";"2014-11-30 23:00:00+00:00";"39";"77";"11";"2021";"NON";"NON";"77199";"";"";"";"2021-10-06";"135270";""
"77201";"3199";"PLU";"COM";"2019-05-13 22:00:00+00:00";"2015-02-04 23:00:00+00:00";"39";"77";"11";"2021";"NON";"NON";"77201";"";"";"";"2021-10-06";"138714";""
"77202";"3199";"PLU";"COM";"2004-12-05 23:00:00+00:00";"2004-12-05 23:00:00+00:00";"39";"77";"11";"2021";"NON";"NON";"77202";"";"";"";"2021-10-06";"54847";""
"77204";"3199";"PLU";"COM";"2019-12-12 23:00:00+00:00";"2014-12-11 23:00:00+00:00";"39";"77";"11";"2021";"NON";"NON";"77204";"";"";"";"2021-10-06";"135276";""
"77205";"3199";"PLU";"COM";"2018-11-29 23:00:00+00:00";"2015-04-09 22:00:00+00:00";"39";"77";"11";"2021";"NON";"NON";"77205";"";"";"";"2021-10-06";"138654";""
"77206";"1499";"CC";"CA";"2008-06-22 22:00:00+00:00";"2005-12-11 23:00:00+00:00";"19";"77";"11";"2021";"NON";"NON";"77206";"";"";"";"2021-10-06";"13188";""
"77208";"3432";"PLU";"CC";"2014-11-12 23:00:00+00:00";"2004-06-02 22:00:00+00:00";"33";"77";"11";"2021";"NON";"NON";"200040251";"";"";"";"2021-10-06";"36868";""
"77209";"3199";"PLU";"COM";"2019-04-03 22:00:00+00:00";"2013-11-20 23:00:00+00:00";"39";"77";"11";"2021";"NON";"NON";"77209";"";"";"";"2021-10-06";"126361";""
"77210";"3199";"PLU";"COM";"2021-06-28 22:00:00+00:00";"2019-04-03 22:00:00+00:00";"39";"77";"11";"2021";"NON";"NON";"77210";"";"";"";"2021-10-06";"168149";""
"77212";"3432";"PLU";"CC";"2018-06-10 22:00:00+00:00";"2013-11-17 23:00:00+00:00";"33";"77";"11";"2021";"NON";"NON";"200040251";"";"";"";"2021-10-06";"121730";""
"77214";"3199";"PLU";"COM";"2020-07-05 22:00:00+00:00";"2014-09-15 22:00:00+00:00";"39";"77";"11";"2021";"NON";"NON";"77214";"";"";"";"2021-10-06";"132394";""
"77215";"3199";"PLU";"COM";"2015-12-01 23:00:00+00:00";"2011-09-28 22:00:00+00:00";"39";"77";"11";"2021";"NON";"NON";"77215";"";"";"";"2021-10-06";"79570";""
"77216";"3199";"PLU";"COM";"2017-03-23 23:00:00+00:00";"2011-12-15 23:00:00+00:00";"39";"77";"11";"2021";"NON";"NON";"77216";"";"";"";"2021-10-06";"102256";""
"77217";"3199";"PLU";"COM";"2019-12-09 23:00:00+00:00";"2012-12-10 23:00:00+00:00";"39";"77";"11";"2021";"NON";"NON";"77217";"";"";"";"2021-10-06";"116085";""
"77219";"3434";"PLU";"CA";"2012-02-13 23:00:00+00:00";"2008-10-06 22:00:00+00:00";"33";"77";"11";"2021";"NON";"NON";"77219";"";"";"";"2021-10-06";"36549";""
"77221";"3199";"PLU";"COM";"2004-10-04 22:00:00+00:00";"2001-11-06 23:00:00+00:00";"39";"77";"11";"2021";"NON";"NON";"77221";"";"";"";"2021-10-06";"54857";""
"77222";"3199";"PLU";"COM";"2008-12-17 23:00:00+00:00";"2005-12-12 23:00:00+00:00";"39";"77";"11";"2021";"NON";"NON";"77222";"";"";"";"2021-10-06";"10091";""
"77224";"3499";"PLU";"CA";"2017-08-27 22:00:00+00:00";"2015-02-18 23:00:00+00:00";"39";"77";"11";"2021";"NON";"NON";"77224";"";"";"";"2021-10-06";"138530";""
"77225";"3199";"PLU";"COM";"2015-02-11 23:00:00+00:00";"2007-11-25 23:00:00+00:00";"39";"77";"11";"2021";"NON";"NON";"200090504";"";"";"";"2021-10-06";"33359";""
"77226";"3432";"PLU";"CA";"2020-02-05 23:00:00+00:00";"2015-04-16 22:00:00+00:00";"33";"77";"11";"2021";"NON";"NON";"200072346";"";"";"";"2021-10-06";"139024";""
"77227";"1432";"CC";"CC";"2006-07-02 22:00:00+00:00";"2003-03-30 22:00:00+00:00";"13";"77";"11";"2021";"NON";"NON";"200040251";"";"";"";"2021-10-06";"13233";""
"77228";"1432";"CC";"CC";"2007-12-17 23:00:00+00:00";"2004-03-17 23:00:00+00:00";"13";"77";"11";"2021";"NON";"NON";"200072544";"";"";"";"2021-10-06";"13237";""
"77229";"3199";"PLU";"COM";"2018-02-14 23:00:00+00:00";"2012-12-18 23:00:00+00:00";"39";"77";"11";"2021";"NON";"NON";"77229";"";"";"";"2021-10-06";"117283";""
"77230";"1199";"CC";"COM";"2013-01-21 23:00:00+00:00";"2009-02-05 23:00:00+00:00";"19";"77";"11";"2021";"NON";"NON";"77230";"";"";"";"2021-10-06";"37579";""
"77232";"3199";"PLU";"COM";"2013-06-23 22:00:00+00:00";"2008-09-21 22:00:00+00:00";"39";"77";"11";"2021";"NON";"NON";"77232";"";"";"";"2021-10-06";"36551";""
"77233";"3131";"PLU";"COM";"2008-01-16 23:00:00+00:00";"2006-06-18 22:00:00+00:00";"33";"77";"11";"2021";"NON";"NON";"77233";"";"";"";"2021-10-06";"18575";""
"77234";"3199";"PLU";"COM";"2011-07-11 22:00:00+00:00";"2008-03-27 23:00:00+00:00";"39";"77";"11";"2021";"NON";"NON";"77234";"";"";"";"2021-10-06";"34669";""
"77235";"3199";"PLU";"COM";"2017-07-24 22:00:00+00:00";"2012-06-14 22:00:00+00:00";"39";"77";"11";"2021";"NON";"NON";"77235";"";"";"";"2021-10-06";"63285";""
"77236";"3432";"PLU";"CC";"2004-11-21 23:00:00+00:00";"2004-11-21 23:00:00+00:00";"33";"77";"11";"2021";"NON";"NON";"200040251";"";"";"";"2021-10-06";"54865";""
"77237";"3199";"PLU";"COM";"2017-08-02 22:00:00+00:00";"2014-11-27 23:00:00+00:00";"39";"77";"11";"2021";"NON";"NON";"77237";"";"";"";"2021-10-06";"134313";""
"77238";"3499";"PLU";"CA";"2017-12-07 23:00:00+00:00";"2009-12-03 23:00:00+00:00";"39";"77";"11";"2021";"NON";"NON";"77238";"";"";"";"2021-10-06";"40394";""
"77239";"3199";"PLU";"COM";"2021-02-02 23:00:00+00:00";"2015-03-16 23:00:00+00:00";"39";"77";"11";"2021";"NON";"NON";"77239";"";"";"";"2021-10-06";"134429";""
"77240";"3432";"PLU";"CC";"2019-11-20 23:00:00+00:00";"2012-06-13 22:00:00+00:00";"33";"77";"11";"2021";"NON";"NON";"200072544";"";"";"";"2021-10-06";"110097";""
"77241";"3199";"PLU";"COM";"2015-11-23 23:00:00+00:00";"2011-04-26 22:00:00+00:00";"39";"77";"11";"2021";"NON";"NON";"77241";"";"";"";"2021-10-06";"75836";""
"77243";"3199";"PLU";"COM";"2018-09-12 22:00:00+00:00";"2016-03-14 23:00:00+00:00";"39";"77";"11";"2021";"NON";"NON";"77243";"";"";"";"2021-10-06";"149150";""
"77244";"3199";"PLU";"COM";"2018-12-18 23:00:00+00:00";"2012-02-06 23:00:00+00:00";"39";"77";"11";"2021";"NON";"NON";"77244";"";"";"";"2021-10-06";"103992";""
"77245";"3199";"PLU";"COM";"2018-12-13 23:00:00+00:00";"2016-10-26 22:00:00+00:00";"39";"77";"11";"2021";"NON";"NON";"77245";"";"";"";"2021-10-06";"106225";""
"77246";"3199";"PLU";"COM";"2006-07-09 22:00:00+00:00";"2002-01-03 23:00:00+00:00";"39";"77";"11";"2021";"NON";"NON";"77246";"";"";"";"2021-10-06";"21535";""
"77248";"3131";"PLU";"COM";"2015-02-01 23:00:00+00:00";"2008-05-06 22:00:00+00:00";"33";"77";"11";"2021";"NON";"NON";"77248";"";"";"";"2021-10-06";"35048";""
"77249";"3199";"PLU";"COM";"2015-07-08 22:00:00+00:00";"2011-06-16 22:00:00+00:00";"39";"77";"11";"2021";"NON";"NON";"77249";"";"";"";"2021-10-06";"76005";""
"77250";"3432";"PLU";"CC";"2013-12-12 23:00:00+00:00";"2008-03-13 23:00:00+00:00";"33";"77";"11";"2021";"NON";"NON";"200072544";"";"";"";"2021-10-06";"34673";""
"77251";"3199";"PLU";"COM";"2008-05-18 22:00:00+00:00";"2004-09-26 22:00:00+00:00";"39";"77";"11";"2021";"NON";"NON";"77251";"";"";"";"2021-10-06";"28841";""
"77252";"3131";"PLU";"COM";"2013-06-20 22:00:00+00:00";"2006-02-02 23:00:00+00:00";"33";"77";"11";"2021";"NON";"NON";"77252";"";"";"";"2021-10-06";"75726";""
"77255";"3199";"PLU";"COM";"2020-12-10 23:00:00+00:00";"2014-12-11 23:00:00+00:00";"39";"77";"11";"2021";"NON";"NON";"77255";"";"";"";"2021-10-06";"138711";""
"77257";"3131";"PLU";"COM";"2005-09-14 22:00:00+00:00";"2001-06-26 22:00:00+00:00";"33";"77";"11";"2021";"NON";"NON";"77257";"";"";"";"2021-10-06";"54876";""
"77258";"3199";"PLU";"COM";"2007-05-13 22:00:00+00:00";"2002-05-16 22:00:00+00:00";"39";"77";"11";"2021";"NON";"NON";"77258";"";"";"";"2021-10-06";"689";""
"77259";"3131";"PLU";"COM";"2011-02-03 23:00:00+00:00";"2008-03-20 23:00:00+00:00";"33";"77";"11";"2021";"NON";"NON";"77259";"";"";"";"2021-10-06";"34671";""
"77260";"3199";"PLU";"COM";"2016-05-31 22:00:00+00:00";"2012-05-22 22:00:00+00:00";"39";"77";"11";"2021";"NON";"NON";"77260";"";"";"";"2021-10-06";"107639";""
"77261";"3199";"PLU";"COM";"2019-01-20 23:00:00+00:00";"2011-11-20 23:00:00+00:00";"39";"77";"11";"2021";"NON";"NON";"77261";"";"";"";"2021-10-06";"88823";""
"77262";"1199";"CC";"COM";"2006-10-01 22:00:00+00:00";"2004-12-14 23:00:00+00:00";"19";"77";"11";"2021";"NON";"NON";"77262";"";"";"";"2021-10-06";"18162";""
"77263";"1432";"CC";"CC";"2011-01-24 23:00:00+00:00";"2007-04-15 22:00:00+00:00";"13";"77";"11";"2021";"NON";"NON";"200040251";"";"";"";"2021-10-06";"28843";""
"77264";"3199";"PLU";"COM";"2020-02-10 23:00:00+00:00";"2017-03-16 23:00:00+00:00";"39";"77";"11";"2021";"NON";"NON";"77264";"";"";"";"2021-10-06";"155649";""
"77265";"3499";"PLU";"CA";"2018-12-12 23:00:00+00:00";"2015-02-12 23:00:00+00:00";"39";"77";"11";"2021";"NON";"NON";"77265";"";"";"";"2021-10-06";"138534";""
"77266";"3199";"PLU";"COM";"2020-01-14 23:00:00+00:00";"2016-12-11 23:00:00+00:00";"39";"77";"11";"2021";"NON";"NON";"77266";"";"";"";"2021-10-06";"156498";""
"77267";"3199";"PLU";"COM";"2018-02-18 23:00:00+00:00";"2015-11-19 23:00:00+00:00";"39";"77";"11";"2021";"NON";"NON";"77267";"";"";"";"2021-10-06";"142868";""
"77268";"3332";"PLUi/PLUiS";"CA";"2016-07-06 22:00:00+00:00";"2012-03-07 23:00:00+00:00";"33";"77";"11";"2021";"OUI";"NON";"247700339";"";"";"";"2021-10-06";"129462";""
"77269";"3199";"PLU";"COM";"2014-11-16 23:00:00+00:00";"2010-04-08 22:00:00+00:00";"39";"77";"11";"2021";"NON";"NON";"77269";"";"";"";"2021-10-06";"41311";""
"77270";"3199";"PLU";"COM";"2014-03-16 23:00:00+00:00";"2009-02-05 23:00:00+00:00";"39";"77";"11";"2021";"NON";"NON";"77270";"";"";"";"2021-10-06";"36558";""
"77272";"3199";"PLU";"COM";"2017-09-07 22:00:00+00:00";"2010-12-09 23:00:00+00:00";"39";"77";"11";"2021";"NON";"NON";"77272";"";"";"";"2021-10-06";"47825";""
"77273";"3199";"PLU";"COM";"2015-04-13 22:00:00+00:00";"2011-10-13 22:00:00+00:00";"39";"77";"11";"2021";"NON";"NON";"77273";"";"";"";"2021-10-06";"84480";""
"77274";"3199";"PLU";"COM";"2016-11-24 23:00:00+00:00";"2011-06-26 22:00:00+00:00";"39";"77";"11";"2021";"NON";"NON";"77274";"";"";"";"2021-10-06";"75737";""
"77275";"3199";"PLU";"COM";"2013-02-15 23:00:00+00:00";"2004-06-09 22:00:00+00:00";"39";"77";"11";"2021";"NON";"NON";"77275";"";"";"";"2021-10-06";"49898";""
"77276";"3131";"PLU";"COM";"2004-01-26 23:00:00+00:00";"2002-08-08 22:00:00+00:00";"33";"77";"11";"2021";"NON";"NON";"77276";"";"";"";"2021-10-06";"54887";""
"77277";"3199";"PLU";"COM";"2020-02-16 23:00:00+00:00";"2011-09-18 22:00:00+00:00";"39";"77";"11";"2021";"NON";"NON";"77277";"";"";"";"2021-10-06";"77302";""
"77279";"3199";"PLU";"COM";"2019-07-10 22:00:00+00:00";"2016-12-14 23:00:00+00:00";"39";"77";"11";"2021";"NON";"NON";"77279";"";"";"";"2021-10-06";"154185";""
"77281";"3399";"PLUi/PLUiS";"CA";"2016-06-22 22:00:00+00:00";"2008-09-16 22:00:00+00:00";"39";"77";"11";"2021";"OUI";"NON";"77281";"";"";"";"2021-10-06";"84680";""
"77282";"3131";"PLU";"COM";"2005-05-22 22:00:00+00:00";"2001-09-13 22:00:00+00:00";"33";"77";"11";"2021";"NON";"NON";"77282";"";"";"";"2021-10-06";"54892";""
"77283";"3199";"PLU";"COM";"2018-01-31 23:00:00+00:00";"2014-10-08 22:00:00+00:00";"39";"77";"11";"2021";"NON";"NON";"77283";"";"";"";"2021-10-06";"133171";""
"77284";"3199";"PLU";"COM";"2012-06-20 22:00:00+00:00";"2010-11-17 23:00:00+00:00";"39";"77";"11";"2021";"NON";"NON";"77284";"";"";"";"2021-10-06";"75856";""
"77285";"3199";"PLU";"COM";"2018-11-12 23:00:00+00:00";"2016-09-28 22:00:00+00:00";"39";"77";"11";"2021";"NON";"NON";"77285";"";"";"";"2021-10-06";"152256";""
"77286";"1432";"CC";"CC";"2004-04-06 22:00:00+00:00";"2001-10-01 22:00:00+00:00";"13";"77";"11";"2021";"NON";"NON";"200040251";"";"";"";"2021-10-06";"68581";""
"77288";"3131";"PLU";"COM";"2013-09-04 22:00:00+00:00";"2010-01-27 23:00:00+00:00";"33";"77";"11";"2021";"NON";"NON";"77288";"";"";"";"2021-10-06";"45415";""
"77289";"3199";"PLU";"COM";"2014-03-12 23:00:00+00:00";"2009-06-14 22:00:00+00:00";"39";"77";"11";"2021";"NON";"NON";"77289";"";"";"";"2021-10-06";"38491";""
"77290";"3499";"PLU";"CA";"2018-11-14 23:00:00+00:00";"2014-06-19 22:00:00+00:00";"39";"77";"11";"2021";"NON";"NON";"77290";"";"";"";"2021-10-06";"130083";""
"77291";"3131";"PLU";"COM";"2015-11-16 23:00:00+00:00";"2012-10-14 22:00:00+00:00";"33";"77";"11";"2021";"NON";"NON";"77291";"";"";"";"2021-10-06";"114192";""
"77292";"3199";"PLU";"COM";"2020-11-11 23:00:00+00:00";"2017-03-29 22:00:00+00:00";"39";"77";"11";"2021";"NON";"NON";"77292";"";"";"";"2021-10-06";"138496";""
"77294";"3199";"PLU";"COM";"2018-09-24 22:00:00+00:00";"2014-10-01 22:00:00+00:00";"39";"77";"11";"2021";"NON";"NON";"77294";"";"";"";"2021-10-06";"132648";""
"77296";"3131";"PLU";"COM";"2007-12-16 23:00:00+00:00";"2005-05-16 22:00:00+00:00";"33";"77";"11";"2021";"NON";"NON";"77296";"";"";"";"2021-10-06";"28847";""
"77297";"1199";"CC";"COM";"2012-07-25 22:00:00+00:00";"2008-06-23 22:00:00+00:00";"19";"77";"11";"2021";"NON";"NON";"77297";"";"";"";"2021-10-06";"36592";""
"77298";"1432";"CC";"CC";"2014-06-11 22:00:00+00:00";"2011-03-24 23:00:00+00:00";"13";"77";"11";"2021";"NON";"NON";"200040251";"";"";"";"2021-10-06";"75762";""
"77300";"3131";"PLU";"COM";"2013-02-17 23:00:00+00:00";"2008-02-12 23:00:00+00:00";"33";"77";"11";"2021";"NON";"NON";"77300";"";"";"";"2021-10-06";"34351";""
"77301";"3199";"PLU";"COM";"2018-05-31 22:00:00+00:00";"2014-09-25 22:00:00+00:00";"39";"77";"11";"2021";"NON";"NON";"77301";"";"";"";"2021-10-06";"132864";""
"77302";"3199";"PLU";"COM";"2016-10-03 22:00:00+00:00";"2009-12-06 23:00:00+00:00";"39";"77";"11";"2021";"NON";"NON";"77302";"";"";"";"2021-10-06";"40476";""
"77305";"3131";"PLU";"COM";"2007-12-16 23:00:00+00:00";"2003-05-25 22:00:00+00:00";"33";"77";"11";"2021";"NON";"NON";"77305";"";"";"";"2021-10-06";"676";""
"77306";"3131";"PLU";"COM";"2014-02-23 23:00:00+00:00";"2012-04-22 22:00:00+00:00";"33";"77";"11";"2021";"NON";"NON";"77306";"";"";"";"2021-10-06";"106255";""
"77307";"3131";"PLU";"COM";"2014-02-26 23:00:00+00:00";"2011-12-14 23:00:00+00:00";"33";"77";"11";"2021";"NON";"NON";"77307";"";"";"";"2021-10-06";"95417";""
"77308";"3199";"PLU";"COM";"2015-03-04 23:00:00+00:00";"2011-09-19 22:00:00+00:00";"39";"77";"11";"2021";"NON";"NON";"77308";"";"";"";"2021-10-06";"83273";""
"77309";"3199";"PLU";"COM";"2013-02-24 23:00:00+00:00";"2010-12-09 23:00:00+00:00";"39";"77";"11";"2021";"NON";"NON";"77309";"";"";"";"2021-10-06";"46052";""
"77310";"3432";"PLU";"CC";"2014-01-30 23:00:00+00:00";"2010-05-06 22:00:00+00:00";"33";"77";"11";"2021";"NON";"NON";"200040251";"";"";"";"2021-10-06";"10637";""
"77312";"3199";"PLU";"COM";"2020-01-15 23:00:00+00:00";"2014-10-14 22:00:00+00:00";"39";"77";"11";"2021";"NON";"NON";"77312";"";"";"";"2021-10-06";"133168";""
"77313";"3199";"PLU";"COM";"2014-06-18 22:00:00+00:00";"2009-06-09 22:00:00+00:00";"39";"77";"11";"2021";"NON";"NON";"77313";"";"";"";"2021-10-06";"38524";""
"77314";"3432";"PLU";"CC";"2014-01-30 23:00:00+00:00";"2010-06-23 22:00:00+00:00";"33";"77";"11";"2021";"NON";"NON";"200072544";"";"";"";"2021-10-06";"42053";""
"77315";"3432";"PLU";"CA";"2012-10-18 22:00:00+00:00";"2008-06-11 22:00:00+00:00";"33";"77";"11";"2021";"NON";"NON";"247700339";"";"";"";"2021-10-06";"35383";""
"77316";"3131";"PLU";"COM";"2020-09-29 22:00:00+00:00";"2016-04-13 22:00:00+00:00";"33";"77";"11";"2021";"NON";"NON";"77316";"";"";"";"2021-10-06";"148623";""
"77317";"3199";"PLU";"COM";"2018-07-01 22:00:00+00:00";"2009-06-16 22:00:00+00:00";"39";"77";"11";"2021";"NON";"NON";"77317";"";"";"";"2021-10-06";"38501";""
"77318";"3199";"PLU";"COM";"2021-07-11 22:00:00+00:00";"2016-06-22 22:00:00+00:00";"39";"77";"11";"2021";"NON";"NON";"77318";"";"";"";"2021-10-06";"157277";""
"77319";"1199";"CC";"COM";"2006-08-07 22:00:00+00:00";"2005-05-22 22:00:00+00:00";"19";"77";"11";"2021";"NON";"NON";"77319";"";"";"";"2021-10-06";"12312";""
"77320";"3434";"PLU";"CA";"2012-04-29 22:00:00+00:00";"2009-09-17 22:00:00+00:00";"33";"77";"11";"2021";"NON";"NON";"77320";"";"";"";"2021-10-06";"39419";""
"77322";"3199";"PLU";"COM";"2013-12-19 23:00:00+00:00";"2012-01-05 23:00:00+00:00";"39";"77";"11";"2021";"NON";"NON";"77322";"";"";"";"2021-10-06";"87327";""
"77323";"3131";"PLU";"COM";"2007-01-22 23:00:00+00:00";"2001-11-15 23:00:00+00:00";"33";"77";"11";"2021";"NON";"NON";"77323";"";"";"";"2021-10-06";"28849";""
"77325";"3432";"PLU";"CC";"2018-06-10 22:00:00+00:00";"2014-10-23 22:00:00+00:00";"33";"77";"11";"2021";"NON";"NON";"200040251";"";"";"";"2021-10-06";"129683";""
"77326";"3199";"PLU";"COM";"2004-09-19 22:00:00+00:00";"2001-06-17 22:00:00+00:00";"39";"77";"11";"2021";"NON";"NON";"77326";"";"";"";"2021-10-06";"63288";""
"77327";"3131";"PLU";"COM";"2018-03-04 23:00:00+00:00";"2015-12-13 23:00:00+00:00";"33";"77";"11";"2021";"NON";"NON";"77327";"";"";"";"2021-10-06";"147798";""
"77328";"3199";"PLU";"COM";"2018-09-17 22:00:00+00:00";"2014-06-26 22:00:00+00:00";"39";"77";"11";"2021";"NON";"NON";"77328";"";"";"";"2021-10-06";"130973";""
"77329";"3199";"PLU";"COM";"2017-12-14 23:00:00+00:00";"2015-02-26 23:00:00+00:00";"39";"77";"11";"2021";"NON";"NON";"77329";"";"";"";"2021-10-06";"134644";""
"77330";"3199";"PLU";"COM";"2013-11-18 23:00:00+00:00";"2010-09-29 22:00:00+00:00";"39";"77";"11";"2021";"NON";"NON";"77330";"";"";"";"2021-10-06";"122060";""
"77331";"3499";"PLU";"CA";"2019-06-18 22:00:00+00:00";"2015-03-25 23:00:00+00:00";"39";"77";"11";"2021";"NON";"NON";"200090504";"";"";"";"2021-10-06";"135271";""
"77332";"3199";"PLU";"COM";"2018-10-18 22:00:00+00:00";"2013-10-10 22:00:00+00:00";"39";"77";"11";"2021";"NON";"NON";"77332";"";"";"";"2021-10-06";"125079";""
"77333";"3199";"PLU";"COM";"2017-03-22 23:00:00+00:00";"2014-06-18 22:00:00+00:00";"39";"77";"11";"2021";"NON";"NON";"77333";"";"";"";"2021-10-06";"130810";""
"77335";"3199";"PLU";"COM";"2020-02-05 23:00:00+00:00";"2014-06-10 22:00:00+00:00";"39";"77";"11";"2021";"NON";"NON";"77335";"";"";"";"2021-10-06";"130323";""
"77336";"3199";"PLU";"COM";"2011-10-18 22:00:00+00:00";"2006-10-17 22:00:00+00:00";"39";"77";"11";"2021";"NON";"NON";"77336";"";"";"";"2021-10-06";"46267";""
"77337";"3199";"PLU";"COM";"2019-02-07 23:00:00+00:00";"2015-05-17 22:00:00+00:00";"39";"77";"11";"2021";"NON";"NON";"77337";"";"";"";"2021-10-06";"139358";""
"77338";"3199";"PLU";"COM";"2020-10-01 22:00:00+00:00";"2015-06-21 22:00:00+00:00";"39";"77";"11";"2021";"NON";"NON";"77338";"";"";"";"2021-10-06";"138355";""
"77339";"3432";"PLU";"CA";"2004-07-01 22:00:00+00:00";"2001-09-20 22:00:00+00:00";"33";"77";"11";"2021";"NON";"NON";"200072346";"";"";"";"2021-10-06";"54920";""
"77340";"3131";"PLU";"COM";"2010-07-06 22:00:00+00:00";"2002-07-02 22:00:00+00:00";"33";"77";"11";"2021";"NON";"NON";"77340";"";"";"";"2021-10-06";"30759";""
"77342";"1199";"CC";"COM";"2014-04-06 22:00:00+00:00";"2009-07-02 22:00:00+00:00";"19";"77";"11";"2021";"NON";"NON";"77342";"";"";"";"2021-10-06";"38807";""
"77343";"3199";"PLU";"COM";"2019-12-17 23:00:00+00:00";"2015-06-22 22:00:00+00:00";"39";"77";"11";"2021";"NON";"NON";"77343";"";"";"";"2021-10-06";"63291";""
"77344";"3199";"PLU";"COM";"2017-09-18 22:00:00+00:00";"2015-05-04 22:00:00+00:00";"39";"77";"11";"2021";"NON";"NON";"77344";"";"";"";"2021-10-06";"138800";""
"77345";"3432";"PLU";"CC";"2015-06-23 22:00:00+00:00";"2012-06-07 22:00:00+00:00";"33";"77";"11";"2021";"NON";"NON";"200072544";"";"";"";"2021-10-06";"110095";""
"77348";"3131";"PLU";"COM";"2005-09-08 22:00:00+00:00";"2002-04-11 22:00:00+00:00";"33";"77";"11";"2021";"NON";"NON";"77348";"";"";"";"2021-10-06";"7694";""
"77349";"3199";"PLU";"COM";"2017-12-04 23:00:00+00:00";"2013-06-18 22:00:00+00:00";"39";"77";"11";"2021";"NON";"NON";"77349";"";"";"";"2021-10-06";"10072";""
"77350";"3199";"PLU";"COM";"2020-02-05 23:00:00+00:00";"2018-06-13 22:00:00+00:00";"39";"77";"11";"2021";"NON";"NON";"77350";"";"";"";"2021-10-06";"163428";""
"77352";"3199";"PLU";"COM";"2018-07-04 22:00:00+00:00";"2014-11-12 23:00:00+00:00";"39";"77";"11";"2021";"NON";"NON";"77352";"";"";"";"2021-10-06";"134231";""
"77353";"3199";"PLU";"COM";"2017-10-17 22:00:00+00:00";"2014-09-30 22:00:00+00:00";"39";"77";"11";"2021";"NON";"NON";"77353";"";"";"";"2021-10-06";"132813";""
"77354";"3199";"PLU";"COM";"2018-05-13 22:00:00+00:00";"2014-10-05 22:00:00+00:00";"39";"77";"11";"2021";"NON";"NON";"77354";"";"";"";"2021-10-06";"63293";""
"77355";"1432";"CC";"CC";"2003-12-22 23:00:00+00:00";"2002-02-19 23:00:00+00:00";"13";"77";"11";"2021";"NON";"NON";"200040251";"";"";"";"2021-10-06";"68582";""
"77356";"1432";"CC";"CC";"2009-05-12 22:00:00+00:00";"2007-02-18 23:00:00+00:00";"13";"77";"11";"2021";"NON";"NON";"200040251";"";"";"";"2021-10-06";"28852";""
"77357";"3199";"PLU";"COM";"2017-12-13 23:00:00+00:00";"2011-08-04 22:00:00+00:00";"39";"77";"11";"2021";"NON";"NON";"77357";"";"";"";"2021-10-06";"134289";""
"77358";"3199";"PLU";"COM";"2014-03-19 23:00:00+00:00";"2012-12-13 23:00:00+00:00";"39";"77";"11";"2021";"NON";"NON";"77358";"";"";"";"2021-10-06";"117942";""
"77359";"3432";"PLU";"CA";"2013-03-20 23:00:00+00:00";"2008-09-25 22:00:00+00:00";"33";"77";"11";"2021";"NON";"NON";"200072346";"";"";"";"2021-10-06";"36598";""
"77360";"3499";"PLU";"CA";"2005-09-08 22:00:00+00:00";"2003-05-15 22:00:00+00:00";"39";"77";"11";"2021";"NON";"NON";"77360";"";"";"";"2021-10-06";"54929";""
"77361";"3499";"PLU";"CA";"2019-11-13 23:00:00+00:00";"2012-02-05 23:00:00+00:00";"39";"77";"11";"2021";"NON";"NON";"77361";"";"";"";"2021-10-06";"87824";""
"77363";"3131";"PLU";"COM";"2006-03-02 23:00:00+00:00";"2002-11-21 23:00:00+00:00";"33";"77";"11";"2021";"NON";"NON";"77363";"";"";"";"2021-10-06";"12311";""
"77365";"3199";"PLU";"COM";"2014-03-04 23:00:00+00:00";"2011-03-28 22:00:00+00:00";"39";"77";"11";"2021";"NON";"NON";"77365";"";"";"";"2021-10-06";"75646";""
"77366";"3199";"PLU";"COM";"2013-06-19 22:00:00+00:00";"2009-11-23 23:00:00+00:00";"39";"77";"11";"2021";"NON";"NON";"77366";"";"";"";"2021-10-06";"40397";""
"77367";"3199";"PLU";"COM";"2019-03-20 23:00:00+00:00";"2012-01-24 23:00:00+00:00";"39";"77";"11";"2021";"NON";"NON";"77367";"";"";"";"2021-10-06";"102257";""
"77368";"3199";"PLU";"COM";"2014-02-17 23:00:00+00:00";"2010-03-28 22:00:00+00:00";"39";"77";"11";"2021";"NON";"NON";"77368";"";"";"";"2021-10-06";"41417";""
"77370";"3199";"PLU";"COM";"2018-07-02 22:00:00+00:00";"2010-09-23 22:00:00+00:00";"39";"77";"11";"2021";"NON";"NON";"77370";"";"";"";"2021-10-06";"37294";""
"77371";"3499";"PLU";"CA";"2018-04-04 22:00:00+00:00";"2014-12-04 23:00:00+00:00";"39";"77";"11";"2021";"NON";"NON";"77371";"";"";"";"2021-10-06";"135274";""
"77372";"3131";"PLU";"COM";"2015-03-05 23:00:00+00:00";"2011-04-28 22:00:00+00:00";"33";"77";"11";"2021";"NON";"NON";"77372";"";"";"";"2021-10-06";"75828";""
"77373";"3199";"PLU";"COM";"2019-05-19 22:00:00+00:00";"2014-12-07 23:00:00+00:00";"39";"77";"11";"2021";"NON";"NON";"77373";"";"";"";"2021-10-06";"134877";""
"77374";"3199";"PLU";"COM";"2011-11-20 23:00:00+00:00";"2010-09-16 22:00:00+00:00";"39";"77";"11";"2021";"NON";"NON";"77374";"";"";"";"2021-10-06";"36604";""
"77376";"3199";"PLU";"COM";"2018-12-21 23:00:00+00:00";"2013-10-03 22:00:00+00:00";"39";"77";"11";"2021";"NON";"NON";"77376";"";"";"";"2021-10-06";"125173";""
"77377";"3199";"PLU";"COM";"2016-10-09 22:00:00+00:00";"2011-11-01 23:00:00+00:00";"39";"77";"11";"2021";"NON";"NON";"77377";"";"";"";"2021-10-06";"77952";""
"77378";"3199";"PLU";"COM";"2018-12-19 23:00:00+00:00";"2010-11-17 23:00:00+00:00";"39";"77";"11";"2021";"NON";"NON";"77378";"";"";"";"2021-10-06";"43994";""
"77379";"3199";"PLU";"COM";"2013-04-24 22:00:00+00:00";"2009-12-06 23:00:00+00:00";"39";"77";"11";"2021";"NON";"NON";"77379";"";"";"";"2021-10-06";"40473";""
"77381";"3199";"PLU";"COM";"2021-06-21 22:00:00+00:00";"2015-11-22 23:00:00+00:00";"39";"77";"11";"2021";"NON";"NON";"77381";"";"";"";"2021-10-06";"148445";""
"77382";"3199";"PLU";"COM";"2019-09-25 22:00:00+00:00";"2015-06-25 22:00:00+00:00";"39";"77";"11";"2021";"NON";"NON";"77382";"";"";"";"2021-10-06";"139872";""
"77384";"3131";"PLU";"COM";"2013-06-30 22:00:00+00:00";"2012-02-01 23:00:00+00:00";"33";"77";"11";"2021";"NON";"NON";"77384";"";"";"";"2021-10-06";"105408";""
"77385";"3432";"PLU";"CC";"2006-05-15 22:00:00+00:00";"2002-06-02 22:00:00+00:00";"33";"77";"11";"2021";"NON";"NON";"200072544";"";"";"";"2021-10-06";"10085";""
"77388";"3499";"PLU";"CA";"2016-07-07 22:00:00+00:00";"2012-04-04 22:00:00+00:00";"39";"77";"11";"2021";"NON";"NON";"77388";"";"";"";"2021-10-06";"106223";""
"77389";"3199";"PLU";"COM";"2018-11-25 23:00:00+00:00";"2016-04-04 22:00:00+00:00";"39";"77";"11";"2021";"NON";"NON";"77389";"";"";"";"2021-10-06";"148510";""
"77390";"3199";"PLU";"COM";"2004-12-12 23:00:00+00:00";"2001-06-10 22:00:00+00:00";"39";"77";"11";"2021";"NON";"NON";"77390";"";"";"";"2021-10-06";"669";""
"77391";"3199";"PLU";"COM";"2003-11-21 23:00:00+00:00";"2001-06-08 22:00:00+00:00";"39";"77";"11";"2021";"NON";"NON";"77391";"";"";"";"2021-10-06";"54948";""
"77392";"3199";"PLU";"COM";"2007-10-24 22:00:00+00:00";"2003-11-05 23:00:00+00:00";"39";"77";"11";"2021";"NON";"NON";"77392";"";"";"";"2021-10-06";"23615";""
"77393";"3199";"PLU";"COM";"2020-02-16 23:00:00+00:00";"2014-09-29 22:00:00+00:00";"39";"77";"11";"2021";"NON";"NON";"77393";"";"";"";"2021-10-06";"133449";""
"77394";"3199";"PLU";"COM";"2020-01-29 23:00:00+00:00";"2013-06-26 22:00:00+00:00";"39";"77";"11";"2021";"NON";"NON";"77394";"";"";"";"2021-10-06";"122539";""
"77395";"3199";"PLU";"COM";"2012-02-29 23:00:00+00:00";"2007-03-07 23:00:00+00:00";"39";"77";"11";"2021";"NON";"NON";"77395";"";"";"";"2021-10-06";"28855";""
"77396";"1199";"CC";"COM";"2005-04-06 22:00:00+00:00";"2004-01-13 23:00:00+00:00";"19";"77";"11";"2021";"NON";"NON";"77396";"";"";"";"2021-10-06";"68583";""
"77397";"3434";"PLU";"CA";"2006-06-21 22:00:00+00:00";"2003-07-23 22:00:00+00:00";"33";"77";"11";"2021";"NON";"NON";"77397";"";"";"";"2021-10-06";"18154";""
"77398";"3432";"PLU";"CC";"2012-09-30 22:00:00+00:00";"2008-06-15 22:00:00+00:00";"33";"77";"11";"2021";"NON";"NON";"200072544";"";"";"";"2021-10-06";"35498";""
"77400";"3499";"PLU";"CA";"2017-06-19 22:00:00+00:00";"2010-06-28 22:00:00+00:00";"39";"77";"11";"2021";"NON";"NON";"77400";"";"";"";"2021-10-06";"42052";""
"77401";"3499";"PLU";"CA";"2017-02-19 23:00:00+00:00";"2012-02-22 23:00:00+00:00";"39";"77";"11";"2021";"NON";"NON";"77401";"";"";"";"2021-10-06";"89660";""
"77402";"1432";"CC";"CC";"2008-05-27 22:00:00+00:00";"2005-01-16 23:00:00+00:00";"13";"77";"11";"2021";"NON";"NON";"200072544";"";"";"";"2021-10-06";"32339";""
"77403";"3131";"PLU";"COM";"2007-06-24 22:00:00+00:00";"2004-04-07 22:00:00+00:00";"33";"77";"11";"2021";"NON";"NON";"77403";"";"";"";"2021-10-06";"29436";""
"77404";"3199";"PLU";"COM";"2020-03-11 23:00:00+00:00";"2017-06-29 22:00:00+00:00";"39";"77";"11";"2021";"NON";"NON";"77404";"";"";"";"2021-10-06";"157288";""
"77405";"3432";"PLU";"CC";"2020-08-26 22:00:00+00:00";"2015-09-23 22:00:00+00:00";"33";"77";"11";"2021";"NON";"NON";"200072544";"";"";"";"2021-10-06";"141891";""
"77406";"3432";"PLU";"CC";"2015-12-06 23:00:00+00:00";"2012-09-20 22:00:00+00:00";"33";"77";"11";"2021";"NON";"NON";"200072544";"";"";"";"2021-10-06";"111949";""
"77407";"3131";"PLU";"COM";"2018-09-16 22:00:00+00:00";"2011-01-30 23:00:00+00:00";"33";"77";"11";"2021";"NON";"NON";"77407";"";"";"";"2021-10-06";"47600";""
"77408";"3199";"PLU";"COM";"2013-01-15 23:00:00+00:00";"2008-06-24 22:00:00+00:00";"39";"77";"11";"2021";"NON";"NON";"77408";"";"";"";"2021-10-06";"35463";""
"77409";"3199";"PLU";"COM";"2005-06-29 22:00:00+00:00";"2001-12-26 23:00:00+00:00";"39";"77";"11";"2021";"NON";"NON";"77409";"";"";"";"2021-10-06";"54955";""
"77410";"3199";"PLU";"COM";"2008-02-19 23:00:00+00:00";"2004-09-28 22:00:00+00:00";"39";"77";"11";"2021";"NON";"NON";"77410";"";"";"";"2021-10-06";"30012";""
"77411";"3432";"PLU";"CC";"2011-11-20 23:00:00+00:00";"2008-09-07 22:00:00+00:00";"33";"77";"11";"2021";"NON";"NON";"200072544";"";"";"";"2021-10-06";"37737";""
"77412";"3432";"PLU";"CA";"2014-02-12 23:00:00+00:00";"2010-04-07 22:00:00+00:00";"33";"77";"11";"2021";"NON";"NON";"200072346";"";"";"";"2021-10-06";"41312";""
"77413";"3432";"PLU";"CA";"2012-09-19 22:00:00+00:00";"2009-01-21 23:00:00+00:00";"33";"77";"11";"2021";"NON";"NON";"247700339";"";"";"";"2021-10-06";"37346";""
"77414";"1199";"CC";"COM";"2007-07-19 22:00:00+00:00";"2006-03-30 22:00:00+00:00";"19";"77";"11";"2021";"NON";"NON";"77414";"";"";"";"2021-10-06";"28859";""
"77415";"3434";"PLU";"CA";"2011-07-25 22:00:00+00:00";"2005-03-23 23:00:00+00:00";"33";"77";"11";"2021";"NON";"NON";"77415";"";"";"";"2021-10-06";"63296";""
"77416";"1199";"CC";"COM";"2008-05-13 22:00:00+00:00";"2005-10-12 22:00:00+00:00";"19";"77";"11";"2021";"NON";"NON";"77416";"";"";"";"2021-10-06";"34532";""
"77417";"3432";"PLU";"CC";"2011-03-06 23:00:00+00:00";"2006-12-13 23:00:00+00:00";"33";"77";"11";"2021";"NON";"NON";"200072544";"";"";"";"2021-10-06";"41144";""
"77418";"1199";"CC";"COM";"2010-08-18 22:00:00+00:00";"2007-12-04 23:00:00+00:00";"19";"77";"11";"2021";"NON";"NON";"77418";"";"";"";"2021-10-06";"34685";""
"77419";"3199";"PLU";"COM";"2014-11-06 23:00:00+00:00";"2009-06-04 22:00:00+00:00";"39";"77";"11";"2021";"NON";"NON";"77419";"";"";"";"2021-10-06";"38812";""
"77420";"3199";"PLU";"COM";"2014-01-29 23:00:00+00:00";"2011-09-18 22:00:00+00:00";"39";"77";"11";"2021";"NON";"NON";"77420";"";"";"";"2021-10-06";"84037";""
"77421";"3432";"PLU";"CC";"2004-07-01 22:00:00+00:00";"2002-03-29 23:00:00+00:00";"33";"77";"11";"2021";"NON";"NON";"200072544";"";"";"";"2021-10-06";"54960";""
"77424";"3199";"PLU";"COM";"2007-03-29 22:00:00+00:00";"2003-12-11 23:00:00+00:00";"39";"77";"11";"2021";"NON";"NON";"77424";"";"";"";"2021-10-06";"23741";""
"77425";"3432";"PLU";"CA";"2016-12-18 23:00:00+00:00";"2013-03-25 23:00:00+00:00";"33";"77";"11";"2021";"NON";"NON";"200072346";"";"";"";"2021-10-06";"121511";""
"77426";"3199";"PLU";"COM";"2007-12-06 23:00:00+00:00";"2004-04-22 22:00:00+00:00";"39";"77";"11";"2021";"NON";"NON";"77426";"";"";"";"2021-10-06";"28860";""
"77427";"3199";"PLU";"COM";"2021-07-07 22:00:00+00:00";"2016-02-08 23:00:00+00:00";"39";"77";"11";"2021";"NON";"NON";"77427";"";"";"";"2021-10-06";"149245";""
"77430";"3199";"PLU";"COM";"2021-09-15 22:00:00+00:00";"2015-08-27 22:00:00+00:00";"39";"77";"11";"2021";"NON";"NON";"77430";"";"";"";"2021-10-06";"141254";""
"77431";"3199";"PLU";"COM";"2017-07-03 22:00:00+00:00";"2012-04-01 22:00:00+00:00";"39";"77";"11";"2021";"NON";"NON";"77431";"";"";"";"2021-10-06";"106117";""
"77432";"3432";"PLU";"CC";"2014-06-05 22:00:00+00:00";"2010-09-09 22:00:00+00:00";"33";"77";"11";"2021";"NON";"NON";"200072544";"";"";"";"2021-10-06";"41652";""
"77433";"3399";"PLUi/PLUiS";"CA";"2016-06-22 22:00:00+00:00";"2008-09-16 22:00:00+00:00";"39";"77";"11";"2021";"OUI";"NON";"77433";"";"";"";"2021-10-06";"84680";""
"77435";"3432";"PLU";"CA";"2020-09-09 22:00:00+00:00";"2015-10-05 22:00:00+00:00";"33";"77";"11";"2021";"NON";"NON";"200072346";"";"";"";"2021-10-06";"141888";""
"77437";"3131";"PLU";"COM";"2010-03-28 22:00:00+00:00";"2005-12-18 23:00:00+00:00";"33";"77";"11";"2021";"NON";"NON";"77437";"";"";"";"2021-10-06";"36615";""
"77438";"3131";"PLU";"COM";"2015-01-06 23:00:00+00:00";"2011-12-15 23:00:00+00:00";"33";"77";"11";"2021";"NON";"NON";"77438";"";"";"";"2021-10-06";"95419";""
"77439";"3199";"PLU";"COM";"2012-04-11 22:00:00+00:00";"2008-10-13 22:00:00+00:00";"39";"77";"11";"2021";"NON";"NON";"77439";"";"";"";"2021-10-06";"36616";""
"77440";"3499";"PLU";"CA";"2014-06-26 22:00:00+00:00";"2011-02-09 23:00:00+00:00";"39";"77";"11";"2021";"NON";"NON";"77440";"";"";"";"2021-10-06";"43210";""
"77441";"3432";"PLU";"CA";"2015-12-16 23:00:00+00:00";"2010-04-08 22:00:00+00:00";"33";"77";"11";"2021";"NON";"NON";"200072346";"";"";"";"2021-10-06";"37878";""
"77442";"3432";"PLU";"CA";"2014-02-05 23:00:00+00:00";"2011-11-23 23:00:00+00:00";"33";"77";"11";"2021";"NON";"NON";"200072346";"";"";"";"2021-10-06";"110006";""
"77443";"3499";"PLU";"CA";"2017-10-06 22:00:00+00:00";"2014-10-24 22:00:00+00:00";"39";"77";"11";"2021";"NON";"NON";"200090504";"";"";"";"2021-10-06";"135620";""
"77444";"3199";"PLU";"COM";"2007-12-19 23:00:00+00:00";"2005-05-18 22:00:00+00:00";"39";"77";"11";"2021";"NON";"NON";"77444";"";"";"";"2021-10-06";"28864";""
"77445";"3199";"PLU";"COM";"2019-04-17 22:00:00+00:00";"2015-04-09 22:00:00+00:00";"39";"77";"11";"2021";"NON";"NON";"77445";"";"";"";"2021-10-06";"138936";""
"77447";"3199";"PLU";"COM";"2020-03-06 23:00:00+00:00";"2014-02-07 23:00:00+00:00";"39";"77";"11";"2021";"NON";"NON";"77447";"";"";"";"2021-10-06";"129484";""
"77448";"3499";"PLU";"CA";"2014-12-18 23:00:00+00:00";"2011-01-26 23:00:00+00:00";"39";"77";"11";"2021";"NON";"NON";"77448";"";"";"";"2021-10-06";"47597";""
"77449";"3332";"PLUi/PLUiS";"CA";"2016-07-06 22:00:00+00:00";"2012-03-07 23:00:00+00:00";"33";"77";"11";"2021";"OUI";"NON";"247700339";"";"";"";"2021-10-06";"129462";""
"77450";"3199";"PLU";"COM";"2013-06-19 22:00:00+00:00";"2007-03-14 23:00:00+00:00";"39";"77";"11";"2021";"NON";"NON";"77450";"";"";"";"2021-10-06";"115814";""
"77451";"3499";"PLU";"CA";"2020-02-26 23:00:00+00:00";"2015-12-02 23:00:00+00:00";"39";"77";"11";"2021";"NON";"NON";"77451";"";"";"";"2021-10-06";"142077";""
"77453";"3199";"PLU";"COM";"2005-11-15 23:00:00+00:00";"2003-09-14 22:00:00+00:00";"39";"77";"11";"2021";"NON";"NON";"77453";"";"";"";"2021-10-06";"10113";""
"77455";"3199";"PLU";"COM";"2012-02-09 23:00:00+00:00";"2008-10-02 22:00:00+00:00";"39";"77";"11";"2021";"NON";"NON";"77455";"";"";"";"2021-10-06";"36619";""
"77456";"3199";"PLU";"COM";"2012-04-25 22:00:00+00:00";"2007-06-14 22:00:00+00:00";"39";"77";"11";"2021";"NON";"NON";"77456";"";"";"";"2021-10-06";"29570";""
"77457";"3199";"PLU";"COM";"2021-07-26 22:00:00+00:00";"2014-11-26 23:00:00+00:00";"39";"77";"11";"2021";"NON";"NON";"77457";"";"";"";"2021-10-06";"135398";""
"77458";"3199";"PLU";"COM";"2017-06-26 22:00:00+00:00";"2013-03-20 23:00:00+00:00";"39";"77";"11";"2021";"NON";"NON";"77458";"";"";"";"2021-10-06";"124152";""
"77459";"3131";"PLU";"COM";"2006-02-23 23:00:00+00:00";"2001-09-02 22:00:00+00:00";"33";"77";"11";"2021";"NON";"NON";"77459";"";"";"";"2021-10-06";"54985";""
"77460";"3131";"PLU";"COM";"2004-03-04 23:00:00+00:00";"2004-03-04 23:00:00+00:00";"33";"77";"11";"2021";"NON";"NON";"77460";"";"";"";"2021-10-06";"54986";""
"77462";"3131";"PLU";"COM";"2013-04-09 22:00:00+00:00";"2009-02-18 23:00:00+00:00";"33";"77";"11";"2021";"NON";"NON";"77462";"";"";"";"2021-10-06";"37837";""
"77463";"3199";"PLU";"COM";"2013-11-07 23:00:00+00:00";"2008-11-20 23:00:00+00:00";"39";"77";"11";"2021";"NON";"NON";"77463";"";"";"";"2021-10-06";"37296";""
"77464";"3131";"PLU";"COM";"2012-07-08 22:00:00+00:00";"2009-02-11 23:00:00+00:00";"33";"77";"11";"2021";"NON";"NON";"77464";"";"";"";"2021-10-06";"37634";""
"77465";"3199";"PLU";"COM";"2019-07-01 22:00:00+00:00";"2015-06-29 22:00:00+00:00";"39";"77";"11";"2021";"NON";"NON";"77465";"";"";"";"2021-10-06";"140230";""
"77466";"3434";"PLU";"CA";"2014-03-18 23:00:00+00:00";"2010-03-25 23:00:00+00:00";"33";"77";"11";"2021";"NON";"NON";"200090504";"";"";"";"2021-10-06";"41420";""
"77468";"3199";"PLU";"COM";"2017-03-23 23:00:00+00:00";"2016-03-17 23:00:00+00:00";"39";"77";"11";"2021";"NON";"NON";"77468";"";"";"";"2021-10-06";"138553";""
"77469";"3499";"PLU";"CA";"2015-12-16 23:00:00+00:00";"2010-09-23 22:00:00+00:00";"39";"77";"11";"2021";"NON";"NON";"77469";"";"";"";"2021-10-06";"42486";""
"77470";"3199";"PLU";"COM";"2017-01-25 23:00:00+00:00";"2014-11-26 23:00:00+00:00";"39";"77";"11";"2021";"NON";"NON";"77470";"";"";"";"2021-10-06";"133989";""
"77472";"3432";"PLU";"CC";"2015-09-24 22:00:00+00:00";"2010-04-08 22:00:00+00:00";"33";"77";"11";"2021";"NON";"NON";"200072544";"";"";"";"2021-10-06";"1812";""
"77473";"3199";"PLU";"COM";"2017-06-15 22:00:00+00:00";"2014-09-25 22:00:00+00:00";"39";"77";"11";"2021";"NON";"NON";"77473";"";"";"";"2021-10-06";"132852";""
"77474";"3199";"PLU";"COM";"2016-02-22 23:00:00+00:00";"2011-09-11 22:00:00+00:00";"39";"77";"11";"2021";"NON";"NON";"77474";"";"";"";"2021-10-06";"36624";""
"77475";"3199";"PLU";"COM";"2016-12-13 23:00:00+00:00";"2013-02-27 23:00:00+00:00";"39";"77";"11";"2021";"NON";"NON";"77475";"";"";"";"2021-10-06";"36626";""
"77476";"3199";"PLU";"COM";"2017-04-12 22:00:00+00:00";"2014-05-18 22:00:00+00:00";"39";"77";"11";"2021";"NON";"NON";"77476";"";"";"";"2021-10-06";"151033";""
"77477";"3432";"PLU";"CA";"2011-07-06 22:00:00+00:00";"2009-11-04 23:00:00+00:00";"33";"77";"11";"2021";"NON";"NON";"200072346";"";"";"";"2021-10-06";"40201";""
"77479";"3199";"PLU";"COM";"2013-04-17 22:00:00+00:00";"2009-03-25 23:00:00+00:00";"39";"77";"11";"2021";"NON";"NON";"77479";"";"";"";"2021-10-06";"42142";""
"77480";"3199";"PLU";"COM";"2018-05-29 22:00:00+00:00";"2012-11-14 23:00:00+00:00";"39";"77";"11";"2021";"NON";"NON";"77480";"";"";"";"2021-10-06";"121852";""
"77482";"3199";"PLU";"COM";"2018-11-26 23:00:00+00:00";"2015-12-02 23:00:00+00:00";"39";"77";"11";"2021";"NON";"NON";"77482";"";"";"";"2021-10-06";"164240";""
"77483";"3131";"PLU";"COM";"2003-06-30 22:00:00+00:00";"2001-10-29 23:00:00+00:00";"33";"77";"11";"2021";"NON";"NON";"77483";"";"";"";"2021-10-06";"55004";""
"77484";"3434";"PLU";"CA";"2003-09-05 22:00:00+00:00";"2003-09-05 22:00:00+00:00";"33";"77";"11";"2021";"NON";"NON";"200090504";"";"";"";"2021-10-06";"55005";""
"77485";"3432";"PLU";"CA";"2013-10-10 22:00:00+00:00";"2010-06-10 22:00:00+00:00";"33";"77";"11";"2021";"NON";"NON";"200072346";"";"";"";"2021-10-06";"42020";""
"77486";"3199";"PLU";"COM";"2017-12-20 23:00:00+00:00";"2012-01-30 23:00:00+00:00";"39";"77";"11";"2021";"NON";"NON";"77486";"";"";"";"2021-10-06";"82681";""
"77487";"3199";"PLU";"COM";"2014-01-29 23:00:00+00:00";"2011-04-27 22:00:00+00:00";"39";"77";"11";"2021";"NON";"NON";"77487";"";"";"";"2021-10-06";"76483";""
"77489";"3199";"PLU";"COM";"2016-03-06 23:00:00+00:00";"2012-02-15 23:00:00+00:00";"39";"77";"11";"2021";"NON";"NON";"77489";"";"";"";"2021-10-06";"63304";""
"77493";"3199";"PLU";"COM";"2017-03-20 23:00:00+00:00";"2014-03-13 23:00:00+00:00";"39";"77";"11";"2021";"NON";"NON";"77493";"";"";"";"2021-10-06";"129394";""
"77494";"3199";"PLU";"COM";"2008-01-24 23:00:00+00:00";"2005-09-15 22:00:00+00:00";"39";"77";"11";"2021";"NON";"NON";"77494";"";"";"";"2021-10-06";"29607";""
"77495";"3199";"PLU";"COM";"2005-06-23 22:00:00+00:00";"2002-05-23 22:00:00+00:00";"39";"77";"11";"2021";"NON";"NON";"77495";"";"";"";"2021-10-06";"55011";""
"77496";"3199";"PLU";"COM";"2010-09-08 22:00:00+00:00";"2004-09-22 22:00:00+00:00";"39";"77";"11";"2021";"NON";"NON";"77496";"";"";"";"2021-10-06";"37632";""
"77498";"3199";"PLU";"COM";"2011-03-03 23:00:00+00:00";"2007-05-23 22:00:00+00:00";"39";"77";"11";"2021";"NON";"NON";"77498";"";"";"";"2021-10-06";"28872";""
"77500";"3199";"PLU";"COM";"2019-12-08 23:00:00+00:00";"2015-10-15 22:00:00+00:00";"39";"77";"11";"2021";"NON";"NON";"77500";"";"";"";"2021-10-06";"141905";""
"77501";"3199";"PLU";"COM";"2018-12-09 23:00:00+00:00";"2015-01-11 23:00:00+00:00";"39";"77";"11";"2021";"NON";"NON";"77501";"";"";"";"2021-10-06";"133787";""
"77504";"3199";"PLU";"COM";"2017-07-06 22:00:00+00:00";"2014-09-25 22:00:00+00:00";"39";"77";"11";"2021";"NON";"NON";"77504";"";"";"";"2021-10-06";"132814";""
"77505";"3199";"PLU";"COM";"2016-07-10 22:00:00+00:00";"2012-10-22 22:00:00+00:00";"39";"77";"11";"2021";"NON";"NON";"77505";"";"";"";"2021-10-06";"114068";""
"77506";"3199";"PLU";"COM";"2021-07-29 22:00:00+00:00";"2016-03-31 22:00:00+00:00";"39";"77";"11";"2021";"NON";"NON";"77506";"";"";"";"2021-10-06";"148159";""
"77507";"1432";"CC";"CC";"2007-07-12 22:00:00+00:00";"2004-03-29 22:00:00+00:00";"13";"77";"11";"2021";"NON";"NON";"200040251";"";"";"";"2021-10-06";"21540";""
"77508";"3432";"PLU";"CA";"2014-11-17 23:00:00+00:00";"2010-09-27 22:00:00+00:00";"33";"77";"11";"2021";"NON";"NON";"247700339";"";"";"";"2021-10-06";"40389";""
"77510";"3432";"PLU";"CA";"2006-12-07 23:00:00+00:00";"2004-05-25 22:00:00+00:00";"33";"77";"11";"2021";"NON";"NON";"247700339";"";"";"";"2021-10-06";"24177";""
"77511";"3199";"PLU";"COM";"2020-06-07 22:00:00+00:00";"2017-04-19 22:00:00+00:00";"39";"77";"11";"2021";"NON";"NON";"77511";"";"";"";"2021-10-06";"121896";""
"77512";"3432";"PLU";"CC";"2019-09-18 22:00:00+00:00";"2015-11-25 23:00:00+00:00";"33";"77";"11";"2021";"NON";"NON";"200072544";"";"";"";"2021-10-06";"147951";""
"77513";"3131";"PLU";"COM";"2012-01-11 23:00:00+00:00";"2008-03-20 23:00:00+00:00";"33";"77";"11";"2021";"NON";"NON";"77513";"";"";"";"2021-10-06";"34621";""
"77514";"3199";"PLU";"COM";"2019-05-14 22:00:00+00:00";"2016-04-06 22:00:00+00:00";"39";"77";"11";"2021";"NON";"NON";"77514";"";"";"";"2021-10-06";"148157";""
"77515";"3199";"PLU";"COM";"2020-02-04 23:00:00+00:00";"2014-09-28 22:00:00+00:00";"39";"77";"11";"2021";"NON";"NON";"77515";"";"";"";"2021-10-06";"132967";""
"77516";"3199";"PLU";"COM";"2008-02-21 23:00:00+00:00";"2006-02-21 23:00:00+00:00";"39";"77";"11";"2021";"NON";"NON";"77516";"";"";"";"2021-10-06";"30215";""
"77517";"3199";"PLU";"COM";"2018-01-23 23:00:00+00:00";"2008-12-10 23:00:00+00:00";"39";"77";"11";"2021";"NON";"NON";"77517";"";"";"";"2021-10-06";"37054";""
"77519";"3131";"PLU";"COM";"2009-04-23 22:00:00+00:00";"2001-10-25 22:00:00+00:00";"33";"77";"11";"2021";"NON";"NON";"77519";"";"";"";"2021-10-06";"33625";""
"77520";"3199";"PLU";"COM";"2014-02-17 23:00:00+00:00";"2002-05-26 22:00:00+00:00";"39";"77";"11";"2021";"NON";"NON";"77520";"";"";"";"2021-10-06";"34289";""
"77521";"3434";"PLU";"CA";"2017-05-15 22:00:00+00:00";"2010-09-29 22:00:00+00:00";"33";"77";"11";"2021";"NON";"NON";"200090504";"";"";"";"2021-10-06";"42806";""
"77523";"1432";"CC";"CC";"2009-05-12 22:00:00+00:00";"2007-03-18 23:00:00+00:00";"13";"77";"11";"2021";"NON";"NON";"200040251";"";"";"";"2021-10-06";"28875";""
"77524";"1432";"CC";"CC";"2008-09-16 22:00:00+00:00";"2005-10-12 22:00:00+00:00";"13";"77";"11";"2021";"NON";"NON";"200040251";"";"";"";"2021-10-06";"12282";""
"77525";"3199";"PLU";"COM";"2017-12-14 23:00:00+00:00";"2013-08-01 22:00:00+00:00";"39";"77";"11";"2021";"NON";"NON";"77525";"";"";"";"2021-10-06";"124426";""
"77526";"3199";"PLU";"COM";"2020-01-22 23:00:00+00:00";"2015-02-09 23:00:00+00:00";"39";"77";"11";"2021";"NON";"NON";"77526";"";"";"";"2021-10-06";"149288";""
"77527";"3199";"PLU";"COM";"2019-09-25 22:00:00+00:00";"2012-09-24 22:00:00+00:00";"39";"77";"11";"2021";"NON";"NON";"77527";"";"";"";"2021-10-06";"113046";""
"77529";"3499";"PLU";"CA";"2020-02-26 23:00:00+00:00";"2018-07-04 22:00:00+00:00";"39";"77";"11";"2021";"NON";"NON";"200090504";"";"";"";"2021-10-06";"163705";""
"77530";"1199";"CC";"COM";"2006-08-07 22:00:00+00:00";"2005-03-21 23:00:00+00:00";"19";"77";"11";"2021";"NON";"NON";"77530";"";"";"";"2021-10-06";"18623";""
"77532";"1199";"CC";"COM";"2008-02-17 23:00:00+00:00";"2005-12-14 23:00:00+00:00";"19";"77";"11";"2021";"NON";"NON";"77532";"";"";"";"2021-10-06";"28876";""
"77533";"3432";"PLU";"CA";"2017-06-28 22:00:00+00:00";"2014-10-08 22:00:00+00:00";"33";"77";"11";"2021";"NON";"NON";"200072346";"";"";"";"2021-10-06";"131255";""
"77534";"3199";"PLU";"COM";"2020-01-29 23:00:00+00:00";"2015-06-15 22:00:00+00:00";"39";"77";"11";"2021";"NON";"NON";"77534";"";"";"";"2021-10-06";"139607";""
"78003";"3199";"PLU";"COM";"2014-10-15 22:00:00+00:00";"2009-06-16 22:00:00+00:00";"39";"78";"11";"2021";"NON";"NON";"78003";"";"";"";"2021-10-06";"39221";""
"78005";"3299";"PLUi/PLUiS";"CU";"2020-01-15 23:00:00+00:00";"2016-04-18 22:00:00+00:00";"39";"78";"11";"2021";"NON";"OUI";"78005";"";"";"";"2021-10-06";"148084";""
"78006";"3199";"PLU";"COM";"2018-09-06 22:00:00+00:00";"2014-10-09 22:00:00+00:00";"39";"78";"11";"2021";"NON";"NON";"78006";"";"";"";"2021-10-06";"133201";""
"78007";"3199";"PLU";"COM";"2019-06-12 22:00:00+00:00";"2015-11-22 23:00:00+00:00";"39";"78";"11";"2021";"NON";"NON";"78007";"";"";"";"2021-10-06";"145281";""
"78009";"3199";"PLU";"COM";"2018-12-04 23:00:00+00:00";"2012-03-06 23:00:00+00:00";"39";"78";"11";"2021";"NON";"NON";"78009";"";"";"";"2021-10-06";"109268";""
"78010";"3299";"PLUi/PLUiS";"CU";"2020-01-15 23:00:00+00:00";"2016-04-18 22:00:00+00:00";"39";"78";"11";"2021";"NON";"OUI";"78010";"";"";"";"2021-10-06";"148084";""
"78013";"3199";"PLU";"COM";"2015-06-23 22:00:00+00:00";"2011-11-09 23:00:00+00:00";"39";"78";"11";"2021";"NON";"NON";"78013";"";"";"";"2021-10-06";"39223";""
"78015";"3299";"PLUi/PLUiS";"CU";"2020-01-15 23:00:00+00:00";"2016-04-18 22:00:00+00:00";"39";"78";"11";"2021";"NON";"OUI";"78015";"";"";"";"2021-10-06";"148084";""
"78020";"3299";"PLUi/PLUiS";"CU";"2020-01-15 23:00:00+00:00";"2016-04-18 22:00:00+00:00";"39";"78";"11";"2021";"NON";"OUI";"78020";"";"";"";"2021-10-06";"148084";""
"78029";"3299";"PLUi/PLUiS";"CU";"2020-01-15 23:00:00+00:00";"2016-04-18 22:00:00+00:00";"39";"78";"11";"2021";"NON";"OUI";"78029";"";"";"";"2021-10-06";"148084";""
"78030";"3199";"PLU";"COM";"2013-04-22 22:00:00+00:00";"2008-09-14 22:00:00+00:00";"39";"78";"11";"2021";"NON";"NON";"78030";"";"";"";"2021-10-06";"34428";""
"78031";"3299";"PLUi/PLUiS";"CU";"2020-01-15 23:00:00+00:00";"2016-04-18 22:00:00+00:00";"39";"78";"11";"2021";"NON";"OUI";"78031";"";"";"";"2021-10-06";"148084";""
"78033";"3299";"PLUi/PLUiS";"CU";"2020-01-15 23:00:00+00:00";"2016-04-18 22:00:00+00:00";"39";"78";"11";"2021";"NON";"OUI";"78033";"";"";"";"2021-10-06";"148084";""
"78034";"3199";"PLU";"COM";"2018-02-21 23:00:00+00:00";"2008-11-26 23:00:00+00:00";"39";"78";"11";"2021";"NON";"NON";"78034";"";"";"";"2021-10-06";"37016";""
"78036";"3199";"PLU";"COM";"2013-04-14 22:00:00+00:00";"2008-06-22 22:00:00+00:00";"39";"78";"11";"2021";"NON";"NON";"78036";"";"";"";"2021-10-06";"31056";""
"78043";"3199";"PLU";"COM";"2012-12-16 23:00:00+00:00";"2009-05-24 22:00:00+00:00";"39";"78";"11";"2021";"NON";"NON";"78043";"";"";"";"2021-10-06";"39224";""
"78048";"3199";"PLU";"COM";"2019-12-18 23:00:00+00:00";"2014-11-27 23:00:00+00:00";"39";"78";"11";"2021";"NON";"NON";"78048";"";"";"";"2021-10-06";"134050";""
"78049";"3199";"PLU";"COM";"2018-03-06 23:00:00+00:00";"2015-06-04 22:00:00+00:00";"39";"78";"11";"2021";"NON";"NON";"78049";"";"";"";"2021-10-06";"136674";""
"78050";"3199";"PLU";"COM";"2008-12-16 23:00:00+00:00";"2006-02-02 23:00:00+00:00";"39";"78";"11";"2021";"NON";"NON";"78050";"";"";"";"2021-10-06";"37354";""
"78053";"3199";"PLU";"COM";"2017-11-05 23:00:00+00:00";"2014-10-05 22:00:00+00:00";"39";"78";"11";"2021";"NON";"NON";"78053";"";"";"";"2021-10-06";"133091";""
"78057";"3199";"PLU";"COM";"2018-04-11 22:00:00+00:00";"2014-09-03 22:00:00+00:00";"39";"78";"11";"2021";"NON";"NON";"78057";"";"";"";"2021-10-06";"132795";""
"78062";"3131";"PLU";"COM";"2013-07-03 22:00:00+00:00";"2008-09-25 22:00:00+00:00";"33";"78";"11";"2021";"NON";"NON";"78062";"";"";"";"2021-10-06";"36074";""
"78068";"3199";"PLU";"COM";"2018-01-10 23:00:00+00:00";"2015-02-11 23:00:00+00:00";"39";"78";"11";"2021";"NON";"NON";"78068";"";"";"";"2021-10-06";"137237";""
"78070";"3299";"PLUi/PLUiS";"CU";"2020-01-15 23:00:00+00:00";"2016-04-18 22:00:00+00:00";"39";"78";"11";"2021";"NON";"OUI";"78070";"";"";"";"2021-10-06";"148084";""
"78071";"3199";"PLU";"COM";"2018-12-06 23:00:00+00:00";"2011-12-18 23:00:00+00:00";"39";"78";"11";"2021";"NON";"NON";"78071";"";"";"";"2021-10-06";"104792";""
"78072";"3199";"PLU";"COM";"2019-04-15 22:00:00+00:00";"2015-04-13 22:00:00+00:00";"39";"78";"11";"2021";"NON";"NON";"78072";"";"";"";"2021-10-06";"138348";""
"78073";"3199";"PLU";"COM";"2021-07-05 22:00:00+00:00";"2020-06-01 22:00:00+00:00";"39";"78";"11";"2021";"NON";"NON";"78073";"";"";"";"2021-10-06";"173723";""
"78076";"3199";"PLU";"COM";"2018-02-14 23:00:00+00:00";"2015-05-28 22:00:00+00:00";"39";"78";"11";"2021";"NON";"NON";"78076";"";"";"";"2021-10-06";"140193";""
"78077";"3199";"PLU";"COM";"2018-10-11 22:00:00+00:00";"2013-12-05 23:00:00+00:00";"39";"78";"11";"2021";"NON";"NON";"78077";"";"";"";"2021-10-06";"127256";""
"78082";"3199";"PLU";"COM";"2017-05-21 22:00:00+00:00";"2014-11-05 23:00:00+00:00";"39";"78";"11";"2021";"NON";"NON";"78082";"";"";"";"2021-10-06";"134197";""
"78084";"3199";"PLU";"COM";"2017-06-29 22:00:00+00:00";"2014-09-03 22:00:00+00:00";"39";"78";"11";"2021";"NON";"NON";"78084";"";"";"";"2021-10-06";"132349";""
"78087";"3199";"PLU";"COM";"2014-03-19 23:00:00+00:00";"2010-03-11 23:00:00+00:00";"39";"78";"11";"2021";"NON";"NON";"78087";"";"";"";"2021-10-06";"63308";""
"78089";"3199";"PLU";"COM";"2007-12-18 23:00:00+00:00";"2002-03-22 23:00:00+00:00";"39";"78";"11";"2021";"NON";"NON";"78089";"";"";"";"2021-10-06";"33670";""
"78090";"3299";"PLUi/PLUiS";"CU";"2020-01-15 23:00:00+00:00";"2016-04-18 22:00:00+00:00";"39";"78";"11";"2021";"NON";"OUI";"78090";"";"";"";"2021-10-06";"148084";""
"78092";"3199";"PLU";"COM";"2021-02-10 23:00:00+00:00";"2018-02-14 23:00:00+00:00";"39";"78";"11";"2021";"NON";"NON";"78092";"";"";"";"2021-10-06";"163904";""
"78096";"3199";"PLU";"COM";"2017-12-18 23:00:00+00:00";"2014-10-29 23:00:00+00:00";"39";"78";"11";"2021";"NON";"NON";"78096";"";"";"";"2021-10-06";"134745";""
"78104";"3299";"PLUi/PLUiS";"CU";"2020-01-15 23:00:00+00:00";"2016-04-18 22:00:00+00:00";"39";"78";"11";"2021";"NON";"OUI";"78104";"";"";"";"2021-10-06";"148084";""
"78107";"3199";"PLU";"COM";"2017-02-19 23:00:00+00:00";"2014-09-04 22:00:00+00:00";"39";"78";"11";"2021";"NON";"NON";"78107";"";"";"";"2021-10-06";"135555";""
"78108";"3199";"PLU";"COM";"2020-02-27 23:00:00+00:00";"2015-09-29 22:00:00+00:00";"39";"78";"11";"2021";"NON";"NON";"78108";"";"";"";"2021-10-06";"137687";""
"78113";"3299";"PLUi/PLUiS";"CU";"2020-01-15 23:00:00+00:00";"2016-04-18 22:00:00+00:00";"39";"78";"11";"2021";"NON";"OUI";"78113";"";"";"";"2021-10-06";"148084";""
"78117";"3199";"PLU";"COM";"2018-02-11 23:00:00+00:00";"2015-10-25 23:00:00+00:00";"39";"78";"11";"2021";"NON";"NON";"78117";"";"";"";"2021-10-06";"145997";""
"78118";"3299";"PLUi/PLUiS";"CU";"2020-01-15 23:00:00+00:00";"2016-04-18 22:00:00+00:00";"39";"78";"11";"2021";"NON";"OUI";"78118";"";"";"";"2021-10-06";"148084";""
"78120";"3199";"PLU";"COM";"2018-03-12 23:00:00+00:00";"2014-09-10 22:00:00+00:00";"39";"78";"11";"2021";"NON";"NON";"78120";"";"";"";"2021-10-06";"132803";""
"78123";"3299";"PLUi/PLUiS";"CU";"2020-01-15 23:00:00+00:00";"2016-04-18 22:00:00+00:00";"39";"78";"11";"2021";"NON";"OUI";"78123";"";"";"";"2021-10-06";"148084";""
"78124";"3199";"PLU";"COM";"2014-02-09 23:00:00+00:00";"2011-05-22 22:00:00+00:00";"39";"78";"11";"2021";"NON";"NON";"78124";"";"";"";"2021-10-06";"84225";""
"78125";"3199";"PLU";"COM";"2016-03-30 22:00:00+00:00";"2013-10-13 22:00:00+00:00";"39";"78";"11";"2021";"NON";"NON";"78125";"";"";"";"2021-10-06";"125276";""
"78126";"3199";"PLU";"COM";"2017-06-12 22:00:00+00:00";"2014-11-03 23:00:00+00:00";"39";"78";"11";"2021";"NON";"NON";"78126";"";"";"";"2021-10-06";"133529";""
"78128";"3199";"PLU";"COM";"2015-06-23 22:00:00+00:00";"2011-02-27 23:00:00+00:00";"39";"78";"11";"2021";"NON";"NON";"78128";"";"";"";"2021-10-06";"84236";""
"78133";"3199";"PLU";"COM";"2019-06-30 22:00:00+00:00";"2015-04-14 22:00:00+00:00";"39";"78";"11";"2021";"NON";"NON";"78133";"";"";"";"2021-10-06";"139664";""
"78138";"3299";"PLUi/PLUiS";"CU";"2020-01-15 23:00:00+00:00";"2016-04-18 22:00:00+00:00";"39";"78";"11";"2021";"NON";"OUI";"78138";"";"";"";"2021-10-06";"148084";""
"78140";"3299";"PLUi/PLUiS";"CU";"2020-01-15 23:00:00+00:00";"2016-04-18 22:00:00+00:00";"39";"78";"11";"2021";"NON";"OUI";"78140";"";"";"";"2021-10-06";"148084";""
"78143";"3199";"PLU";"COM";"2014-03-18 23:00:00+00:00";"2008-04-13 22:00:00+00:00";"39";"78";"11";"2021";"NON";"NON";"78143";"";"";"";"2021-10-06";"34933";""
"78146";"3199";"PLU";"COM";"2006-11-08 23:00:00+00:00";"2002-04-10 22:00:00+00:00";"39";"78";"11";"2021";"NON";"NON";"78146";"";"";"";"2021-10-06";"33739";""
"78147";"3199";"PLU";"COM";"2017-06-08 22:00:00+00:00";"2014-12-04 23:00:00+00:00";"39";"78";"11";"2021";"NON";"NON";"78147";"";"";"";"2021-10-06";"134466";""
"78152";"3199";"PLU";"COM";"2018-06-24 22:00:00+00:00";"2015-01-18 23:00:00+00:00";"39";"78";"11";"2021";"NON";"NON";"78152";"";"";"";"2021-10-06";"137100";""
"78158";"3199";"PLU";"COM";"2011-12-18 23:00:00+00:00";"2009-06-07 22:00:00+00:00";"39";"78";"11";"2021";"NON";"NON";"78158";"";"";"";"2021-10-06";"39270";""
"78160";"3199";"PLU";"COM";"2015-03-15 23:00:00+00:00";"2003-03-16 23:00:00+00:00";"39";"78";"11";"2021";"NON";"NON";"78160";"";"";"";"2021-10-06";"37363";""
"78162";"3199";"PLU";"COM";"2019-09-15 22:00:00+00:00";"2014-09-22 22:00:00+00:00";"39";"78";"11";"2021";"NON";"NON";"78162";"";"";"";"2021-10-06";"132802";""
"78163";"3199";"PLU";"COM";"2018-11-13 23:00:00+00:00";"2015-01-14 23:00:00+00:00";"39";"78";"11";"2021";"NON";"NON";"78163";"";"";"";"2021-10-06";"140471";""
"78164";"3131";"PLU";"COM";"2013-12-17 23:00:00+00:00";"2010-06-14 22:00:00+00:00";"33";"78";"11";"2021";"NON";"NON";"78164";"";"";"";"2021-10-06";"43740";""
"78165";"3434";"PLU";"CA";"2013-04-10 22:00:00+00:00";"2009-06-28 22:00:00+00:00";"33";"78";"11";"2021";"NON";"NON";"78165";"";"";"";"2021-10-06";"39240";""
"78168";"3434";"PLU";"CA";"2019-12-18 23:00:00+00:00";"2014-12-11 23:00:00+00:00";"33";"78";"11";"2021";"NON";"NON";"78168";"";"";"";"2021-10-06";"135575";""
"78171";"3199";"PLU";"COM";"2018-06-24 22:00:00+00:00";"2014-09-28 22:00:00+00:00";"39";"78";"11";"2021";"NON";"NON";"78171";"";"";"";"2021-10-06";"133350";""
"78172";"3299";"PLUi/PLUiS";"CU";"2020-01-15 23:00:00+00:00";"2016-04-18 22:00:00+00:00";"39";"78";"11";"2021";"NON";"OUI";"78172";"";"";"";"2021-10-06";"148084";""
"78185";"3199";"PLU";"COM";"2019-10-10 22:00:00+00:00";"2015-02-01 23:00:00+00:00";"39";"78";"11";"2021";"NON";"NON";"78185";"";"";"";"2021-10-06";"137254";""
"78188";"3199";"PLU";"COM";"2017-05-04 22:00:00+00:00";"2014-12-04 23:00:00+00:00";"39";"78";"11";"2021";"NON";"NON";"78188";"";"";"";"2021-10-06";"134741";""
"78189";"3199";"PLU";"COM";"2020-12-06 23:00:00+00:00";"2018-12-20 23:00:00+00:00";"39";"78";"11";"2021";"NON";"NON";"78189";"";"";"";"2021-10-06";"168923";""
"78190";"3199";"PLU";"COM";"2013-07-22 22:00:00+00:00";"2010-12-08 23:00:00+00:00";"39";"78";"11";"2021";"NON";"NON";"78190";"";"";"";"2021-10-06";"77668";""
"78192";"3199";"PLU";"COM";"2011-05-04 22:00:00+00:00";"2005-06-29 22:00:00+00:00";"39";"78";"11";"2021";"NON";"NON";"78192";"";"";"";"2021-10-06";"37366";""
"78194";"3199";"PLU";"COM";"2018-09-10 22:00:00+00:00";"2015-03-09 23:00:00+00:00";"39";"78";"11";"2021";"NON";"NON";"78194";"";"";"";"2021-10-06";"137637";""
"78196";"3199";"PLU";"COM";"2018-07-17 22:00:00+00:00";"2007-05-28 22:00:00+00:00";"39";"78";"11";"2021";"NON";"NON";"78196";"";"";"";"2021-10-06";"35548";""
"78202";"3299";"PLUi/PLUiS";"CU";"2020-01-15 23:00:00+00:00";"2016-04-18 22:00:00+00:00";"39";"78";"11";"2021";"NON";"OUI";"78202";"";"";"";"2021-10-06";"148084";""
"78206";"3299";"PLUi/PLUiS";"CU";"2020-01-15 23:00:00+00:00";"2016-04-18 22:00:00+00:00";"39";"78";"11";"2021";"NON";"OUI";"78206";"";"";"";"2021-10-06";"148084";""
"78208";"3433";"PLU";"CA";"2010-06-30 22:00:00+00:00";"2005-06-29 22:00:00+00:00";"33";"78";"11";"2021";"NON";"NON";"78208";"";"";"";"2021-10-06";"48821";""
"78209";"3199";"PLU";"COM";"2018-09-27 22:00:00+00:00";"2014-12-11 23:00:00+00:00";"39";"78";"11";"2021";"NON";"NON";"78209";"";"";"";"2021-10-06";"135665";""
"78217";"3299";"PLUi/PLUiS";"CU";"2020-01-15 23:00:00+00:00";"2016-04-18 22:00:00+00:00";"39";"78";"11";"2021";"NON";"OUI";"78217";"";"";"";"2021-10-06";"148084";""
"78220";"3199";"PLU";"COM";"2015-04-15 22:00:00+00:00";"2010-01-21 23:00:00+00:00";"39";"78";"11";"2021";"NON";"NON";"78220";"";"";"";"2021-10-06";"43746";""
"78224";"3199";"PLU";"COM";"2019-06-24 22:00:00+00:00";"2016-09-19 22:00:00+00:00";"39";"78";"11";"2021";"NON";"NON";"78224";"";"";"";"2021-10-06";"151071";""
"78227";"3299";"PLUi/PLUiS";"CU";"2020-01-15 23:00:00+00:00";"2016-04-18 22:00:00+00:00";"39";"78";"11";"2021";"NON";"OUI";"78227";"";"";"";"2021-10-06";"148084";""
"78230";"3299";"PLUi/PLUiS";"CU";"2020-01-15 23:00:00+00:00";"2016-04-18 22:00:00+00:00";"39";"78";"11";"2021";"NON";"OUI";"78230";"";"";"";"2021-10-06";"148084";""
"78231";"3299";"PLUi/PLUiS";"CU";"2020-01-15 23:00:00+00:00";"2016-04-18 22:00:00+00:00";"39";"78";"11";"2021";"NON";"OUI";"78231";"";"";"";"2021-10-06";"148084";""
"78233";"3199";"PLU";"COM";"2014-11-11 23:00:00+00:00";"2011-03-07 23:00:00+00:00";"39";"78";"11";"2021";"NON";"NON";"78233";"";"";"";"2021-10-06";"77688";""
"78234";"3299";"PLUi/PLUiS";"CU";"2020-01-15 23:00:00+00:00";"2016-04-18 22:00:00+00:00";"39";"78";"11";"2021";"NON";"OUI";"78234";"";"";"";"2021-10-06";"148084";""
"78236";"3199";"PLU";"COM";"2018-04-11 22:00:00+00:00";"2014-07-03 22:00:00+00:00";"39";"78";"11";"2021";"NON";"NON";"78236";"";"";"";"2021-10-06";"131966";""
"78237";"3199";"PLU";"COM";"2019-04-03 22:00:00+00:00";"2015-12-02 23:00:00+00:00";"39";"78";"11";"2021";"NON";"NON";"78237";"";"";"";"2021-10-06";"145094";""
"78238";"3299";"PLUi/PLUiS";"CU";"2020-01-15 23:00:00+00:00";"2016-04-18 22:00:00+00:00";"39";"78";"11";"2021";"NON";"OUI";"78238";"";"";"";"2021-10-06";"148084";""
"78239";"3299";"PLUi/PLUiS";"CU";"2020-01-15 23:00:00+00:00";"2016-04-18 22:00:00+00:00";"39";"78";"11";"2021";"NON";"OUI";"78239";"";"";"";"2021-10-06";"148084";""
"78242";"3199";"PLU";"COM";"2018-01-31 23:00:00+00:00";"2015-02-11 23:00:00+00:00";"39";"78";"11";"2021";"NON";"NON";"78242";"";"";"";"2021-10-06";"138250";""
"78245";"3299";"PLUi/PLUiS";"CU";"2020-01-15 23:00:00+00:00";"2016-04-18 22:00:00+00:00";"39";"78";"11";"2021";"NON";"OUI";"78245";"";"";"";"2021-10-06";"148084";""
"78246";"3299";"PLUi/PLUiS";"CU";"2020-01-15 23:00:00+00:00";"2016-04-18 22:00:00+00:00";"39";"78";"11";"2021";"NON";"OUI";"78246";"";"";"";"2021-10-06";"148084";""
"78255";"3199";"PLU";"COM";"2016-11-24 23:00:00+00:00";"2011-06-29 22:00:00+00:00";"39";"78";"11";"2021";"NON";"NON";"78255";"";"";"";"2021-10-06";"77807";""
"78261";"3299";"PLUi/PLUiS";"CU";"2020-01-15 23:00:00+00:00";"2016-04-18 22:00:00+00:00";"39";"78";"11";"2021";"NON";"OUI";"78261";"";"";"";"2021-10-06";"148084";""
"78262";"3199";"PLU";"COM";"2011-12-11 23:00:00+00:00";"2007-11-27 23:00:00+00:00";"39";"78";"11";"2021";"NON";"NON";"78262";"";"";"";"2021-10-06";"35549";""
"78263";"3199";"PLU";"COM";"2021-02-10 23:00:00+00:00";"2014-07-24 22:00:00+00:00";"39";"78";"11";"2021";"NON";"NON";"78263";"";"";"";"2021-10-06";"131758";""
"78264";"3199";"PLU";"COM";"2017-12-09 23:00:00+00:00";"2014-10-18 22:00:00+00:00";"39";"78";"11";"2021";"NON";"NON";"78264";"";"";"";"2021-10-06";"133075";""
"78265";"3199";"PLU";"COM";"2013-06-24 22:00:00+00:00";"2009-02-02 23:00:00+00:00";"39";"78";"11";"2021";"NON";"NON";"78265";"";"";"";"2021-10-06";"37556";""
"78267";"3299";"PLUi/PLUiS";"CU";"2020-01-15 23:00:00+00:00";"2016-04-18 22:00:00+00:00";"39";"78";"11";"2021";"NON";"OUI";"78267";"";"";"";"2021-10-06";"148084";""
"78269";"3199";"PLU";"COM";"2017-03-20 23:00:00+00:00";"2011-03-28 22:00:00+00:00";"39";"78";"11";"2021";"NON";"NON";"78269";"";"";"";"2021-10-06";"77880";""
"78276";"3199";"PLU";"COM";"2005-06-22 22:00:00+00:00";"2001-12-13 23:00:00+00:00";"39";"78";"11";"2021";"NON";"NON";"78276";"";"";"";"2021-10-06";"19518";""
"78278";"3199";"PLU";"COM";"2018-12-06 23:00:00+00:00";"2014-06-26 22:00:00+00:00";"39";"78";"11";"2021";"NON";"NON";"78278";"";"";"";"2021-10-06";"131303";""
"78281";"3299";"PLUi/PLUiS";"CU";"2020-01-15 23:00:00+00:00";"2016-04-18 22:00:00+00:00";"39";"78";"11";"2021";"NON";"OUI";"78281";"";"";"";"2021-10-06";"148084";""
"78283";"3199";"PLU";"COM";"2017-06-29 22:00:00+00:00";"2014-10-24 22:00:00+00:00";"39";"78";"11";"2021";"NON";"NON";"78283";"";"";"";"2021-10-06";"133192";""
"78285";"3199";"PLU";"COM";"2021-05-30 22:00:00+00:00";"2014-10-05 22:00:00+00:00";"39";"78";"11";"2021";"NON";"NON";"78285";"";"";"";"2021-10-06";"131195";""
"78289";"3199";"PLU";"COM";"2018-12-05 23:00:00+00:00";"2014-06-23 22:00:00+00:00";"39";"78";"11";"2021";"NON";"NON";"78289";"";"";"";"2021-10-06";"131106";""
"78290";"3299";"PLUi/PLUiS";"CU";"2020-01-15 23:00:00+00:00";"2016-04-18 22:00:00+00:00";"39";"78";"11";"2021";"NON";"OUI";"78290";"";"";"";"2021-10-06";"148084";""
"78291";"3299";"PLUi/PLUiS";"CU";"2020-01-15 23:00:00+00:00";"2016-04-18 22:00:00+00:00";"39";"78";"11";"2021";"NON";"OUI";"78291";"";"";"";"2021-10-06";"148084";""
"78296";"3299";"PLUi/PLUiS";"CU";"2020-01-15 23:00:00+00:00";"2016-04-18 22:00:00+00:00";"39";"78";"11";"2021";"NON";"OUI";"78296";"";"";"";"2021-10-06";"148084";""
"78297";"3433";"PLU";"CA";"2011-12-14 23:00:00+00:00";"2008-05-28 22:00:00+00:00";"33";"78";"11";"2021";"NON";"NON";"78297";"";"";"";"2021-10-06";"98501";""
"78299";"3299";"PLUi/PLUiS";"CU";"2020-01-15 23:00:00+00:00";"2016-04-18 22:00:00+00:00";"39";"78";"11";"2021";"NON";"OUI";"78299";"";"";"";"2021-10-06";"148084";""
"78300";"3299";"PLUi/PLUiS";"CU";"2020-01-15 23:00:00+00:00";"2016-04-18 22:00:00+00:00";"39";"78";"11";"2021";"NON";"OUI";"78300";"";"";"";"2021-10-06";"148084";""
"78302";"3199";"PLU";"COM";"2016-10-17 22:00:00+00:00";"2014-09-05 22:00:00+00:00";"39";"78";"11";"2021";"NON";"NON";"78302";"";"";"";"2021-10-06";"132348";""
"78305";"3199";"PLU";"COM";"2019-03-13 23:00:00+00:00";"2014-06-25 22:00:00+00:00";"39";"78";"11";"2021";"NON";"NON";"78305";"";"";"";"2021-10-06";"133256";""
"78307";"3199";"PLU";"COM";"2014-03-12 23:00:00+00:00";"2009-06-17 22:00:00+00:00";"39";"78";"11";"2021";"NON";"NON";"78307";"";"";"";"2021-10-06";"39243";""
"78310";"3199";"PLU";"COM";"2017-06-21 22:00:00+00:00";"2015-03-04 23:00:00+00:00";"39";"78";"11";"2021";"NON";"NON";"78310";"";"";"";"2021-10-06";"137849";""
"78311";"3131";"PLU";"COM";"2016-12-14 23:00:00+00:00";"2013-06-26 22:00:00+00:00";"33";"78";"11";"2021";"NON";"NON";"78311";"";"";"";"2021-10-06";"124908";""
"78314";"3299";"PLUi/PLUiS";"CU";"2020-01-15 23:00:00+00:00";"2016-04-18 22:00:00+00:00";"39";"78";"11";"2021";"NON";"OUI";"78314";"";"";"";"2021-10-06";"148084";""
"78317";"3299";"PLUi/PLUiS";"CU";"2020-01-15 23:00:00+00:00";"2016-04-18 22:00:00+00:00";"39";"78";"11";"2021";"NON";"OUI";"78317";"";"";"";"2021-10-06";"148084";""
"78320";"3199";"PLU";"COM";"2018-03-15 23:00:00+00:00";"2014-12-18 23:00:00+00:00";"39";"78";"11";"2021";"NON";"NON";"78320";"";"";"";"2021-10-06";"134746";""
"78321";"3131";"PLU";"COM";"2019-12-18 23:00:00+00:00";"2014-10-30 23:00:00+00:00";"33";"78";"11";"2021";"NON";"NON";"78321";"";"";"";"2021-10-06";"133837";""
"78322";"3199";"PLU";"COM";"2017-05-28 22:00:00+00:00";"2014-06-29 22:00:00+00:00";"39";"78";"11";"2021";"NON";"NON";"78322";"";"";"";"2021-10-06";"131187";""
"78324";"3299";"PLUi/PLUiS";"CU";"2020-01-15 23:00:00+00:00";"2016-04-18 22:00:00+00:00";"39";"78";"11";"2021";"NON";"OUI";"78324";"";"";"";"2021-10-06";"148084";""
"78325";"3299";"PLUi/PLUiS";"CU";"2020-01-15 23:00:00+00:00";"2016-04-18 22:00:00+00:00";"39";"78";"11";"2021";"NON";"OUI";"78325";"";"";"";"2021-10-06";"148084";""
"78327";"3299";"PLUi/PLUiS";"CU";"2020-01-15 23:00:00+00:00";"2016-04-18 22:00:00+00:00";"39";"78";"11";"2021";"NON";"OUI";"78327";"";"";"";"2021-10-06";"148084";""
"78329";"3299";"PLUi/PLUiS";"CU";"2020-01-15 23:00:00+00:00";"2016-04-18 22:00:00+00:00";"39";"78";"11";"2021";"NON";"OUI";"78329";"";"";"";"2021-10-06";"148084";""
"78334";"3199";"PLU";"COM";"2005-12-15 23:00:00+00:00";"2002-02-07 23:00:00+00:00";"39";"78";"11";"2021";"NON";"NON";"78334";"";"";"";"2021-10-06";"19828";""
"78335";"3299";"PLUi/PLUiS";"CU";"2020-01-15 23:00:00+00:00";"2016-04-18 22:00:00+00:00";"39";"78";"11";"2021";"NON";"OUI";"78335";"";"";"";"2021-10-06";"148084";""
"78337";"3199";"PLU";"COM";"2013-06-26 22:00:00+00:00";"2009-05-04 22:00:00+00:00";"39";"78";"11";"2021";"NON";"NON";"78337";"";"";"";"2021-10-06";"39244";""
"78343";"3131";"PLU";"COM";"2009-12-15 23:00:00+00:00";"2005-01-24 23:00:00+00:00";"33";"78";"11";"2021";"NON";"NON";"78343";"";"";"";"2021-10-06";"40598";""
"78344";"3199";"PLU";"COM";"2017-07-18 22:00:00+00:00";"2015-01-22 23:00:00+00:00";"39";"78";"11";"2021";"NON";"NON";"78344";"";"";"";"2021-10-06";"137255";""
"78346";"3199";"PLU";"COM";"2017-09-26 22:00:00+00:00";"2014-11-06 23:00:00+00:00";"39";"78";"11";"2021";"NON";"NON";"78346";"";"";"";"2021-10-06";"133665";""
"78349";"3199";"PLU";"COM";"2016-06-02 22:00:00+00:00";"2010-04-22 22:00:00+00:00";"39";"78";"11";"2021";"NON";"NON";"78349";"";"";"";"2021-10-06";"43759";""
"78350";"3199";"PLU";"COM";"2017-12-05 23:00:00+00:00";"2014-07-16 22:00:00+00:00";"39";"78";"11";"2021";"NON";"NON";"78350";"";"";"";"2021-10-06";"131881";""
"78354";"3299";"PLUi/PLUiS";"CU";"2020-01-15 23:00:00+00:00";"2016-04-18 22:00:00+00:00";"39";"78";"11";"2021";"NON";"OUI";"78354";"";"";"";"2021-10-06";"148084";""
"78356";"3433";"PLU";"CA";"2008-02-20 23:00:00+00:00";"2003-10-22 22:00:00+00:00";"33";"78";"11";"2021";"NON";"NON";"78356";"";"";"";"2021-10-06";"34360";""
"78358";"3199";"PLU";"COM";"2017-02-26 23:00:00+00:00";"2013-11-17 23:00:00+00:00";"39";"78";"11";"2021";"NON";"NON";"78358";"";"";"";"2021-10-06";"126276";""
"78361";"3299";"PLUi/PLUiS";"CU";"2020-01-15 23:00:00+00:00";"2016-04-18 22:00:00+00:00";"39";"78";"11";"2021";"NON";"OUI";"78361";"";"";"";"2021-10-06";"148084";""
"78362";"3299";"PLUi/PLUiS";"CU";"2020-01-15 23:00:00+00:00";"2016-04-18 22:00:00+00:00";"39";"78";"11";"2021";"NON";"OUI";"78362";"";"";"";"2021-10-06";"148084";""
"78364";"3199";"PLU";"COM";"2017-05-18 22:00:00+00:00";"2010-06-01 22:00:00+00:00";"39";"78";"11";"2021";"NON";"NON";"78364";"";"";"";"2021-10-06";"43773";""
"78366";"3199";"PLU";"COM";"2012-02-15 23:00:00+00:00";"2008-12-07 23:00:00+00:00";"39";"78";"11";"2021";"NON";"NON";"78366";"";"";"";"2021-10-06";"37017";""
"78367";"3199";"PLU";"COM";"2020-10-07 22:00:00+00:00";"2015-06-21 22:00:00+00:00";"39";"78";"11";"2021";"NON";"NON";"78367";"";"";"";"2021-10-06";"140089";""
"78368";"3199";"PLU";"COM";"2013-04-14 22:00:00+00:00";"2010-05-09 22:00:00+00:00";"39";"78";"11";"2021";"NON";"NON";"78368";"";"";"";"2021-10-06";"43776";""
"78372";"3199";"PLU";"COM";"2016-12-11 23:00:00+00:00";"2014-06-22 22:00:00+00:00";"39";"78";"11";"2021";"NON";"NON";"78372";"";"";"";"2021-10-06";"131056";""
"78380";"3199";"PLU";"COM";"2007-11-27 23:00:00+00:00";"2003-11-23 23:00:00+00:00";"39";"78";"11";"2021";"NON";"NON";"78380";"";"";"";"2021-10-06";"33813";""
"78381";"3199";"PLU";"COM";"2019-11-27 23:00:00+00:00";"2013-06-24 22:00:00+00:00";"39";"78";"11";"2021";"NON";"NON";"78381";"";"";"";"2021-10-06";"122625";""
"78382";"3131";"PLU";"COM";"2004-07-11 22:00:00+00:00";"2002-03-10 23:00:00+00:00";"33";"78";"11";"2021";"NON";"NON";"78382";"";"";"";"2021-10-06";"20245";""
"78383";"3499";"PLU";"CA";"2019-09-25 22:00:00+00:00";"2015-02-09 23:00:00+00:00";"39";"78";"11";"2021";"NON";"NON";"78383";"";"";"";"2021-10-06";"137236";""
"78384";"3299";"PLUi/PLUiS";"CU";"2020-01-15 23:00:00+00:00";"2016-04-18 22:00:00+00:00";"39";"78";"11";"2021";"NON";"OUI";"78384";"";"";"";"2021-10-06";"148084";""
"78385";"3199";"PLU";"COM";"2017-03-20 23:00:00+00:00";"2015-02-16 23:00:00+00:00";"39";"78";"11";"2021";"NON";"NON";"78385";"";"";"";"2021-10-06";"137610";""
"78389";"3199";"PLU";"COM";"2018-06-03 22:00:00+00:00";"2014-12-15 23:00:00+00:00";"39";"78";"11";"2021";"NON";"NON";"78389";"";"";"";"2021-10-06";"136456";""
"78391";"3299";"PLUi/PLUiS";"CU";"2020-01-15 23:00:00+00:00";"2016-04-18 22:00:00+00:00";"39";"78";"11";"2021";"NON";"OUI";"78391";"";"";"";"2021-10-06";"148084";""
"78396";"3199";"PLU";"COM";"2017-02-01 23:00:00+00:00";"2013-11-27 23:00:00+00:00";"39";"78";"11";"2021";"NON";"NON";"78396";"";"";"";"2021-10-06";"127258";""
"78397";"3199";"PLU";"COM";"2017-05-03 22:00:00+00:00";"2015-06-24 22:00:00+00:00";"39";"78";"11";"2021";"NON";"NON";"78397";"";"";"";"2021-10-06";"140416";""
"78398";"3199";"PLU";"COM";"2014-04-10 22:00:00+00:00";"2010-10-21 22:00:00+00:00";"39";"78";"11";"2021";"NON";"NON";"78398";"";"";"";"2021-10-06";"44071";""
"78401";"3299";"PLUi/PLUiS";"CU";"2020-01-15 23:00:00+00:00";"2016-04-18 22:00:00+00:00";"39";"78";"11";"2021";"NON";"OUI";"78401";"";"";"";"2021-10-06";"148084";""
"78402";"3299";"PLUi/PLUiS";"CU";"2020-01-15 23:00:00+00:00";"2016-04-18 22:00:00+00:00";"39";"78";"11";"2021";"NON";"OUI";"78402";"";"";"";"2021-10-06";"148084";""
"78403";"3299";"PLUi/PLUiS";"CU";"2020-01-15 23:00:00+00:00";"2016-04-18 22:00:00+00:00";"39";"78";"11";"2021";"NON";"OUI";"78403";"";"";"";"2021-10-06";"148084";""
"78404";"3199";"PLU";"COM";"2016-12-15 23:00:00+00:00";"2014-06-19 22:00:00+00:00";"39";"78";"11";"2021";"NON";"NON";"78404";"";"";"";"2021-10-06";"131073";""
"78406";"3199";"PLU";"COM";"2018-12-16 23:00:00+00:00";"2014-11-23 23:00:00+00:00";"39";"78";"11";"2021";"NON";"NON";"78406";"";"";"";"2021-10-06";"135561";""
"78407";"3199";"PLU";"COM";"2013-12-05 23:00:00+00:00";"2008-12-17 23:00:00+00:00";"39";"78";"11";"2021";"NON";"NON";"78407";"";"";"";"2021-10-06";"37399";""
"78410";"3199";"PLU";"COM";"2017-10-11 22:00:00+00:00";"2014-04-14 22:00:00+00:00";"39";"78";"11";"2021";"NON";"NON";"78410";"";"";"";"2021-10-06";"131168";""
"78413";"3199";"PLU";"COM";"2017-05-31 22:00:00+00:00";"2014-09-10 22:00:00+00:00";"39";"78";"11";"2021";"NON";"NON";"78413";"";"";"";"2021-10-06";"132111";""
"78415";"3131";"PLU";"COM";"2012-12-06 23:00:00+00:00";"2006-02-23 23:00:00+00:00";"33";"78";"11";"2021";"NON";"NON";"78415";"";"";"";"2021-10-06";"40606";""
"78416";"3299";"PLUi/PLUiS";"CU";"2020-01-15 23:00:00+00:00";"2016-04-18 22:00:00+00:00";"39";"78";"11";"2021";"NON";"OUI";"78416";"";"";"";"2021-10-06";"148084";""
"78417";"3199";"PLU";"COM";"2018-06-24 22:00:00+00:00";"2015-02-03 23:00:00+00:00";"39";"78";"11";"2021";"NON";"NON";"78417";"";"";"";"2021-10-06";"138335";""
"78418";"3199";"PLU";"COM";"2020-07-19 22:00:00+00:00";"2015-03-25 23:00:00+00:00";"39";"78";"11";"2021";"NON";"NON";"78418";"";"";"";"2021-10-06";"137863";""
"78420";"3199";"PLU";"COM";"2009-04-27 22:00:00+00:00";"2005-02-14 23:00:00+00:00";"39";"78";"11";"2021";"NON";"NON";"78420";"";"";"";"2021-10-06";"37411";""
"78423";"3433";"PLU";"CA";"2010-10-13 22:00:00+00:00";"2007-03-21 23:00:00+00:00";"33";"78";"11";"2021";"NON";"NON";"78423";"";"";"";"2021-10-06";"40607";""
"78431";"3299";"PLUi/PLUiS";"CU";"2020-01-15 23:00:00+00:00";"2016-04-18 22:00:00+00:00";"39";"78";"11";"2021";"NON";"OUI";"78431";"";"";"";"2021-10-06";"148084";""
"78437";"3299";"PLUi/PLUiS";"CU";"2020-01-15 23:00:00+00:00";"2016-04-18 22:00:00+00:00";"39";"78";"11";"2021";"NON";"OUI";"78437";"";"";"";"2021-10-06";"148084";""
"78439";"3199";"PLU";"COM";"2019-07-02 22:00:00+00:00";"2015-04-02 22:00:00+00:00";"39";"78";"11";"2021";"NON";"NON";"78439";"";"";"";"2021-10-06";"138251";""
"78440";"3299";"PLUi/PLUiS";"CU";"2020-01-15 23:00:00+00:00";"2016-04-18 22:00:00+00:00";"39";"78";"11";"2021";"NON";"OUI";"78440";"";"";"";"2021-10-06";"148084";""
"78442";"3199";"PLU";"COM";"2011-12-14 23:00:00+00:00";"2008-04-06 22:00:00+00:00";"39";"78";"11";"2021";"NON";"NON";"78442";"";"";"";"2021-10-06";"34814";""
"78443";"3199";"PLU";"COM";"2017-04-26 22:00:00+00:00";"2012-05-30 22:00:00+00:00";"39";"78";"11";"2021";"NON";"NON";"78443";"";"";"";"2021-10-06";"100225";""
"78444";"3199";"PLU";"COM";"2017-03-23 23:00:00+00:00";"2014-12-01 23:00:00+00:00";"39";"78";"11";"2021";"NON";"NON";"78444";"";"";"";"2021-10-06";"134449";""
"78451";"3299";"PLUi/PLUiS";"CU";"2020-01-15 23:00:00+00:00";"2016-04-18 22:00:00+00:00";"39";"78";"11";"2021";"NON";"OUI";"78451";"";"";"";"2021-10-06";"148084";""
"78455";"3199";"PLU";"COM";"2007-04-03 22:00:00+00:00";"2004-02-08 23:00:00+00:00";"39";"78";"11";"2021";"NON";"NON";"78455";"";"";"";"2021-10-06";"55033";""
"78460";"3299";"PLUi/PLUiS";"CU";"2020-01-15 23:00:00+00:00";"2016-04-18 22:00:00+00:00";"39";"78";"11";"2021";"NON";"OUI";"78460";"";"";"";"2021-10-06";"148084";""
"78464";"3199";"PLU";"COM";"2018-11-14 23:00:00+00:00";"2014-09-24 22:00:00+00:00";"39";"78";"11";"2021";"NON";"NON";"78464";"";"";"";"2021-10-06";"133086";""
"78465";"3199";"PLU";"COM";"2018-09-20 22:00:00+00:00";"2014-06-25 22:00:00+00:00";"39";"78";"11";"2021";"NON";"NON";"78465";"";"";"";"2021-10-06";"136092";""
"78466";"3299";"PLUi/PLUiS";"CU";"2020-01-15 23:00:00+00:00";"2016-04-18 22:00:00+00:00";"39";"78";"11";"2021";"NON";"OUI";"78466";"";"";"";"2021-10-06";"148084";""
"78470";"3199";"PLU";"COM";"2018-10-15 22:00:00+00:00";"2015-02-18 23:00:00+00:00";"39";"78";"11";"2021";"NON";"NON";"78470";"";"";"";"2021-10-06";"137773";""
"78472";"3199";"PLU";"COM";"2018-11-11 23:00:00+00:00";"2014-12-17 23:00:00+00:00";"39";"78";"11";"2021";"NON";"NON";"78472";"";"";"";"2021-10-06";"135667";""
"78474";"3199";"PLU";"COM";"2008-11-24 23:00:00+00:00";"2005-03-24 23:00:00+00:00";"39";"78";"11";"2021";"NON";"NON";"78474";"";"";"";"2021-10-06";"37418";""
"78475";"3199";"PLU";"COM";"2015-10-05 22:00:00+00:00";"2012-04-04 22:00:00+00:00";"39";"78";"11";"2021";"NON";"NON";"78475";"";"";"";"2021-10-06";"109602";""
"78478";"3199";"PLU";"COM";"2018-11-15 23:00:00+00:00";"2014-12-11 23:00:00+00:00";"39";"78";"11";"2021";"NON";"NON";"78478";"";"";"";"2021-10-06";"135558";""
"78481";"3199";"PLU";"COM";"2017-01-31 23:00:00+00:00";"2014-06-24 22:00:00+00:00";"39";"78";"11";"2021";"NON";"NON";"78481";"";"";"";"2021-10-06";"133318";""
"78484";"3299";"PLUi/PLUiS";"CU";"2020-01-15 23:00:00+00:00";"2016-04-18 22:00:00+00:00";"39";"78";"11";"2021";"NON";"OUI";"78484";"";"";"";"2021-10-06";"148084";""
"78486";"3131";"PLU";"COM";"2014-02-12 23:00:00+00:00";"2010-05-05 22:00:00+00:00";"33";"78";"11";"2021";"NON";"NON";"78486";"";"";"";"2021-10-06";"43785";""
"78490";"3434";"PLU";"CA";"2007-04-25 22:00:00+00:00";"2003-06-25 22:00:00+00:00";"33";"78";"11";"2021";"NON";"NON";"78490";"";"";"";"2021-10-06";"33842";""
"78497";"3199";"PLU";"COM";"2015-03-26 23:00:00+00:00";"2011-09-20 22:00:00+00:00";"39";"78";"11";"2021";"NON";"NON";"78497";"";"";"";"2021-10-06";"84272";""
"78498";"3299";"PLUi/PLUiS";"CU";"2020-01-15 23:00:00+00:00";"2016-04-18 22:00:00+00:00";"39";"78";"11";"2021";"NON";"OUI";"78498";"";"";"";"2021-10-06";"148084";""
"78499";"3199";"PLU";"COM";"2012-12-10 23:00:00+00:00";"2009-09-21 22:00:00+00:00";"39";"78";"11";"2021";"NON";"NON";"78499";"";"";"";"2021-10-06";"39691";""
"78501";"3299";"PLUi/PLUiS";"CU";"2020-01-15 23:00:00+00:00";"2016-04-18 22:00:00+00:00";"39";"78";"11";"2021";"NON";"OUI";"78501";"";"";"";"2021-10-06";"148084";""
"78502";"3199";"PLU";"COM";"2019-09-23 22:00:00+00:00";"2016-05-23 22:00:00+00:00";"39";"78";"11";"2021";"NON";"NON";"78502";"";"";"";"2021-10-06";"149404";""
"78505";"3199";"PLU";"COM";"2017-05-18 22:00:00+00:00";"2014-11-12 23:00:00+00:00";"39";"78";"11";"2021";"NON";"NON";"78505";"";"";"";"2021-10-06";"140470";""
"78506";"3199";"PLU";"COM";"2012-12-17 23:00:00+00:00";"2009-03-16 23:00:00+00:00";"39";"78";"11";"2021";"NON";"NON";"78506";"";"";"";"2021-10-06";"38136";""
"78513";"3199";"PLU";"COM";"2014-01-26 23:00:00+00:00";"2009-03-22 23:00:00+00:00";"39";"78";"11";"2021";"NON";"NON";"78513";"";"";"";"2021-10-06";"40611";""
"78516";"3199";"PLU";"COM";"2006-05-10 22:00:00+00:00";"2003-01-23 23:00:00+00:00";"39";"78";"11";"2021";"NON";"NON";"78516";"";"";"";"2021-10-06";"20610";""
"78517";"3131";"PLU";"COM";"2012-01-25 23:00:00+00:00";"2008-07-09 22:00:00+00:00";"33";"78";"11";"2021";"NON";"NON";"78517";"";"";"";"2021-10-06";"36034";""
"78518";"3199";"PLU";"COM";"2016-12-06 23:00:00+00:00";"2014-10-21 22:00:00+00:00";"39";"78";"11";"2021";"NON";"NON";"78518";"";"";"";"2021-10-06";"133343";""
"78520";"3199";"PLU";"COM";"2017-06-29 22:00:00+00:00";"2014-12-17 23:00:00+00:00";"39";"78";"11";"2021";"NON";"NON";"78520";"";"";"";"2021-10-06";"134747";""
"78522";"3199";"PLU";"COM";"2013-11-20 23:00:00+00:00";"2009-01-27 23:00:00+00:00";"39";"78";"11";"2021";"NON";"NON";"78522";"";"";"";"2021-10-06";"37440";""
"78528";"3299";"PLUi/PLUiS";"CU";"2020-01-15 23:00:00+00:00";"2016-04-18 22:00:00+00:00";"39";"78";"11";"2021";"NON";"OUI";"78528";"";"";"";"2021-10-06";"148084";""
"78530";"3199";"PLU";"COM";"2014-10-06 22:00:00+00:00";"2011-10-03 22:00:00+00:00";"39";"78";"11";"2021";"NON";"NON";"78530";"";"";"";"2021-10-06";"94151";""
"78531";"3299";"PLUi/PLUiS";"CU";"2020-01-15 23:00:00+00:00";"2016-04-18 22:00:00+00:00";"39";"78";"11";"2021";"NON";"OUI";"78531";"";"";"";"2021-10-06";"148084";""
"78536";"3299";"PLUi/PLUiS";"CU";"2020-01-15 23:00:00+00:00";"2016-04-18 22:00:00+00:00";"39";"78";"11";"2021";"NON";"OUI";"78536";"";"";"";"2021-10-06";"148084";""
"78537";"3199";"PLU";"COM";"2013-04-08 22:00:00+00:00";"2007-12-05 23:00:00+00:00";"39";"78";"11";"2021";"NON";"NON";"78537";"";"";"";"2021-10-06";"20739";""
"78545";"3199";"PLU";"COM";"2017-10-03 22:00:00+00:00";"2014-12-02 23:00:00+00:00";"39";"78";"11";"2021";"NON";"NON";"78545";"";"";"";"2021-10-06";"134459";""
"78548";"3199";"PLU";"COM";"2013-09-25 22:00:00+00:00";"2009-07-26 22:00:00+00:00";"39";"78";"11";"2021";"NON";"NON";"78548";"";"";"";"2021-10-06";"39272";""
"78550";"3199";"PLU";"COM";"2018-03-07 23:00:00+00:00";"2014-10-08 22:00:00+00:00";"39";"78";"11";"2021";"NON";"NON";"78550";"";"";"";"2021-10-06";"132903";""
"78551";"3199";"PLU";"COM";"2019-02-20 23:00:00+00:00";"2015-12-13 23:00:00+00:00";"39";"78";"11";"2021";"NON";"NON";"78551";"";"";"";"2021-10-06";"143419";""
"78557";"3199";"PLU";"COM";"2013-07-04 22:00:00+00:00";"2009-09-10 22:00:00+00:00";"39";"78";"11";"2021";"NON";"NON";"78557";"";"";"";"2021-10-06";"39692";""
"78558";"3199";"PLU";"COM";"2006-11-30 23:00:00+00:00";"2001-12-06 23:00:00+00:00";"39";"78";"11";"2021";"NON";"NON";"78558";"";"";"";"2021-10-06";"55034";""
"78559";"3199";"PLU";"COM";"2017-05-21 22:00:00+00:00";"2014-10-15 22:00:00+00:00";"39";"78";"11";"2021";"NON";"NON";"78559";"";"";"";"2021-10-06";"133496";""
"78561";"3199";"PLU";"COM";"2018-07-04 22:00:00+00:00";"2014-10-01 22:00:00+00:00";"39";"78";"11";"2021";"NON";"NON";"78561";"";"";"";"2021-10-06";"132904";""
"78562";"3199";"PLU";"COM";"2017-01-26 23:00:00+00:00";"2013-02-22 23:00:00+00:00";"39";"78";"11";"2021";"NON";"NON";"78562";"";"";"";"2021-10-06";"127299";""
"78564";"3199";"PLU";"COM";"2014-01-23 23:00:00+00:00";"2010-12-02 23:00:00+00:00";"39";"78";"11";"2021";"NON";"NON";"78564";"";"";"";"2021-10-06";"98877";""
"78565";"3199";"PLU";"COM";"2018-10-03 22:00:00+00:00";"2014-10-05 22:00:00+00:00";"39";"78";"11";"2021";"NON";"NON";"78565";"";"";"";"2021-10-06";"134744";""
"78567";"3299";"PLUi/PLUiS";"CU";"2020-01-15 23:00:00+00:00";"2016-04-18 22:00:00+00:00";"39";"78";"11";"2021";"NON";"OUI";"78567";"";"";"";"2021-10-06";"148084";""
"78569";"3199";"PLU";"COM";"2018-12-17 23:00:00+00:00";"2014-12-08 23:00:00+00:00";"39";"78";"11";"2021";"NON";"NON";"78569";"";"";"";"2021-10-06";"131084";""
"78571";"3199";"PLU";"COM";"2012-12-19 23:00:00+00:00";"2008-11-26 23:00:00+00:00";"39";"78";"11";"2021";"NON";"NON";"78571";"";"";"";"2021-10-06";"36694";""
"78575";"3131";"PLU";"COM";"2009-06-29 22:00:00+00:00";"2003-06-18 22:00:00+00:00";"33";"78";"11";"2021";"NON";"NON";"78575";"";"";"";"2021-10-06";"37435";""
"78576";"3199";"PLU";"COM";"2013-07-04 22:00:00+00:00";"2008-04-09 22:00:00+00:00";"39";"78";"11";"2021";"NON";"NON";"78576";"";"";"";"2021-10-06";"34807";""
"78586";"3199";"PLU";"COM";"2006-09-20 22:00:00+00:00";"2004-05-26 22:00:00+00:00";"39";"78";"11";"2021";"NON";"NON";"78586";"";"";"";"2021-10-06";"55035";""
"78588";"3199";"PLU";"COM";"2012-12-18 23:00:00+00:00";"2008-10-16 22:00:00+00:00";"39";"78";"11";"2021";"NON";"NON";"78588";"";"";"";"2021-10-06";"36355";""
"78590";"3199";"PLU";"COM";"2018-07-03 22:00:00+00:00";"2015-01-21 23:00:00+00:00";"39";"78";"11";"2021";"NON";"NON";"78590";"";"";"";"2021-10-06";"137102";""
"78591";"3131";"PLU";"COM";"2008-10-24 22:00:00+00:00";"2003-06-12 22:00:00+00:00";"33";"78";"11";"2021";"NON";"NON";"78591";"";"";"";"2021-10-06";"34640";""
"78597";"3299";"PLUi/PLUiS";"CU";"2020-01-15 23:00:00+00:00";"2016-04-18 22:00:00+00:00";"39";"78";"11";"2021";"NON";"OUI";"78597";"";"";"";"2021-10-06";"148084";""
"78601";"3199";"PLU";"COM";"2018-02-01 23:00:00+00:00";"2013-05-30 22:00:00+00:00";"39";"78";"11";"2021";"NON";"NON";"78601";"";"";"";"2021-10-06";"122627";""
"78605";"3199";"PLU";"COM";"2017-12-07 23:00:00+00:00";"2014-09-29 22:00:00+00:00";"39";"78";"11";"2021";"NON";"NON";"78605";"";"";"";"2021-10-06";"136671";""
"78606";"3199";"PLU";"COM";"2013-02-07 23:00:00+00:00";"2010-01-08 23:00:00+00:00";"39";"78";"11";"2021";"NON";"NON";"78606";"";"";"";"2021-10-06";"64182";""
"78608";"3299";"PLUi/PLUiS";"CU";"2020-01-15 23:00:00+00:00";"2016-04-18 22:00:00+00:00";"39";"78";"11";"2021";"NON";"OUI";"78608";"";"";"";"2021-10-06";"148084";""
"78609";"3299";"PLUi/PLUiS";"CU";"2020-01-15 23:00:00+00:00";"2016-04-18 22:00:00+00:00";"39";"78";"11";"2021";"NON";"OUI";"78609";"";"";"";"2021-10-06";"148084";""
"78615";"3199";"PLU";"COM";"2011-06-16 22:00:00+00:00";"2008-04-24 22:00:00+00:00";"39";"78";"11";"2021";"NON";"NON";"78615";"";"";"";"2021-10-06";"34809";""
"78616";"3131";"PLU";"COM";"2008-03-03 23:00:00+00:00";"2005-10-25 22:00:00+00:00";"33";"78";"11";"2021";"NON";"NON";"78616";"";"";"";"2021-10-06";"34638";""
"78618";"3199";"PLU";"COM";"2017-09-05 22:00:00+00:00";"2015-03-26 23:00:00+00:00";"39";"78";"11";"2021";"NON";"NON";"78618";"";"";"";"2021-10-06";"140468";""
"78620";"3199";"PLU";"COM";"2019-03-10 23:00:00+00:00";"2016-09-14 22:00:00+00:00";"39";"78";"11";"2021";"NON";"NON";"78620";"";"";"";"2021-10-06";"151098";""
"78621";"3433";"PLU";"CA";"2013-05-29 22:00:00+00:00";"2009-02-11 23:00:00+00:00";"33";"78";"11";"2021";"NON";"NON";"78621";"";"";"";"2021-10-06";"38119";""
"78624";"3299";"PLUi/PLUiS";"CU";"2020-01-15 23:00:00+00:00";"2016-04-18 22:00:00+00:00";"39";"78";"11";"2021";"NON";"OUI";"78624";"";"";"";"2021-10-06";"148084";""
"78638";"3299";"PLUi/PLUiS";"CU";"2020-01-15 23:00:00+00:00";"2016-04-18 22:00:00+00:00";"39";"78";"11";"2021";"NON";"OUI";"78638";"";"";"";"2021-10-06";"148084";""
"78640";"3199";"PLU";"COM";"2017-04-25 22:00:00+00:00";"2014-05-26 22:00:00+00:00";"39";"78";"11";"2021";"NON";"NON";"78640";"";"";"";"2021-10-06";"138678";""
"78642";"3299";"PLUi/PLUiS";"CU";"2020-01-15 23:00:00+00:00";"2016-04-18 22:00:00+00:00";"39";"78";"11";"2021";"NON";"OUI";"78642";"";"";"";"2021-10-06";"148084";""
"78643";"3299";"PLUi/PLUiS";"CU";"2020-01-15 23:00:00+00:00";"2016-04-18 22:00:00+00:00";"39";"78";"11";"2021";"NON";"OUI";"78643";"";"";"";"2021-10-06";"148084";""
"78644";"3433";"PLU";"CA";"2013-06-18 22:00:00+00:00";"2009-04-29 22:00:00+00:00";"33";"78";"11";"2021";"NON";"NON";"78644";"";"";"";"2021-10-06";"37819";""
"78646";"3199";"PLU";"COM";"2011-11-23 23:00:00+00:00";"2009-10-21 22:00:00+00:00";"39";"78";"11";"2021";"NON";"NON";"78646";"";"";"";"2021-10-06";"39695";""
"78647";"3299";"PLUi/PLUiS";"CU";"2020-01-15 23:00:00+00:00";"2016-04-18 22:00:00+00:00";"39";"78";"11";"2021";"NON";"OUI";"78647";"";"";"";"2021-10-06";"148084";""
"78650";"3199";"PLU";"COM";"2014-02-12 23:00:00+00:00";"2008-05-27 22:00:00+00:00";"39";"78";"11";"2021";"NON";"NON";"78650";"";"";"";"2021-10-06";"35164";""
"78653";"3199";"PLU";"COM";"2017-01-26 23:00:00+00:00";"2014-06-26 22:00:00+00:00";"39";"78";"11";"2021";"NON";"NON";"78653";"";"";"";"2021-10-06";"133463";""
"78655";"3199";"PLU";"COM";"2014-03-06 23:00:00+00:00";"2011-10-20 22:00:00+00:00";"39";"78";"11";"2021";"NON";"NON";"78655";"";"";"";"2021-10-06";"37439";""
"78668";"3199";"PLU";"COM";"2017-05-21 22:00:00+00:00";"2014-10-15 22:00:00+00:00";"39";"78";"11";"2021";"NON";"NON";"78668";"";"";"";"2021-10-06";"133527";""
"78672";"3299";"PLUi/PLUiS";"CU";"2020-01-15 23:00:00+00:00";"2016-04-18 22:00:00+00:00";"39";"78";"11";"2021";"NON";"OUI";"78672";"";"";"";"2021-10-06";"148084";""
"78674";"3434";"PLU";"CA";"2017-06-28 22:00:00+00:00";"2014-05-21 22:00:00+00:00";"33";"78";"11";"2021";"NON";"NON";"78674";"";"";"";"2021-10-06";"133333";""
"78677";"3199";"PLU";"COM";"2014-04-07 22:00:00+00:00";"2011-04-11 22:00:00+00:00";"39";"78";"11";"2021";"NON";"NON";"78677";"";"";"";"2021-10-06";"78953";""
"78681";"3199";"PLU";"COM";"2012-07-08 22:00:00+00:00";"2008-12-16 23:00:00+00:00";"39";"78";"11";"2021";"NON";"NON";"78681";"";"";"";"2021-10-06";"37557";""
"78683";"3199";"PLU";"COM";"2013-02-11 23:00:00+00:00";"2008-04-09 22:00:00+00:00";"39";"78";"11";"2021";"NON";"NON";"78683";"";"";"";"2021-10-06";"34806";""
"78686";"3199";"PLU";"COM";"2013-04-23 22:00:00+00:00";"2008-05-29 22:00:00+00:00";"39";"78";"11";"2021";"NON";"NON";"78686";"";"";"";"2021-10-06";"35163";""
"78688";"3433";"PLU";"CA";"2008-05-28 22:00:00+00:00";"2003-05-21 22:00:00+00:00";"33";"78";"11";"2021";"NON";"NON";"78688";"";"";"";"2021-10-06";"35304";""
"79001";"3432";"PLU";"CA";"2008-07-02 22:00:00+00:00";"2005-06-13 22:00:00+00:00";"33";"79";"75";"2021";"NON";"NON";"200040244";"";"";"";"2021-10-06";"55037";""
"79002";"1432";"CC";"CC";"2011-12-21 23:00:00+00:00";"2007-01-29 23:00:00+00:00";"13";"79";"75";"2021";"NON";"NON";"79002";"";"";"";"2021-10-06";"67471";""
"79003";"3432";"PLU";"CA";"2012-07-02 22:00:00+00:00";"2009-03-25 23:00:00+00:00";"33";"79";"75";"2021";"NON";"NON";"200041317";"";"";"";"2021-10-06";"55038";""
"79005";"3432";"PLU";"CC";"2007-10-15 22:00:00+00:00";"2003-01-08 23:00:00+00:00";"33";"79";"75";"2021";"NON";"NON";"79005";"";"";"";"2021-10-06";"55039";""
"79008";"1432";"CC";"CC";"2008-07-09 22:00:00+00:00";"2005-12-19 23:00:00+00:00";"13";"79";"75";"2021";"NON";"NON";"79008";"";"";"";"2021-10-06";"65517";""
"79010";"3432";"PLU";"CA";"2011-05-29 22:00:00+00:00";"2005-02-01 23:00:00+00:00";"33";"79";"75";"2021";"NON";"NON";"200041317";"";"";"";"2021-10-06";"64184";""
"79012";"3399";"PLUi/PLUiS";"CC";"2020-06-22 22:00:00+00:00";"2015-12-15 23:00:00+00:00";"39";"79";"75";"2021";"OUI";"NON";"200069748";"";"";"";"2021-10-06";"144011";""
"79013";"3432";"PLU";"CA";"2012-01-11 23:00:00+00:00";"2007-02-14 23:00:00+00:00";"33";"79";"75";"2021";"NON";"NON";"200040244";"";"";"";"2021-10-06";"87946";""
"79014";"3299";"PLUi/PLUiS";"CC";"2020-02-03 23:00:00+00:00";"2015-02-02 23:00:00+00:00";"39";"79";"75";"2021";"NON";"OUI";"247900798";"";"";"";"2021-10-06";"137505";""
"79018";"1432";"CC";"CC";"2007-01-09 23:00:00+00:00";"2004-06-14 22:00:00+00:00";"13";"79";"75";"2021";"NON";"NON";"200069755";"";"";"";"2021-10-06";"69996";""
"79020";"3232";"PLUi/PLUiS";"CC";"2020-01-28 23:00:00+00:00";"2015-12-15 23:00:00+00:00";"33";"79";"75";"2021";"NON";"OUI";"200041994";"";"";"";"2021-10-06";"143994";""
"79023";"3232";"PLUi/PLUiS";"CC";"2020-01-28 23:00:00+00:00";"2015-12-15 23:00:00+00:00";"33";"79";"75";"2021";"NON";"OUI";"200041994";"";"";"";"2021-10-06";"143994";""
"79024";"3232";"PLUi/PLUiS";"CC";"2020-01-28 23:00:00+00:00";"2015-12-15 23:00:00+00:00";"33";"79";"75";"2021";"NON";"OUI";"200041994";"";"";"";"2021-10-06";"143994";""
"79025";"1432";"CC";"CC";"2014-04-27 22:00:00+00:00";"2010-10-03 22:00:00+00:00";"13";"79";"75";"2021";"NON";"NON";"79025";"";"";"";"2021-10-06";"67216";""
"79029";"3399";"PLUi/PLUiS";"CC";"2015-03-30 22:00:00+00:00";"2012-01-18 23:00:00+00:00";"39";"79";"75";"2021";"OUI";"NON";"200069748";"";"";"";"2021-10-06";"101128";""
"79030";"1432";"CC";"CC";"2017-10-29 23:00:00+00:00";"2011-09-06 22:00:00+00:00";"13";"79";"75";"2021";"NON";"NON";"200069755";"";"";"";"2021-10-06";"101153";""
"79031";"3432";"PLU";"CA";"2008-09-17 22:00:00+00:00";"2006-02-01 23:00:00+00:00";"33";"79";"75";"2021";"NON";"NON";"200041317";"";"";"";"2021-10-06";"57037";""
"79032";"3399";"PLUi/PLUiS";"CC";"2020-06-22 22:00:00+00:00";"2015-12-15 23:00:00+00:00";"39";"79";"75";"2021";"OUI";"NON";"200069748";"";"";"";"2021-10-06";"144011";""
"79034";"3432";"PLU";"CA";"2007-02-19 23:00:00+00:00";"2002-05-21 22:00:00+00:00";"33";"79";"75";"2021";"NON";"NON";"200041317";"";"";"";"2021-10-06";"59684";""
"79038";"3432";"PLU";"CA";"2008-09-30 22:00:00+00:00";"2005-01-04 23:00:00+00:00";"33";"79";"75";"2021";"NON";"NON";"200040244";"";"";"";"2021-10-06";"55053";""
"79040";"3399";"PLUi/PLUiS";"CC";"2015-03-30 22:00:00+00:00";"2012-01-18 23:00:00+00:00";"39";"79";"75";"2021";"OUI";"NON";"200069748";"";"";"";"2021-10-06";"101128";""
"79042";"3232";"PLUi/PLUiS";"CC";"2020-01-28 23:00:00+00:00";"2015-12-15 23:00:00+00:00";"33";"79";"75";"2021";"NON";"OUI";"200041994";"";"";"";"2021-10-06";"143994";""
"79048";"3232";"PLUi/PLUiS";"CC";"2020-01-28 23:00:00+00:00";"2015-12-15 23:00:00+00:00";"33";"79";"75";"2021";"NON";"OUI";"200041994";"";"";"";"2021-10-06";"143994";""
"79049";"3432";"PLU";"CA";"2010-11-03 23:00:00+00:00";"2010-04-30 22:00:00+00:00";"33";"79";"75";"2021";"NON";"NON";"200040244";"";"";"";"2021-10-06";"95374";""
"79050";"1432";"CC";"CA";"2007-03-04 23:00:00+00:00";"2001-12-16 23:00:00+00:00";"13";"79";"75";"2021";"NON";"NON";"200040244";"";"";"";"2021-10-06";"70002";""
"79056";"3299";"PLUi/PLUiS";"CC";"2020-02-03 23:00:00+00:00";"2015-02-02 23:00:00+00:00";"39";"79";"75";"2021";"NON";"OUI";"79056";"";"";"";"2021-10-06";"137505";""
"79057";"3432";"PLU";"CC";"2009-07-26 22:00:00+00:00";"2005-03-28 22:00:00+00:00";"33";"79";"75";"2021";"NON";"NON";"200069755";"";"";"";"2021-10-06";"55045";""
"79058";"1432";"CC";"CA";"2006-07-27 22:00:00+00:00";"2002-09-08 22:00:00+00:00";"13";"79";"75";"2021";"NON";"NON";"200041317";"";"";"";"2021-10-06";"70005";""
"79059";"3399";"PLUi/PLUiS";"CC";"2020-06-22 22:00:00+00:00";"2015-12-15 23:00:00+00:00";"39";"79";"75";"2021";"OUI";"NON";"200069748";"";"";"";"2021-10-06";"144011";""
"79061";"3432";"PLU";"CC";"2013-04-10 22:00:00+00:00";"2007-10-24 22:00:00+00:00";"33";"79";"75";"2021";"NON";"NON";"200069755";"";"";"";"2021-10-06";"88228";""
"79062";"3432";"PLU";"CA";"2006-07-06 22:00:00+00:00";"2003-01-30 23:00:00+00:00";"33";"79";"75";"2021";"NON";"NON";"200040244";"";"";"";"2021-10-06";"55047";""
"79063";"3299";"PLUi/PLUiS";"CC";"2020-02-03 23:00:00+00:00";"2015-02-02 23:00:00+00:00";"39";"79";"75";"2021";"NON";"OUI";"79063";"";"";"";"2021-10-06";"137505";""
"79066";"3399";"PLUi/PLUiS";"CC";"2020-06-22 22:00:00+00:00";"2015-12-14 23:00:00+00:00";"39";"79";"75";"2021";"OUI";"NON";"200069748";"";"";"";"2021-10-06";"144064";""
"79069";"3432";"PLU";"CA";"2013-10-16 22:00:00+00:00";"2009-10-21 22:00:00+00:00";"33";"79";"75";"2021";"NON";"NON";"200040244";"";"";"";"2021-10-06";"63320";""
"79070";"3399";"PLUi/PLUiS";"CC";"2020-06-22 22:00:00+00:00";"2015-12-14 23:00:00+00:00";"39";"79";"75";"2021";"OUI";"NON";"200069748";"";"";"";"2021-10-06";"144064";""
"79071";"1432";"CC";"CC";"2011-12-21 23:00:00+00:00";"2007-02-19 23:00:00+00:00";"13";"79";"75";"2021";"NON";"NON";"79071";"";"";"";"2021-10-06";"67473";""
"79076";"3432";"PLU";"CA";"2013-10-22 22:00:00+00:00";"2008-09-23 22:00:00+00:00";"33";"79";"75";"2021";"NON";"NON";"200040244";"";"";"";"2021-10-06";"63321";""
"79077";"3399";"PLUi/PLUiS";"CC";"2020-06-22 22:00:00+00:00";"2015-12-15 23:00:00+00:00";"39";"79";"75";"2021";"OUI";"NON";"200069748";"";"";"";"2021-10-06";"144011";""
"79078";"1432";"CC";"CA";"2011-07-10 22:00:00+00:00";"2009-06-29 22:00:00+00:00";"13";"79";"75";"2021";"NON";"NON";"200041317";"";"";"";"2021-10-06";"67217";""
"79079";"3432";"PLU";"CA";"2010-03-30 22:00:00+00:00";"2002-10-29 23:00:00+00:00";"33";"79";"75";"2021";"NON";"NON";"200040244";"";"";"";"2021-10-06";"55049";""
"79080";"3432";"PLU";"CC";"2011-05-25 22:00:00+00:00";"2004-06-23 22:00:00+00:00";"33";"79";"75";"2021";"NON";"NON";"79080";"";"";"";"2021-10-06";"136924";""
"79081";"3432";"PLU";"CA";"2005-01-26 23:00:00+00:00";"1999-07-14 22:00:00+00:00";"33";"79";"75";"2021";"NON";"NON";"200041317";"";"";"";"2021-10-06";"55050";""
"79083";"3432";"PLU";"CC";"2017-10-08 22:00:00+00:00";"2014-10-12 22:00:00+00:00";"33";"79";"75";"2021";"NON";"NON";"200069755";"";"";"";"2021-10-06";"137264";""
"79086";"3232";"PLUi/PLUiS";"CC";"2020-01-28 23:00:00+00:00";"2015-12-15 23:00:00+00:00";"33";"79";"75";"2021";"NON";"OUI";"200041994";"";"";"";"2021-10-06";"143994";""
"79087";"1432";"CC";"CC";"2005-08-29 22:00:00+00:00";"2003-09-17 22:00:00+00:00";"13";"79";"75";"2021";"NON";"NON";"200069755";"";"";"";"2021-10-06";"65518";""
"79088";"3432";"PLU";"CA";"2008-02-10 23:00:00+00:00";"2004-01-04 23:00:00+00:00";"33";"79";"75";"2021";"NON";"NON";"200040244";"";"";"";"2021-10-06";"55042";""
"79090";"1432";"CC";"CC";"2004-12-02 23:00:00+00:00";"2002-11-26 23:00:00+00:00";"13";"79";"75";"2021";"NON";"NON";"200069755";"";"";"";"2021-10-06";"70007";""
"79092";"3399";"PLUi/PLUiS";"CC";"2015-03-30 22:00:00+00:00";"2012-01-18 23:00:00+00:00";"39";"79";"75";"2021";"OUI";"NON";"200069748";"";"";"";"2021-10-06";"101128";""
"79100";"3432";"PLU";"CA";"2008-07-21 22:00:00+00:00";"2001-10-22 22:00:00+00:00";"33";"79";"75";"2021";"NON";"NON";"200041317";"";"";"";"2021-10-06";"55051";""
"79101";"3399";"PLUi/PLUiS";"CC";"2020-06-22 22:00:00+00:00";"2015-12-15 23:00:00+00:00";"39";"79";"75";"2021";"OUI";"NON";"200069748";"";"";"";"2021-10-06";"144011";""
"79102";"3299";"PLUi/PLUiS";"CC";"2020-02-03 23:00:00+00:00";"2015-02-02 23:00:00+00:00";"39";"79";"75";"2021";"NON";"OUI";"247900798";"";"";"";"2021-10-06";"137505";""
"79103";"3432";"PLU";"CA";"2015-11-24 23:00:00+00:00";"2012-10-03 22:00:00+00:00";"33";"79";"75";"2021";"NON";"NON";"200040244";"";"";"";"2021-10-06";"113921";""
"79104";"3399";"PLUi/PLUiS";"CC";"2020-06-22 22:00:00+00:00";"2015-12-14 23:00:00+00:00";"39";"79";"75";"2021";"OUI";"NON";"200069748";"";"";"";"2021-10-06";"144064";""
"79106";"1432";"CC";"CC";"2006-11-26 23:00:00+00:00";"2005-01-17 23:00:00+00:00";"13";"79";"75";"2021";"NON";"NON";"200069755";"";"";"";"2021-10-06";"70008";""
"79109";"3432";"PLU";"CA";"2013-10-17 22:00:00+00:00";"2009-11-12 23:00:00+00:00";"33";"79";"75";"2021";"NON";"NON";"200041317";"";"";"";"2021-10-06";"63325";""
"79112";"3432";"PLU";"CA";"2013-04-07 22:00:00+00:00";"2009-07-05 22:00:00+00:00";"33";"79";"75";"2021";"NON";"NON";"200041317";"";"";"";"2021-10-06";"63326";""
"79114";"3232";"PLUi/PLUiS";"CC";"2020-01-28 23:00:00+00:00";"2015-12-15 23:00:00+00:00";"33";"79";"75";"2021";"NON";"OUI";"200041994";"";"";"";"2021-10-06";"143994";""
"79116";"3432";"PLU";"CA";"2008-07-30 22:00:00+00:00";"2005-12-21 23:00:00+00:00";"33";"79";"75";"2021";"NON";"NON";"200040244";"";"";"";"2021-10-06";"59689";""
"79117";"3399";"PLUi/PLUiS";"CC";"2020-06-22 22:00:00+00:00";"2015-12-15 23:00:00+00:00";"39";"79";"75";"2021";"OUI";"NON";"200069748";"";"";"";"2021-10-06";"144011";""
"79118";"1432";"CC";"CC";"2015-02-02 23:00:00+00:00";"2010-01-06 23:00:00+00:00";"13";"79";"75";"2021";"NON";"NON";"79118";"";"";"";"2021-10-06";"67219";""
"79119";"3399";"PLUi/PLUiS";"CC";"2020-06-22 22:00:00+00:00";"2015-12-15 23:00:00+00:00";"39";"79";"75";"2021";"OUI";"NON";"200069748";"";"";"";"2021-10-06";"144011";""
"79120";"3432";"PLU";"CC";"2003-11-17 23:00:00+00:00";"1999-10-20 22:00:00+00:00";"33";"79";"75";"2021";"NON";"NON";"79120";"";"";"";"2021-10-06";"55061";""
"79121";"1432";"CC";"CC";"2014-06-09 22:00:00+00:00";"2012-07-22 22:00:00+00:00";"13";"79";"75";"2021";"NON";"NON";"79121";"";"";"";"2021-10-06";"109872";""
"79122";"3432";"PLU";"CC";"2016-12-04 23:00:00+00:00";"2013-01-13 23:00:00+00:00";"33";"79";"75";"2021";"NON";"NON";"200069755";"";"";"";"2021-10-06";"95367";""
"79123";"3432";"PLU";"CA";"2016-09-26 22:00:00+00:00";"2012-07-08 22:00:00+00:00";"33";"79";"75";"2021";"NON";"NON";"200040244";"";"";"";"2021-10-06";"110684";""
"79124";"1432";"CC";"CC";"2006-06-11 22:00:00+00:00";"2004-04-26 22:00:00+00:00";"13";"79";"75";"2021";"NON";"NON";"79124";"";"";"";"2021-10-06";"70010";""
"79126";"1432";"CC";"CC";"2004-09-13 22:00:00+00:00";"2001-09-16 22:00:00+00:00";"13";"79";"75";"2021";"NON";"NON";"200069755";"";"";"";"2021-10-06";"70011";""
"79127";"1432";"CC";"CA";"2006-06-19 22:00:00+00:00";"2001-10-07 22:00:00+00:00";"13";"79";"75";"2021";"NON";"NON";"200041317";"";"";"";"2021-10-06";"70012";""
"79128";"3232";"PLUi/PLUiS";"CC";"2020-01-28 23:00:00+00:00";"2015-12-15 23:00:00+00:00";"33";"79";"75";"2021";"NON";"OUI";"200041994";"";"";"";"2021-10-06";"143994";""
"79129";"3432";"PLU";"CC";"2005-02-28 23:00:00+00:00";"2002-12-16 23:00:00+00:00";"33";"79";"75";"2021";"NON";"NON";"200069755";"";"";"";"2021-10-06";"55056";""
"79130";"3432";"PLU";"CA";"2008-02-27 23:00:00+00:00";"2003-02-22 23:00:00+00:00";"33";"79";"75";"2021";"NON";"NON";"200041317";"";"";"";"2021-10-06";"55057";""
"79133";"1432";"CC";"CA";"2005-03-11 23:00:00+00:00";"2003-02-03 23:00:00+00:00";"13";"79";"75";"2021";"NON";"NON";"200041317";"";"";"";"2021-10-06";"70013";""
"79134";"3299";"PLUi/PLUiS";"CC";"2020-02-03 23:00:00+00:00";"2015-02-02 23:00:00+00:00";"39";"79";"75";"2021";"NON";"OUI";"247900798";"";"";"";"2021-10-06";"137505";""
"79135";"3432";"PLU";"CC";"2008-06-05 22:00:00+00:00";"2007-03-01 23:00:00+00:00";"33";"79";"75";"2021";"NON";"NON";"79135";"";"";"";"2021-10-06";"55058";""
"79136";"1432";"CC";"CC";"2007-06-26 22:00:00+00:00";"2005-01-25 23:00:00+00:00";"13";"79";"75";"2021";"NON";"NON";"200069755";"";"";"";"2021-10-06";"70014";""
"79137";"3432";"PLU";"CA";"2014-11-05 23:00:00+00:00";"2008-12-10 23:00:00+00:00";"33";"79";"75";"2021";"NON";"NON";"200041317";"";"";"";"2021-10-06";"49907";""
"79139";"3399";"PLUi/PLUiS";"CC";"2015-03-30 22:00:00+00:00";"2012-01-18 23:00:00+00:00";"39";"79";"75";"2021";"OUI";"NON";"200069748";"";"";"";"2021-10-06";"101128";""
"79140";"1432";"CC";"CC";"2008-04-01 22:00:00+00:00";"2005-04-17 22:00:00+00:00";"13";"79";"75";"2021";"NON";"NON";"200069755";"";"";"";"2021-10-06";"70001";""
"79144";"1432";"CC";"CA";"2007-04-02 22:00:00+00:00";"2005-01-14 23:00:00+00:00";"13";"79";"75";"2021";"NON";"NON";"200041317";"";"";"";"2021-10-06";"70015";""
"79145";"1432";"CC";"CC";"2019-02-07 23:00:00+00:00";"2016-03-23 23:00:00+00:00";"13";"79";"75";"2021";"NON";"NON";"79145";"";"";"";"2021-10-06";"156873";""
"79147";"1432";"CC";"CA";"2008-07-30 22:00:00+00:00";"2007-01-31 23:00:00+00:00";"13";"79";"75";"2021";"NON";"NON";"200040244";"";"";"";"2021-10-06";"65004";""
"79148";"3432";"PLU";"CC";"2009-02-10 23:00:00+00:00";"2002-06-04 22:00:00+00:00";"33";"79";"75";"2021";"NON";"NON";"200069755";"";"";"";"2021-10-06";"63328";""
"79150";"3432";"PLU";"CC";"2009-01-11 23:00:00+00:00";"2005-03-02 23:00:00+00:00";"33";"79";"75";"2021";"NON";"NON";"200069755";"";"";"";"2021-10-06";"55062";""
"79153";"1432";"CC";"CC";"2007-01-23 23:00:00+00:00";"2005-01-27 23:00:00+00:00";"13";"79";"75";"2021";"NON";"NON";"200069755";"";"";"";"2021-10-06";"70016";""
"79157";"3299";"PLUi/PLUiS";"CC";"2020-02-03 23:00:00+00:00";"2015-02-02 23:00:00+00:00";"39";"79";"75";"2021";"NON";"OUI";"79157";"";"";"";"2021-10-06";"137505";""
"79159";"3299";"PLUi/PLUiS";"CC";"2020-02-03 23:00:00+00:00";"2015-02-02 23:00:00+00:00";"39";"79";"75";"2021";"NON";"OUI";"247900798";"";"";"";"2021-10-06";"137505";""
"79161";"3299";"PLUi/PLUiS";"CC";"2020-02-03 23:00:00+00:00";"2015-02-02 23:00:00+00:00";"39";"79";"75";"2021";"NON";"OUI";"247900798";"";"";"";"2021-10-06";"137505";""
"79162";"3432";"PLU";"CA";"2007-12-17 23:00:00+00:00";"2003-01-23 23:00:00+00:00";"33";"79";"75";"2021";"NON";"NON";"200041317";"";"";"";"2021-10-06";"63329";""
"79163";"3432";"PLU";"CC";"2012-02-15 23:00:00+00:00";"2005-06-08 22:00:00+00:00";"33";"79";"75";"2021";"NON";"NON";"200069755";"";"";"";"2021-10-06";"63330";""
"79164";"1432";"CC";"CC";"2006-06-15 22:00:00+00:00";"2004-03-08 23:00:00+00:00";"13";"79";"75";"2021";"NON";"NON";"200069755";"";"";"";"2021-10-06";"70022";""
"79166";"3432";"PLU";"CA";"2013-02-26 23:00:00+00:00";"2005-07-25 22:00:00+00:00";"33";"79";"75";"2021";"NON";"NON";"200041317";"";"";"";"2021-10-06";"63331";""
"79167";"3299";"PLUi/PLUiS";"CC";"2020-02-03 23:00:00+00:00";"2015-02-02 23:00:00+00:00";"39";"79";"75";"2021";"NON";"OUI";"247900798";"";"";"";"2021-10-06";"137505";""
"79170";"3432";"PLU";"CA";"2013-01-10 23:00:00+00:00";"2008-11-27 23:00:00+00:00";"33";"79";"75";"2021";"NON";"NON";"200041317";"";"";"";"2021-10-06";"63332";""
"79172";"3399";"PLUi/PLUiS";"CC";"2015-03-30 22:00:00+00:00";"2012-01-18 23:00:00+00:00";"39";"79";"75";"2021";"OUI";"NON";"200069748";"";"";"";"2021-10-06";"101128";""
"79174";"3432";"PLU";"CC";"2013-11-25 23:00:00+00:00";"2009-05-05 22:00:00+00:00";"33";"79";"75";"2021";"NON";"NON";"200069755";"";"";"";"2021-10-06";"63340";""
"79176";"1432";"CC";"CC";"2012-11-28 23:00:00+00:00";"2010-05-09 22:00:00+00:00";"13";"79";"75";"2021";"NON";"NON";"79176";"";"";"";"2021-10-06";"65749";""
"79177";"1432";"CC";"CC";"2007-03-28 22:00:00+00:00";"2004-03-25 23:00:00+00:00";"13";"79";"75";"2021";"NON";"NON";"200069755";"";"";"";"2021-10-06";"70024";""
"79179";"3432";"PLU";"CA";"2014-11-16 23:00:00+00:00";"2008-06-01 22:00:00+00:00";"33";"79";"75";"2021";"NON";"NON";"200040244";"";"";"";"2021-10-06";"63336";""
"79184";"3432";"PLU";"CC";"2010-12-01 23:00:00+00:00";"2005-11-28 23:00:00+00:00";"33";"79";"75";"2021";"NON";"NON";"200069755";"";"";"";"2021-10-06";"55067";""
"79185";"3432";"PLU";"CC";"2013-12-04 23:00:00+00:00";"2005-11-24 23:00:00+00:00";"33";"79";"75";"2021";"NON";"NON";"200069755";"";"";"";"2021-10-06";"63335";""
"79189";"3232";"PLUi/PLUiS";"CC";"2020-01-28 23:00:00+00:00";"2015-12-15 23:00:00+00:00";"33";"79";"75";"2021";"NON";"OUI";"200041994";"";"";"";"2021-10-06";"143994";""
"79191";"3432";"PLU";"CA";"2016-04-10 22:00:00+00:00";"2011-01-30 23:00:00+00:00";"33";"79";"75";"2021";"NON";"NON";"200041317";"";"";"";"2021-10-06";"105648";""
"79195";"3432";"PLU";"CA";"2007-04-24 22:00:00+00:00";"2005-01-25 23:00:00+00:00";"33";"79";"75";"2021";"NON";"NON";"200040244";"";"";"";"2021-10-06";"55068";""
"79196";"3299";"PLUi/PLUiS";"CC";"2020-02-03 23:00:00+00:00";"2015-02-02 23:00:00+00:00";"39";"79";"75";"2021";"NON";"OUI";"79196";"";"";"";"2021-10-06";"137505";""
"79198";"1432";"CC";"CC";"2008-02-14 23:00:00+00:00";"2005-03-01 23:00:00+00:00";"13";"79";"75";"2021";"NON";"NON";"200069755";"";"";"";"2021-10-06";"70025";""
"79200";"3399";"PLUi/PLUiS";"CC";"2020-06-22 22:00:00+00:00";"2015-12-14 23:00:00+00:00";"39";"79";"75";"2021";"OUI";"NON";"200069748";"";"";"";"2021-10-06";"144064";""
"79201";"3232";"PLUi/PLUiS";"CC";"2020-01-28 23:00:00+00:00";"2015-12-15 23:00:00+00:00";"33";"79";"75";"2021";"NON";"OUI";"200041994";"";"";"";"2021-10-06";"143994";""
"79202";"3432";"PLU";"CC";"2011-05-25 22:00:00+00:00";"2004-06-23 22:00:00+00:00";"33";"79";"75";"2021";"NON";"NON";"79202";"";"";"";"2021-10-06";"95349";""
"79203";"3299";"PLUi/PLUiS";"CC";"2020-02-03 23:00:00+00:00";"2015-02-02 23:00:00+00:00";"39";"79";"75";"2021";"NON";"OUI";"247900798";"";"";"";"2021-10-06";"137505";""
"79204";"3432";"PLU";"CC";"2007-09-03 22:00:00+00:00";"2004-02-01 23:00:00+00:00";"33";"79";"75";"2021";"NON";"NON";"200069755";"";"";"";"2021-10-06";"55073";""
"79208";"3432";"PLU";"CC";"2007-01-25 23:00:00+00:00";"2004-01-28 23:00:00+00:00";"33";"79";"75";"2021";"NON";"NON";"79208";"";"";"";"2021-10-06";"55074";""
"79209";"3299";"PLUi/PLUiS";"CC";"2020-02-03 23:00:00+00:00";"2015-02-02 23:00:00+00:00";"39";"79";"75";"2021";"NON";"OUI";"247900798";"";"";"";"2021-10-06";"137505";""
"79210";"3432";"PLU";"CA";"2007-09-19 22:00:00+00:00";"2005-04-20 22:00:00+00:00";"33";"79";"75";"2021";"NON";"NON";"200040244";"";"";"";"2021-10-06";"55070";""
"79213";"3432";"PLU";"CC";"2011-05-25 22:00:00+00:00";"2004-06-23 22:00:00+00:00";"33";"79";"75";"2021";"NON";"NON";"79213";"";"";"";"2021-10-06";"136926";""
"79216";"3432";"PLU";"CA";"2017-05-28 22:00:00+00:00";"2009-01-14 23:00:00+00:00";"33";"79";"75";"2021";"NON";"NON";"200041317";"";"";"";"2021-10-06";"88659";""
"79217";"1432";"CC";"CC";"2019-07-22 22:00:00+00:00";"2015-03-26 23:00:00+00:00";"13";"79";"75";"2021";"NON";"NON";"200069755";"";"";"";"2021-10-06";"140202";""
"79218";"1432";"CC";"CC";"2011-02-27 23:00:00+00:00";"2007-01-22 23:00:00+00:00";"13";"79";"75";"2021";"NON";"NON";"79218";"";"";"";"2021-10-06";"67477";""
"79223";"3399";"PLUi/PLUiS";"CC";"2020-06-22 22:00:00+00:00";"2015-12-15 23:00:00+00:00";"39";"79";"75";"2021";"OUI";"NON";"200069748";"";"";"";"2021-10-06";"144011";""
"79225";"1432";"CC";"CC";"2008-10-16 22:00:00+00:00";"2006-05-15 22:00:00+00:00";"13";"79";"75";"2021";"NON";"NON";"79225";"";"";"";"2021-10-06";"70028";""
"79229";"1432";"CC";"CA";"2007-01-25 23:00:00+00:00";"2002-06-07 22:00:00+00:00";"13";"79";"75";"2021";"NON";"NON";"200041317";"";"";"";"2021-10-06";"70029";""
"79231";"3232";"PLUi/PLUiS";"CC";"2020-01-28 23:00:00+00:00";"2015-12-15 23:00:00+00:00";"33";"79";"75";"2021";"NON";"OUI";"200041994";"";"";"";"2021-10-06";"143994";""
"79235";"3432";"PLU";"CA";"2008-09-29 22:00:00+00:00";"2006-02-27 23:00:00+00:00";"33";"79";"75";"2021";"NON";"NON";"200040244";"";"";"";"2021-10-06";"55071";""
"79236";"3432";"PLU";"CA";"2014-02-23 23:00:00+00:00";"2010-09-19 22:00:00+00:00";"33";"79";"75";"2021";"NON";"NON";"200040244";"";"";"";"2021-10-06";"50124";""
"79238";"1432";"CC";"CA";"2011-11-07 23:00:00+00:00";"2009-12-02 23:00:00+00:00";"13";"79";"75";"2021";"NON";"NON";"200040244";"";"";"";"2021-10-06";"88122";""
"79239";"1432";"CC";"CC";"2008-07-09 22:00:00+00:00";"2004-05-24 22:00:00+00:00";"13";"79";"75";"2021";"NON";"NON";"79239";"";"";"";"2021-10-06";"70030";""
"79241";"3399";"PLUi/PLUiS";"CC";"2020-06-22 22:00:00+00:00";"2015-12-14 23:00:00+00:00";"39";"79";"75";"2021";"OUI";"NON";"200069748";"";"";"";"2021-10-06";"144064";""
"79243";"1432";"CC";"CC";"2005-02-21 23:00:00+00:00";"2003-06-26 22:00:00+00:00";"13";"79";"75";"2021";"NON";"NON";"200069755";"";"";"";"2021-10-06";"70032";""
"79244";"3299";"PLUi/PLUiS";"CC";"2020-02-03 23:00:00+00:00";"2015-02-02 23:00:00+00:00";"39";"79";"75";"2021";"NON";"OUI";"79244";"";"";"";"2021-10-06";"137505";""
"79246";"3232";"PLUi/PLUiS";"CC";"2020-01-28 23:00:00+00:00";"2015-12-15 23:00:00+00:00";"33";"79";"75";"2021";"NON";"OUI";"200041994";"";"";"";"2021-10-06";"143994";""
"79249";"3432";"PLU";"CA";"2006-09-21 22:00:00+00:00";"2003-05-25 22:00:00+00:00";"33";"79";"75";"2021";"NON";"NON";"200041317";"";"";"";"2021-10-06";"55075";""
"79250";"3299";"PLUi/PLUiS";"CC";"2020-02-03 23:00:00+00:00";"2015-02-02 23:00:00+00:00";"39";"79";"75";"2021";"NON";"OUI";"247900798";"";"";"";"2021-10-06";"137505";""
"79251";"1432";"CC";"CC";"2007-07-10 22:00:00+00:00";"2006-03-26 22:00:00+00:00";"13";"79";"75";"2021";"NON";"NON";"200069755";"";"";"";"2021-10-06";"70027";""
"79252";"3299";"PLUi/PLUiS";"CC";"2020-02-03 23:00:00+00:00";"2015-02-02 23:00:00+00:00";"39";"79";"75";"2021";"NON";"OUI";"247900798";"";"";"";"2021-10-06";"137505";""
"79253";"3399";"PLUi/PLUiS";"CC";"2015-03-30 22:00:00+00:00";"2012-01-18 23:00:00+00:00";"39";"79";"75";"2021";"OUI";"NON";"200069748";"";"";"";"2021-10-06";"101128";""
"79256";"3432";"PLU";"CC";"2017-11-30 23:00:00+00:00";"2014-11-13 23:00:00+00:00";"33";"79";"75";"2021";"NON";"NON";"79256";"";"";"";"2021-10-06";"133486";""
"79257";"3432";"PLU";"CA";"2014-02-12 23:00:00+00:00";"2008-10-16 22:00:00+00:00";"33";"79";"75";"2021";"NON";"NON";"200041317";"";"";"";"2021-10-06";"64186";""
"79258";"3299";"PLUi/PLUiS";"CC";"2020-02-03 23:00:00+00:00";"2015-02-02 23:00:00+00:00";"39";"79";"75";"2021";"NON";"OUI";"247900798";"";"";"";"2021-10-06";"137505";""
"79259";"3299";"PLUi/PLUiS";"CC";"2020-02-03 23:00:00+00:00";"2015-02-02 23:00:00+00:00";"39";"79";"75";"2021";"NON";"OUI";"79259";"";"";"";"2021-10-06";"137505";""
"79263";"3399";"PLUi/PLUiS";"CC";"2020-06-22 22:00:00+00:00";"2015-12-15 23:00:00+00:00";"39";"79";"75";"2021";"OUI";"NON";"200069748";"";"";"";"2021-10-06";"144011";""
"79265";"3299";"PLUi/PLUiS";"CC";"2020-02-03 23:00:00+00:00";"2015-02-02 23:00:00+00:00";"39";"79";"75";"2021";"NON";"OUI";"79265";"";"";"";"2021-10-06";"137505";""
"79267";"3399";"PLUi/PLUiS";"CC";"2015-03-30 22:00:00+00:00";"2012-01-18 23:00:00+00:00";"39";"79";"75";"2021";"OUI";"NON";"200069748";"";"";"";"2021-10-06";"101128";""
"79268";"3432";"PLU";"CC";"2006-01-26 23:00:00+00:00";"2002-12-19 23:00:00+00:00";"33";"79";"75";"2021";"NON";"NON";"79268";"";"";"";"2021-10-06";"55078";""
"79269";"3399";"PLUi/PLUiS";"CC";"2020-06-22 22:00:00+00:00";"2015-12-15 23:00:00+00:00";"39";"79";"75";"2021";"OUI";"NON";"200069748";"";"";"";"2021-10-06";"144011";""
"79270";"3232";"PLUi/PLUiS";"CC";"2020-01-28 23:00:00+00:00";"2015-12-15 23:00:00+00:00";"33";"79";"75";"2021";"NON";"OUI";"200041994";"";"";"";"2021-10-06";"143994";""
"79271";"3399";"PLUi/PLUiS";"CC";"2015-03-30 22:00:00+00:00";"2012-01-18 23:00:00+00:00";"39";"79";"75";"2021";"OUI";"NON";"200069748";"";"";"";"2021-10-06";"101128";""
"79274";"3299";"PLUi/PLUiS";"CC";"2020-02-03 23:00:00+00:00";"2015-02-02 23:00:00+00:00";"39";"79";"75";"2021";"NON";"OUI";"79274";"";"";"";"2021-10-06";"137505";""
"79276";"3232";"PLUi/PLUiS";"CC";"2020-01-28 23:00:00+00:00";"2015-12-15 23:00:00+00:00";"33";"79";"75";"2021";"NON";"OUI";"200041994";"";"";"";"2021-10-06";"143994";""
"79277";"3299";"PLUi/PLUiS";"CC";"2020-02-03 23:00:00+00:00";"2015-02-02 23:00:00+00:00";"39";"79";"75";"2021";"NON";"OUI";"247900798";"";"";"";"2021-10-06";"137505";""
"79278";"1432";"CC";"CC";"2019-10-28 23:00:00+00:00";"2017-12-17 23:00:00+00:00";"13";"79";"75";"2021";"NON";"NON";"79278";"";"";"";"2021-10-06";"160512";""
"79280";"1432";"CC";"CA";"2007-05-20 22:00:00+00:00";"2004-02-02 23:00:00+00:00";"13";"79";"75";"2021";"NON";"NON";"200040244";"";"";"";"2021-10-06";"70037";""
"79281";"3432";"PLU";"CA";"2006-09-04 22:00:00+00:00";"2003-01-06 23:00:00+00:00";"33";"79";"75";"2021";"NON";"NON";"200041317";"";"";"";"2021-10-06";"55081";""
"79283";"3232";"PLUi/PLUiS";"CC";"2020-01-28 23:00:00+00:00";"2015-12-15 23:00:00+00:00";"33";"79";"75";"2021";"NON";"OUI";"200041994";"";"";"";"2021-10-06";"143994";""
"79284";"3399";"PLUi/PLUiS";"CC";"2020-06-22 22:00:00+00:00";"2015-12-14 23:00:00+00:00";"39";"79";"75";"2021";"OUI";"NON";"200069748";"";"";"";"2021-10-06";"144064";""
"79285";"3399";"PLUi/PLUiS";"CC";"2015-03-30 22:00:00+00:00";"2012-01-18 23:00:00+00:00";"39";"79";"75";"2021";"OUI";"NON";"200069748";"";"";"";"2021-10-06";"101128";""
"79289";"3432";"PLU";"CA";"2008-02-26 23:00:00+00:00";"2005-04-06 22:00:00+00:00";"33";"79";"75";"2021";"NON";"NON";"200040244";"";"";"";"2021-10-06";"64192";""
"79290";"3399";"PLUi/PLUiS";"CC";"2020-06-22 22:00:00+00:00";"2015-12-15 23:00:00+00:00";"39";"79";"75";"2021";"OUI";"NON";"200069748";"";"";"";"2021-10-06";"144011";""
"79293";"3432";"PLU";"CA";"2009-10-14 22:00:00+00:00";"2003-03-10 23:00:00+00:00";"33";"79";"75";"2021";"NON";"NON";"200041317";"";"";"";"2021-10-06";"64193";""
"79295";"3432";"PLU";"CC";"2008-04-27 22:00:00+00:00";"2005-03-09 23:00:00+00:00";"33";"79";"75";"2021";"NON";"NON";"200069755";"";"";"";"2021-10-06";"64194";""
"79297";"3432";"PLU";"CC";"2012-12-19 23:00:00+00:00";"2008-09-25 22:00:00+00:00";"33";"79";"75";"2021";"NON";"NON";"200069755";"";"";"";"2021-10-06";"50127";""
"79298";"3432";"PLU";"CA";"2008-01-20 23:00:00+00:00";"2004-10-10 22:00:00+00:00";"33";"79";"75";"2021";"NON";"NON";"200041317";"";"";"";"2021-10-06";"64195";""
"79299";"3299";"PLUi/PLUiS";"CC";"2020-02-03 23:00:00+00:00";"2015-02-02 23:00:00+00:00";"39";"79";"75";"2021";"NON";"OUI";"79299";"";"";"";"2021-10-06";"137505";""
"79300";"3299";"PLUi/PLUiS";"CC";"2020-02-03 23:00:00+00:00";"2015-02-02 23:00:00+00:00";"39";"79";"75";"2021";"NON";"OUI";"247900798";"";"";"";"2021-10-06";"137505";""
"79302";"3232";"PLUi/PLUiS";"CC";"2020-01-28 23:00:00+00:00";"2015-12-15 23:00:00+00:00";"33";"79";"75";"2021";"NON";"OUI";"200041994";"";"";"";"2021-10-06";"143994";""
"79303";"3232";"PLUi/PLUiS";"CC";"2020-01-28 23:00:00+00:00";"2015-12-15 23:00:00+00:00";"33";"79";"75";"2021";"NON";"OUI";"200041994";"";"";"";"2021-10-06";"143994";""
"79304";"3432";"PLU";"CA";"2009-12-09 23:00:00+00:00";"2006-01-26 23:00:00+00:00";"33";"79";"75";"2021";"NON";"NON";"200041317";"";"";"";"2021-10-06";"64197";""
"79306";"1432";"CC";"CC";"2015-04-06 22:00:00+00:00";"2011-07-05 22:00:00+00:00";"13";"79";"75";"2021";"NON";"NON";"79306";"";"";"";"2021-10-06";"93787";""
"79307";"3432";"PLU";"CC";"2014-10-12 22:00:00+00:00";"2009-08-31 22:00:00+00:00";"33";"79";"75";"2021";"NON";"NON";"200069755";"";"";"";"2021-10-06";"63341";""
"79308";"3432";"PLU";"CA";"2007-03-08 23:00:00+00:00";"2004-01-26 23:00:00+00:00";"33";"79";"75";"2021";"NON";"NON";"200041317";"";"";"";"2021-10-06";"55082";""
"79309";"3399";"PLUi/PLUiS";"CC";"2020-06-22 22:00:00+00:00";"2015-12-15 23:00:00+00:00";"39";"79";"75";"2021";"OUI";"NON";"200069748";"";"";"";"2021-10-06";"144011";""
"79310";"1432";"CC";"CC";"2007-08-30 22:00:00+00:00";"2001-12-07 23:00:00+00:00";"13";"79";"75";"2021";"NON";"NON";"200069755";"";"";"";"2021-10-06";"70041";""
"79311";"3432";"PLU";"CC";"2014-10-14 22:00:00+00:00";"2005-03-06 23:00:00+00:00";"33";"79";"75";"2021";"NON";"NON";"79311";"";"";"";"2021-10-06";"63342";""
"79316";"3232";"PLUi/PLUiS";"CC";"2020-01-28 23:00:00+00:00";"2015-12-15 23:00:00+00:00";"33";"79";"75";"2021";"NON";"OUI";"200041994";"";"";"";"2021-10-06";"143994";""
"79319";"3232";"PLUi/PLUiS";"CC";"2020-01-28 23:00:00+00:00";"2015-12-15 23:00:00+00:00";"33";"79";"75";"2021";"NON";"OUI";"200041994";"";"";"";"2021-10-06";"143994";""
"79320";"3399";"PLUi/PLUiS";"CC";"2020-06-22 22:00:00+00:00";"2015-12-14 23:00:00+00:00";"39";"79";"75";"2021";"OUI";"NON";"200069748";"";"";"";"2021-10-06";"144064";""
"79322";"3432";"PLU";"CC";"2011-05-25 22:00:00+00:00";"2004-06-23 22:00:00+00:00";"33";"79";"75";"2021";"NON";"NON";"79322";"";"";"";"2021-10-06";"136925";""
"79326";"3432";"PLU";"CC";"2011-12-07 23:00:00+00:00";"2003-10-08 22:00:00+00:00";"33";"79";"75";"2021";"NON";"NON";"79326";"";"";"";"2021-10-06";"49911";""
"79329";"3299";"PLUi/PLUiS";"CC";"2020-02-03 23:00:00+00:00";"2015-02-02 23:00:00+00:00";"39";"79";"75";"2021";"NON";"OUI";"79329";"";"";"";"2021-10-06";"137505";""
"79331";"3299";"PLUi/PLUiS";"CC";"2020-02-03 23:00:00+00:00";"2015-02-02 23:00:00+00:00";"39";"79";"75";"2021";"NON";"OUI";"79331";"";"";"";"2021-10-06";"137505";""
"79334";"1432";"CC";"CA";"2005-06-02 22:00:00+00:00";"2003-06-19 22:00:00+00:00";"13";"79";"75";"2021";"NON";"NON";"200041317";"";"";"";"2021-10-06";"70043";""
"79335";"1432";"CC";"CA";"2008-07-10 22:00:00+00:00";"2004-06-24 22:00:00+00:00";"13";"79";"75";"2021";"NON";"NON";"200041317";"";"";"";"2021-10-06";"65522";""
"79339";"2432";"POS";"CC";"2000-04-09 22:00:00+00:00";"1997-09-05 22:00:00+00:00";"23";"79";"75";"2021";"NON";"NON";"79339";"";"";"";"2021-10-06";"59710";""
"79343";"1432";"CC";"CC";"2005-06-02 22:00:00+00:00";"2003-11-13 23:00:00+00:00";"13";"79";"75";"2021";"NON";"NON";"200069755";"";"";"";"2021-10-06";"70044";""
"79345";"3399";"PLUi/PLUiS";"CC";"2015-03-30 22:00:00+00:00";"2012-01-18 23:00:00+00:00";"39";"79";"75";"2021";"OUI";"NON";"200069748";"";"";"";"2021-10-06";"101128";""
"79347";"3432";"PLU";"CC";"2011-11-23 23:00:00+00:00";"2006-06-15 22:00:00+00:00";"33";"79";"75";"2021";"NON";"NON";"79347";"";"";"";"2021-10-06";"49912";""
"79351";"3432";"PLU";"CA";"2002-08-01 22:00:00+00:00";"1999-06-14 22:00:00+00:00";"33";"79";"75";"2021";"NON";"NON";"200041317";"";"";"";"2021-10-06";"56534";""
"79352";"1432";"CC";"CC";"2011-05-26 22:00:00+00:00";"2009-03-02 23:00:00+00:00";"13";"79";"75";"2021";"NON";"NON";"200069755";"";"";"";"2021-10-06";"67222";""
"79354";"3399";"PLUi/PLUiS";"CC";"2015-03-30 22:00:00+00:00";"2012-01-18 23:00:00+00:00";"39";"79";"75";"2021";"OUI";"NON";"200069748";"";"";"";"2021-10-06";"101128";""
"79355";"3432";"PLU";"CA";"2008-03-03 23:00:00+00:00";"2003-12-15 23:00:00+00:00";"33";"79";"75";"2021";"NON";"NON";"200041317";"";"";"";"2021-10-06";"63346";""
"79357";"3399";"PLUi/PLUiS";"CC";"2020-06-22 22:00:00+00:00";"2015-12-14 23:00:00+00:00";"39";"79";"75";"2021";"OUI";"NON";"200069748";"";"";"";"2021-10-06";"144064";""
"80001";"3432";"PLU";"CA";"2012-12-18 23:00:00+00:00";"2006-02-26 23:00:00+00:00";"33";"80";"32";"2021";"NON";"NON";"200070993";"";"";"";"2021-10-06";"30352";""
"80002";"3432";"PLU";"CC";"2005-06-30 22:00:00+00:00";"2001-11-18 23:00:00+00:00";"33";"80";"32";"2021";"NON";"NON";"200070928";"";"";"";"2021-10-06";"7737";""
"80003";"3299";"PLUi/PLUiS";"CC";"2018-12-09 23:00:00+00:00";"2013-06-23 22:00:00+00:00";"39";"80";"32";"2021";"NON";"OUI";"80003";"";"";"";"2021-10-06";"126533";""
"80004";"1499";"CC";"CC";"2011-04-27 22:00:00+00:00";"2009-05-28 22:00:00+00:00";"19";"80";"32";"2021";"NON";"NON";"200070944";"";"";"";"2021-10-06";"37989";""
"80005";"3399";"PLUi/PLUiS";"CC";"2017-11-27 23:00:00+00:00";"2012-12-16 23:00:00+00:00";"39";"80";"32";"2021";"OUI";"NON";"80005";"";"";"";"2021-10-06";"116367";""
"80006";"1499";"CC";"CC";"2012-08-16 22:00:00+00:00";"2009-03-09 23:00:00+00:00";"19";"80";"32";"2021";"NON";"NON";"200070936";"";"";"";"2021-10-06";"38348";""
"80008";"3399";"PLUi/PLUiS";"CC";"2020-01-28 23:00:00+00:00";"2015-08-03 22:00:00+00:00";"39";"80";"32";"2021";"OUI";"NON";"200070944";"";"";"";"2021-10-06";"141500";""
"80009";"3499";"PLU";"CC";"2004-12-13 23:00:00+00:00";"2002-09-26 22:00:00+00:00";"39";"80";"32";"2021";"NON";"NON";"200070936";"";"";"";"2021-10-06";"7748";""
"80010";"3399";"PLUi/PLUiS";"CC";"2020-03-10 23:00:00+00:00";"2013-02-06 23:00:00+00:00";"39";"80";"32";"2021";"OUI";"NON";"80010";"";"";"";"2021-10-06";"116369";""
"80011";"3399";"PLUi/PLUiS";"CC";"2020-02-24 23:00:00+00:00";"2013-11-17 23:00:00+00:00";"39";"80";"32";"2021";"OUI";"NON";"80011";"";"";"";"2021-10-06";"126534";""
"80013";"3433";"PLU";"CC";"2006-12-05 23:00:00+00:00";"2002-12-16 23:00:00+00:00";"33";"80";"32";"2021";"NON";"NON";"80013";"";"";"";"2021-10-06";"19367";""
"80016";"3299";"PLUi/PLUiS";"CC";"2018-12-09 23:00:00+00:00";"2013-06-23 22:00:00+00:00";"39";"80";"32";"2021";"NON";"OUI";"80016";"";"";"";"2021-10-06";"126533";""
"80018";"1432";"CC";"CC";"2007-08-16 22:00:00+00:00";"2005-03-10 23:00:00+00:00";"13";"80";"32";"2021";"NON";"NON";"80018";"";"";"";"2021-10-06";"23810";""
"80019";"3499";"PLU";"CC";"2004-12-13 23:00:00+00:00";"2002-09-23 22:00:00+00:00";"39";"80";"32";"2021";"NON";"NON";"80019";"";"";"";"2021-10-06";"7768";""
"80021";"3199";"PLU";"COM";"2006-06-21 22:00:00+00:00";"1992-07-01 22:00:00+00:00";"39";"80";"32";"2021";"NON";"NON";"80021";"";"";"";"2021-10-06";"1179";""
"80024";"3399";"PLUi/PLUiS";"CC";"2020-02-24 23:00:00+00:00";"2013-11-17 23:00:00+00:00";"39";"80";"32";"2021";"OUI";"NON";"80024";"";"";"";"2021-10-06";"126534";""
"80025";"3499";"PLU";"CC";"2014-08-11 22:00:00+00:00";"2010-09-13 22:00:00+00:00";"39";"80";"32";"2021";"NON";"NON";"200070936";"";"";"";"2021-10-06";"46081";""
"80028";"3299";"PLUi/PLUiS";"CC";"2018-12-09 23:00:00+00:00";"2013-06-23 22:00:00+00:00";"39";"80";"32";"2021";"NON";"OUI";"80028";"";"";"";"2021-10-06";"126533";""
"80030";"1499";"CC";"CC";"2014-05-27 22:00:00+00:00";"2005-12-05 23:00:00+00:00";"19";"80";"32";"2021";"NON";"NON";"200070936";"";"";"";"2021-10-06";"26526";""
"80031";"1433";"CC";"CC";"2008-10-16 22:00:00+00:00";"2007-09-06 22:00:00+00:00";"13";"80";"32";"2021";"NON";"NON";"80031";"";"";"";"2021-10-06";"35173";""
"80033";"3432";"PLU";"CC";"2013-04-11 22:00:00+00:00";"2008-11-18 23:00:00+00:00";"33";"80";"32";"2021";"NON";"NON";"200070928";"";"";"";"2021-10-06";"37328";""
"80034";"3432";"PLU";"CC";"2012-12-16 23:00:00+00:00";"2007-09-19 22:00:00+00:00";"33";"80";"32";"2021";"NON";"NON";"200070985";"";"";"";"2021-10-06";"31519";""
"80036";"3399";"PLUi/PLUiS";"CC";"2020-03-04 23:00:00+00:00";"2015-12-16 23:00:00+00:00";"39";"80";"32";"2021";"OUI";"NON";"80036";"";"";"";"2021-10-06";"148316";""
"80037";"3399";"PLUi/PLUiS";"CC";"2020-03-10 23:00:00+00:00";"2013-02-06 23:00:00+00:00";"39";"80";"32";"2021";"OUI";"NON";"80037";"";"";"";"2021-10-06";"116369";""
"80038";"3299";"PLUi/PLUiS";"CC";"2018-12-09 23:00:00+00:00";"2013-06-23 22:00:00+00:00";"39";"80";"32";"2021";"NON";"OUI";"80038";"";"";"";"2021-10-06";"126533";""
"80039";"3432";"PLU";"CC";"2017-06-21 22:00:00+00:00";"2007-04-12 22:00:00+00:00";"33";"80";"32";"2021";"NON";"NON";"80039";"";"";"";"2021-10-06";"27099";""
"80042";"3399";"PLUi/PLUiS";"CC";"2017-11-27 23:00:00+00:00";"2012-12-16 23:00:00+00:00";"39";"80";"32";"2021";"OUI";"NON";"80042";"";"";"";"2021-10-06";"116367";""
"80043";"3299";"PLUi/PLUiS";"CC";"2018-12-09 23:00:00+00:00";"2013-06-23 22:00:00+00:00";"39";"80";"32";"2021";"NON";"OUI";"80043";"";"";"";"2021-10-06";"126533";""
"80045";"3299";"PLUi/PLUiS";"CC";"2018-12-09 23:00:00+00:00";"2013-06-23 22:00:00+00:00";"39";"80";"32";"2021";"NON";"OUI";"80045";"";"";"";"2021-10-06";"126533";""
"80047";"3299";"PLUi/PLUiS";"CC";"2018-12-09 23:00:00+00:00";"2013-06-23 22:00:00+00:00";"39";"80";"32";"2021";"NON";"OUI";"80047";"";"";"";"2021-10-06";"126533";""
"80050";"3433";"PLU";"CC";"2013-05-29 22:00:00+00:00";"2009-02-08 23:00:00+00:00";"33";"80";"32";"2021";"NON";"NON";"80050";"";"";"";"2021-10-06";"37496";""
"80051";"1432";"CC";"CA";"2015-07-08 22:00:00+00:00";"2014-06-19 22:00:00+00:00";"13";"80";"32";"2021";"NON";"NON";"200070993";"";"";"";"2021-10-06";"72747";""
"80052";"3399";"PLUi/PLUiS";"CC";"2020-03-04 23:00:00+00:00";"2015-12-16 23:00:00+00:00";"39";"80";"32";"2021";"OUI";"NON";"80052";"";"";"";"2021-10-06";"148316";""
"80056";"3399";"PLUi/PLUiS";"CC";"2017-11-27 23:00:00+00:00";"2013-02-06 23:00:00+00:00";"39";"80";"32";"2021";"OUI";"NON";"80056";"";"";"";"2021-10-06";"126532";""
"80057";"3299";"PLUi/PLUiS";"CC";"2018-12-09 23:00:00+00:00";"2013-06-23 22:00:00+00:00";"39";"80";"32";"2021";"NON";"OUI";"80057";"";"";"";"2021-10-06";"126533";""
"80059";"3299";"PLUi/PLUiS";"CC";"2018-12-09 23:00:00+00:00";"2013-06-23 22:00:00+00:00";"39";"80";"32";"2021";"NON";"OUI";"80059";"";"";"";"2021-10-06";"126533";""
"80060";"3399";"PLUi/PLUiS";"CC";"2017-11-27 23:00:00+00:00";"2012-12-16 23:00:00+00:00";"39";"80";"32";"2021";"OUI";"NON";"80060";"";"";"";"2021-10-06";"116367";""
"80062";"3433";"PLU";"CC";"2006-05-09 22:00:00+00:00";"2000-09-25 22:00:00+00:00";"33";"80";"32";"2021";"NON";"NON";"80062";"";"";"";"2021-10-06";"7805";""
"80063";"3432";"PLU";"CC";"2014-11-02 23:00:00+00:00";"2008-04-20 22:00:00+00:00";"33";"80";"32";"2021";"NON";"NON";"80063";"";"";"";"2021-10-06";"34825";""
"80064";"3433";"PLU";"CC";"2016-09-28 22:00:00+00:00";"2006-03-30 22:00:00+00:00";"33";"80";"32";"2021";"NON";"NON";"80064";"";"";"";"2021-10-06";"20042";""
"80065";"3299";"PLUi/PLUiS";"CC";"2018-12-09 23:00:00+00:00";"2013-06-23 22:00:00+00:00";"39";"80";"32";"2021";"NON";"OUI";"80065";"";"";"";"2021-10-06";"126533";""
"80066";"3399";"PLUi/PLUiS";"CC";"2017-11-27 23:00:00+00:00";"2013-02-06 23:00:00+00:00";"39";"80";"32";"2021";"OUI";"NON";"80066";"";"";"";"2021-10-06";"126532";""
"80068";"3399";"PLUi/PLUiS";"CC";"2017-11-27 23:00:00+00:00";"2012-12-16 23:00:00+00:00";"39";"80";"32";"2021";"OUI";"NON";"80068";"";"";"";"2021-10-06";"116367";""
"80069";"3299";"PLUi/PLUiS";"CC";"2018-12-09 23:00:00+00:00";"2013-06-23 22:00:00+00:00";"39";"80";"32";"2021";"NON";"OUI";"80069";"";"";"";"2021-10-06";"126533";""
"80070";"1433";"CC";"CC";"2008-03-16 23:00:00+00:00";"2003-03-06 23:00:00+00:00";"13";"80";"32";"2021";"NON";"NON";"80070";"";"";"";"2021-10-06";"7807";""
"80071";"3433";"PLU";"CC";"2004-09-30 22:00:00+00:00";"2002-09-12 22:00:00+00:00";"33";"80";"32";"2021";"NON";"NON";"80071";"";"";"";"2021-10-06";"7598";""
"80073";"3299";"PLUi/PLUiS";"CC";"2018-12-09 23:00:00+00:00";"2013-06-23 22:00:00+00:00";"39";"80";"32";"2021";"NON";"OUI";"80073";"";"";"";"2021-10-06";"126533";""
"80077";"3399";"PLUi/PLUiS";"CC";"2017-11-27 23:00:00+00:00";"2013-02-06 23:00:00+00:00";"39";"80";"32";"2021";"OUI";"NON";"80077";"";"";"";"2021-10-06";"126532";""
"80078";"3432";"PLU";"CA";"2010-12-19 23:00:00+00:00";"2006-06-01 22:00:00+00:00";"33";"80";"32";"2021";"NON";"NON";"200070993";"";"";"";"2021-10-06";"18143";""
"80079";"3433";"PLU";"CC";"2014-10-28 23:00:00+00:00";"2013-12-14 23:00:00+00:00";"33";"80";"32";"2021";"NON";"NON";"80079";"";"";"";"2021-10-06";"37327";""
"80080";"1432";"CC";"CC";"2014-08-10 22:00:00+00:00";"2008-11-26 23:00:00+00:00";"13";"80";"32";"2021";"NON";"NON";"200070928";"";"";"";"2021-10-06";"40608";""
"80082";"3399";"PLUi/PLUiS";"CC";"2020-02-24 23:00:00+00:00";"2013-11-17 23:00:00+00:00";"39";"80";"32";"2021";"OUI";"NON";"80082";"";"";"";"2021-10-06";"126534";""
"80085";"3399";"PLUi/PLUiS";"CC";"2017-11-27 23:00:00+00:00";"2012-12-16 23:00:00+00:00";"39";"80";"32";"2021";"OUI";"NON";"80085";"";"";"";"2021-10-06";"116367";""
"80086";"3399";"PLUi/PLUiS";"CC";"2017-11-27 23:00:00+00:00";"2012-12-16 23:00:00+00:00";"39";"80";"32";"2021";"OUI";"NON";"80086";"";"";"";"2021-10-06";"116367";""
"80087";"1499";"CC";"CC";"2011-05-29 22:00:00+00:00";"2009-01-08 23:00:00+00:00";"19";"80";"32";"2021";"NON";"NON";"200070936";"";"";"";"2021-10-06";"37464";""
"80089";"3399";"PLUi/PLUiS";"CC";"2017-11-27 23:00:00+00:00";"2012-12-16 23:00:00+00:00";"39";"80";"32";"2021";"OUI";"NON";"80089";"";"";"";"2021-10-06";"116367";""
"80092";"3199";"PLU";"COM";"2008-06-29 22:00:00+00:00";"2003-03-06 23:00:00+00:00";"39";"80";"32";"2021";"NON";"NON";"80092";"";"";"";"2021-10-06";"7600";""
"80093";"3399";"PLUi/PLUiS";"CC";"2020-02-24 23:00:00+00:00";"2014-06-22 22:00:00+00:00";"39";"80";"32";"2021";"OUI";"NON";"80093";"";"";"";"2021-10-06";"135961";""
"80094";"3433";"PLU";"CC";"2014-02-27 23:00:00+00:00";"2011-02-24 23:00:00+00:00";"33";"80";"32";"2021";"NON";"NON";"80094";"";"";"";"2021-10-06";"72754";""
"80095";"3299";"PLUi/PLUiS";"CC";"2018-12-09 23:00:00+00:00";"2013-06-23 22:00:00+00:00";"39";"80";"32";"2021";"NON";"OUI";"80095";"";"";"";"2021-10-06";"126533";""
"80096";"3399";"PLUi/PLUiS";"CC";"2020-01-28 23:00:00+00:00";"2015-08-03 22:00:00+00:00";"39";"80";"32";"2021";"OUI";"NON";"200070944";"";"";"";"2021-10-06";"141500";""
"80097";"1432";"CC";"CC";"2013-03-07 23:00:00+00:00";"2009-02-02 23:00:00+00:00";"13";"80";"32";"2021";"NON";"NON";"200070985";"";"";"";"2021-10-06";"33505";""
"80100";"3399";"PLUi/PLUiS";"CC";"2020-02-24 23:00:00+00:00";"2014-06-22 22:00:00+00:00";"39";"80";"32";"2021";"OUI";"NON";"80100";"";"";"";"2021-10-06";"135961";""
"80107";"1199";"CC";"COM";"2020-10-06 22:00:00+00:00";"2018-06-28 22:00:00+00:00";"19";"80";"32";"2021";"NON";"NON";"80107";"";"";"";"2021-10-06";"159916";""
"80108";"3399";"PLUi/PLUiS";"CC";"2017-11-27 23:00:00+00:00";"2012-12-16 23:00:00+00:00";"39";"80";"32";"2021";"OUI";"NON";"80108";"";"";"";"2021-10-06";"116367";""
"80109";"1499";"CC";"CC";"2015-03-07 23:00:00+00:00";"2010-10-07 22:00:00+00:00";"19";"80";"32";"2021";"NON";"NON";"200070936";"";"";"";"2021-10-06";"46100";""
"80110";"3432";"PLU";"CA";"2010-09-30 22:00:00+00:00";"2004-09-15 22:00:00+00:00";"33";"80";"32";"2021";"NON";"NON";"200070993";"";"";"";"2021-10-06";"7820";""
"80112";"3399";"PLUi/PLUiS";"CC";"2020-03-04 23:00:00+00:00";"2015-12-16 23:00:00+00:00";"39";"80";"32";"2021";"OUI";"NON";"80112";"";"";"";"2021-10-06";"148316";""
"80113";"3399";"PLUi/PLUiS";"CC";"2017-11-27 23:00:00+00:00";"2012-12-16 23:00:00+00:00";"39";"80";"32";"2021";"OUI";"NON";"80113";"";"";"";"2021-10-06";"116367";""
"80114";"3433";"PLU";"CC";"2011-12-22 23:00:00+00:00";"2004-12-15 23:00:00+00:00";"33";"80";"32";"2021";"NON";"NON";"80114";"";"";"";"2021-10-06";"7822";""
"80117";"3399";"PLUi/PLUiS";"CC";"2020-02-24 23:00:00+00:00";"2014-06-22 22:00:00+00:00";"39";"80";"32";"2021";"OUI";"NON";"80117";"";"";"";"2021-10-06";"135961";""
"80119";"1433";"CC";"CC";"2015-05-19 22:00:00+00:00";"2011-06-27 22:00:00+00:00";"13";"80";"32";"2021";"NON";"NON";"80119";"";"";"";"2021-10-06";"98821";""
"80120";"1433";"CC";"CC";"2008-05-11 22:00:00+00:00";"2005-07-06 22:00:00+00:00";"13";"80";"32";"2021";"NON";"NON";"200069722";"";"";"";"2021-10-06";"26527";""
"80123";"3399";"PLUi/PLUiS";"CC";"2020-02-24 23:00:00+00:00";"2013-11-17 23:00:00+00:00";"39";"80";"32";"2021";"OUI";"NON";"80123";"";"";"";"2021-10-06";"126534";""
"80124";"3399";"PLUi/PLUiS";"CC";"2020-01-28 23:00:00+00:00";"2015-08-03 22:00:00+00:00";"39";"80";"32";"2021";"OUI";"NON";"200070944";"";"";"";"2021-10-06";"141500";""
"80129";"3299";"PLUi/PLUiS";"CC";"2018-12-09 23:00:00+00:00";"2013-06-23 22:00:00+00:00";"39";"80";"32";"2021";"NON";"OUI";"80129";"";"";"";"2021-10-06";"126533";""
"80131";"3199";"PLU";"COM";"2020-01-28 23:00:00+00:00";"2017-03-14 23:00:00+00:00";"39";"80";"32";"2021";"NON";"NON";"80131";"";"";"";"2021-10-06";"155529";""
"80133";"1499";"CC";"CC";"2020-02-24 23:00:00+00:00";"2011-04-06 22:00:00+00:00";"19";"80";"32";"2021";"NON";"NON";"200070936";"";"";"";"2021-10-06";"71583";""
"80135";"3432";"PLU";"CA";"2008-02-14 23:00:00+00:00";"2003-12-04 23:00:00+00:00";"33";"80";"32";"2021";"NON";"NON";"200070993";"";"";"";"2021-10-06";"7837";""
"80136";"3299";"PLUi/PLUiS";"CC";"2018-12-09 23:00:00+00:00";"2013-06-23 22:00:00+00:00";"39";"80";"32";"2021";"NON";"OUI";"80136";"";"";"";"2021-10-06";"126533";""
"80137";"3399";"PLUi/PLUiS";"CC";"2020-02-24 23:00:00+00:00";"2013-11-17 23:00:00+00:00";"39";"80";"32";"2021";"OUI";"NON";"80137";"";"";"";"2021-10-06";"126534";""
"80138";"3399";"PLUi/PLUiS";"CC";"2020-03-04 23:00:00+00:00";"2015-12-16 23:00:00+00:00";"39";"80";"32";"2021";"OUI";"NON";"80138";"";"";"";"2021-10-06";"148316";""
"80141";"1432";"CC";"CC";"2008-03-05 23:00:00+00:00";"2005-01-25 23:00:00+00:00";"13";"80";"32";"2021";"NON";"NON";"200037059";"";"";"";"2021-10-06";"7842";""
"80142";"1433";"CC";"CC";"2008-06-26 22:00:00+00:00";"2006-11-21 23:00:00+00:00";"13";"80";"32";"2021";"NON";"NON";"80142";"";"";"";"2021-10-06";"30665";""
"80144";"3332";"PLUi/PLUiS";"CC";"2007-06-27 22:00:00+00:00";"2003-06-18 22:00:00+00:00";"33";"80";"32";"2021";"OUI";"NON";"200070985";"";"";"";"2021-10-06";"48378";""
"80148";"1432";"CC";"CC";"2007-12-10 23:00:00+00:00";"2005-05-19 22:00:00+00:00";"13";"80";"32";"2021";"NON";"NON";"80148";"";"";"";"2021-10-06";"7851";""
"80149";"3499";"PLU";"CC";"2014-03-13 23:00:00+00:00";"2008-03-31 22:00:00+00:00";"39";"80";"32";"2021";"NON";"NON";"200070936";"";"";"";"2021-10-06";"35719";""
"80151";"3299";"PLUi/PLUiS";"CC";"2018-12-09 23:00:00+00:00";"2013-06-23 22:00:00+00:00";"39";"80";"32";"2021";"NON";"OUI";"80151";"";"";"";"2021-10-06";"126533";""
"80153";"3299";"PLUi/PLUiS";"CC";"2018-12-09 23:00:00+00:00";"2013-06-23 22:00:00+00:00";"39";"80";"32";"2021";"NON";"OUI";"80153";"";"";"";"2021-10-06";"126533";""
"80156";"3399";"PLUi/PLUiS";"CC";"2020-03-04 23:00:00+00:00";"2015-12-16 23:00:00+00:00";"39";"80";"32";"2021";"OUI";"NON";"80156";"";"";"";"2021-10-06";"148316";""
"80157";"1433";"CC";"CC";"2012-01-27 23:00:00+00:00";"2008-06-05 22:00:00+00:00";"13";"80";"32";"2021";"NON";"NON";"80157";"";"";"";"2021-10-06";"37400";""
"80159";"3399";"PLUi/PLUiS";"CC";"2020-03-04 23:00:00+00:00";"2015-12-16 23:00:00+00:00";"39";"80";"32";"2021";"OUI";"NON";"80159";"";"";"";"2021-10-06";"148316";""
"80161";"1499";"CC";"CC";"2013-12-20 23:00:00+00:00";"2009-12-07 23:00:00+00:00";"19";"80";"32";"2021";"NON";"NON";"200070944";"";"";"";"2021-10-06";"40535";""
"80164";"3199";"PLU";"COM";"2012-09-30 22:00:00+00:00";"2010-01-24 23:00:00+00:00";"39";"80";"32";"2021";"NON";"NON";"80164";"";"";"";"2021-10-06";"40763";""
"80166";"3399";"PLUi/PLUiS";"CC";"2020-02-24 23:00:00+00:00";"2014-06-22 22:00:00+00:00";"39";"80";"32";"2021";"OUI";"NON";"80166";"";"";"";"2021-10-06";"135961";""
"80167";"1499";"CC";"CC";"2006-02-09 23:00:00+00:00";"2002-02-18 23:00:00+00:00";"19";"80";"32";"2021";"NON";"NON";"200070936";"";"";"";"2021-10-06";"7871";""
"80168";"3399";"PLUi/PLUiS";"CC";"2017-11-27 23:00:00+00:00";"2012-12-16 23:00:00+00:00";"39";"80";"32";"2021";"OUI";"NON";"80168";"";"";"";"2021-10-06";"116367";""
"80171";"3432";"PLU";"CA";"2010-08-23 22:00:00+00:00";"2005-11-23 23:00:00+00:00";"33";"80";"32";"2021";"NON";"NON";"200070993";"";"";"";"2021-10-06";"26528";""
"80172";"3299";"PLUi/PLUiS";"CC";"2018-12-09 23:00:00+00:00";"2013-06-23 22:00:00+00:00";"39";"80";"32";"2021";"NON";"OUI";"80172";"";"";"";"2021-10-06";"126533";""
"80173";"3199";"PLU";"COM";"2017-11-27 23:00:00+00:00";"2013-02-21 23:00:00+00:00";"39";"80";"32";"2021";"NON";"NON";"80173";"";"";"";"2021-10-06";"165956";""
"80176";"3432";"PLU";"CC";"2013-06-13 22:00:00+00:00";"2008-12-04 23:00:00+00:00";"33";"80";"32";"2021";"NON";"NON";"80176";"";"";"";"2021-10-06";"36671";""
"80177";"3432";"PLU";"CC";"2013-03-07 23:00:00+00:00";"2008-09-18 22:00:00+00:00";"33";"80";"32";"2021";"NON";"NON";"200037059";"";"";"";"2021-10-06";"35717";""
"80180";"3399";"PLUi/PLUiS";"CC";"2020-02-24 23:00:00+00:00";"2013-11-17 23:00:00+00:00";"39";"80";"32";"2021";"OUI";"NON";"80180";"";"";"";"2021-10-06";"126534";""
"80184";"3399";"PLUi/PLUiS";"CC";"2020-03-04 23:00:00+00:00";"2015-12-16 23:00:00+00:00";"39";"80";"32";"2021";"OUI";"NON";"80184";"";"";"";"2021-10-06";"148316";""
"80186";"3432";"PLU";"CC";"2004-01-04 23:00:00+00:00";"2000-03-02 23:00:00+00:00";"33";"80";"32";"2021";"NON";"NON";"200070928";"";"";"";"2021-10-06";"7881";""
"80187";"3399";"PLUi/PLUiS";"CC";"2020-02-24 23:00:00+00:00";"2013-11-17 23:00:00+00:00";"39";"80";"32";"2021";"OUI";"NON";"80187";"";"";"";"2021-10-06";"126534";""
"80188";"3399";"PLUi/PLUiS";"CC";"2020-03-10 23:00:00+00:00";"2013-02-06 23:00:00+00:00";"39";"80";"32";"2021";"OUI";"NON";"80188";"";"";"";"2021-10-06";"116369";""
"80190";"3399";"PLUi/PLUiS";"CC";"2020-01-28 23:00:00+00:00";"2015-08-03 22:00:00+00:00";"39";"80";"32";"2021";"OUI";"NON";"200070944";"";"";"";"2021-10-06";"141500";""
"80192";"3399";"PLUi/PLUiS";"CC";"2020-03-04 23:00:00+00:00";"2015-12-16 23:00:00+00:00";"39";"80";"32";"2021";"OUI";"NON";"80192";"";"";"";"2021-10-06";"148316";""
"80193";"3399";"PLUi/PLUiS";"CC";"2020-03-10 23:00:00+00:00";"2013-02-06 23:00:00+00:00";"39";"80";"32";"2021";"OUI";"NON";"80193";"";"";"";"2021-10-06";"116369";""
"80195";"3299";"PLUi/PLUiS";"CC";"2018-12-09 23:00:00+00:00";"2013-06-23 22:00:00+00:00";"39";"80";"32";"2021";"NON";"OUI";"80195";"";"";"";"2021-10-06";"126533";""
"80199";"3432";"PLU";"CC";"2015-02-02 23:00:00+00:00";"2011-12-19 23:00:00+00:00";"33";"80";"32";"2021";"NON";"NON";"200037059";"";"";"";"2021-10-06";"121151";""
"80201";"3299";"PLUi/PLUiS";"CC";"2018-12-09 23:00:00+00:00";"2013-06-23 22:00:00+00:00";"39";"80";"32";"2021";"NON";"OUI";"80201";"";"";"";"2021-10-06";"126533";""
"80202";"3399";"PLUi/PLUiS";"CC";"2017-11-27 23:00:00+00:00";"2013-02-06 23:00:00+00:00";"39";"80";"32";"2021";"OUI";"NON";"80202";"";"";"";"2021-10-06";"126532";""
"80203";"3299";"PLUi/PLUiS";"CC";"2018-12-09 23:00:00+00:00";"2013-06-23 22:00:00+00:00";"39";"80";"32";"2021";"NON";"OUI";"80203";"";"";"";"2021-10-06";"126533";""
"80206";"3299";"PLUi/PLUiS";"CC";"2018-12-09 23:00:00+00:00";"2013-06-23 22:00:00+00:00";"39";"80";"32";"2021";"NON";"OUI";"80206";"";"";"";"2021-10-06";"126533";""
"80207";"3399";"PLUi/PLUiS";"CC";"2017-11-27 23:00:00+00:00";"2013-02-06 23:00:00+00:00";"39";"80";"32";"2021";"OUI";"NON";"80207";"";"";"";"2021-10-06";"126532";""
"80208";"3399";"PLUi/PLUiS";"CC";"2017-11-27 23:00:00+00:00";"2012-12-16 23:00:00+00:00";"39";"80";"32";"2021";"OUI";"NON";"80208";"";"";"";"2021-10-06";"116367";""
"80211";"3433";"PLU";"CC";"2008-02-07 23:00:00+00:00";"1998-07-05 22:00:00+00:00";"33";"80";"32";"2021";"NON";"NON";"80211";"";"";"";"2021-10-06";"7911";""
"80212";"3399";"PLUi/PLUiS";"CC";"2020-03-04 23:00:00+00:00";"2015-12-16 23:00:00+00:00";"39";"80";"32";"2021";"OUI";"NON";"80212";"";"";"";"2021-10-06";"148316";""
"80213";"3399";"PLUi/PLUiS";"CC";"2020-03-10 23:00:00+00:00";"2013-02-06 23:00:00+00:00";"39";"80";"32";"2021";"OUI";"NON";"80213";"";"";"";"2021-10-06";"116369";""
"80214";"3399";"PLUi/PLUiS";"CC";"2020-03-10 23:00:00+00:00";"2013-02-06 23:00:00+00:00";"39";"80";"32";"2021";"OUI";"NON";"80214";"";"";"";"2021-10-06";"116369";""
"80216";"3299";"PLUi/PLUiS";"CC";"2018-12-09 23:00:00+00:00";"2013-06-23 22:00:00+00:00";"39";"80";"32";"2021";"NON";"OUI";"80216";"";"";"";"2021-10-06";"126533";""
"80217";"3299";"PLUi/PLUiS";"CC";"2018-12-09 23:00:00+00:00";"2013-06-23 22:00:00+00:00";"39";"80";"32";"2021";"NON";"OUI";"80217";"";"";"";"2021-10-06";"126533";""
"80218";"1433";"CC";"CC";"2009-07-01 22:00:00+00:00";"2006-05-02 22:00:00+00:00";"13";"80";"32";"2021";"NON";"NON";"80218";"";"";"";"2021-10-06";"34444";""
"80222";"3499";"PLU";"CC";"2013-06-09 22:00:00+00:00";"2008-06-10 22:00:00+00:00";"39";"80";"32";"2021";"NON";"NON";"200070936";"";"";"";"2021-10-06";"35391";""
"80227";"3433";"PLU";"CC";"2007-11-26 23:00:00+00:00";"2003-11-18 23:00:00+00:00";"33";"80";"32";"2021";"NON";"NON";"80227";"";"";"";"2021-10-06";"30000";""
"80228";"3434";"PLU";"CC";"2015-12-07 23:00:00+00:00";"2008-01-24 23:00:00+00:00";"33";"80";"32";"2021";"NON";"NON";"200070936";"";"";"";"2021-10-06";"34292";""
"80229";"3399";"PLUi/PLUiS";"CC";"2020-02-24 23:00:00+00:00";"2013-11-17 23:00:00+00:00";"39";"80";"32";"2021";"OUI";"NON";"80229";"";"";"";"2021-10-06";"126534";""
"80230";"1432";"CC";"CC";"2011-11-22 23:00:00+00:00";"2009-03-19 23:00:00+00:00";"13";"80";"32";"2021";"NON";"NON";"200070985";"";"";"";"2021-10-06";"37856";""
"80231";"3299";"PLUi/PLUiS";"CC";"2018-12-09 23:00:00+00:00";"2013-06-23 22:00:00+00:00";"39";"80";"32";"2021";"NON";"OUI";"80231";"";"";"";"2021-10-06";"126533";""
"80234";"3399";"PLUi/PLUiS";"CC";"2020-03-04 23:00:00+00:00";"2015-12-16 23:00:00+00:00";"39";"80";"32";"2021";"OUI";"NON";"80234";"";"";"";"2021-10-06";"148316";""
"80235";"3432";"PLU";"CC";"2019-09-24 22:00:00+00:00";"2011-09-22 22:00:00+00:00";"33";"80";"32";"2021";"NON";"NON";"80235";"";"";"";"2021-10-06";"42019";""
"80236";"1432";"CC";"CC";"2018-10-25 22:00:00+00:00";"2017-06-14 22:00:00+00:00";"13";"80";"32";"2021";"NON";"NON";"80236";"";"";"";"2021-10-06";"157029";""
"80237";"3433";"PLU";"CC";"2009-06-02 22:00:00+00:00";"2005-10-28 22:00:00+00:00";"33";"80";"32";"2021";"NON";"NON";"80237";"";"";"";"2021-10-06";"23811";""
"80238";"3299";"PLUi/PLUiS";"CC";"2018-12-09 23:00:00+00:00";"2013-06-23 22:00:00+00:00";"39";"80";"32";"2021";"NON";"OUI";"80238";"";"";"";"2021-10-06";"126533";""
"80240";"3432";"PLU";"CC";"2004-07-01 22:00:00+00:00";"1990-11-08 23:00:00+00:00";"33";"80";"32";"2021";"NON";"NON";"200037059";"";"";"";"2021-10-06";"8049";""
"80241";"3399";"PLUi/PLUiS";"CC";"2020-02-24 23:00:00+00:00";"2014-06-22 22:00:00+00:00";"39";"80";"32";"2021";"OUI";"NON";"80241";"";"";"";"2021-10-06";"135961";""
"80242";"3433";"PLU";"CC";"2015-09-29 22:00:00+00:00";"2010-09-13 22:00:00+00:00";"33";"80";"32";"2021";"NON";"NON";"80242";"";"";"";"2021-10-06";"147767";""
"80243";"3399";"PLUi/PLUiS";"CC";"2017-11-27 23:00:00+00:00";"2012-12-16 23:00:00+00:00";"39";"80";"32";"2021";"OUI";"NON";"80243";"";"";"";"2021-10-06";"116367";""
"80245";"3399";"PLUi/PLUiS";"CC";"2017-11-27 23:00:00+00:00";"2012-12-16 23:00:00+00:00";"39";"80";"32";"2021";"OUI";"NON";"80245";"";"";"";"2021-10-06";"116367";""
"80246";"3399";"PLUi/PLUiS";"CC";"2020-03-10 23:00:00+00:00";"2013-02-06 23:00:00+00:00";"39";"80";"32";"2021";"OUI";"NON";"80246";"";"";"";"2021-10-06";"116369";""
"80247";"3432";"PLU";"CC";"2013-06-13 22:00:00+00:00";"2008-02-21 23:00:00+00:00";"33";"80";"32";"2021";"NON";"NON";"200070928";"";"";"";"2021-10-06";"34424";""
"80248";"1499";"CC";"CC";"2020-02-24 23:00:00+00:00";"2010-11-15 23:00:00+00:00";"19";"80";"32";"2021";"NON";"NON";"200070936";"";"";"";"2021-10-06";"98867";""
"80256";"3131";"PLU";"COM";"2005-06-23 22:00:00+00:00";"1998-11-23 23:00:00+00:00";"33";"80";"32";"2021";"NON";"NON";"80256";"";"";"";"2021-10-06";"8067";""
"80261";"3199";"PLU";"COM";"2020-11-29 23:00:00+00:00";"2016-02-25 23:00:00+00:00";"39";"80";"32";"2021";"NON";"NON";"80261";"";"";"";"2021-10-06";"147840";""
"80262";"3432";"PLU";"CA";"2018-09-26 22:00:00+00:00";"2009-03-12 23:00:00+00:00";"33";"80";"32";"2021";"NON";"NON";"200070993";"";"";"";"2021-10-06";"40545";""
"80264";"3299";"PLUi/PLUiS";"CC";"2018-12-09 23:00:00+00:00";"2013-06-23 22:00:00+00:00";"39";"80";"32";"2021";"NON";"OUI";"80264";"";"";"";"2021-10-06";"126533";""
"80265";"3432";"PLU";"CC";"2007-07-04 22:00:00+00:00";"2003-05-13 22:00:00+00:00";"33";"80";"32";"2021";"NON";"NON";"80265";"";"";"";"2021-10-06";"8127";""
"80266";"3299";"PLUi/PLUiS";"CC";"2018-12-09 23:00:00+00:00";"2013-06-23 22:00:00+00:00";"39";"80";"32";"2021";"NON";"OUI";"80266";"";"";"";"2021-10-06";"126533";""
"80267";"1432";"CC";"CC";"2014-02-23 23:00:00+00:00";"2011-01-25 23:00:00+00:00";"13";"80";"32";"2021";"NON";"NON";"200070985";"";"";"";"2021-10-06";"99502";""
"80268";"3432";"PLU";"CA";"2007-06-28 22:00:00+00:00";"2003-09-25 22:00:00+00:00";"33";"80";"32";"2021";"NON";"NON";"200070993";"";"";"";"2021-10-06";"8131";""
"80270";"3399";"PLUi/PLUiS";"CC";"2017-11-27 23:00:00+00:00";"2012-12-16 23:00:00+00:00";"39";"80";"32";"2021";"OUI";"NON";"80270";"";"";"";"2021-10-06";"116367";""
"80272";"1432";"CC";"CC";"2011-04-13 22:00:00+00:00";"2009-03-10 23:00:00+00:00";"13";"80";"32";"2021";"NON";"NON";"200070985";"";"";"";"2021-10-06";"37768";""
"80274";"3332";"PLUi/PLUiS";"CC";"2007-06-27 22:00:00+00:00";"2003-06-18 22:00:00+00:00";"33";"80";"32";"2021";"OUI";"NON";"200070985";"";"";"";"2021-10-06";"48378";""
"80282";"1432";"CC";"CA";"2005-01-07 23:00:00+00:00";"2001-10-25 22:00:00+00:00";"13";"80";"32";"2021";"NON";"NON";"200070993";"";"";"";"2021-10-06";"68586";""
"80283";"3399";"PLUi/PLUiS";"CC";"2020-03-10 23:00:00+00:00";"2013-02-06 23:00:00+00:00";"39";"80";"32";"2021";"OUI";"NON";"80283";"";"";"";"2021-10-06";"116369";""
"80284";"3432";"PLU";"CC";"2012-12-16 23:00:00+00:00";"2007-09-19 22:00:00+00:00";"33";"80";"32";"2021";"NON";"NON";"200070985";"";"";"";"2021-10-06";"31520";""
"80285";"3433";"PLU";"CC";"2010-12-08 23:00:00+00:00";"2004-07-01 22:00:00+00:00";"33";"80";"32";"2021";"NON";"NON";"80285";"";"";"";"2021-10-06";"8140";""
"80288";"3432";"PLU";"CC";"2005-05-30 22:00:00+00:00";"2002-01-03 23:00:00+00:00";"33";"80";"32";"2021";"NON";"NON";"200070928";"";"";"";"2021-10-06";"8142";""
"80290";"1499";"CC";"CC";"2016-06-06 22:00:00+00:00";"2011-07-14 22:00:00+00:00";"19";"80";"32";"2021";"NON";"NON";"200070936";"";"";"";"2021-10-06";"73013";""
"80291";"1199";"CC";"COM";"2007-09-03 22:00:00+00:00";"2002-02-07 23:00:00+00:00";"19";"80";"32";"2021";"NON";"NON";"80291";"";"";"";"2021-10-06";"8143";""
"80295";"3299";"PLUi/PLUiS";"CC";"2018-12-09 23:00:00+00:00";"2013-06-23 22:00:00+00:00";"39";"80";"32";"2021";"NON";"OUI";"80295";"";"";"";"2021-10-06";"126533";""
"80296";"3399";"PLUi/PLUiS";"CC";"2020-02-24 23:00:00+00:00";"2014-06-22 22:00:00+00:00";"39";"80";"32";"2021";"OUI";"NON";"80296";"";"";"";"2021-10-06";"135961";""
"80299";"3399";"PLUi/PLUiS";"CC";"2020-03-10 23:00:00+00:00";"2013-02-06 23:00:00+00:00";"39";"80";"32";"2021";"OUI";"NON";"80299";"";"";"";"2021-10-06";"116369";""
"80300";"1432";"CC";"CC";"2008-06-05 22:00:00+00:00";"2006-01-31 23:00:00+00:00";"13";"80";"32";"2021";"NON";"NON";"200070985";"";"";"";"2021-10-06";"12171";""
"80303";"3499";"PLU";"CC";"2007-11-15 23:00:00+00:00";"2003-05-22 22:00:00+00:00";"39";"80";"32";"2021";"NON";"NON";"200070936";"";"";"";"2021-10-06";"8147";""
"80308";"3399";"PLUi/PLUiS";"CC";"2020-01-28 23:00:00+00:00";"2015-08-03 22:00:00+00:00";"39";"80";"32";"2021";"OUI";"NON";"200070944";"";"";"";"2021-10-06";"141500";""
"80310";"3399";"PLUi/PLUiS";"CC";"2017-11-27 23:00:00+00:00";"2012-12-16 23:00:00+00:00";"39";"80";"32";"2021";"OUI";"NON";"80310";"";"";"";"2021-10-06";"116367";""
"80315";"3399";"PLUi/PLUiS";"CC";"2020-03-10 23:00:00+00:00";"2013-02-06 23:00:00+00:00";"39";"80";"32";"2021";"OUI";"NON";"80315";"";"";"";"2021-10-06";"116369";""
"80316";"3399";"PLUi/PLUiS";"CC";"2017-11-27 23:00:00+00:00";"2013-02-06 23:00:00+00:00";"39";"80";"32";"2021";"OUI";"NON";"80316";"";"";"";"2021-10-06";"126532";""
"80318";"3399";"PLUi/PLUiS";"CC";"2020-02-24 23:00:00+00:00";"2014-06-22 22:00:00+00:00";"39";"80";"32";"2021";"OUI";"NON";"80318";"";"";"";"2021-10-06";"135961";""
"80319";"1433";"CC";"CC";"2009-11-29 23:00:00+00:00";"2007-04-12 22:00:00+00:00";"13";"80";"32";"2021";"NON";"NON";"80319";"";"";"";"2021-10-06";"33509";""
"80321";"3399";"PLUi/PLUiS";"CC";"2020-03-10 23:00:00+00:00";"2013-02-06 23:00:00+00:00";"39";"80";"32";"2021";"OUI";"NON";"80321";"";"";"";"2021-10-06";"116369";""
"80327";"1499";"CC";"CC";"2018-01-21 23:00:00+00:00";"2011-03-28 22:00:00+00:00";"19";"80";"32";"2021";"NON";"NON";"200070936";"";"";"";"2021-10-06";"73015";""
"80328";"1432";"CC";"CA";"2008-10-01 22:00:00+00:00";"2005-04-11 22:00:00+00:00";"13";"80";"32";"2021";"NON";"NON";"200070993";"";"";"";"2021-10-06";"23814";""
"80329";"3299";"PLUi/PLUiS";"CC";"2018-12-09 23:00:00+00:00";"2013-06-23 22:00:00+00:00";"39";"80";"32";"2021";"NON";"OUI";"80329";"";"";"";"2021-10-06";"126533";""
"80331";"1499";"CC";"CC";"2010-02-07 23:00:00+00:00";"2007-03-25 22:00:00+00:00";"19";"80";"32";"2021";"NON";"NON";"200070936";"";"";"";"2021-10-06";"36224";""
"80333";"3499";"PLU";"CC";"2016-12-28 23:00:00+00:00";"2004-02-08 23:00:00+00:00";"39";"80";"32";"2021";"NON";"NON";"200070936";"";"";"";"2021-10-06";"8167";""
"80337";"3399";"PLUi/PLUiS";"CC";"2020-03-10 23:00:00+00:00";"2013-02-06 23:00:00+00:00";"39";"80";"32";"2021";"OUI";"NON";"80337";"";"";"";"2021-10-06";"116369";""
"80338";"3399";"PLUi/PLUiS";"CC";"2020-03-04 23:00:00+00:00";"2015-12-16 23:00:00+00:00";"39";"80";"32";"2021";"OUI";"NON";"80338";"";"";"";"2021-10-06";"148316";""
"80341";"3399";"PLUi/PLUiS";"CC";"2020-02-24 23:00:00+00:00";"2013-11-17 23:00:00+00:00";"39";"80";"32";"2021";"OUI";"NON";"80341";"";"";"";"2021-10-06";"126534";""
"80342";"1432";"CC";"CC";"2011-09-28 22:00:00+00:00";"2009-01-14 23:00:00+00:00";"13";"80";"32";"2021";"NON";"NON";"200070928";"";"";"";"2021-10-06";"38515";""
"80345";"3432";"PLU";"CA";"2005-02-10 23:00:00+00:00";"2002-05-16 22:00:00+00:00";"33";"80";"32";"2021";"NON";"NON";"200070993";"";"";"";"2021-10-06";"8498";""
"80346";"3399";"PLUi/PLUiS";"CC";"2020-02-24 23:00:00+00:00";"2014-06-22 22:00:00+00:00";"39";"80";"32";"2021";"OUI";"NON";"80346";"";"";"";"2021-10-06";"135961";""
"80348";"3399";"PLUi/PLUiS";"CC";"2020-02-24 23:00:00+00:00";"2014-06-22 22:00:00+00:00";"39";"80";"32";"2021";"OUI";"NON";"80348";"";"";"";"2021-10-06";"135961";""
"80349";"3399";"PLUi/PLUiS";"CC";"2020-03-10 23:00:00+00:00";"2013-02-06 23:00:00+00:00";"39";"80";"32";"2021";"OUI";"NON";"80349";"";"";"";"2021-10-06";"116369";""
"80350";"3399";"PLUi/PLUiS";"CC";"2020-03-04 23:00:00+00:00";"2015-12-16 23:00:00+00:00";"39";"80";"32";"2021";"OUI";"NON";"80350";"";"";"";"2021-10-06";"148316";""
"80351";"3399";"PLUi/PLUiS";"CC";"2017-11-27 23:00:00+00:00";"2013-02-06 23:00:00+00:00";"39";"80";"32";"2021";"OUI";"NON";"80351";"";"";"";"2021-10-06";"126532";""
"80354";"1433";"CC";"CC";"2005-06-20 22:00:00+00:00";"2003-03-06 23:00:00+00:00";"13";"80";"32";"2021";"NON";"NON";"80354";"";"";"";"2021-10-06";"8499";""
"80357";"1433";"CC";"CC";"2008-07-24 22:00:00+00:00";"2006-03-22 23:00:00+00:00";"13";"80";"32";"2021";"NON";"NON";"80357";"";"";"";"2021-10-06";"23815";""
"80360";"3399";"PLUi/PLUiS";"CC";"2020-01-28 23:00:00+00:00";"2015-08-03 22:00:00+00:00";"39";"80";"32";"2021";"OUI";"NON";"200070944";"";"";"";"2021-10-06";"141500";""
"80362";"3433";"PLU";"CC";"2016-03-06 23:00:00+00:00";"2007-10-29 23:00:00+00:00";"33";"80";"32";"2021";"NON";"NON";"200069722";"";"";"";"2021-10-06";"35718";""
"80364";"3432";"PLU";"CC";"2009-02-12 23:00:00+00:00";"2005-06-25 22:00:00+00:00";"33";"80";"32";"2021";"NON";"NON";"80364";"";"";"";"2021-10-06";"8514";""
"80365";"1433";"CC";"CC";"2012-07-09 22:00:00+00:00";"2009-02-18 23:00:00+00:00";"13";"80";"32";"2021";"NON";"NON";"80365";"";"";"";"2021-10-06";"40546";""
"80366";"3299";"PLUi/PLUiS";"CC";"2018-12-09 23:00:00+00:00";"2013-06-23 22:00:00+00:00";"39";"80";"32";"2021";"NON";"OUI";"80366";"";"";"";"2021-10-06";"126533";""
"80367";"3299";"PLUi/PLUiS";"CC";"2018-12-09 23:00:00+00:00";"2013-06-23 22:00:00+00:00";"39";"80";"32";"2021";"NON";"OUI";"80367";"";"";"";"2021-10-06";"126533";""
"80368";"3399";"PLUi/PLUiS";"CC";"2020-01-28 23:00:00+00:00";"2015-08-03 22:00:00+00:00";"39";"80";"32";"2021";"OUI";"NON";"200070944";"";"";"";"2021-10-06";"141500";""
"80369";"3399";"PLUi/PLUiS";"CC";"2017-11-27 23:00:00+00:00";"2012-12-16 23:00:00+00:00";"39";"80";"32";"2021";"OUI";"NON";"80369";"";"";"";"2021-10-06";"116367";""
"80373";"3432";"PLU";"CC";"2003-06-25 22:00:00+00:00";"2001-06-07 22:00:00+00:00";"33";"80";"32";"2021";"NON";"NON";"80373";"";"";"";"2021-10-06";"8523";""
"80375";"3433";"PLU";"CC";"2011-03-08 23:00:00+00:00";"2004-09-02 22:00:00+00:00";"33";"80";"32";"2021";"NON";"NON";"80375";"";"";"";"2021-10-06";"8524";""
"80376";"3399";"PLUi/PLUiS";"CC";"2020-03-04 23:00:00+00:00";"2015-12-16 23:00:00+00:00";"39";"80";"32";"2021";"OUI";"NON";"80376";"";"";"";"2021-10-06";"148316";""
"80379";"3199";"PLU";"COM";"2017-07-04 22:00:00+00:00";"2014-12-16 23:00:00+00:00";"39";"80";"32";"2021";"NON";"NON";"80379";"";"";"";"2021-10-06";"139357";""
"80381";"3399";"PLUi/PLUiS";"CC";"2017-11-27 23:00:00+00:00";"2012-12-16 23:00:00+00:00";"39";"80";"32";"2021";"OUI";"NON";"80381";"";"";"";"2021-10-06";"116367";""
"80384";"3299";"PLUi/PLUiS";"CC";"2018-12-09 23:00:00+00:00";"2013-06-23 22:00:00+00:00";"39";"80";"32";"2021";"NON";"OUI";"80384";"";"";"";"2021-10-06";"126533";""
"80387";"1199";"CC";"COM";"2006-09-10 22:00:00+00:00";"2002-03-19 23:00:00+00:00";"19";"80";"32";"2021";"NON";"NON";"80387";"";"";"";"2021-10-06";"8533";""
"80390";"3399";"PLUi/PLUiS";"CC";"2020-03-10 23:00:00+00:00";"2013-02-06 23:00:00+00:00";"39";"80";"32";"2021";"OUI";"NON";"80390";"";"";"";"2021-10-06";"116369";""
"80392";"1433";"CC";"CC";"2006-06-07 22:00:00+00:00";"2001-06-18 22:00:00+00:00";"13";"80";"32";"2021";"NON";"NON";"80392";"";"";"";"2021-10-06";"8535";""
"80399";"3199";"PLU";"COM";"2010-07-05 22:00:00+00:00";"2006-03-27 22:00:00+00:00";"39";"80";"32";"2021";"NON";"NON";"80399";"";"";"";"2021-10-06";"18680";""
"80401";"1432";"CC";"CC";"2011-04-27 22:00:00+00:00";"2008-07-20 22:00:00+00:00";"13";"80";"32";"2021";"NON";"NON";"200037059";"";"";"";"2021-10-06";"35711";""
"80403";"3399";"PLUi/PLUiS";"CC";"2020-03-10 23:00:00+00:00";"2013-02-06 23:00:00+00:00";"39";"80";"32";"2021";"OUI";"NON";"80403";"";"";"";"2021-10-06";"116369";""
"80406";"3432";"PLU";"CA";"2010-03-17 23:00:00+00:00";"2006-10-15 22:00:00+00:00";"33";"80";"32";"2021";"NON";"NON";"200070993";"";"";"";"2021-10-06";"38709";""
"80407";"3399";"PLUi/PLUiS";"CC";"2020-03-10 23:00:00+00:00";"2013-02-06 23:00:00+00:00";"39";"80";"32";"2021";"OUI";"NON";"80407";"";"";"";"2021-10-06";"116369";""
"80408";"3399";"PLUi/PLUiS";"CC";"2020-02-24 23:00:00+00:00";"2014-06-22 22:00:00+00:00";"39";"80";"32";"2021";"OUI";"NON";"80408";"";"";"";"2021-10-06";"135961";""
"80410";"3332";"PLUi/PLUiS";"CC";"2007-06-27 22:00:00+00:00";"2003-06-18 22:00:00+00:00";"33";"80";"32";"2021";"OUI";"NON";"200070985";"";"";"";"2021-10-06";"48378";""
"80411";"3399";"PLUi/PLUiS";"CC";"2020-03-04 23:00:00+00:00";"2015-12-16 23:00:00+00:00";"39";"80";"32";"2021";"OUI";"NON";"80411";"";"";"";"2021-10-06";"148316";""
"80412";"3399";"PLUi/PLUiS";"CC";"2020-03-04 23:00:00+00:00";"2015-12-16 23:00:00+00:00";"39";"80";"32";"2021";"OUI";"NON";"80412";"";"";"";"2021-10-06";"148316";""
"80415";"3433";"PLU";"CC";"2006-12-20 23:00:00+00:00";"2003-05-04 22:00:00+00:00";"33";"80";"32";"2021";"NON";"NON";"80415";"";"";"";"2021-10-06";"8563";""
"80416";"3399";"PLUi/PLUiS";"CC";"2020-02-24 23:00:00+00:00";"2013-11-17 23:00:00+00:00";"39";"80";"32";"2021";"OUI";"NON";"80416";"";"";"";"2021-10-06";"126534";""
"80417";"3432";"PLU";"CC";"2005-09-28 22:00:00+00:00";"2003-04-28 22:00:00+00:00";"33";"80";"32";"2021";"NON";"NON";"200070928";"";"";"";"2021-10-06";"8570";""
"80420";"3299";"PLUi/PLUiS";"CC";"2018-12-09 23:00:00+00:00";"2013-06-23 22:00:00+00:00";"39";"80";"32";"2021";"NON";"OUI";"80420";"";"";"";"2021-10-06";"126533";""
"80422";"3499";"PLU";"CC";"2014-04-27 22:00:00+00:00";"2011-06-21 22:00:00+00:00";"39";"80";"32";"2021";"NON";"NON";"200070936";"";"";"";"2021-10-06";"100658";""
"80423";"3399";"PLUi/PLUiS";"CC";"2020-02-24 23:00:00+00:00";"2014-06-22 22:00:00+00:00";"39";"80";"32";"2021";"OUI";"NON";"80423";"";"";"";"2021-10-06";"135961";""
"80424";"3199";"PLU";"COM";"2013-12-19 23:00:00+00:00";"2009-11-05 23:00:00+00:00";"39";"80";"32";"2021";"NON";"NON";"80424";"";"";"";"2021-10-06";"42033";""
"80425";"3299";"PLUi/PLUiS";"CC";"2018-12-09 23:00:00+00:00";"2013-06-23 22:00:00+00:00";"39";"80";"32";"2021";"NON";"OUI";"80425";"";"";"";"2021-10-06";"126533";""
"80426";"3399";"PLUi/PLUiS";"CC";"2020-03-04 23:00:00+00:00";"2015-12-16 23:00:00+00:00";"39";"80";"32";"2021";"OUI";"NON";"80426";"";"";"";"2021-10-06";"148316";""
"80428";"1432";"CC";"CC";"2010-12-12 23:00:00+00:00";"2008-06-04 22:00:00+00:00";"13";"80";"32";"2021";"NON";"NON";"200037059";"";"";"";"2021-10-06";"35394";""
"80429";"3399";"PLUi/PLUiS";"CC";"2020-03-04 23:00:00+00:00";"2015-12-16 23:00:00+00:00";"39";"80";"32";"2021";"OUI";"NON";"80429";"";"";"";"2021-10-06";"148316";""
"80431";"3299";"PLUi/PLUiS";"CC";"2018-12-09 23:00:00+00:00";"2013-06-23 22:00:00+00:00";"39";"80";"32";"2021";"NON";"OUI";"80431";"";"";"";"2021-10-06";"126533";""
"80438";"3432";"PLU";"CC";"2018-06-19 22:00:00+00:00";"2010-06-10 22:00:00+00:00";"33";"80";"32";"2021";"NON";"NON";"200037059";"";"";"";"2021-10-06";"42025";""
"80439";"3399";"PLUi/PLUiS";"CC";"2017-11-27 23:00:00+00:00";"2012-12-16 23:00:00+00:00";"39";"80";"32";"2021";"OUI";"NON";"80439";"";"";"";"2021-10-06";"116367";""
"80440";"3399";"PLUi/PLUiS";"CC";"2017-11-27 23:00:00+00:00";"2012-12-16 23:00:00+00:00";"39";"80";"32";"2021";"OUI";"NON";"80440";"";"";"";"2021-10-06";"116367";""
"80442";"3432";"PLU";"CC";"2013-02-17 23:00:00+00:00";"2008-12-09 23:00:00+00:00";"33";"80";"32";"2021";"NON";"NON";"200070985";"";"";"";"2021-10-06";"37331";""
"80443";"3433";"PLU";"CC";"2016-02-23 23:00:00+00:00";"2010-03-25 23:00:00+00:00";"33";"80";"32";"2021";"NON";"NON";"80443";"";"";"";"2021-10-06";"42032";""
"80444";"3499";"PLU";"CC";"2019-09-24 22:00:00+00:00";"2010-11-04 23:00:00+00:00";"39";"80";"32";"2021";"NON";"NON";"200070944";"";"";"";"2021-10-06";"160087";""
"80451";"3299";"PLUi/PLUiS";"CC";"2018-12-09 23:00:00+00:00";"2013-06-23 22:00:00+00:00";"39";"80";"32";"2021";"NON";"OUI";"80451";"";"";"";"2021-10-06";"126533";""
"80452";"3399";"PLUi/PLUiS";"CC";"2020-03-10 23:00:00+00:00";"2013-02-06 23:00:00+00:00";"39";"80";"32";"2021";"OUI";"NON";"80452";"";"";"";"2021-10-06";"116369";""
"80455";"1433";"CC";"CC";"2009-06-08 22:00:00+00:00";"2006-09-27 22:00:00+00:00";"13";"80";"32";"2021";"NON";"NON";"80455";"";"";"";"2021-10-06";"24533";""
"80456";"1433";"CC";"CC";"2011-02-20 23:00:00+00:00";"2005-05-25 22:00:00+00:00";"13";"80";"32";"2021";"NON";"NON";"80456";"";"";"";"2021-10-06";"8727";""
"80458";"3399";"PLUi/PLUiS";"CC";"2020-03-04 23:00:00+00:00";"2015-12-16 23:00:00+00:00";"39";"80";"32";"2021";"OUI";"NON";"80458";"";"";"";"2021-10-06";"148316";""
"80461";"3399";"PLUi/PLUiS";"CC";"2020-03-04 23:00:00+00:00";"2015-12-16 23:00:00+00:00";"39";"80";"32";"2021";"OUI";"NON";"80461";"";"";"";"2021-10-06";"148316";""
"80463";"3399";"PLUi/PLUiS";"CC";"2020-03-04 23:00:00+00:00";"2015-12-16 23:00:00+00:00";"39";"80";"32";"2021";"OUI";"NON";"80463";"";"";"";"2021-10-06";"148316";""
"80466";"3399";"PLUi/PLUiS";"CC";"2020-02-24 23:00:00+00:00";"2014-06-22 22:00:00+00:00";"39";"80";"32";"2021";"OUI";"NON";"80466";"";"";"";"2021-10-06";"135961";""
"80467";"1432";"CC";"CC";"2007-11-02 23:00:00+00:00";"2005-01-10 23:00:00+00:00";"13";"80";"32";"2021";"NON";"NON";"80467";"";"";"";"2021-10-06";"8731";""
"80468";"3299";"PLUi/PLUiS";"CC";"2018-12-09 23:00:00+00:00";"2013-06-23 22:00:00+00:00";"39";"80";"32";"2021";"NON";"OUI";"80468";"";"";"";"2021-10-06";"126533";""
"80469";"3399";"PLUi/PLUiS";"CC";"2020-03-10 23:00:00+00:00";"2013-02-06 23:00:00+00:00";"39";"80";"32";"2021";"OUI";"NON";"80469";"";"";"";"2021-10-06";"116369";""
"80470";"3299";"PLUi/PLUiS";"CC";"2018-12-09 23:00:00+00:00";"2013-06-23 22:00:00+00:00";"39";"80";"32";"2021";"NON";"OUI";"80470";"";"";"";"2021-10-06";"126533";""
"80472";"1432";"CC";"CC";"2010-12-13 23:00:00+00:00";"2008-08-31 22:00:00+00:00";"13";"80";"32";"2021";"NON";"NON";"200037059";"";"";"";"2021-10-06";"35811";""
"80474";"1432";"CC";"CC";"2012-11-14 23:00:00+00:00";"2009-10-24 22:00:00+00:00";"13";"80";"32";"2021";"NON";"NON";"200070985";"";"";"";"2021-10-06";"39438";""
"80476";"1432";"CC";"CA";"2008-04-22 22:00:00+00:00";"2007-02-09 23:00:00+00:00";"13";"80";"32";"2021";"NON";"NON";"200070993";"";"";"";"2021-10-06";"30753";""
"80479";"1433";"CC";"CC";"2009-01-20 23:00:00+00:00";"2004-05-31 22:00:00+00:00";"13";"80";"32";"2021";"NON";"NON";"80479";"";"";"";"2021-10-06";"8732";""
"80481";"1432";"CC";"CC";"2008-12-02 23:00:00+00:00";"2006-12-25 23:00:00+00:00";"13";"80";"32";"2021";"NON";"NON";"200070928";"";"";"";"2021-10-06";"32732";""
"80482";"1432";"CC";"CA";"2009-03-05 23:00:00+00:00";"2007-10-26 22:00:00+00:00";"13";"80";"32";"2021";"NON";"NON";"200070993";"";"";"";"2021-10-06";"33784";""
"80484";"1433";"CC";"CC";"2005-03-09 23:00:00+00:00";"2001-05-17 22:00:00+00:00";"13";"80";"32";"2021";"NON";"NON";"80484";"";"";"";"2021-10-06";"8733";""
"80485";"3433";"PLU";"CC";"2016-04-18 22:00:00+00:00";"2009-07-02 22:00:00+00:00";"33";"80";"32";"2021";"NON";"NON";"80485";"";"";"";"2021-10-06";"38729";""
"80488";"3432";"PLU";"CA";"2012-09-27 22:00:00+00:00";"2008-11-19 23:00:00+00:00";"33";"80";"32";"2021";"NON";"NON";"200070993";"";"";"";"2021-10-06";"40610";""
"80489";"3199";"PLU";"COM";"2016-02-01 23:00:00+00:00";"2011-11-27 23:00:00+00:00";"39";"80";"32";"2021";"NON";"NON";"80489";"";"";"";"2021-10-06";"100419";""
"80493";"3299";"PLUi/PLUiS";"CC";"2018-12-09 23:00:00+00:00";"2013-06-23 22:00:00+00:00";"39";"80";"32";"2021";"NON";"OUI";"80493";"";"";"";"2021-10-06";"126533";""
"80494";"3399";"PLUi/PLUiS";"CC";"2020-03-10 23:00:00+00:00";"2013-02-06 23:00:00+00:00";"39";"80";"32";"2021";"OUI";"NON";"80494";"";"";"";"2021-10-06";"116369";""
"80495";"1433";"CC";"CC";"2009-09-13 22:00:00+00:00";"2006-06-14 22:00:00+00:00";"13";"80";"32";"2021";"NON";"NON";"80495";"";"";"";"2021-10-06";"18633";""
"80498";"3299";"PLUi/PLUiS";"CC";"2018-12-09 23:00:00+00:00";"2013-06-23 22:00:00+00:00";"39";"80";"32";"2021";"NON";"OUI";"80498";"";"";"";"2021-10-06";"126533";""
"80499";"3399";"PLUi/PLUiS";"CC";"2020-03-10 23:00:00+00:00";"2013-02-06 23:00:00+00:00";"39";"80";"32";"2021";"OUI";"NON";"80499";"";"";"";"2021-10-06";"116369";""
"80503";"3399";"PLUi/PLUiS";"CC";"2017-11-27 23:00:00+00:00";"2012-12-16 23:00:00+00:00";"39";"80";"32";"2021";"OUI";"NON";"80503";"";"";"";"2021-10-06";"116367";""
"80505";"3299";"PLUi/PLUiS";"CC";"2018-12-09 23:00:00+00:00";"2013-06-23 22:00:00+00:00";"39";"80";"32";"2021";"NON";"OUI";"80505";"";"";"";"2021-10-06";"126533";""
"80507";"3399";"PLUi/PLUiS";"CC";"2020-03-04 23:00:00+00:00";"2015-12-16 23:00:00+00:00";"39";"80";"32";"2021";"OUI";"NON";"80507";"";"";"";"2021-10-06";"148316";""
"80509";"1432";"CC";"CC";"2011-08-08 22:00:00+00:00";"2008-11-04 23:00:00+00:00";"13";"80";"32";"2021";"NON";"NON";"200070928";"";"";"";"2021-10-06";"38123";""
"80513";"3299";"PLUi/PLUiS";"CC";"2018-12-09 23:00:00+00:00";"2013-06-23 22:00:00+00:00";"39";"80";"32";"2021";"NON";"OUI";"80513";"";"";"";"2021-10-06";"126533";""
"80514";"3299";"PLUi/PLUiS";"CC";"2018-12-09 23:00:00+00:00";"2013-06-23 22:00:00+00:00";"39";"80";"32";"2021";"NON";"OUI";"80514";"";"";"";"2021-10-06";"126533";""
"80518";"1433";"CC";"CC";"2017-11-06 23:00:00+00:00";"2009-11-04 23:00:00+00:00";"13";"80";"32";"2021";"NON";"NON";"200069722";"";"";"";"2021-10-06";"42027";""
"80519";"3332";"PLUi/PLUiS";"CC";"2007-06-27 22:00:00+00:00";"2003-06-18 22:00:00+00:00";"33";"80";"32";"2021";"OUI";"NON";"200070985";"";"";"";"2021-10-06";"48378";""
"80523";"3299";"PLUi/PLUiS";"CC";"2018-12-09 23:00:00+00:00";"2013-06-23 22:00:00+00:00";"39";"80";"32";"2021";"NON";"OUI";"80523";"";"";"";"2021-10-06";"126533";""
"80526";"3399";"PLUi/PLUiS";"CC";"2017-11-27 23:00:00+00:00";"2012-12-16 23:00:00+00:00";"39";"80";"32";"2021";"OUI";"NON";"80526";"";"";"";"2021-10-06";"116367";""
"80527";"3399";"PLUi/PLUiS";"CC";"2020-01-28 23:00:00+00:00";"2015-08-03 22:00:00+00:00";"39";"80";"32";"2021";"OUI";"NON";"200070944";"";"";"";"2021-10-06";"141500";""
"80530";"3399";"PLUi/PLUiS";"CC";"2020-03-04 23:00:00+00:00";"2015-12-16 23:00:00+00:00";"39";"80";"32";"2021";"OUI";"NON";"80530";"";"";"";"2021-10-06";"148316";""
"80535";"3399";"PLUi/PLUiS";"CC";"2020-02-24 23:00:00+00:00";"2013-11-17 23:00:00+00:00";"39";"80";"32";"2021";"OUI";"NON";"80535";"";"";"";"2021-10-06";"126534";""
"80540";"3299";"PLUi/PLUiS";"CC";"2018-12-09 23:00:00+00:00";"2013-06-23 22:00:00+00:00";"39";"80";"32";"2021";"NON";"OUI";"80540";"";"";"";"2021-10-06";"126533";""
"80541";"1432";"CC";"CC";"2011-04-27 22:00:00+00:00";"2009-02-09 23:00:00+00:00";"13";"80";"32";"2021";"NON";"NON";"80541";"";"";"";"2021-10-06";"37463";""
"80544";"3399";"PLUi/PLUiS";"CC";"2017-11-27 23:00:00+00:00";"2012-12-16 23:00:00+00:00";"39";"80";"32";"2021";"OUI";"NON";"80544";"";"";"";"2021-10-06";"116367";""
"80545";"3433";"PLU";"CC";"2010-07-05 22:00:00+00:00";"2006-02-08 23:00:00+00:00";"33";"80";"32";"2021";"NON";"NON";"80545";"";"";"";"2021-10-06";"11444";""
"80546";"3499";"PLU";"CC";"2018-06-19 22:00:00+00:00";"2004-04-06 22:00:00+00:00";"39";"80";"32";"2021";"NON";"NON";"200070944";"";"";"";"2021-10-06";"8834";""
"80547";"3299";"PLUi/PLUiS";"CC";"2018-12-09 23:00:00+00:00";"2013-06-23 22:00:00+00:00";"39";"80";"32";"2021";"NON";"OUI";"80547";"";"";"";"2021-10-06";"126533";""
"80549";"3299";"PLUi/PLUiS";"CC";"2018-12-09 23:00:00+00:00";"2013-06-23 22:00:00+00:00";"39";"80";"32";"2021";"NON";"OUI";"80549";"";"";"";"2021-10-06";"126533";""
"80550";"3399";"PLUi/PLUiS";"CC";"2017-11-27 23:00:00+00:00";"2013-02-06 23:00:00+00:00";"39";"80";"32";"2021";"OUI";"NON";"80550";"";"";"";"2021-10-06";"126532";""
"80552";"3432";"PLU";"CC";"2013-12-16 23:00:00+00:00";"2009-05-13 22:00:00+00:00";"33";"80";"32";"2021";"NON";"NON";"200037059";"";"";"";"2021-10-06";"40567";""
"80553";"3399";"PLUi/PLUiS";"CC";"2017-11-27 23:00:00+00:00";"2013-02-06 23:00:00+00:00";"39";"80";"32";"2021";"OUI";"NON";"80553";"";"";"";"2021-10-06";"126532";""
"80554";"3433";"PLU";"CC";"2008-02-21 23:00:00+00:00";"2004-04-07 22:00:00+00:00";"33";"80";"32";"2021";"NON";"NON";"80554";"";"";"";"2021-10-06";"8844";""
"80555";"3432";"PLU";"CC";"2013-06-26 22:00:00+00:00";"2007-09-19 22:00:00+00:00";"33";"80";"32";"2021";"NON";"NON";"200070985";"";"";"";"2021-10-06";"138868";""
"80560";"3299";"PLUi/PLUiS";"CC";"2018-12-09 23:00:00+00:00";"2013-06-23 22:00:00+00:00";"39";"80";"32";"2021";"NON";"OUI";"80560";"";"";"";"2021-10-06";"126533";""
"80561";"3432";"PLU";"CC";"2011-12-19 23:00:00+00:00";"2008-12-07 23:00:00+00:00";"33";"80";"32";"2021";"NON";"NON";"80561";"";"";"";"2021-10-06";"37324";""
"80562";"3399";"PLUi/PLUiS";"CC";"2017-11-27 23:00:00+00:00";"2013-02-06 23:00:00+00:00";"39";"80";"32";"2021";"OUI";"NON";"80562";"";"";"";"2021-10-06";"126532";""
"80563";"3399";"PLUi/PLUiS";"CC";"2017-11-27 23:00:00+00:00";"2012-12-16 23:00:00+00:00";"39";"80";"32";"2021";"OUI";"NON";"80563";"";"";"";"2021-10-06";"116367";""
"80565";"3399";"PLUi/PLUiS";"CC";"2017-11-27 23:00:00+00:00";"2013-02-06 23:00:00+00:00";"39";"80";"32";"2021";"OUI";"NON";"80565";"";"";"";"2021-10-06";"126532";""
"80566";"3399";"PLUi/PLUiS";"CC";"2017-11-27 23:00:00+00:00";"2012-12-16 23:00:00+00:00";"39";"80";"32";"2021";"OUI";"NON";"80566";"";"";"";"2021-10-06";"116367";""
"80568";"1432";"CC";"CC";"2006-09-14 22:00:00+00:00";"2002-06-24 22:00:00+00:00";"13";"80";"32";"2021";"NON";"NON";"200070985";"";"";"";"2021-10-06";"8857";""
"80569";"3399";"PLUi/PLUiS";"CC";"2020-03-04 23:00:00+00:00";"2015-12-16 23:00:00+00:00";"39";"80";"32";"2021";"OUI";"NON";"80569";"";"";"";"2021-10-06";"148316";""
"80570";"3433";"PLU";"CC";"2007-04-19 22:00:00+00:00";"2004-01-30 23:00:00+00:00";"33";"80";"32";"2021";"NON";"NON";"80570";"";"";"";"2021-10-06";"8861";""
"80571";"3433";"PLU";"CC";"2015-01-14 23:00:00+00:00";"2009-05-28 22:00:00+00:00";"33";"80";"32";"2021";"NON";"NON";"80571";"";"";"";"2021-10-06";"39439";""
"80572";"3299";"PLUi/PLUiS";"CC";"2018-12-09 23:00:00+00:00";"2013-06-23 22:00:00+00:00";"39";"80";"32";"2021";"NON";"OUI";"80572";"";"";"";"2021-10-06";"126533";""
"80574";"3499";"PLU";"CC";"2007-09-19 22:00:00+00:00";"2004-06-24 22:00:00+00:00";"39";"80";"32";"2021";"NON";"NON";"200070936";"";"";"";"2021-10-06";"8863";""
"80576";"1432";"CC";"CC";"2011-08-02 22:00:00+00:00";"2009-03-18 23:00:00+00:00";"13";"80";"32";"2021";"NON";"NON";"200070985";"";"";"";"2021-10-06";"40618";""
"80578";"3499";"PLU";"CC";"2005-01-24 23:00:00+00:00";"2001-12-11 23:00:00+00:00";"39";"80";"32";"2021";"NON";"NON";"200070944";"";"";"";"2021-10-06";"8864";""
"80579";"3332";"PLUi/PLUiS";"CC";"2007-06-27 22:00:00+00:00";"2003-06-18 22:00:00+00:00";"33";"80";"32";"2021";"OUI";"NON";"200070985";"";"";"";"2021-10-06";"48378";""
"80580";"1499";"CC";"CC";"2014-02-19 23:00:00+00:00";"2009-07-22 22:00:00+00:00";"19";"80";"32";"2021";"NON";"NON";"200070936";"";"";"";"2021-10-06";"40550";""
"80582";"3433";"PLU";"CC";"2014-03-10 23:00:00+00:00";"2003-11-26 23:00:00+00:00";"33";"80";"32";"2021";"NON";"NON";"80582";"";"";"";"2021-10-06";"8868";""
"80583";"3433";"PLU";"CC";"2011-12-06 23:00:00+00:00";"2006-05-09 22:00:00+00:00";"33";"80";"32";"2021";"NON";"NON";"80583";"";"";"";"2021-10-06";"21285";""
"80584";"3399";"PLUi/PLUiS";"CC";"2017-11-27 23:00:00+00:00";"2013-02-06 23:00:00+00:00";"39";"80";"32";"2021";"OUI";"NON";"80584";"";"";"";"2021-10-06";"126532";""
"80585";"3432";"PLU";"CC";"2004-12-20 23:00:00+00:00";"1992-05-31 22:00:00+00:00";"33";"80";"32";"2021";"NON";"NON";"200070985";"";"";"";"2021-10-06";"8872";""
"80593";"3299";"PLUi/PLUiS";"CC";"2018-12-09 23:00:00+00:00";"2013-06-23 22:00:00+00:00";"39";"80";"32";"2021";"NON";"OUI";"80593";"";"";"";"2021-10-06";"126533";""
"80595";"1433";"CC";"CC";"2007-11-14 23:00:00+00:00";"2005-01-12 23:00:00+00:00";"13";"80";"32";"2021";"NON";"NON";"80595";"";"";"";"2021-10-06";"8879";""
"80597";"3399";"PLUi/PLUiS";"CC";"2020-01-28 23:00:00+00:00";"2015-08-03 22:00:00+00:00";"39";"80";"32";"2021";"OUI";"NON";"200070944";"";"";"";"2021-10-06";"141500";""
"80598";"3499";"PLU";"CC";"2018-11-11 23:00:00+00:00";"2015-06-28 22:00:00+00:00";"39";"80";"32";"2021";"NON";"NON";"200070936";"";"";"";"2021-10-06";"141907";""
"80600";"3434";"PLU";"CC";"2003-06-26 22:00:00+00:00";"1999-04-11 22:00:00+00:00";"33";"80";"32";"2021";"NON";"NON";"200070936";"";"";"";"2021-10-06";"8886";""
"80603";"3399";"PLUi/PLUiS";"CC";"2020-01-28 23:00:00+00:00";"2015-08-03 22:00:00+00:00";"39";"80";"32";"2021";"OUI";"NON";"200070944";"";"";"";"2021-10-06";"141500";""
"80605";"3332";"PLUi/PLUiS";"CC";"2007-06-27 22:00:00+00:00";"2003-06-18 22:00:00+00:00";"33";"80";"32";"2021";"OUI";"NON";"200070985";"";"";"";"2021-10-06";"48378";""
"80606";"3433";"PLU";"CC";"2012-11-07 23:00:00+00:00";"2008-02-21 23:00:00+00:00";"33";"80";"32";"2021";"NON";"NON";"80606";"";"";"";"2021-10-06";"72194";""
"80607";"1433";"CC";"CC";"2008-04-10 22:00:00+00:00";"2005-11-29 23:00:00+00:00";"13";"80";"32";"2021";"NON";"NON";"80607";"";"";"";"2021-10-06";"23819";""
"80609";"1499";"CC";"CC";"2013-11-28 23:00:00+00:00";"2011-02-10 23:00:00+00:00";"19";"80";"32";"2021";"NON";"NON";"200070936";"";"";"";"2021-10-06";"73011";""
"80611";"3433";"PLU";"CC";"2008-05-06 22:00:00+00:00";"2002-12-16 23:00:00+00:00";"33";"80";"32";"2021";"NON";"NON";"80611";"";"";"";"2021-10-06";"8895";""
"80615";"3299";"PLUi/PLUiS";"CC";"2018-12-09 23:00:00+00:00";"2013-06-23 22:00:00+00:00";"39";"80";"32";"2021";"NON";"OUI";"80615";"";"";"";"2021-10-06";"126533";""
"80616";"1432";"CC";"CC";"2011-08-02 22:00:00+00:00";"2009-02-12 23:00:00+00:00";"13";"80";"32";"2021";"NON";"NON";"200070985";"";"";"";"2021-10-06";"26615";""
"80618";"3432";"PLU";"CA";"2010-01-25 23:00:00+00:00";"2005-11-16 23:00:00+00:00";"33";"80";"32";"2021";"NON";"NON";"200070993";"";"";"";"2021-10-06";"10021";""
"80619";"3399";"PLUi/PLUiS";"CC";"2020-02-24 23:00:00+00:00";"2014-06-22 22:00:00+00:00";"39";"80";"32";"2021";"OUI";"NON";"80619";"";"";"";"2021-10-06";"135961";""
"80620";"3432";"PLU";"CC";"2004-11-24 23:00:00+00:00";"2001-06-25 22:00:00+00:00";"33";"80";"32";"2021";"NON";"NON";"200037059";"";"";"";"2021-10-06";"8902";""
"80621";"1432";"CC";"CC";"2012-11-17 23:00:00+00:00";"2008-11-06 23:00:00+00:00";"13";"80";"32";"2021";"NON";"NON";"200070928";"";"";"";"2021-10-06";"40619";""
"80622";"3399";"PLUi/PLUiS";"CC";"2020-02-24 23:00:00+00:00";"2013-11-17 23:00:00+00:00";"39";"80";"32";"2021";"OUI";"NON";"80622";"";"";"";"2021-10-06";"126534";""
"80624";"3399";"PLUi/PLUiS";"CC";"2017-11-27 23:00:00+00:00";"2013-02-06 23:00:00+00:00";"39";"80";"32";"2021";"OUI";"NON";"80624";"";"";"";"2021-10-06";"126532";""
"80625";"1432";"CC";"CC";"2019-01-27 23:00:00+00:00";"2017-09-26 22:00:00+00:00";"13";"80";"32";"2021";"NON";"NON";"80625";"";"";"";"2021-10-06";"158510";""
"80627";"3433";"PLU";"CC";"2010-05-05 22:00:00+00:00";"2004-10-15 22:00:00+00:00";"33";"80";"32";"2021";"NON";"NON";"80627";"";"";"";"2021-10-06";"23820";""
"80630";"3433";"PLU";"CC";"2014-01-09 23:00:00+00:00";"2008-09-03 22:00:00+00:00";"33";"80";"32";"2021";"NON";"NON";"80630";"";"";"";"2021-10-06";"36043";""
"80632";"3199";"PLU";"COM";"2017-03-29 22:00:00+00:00";"2015-01-26 23:00:00+00:00";"39";"80";"32";"2021";"NON";"NON";"80632";"";"";"";"2021-10-06";"138179";""
"80633";"3499";"PLU";"CC";"2008-02-10 23:00:00+00:00";"2003-09-22 22:00:00+00:00";"39";"80";"32";"2021";"NON";"NON";"200070936";"";"";"";"2021-10-06";"8953";""
"80634";"3499";"PLU";"CC";"2017-11-27 23:00:00+00:00";"2013-02-06 23:00:00+00:00";"39";"80";"32";"2021";"NON";"NON";"80634";"";"";"";"2021-10-06";"166175";""
"80638";"1432";"CC";"CC";"2011-11-23 23:00:00+00:00";"2009-03-26 23:00:00+00:00";"13";"80";"32";"2021";"NON";"NON";"200070985";"";"";"";"2021-10-06";"33343";""
"80639";"3199";"PLU";"COM";"2015-02-08 23:00:00+00:00";"2010-07-01 22:00:00+00:00";"39";"80";"32";"2021";"NON";"NON";"80639";"";"";"";"2021-10-06";"42021";""
"80640";"3299";"PLUi/PLUiS";"CC";"2018-12-09 23:00:00+00:00";"2013-06-23 22:00:00+00:00";"39";"80";"32";"2021";"NON";"OUI";"80640";"";"";"";"2021-10-06";"126533";""
"80642";"3399";"PLUi/PLUiS";"CC";"2017-11-27 23:00:00+00:00";"2012-12-16 23:00:00+00:00";"39";"80";"32";"2021";"OUI";"NON";"80642";"";"";"";"2021-10-06";"116367";""
"80643";"3433";"PLU";"CC";"2011-11-01 23:00:00+00:00";"2009-01-08 23:00:00+00:00";"33";"80";"32";"2021";"NON";"NON";"80643";"";"";"";"2021-10-06";"37323";""
"80644";"1432";"CC";"CC";"2004-04-15 22:00:00+00:00";"2001-06-17 22:00:00+00:00";"13";"80";"32";"2021";"NON";"NON";"200070928";"";"";"";"2021-10-06";"8995";""
"80645";"3299";"PLUi/PLUiS";"CC";"2018-12-09 23:00:00+00:00";"2013-06-23 22:00:00+00:00";"39";"80";"32";"2021";"NON";"OUI";"80645";"";"";"";"2021-10-06";"126533";""
"80647";"1432";"CC";"CC";"2011-07-25 22:00:00+00:00";"2008-10-28 23:00:00+00:00";"13";"80";"32";"2021";"NON";"NON";"200070928";"";"";"";"2021-10-06";"38122";""
"80648";"3299";"PLUi/PLUiS";"CC";"2018-12-09 23:00:00+00:00";"2013-06-23 22:00:00+00:00";"39";"80";"32";"2021";"NON";"OUI";"80648";"";"";"";"2021-10-06";"126533";""
"80649";"3499";"PLU";"CC";"2017-03-22 23:00:00+00:00";"2004-03-15 23:00:00+00:00";"39";"80";"32";"2021";"NON";"NON";"200070936";"";"";"";"2021-10-06";"9001";""
"80650";"3199";"PLU";"COM";"2017-11-27 23:00:00+00:00";"2013-02-21 23:00:00+00:00";"39";"80";"32";"2021";"NON";"NON";"80650";"";"";"";"2021-10-06";"165957";""
"80655";"3433";"PLU";"CC";"2005-01-19 23:00:00+00:00";"2003-02-02 23:00:00+00:00";"33";"80";"32";"2021";"NON";"NON";"80655";"";"";"";"2021-10-06";"9007";""
"80656";"3433";"PLU";"CC";"2004-03-18 23:00:00+00:00";"1998-10-05 22:00:00+00:00";"33";"80";"32";"2021";"NON";"NON";"80656";"";"";"";"2021-10-06";"9008";""
"80657";"3399";"PLUi/PLUiS";"CC";"2020-03-10 23:00:00+00:00";"2013-02-06 23:00:00+00:00";"39";"80";"32";"2021";"OUI";"NON";"80657";"";"";"";"2021-10-06";"116369";""
"80659";"3299";"PLUi/PLUiS";"CC";"2018-12-09 23:00:00+00:00";"2013-06-23 22:00:00+00:00";"39";"80";"32";"2021";"NON";"OUI";"80659";"";"";"";"2021-10-06";"126533";""
"80661";"3399";"PLUi/PLUiS";"CC";"2017-11-27 23:00:00+00:00";"2013-02-06 23:00:00+00:00";"39";"80";"32";"2021";"OUI";"NON";"80661";"";"";"";"2021-10-06";"126532";""
"80662";"1433";"CC";"CC";"2009-03-03 23:00:00+00:00";"2006-02-02 23:00:00+00:00";"13";"80";"32";"2021";"NON";"NON";"200069722";"";"";"";"2021-10-06";"35950";""
"80671";"3399";"PLUi/PLUiS";"CC";"2020-02-24 23:00:00+00:00";"2014-06-22 22:00:00+00:00";"39";"80";"32";"2021";"OUI";"NON";"80671";"";"";"";"2021-10-06";"135961";""
"80672";"3399";"PLUi/PLUiS";"CC";"2020-03-04 23:00:00+00:00";"2015-12-16 23:00:00+00:00";"39";"80";"32";"2021";"OUI";"NON";"80672";"";"";"";"2021-10-06";"148316";""
"80674";"3199";"PLU";"COM";"2016-06-08 22:00:00+00:00";"2008-09-28 22:00:00+00:00";"39";"80";"32";"2021";"NON";"NON";"80674";"";"";"";"2021-10-06";"9017";""
"80675";"3399";"PLUi/PLUiS";"CC";"2020-03-10 23:00:00+00:00";"2013-02-06 23:00:00+00:00";"39";"80";"32";"2021";"OUI";"NON";"80675";"";"";"";"2021-10-06";"116369";""
"80676";"1432";"CC";"CC";"2011-07-29 22:00:00+00:00";"2009-03-26 23:00:00+00:00";"13";"80";"32";"2021";"NON";"NON";"80676";"";"";"";"2021-10-06";"37855";""
"80679";"1432";"CC";"CC";"2011-08-23 22:00:00+00:00";"2010-02-10 23:00:00+00:00";"13";"80";"32";"2021";"NON";"NON";"200037059";"";"";"";"2021-10-06";"67224";""
"80681";"3399";"PLUi/PLUiS";"CC";"2020-03-10 23:00:00+00:00";"2013-02-06 23:00:00+00:00";"39";"80";"32";"2021";"OUI";"NON";"80681";"";"";"";"2021-10-06";"116369";""
"80684";"1432";"CC";"CC";"2011-08-02 22:00:00+00:00";"2009-03-02 23:00:00+00:00";"13";"80";"32";"2021";"NON";"NON";"200070985";"";"";"";"2021-10-06";"33496";""
"80685";"3432";"PLU";"CC";"2004-07-01 22:00:00+00:00";"2001-06-28 22:00:00+00:00";"33";"80";"32";"2021";"NON";"NON";"80685";"";"";"";"2021-10-06";"9027";""
"80686";"3399";"PLUi/PLUiS";"CC";"2017-11-27 23:00:00+00:00";"2013-02-06 23:00:00+00:00";"39";"80";"32";"2021";"OUI";"NON";"80686";"";"";"";"2021-10-06";"126532";""
"80688";"3499";"PLU";"CC";"2016-12-18 23:00:00+00:00";"2012-06-11 22:00:00+00:00";"39";"80";"32";"2021";"NON";"NON";"200070936";"";"";"";"2021-10-06";"112800";""
"80690";"3199";"PLU";"COM";"2016-05-08 22:00:00+00:00";"2010-03-07 23:00:00+00:00";"39";"80";"32";"2021";"NON";"NON";"80690";"";"";"";"2021-10-06";"42022";""
"80691";"3432";"PLU";"CA";"2011-03-31 22:00:00+00:00";"2006-06-15 22:00:00+00:00";"33";"80";"32";"2021";"NON";"NON";"200070993";"";"";"";"2021-10-06";"18453";""
"80692";"3499";"PLU";"CC";"2006-11-21 23:00:00+00:00";"2003-08-31 22:00:00+00:00";"39";"80";"32";"2021";"NON";"NON";"200070936";"";"";"";"2021-10-06";"9244";""
"80693";"3399";"PLUi/PLUiS";"CC";"2020-03-04 23:00:00+00:00";"2015-12-16 23:00:00+00:00";"39";"80";"32";"2021";"OUI";"NON";"80693";"";"";"";"2021-10-06";"148316";""
"80694";"3399";"PLUi/PLUiS";"CC";"2020-03-04 23:00:00+00:00";"2015-12-16 23:00:00+00:00";"39";"80";"32";"2021";"OUI";"NON";"80694";"";"";"";"2021-10-06";"148316";""
"80695";"3432";"PLU";"CC";"2015-12-15 23:00:00+00:00";"2012-10-07 22:00:00+00:00";"33";"80";"32";"2021";"NON";"NON";"200037059";"";"";"";"2021-10-06";"122523";""
"80696";"3199";"PLU";"COM";"2019-09-22 22:00:00+00:00";"2016-05-22 22:00:00+00:00";"39";"80";"32";"2021";"NON";"NON";"80696";"";"";"";"2021-10-06";"148884";""
"80697";"3399";"PLUi/PLUiS";"CC";"2017-11-27 23:00:00+00:00";"2012-12-16 23:00:00+00:00";"39";"80";"32";"2021";"OUI";"NON";"80697";"";"";"";"2021-10-06";"116367";""
"80700";"1432";"CC";"CA";"2005-12-11 23:00:00+00:00";"2001-09-05 22:00:00+00:00";"13";"80";"32";"2021";"NON";"NON";"200070993";"";"";"";"2021-10-06";"9047";""
"80701";"1432";"CC";"CC";"2013-03-19 23:00:00+00:00";"2009-03-20 23:00:00+00:00";"13";"80";"32";"2021";"NON";"NON";"200070985";"";"";"";"2021-10-06";"26491";""
"80702";"3199";"PLU";"COM";"2009-12-15 23:00:00+00:00";"1995-11-28 23:00:00+00:00";"39";"80";"32";"2021";"NON";"NON";"80702";"";"";"";"2021-10-06";"9058";""
"80703";"1433";"CC";"CC";"2006-08-13 22:00:00+00:00";"2001-06-11 22:00:00+00:00";"13";"80";"32";"2021";"NON";"NON";"80703";"";"";"";"2021-10-06";"9065";""
"80704";"3399";"PLUi/PLUiS";"CC";"2017-11-27 23:00:00+00:00";"2013-02-06 23:00:00+00:00";"39";"80";"32";"2021";"OUI";"NON";"80704";"";"";"";"2021-10-06";"126532";""
"80705";"3299";"PLUi/PLUiS";"CC";"2018-12-09 23:00:00+00:00";"2013-06-23 22:00:00+00:00";"39";"80";"32";"2021";"NON";"OUI";"80705";"";"";"";"2021-10-06";"126533";""
"80706";"3399";"PLUi/PLUiS";"CC";"2020-02-24 23:00:00+00:00";"2014-06-22 22:00:00+00:00";"39";"80";"32";"2021";"OUI";"NON";"80706";"";"";"";"2021-10-06";"135961";""
"80710";"1499";"CC";"CC";"2004-09-29 22:00:00+00:00";"2001-10-25 22:00:00+00:00";"19";"80";"32";"2021";"NON";"NON";"80710";"";"";"";"2021-10-06";"9067";""
"80711";"3399";"PLUi/PLUiS";"CC";"2020-02-24 23:00:00+00:00";"2014-06-22 22:00:00+00:00";"39";"80";"32";"2021";"OUI";"NON";"80711";"";"";"";"2021-10-06";"135961";""
"80713";"3434";"PLU";"CC";"2003-07-30 22:00:00+00:00";"1998-01-22 23:00:00+00:00";"33";"80";"32";"2021";"NON";"NON";"200070936";"";"";"";"2021-10-06";"9073";""
"80714";"3432";"PLU";"CC";"2015-06-22 22:00:00+00:00";"2009-05-27 22:00:00+00:00";"33";"80";"32";"2021";"NON";"NON";"80714";"";"";"";"2021-10-06";"40568";""
"80716";"3499";"PLU";"CC";"2011-04-18 22:00:00+00:00";"2008-04-20 22:00:00+00:00";"39";"80";"32";"2021";"NON";"NON";"200070936";"";"";"";"2021-10-06";"34884";""
"80717";"3199";"PLU";"COM";"2019-02-07 23:00:00+00:00";"2009-02-24 23:00:00+00:00";"39";"80";"32";"2021";"NON";"NON";"80717";"";"";"";"2021-10-06";"37605";""
"80718";"3399";"PLUi/PLUiS";"CC";"2020-02-24 23:00:00+00:00";"2013-11-17 23:00:00+00:00";"39";"80";"32";"2021";"OUI";"NON";"80718";"";"";"";"2021-10-06";"126534";""
"80721";"3432";"PLU";"CA";"2005-06-07 22:00:00+00:00";"1998-06-28 22:00:00+00:00";"33";"80";"32";"2021";"NON";"NON";"200070993";"";"";"";"2021-10-06";"9087";""
"80722";"3199";"PLU";"COM";"2017-11-27 23:00:00+00:00";"2013-02-21 23:00:00+00:00";"39";"80";"32";"2021";"NON";"NON";"80722";"";"";"";"2021-10-06";"165958";""
"80723";"3399";"PLUi/PLUiS";"CC";"2020-02-24 23:00:00+00:00";"2013-11-17 23:00:00+00:00";"39";"80";"32";"2021";"OUI";"NON";"80723";"";"";"";"2021-10-06";"126534";""
"80724";"3199";"PLU";"COM";"2020-02-26 23:00:00+00:00";"2017-03-01 23:00:00+00:00";"39";"80";"32";"2021";"NON";"NON";"80724";"";"";"";"2021-10-06";"155152";""
"80725";"3199";"PLU";"COM";"2018-10-15 22:00:00+00:00";"2016-03-28 22:00:00+00:00";"39";"80";"32";"2021";"NON";"NON";"80725";"";"";"";"2021-10-06";"153429";""
"80726";"3332";"PLUi/PLUiS";"CC";"2007-06-27 22:00:00+00:00";"2003-06-18 22:00:00+00:00";"33";"80";"32";"2021";"OUI";"NON";"200070985";"";"";"";"2021-10-06";"48378";""
"80729";"3399";"PLUi/PLUiS";"CC";"2020-03-10 23:00:00+00:00";"2013-02-06 23:00:00+00:00";"39";"80";"32";"2021";"OUI";"NON";"80729";"";"";"";"2021-10-06";"116369";""
"80730";"3199";"PLU";"COM";"2004-02-18 23:00:00+00:00";"2001-06-11 22:00:00+00:00";"39";"80";"32";"2021";"NON";"NON";"80730";"";"";"";"2021-10-06";"9092";""
"80732";"3433";"PLU";"CC";"2006-10-18 22:00:00+00:00";"2003-04-09 22:00:00+00:00";"33";"80";"32";"2021";"NON";"NON";"80732";"";"";"";"2021-10-06";"9094";""
"80733";"3299";"PLUi/PLUiS";"CC";"2018-12-09 23:00:00+00:00";"2013-06-23 22:00:00+00:00";"39";"80";"32";"2021";"NON";"OUI";"80733";"";"";"";"2021-10-06";"126533";""
"80738";"3399";"PLUi/PLUiS";"CC";"2020-02-24 23:00:00+00:00";"2013-11-17 23:00:00+00:00";"39";"80";"32";"2021";"OUI";"NON";"80738";"";"";"";"2021-10-06";"126534";""
"80740";"3399";"PLUi/PLUiS";"CC";"2020-03-10 23:00:00+00:00";"2013-02-06 23:00:00+00:00";"39";"80";"32";"2021";"OUI";"NON";"80740";"";"";"";"2021-10-06";"116369";""
"80742";"3399";"PLUi/PLUiS";"CC";"2020-02-24 23:00:00+00:00";"2014-06-22 22:00:00+00:00";"39";"80";"32";"2021";"OUI";"NON";"80742";"";"";"";"2021-10-06";"135961";""
"80743";"3299";"PLUi/PLUiS";"CC";"2018-12-09 23:00:00+00:00";"2013-06-23 22:00:00+00:00";"39";"80";"32";"2021";"NON";"OUI";"80743";"";"";"";"2021-10-06";"126533";""
"80746";"3399";"PLUi/PLUiS";"CC";"2017-11-27 23:00:00+00:00";"2013-02-06 23:00:00+00:00";"39";"80";"32";"2021";"OUI";"NON";"80746";"";"";"";"2021-10-06";"126532";""
"80751";"3433";"PLU";"CC";"2014-03-18 23:00:00+00:00";"2010-04-13 22:00:00+00:00";"33";"80";"32";"2021";"NON";"NON";"80751";"";"";"";"2021-10-06";"41985";""
"80752";"3199";"PLU";"COM";"2007-10-22 22:00:00+00:00";"2002-04-11 22:00:00+00:00";"39";"80";"32";"2021";"NON";"NON";"80752";"";"";"";"2021-10-06";"9113";""
"80753";"3299";"PLUi/PLUiS";"CC";"2018-12-09 23:00:00+00:00";"2013-06-23 22:00:00+00:00";"39";"80";"32";"2021";"NON";"OUI";"80753";"";"";"";"2021-10-06";"126533";""
"80754";"1433";"CC";"CC";"2007-12-13 23:00:00+00:00";"2006-12-13 23:00:00+00:00";"13";"80";"32";"2021";"NON";"NON";"80754";"";"";"";"2021-10-06";"23823";""
"80756";"3299";"PLUi/PLUiS";"CC";"2018-12-09 23:00:00+00:00";"2013-06-23 22:00:00+00:00";"39";"80";"32";"2021";"NON";"OUI";"80756";"";"";"";"2021-10-06";"126533";""
"80758";"3399";"PLUi/PLUiS";"CC";"2020-03-10 23:00:00+00:00";"2013-02-06 23:00:00+00:00";"39";"80";"32";"2021";"OUI";"NON";"80758";"";"";"";"2021-10-06";"116369";""
"80765";"3499";"PLU";"CC";"2019-09-24 22:00:00+00:00";"2010-04-15 22:00:00+00:00";"39";"80";"32";"2021";"NON";"NON";"200070944";"";"";"";"2021-10-06";"42026";""
"80766";"3299";"PLUi/PLUiS";"CC";"2018-12-09 23:00:00+00:00";"2013-06-23 22:00:00+00:00";"39";"80";"32";"2021";"NON";"OUI";"80766";"";"";"";"2021-10-06";"126533";""
"80769";"3399";"PLUi/PLUiS";"CC";"2020-03-04 23:00:00+00:00";"2015-12-16 23:00:00+00:00";"39";"80";"32";"2021";"OUI";"NON";"80769";"";"";"";"2021-10-06";"148316";""
"80770";"3399";"PLUi/PLUiS";"CC";"2020-01-28 23:00:00+00:00";"2015-08-03 22:00:00+00:00";"39";"80";"32";"2021";"OUI";"NON";"200070944";"";"";"";"2021-10-06";"141500";""
"80773";"3399";"PLUi/PLUiS";"CC";"2017-11-27 23:00:00+00:00";"2013-02-06 23:00:00+00:00";"39";"80";"32";"2021";"OUI";"NON";"80773";"";"";"";"2021-10-06";"126532";""
"80774";"3399";"PLUi/PLUiS";"CC";"2020-03-04 23:00:00+00:00";"2015-12-16 23:00:00+00:00";"39";"80";"32";"2021";"OUI";"NON";"80774";"";"";"";"2021-10-06";"148316";""
"80775";"3399";"PLUi/PLUiS";"CC";"2020-01-28 23:00:00+00:00";"2015-08-03 22:00:00+00:00";"39";"80";"32";"2021";"OUI";"NON";"200070944";"";"";"";"2021-10-06";"141500";""
"80776";"3299";"PLUi/PLUiS";"CC";"2018-12-09 23:00:00+00:00";"2013-06-23 22:00:00+00:00";"39";"80";"32";"2021";"NON";"OUI";"80776";"";"";"";"2021-10-06";"126533";""
"80777";"3299";"PLUi/PLUiS";"CC";"2018-12-09 23:00:00+00:00";"2013-06-23 22:00:00+00:00";"39";"80";"32";"2021";"NON";"OUI";"80777";"";"";"";"2021-10-06";"126533";""
"80778";"3399";"PLUi/PLUiS";"CC";"2020-02-24 23:00:00+00:00";"2014-06-22 22:00:00+00:00";"39";"80";"32";"2021";"OUI";"NON";"80778";"";"";"";"2021-10-06";"135961";""
"80781";"1432";"CC";"CC";"2011-09-20 22:00:00+00:00";"2008-11-16 23:00:00+00:00";"13";"80";"32";"2021";"NON";"NON";"200070928";"";"";"";"2021-10-06";"21795";""
"80782";"3199";"PLU";"COM";"2017-11-27 23:00:00+00:00";"2013-02-21 23:00:00+00:00";"39";"80";"32";"2021";"NON";"NON";"80782";"";"";"";"2021-10-06";"165960";""
"80783";"1432";"CC";"CA";"2013-11-28 23:00:00+00:00";"2010-05-27 22:00:00+00:00";"13";"80";"32";"2021";"NON";"NON";"200070993";"";"";"";"2021-10-06";"46102";""
"80784";"3399";"PLUi/PLUiS";"CC";"2020-03-04 23:00:00+00:00";"2015-12-16 23:00:00+00:00";"39";"80";"32";"2021";"OUI";"NON";"80784";"";"";"";"2021-10-06";"148316";""
"80785";"3399";"PLUi/PLUiS";"CC";"2020-03-04 23:00:00+00:00";"2015-12-16 23:00:00+00:00";"39";"80";"32";"2021";"OUI";"NON";"80785";"";"";"";"2021-10-06";"148316";""
"80786";"1433";"CC";"CC";"2009-04-07 22:00:00+00:00";"2006-03-30 22:00:00+00:00";"13";"80";"32";"2021";"NON";"NON";"80786";"";"";"";"2021-10-06";"23822";""
"80791";"3199";"PLU";"COM";"2012-02-26 23:00:00+00:00";"2008-04-13 22:00:00+00:00";"39";"80";"32";"2021";"NON";"NON";"80791";"";"";"";"2021-10-06";"34710";""
"80792";"3399";"PLUi/PLUiS";"CC";"2017-11-27 23:00:00+00:00";"2013-02-06 23:00:00+00:00";"39";"80";"32";"2021";"OUI";"NON";"80792";"";"";"";"2021-10-06";"126532";""
"80793";"3399";"PLUi/PLUiS";"CC";"2020-02-24 23:00:00+00:00";"2014-06-22 22:00:00+00:00";"39";"80";"32";"2021";"OUI";"NON";"80793";"";"";"";"2021-10-06";"135961";""
"80795";"3399";"PLUi/PLUiS";"CC";"2020-02-24 23:00:00+00:00";"2014-06-22 22:00:00+00:00";"39";"80";"32";"2021";"OUI";"NON";"80795";"";"";"";"2021-10-06";"135961";""
"80798";"3399";"PLUi/PLUiS";"CC";"2017-11-27 23:00:00+00:00";"2013-02-06 23:00:00+00:00";"39";"80";"32";"2021";"OUI";"NON";"80798";"";"";"";"2021-10-06";"126532";""
"80799";"3399";"PLUi/PLUiS";"CC";"2020-03-04 23:00:00+00:00";"2015-12-16 23:00:00+00:00";"39";"80";"32";"2021";"OUI";"NON";"80799";"";"";"";"2021-10-06";"148316";""
"80800";"1433";"CC";"CC";"2015-10-12 22:00:00+00:00";"2012-10-03 22:00:00+00:00";"13";"80";"32";"2021";"NON";"NON";"80800";"";"";"";"2021-10-06";"135962";""
"80801";"3432";"PLU";"CC";"2018-09-26 22:00:00+00:00";"2010-02-21 23:00:00+00:00";"33";"80";"32";"2021";"NON";"NON";"200037059";"";"";"";"2021-10-06";"46078";""
"80806";"1499";"CC";"CC";"2008-10-26 23:00:00+00:00";"2005-02-10 23:00:00+00:00";"19";"80";"32";"2021";"NON";"NON";"200070936";"";"";"";"2021-10-06";"34040";""
"80807";"3299";"PLUi/PLUiS";"CC";"2018-12-09 23:00:00+00:00";"2013-06-23 22:00:00+00:00";"39";"80";"32";"2021";"NON";"OUI";"80807";"";"";"";"2021-10-06";"126533";""
"80809";"1433";"CC";"CC";"2004-09-12 22:00:00+00:00";"2001-06-21 22:00:00+00:00";"13";"80";"32";"2021";"NON";"NON";"200069722";"";"";"";"2021-10-06";"9148";""
"80811";"3432";"PLU";"CC";"2016-04-07 22:00:00+00:00";"2008-12-11 23:00:00+00:00";"33";"80";"32";"2021";"NON";"NON";"200070985";"";"";"";"2021-10-06";"37329";""
"80813";"3433";"PLU";"CC";"2011-05-04 22:00:00+00:00";"2008-01-07 23:00:00+00:00";"33";"80";"32";"2021";"NON";"NON";"80813";"";"";"";"2021-10-06";"34118";""
"80815";"3499";"PLU";"CC";"2008-02-21 23:00:00+00:00";"2002-10-17 22:00:00+00:00";"39";"80";"32";"2021";"NON";"NON";"200070936";"";"";"";"2021-10-06";"9149";""
"80819";"3399";"PLUi/PLUiS";"CC";"2017-11-27 23:00:00+00:00";"2013-02-06 23:00:00+00:00";"39";"80";"32";"2021";"OUI";"NON";"80819";"";"";"";"2021-10-06";"126532";""
"80820";"3399";"PLUi/PLUiS";"CC";"2020-03-04 23:00:00+00:00";"2015-12-16 23:00:00+00:00";"39";"80";"32";"2021";"OUI";"NON";"80820";"";"";"";"2021-10-06";"148316";""
"80827";"3399";"PLUi/PLUiS";"CC";"2020-01-28 23:00:00+00:00";"2015-08-03 22:00:00+00:00";"39";"80";"32";"2021";"OUI";"NON";"200070944";"";"";"";"2021-10-06";"141500";""
"80832";"1499";"CC";"CC";"2013-11-21 23:00:00+00:00";"2011-03-10 23:00:00+00:00";"19";"80";"32";"2021";"NON";"NON";"200070936";"";"";"";"2021-10-06";"73024";""
"80834";"3399";"PLUi/PLUiS";"CC";"2020-01-28 23:00:00+00:00";"2015-08-03 22:00:00+00:00";"39";"80";"32";"2021";"OUI";"NON";"200070944";"";"";"";"2021-10-06";"141500";""
"80835";"3399";"PLUi/PLUiS";"CC";"2020-02-24 23:00:00+00:00";"2013-11-17 23:00:00+00:00";"39";"80";"32";"2021";"OUI";"NON";"80835";"";"";"";"2021-10-06";"126534";""
"81001";"3299";"PLUi/PLUiS";"CC";"2019-12-02 23:00:00+00:00";"2013-12-02 23:00:00+00:00";"39";"81";"76";"2021";"NON";"OUI";"81001";"";"";"";"2021-10-06";"127348";""
"81002";"3199";"PLU";"COM";"2013-09-04 22:00:00+00:00";"2009-10-13 22:00:00+00:00";"39";"81";"76";"2021";"NON";"NON";"81002";"";"";"";"2021-10-06";"63350";""
"81003";"3299";"PLUi/PLUiS";"CC";"2019-12-22 23:00:00+00:00";"2014-05-06 22:00:00+00:00";"39";"81";"76";"2021";"NON";"OUI";"200034031";"";"";"";"2021-10-06";"130775";""
"81004";"3299";"PLUi/PLUiS";"CA";"2020-02-10 23:00:00+00:00";"2015-12-16 23:00:00+00:00";"39";"81";"76";"2021";"NON";"OUI";"248100737";"";"";"";"2021-10-06";"144261";""
"81005";"3432";"PLU";"CC";"2012-03-12 23:00:00+00:00";"2007-12-26 23:00:00+00:00";"33";"81";"76";"2021";"NON";"NON";"248100745";"";"";"";"2021-10-06";"63354";""
"81006";"3299";"PLUi/PLUiS";"CC";"2019-12-02 23:00:00+00:00";"2013-12-02 23:00:00+00:00";"39";"81";"76";"2021";"NON";"OUI";"81006";"";"";"";"2021-10-06";"127348";""
"81007";"3333";"PLUi/PLUiS";"CA";"2012-12-16 23:00:00+00:00";"2009-07-12 22:00:00+00:00";"33";"81";"76";"2021";"OUI";"NON";"200066124";"";"";"";"2021-10-06";"71964";""
"81008";"1199";"CC";"COM";"2011-07-21 22:00:00+00:00";"2008-04-03 22:00:00+00:00";"19";"81";"76";"2021";"NON";"NON";"81008";"";"";"";"2021-10-06";"14850";""
"81009";"3333";"PLUi/PLUiS";"CA";"2012-12-16 23:00:00+00:00";"2009-07-12 22:00:00+00:00";"33";"81";"76";"2021";"OUI";"NON";"200066124";"";"";"";"2021-10-06";"71964";""
"81010";"3299";"PLUi/PLUiS";"CC";"2019-12-22 23:00:00+00:00";"2014-05-06 22:00:00+00:00";"39";"81";"76";"2021";"NON";"OUI";"200034031";"";"";"";"2021-10-06";"130775";""
"81011";"3199";"PLU";"COM";"2013-02-03 23:00:00+00:00";"2009-02-24 23:00:00+00:00";"39";"81";"76";"2021";"NON";"NON";"81011";"";"";"";"2021-10-06";"74675";""
"81012";"3333";"PLUi/PLUiS";"CA";"2012-12-16 23:00:00+00:00";"2009-07-12 22:00:00+00:00";"33";"81";"76";"2021";"OUI";"NON";"200066124";"";"";"";"2021-10-06";"71964";""
"81013";"1199";"CC";"COM";"2010-09-22 22:00:00+00:00";"2007-11-21 23:00:00+00:00";"19";"81";"76";"2021";"NON";"NON";"81013";"";"";"";"2021-10-06";"70050";""
"81014";"3499";"PLU";"CC";"2007-09-05 22:00:00+00:00";"2000-06-23 22:00:00+00:00";"39";"81";"76";"2021";"NON";"NON";"200066553";"";"";"";"2021-10-06";"147692";""
"81015";"3299";"PLUi/PLUiS";"CC";"2019-12-02 23:00:00+00:00";"2013-12-02 23:00:00+00:00";"39";"81";"76";"2021";"NON";"OUI";"81015";"";"";"";"2021-10-06";"127348";""
"81016";"1432";"CC";"CC";"2005-12-13 23:00:00+00:00";"2003-09-24 22:00:00+00:00";"13";"81";"76";"2021";"NON";"NON";"81016";"";"";"";"2021-10-06";"70049";""
"81017";"3299";"PLUi/PLUiS";"CC";"2020-02-26 23:00:00+00:00";"2015-01-18 23:00:00+00:00";"39";"81";"76";"2021";"NON";"OUI";"81017";"";"";"";"2021-10-06";"137203";""
"81018";"3299";"PLUi/PLUiS";"CA";"2020-02-10 23:00:00+00:00";"2015-12-16 23:00:00+00:00";"39";"81";"76";"2021";"NON";"OUI";"248100737";"";"";"";"2021-10-06";"144261";""
"81020";"3499";"PLU";"CA";"2014-03-04 23:00:00+00:00";"2011-01-13 23:00:00+00:00";"39";"81";"76";"2021";"NON";"NON";"200066124";"";"";"";"2021-10-06";"65220";""
"81021";"3199";"PLU";"COM";"2008-02-04 23:00:00+00:00";"2003-11-21 23:00:00+00:00";"39";"81";"76";"2021";"NON";"NON";"81021";"";"";"";"2021-10-06";"55088";""
"81022";"1199";"CC";"COM";"2011-07-21 22:00:00+00:00";"2010-02-28 23:00:00+00:00";"19";"81";"76";"2021";"NON";"NON";"81022";"";"";"";"2021-10-06";"65752";""
"81023";"1433";"CC";"CC";"2013-05-06 22:00:00+00:00";"2006-11-05 23:00:00+00:00";"13";"81";"76";"2021";"NON";"NON";"200066553";"";"";"";"2021-10-06";"57489";""
"81024";"1433";"CC";"CA";"2008-02-10 23:00:00+00:00";"2004-10-18 22:00:00+00:00";"13";"81";"76";"2021";"NON";"NON";"200066124";"";"";"";"2021-10-06";"14858";""
"81025";"1199";"CC";"COM";"2007-02-06 23:00:00+00:00";"2006-03-06 23:00:00+00:00";"19";"81";"76";"2021";"NON";"NON";"81025";"";"";"";"2021-10-06";"14859";""
"81026";"3299";"PLUi/PLUiS";"CC";"2019-12-22 23:00:00+00:00";"2014-05-06 22:00:00+00:00";"39";"81";"76";"2021";"NON";"OUI";"200034031";"";"";"";"2021-10-06";"130775";""
"81027";"1432";"CC";"CC";"2005-12-13 23:00:00+00:00";"2003-09-24 22:00:00+00:00";"13";"81";"76";"2021";"NON";"NON";"81027";"";"";"";"2021-10-06";"70052";""
"81029";"3499";"PLU";"CA";"2015-11-01 23:00:00+00:00";"2011-12-20 23:00:00+00:00";"39";"81";"76";"2021";"NON";"NON";"200066124";"";"";"";"2021-10-06";"97727";""
"81030";"3299";"PLUi/PLUiS";"CC";"2019-12-02 23:00:00+00:00";"2013-12-02 23:00:00+00:00";"39";"81";"76";"2021";"NON";"OUI";"81030";"";"";"";"2021-10-06";"127348";""
"81031";"3399";"PLUi/PLUiS";"CC";"2020-02-23 23:00:00+00:00";"2014-06-15 22:00:00+00:00";"39";"81";"76";"2021";"OUI";"NON";"200066561";"";"";"";"2021-10-06";"130776";""
"81032";"3432";"PLU";"CC";"2007-10-30 23:00:00+00:00";"2002-12-05 23:00:00+00:00";"33";"81";"76";"2021";"NON";"NON";"81032";"";"";"";"2021-10-06";"55089";""
"81033";"3199";"PLU";"COM";"2019-01-08 23:00:00+00:00";"2014-03-11 23:00:00+00:00";"39";"81";"76";"2021";"NON";"NON";"81033";"";"";"";"2021-10-06";"129520";""
"81034";"1199";"CC";"COM";"2005-01-17 23:00:00+00:00";"2002-09-12 22:00:00+00:00";"19";"81";"76";"2021";"NON";"NON";"81034";"";"";"";"2021-10-06";"70054";""
"81035";"1432";"CC";"CC";"2006-01-31 23:00:00+00:00";"2003-02-27 23:00:00+00:00";"13";"81";"76";"2021";"NON";"NON";"81035";"";"";"";"2021-10-06";"14860";""
"81037";"3399";"PLUi/PLUiS";"CC";"2020-02-23 23:00:00+00:00";"2014-06-15 22:00:00+00:00";"39";"81";"76";"2021";"OUI";"NON";"200066561";"";"";"";"2021-10-06";"130776";""
"81038";"3499";"PLU";"CA";"2014-01-29 23:00:00+00:00";"2008-10-27 23:00:00+00:00";"39";"81";"76";"2021";"NON";"NON";"200066124";"";"";"";"2021-10-06";"63357";""
"81039";"3499";"PLU";"CA";"2014-05-26 22:00:00+00:00";"2010-05-04 22:00:00+00:00";"39";"81";"76";"2021";"NON";"NON";"200066124";"";"";"";"2021-10-06";"63352";""
"81040";"1432";"CC";"CC";"2010-03-02 23:00:00+00:00";"2009-06-02 22:00:00+00:00";"13";"81";"76";"2021";"NON";"NON";"200034056";"";"";"";"2021-10-06";"70056";""
"81041";"1414";"CC";"CA";"2012-11-20 23:00:00+00:00";"2010-03-07 23:00:00+00:00";"11";"81";"76";"2021";"NON";"NON";"200066124";"";"";"";"2021-10-06";"14864";""
"81042";"3399";"PLUi/PLUiS";"CC";"2020-02-23 23:00:00+00:00";"2014-06-15 22:00:00+00:00";"39";"81";"76";"2021";"OUI";"NON";"200066561";"";"";"";"2021-10-06";"130776";""
"81043";"3499";"PLU";"CA";"2014-06-19 22:00:00+00:00";"2011-01-23 23:00:00+00:00";"39";"81";"76";"2021";"NON";"NON";"200066124";"";"";"";"2021-10-06";"63358";""
"81044";"1432";"CC";"CC";"2011-03-07 23:00:00+00:00";"2007-11-28 23:00:00+00:00";"13";"81";"76";"2021";"NON";"NON";"200034056";"";"";"";"2021-10-06";"67480";""
"81045";"3432";"PLU";"CC";"2011-06-14 22:00:00+00:00";"2008-08-04 22:00:00+00:00";"33";"81";"76";"2021";"NON";"NON";"81045";"";"";"";"2021-10-06";"63359";""
"81046";"3499";"PLU";"CA";"2012-12-12 23:00:00+00:00";"2008-11-03 23:00:00+00:00";"39";"81";"76";"2021";"NON";"NON";"200066124";"";"";"";"2021-10-06";"63360";""
"81048";"3131";"PLU";"COM";"2014-02-12 23:00:00+00:00";"2009-03-25 23:00:00+00:00";"33";"81";"76";"2021";"NON";"NON";"81048";"";"";"";"2021-10-06";"63365";""
"81049";"1432";"CC";"CC";"2005-12-13 23:00:00+00:00";"2003-09-24 22:00:00+00:00";"13";"81";"76";"2021";"NON";"NON";"81049";"";"";"";"2021-10-06";"70057";""
"81050";"3299";"PLUi/PLUiS";"CC";"2019-12-02 23:00:00+00:00";"2013-12-02 23:00:00+00:00";"39";"81";"76";"2021";"NON";"OUI";"81050";"";"";"";"2021-10-06";"127348";""
"81051";"3333";"PLUi/PLUiS";"CA";"2012-12-16 23:00:00+00:00";"2009-07-12 22:00:00+00:00";"33";"81";"76";"2021";"OUI";"NON";"200066124";"";"";"";"2021-10-06";"71964";""
"81052";"3299";"PLUi/PLUiS";"CA";"2020-02-10 23:00:00+00:00";"2015-12-16 23:00:00+00:00";"39";"81";"76";"2021";"NON";"OUI";"248100737";"";"";"";"2021-10-06";"144261";""
"81053";"3399";"PLUi/PLUiS";"CC";"2020-02-23 23:00:00+00:00";"2014-06-15 22:00:00+00:00";"39";"81";"76";"2021";"OUI";"NON";"200066561";"";"";"";"2021-10-06";"130776";""
"81054";"3299";"PLUi/PLUiS";"CC";"2019-12-02 23:00:00+00:00";"2013-12-02 23:00:00+00:00";"39";"81";"76";"2021";"NON";"OUI";"248100158";"";"";"";"2021-10-06";"127348";""
"81056";"3333";"PLUi/PLUiS";"CA";"2012-12-16 23:00:00+00:00";"2009-07-12 22:00:00+00:00";"33";"81";"76";"2021";"OUI";"NON";"200066124";"";"";"";"2021-10-06";"71964";""
"81058";"1432";"CC";"CC";"2003-07-02 22:00:00+00:00";"2001-07-01 22:00:00+00:00";"13";"81";"76";"2021";"NON";"NON";"200034056";"";"";"";"2021-10-06";"70059";""
"81059";"3299";"PLUi/PLUiS";"CA";"2020-02-10 23:00:00+00:00";"2015-12-16 23:00:00+00:00";"39";"81";"76";"2021";"NON";"OUI";"248100737";"";"";"";"2021-10-06";"144261";""
"81060";"3199";"PLU";"COM";"2019-03-13 23:00:00+00:00";"2014-09-10 22:00:00+00:00";"39";"81";"76";"2021";"NON";"NON";"81060";"";"";"";"2021-10-06";"132197";""
"81061";"1499";"CC";"CA";"2007-04-12 22:00:00+00:00";"2004-10-06 22:00:00+00:00";"19";"81";"76";"2021";"NON";"NON";"200066124";"";"";"";"2021-10-06";"14868";""
"81062";"3399";"PLUi/PLUiS";"CC";"2010-09-27 22:00:00+00:00";"2005-12-06 23:00:00+00:00";"39";"81";"76";"2021";"OUI";"NON";"200066561";"";"";"";"2021-10-06";"88762";""
"81063";"3299";"PLUi/PLUiS";"CA";"2020-02-10 23:00:00+00:00";"2015-12-16 23:00:00+00:00";"39";"81";"76";"2021";"NON";"OUI";"248100737";"";"";"";"2021-10-06";"144261";""
"81064";"3333";"PLUi/PLUiS";"CA";"2012-12-16 23:00:00+00:00";"2009-07-12 22:00:00+00:00";"33";"81";"76";"2021";"OUI";"NON";"200066124";"";"";"";"2021-10-06";"71964";""
"81065";"3131";"PLU";"COM";"2012-01-16 23:00:00+00:00";"1996-01-31 23:00:00+00:00";"33";"81";"76";"2021";"NON";"NON";"81065";"";"";"";"2021-10-06";"55091";""
"81067";"3499";"PLU";"CA";"2015-12-15 23:00:00+00:00";"2011-11-08 23:00:00+00:00";"39";"81";"76";"2021";"NON";"NON";"200066124";"";"";"";"2021-10-06";"94339";""
"81068";"1199";"CC";"COM";"2007-12-20 23:00:00+00:00";"2002-04-24 22:00:00+00:00";"19";"81";"76";"2021";"NON";"NON";"81068";"";"";"";"2021-10-06";"14871";""
"81069";"3432";"PLU";"CC";"2007-02-25 23:00:00+00:00";"1998-04-19 22:00:00+00:00";"33";"81";"76";"2021";"NON";"NON";"81069";"";"";"";"2021-10-06";"55094";""
"81070";"3499";"PLU";"CA";"2013-11-04 23:00:00+00:00";"2010-03-02 23:00:00+00:00";"39";"81";"76";"2021";"NON";"NON";"200066124";"";"";"";"2021-10-06";"63368";""
"81073";"1199";"CC";"COM";"2011-08-18 22:00:00+00:00";"2008-04-09 22:00:00+00:00";"19";"81";"76";"2021";"NON";"NON";"81073";"";"";"";"2021-10-06";"67481";""
"81074";"3299";"PLUi/PLUiS";"CA";"2020-02-10 23:00:00+00:00";"2015-12-16 23:00:00+00:00";"39";"81";"76";"2021";"NON";"OUI";"248100737";"";"";"";"2021-10-06";"144261";""
"81075";"1432";"CC";"CC";"2011-03-27 22:00:00+00:00";"2008-07-03 22:00:00+00:00";"13";"81";"76";"2021";"NON";"NON";"200034056";"";"";"";"2021-10-06";"67482";""
"81076";"3299";"PLUi/PLUiS";"CC";"2019-12-02 23:00:00+00:00";"2013-12-02 23:00:00+00:00";"39";"81";"76";"2021";"NON";"OUI";"81076";"";"";"";"2021-10-06";"127348";""
"81077";"3299";"PLUi/PLUiS";"CC";"2019-12-22 23:00:00+00:00";"2014-05-06 22:00:00+00:00";"39";"81";"76";"2021";"NON";"OUI";"200034031";"";"";"";"2021-10-06";"130775";""
"81078";"3432";"PLU";"CC";"2013-06-03 22:00:00+00:00";"2009-11-02 23:00:00+00:00";"33";"81";"76";"2021";"NON";"NON";"200034056";"";"";"";"2021-10-06";"63362";""
"81079";"3299";"PLUi/PLUiS";"CA";"2020-02-10 23:00:00+00:00";"2015-12-16 23:00:00+00:00";"39";"81";"76";"2021";"NON";"OUI";"248100737";"";"";"";"2021-10-06";"144261";""
"81080";"3333";"PLUi/PLUiS";"CA";"2012-12-16 23:00:00+00:00";"2009-07-12 22:00:00+00:00";"33";"81";"76";"2021";"OUI";"NON";"200066124";"";"";"";"2021-10-06";"71964";""
"81081";"3299";"PLUi/PLUiS";"CC";"2019-12-02 23:00:00+00:00";"2013-12-02 23:00:00+00:00";"39";"81";"76";"2021";"NON";"OUI";"81081";"";"";"";"2021-10-06";"127348";""
"81084";"3299";"PLUi/PLUiS";"CC";"2019-12-02 23:00:00+00:00";"2013-12-02 23:00:00+00:00";"39";"81";"76";"2021";"NON";"OUI";"248100158";"";"";"";"2021-10-06";"127348";""
"81088";"3299";"PLUi/PLUiS";"CC";"2020-02-26 23:00:00+00:00";"2015-01-18 23:00:00+00:00";"39";"81";"76";"2021";"NON";"OUI";"200034049";"";"";"";"2021-10-06";"137203";""
"81089";"1199";"CC";"COM";"2007-05-15 22:00:00+00:00";"2005-02-10 23:00:00+00:00";"19";"81";"76";"2021";"NON";"NON";"81089";"";"";"";"2021-10-06";"14875";""
"81090";"1499";"CC";"CA";"2010-12-27 23:00:00+00:00";"2008-04-10 22:00:00+00:00";"19";"81";"76";"2021";"NON";"NON";"200066124";"";"";"";"2021-10-06";"14876";""
"81092";"3432";"PLU";"CC";"2016-01-25 23:00:00+00:00";"2011-03-23 23:00:00+00:00";"33";"81";"76";"2021";"NON";"NON";"200034056";"";"";"";"2021-10-06";"86487";""
"81093";"3499";"PLU";"CA";"2013-02-25 23:00:00+00:00";"2009-06-28 22:00:00+00:00";"39";"81";"76";"2021";"NON";"NON";"200066124";"";"";"";"2021-10-06";"63370";""
"81095";"3333";"PLUi/PLUiS";"CA";"2012-12-16 23:00:00+00:00";"2009-07-12 22:00:00+00:00";"33";"81";"76";"2021";"OUI";"NON";"200066124";"";"";"";"2021-10-06";"71964";""
"81096";"3299";"PLUi/PLUiS";"CC";"2019-12-22 23:00:00+00:00";"2014-05-06 22:00:00+00:00";"39";"81";"76";"2021";"NON";"OUI";"200034031";"";"";"";"2021-10-06";"130775";""
"81097";"3299";"PLUi/PLUiS";"CA";"2020-02-10 23:00:00+00:00";"2015-12-16 23:00:00+00:00";"39";"81";"76";"2021";"NON";"OUI";"248100737";"";"";"";"2021-10-06";"144261";""
"81098";"1432";"CC";"CC";"2007-09-19 22:00:00+00:00";"2005-12-07 23:00:00+00:00";"13";"81";"76";"2021";"NON";"NON";"200034056";"";"";"";"2021-10-06";"70067";""
"81099";"3499";"PLU";"CA";"2019-01-20 23:00:00+00:00";"2013-07-08 22:00:00+00:00";"39";"81";"76";"2021";"NON";"NON";"200066124";"";"";"";"2021-10-06";"123375";""
"81100";"1432";"CC";"CC";"2008-09-02 22:00:00+00:00";"2007-12-02 23:00:00+00:00";"13";"81";"76";"2021";"NON";"NON";"81100";"";"";"";"2021-10-06";"70068";""
"81101";"3199";"PLU";"COM";"2020-02-23 23:00:00+00:00";"2014-08-27 22:00:00+00:00";"39";"81";"76";"2021";"NON";"NON";"81101";"";"";"";"2021-10-06";"132198";""
"81102";"3131";"PLU";"COM";"2010-02-09 23:00:00+00:00";"2002-05-31 22:00:00+00:00";"33";"81";"76";"2021";"NON";"NON";"81102";"";"";"";"2021-10-06";"55097";""
"81104";"1434";"CC";"CA";"2004-07-25 22:00:00+00:00";"2001-04-09 22:00:00+00:00";"13";"81";"76";"2021";"NON";"NON";"200066124";"";"";"";"2021-10-06";"86490";""
"81105";"3434";"PLU";"CA";"2004-05-27 22:00:00+00:00";"1998-09-16 22:00:00+00:00";"33";"81";"76";"2021";"NON";"NON";"200066124";"";"";"";"2021-10-06";"1778";""
"81106";"3499";"PLU";"CA";"2016-07-31 22:00:00+00:00";"2011-06-27 22:00:00+00:00";"39";"81";"76";"2021";"NON";"NON";"200066124";"";"";"";"2021-10-06";"112096";""
"81108";"3333";"PLUi/PLUiS";"CA";"2012-12-16 23:00:00+00:00";"2009-07-12 22:00:00+00:00";"33";"81";"76";"2021";"OUI";"NON";"200066124";"";"";"";"2021-10-06";"71964";""
"81109";"1432";"CC";"CC";"2005-01-16 23:00:00+00:00";"2001-12-17 23:00:00+00:00";"13";"81";"76";"2021";"NON";"NON";"200034056";"";"";"";"2021-10-06";"68589";""
"81112";"3499";"PLU";"CA";"2018-09-16 22:00:00+00:00";"2013-07-10 22:00:00+00:00";"39";"81";"76";"2021";"NON";"NON";"200066124";"";"";"";"2021-10-06";"123374";""
"81114";"1199";"CC";"COM";"2012-11-29 23:00:00+00:00";"2007-10-29 23:00:00+00:00";"19";"81";"76";"2021";"NON";"NON";"81114";"";"";"";"2021-10-06";"86554";""
"81115";"3432";"PLU";"CC";"2007-05-09 22:00:00+00:00";"2003-11-23 23:00:00+00:00";"33";"81";"76";"2021";"NON";"NON";"248100745";"";"";"";"2021-10-06";"55100";""
"81116";"3199";"PLU";"COM";"2017-02-28 23:00:00+00:00";"2015-02-03 23:00:00+00:00";"39";"81";"76";"2021";"NON";"NON";"81116";"";"";"";"2021-10-06";"137200";""
"81117";"1434";"CC";"CA";"2006-06-11 22:00:00+00:00";"2004-09-23 22:00:00+00:00";"13";"81";"76";"2021";"NON";"NON";"200066124";"";"";"";"2021-10-06";"65007";""
"81118";"1432";"CC";"CC";"2006-06-07 22:00:00+00:00";"2002-06-02 22:00:00+00:00";"13";"81";"76";"2021";"NON";"NON";"200034056";"";"";"";"2021-10-06";"68590";""
"81119";"3299";"PLUi/PLUiS";"CC";"2020-02-26 23:00:00+00:00";"2015-01-18 23:00:00+00:00";"39";"81";"76";"2021";"NON";"OUI";"200034049";"";"";"";"2021-10-06";"137203";""
"81120";"3199";"PLU";"COM";"2019-06-26 22:00:00+00:00";"2014-09-17 22:00:00+00:00";"39";"81";"76";"2021";"NON";"NON";"81120";"";"";"";"2021-10-06";"63372";""
"81124";"3433";"PLU";"CC";"2003-07-29 22:00:00+00:00";"1998-09-29 22:00:00+00:00";"33";"81";"76";"2021";"NON";"NON";"200066553";"";"";"";"2021-10-06";"55101";""
"81125";"3399";"PLUi/PLUiS";"CC";"2010-09-27 22:00:00+00:00";"2005-12-06 23:00:00+00:00";"39";"81";"76";"2021";"OUI";"NON";"200066561";"";"";"";"2021-10-06";"88762";""
"81126";"1199";"CC";"COM";"2013-04-25 22:00:00+00:00";"2007-11-20 23:00:00+00:00";"19";"81";"76";"2021";"NON";"NON";"81126";"";"";"";"2021-10-06";"67486";""
"81127";"3299";"PLUi/PLUiS";"CC";"2019-12-02 23:00:00+00:00";"2013-12-02 23:00:00+00:00";"39";"81";"76";"2021";"NON";"OUI";"81127";"";"";"";"2021-10-06";"127348";""
"81128";"3399";"PLUi/PLUiS";"CC";"2020-02-23 23:00:00+00:00";"2014-06-15 22:00:00+00:00";"39";"81";"76";"2021";"OUI";"NON";"200066561";"";"";"";"2021-10-06";"130776";""
"81129";"3299";"PLUi/PLUiS";"CC";"2019-12-02 23:00:00+00:00";"2013-12-02 23:00:00+00:00";"39";"81";"76";"2021";"NON";"OUI";"81129";"";"";"";"2021-10-06";"127348";""
"81130";"3199";"PLU";"COM";"2007-11-22 23:00:00+00:00";"2005-05-16 22:00:00+00:00";"39";"81";"76";"2021";"NON";"NON";"81130";"";"";"";"2021-10-06";"55102";""
"81131";"3499";"PLU";"CA";"2012-06-26 22:00:00+00:00";"2009-05-12 22:00:00+00:00";"39";"81";"76";"2021";"NON";"NON";"200066124";"";"";"";"2021-10-06";"63375";""
"81133";"3299";"PLUi/PLUiS";"CC";"2020-02-26 23:00:00+00:00";"2015-01-18 23:00:00+00:00";"39";"81";"76";"2021";"NON";"OUI";"200034049";"";"";"";"2021-10-06";"137203";""
"81134";"3499";"PLU";"CC";"2007-09-05 22:00:00+00:00";"2001-12-12 23:00:00+00:00";"39";"81";"76";"2021";"NON";"NON";"200066553";"";"";"";"2021-10-06";"147693";""
"81136";"3333";"PLUi/PLUiS";"CA";"2012-12-16 23:00:00+00:00";"2009-07-12 22:00:00+00:00";"33";"81";"76";"2021";"OUI";"NON";"200066124";"";"";"";"2021-10-06";"71964";""
"81137";"3399";"PLUi/PLUiS";"CC";"2020-02-23 23:00:00+00:00";"2014-06-15 22:00:00+00:00";"39";"81";"76";"2021";"OUI";"NON";"200066561";"";"";"";"2021-10-06";"130776";""
"81138";"3499";"PLU";"CA";"2014-02-24 23:00:00+00:00";"2011-01-06 23:00:00+00:00";"39";"81";"76";"2021";"NON";"NON";"200066124";"";"";"";"2021-10-06";"65226";""
"81139";"3432";"PLU";"CC";"2005-01-30 23:00:00+00:00";"1997-06-01 22:00:00+00:00";"33";"81";"76";"2021";"NON";"NON";"200034056";"";"";"";"2021-10-06";"55108";""
"81142";"3432";"PLU";"CC";"2017-10-12 22:00:00+00:00";"2009-04-02 22:00:00+00:00";"33";"81";"76";"2021";"NON";"NON";"81142";"";"";"";"2021-10-06";"63377";""
"81143";"3299";"PLUi/PLUiS";"CC";"2019-12-02 23:00:00+00:00";"2013-12-02 23:00:00+00:00";"39";"81";"76";"2021";"NON";"OUI";"248100158";"";"";"";"2021-10-06";"127348";""
"81144";"3299";"PLUi/PLUiS";"CA";"2020-02-10 23:00:00+00:00";"2015-12-16 23:00:00+00:00";"39";"81";"76";"2021";"NON";"OUI";"248100737";"";"";"";"2021-10-06";"144261";""
"81145";"3499";"PLU";"CA";"2012-06-13 22:00:00+00:00";"2002-12-19 23:00:00+00:00";"39";"81";"76";"2021";"NON";"NON";"200066124";"";"";"";"2021-10-06";"63379";""
"81146";"1432";"CC";"CC";"2006-09-08 22:00:00+00:00";"2002-06-12 22:00:00+00:00";"13";"81";"76";"2021";"NON";"NON";"81146";"";"";"";"2021-10-06";"14885";""
"81147";"3299";"PLUi/PLUiS";"CC";"2020-02-26 23:00:00+00:00";"2015-01-18 23:00:00+00:00";"39";"81";"76";"2021";"NON";"OUI";"200034049";"";"";"";"2021-10-06";"137203";""
"81148";"3333";"PLUi/PLUiS";"CA";"2012-12-16 23:00:00+00:00";"2009-07-12 22:00:00+00:00";"33";"81";"76";"2021";"OUI";"NON";"200066124";"";"";"";"2021-10-06";"71964";""
"81149";"3499";"PLU";"CA";"2016-10-17 22:00:00+00:00";"2011-05-24 22:00:00+00:00";"39";"81";"76";"2021";"NON";"NON";"200066124";"";"";"";"2021-10-06";"87261";""
"81150";"3199";"PLU";"COM";"2020-02-10 23:00:00+00:00";"2016-09-14 22:00:00+00:00";"39";"81";"76";"2021";"NON";"NON";"81150";"";"";"";"2021-10-06";"150562";""
"81151";"1432";"CC";"CC";"2010-09-23 22:00:00+00:00";"2006-04-11 22:00:00+00:00";"13";"81";"76";"2021";"NON";"NON";"200034056";"";"";"";"2021-10-06";"70072";""
"81152";"1199";"CC";"COM";"2005-11-17 23:00:00+00:00";"2002-06-13 22:00:00+00:00";"19";"81";"76";"2021";"NON";"NON";"81152";"";"";"";"2021-10-06";"70073";""
"81156";"3299";"PLUi/PLUiS";"CA";"2020-02-10 23:00:00+00:00";"2015-12-16 23:00:00+00:00";"39";"81";"76";"2021";"NON";"OUI";"248100737";"";"";"";"2021-10-06";"144261";""
"81157";"1111";"CC";"COM";"2007-10-18 22:00:00+00:00";"2006-02-09 23:00:00+00:00";"11";"81";"76";"2021";"NON";"NON";"81157";"";"";"";"2021-10-06";"68593";""
"81158";"3399";"PLUi/PLUiS";"CC";"2010-09-27 22:00:00+00:00";"2005-12-06 23:00:00+00:00";"39";"81";"76";"2021";"OUI";"NON";"200066561";"";"";"";"2021-10-06";"88762";""
"81159";"3199";"PLU";"COM";"2019-01-23 23:00:00+00:00";"2011-11-21 23:00:00+00:00";"39";"81";"76";"2021";"NON";"NON";"81159";"";"";"";"2021-10-06";"91361";""
"81160";"3299";"PLUi/PLUiS";"CC";"2019-12-02 23:00:00+00:00";"2013-12-02 23:00:00+00:00";"39";"81";"76";"2021";"NON";"OUI";"81160";"";"";"";"2021-10-06";"127348";""
"81161";"3299";"PLUi/PLUiS";"CC";"2019-12-22 23:00:00+00:00";"2014-05-06 22:00:00+00:00";"39";"81";"76";"2021";"NON";"OUI";"200034031";"";"";"";"2021-10-06";"130775";""
"81162";"3299";"PLUi/PLUiS";"CC";"2019-12-02 23:00:00+00:00";"2013-12-02 23:00:00+00:00";"39";"81";"76";"2021";"NON";"OUI";"248100158";"";"";"";"2021-10-06";"127348";""
"81163";"3131";"PLU";"COM";"2010-10-05 22:00:00+00:00";"1994-12-11 23:00:00+00:00";"33";"81";"76";"2021";"NON";"NON";"81163";"";"";"";"2021-10-06";"55104";""
"81164";"3499";"PLU";"CA";"2020-01-20 23:00:00+00:00";"2011-06-27 22:00:00+00:00";"39";"81";"76";"2021";"NON";"NON";"200066124";"";"";"";"2021-10-06";"87330";""
"81165";"1432";"CC";"CC";"2019-01-17 23:00:00+00:00";"2015-09-03 22:00:00+00:00";"13";"81";"76";"2021";"NON";"NON";"81165";"";"";"";"2021-10-06";"149514";""
"81166";"1199";"CC";"COM";"2004-11-15 23:00:00+00:00";"2003-09-25 22:00:00+00:00";"19";"81";"76";"2021";"NON";"NON";"81166";"";"";"";"2021-10-06";"68596";""
"81167";"3299";"PLUi/PLUiS";"CC";"2019-12-22 23:00:00+00:00";"2014-05-06 22:00:00+00:00";"39";"81";"76";"2021";"NON";"OUI";"200034031";"";"";"";"2021-10-06";"130775";""
"81168";"1199";"CC";"COM";"2007-03-29 22:00:00+00:00";"2003-09-10 22:00:00+00:00";"19";"81";"76";"2021";"NON";"NON";"81168";"";"";"";"2021-10-06";"68597";""
"81169";"3432";"PLU";"CC";"2014-02-07 23:00:00+00:00";"2011-01-21 23:00:00+00:00";"33";"81";"76";"2021";"NON";"NON";"81169";"";"";"";"2021-10-06";"50466";""
"81170";"1131";"CC";"COM";"2011-07-21 22:00:00+00:00";"2010-11-24 23:00:00+00:00";"13";"81";"76";"2021";"NON";"NON";"81170";"";"";"";"2021-10-06";"65756";""
"81171";"3499";"PLU";"CA";"2017-05-28 22:00:00+00:00";"2014-01-29 23:00:00+00:00";"39";"81";"76";"2021";"NON";"NON";"200066124";"";"";"";"2021-10-06";"129526";""
"81173";"1199";"CC";"COM";"2004-07-27 22:00:00+00:00";"2002-10-15 22:00:00+00:00";"19";"81";"76";"2021";"NON";"NON";"81173";"";"";"";"2021-10-06";"68598";""
"81174";"1432";"CC";"CC";"2006-01-09 23:00:00+00:00";"2003-03-19 23:00:00+00:00";"13";"81";"76";"2021";"NON";"NON";"200034056";"";"";"";"2021-10-06";"68599";""
"81175";"1433";"CC";"CA";"2006-11-16 23:00:00+00:00";"2005-01-20 23:00:00+00:00";"13";"81";"76";"2021";"NON";"NON";"200066124";"";"";"";"2021-10-06";"68600";""
"81176";"3333";"PLUi/PLUiS";"CA";"2012-12-16 23:00:00+00:00";"2009-07-12 22:00:00+00:00";"33";"81";"76";"2021";"OUI";"NON";"200066124";"";"";"";"2021-10-06";"71964";""
"81177";"3399";"PLUi/PLUiS";"CC";"2020-02-23 23:00:00+00:00";"2014-06-15 22:00:00+00:00";"39";"81";"76";"2021";"OUI";"NON";"200066561";"";"";"";"2021-10-06";"130776";""
"81178";"1414";"CC";"CA";"2015-06-11 22:00:00+00:00";"2013-12-11 23:00:00+00:00";"11";"81";"76";"2021";"NON";"NON";"200066124";"";"";"";"2021-10-06";"129721";""
"81179";"1432";"CC";"CC";"2011-02-21 23:00:00+00:00";"2006-04-01 22:00:00+00:00";"13";"81";"76";"2021";"NON";"NON";"81179";"";"";"";"2021-10-06";"67488";""
"81181";"1432";"CC";"CC";"2006-04-02 22:00:00+00:00";"2002-01-20 23:00:00+00:00";"13";"81";"76";"2021";"NON";"NON";"200034056";"";"";"";"2021-10-06";"68603";""
"81182";"3299";"PLUi/PLUiS";"CC";"2020-02-26 23:00:00+00:00";"2015-01-18 23:00:00+00:00";"39";"81";"76";"2021";"NON";"OUI";"81182";"";"";"";"2021-10-06";"137203";""
"81183";"3299";"PLUi/PLUiS";"CC";"2019-12-22 23:00:00+00:00";"2014-05-06 22:00:00+00:00";"39";"81";"76";"2021";"NON";"OUI";"200034031";"";"";"";"2021-10-06";"130775";""
"81184";"3299";"PLUi/PLUiS";"CC";"2017-10-23 22:00:00+00:00";"2012-11-14 23:00:00+00:00";"39";"81";"76";"2021";"NON";"OUI";"248200107";"";"";"";"2021-10-06";"116982";""
"81185";"1433";"CC";"CA";"2010-11-25 23:00:00+00:00";"2008-05-29 22:00:00+00:00";"13";"81";"76";"2021";"NON";"NON";"200066124";"";"";"";"2021-10-06";"70074";""
"81186";"1199";"CC";"COM";"2007-10-25 22:00:00+00:00";"2003-10-30 23:00:00+00:00";"19";"81";"76";"2021";"NON";"NON";"81186";"";"";"";"2021-10-06";"68604";""
"81187";"3432";"PLU";"CC";"2014-03-13 23:00:00+00:00";"2011-01-20 23:00:00+00:00";"33";"81";"76";"2021";"NON";"NON";"81187";"";"";"";"2021-10-06";"65265";""
"81188";"1433";"CC";"CC";"2008-10-24 22:00:00+00:00";"2005-07-03 22:00:00+00:00";"13";"81";"76";"2021";"NON";"NON";"200066553";"";"";"";"2021-10-06";"70087";""
"81189";"3299";"PLUi/PLUiS";"CC";"2019-12-02 23:00:00+00:00";"2013-12-02 23:00:00+00:00";"39";"81";"76";"2021";"NON";"OUI";"81189";"";"";"";"2021-10-06";"127348";""
"81190";"3299";"PLUi/PLUiS";"CC";"2019-12-22 23:00:00+00:00";"2014-05-06 22:00:00+00:00";"39";"81";"76";"2021";"NON";"OUI";"200034031";"";"";"";"2021-10-06";"130775";""
"81191";"1432";"CC";"CC";"2011-04-05 22:00:00+00:00";"2008-07-24 22:00:00+00:00";"13";"81";"76";"2021";"NON";"NON";"81191";"";"";"";"2021-10-06";"70076";""
"81192";"3433";"PLU";"CC";"2009-09-09 22:00:00+00:00";"2006-03-01 23:00:00+00:00";"33";"81";"76";"2021";"NON";"NON";"200066553";"";"";"";"2021-10-06";"55115";""
"81195";"3199";"PLU";"COM";"2007-03-27 22:00:00+00:00";"2004-11-30 23:00:00+00:00";"39";"81";"76";"2021";"NON";"NON";"81195";"";"";"";"2021-10-06";"55116";""
"81196";"1199";"CC";"COM";"2013-02-03 23:00:00+00:00";"2011-04-13 22:00:00+00:00";"19";"81";"76";"2021";"NON";"NON";"81196";"";"";"";"2021-10-06";"65758";""
"81197";"3333";"PLUi/PLUiS";"CA";"2012-12-16 23:00:00+00:00";"2009-07-12 22:00:00+00:00";"33";"81";"76";"2021";"OUI";"NON";"200066124";"";"";"";"2021-10-06";"71964";""
"81198";"3299";"PLUi/PLUiS";"CC";"2020-02-26 23:00:00+00:00";"2015-01-18 23:00:00+00:00";"39";"81";"76";"2021";"NON";"OUI";"200034049";"";"";"";"2021-10-06";"137203";""
"81200";"1432";"CC";"CC";"2015-08-23 22:00:00+00:00";"2013-03-28 23:00:00+00:00";"13";"81";"76";"2021";"NON";"NON";"81200";"";"";"";"2021-10-06";"121740";""
"81201";"1131";"CC";"COM";"2010-06-23 22:00:00+00:00";"2009-11-30 23:00:00+00:00";"13";"81";"76";"2021";"NON";"NON";"81201";"";"";"";"2021-10-06";"87390";""
"81202";"3499";"PLU";"CA";"2012-06-25 22:00:00+00:00";"2008-09-09 22:00:00+00:00";"39";"81";"76";"2021";"NON";"NON";"200066124";"";"";"";"2021-10-06";"65267";""
"81203";"3299";"PLUi/PLUiS";"CC";"2019-12-22 23:00:00+00:00";"2014-05-06 22:00:00+00:00";"39";"81";"76";"2021";"NON";"OUI";"200034031";"";"";"";"2021-10-06";"130775";""
"81204";"3199";"PLU";"COM";"2006-05-31 22:00:00+00:00";"2002-09-29 22:00:00+00:00";"39";"81";"76";"2021";"NON";"NON";"81204";"";"";"";"2021-10-06";"55118";""
"81205";"3299";"PLUi/PLUiS";"CC";"2019-12-02 23:00:00+00:00";"2013-12-02 23:00:00+00:00";"39";"81";"76";"2021";"NON";"OUI";"81205";"";"";"";"2021-10-06";"127348";""
"81208";"3499";"PLU";"CA";"2014-02-16 23:00:00+00:00";"2010-11-07 23:00:00+00:00";"39";"81";"76";"2021";"NON";"NON";"200066124";"";"";"";"2021-10-06";"65269";""
"81209";"3131";"PLU";"COM";"2006-12-14 23:00:00+00:00";"2001-06-26 22:00:00+00:00";"33";"81";"76";"2021";"NON";"NON";"81209";"";"";"";"2021-10-06";"55119";""
"81210";"1432";"CC";"CC";"2006-08-24 22:00:00+00:00";"2004-07-06 22:00:00+00:00";"13";"81";"76";"2021";"NON";"NON";"81210";"";"";"";"2021-10-06";"14914";""
"81211";"3299";"PLUi/PLUiS";"CC";"2020-02-26 23:00:00+00:00";"2015-01-18 23:00:00+00:00";"39";"81";"76";"2021";"NON";"OUI";"200034049";"";"";"";"2021-10-06";"137203";""
"81214";"1432";"CC";"CC";"2003-11-18 23:00:00+00:00";"2001-12-06 23:00:00+00:00";"13";"81";"76";"2021";"NON";"NON";"81214";"";"";"";"2021-10-06";"68606";""
"81215";"3499";"PLU";"CA";"2014-02-19 23:00:00+00:00";"2010-10-17 22:00:00+00:00";"39";"81";"76";"2021";"NON";"NON";"200066124";"";"";"";"2021-10-06";"87443";""
"81216";"1432";"CC";"CC";"2006-05-18 22:00:00+00:00";"2001-11-29 23:00:00+00:00";"13";"81";"76";"2021";"NON";"NON";"200034056";"";"";"";"2021-10-06";"14917";""
"81217";"3333";"PLUi/PLUiS";"CA";"2012-12-16 23:00:00+00:00";"2009-07-12 22:00:00+00:00";"33";"81";"76";"2021";"OUI";"NON";"200066124";"";"";"";"2021-10-06";"71964";""
"81218";"3299";"PLUi/PLUiS";"CA";"2020-02-10 23:00:00+00:00";"2015-12-16 23:00:00+00:00";"39";"81";"76";"2021";"NON";"OUI";"248100737";"";"";"";"2021-10-06";"144261";""
"81219";"3299";"PLUi/PLUiS";"CC";"2019-12-02 23:00:00+00:00";"2013-12-02 23:00:00+00:00";"39";"81";"76";"2021";"NON";"OUI";"81219";"";"";"";"2021-10-06";"127348";""
"81220";"3499";"PLU";"CA";"2011-06-28 22:00:00+00:00";"2008-04-13 22:00:00+00:00";"39";"81";"76";"2021";"NON";"NON";"200066124";"";"";"";"2021-10-06";"63381";""
"81221";"3299";"PLUi/PLUiS";"CC";"2019-12-22 23:00:00+00:00";"2014-05-06 22:00:00+00:00";"39";"81";"76";"2021";"NON";"OUI";"200034031";"";"";"";"2021-10-06";"130775";""
"81222";"3299";"PLUi/PLUiS";"CC";"2020-02-26 23:00:00+00:00";"2015-01-18 23:00:00+00:00";"39";"81";"76";"2021";"NON";"OUI";"200034049";"";"";"";"2021-10-06";"137203";""
"81224";"1432";"CC";"CC";"2013-06-26 22:00:00+00:00";"2009-11-30 23:00:00+00:00";"13";"81";"76";"2021";"NON";"NON";"81224";"";"";"";"2021-10-06";"67227";""
"81225";"3434";"PLU";"CA";"2012-12-02 23:00:00+00:00";"2009-08-12 22:00:00+00:00";"33";"81";"76";"2021";"NON";"NON";"200066124";"";"";"";"2021-10-06";"50128";""
"81227";"3399";"PLUi/PLUiS";"CC";"2020-02-23 23:00:00+00:00";"2014-06-15 22:00:00+00:00";"39";"81";"76";"2021";"OUI";"NON";"200066561";"";"";"";"2021-10-06";"130776";""
"81228";"3499";"PLU";"CA";"2020-12-13 23:00:00+00:00";"2011-06-27 22:00:00+00:00";"39";"81";"76";"2021";"NON";"NON";"200066124";"";"";"";"2021-10-06";"87561";""
"81229";"1199";"CC";"COM";"2005-07-26 22:00:00+00:00";"2002-12-09 23:00:00+00:00";"19";"81";"76";"2021";"NON";"NON";"81229";"";"";"";"2021-10-06";"68610";""
"81230";"3131";"PLU";"COM";"2012-05-02 22:00:00+00:00";"2007-09-02 22:00:00+00:00";"33";"81";"76";"2021";"NON";"NON";"81230";"";"";"";"2021-10-06";"50129";""
"81231";"1432";"CC";"CC";"2007-12-20 23:00:00+00:00";"2006-01-26 23:00:00+00:00";"13";"81";"76";"2021";"NON";"NON";"248100745";"";"";"";"2021-10-06";"68611";""
"81232";"3299";"PLUi/PLUiS";"CA";"2020-02-10 23:00:00+00:00";"2015-12-16 23:00:00+00:00";"39";"81";"76";"2021";"NON";"OUI";"248100737";"";"";"";"2021-10-06";"144261";""
"81233";"3299";"PLUi/PLUiS";"CC";"2020-02-26 23:00:00+00:00";"2015-01-18 23:00:00+00:00";"39";"81";"76";"2021";"NON";"OUI";"200034049";"";"";"";"2021-10-06";"137203";""
"81234";"1432";"CC";"CC";"2013-05-23 22:00:00+00:00";"2009-04-09 22:00:00+00:00";"13";"81";"76";"2021";"NON";"NON";"81234";"";"";"";"2021-10-06";"67228";""
"81235";"3299";"PLUi/PLUiS";"CC";"2019-12-02 23:00:00+00:00";"2013-12-02 23:00:00+00:00";"39";"81";"76";"2021";"NON";"OUI";"248100158";"";"";"";"2021-10-06";"127348";""
"81236";"1199";"CC";"COM";"2018-03-14 23:00:00+00:00";"2012-02-27 23:00:00+00:00";"19";"81";"76";"2021";"NON";"NON";"81236";"";"";"";"2021-10-06";"129722";""
"81237";"1432";"CC";"CC";"2005-12-13 23:00:00+00:00";"2003-09-24 22:00:00+00:00";"13";"81";"76";"2021";"NON";"NON";"81237";"";"";"";"2021-10-06";"65533";""
"81238";"3199";"PLU";"COM";"2018-04-03 22:00:00+00:00";"2013-09-17 22:00:00+00:00";"39";"81";"76";"2021";"NON";"NON";"81238";"";"";"";"2021-10-06";"124950";""
"81239";"3432";"PLU";"CC";"2009-02-18 23:00:00+00:00";"2005-11-30 23:00:00+00:00";"33";"81";"76";"2021";"NON";"NON";"248100745";"";"";"";"2021-10-06";"55127";""
"81240";"3299";"PLUi/PLUiS";"CC";"2019-12-22 23:00:00+00:00";"2014-05-06 22:00:00+00:00";"39";"81";"76";"2021";"NON";"OUI";"200034031";"";"";"";"2021-10-06";"130775";""
"81242";"3299";"PLUi/PLUiS";"CC";"2019-12-02 23:00:00+00:00";"2013-12-02 23:00:00+00:00";"39";"81";"76";"2021";"NON";"OUI";"81242";"";"";"";"2021-10-06";"127348";""
"81243";"3333";"PLUi/PLUiS";"CA";"2012-12-16 23:00:00+00:00";"2009-07-12 22:00:00+00:00";"33";"81";"76";"2021";"OUI";"NON";"200066124";"";"";"";"2021-10-06";"71964";""
"81244";"3199";"PLU";"COM";"2019-06-30 22:00:00+00:00";"2014-09-10 22:00:00+00:00";"39";"81";"76";"2021";"NON";"NON";"81244";"";"";"";"2021-10-06";"132196";""
"81246";"3333";"PLUi/PLUiS";"CA";"2012-12-16 23:00:00+00:00";"2009-07-12 22:00:00+00:00";"33";"81";"76";"2021";"OUI";"NON";"200066124";"";"";"";"2021-10-06";"71964";""
"81248";"3499";"PLU";"CA";"2014-02-17 23:00:00+00:00";"2010-10-04 22:00:00+00:00";"39";"81";"76";"2021";"NON";"NON";"200066124";"";"";"";"2021-10-06";"65232";""
"81250";"1432";"CC";"CC";"2007-01-07 23:00:00+00:00";"2005-01-16 23:00:00+00:00";"13";"81";"76";"2021";"NON";"NON";"200034056";"";"";"";"2021-10-06";"68613";""
"81251";"3299";"PLUi/PLUiS";"CC";"2019-12-02 23:00:00+00:00";"2013-12-02 23:00:00+00:00";"39";"81";"76";"2021";"NON";"OUI";"81251";"";"";"";"2021-10-06";"127348";""
"81252";"3399";"PLUi/PLUiS";"CC";"2020-02-23 23:00:00+00:00";"2014-06-15 22:00:00+00:00";"39";"81";"76";"2021";"OUI";"NON";"200066561";"";"";"";"2021-10-06";"130776";""
"81253";"1199";"CC";"COM";"2010-05-25 22:00:00+00:00";"2008-05-19 22:00:00+00:00";"19";"81";"76";"2021";"NON";"NON";"81253";"";"";"";"2021-10-06";"70080";""
"81255";"3199";"PLU";"COM";"2015-11-19 23:00:00+00:00";"2010-01-28 23:00:00+00:00";"39";"81";"76";"2021";"NON";"NON";"81255";"";"";"";"2021-10-06";"63392";""
"81256";"3399";"PLUi/PLUiS";"CC";"2020-02-23 23:00:00+00:00";"2014-06-15 22:00:00+00:00";"39";"81";"76";"2021";"OUI";"NON";"200066561";"";"";"";"2021-10-06";"130776";""
"81257";"3299";"PLUi/PLUiS";"CA";"2020-02-10 23:00:00+00:00";"2015-12-16 23:00:00+00:00";"39";"81";"76";"2021";"NON";"OUI";"248100737";"";"";"";"2021-10-06";"144261";""
"81258";"1432";"CC";"CC";"2009-02-11 23:00:00+00:00";"2007-10-24 22:00:00+00:00";"13";"81";"76";"2021";"NON";"NON";"200034056";"";"";"";"2021-10-06";"70081";""
"81259";"1199";"CC";"COM";"2010-01-28 23:00:00+00:00";"2007-09-24 22:00:00+00:00";"19";"81";"76";"2021";"NON";"NON";"81259";"";"";"";"2021-10-06";"70083";""
"81261";"3199";"PLU";"COM";"2014-03-19 23:00:00+00:00";"2009-02-09 23:00:00+00:00";"39";"81";"76";"2021";"NON";"NON";"81261";"";"";"";"2021-10-06";"63393";""
"81262";"1432";"CC";"CC";"2011-08-30 22:00:00+00:00";"2005-05-11 22:00:00+00:00";"13";"81";"76";"2021";"NON";"NON";"81262";"";"";"";"2021-10-06";"67493";""
"81263";"1432";"CC";"CC";"2013-05-20 22:00:00+00:00";"2008-06-02 22:00:00+00:00";"13";"81";"76";"2021";"NON";"NON";"81263";"";"";"";"2021-10-06";"67229";""
"81266";"1432";"CC";"CC";"2006-08-28 22:00:00+00:00";"2002-12-19 23:00:00+00:00";"13";"81";"76";"2021";"NON";"NON";"200034056";"";"";"";"2021-10-06";"68616";""
"81267";"3399";"PLUi/PLUiS";"CC";"2010-09-27 22:00:00+00:00";"2005-12-06 23:00:00+00:00";"39";"81";"76";"2021";"OUI";"NON";"200066561";"";"";"";"2021-10-06";"88762";""
"81269";"3399";"PLUi/PLUiS";"CC";"2020-02-23 23:00:00+00:00";"2014-06-15 22:00:00+00:00";"39";"81";"76";"2021";"OUI";"NON";"200066561";"";"";"";"2021-10-06";"130776";""
"81270";"3299";"PLUi/PLUiS";"CC";"2019-12-02 23:00:00+00:00";"2013-12-02 23:00:00+00:00";"39";"81";"76";"2021";"NON";"OUI";"81270";"";"";"";"2021-10-06";"127348";""
"81271";"3199";"PLU";"COM";"2019-12-16 23:00:00+00:00";"2015-02-25 23:00:00+00:00";"39";"81";"76";"2021";"NON";"NON";"81271";"";"";"";"2021-10-06";"138087";""
"81272";"1433";"CC";"CA";"2005-11-08 23:00:00+00:00";"2002-03-26 23:00:00+00:00";"13";"81";"76";"2021";"NON";"NON";"200066124";"";"";"";"2021-10-06";"68617";""
"81273";"3299";"PLUi/PLUiS";"CC";"2019-12-02 23:00:00+00:00";"2013-12-02 23:00:00+00:00";"39";"81";"76";"2021";"NON";"OUI";"248100158";"";"";"";"2021-10-06";"127348";""
"81274";"3299";"PLUi/PLUiS";"CA";"2020-02-10 23:00:00+00:00";"2015-12-16 23:00:00+00:00";"39";"81";"76";"2021";"NON";"OUI";"248100737";"";"";"";"2021-10-06";"144261";""
"81275";"1199";"CC";"COM";"2011-02-07 23:00:00+00:00";"2004-07-01 22:00:00+00:00";"19";"81";"76";"2021";"NON";"NON";"81275";"";"";"";"2021-10-06";"14935";""
"81276";"3433";"PLU";"CA";"2013-06-27 22:00:00+00:00";"2007-08-29 22:00:00+00:00";"33";"81";"76";"2021";"NON";"NON";"200066124";"";"";"";"2021-10-06";"63394";""
"81277";"1199";"CC";"COM";"2004-08-09 22:00:00+00:00";"2001-06-06 22:00:00+00:00";"19";"81";"76";"2021";"NON";"NON";"81277";"";"";"";"2021-10-06";"68618";""
"81278";"1432";"CC";"CC";"2007-05-30 22:00:00+00:00";"2005-11-07 23:00:00+00:00";"13";"81";"76";"2021";"NON";"NON";"248100745";"";"";"";"2021-10-06";"70082";""
"81279";"1433";"CC";"CA";"2005-07-06 22:00:00+00:00";"2002-06-13 22:00:00+00:00";"13";"81";"76";"2021";"NON";"NON";"200066124";"";"";"";"2021-10-06";"68619";""
"81280";"1199";"CC";"COM";"2008-03-11 23:00:00+00:00";"2002-02-04 23:00:00+00:00";"19";"81";"76";"2021";"NON";"NON";"81280";"";"";"";"2021-10-06";"68620";""
"81281";"3299";"PLUi/PLUiS";"CC";"2019-12-02 23:00:00+00:00";"2013-12-02 23:00:00+00:00";"39";"81";"76";"2021";"NON";"OUI";"248100158";"";"";"";"2021-10-06";"127348";""
"81283";"3499";"PLU";"CA";"2013-06-23 22:00:00+00:00";"2008-12-03 23:00:00+00:00";"39";"81";"76";"2021";"NON";"NON";"200066124";"";"";"";"2021-10-06";"65234";""
"81284";"3299";"PLUi/PLUiS";"CA";"2020-02-10 23:00:00+00:00";"2015-12-16 23:00:00+00:00";"39";"81";"76";"2021";"NON";"OUI";"248100737";"";"";"";"2021-10-06";"144261";""
"81285";"1199";"CC";"COM";"2007-01-23 23:00:00+00:00";"2004-12-13 23:00:00+00:00";"19";"81";"76";"2021";"NON";"NON";"81285";"";"";"";"2021-10-06";"68621";""
"81287";"3299";"PLUi/PLUiS";"CC";"2020-02-26 23:00:00+00:00";"2015-01-18 23:00:00+00:00";"39";"81";"76";"2021";"NON";"OUI";"200034049";"";"";"";"2021-10-06";"137203";""
"81288";"3432";"PLU";"CC";"2005-11-27 23:00:00+00:00";"1997-04-06 22:00:00+00:00";"33";"81";"76";"2021";"NON";"NON";"81288";"";"";"";"2021-10-06";"55129";""
"81289";"3299";"PLUi/PLUiS";"CC";"2019-12-02 23:00:00+00:00";"2013-12-02 23:00:00+00:00";"39";"81";"76";"2021";"NON";"OUI";"248100158";"";"";"";"2021-10-06";"127348";""
"81290";"1432";"CC";"CC";"2011-04-12 22:00:00+00:00";"2008-05-29 22:00:00+00:00";"13";"81";"76";"2021";"NON";"NON";"81290";"";"";"";"2021-10-06";"67230";""
"81291";"1131";"CC";"COM";"2008-08-17 22:00:00+00:00";"2007-05-21 22:00:00+00:00";"13";"81";"76";"2021";"NON";"NON";"81291";"";"";"";"2021-10-06";"14939";""
"81292";"1131";"CC";"COM";"2004-06-06 22:00:00+00:00";"2002-07-11 22:00:00+00:00";"13";"81";"76";"2021";"NON";"NON";"81292";"";"";"";"2021-10-06";"65535";""
"81293";"1433";"CC";"CA";"2004-04-14 22:00:00+00:00";"2001-12-12 23:00:00+00:00";"13";"81";"76";"2021";"NON";"NON";"200066124";"";"";"";"2021-10-06";"68624";""
"81294";"3499";"PLU";"CA";"2018-11-11 23:00:00+00:00";"2016-05-22 22:00:00+00:00";"39";"81";"76";"2021";"NON";"NON";"200066124";"";"";"";"2021-10-06";"149116";""
"81295";"3299";"PLUi/PLUiS";"CC";"2019-12-22 23:00:00+00:00";"2014-05-06 22:00:00+00:00";"39";"81";"76";"2021";"NON";"OUI";"200034031";"";"";"";"2021-10-06";"130775";""
"81297";"3299";"PLUi/PLUiS";"CA";"2020-02-10 23:00:00+00:00";"2015-12-16 23:00:00+00:00";"39";"81";"76";"2021";"NON";"OUI";"248100737";"";"";"";"2021-10-06";"144261";""
"81298";"3199";"PLU";"COM";"2017-09-25 22:00:00+00:00";"2013-04-04 22:00:00+00:00";"39";"81";"76";"2021";"NON";"NON";"81298";"";"";"";"2021-10-06";"121736";""
"81299";"1432";"CC";"CC";"2004-02-19 23:00:00+00:00";"2002-09-22 22:00:00+00:00";"13";"81";"76";"2021";"NON";"NON";"200034056";"";"";"";"2021-10-06";"68626";""
"81300";"3333";"PLUi/PLUiS";"CA";"2012-12-16 23:00:00+00:00";"2009-07-12 22:00:00+00:00";"33";"81";"76";"2021";"OUI";"NON";"200066124";"";"";"";"2021-10-06";"71964";""
"81303";"3199";"PLU";"COM";"2014-10-12 22:00:00+00:00";"2008-08-04 22:00:00+00:00";"39";"81";"76";"2021";"NON";"NON";"81303";"";"";"";"2021-10-06";"63398";""
"81304";"1199";"CC";"COM";"2010-03-14 23:00:00+00:00";"2008-04-03 22:00:00+00:00";"19";"81";"76";"2021";"NON";"NON";"81304";"";"";"";"2021-10-06";"70085";""
"81305";"3399";"PLUi/PLUiS";"CC";"2010-09-27 22:00:00+00:00";"2005-12-06 23:00:00+00:00";"39";"81";"76";"2021";"OUI";"NON";"200066561";"";"";"";"2021-10-06";"88762";""
"81306";"1131";"CC";"COM";"2012-11-20 23:00:00+00:00";"2009-07-16 22:00:00+00:00";"13";"81";"76";"2021";"NON";"NON";"81306";"";"";"";"2021-10-06";"65763";""
"81307";"3199";"PLU";"COM";"2013-06-26 22:00:00+00:00";"2009-11-18 23:00:00+00:00";"39";"81";"76";"2021";"NON";"NON";"81307";"";"";"";"2021-10-06";"63401";""
"81308";"3199";"PLU";"COM";"2011-07-24 22:00:00+00:00";"2007-08-09 22:00:00+00:00";"39";"81";"76";"2021";"NON";"NON";"81308";"";"";"";"2021-10-06";"63400";""
"81309";"1432";"CC";"CC";"2006-03-14 23:00:00+00:00";"2001-12-09 23:00:00+00:00";"13";"81";"76";"2021";"NON";"NON";"81309";"";"";"";"2021-10-06";"14946";""
"81310";"1199";"CC";"COM";"2007-07-11 22:00:00+00:00";"2005-10-11 22:00:00+00:00";"19";"81";"76";"2021";"NON";"NON";"81310";"";"";"";"2021-10-06";"68628";""
"81311";"1432";"CC";"CC";"2006-08-20 22:00:00+00:00";"2001-12-18 23:00:00+00:00";"13";"81";"76";"2021";"NON";"NON";"200034056";"";"";"";"2021-10-06";"14948";""
"81312";"3299";"PLUi/PLUiS";"CC";"2019-12-02 23:00:00+00:00";"2013-12-02 23:00:00+00:00";"39";"81";"76";"2021";"NON";"OUI";"248100158";"";"";"";"2021-10-06";"127348";""
"81313";"3333";"PLUi/PLUiS";"CA";"2012-12-16 23:00:00+00:00";"2009-07-12 22:00:00+00:00";"33";"81";"76";"2021";"OUI";"NON";"200066124";"";"";"";"2021-10-06";"71964";""
"81314";"1433";"CC";"CC";"2008-05-05 22:00:00+00:00";"2007-04-06 22:00:00+00:00";"13";"81";"76";"2021";"NON";"NON";"200066553";"";"";"";"2021-10-06";"87663";""
"81315";"3432";"PLU";"CC";"2012-09-11 22:00:00+00:00";"2009-02-04 23:00:00+00:00";"33";"81";"76";"2021";"NON";"NON";"200034056";"";"";"";"2021-10-06";"63402";""
"81316";"3333";"PLUi/PLUiS";"CA";"2012-12-16 23:00:00+00:00";"2009-07-12 22:00:00+00:00";"33";"81";"76";"2021";"OUI";"NON";"200066124";"";"";"";"2021-10-06";"71964";""
"81317";"3299";"PLUi/PLUiS";"CC";"2019-12-22 23:00:00+00:00";"2014-05-06 22:00:00+00:00";"39";"81";"76";"2021";"NON";"OUI";"200034031";"";"";"";"2021-10-06";"130775";""
"81318";"3199";"PLU";"COM";"2018-02-05 23:00:00+00:00";"2011-06-28 22:00:00+00:00";"39";"81";"76";"2021";"NON";"NON";"81318";"";"";"";"2021-10-06";"90063";""
"81319";"1199";"CC";"COM";"2011-10-12 22:00:00+00:00";"2008-07-14 22:00:00+00:00";"19";"81";"76";"2021";"NON";"NON";"81319";"";"";"";"2021-10-06";"65238";""
"81320";"1432";"CC";"CC";"2013-03-28 23:00:00+00:00";"2009-07-05 22:00:00+00:00";"13";"81";"76";"2021";"NON";"NON";"81320";"";"";"";"2021-10-06";"14953";""
"81322";"1199";"CC";"COM";"2015-03-29 22:00:00+00:00";"2012-10-17 22:00:00+00:00";"19";"81";"76";"2021";"NON";"NON";"81322";"";"";"";"2021-10-06";"119340";""
"81323";"1432";"CC";"CC";"2007-04-16 22:00:00+00:00";"2005-11-29 23:00:00+00:00";"13";"81";"76";"2021";"NON";"NON";"200034056";"";"";"";"2021-10-06";"70086";""
"81324";"1199";"CC";"COM";"2006-03-01 23:00:00+00:00";"2002-07-03 22:00:00+00:00";"19";"81";"76";"2021";"NON";"NON";"81324";"";"";"";"2021-10-06";"14954";""
"81325";"3299";"PLUi/PLUiS";"CC";"2019-12-02 23:00:00+00:00";"2013-12-02 23:00:00+00:00";"39";"81";"76";"2021";"NON";"OUI";"248100158";"";"";"";"2021-10-06";"127348";""
"81326";"3131";"PLU";"COM";"2005-07-19 22:00:00+00:00";"1998-04-16 22:00:00+00:00";"33";"81";"76";"2021";"NON";"NON";"81326";"";"";"";"2021-10-06";"55141";""
"82001";"3199";"PLU";"COM";"2019-04-14 22:00:00+00:00";"2012-07-11 22:00:00+00:00";"39";"82";"76";"2021";"NON";"NON";"82001";"";"";"";"2021-10-06";"90673";""
"82002";"3199";"PLU";"COM";"2013-12-11 23:00:00+00:00";"2008-05-26 22:00:00+00:00";"39";"82";"76";"2021";"NON";"NON";"82002";"";"";"";"2021-10-06";"36724";""
"82005";"3432";"PLU";"CC";"2009-12-21 23:00:00+00:00";"2005-03-10 23:00:00+00:00";"33";"82";"76";"2021";"NON";"NON";"200066652";"";"";"";"2021-10-06";"33300";""
"82007";"1199";"CC";"COM";"2013-11-23 23:00:00+00:00";"2008-12-07 23:00:00+00:00";"19";"82";"76";"2021";"NON";"NON";"82007";"";"";"";"2021-10-06";"45954";""
"82008";"3432";"PLU";"CC";"2008-03-09 23:00:00+00:00";"2003-04-27 22:00:00+00:00";"33";"82";"76";"2021";"NON";"NON";"248200016";"";"";"";"2021-10-06";"55137";""
"82010";"3432";"PLU";"CC";"2013-12-11 23:00:00+00:00";"2011-09-06 22:00:00+00:00";"33";"82";"76";"2021";"NON";"NON";"248200016";"";"";"";"2021-10-06";"100306";""
"82011";"3131";"PLU";"COM";"2010-03-10 23:00:00+00:00";"2006-03-26 22:00:00+00:00";"33";"82";"76";"2021";"NON";"NON";"82011";"";"";"";"2021-10-06";"33302";""
"82012";"1199";"CC";"COM";"2005-05-12 22:00:00+00:00";"2004-02-01 23:00:00+00:00";"19";"82";"76";"2021";"NON";"NON";"82012";"";"";"";"2021-10-06";"68632";""
"82013";"3499";"PLU";"CC";"2014-02-18 23:00:00+00:00";"2009-07-07 22:00:00+00:00";"39";"82";"76";"2021";"NON";"NON";"248200065";"";"";"";"2021-10-06";"46443";""
"82014";"1432";"CC";"CC";"2013-03-10 23:00:00+00:00";"2006-02-23 23:00:00+00:00";"13";"82";"76";"2021";"NON";"NON";"200066652";"";"";"";"2021-10-06";"33132";""
"82015";"1499";"CC";"CC";"2010-11-09 23:00:00+00:00";"2010-01-27 23:00:00+00:00";"19";"82";"76";"2021";"NON";"NON";"248200065";"";"";"";"2021-10-06";"70088";""
"82018";"1199";"CC";"COM";"2017-11-09 23:00:00+00:00";"2015-09-24 22:00:00+00:00";"19";"82";"76";"2021";"NON";"NON";"82018";"";"";"";"2021-10-06";"134390";""
"82019";"1432";"CC";"CC";"2005-12-04 23:00:00+00:00";"2003-10-02 22:00:00+00:00";"13";"82";"76";"2021";"NON";"NON";"200066322";"";"";"";"2021-10-06";"94299";""
"82020";"1432";"CC";"CC";"2011-01-20 23:00:00+00:00";"2005-12-19 23:00:00+00:00";"13";"82";"76";"2021";"NON";"NON";"200066652";"";"";"";"2021-10-06";"33133";""
"82021";"3199";"PLU";"COM";"2011-12-08 23:00:00+00:00";"2008-05-26 22:00:00+00:00";"39";"82";"76";"2021";"NON";"NON";"82021";"";"";"";"2021-10-06";"45901";""
"82022";"3199";"PLU";"COM";"2014-05-18 22:00:00+00:00";"2008-02-26 23:00:00+00:00";"39";"82";"76";"2021";"NON";"NON";"82022";"";"";"";"2021-10-06";"45903";""
"82023";"3432";"PLU";"CC";"2010-11-18 23:00:00+00:00";"2008-12-09 23:00:00+00:00";"33";"82";"76";"2021";"NON";"NON";"200066652";"";"";"";"2021-10-06";"22985";""
"82025";"3199";"PLU";"COM";"2017-05-14 22:00:00+00:00";"2013-02-26 23:00:00+00:00";"39";"82";"76";"2021";"NON";"NON";"82025";"";"";"";"2021-10-06";"122655";""
"82026";"3199";"PLU";"COM";"2008-04-03 22:00:00+00:00";"2005-03-16 23:00:00+00:00";"39";"82";"76";"2021";"NON";"NON";"82026";"";"";"";"2021-10-06";"33303";""
"82027";"3432";"PLU";"CC";"2006-07-18 22:00:00+00:00";"2001-09-12 22:00:00+00:00";"33";"82";"76";"2021";"NON";"NON";"200066652";"";"";"";"2021-10-06";"55144";""
"82028";"3432";"PLU";"CC";"2015-11-23 23:00:00+00:00";"2007-07-09 22:00:00+00:00";"33";"82";"76";"2021";"NON";"NON";"200066652";"";"";"";"2021-10-06";"33064";""
"82029";"3299";"PLUi/PLUiS";"CC";"2017-10-23 22:00:00+00:00";"2012-11-14 23:00:00+00:00";"39";"82";"76";"2021";"NON";"OUI";"248200107";"";"";"";"2021-10-06";"116982";""
"82030";"1432";"CC";"CC";"2006-03-21 23:00:00+00:00";"2004-05-06 22:00:00+00:00";"13";"82";"76";"2021";"NON";"NON";"200066322";"";"";"";"2021-10-06";"15064";""
"82031";"3432";"PLU";"CC";"2004-06-22 22:00:00+00:00";"2000-01-18 23:00:00+00:00";"33";"82";"76";"2021";"NON";"NON";"200066322";"";"";"";"2021-10-06";"55139";""
"82032";"1432";"CC";"CC";"2005-05-17 22:00:00+00:00";"2004-01-19 23:00:00+00:00";"13";"82";"76";"2021";"NON";"NON";"248200016";"";"";"";"2021-10-06";"68634";""
"82033";"3432";"PLU";"CC";"2017-12-19 23:00:00+00:00";"2014-06-29 22:00:00+00:00";"33";"82";"76";"2021";"NON";"NON";"200066322";"";"";"";"2021-10-06";"134388";""
"82037";"3199";"PLU";"COM";"2014-06-05 22:00:00+00:00";"2008-12-10 23:00:00+00:00";"39";"82";"76";"2021";"NON";"NON";"82037";"";"";"";"2021-10-06";"40497";""
"82038";"3299";"PLUi/PLUiS";"CC";"2017-10-23 22:00:00+00:00";"2012-11-14 23:00:00+00:00";"39";"82";"76";"2021";"NON";"OUI";"248200107";"";"";"";"2021-10-06";"116982";""
"82039";"1131";"CC";"COM";"2002-06-17 22:00:00+00:00";"2001-05-17 22:00:00+00:00";"13";"82";"76";"2021";"NON";"NON";"82039";"";"";"";"2021-10-06";"68635";""
"82040";"3199";"PLU";"COM";"2011-09-28 22:00:00+00:00";"2009-05-17 22:00:00+00:00";"39";"82";"76";"2021";"NON";"NON";"82040";"";"";"";"2021-10-06";"40499";""
"82041";"3299";"PLUi/PLUiS";"CC";"2017-10-23 22:00:00+00:00";"2012-11-14 23:00:00+00:00";"39";"82";"76";"2021";"NON";"OUI";"248200107";"";"";"";"2021-10-06";"116982";""
"82042";"3199";"PLU";"COM";"2020-03-09 23:00:00+00:00";"2014-09-15 22:00:00+00:00";"39";"82";"76";"2021";"NON";"NON";"82042";"";"";"";"2021-10-06";"134389";""
"82043";"3432";"PLU";"CC";"2014-03-03 23:00:00+00:00";"2013-03-21 23:00:00+00:00";"33";"82";"76";"2021";"NON";"NON";"200066652";"";"";"";"2021-10-06";"125793";""
"82044";"3199";"PLU";"COM";"2014-08-31 22:00:00+00:00";"2009-05-26 22:00:00+00:00";"39";"82";"76";"2021";"NON";"NON";"82044";"";"";"";"2021-10-06";"40500";""
"82045";"3432";"PLU";"CC";"2014-01-08 23:00:00+00:00";"2009-10-22 22:00:00+00:00";"33";"82";"76";"2021";"NON";"NON";"200066322";"";"";"";"2021-10-06";"45915";""
"82048";"3432";"PLU";"CC";"2016-11-28 23:00:00+00:00";"2012-05-14 22:00:00+00:00";"33";"82";"76";"2021";"NON";"NON";"200066652";"";"";"";"2021-10-06";"114925";""
"82049";"3432";"PLU";"CC";"2006-01-25 23:00:00+00:00";"2001-10-18 22:00:00+00:00";"33";"82";"76";"2021";"NON";"NON";"248200016";"";"";"";"2021-10-06";"55148";""
"82050";"1432";"CC";"CC";"2003-11-12 23:00:00+00:00";"2002-05-11 22:00:00+00:00";"13";"82";"76";"2021";"NON";"NON";"248200016";"";"";"";"2021-10-06";"68637";""
"82052";"3499";"PLU";"CC";"2010-02-09 23:00:00+00:00";"2005-12-13 23:00:00+00:00";"39";"82";"76";"2021";"NON";"NON";"82052";"";"";"";"2021-10-06";"15075";""
"82056";"3299";"PLUi/PLUiS";"CC";"2017-10-23 22:00:00+00:00";"2012-11-14 23:00:00+00:00";"39";"82";"76";"2021";"NON";"OUI";"248200107";"";"";"";"2021-10-06";"116982";""
"82057";"3432";"PLU";"CC";"2015-11-23 23:00:00+00:00";"2011-12-14 23:00:00+00:00";"33";"82";"76";"2021";"NON";"NON";"200066652";"";"";"";"2021-10-06";"115221";""
"82059";"1499";"CC";"CC";"2007-03-20 23:00:00+00:00";"2005-01-14 23:00:00+00:00";"19";"82";"76";"2021";"NON";"NON";"248200065";"";"";"";"2021-10-06";"33135";""
"82060";"1199";"CC";"COM";"2012-08-05 22:00:00+00:00";"2008-11-04 23:00:00+00:00";"19";"82";"76";"2021";"NON";"NON";"82060";"";"";"";"2021-10-06";"45955";""
"82061";"3299";"PLUi/PLUiS";"CC";"2017-10-23 22:00:00+00:00";"2012-11-14 23:00:00+00:00";"39";"82";"76";"2021";"NON";"OUI";"248200107";"";"";"";"2021-10-06";"116982";""
"82062";"3432";"PLU";"CC";"2011-01-05 23:00:00+00:00";"2004-11-25 23:00:00+00:00";"33";"82";"76";"2021";"NON";"NON";"200066652";"";"";"";"2021-10-06";"33068";""
"82063";"1432";"CC";"CC";"2013-08-29 22:00:00+00:00";"2009-07-12 22:00:00+00:00";"13";"82";"76";"2021";"NON";"NON";"200066322";"";"";"";"2021-10-06";"45956";""
"82065";"3432";"PLU";"CC";"2009-12-03 23:00:00+00:00";"2005-12-08 23:00:00+00:00";"33";"82";"76";"2021";"NON";"NON";"248200016";"";"";"";"2021-10-06";"33069";""
"82066";"3199";"PLU";"COM";"2014-03-12 23:00:00+00:00";"2008-09-23 22:00:00+00:00";"39";"82";"76";"2021";"NON";"NON";"82066";"";"";"";"2021-10-06";"40501";""
"82069";"3299";"PLUi/PLUiS";"CC";"2017-10-23 22:00:00+00:00";"2012-11-14 23:00:00+00:00";"39";"82";"76";"2021";"NON";"OUI";"248200107";"";"";"";"2021-10-06";"116982";""
"82072";"3432";"PLU";"CC";"2006-03-15 23:00:00+00:00";"2004-02-23 23:00:00+00:00";"33";"82";"76";"2021";"NON";"NON";"248200016";"";"";"";"2021-10-06";"55149";""
"82073";"3432";"PLU";"CC";"2014-06-11 22:00:00+00:00";"2008-01-22 23:00:00+00:00";"33";"82";"76";"2021";"NON";"NON";"248200016";"";"";"";"2021-10-06";"40502";""
"82075";"2432";"POS";"CC";"2001-12-19 23:00:00+00:00";"2001-12-19 23:00:00+00:00";"23";"82";"76";"2021";"NON";"NON";"200066652";"";"";"";"2021-10-06";"59770";""
"82076";"3131";"PLU";"COM";"2011-04-04 22:00:00+00:00";"2009-12-01 23:00:00+00:00";"33";"82";"76";"2021";"NON";"NON";"82076";"";"";"";"2021-10-06";"33073";""
"82077";"1199";"CC";"COM";"2011-10-11 22:00:00+00:00";"2009-11-18 23:00:00+00:00";"19";"82";"76";"2021";"NON";"NON";"82077";"";"";"";"2021-10-06";"45957";""
"82079";"3432";"PLU";"CC";"2003-05-29 22:00:00+00:00";"1997-09-24 22:00:00+00:00";"33";"82";"76";"2021";"NON";"NON";"200066652";"";"";"";"2021-10-06";"55151";""
"82080";"3199";"PLU";"COM";"2008-04-29 22:00:00+00:00";"2005-04-07 22:00:00+00:00";"39";"82";"76";"2021";"NON";"NON";"82080";"";"";"";"2021-10-06";"55152";""
"82082";"3299";"PLUi/PLUiS";"CC";"2017-10-23 22:00:00+00:00";"2012-11-14 23:00:00+00:00";"39";"82";"76";"2021";"NON";"OUI";"248200107";"";"";"";"2021-10-06";"116982";""
"82085";"3199";"PLU";"COM";"2014-02-28 23:00:00+00:00";"2009-12-01 23:00:00+00:00";"39";"82";"76";"2021";"NON";"NON";"82085";"";"";"";"2021-10-06";"45920";""
"82086";"3432";"PLU";"CC";"2013-02-28 23:00:00+00:00";"2009-06-08 22:00:00+00:00";"33";"82";"76";"2021";"NON";"NON";"200066322";"";"";"";"2021-10-06";"125834";""
"82087";"3199";"PLU";"COM";"2019-05-22 22:00:00+00:00";"2015-12-16 23:00:00+00:00";"39";"82";"76";"2021";"NON";"NON";"82087";"";"";"";"2021-10-06";"146366";""
"82088";"3299";"PLUi/PLUiS";"CC";"2017-10-23 22:00:00+00:00";"2012-11-14 23:00:00+00:00";"39";"82";"76";"2021";"NON";"OUI";"248200107";"";"";"";"2021-10-06";"116982";""
"82089";"3432";"PLU";"CC";"2008-03-05 23:00:00+00:00";"2003-06-15 22:00:00+00:00";"33";"82";"76";"2021";"NON";"NON";"248200016";"";"";"";"2021-10-06";"55153";""
"82090";"3131";"PLU";"COM";"2007-02-25 23:00:00+00:00";"2004-02-02 23:00:00+00:00";"33";"82";"76";"2021";"NON";"NON";"82090";"";"";"";"2021-10-06";"33077";""
"82091";"1499";"CC";"CC";"2011-12-19 23:00:00+00:00";"2008-07-07 22:00:00+00:00";"19";"82";"76";"2021";"NON";"NON";"248200065";"";"";"";"2021-10-06";"67231";""
"82092";"3199";"PLU";"COM";"2018-05-27 22:00:00+00:00";"2011-03-02 23:00:00+00:00";"39";"82";"76";"2021";"NON";"NON";"82092";"";"";"";"2021-10-06";"100303";""
"82093";"1499";"CC";"CC";"2005-07-26 22:00:00+00:00";"2002-06-03 22:00:00+00:00";"19";"82";"76";"2021";"NON";"NON";"248200065";"";"";"";"2021-10-06";"68639";""
"82094";"3199";"PLU";"COM";"2021-03-17 23:00:00+00:00";"2011-09-27 22:00:00+00:00";"39";"82";"76";"2021";"NON";"NON";"82094";"";"";"";"2021-10-06";"33078";""
"82095";"3199";"PLU";"COM";"2017-06-19 22:00:00+00:00";"2010-03-11 23:00:00+00:00";"39";"82";"76";"2021";"NON";"NON";"82095";"";"";"";"2021-10-06";"91059";""
"82096";"3432";"PLU";"CC";"2015-03-18 23:00:00+00:00";"2010-06-30 22:00:00+00:00";"33";"82";"76";"2021";"NON";"NON";"200066322";"";"";"";"2021-10-06";"64198";""
"82097";"1414";"CC";"CC";"2004-04-19 22:00:00+00:00";"2001-04-06 22:00:00+00:00";"11";"82";"76";"2021";"NON";"NON";"248200065";"";"";"";"2021-10-06";"70405";""
"82098";"3199";"PLU";"COM";"2017-04-19 22:00:00+00:00";"2008-11-26 23:00:00+00:00";"39";"82";"76";"2021";"NON";"NON";"82098";"";"";"";"2021-10-06";"45931";""
"82099";"1432";"CC";"CC";"2003-03-25 23:00:00+00:00";"2002-10-01 22:00:00+00:00";"13";"82";"76";"2021";"NON";"NON";"200066322";"";"";"";"2021-10-06";"65538";""
"82100";"3299";"PLUi/PLUiS";"CC";"2017-10-23 22:00:00+00:00";"2012-11-14 23:00:00+00:00";"39";"82";"76";"2021";"NON";"OUI";"248200107";"";"";"";"2021-10-06";"116982";""
"82101";"3432";"PLU";"CC";"2006-07-26 22:00:00+00:00";"2002-01-23 23:00:00+00:00";"33";"82";"76";"2021";"NON";"NON";"248200016";"";"";"";"2021-10-06";"55155";""
"82102";"1432";"CC";"CC";"2010-11-24 23:00:00+00:00";"2009-12-03 23:00:00+00:00";"13";"82";"76";"2021";"NON";"NON";"248200016";"";"";"";"2021-10-06";"45961";""
"82105";"3432";"PLU";"CC";"2008-01-13 23:00:00+00:00";"2004-05-06 22:00:00+00:00";"33";"82";"76";"2021";"NON";"NON";"200066652";"";"";"";"2021-10-06";"55156";""
"82108";"3131";"PLU";"COM";"2007-04-09 22:00:00+00:00";"2003-02-17 23:00:00+00:00";"33";"82";"76";"2021";"NON";"NON";"82108";"";"";"";"2021-10-06";"33081";""
"82110";"1199";"CC";"COM";"2005-07-28 22:00:00+00:00";"2003-02-17 23:00:00+00:00";"19";"82";"76";"2021";"NON";"NON";"82110";"";"";"";"2021-10-06";"68640";""
"82112";"3432";"PLU";"CC";"2006-03-01 23:00:00+00:00";"2000-06-07 22:00:00+00:00";"33";"82";"76";"2021";"NON";"NON";"200066322";"";"";"";"2021-10-06";"934";""
"82113";"3199";"PLU";"COM";"2017-07-26 22:00:00+00:00";"2008-12-03 23:00:00+00:00";"39";"82";"76";"2021";"NON";"NON";"82113";"";"";"";"2021-10-06";"45933";""
"82114";"3432";"PLU";"CC";"2013-12-18 23:00:00+00:00";"2009-09-23 22:00:00+00:00";"33";"82";"76";"2021";"NON";"NON";"200066652";"";"";"";"2021-10-06";"45934";""
"82115";"3199";"PLU";"COM";"2013-06-24 22:00:00+00:00";"2005-12-11 23:00:00+00:00";"39";"82";"76";"2021";"NON";"NON";"82115";"";"";"";"2021-10-06";"64199";""
"82117";"1199";"CC";"COM";"2005-03-22 23:00:00+00:00";"2003-11-23 23:00:00+00:00";"19";"82";"76";"2021";"NON";"NON";"82117";"";"";"";"2021-10-06";"68641";""
"82120";"1111";"CC";"COM";"2011-11-16 23:00:00+00:00";"2008-05-21 22:00:00+00:00";"11";"82";"76";"2021";"NON";"NON";"82120";"";"";"";"2021-10-06";"45962";""
"82121";"3131";"PLU";"COM";"2016-11-29 23:00:00+00:00";"2013-12-17 23:00:00+00:00";"33";"82";"76";"2021";"NON";"NON";"82121";"";"";"";"2021-10-06";"136016";""
"82123";"3432";"PLU";"CC";"2008-02-27 23:00:00+00:00";"2002-05-06 22:00:00+00:00";"33";"82";"76";"2021";"NON";"NON";"200066652";"";"";"";"2021-10-06";"55160";""
"82124";"3199";"PLU";"COM";"2013-09-10 22:00:00+00:00";"2005-10-03 22:00:00+00:00";"39";"82";"76";"2021";"NON";"NON";"82124";"";"";"";"2021-10-06";"33086";""
"82125";"3432";"PLU";"CC";"2013-10-06 22:00:00+00:00";"2008-04-02 22:00:00+00:00";"33";"82";"76";"2021";"NON";"NON";"200066652";"";"";"";"2021-10-06";"33087";""
"82126";"3131";"PLU";"COM";"2007-01-09 23:00:00+00:00";"2001-09-28 22:00:00+00:00";"33";"82";"76";"2021";"NON";"NON";"82126";"";"";"";"2021-10-06";"55161";""
"82127";"3432";"PLU";"CC";"2013-10-16 22:00:00+00:00";"2009-05-03 22:00:00+00:00";"33";"82";"76";"2021";"NON";"NON";"200066322";"";"";"";"2021-10-06";"49919";""
"82131";"1199";"CC";"COM";"2016-12-11 23:00:00+00:00";"2014-11-12 23:00:00+00:00";"19";"82";"76";"2021";"NON";"NON";"82131";"";"";"";"2021-10-06";"136027";""
"82132";"3199";"PLU";"COM";"2007-10-25 22:00:00+00:00";"2003-10-16 22:00:00+00:00";"39";"82";"76";"2021";"NON";"NON";"82132";"";"";"";"2021-10-06";"33091";""
"82133";"3299";"PLUi/PLUiS";"CC";"2017-10-23 22:00:00+00:00";"2012-11-14 23:00:00+00:00";"39";"82";"76";"2021";"NON";"OUI";"248200107";"";"";"";"2021-10-06";"116982";""
"82134";"3199";"PLU";"COM";"2013-04-15 22:00:00+00:00";"2010-05-15 22:00:00+00:00";"39";"82";"76";"2021";"NON";"NON";"82134";"";"";"";"2021-10-06";"91404";""
"82135";"3432";"PLU";"CC";"2013-12-02 23:00:00+00:00";"2009-07-08 22:00:00+00:00";"33";"82";"76";"2021";"NON";"NON";"200066652";"";"";"";"2021-10-06";"149505";""
"82136";"3432";"PLU";"CC";"2014-03-10 23:00:00+00:00";"2009-06-22 22:00:00+00:00";"33";"82";"76";"2021";"NON";"NON";"200066652";"";"";"";"2021-10-06";"63409";""
"82137";"3299";"PLUi/PLUiS";"CC";"2017-10-23 22:00:00+00:00";"2012-11-14 23:00:00+00:00";"39";"82";"76";"2021";"NON";"OUI";"248200107";"";"";"";"2021-10-06";"116982";""
"82138";"1432";"CC";"CC";"2016-03-31 22:00:00+00:00";"2014-09-30 22:00:00+00:00";"13";"82";"76";"2021";"NON";"NON";"248200016";"";"";"";"2021-10-06";"136028";""
"82139";"1432";"CC";"CC";"2011-06-21 22:00:00+00:00";"2007-03-18 23:00:00+00:00";"13";"82";"76";"2021";"NON";"NON";"248200016";"";"";"";"2021-10-06";"45965";""
"82140";"1131";"CC";"COM";"2004-08-11 22:00:00+00:00";"2002-07-24 22:00:00+00:00";"13";"82";"76";"2021";"NON";"NON";"82140";"";"";"";"2021-10-06";"64978";""
"82141";"3432";"PLU";"CC";"2012-10-14 22:00:00+00:00";"2008-08-18 22:00:00+00:00";"33";"82";"76";"2021";"NON";"NON";"248200016";"";"";"";"2021-10-06";"63406";""
"82142";"3432";"PLU";"CC";"2014-10-29 23:00:00+00:00";"2008-12-14 23:00:00+00:00";"33";"82";"76";"2021";"NON";"NON";"200066652";"";"";"";"2021-10-06";"63410";""
"82144";"1199";"CC";"COM";"2006-04-24 22:00:00+00:00";"2005-02-16 23:00:00+00:00";"19";"82";"76";"2021";"NON";"NON";"82144";"";"";"";"2021-10-06";"68642";""
"82145";"1199";"CC";"COM";"2013-05-23 22:00:00+00:00";"2008-01-17 23:00:00+00:00";"19";"82";"76";"2021";"NON";"NON";"82145";"";"";"";"2021-10-06";"45966";""
"82147";"3299";"PLUi/PLUiS";"CC";"2017-10-23 22:00:00+00:00";"2012-11-14 23:00:00+00:00";"39";"82";"76";"2021";"NON";"OUI";"248200107";"";"";"";"2021-10-06";"116982";""
"82148";"1199";"CC";"COM";"2011-02-20 23:00:00+00:00";"2010-01-01 23:00:00+00:00";"19";"82";"76";"2021";"NON";"NON";"82148";"";"";"";"2021-10-06";"93207";""
"82149";"3199";"PLU";"COM";"2017-11-06 23:00:00+00:00";"2010-11-29 23:00:00+00:00";"39";"82";"76";"2021";"NON";"NON";"82149";"";"";"";"2021-10-06";"63411";""
"82150";"3199";"PLU";"COM";"2016-12-19 23:00:00+00:00";"2012-02-01 23:00:00+00:00";"39";"82";"76";"2021";"NON";"NON";"82150";"";"";"";"2021-10-06";"114889";""
"82152";"1432";"CC";"CC";"2014-11-24 23:00:00+00:00";"2012-07-01 22:00:00+00:00";"13";"82";"76";"2021";"NON";"NON";"200066322";"";"";"";"2021-10-06";"125724";""
"82155";"3299";"PLUi/PLUiS";"CC";"2017-10-23 22:00:00+00:00";"2012-11-14 23:00:00+00:00";"39";"82";"76";"2021";"NON";"OUI";"248200107";"";"";"";"2021-10-06";"116982";""
"82158";"1432";"CC";"CC";"2007-02-14 23:00:00+00:00";"2003-04-10 22:00:00+00:00";"13";"82";"76";"2021";"NON";"NON";"248200016";"";"";"";"2021-10-06";"68643";""
"82159";"1199";"CC";"COM";"2017-03-27 22:00:00+00:00";"2014-08-27 22:00:00+00:00";"19";"82";"76";"2021";"NON";"NON";"82159";"";"";"";"2021-10-06";"136029";""
"82160";"1432";"CC";"CC";"2009-10-25 23:00:00+00:00";"2007-05-20 22:00:00+00:00";"13";"82";"76";"2021";"NON";"NON";"248200016";"";"";"";"2021-10-06";"66513";""
"82161";"3131";"PLU";"COM";"2008-02-25 23:00:00+00:00";"2003-01-07 23:00:00+00:00";"33";"82";"76";"2021";"NON";"NON";"82161";"";"";"";"2021-10-06";"55164";""
"82165";"1432";"CC";"CC";"2008-12-18 23:00:00+00:00";"2008-06-19 22:00:00+00:00";"13";"82";"76";"2021";"NON";"NON";"248200016";"";"";"";"2021-10-06";"70091";""
"82167";"3199";"PLU";"COM";"2010-10-07 22:00:00+00:00";"2007-05-09 22:00:00+00:00";"39";"82";"76";"2021";"NON";"NON";"82167";"";"";"";"2021-10-06";"33126";""
"82169";"3432";"PLU";"CC";"2014-01-22 23:00:00+00:00";"2010-03-31 22:00:00+00:00";"33";"82";"76";"2021";"NON";"NON";"200066322";"";"";"";"2021-10-06";"63408";""
"82170";"3432";"PLU";"CC";"2012-01-11 23:00:00+00:00";"2007-07-05 22:00:00+00:00";"33";"82";"76";"2021";"NON";"NON";"248200016";"";"";"";"2021-10-06";"45944";""
"82171";"3432";"PLU";"CC";"2013-03-11 23:00:00+00:00";"2007-02-25 23:00:00+00:00";"33";"82";"76";"2021";"NON";"NON";"200066322";"";"";"";"2021-10-06";"33127";""
"82172";"3299";"PLUi/PLUiS";"CC";"2017-10-23 22:00:00+00:00";"2012-11-14 23:00:00+00:00";"39";"82";"76";"2021";"NON";"OUI";"248200107";"";"";"";"2021-10-06";"116982";""
"82173";"3432";"PLU";"CC";"2013-06-25 22:00:00+00:00";"2008-02-17 23:00:00+00:00";"33";"82";"76";"2021";"NON";"NON";"200066652";"";"";"";"2021-10-06";"40530";""
"82175";"1432";"CC";"CC";"2005-01-13 23:00:00+00:00";"2003-12-14 23:00:00+00:00";"13";"82";"76";"2021";"NON";"NON";"248200016";"";"";"";"2021-10-06";"68645";""
"82176";"1199";"CC";"COM";"2010-09-15 22:00:00+00:00";"2009-04-13 22:00:00+00:00";"19";"82";"76";"2021";"NON";"NON";"82176";"";"";"";"2021-10-06";"45967";""
"82178";"3432";"PLU";"CC";"2019-02-06 23:00:00+00:00";"2015-03-17 23:00:00+00:00";"33";"82";"76";"2021";"NON";"NON";"200066652";"";"";"";"2021-10-06";"143220";""
"82179";"3199";"PLU";"COM";"2017-06-15 22:00:00+00:00";"2014-10-06 22:00:00+00:00";"39";"82";"76";"2021";"NON";"NON";"82179";"";"";"";"2021-10-06";"136020";""
"82180";"1499";"CC";"CC";"2010-12-07 23:00:00+00:00";"2005-02-07 23:00:00+00:00";"19";"82";"76";"2021";"NON";"NON";"248200065";"";"";"";"2021-10-06";"15067";""
"82182";"1199";"CC";"COM";"2013-02-07 23:00:00+00:00";"2007-04-05 22:00:00+00:00";"19";"82";"76";"2021";"NON";"NON";"82182";"";"";"";"2021-10-06";"45969";""
"82183";"3199";"PLU";"COM";"2013-12-18 23:00:00+00:00";"2009-06-01 22:00:00+00:00";"39";"82";"76";"2021";"NON";"NON";"82183";"";"";"";"2021-10-06";"50399";""
"82184";"3199";"PLU";"COM";"2013-12-17 23:00:00+00:00";"2010-10-21 22:00:00+00:00";"39";"82";"76";"2021";"NON";"NON";"82184";"";"";"";"2021-10-06";"45945";""
"82186";"3432";"PLU";"CC";"2004-02-04 23:00:00+00:00";"1998-10-01 22:00:00+00:00";"33";"82";"76";"2021";"NON";"NON";"248200016";"";"";"";"2021-10-06";"55165";""
"82187";"3299";"PLUi/PLUiS";"CC";"2017-10-23 22:00:00+00:00";"2012-11-14 23:00:00+00:00";"39";"82";"76";"2021";"NON";"OUI";"248200107";"";"";"";"2021-10-06";"116982";""
"82188";"3432";"PLU";"CC";"2015-06-29 22:00:00+00:00";"2011-11-06 23:00:00+00:00";"33";"82";"76";"2021";"NON";"NON";"200066652";"";"";"";"2021-10-06";"91445";""
"82189";"1199";"CC";"COM";"2003-12-07 23:00:00+00:00";"2002-08-19 22:00:00+00:00";"19";"82";"76";"2021";"NON";"NON";"82189";"";"";"";"2021-10-06";"68648";""
"82190";"3432";"PLU";"CC";"2015-03-27 23:00:00+00:00";"2010-09-08 22:00:00+00:00";"33";"82";"76";"2021";"NON";"NON";"200066652";"";"";"";"2021-10-06";"63412";""
"82191";"3299";"PLUi/PLUiS";"CC";"2017-10-23 22:00:00+00:00";"2012-11-14 23:00:00+00:00";"39";"82";"76";"2021";"NON";"OUI";"248200107";"";"";"";"2021-10-06";"116982";""
"82192";"1199";"CC";"COM";"2011-05-24 22:00:00+00:00";"2007-06-28 22:00:00+00:00";"19";"82";"76";"2021";"NON";"NON";"82192";"";"";"";"2021-10-06";"45973";""
"82194";"3432";"PLU";"CC";"2013-11-05 23:00:00+00:00";"2009-07-07 22:00:00+00:00";"33";"82";"76";"2021";"NON";"NON";"200066652";"";"";"";"2021-10-06";"63407";""
"82195";"3199";"PLU";"COM";"2010-11-05 23:00:00+00:00";"2006-02-02 23:00:00+00:00";"39";"82";"76";"2021";"NON";"NON";"82195";"";"";"";"2021-10-06";"65241";""
"83002";"3199";"PLU";"COM";"2020-11-26 23:00:00+00:00";"2008-11-13 23:00:00+00:00";"39";"83";"93";"2021";"NON";"NON";"83002";"";"";"";"2021-10-06";"63413";""
"83003";"3199";"PLU";"COM";"2017-07-24 22:00:00+00:00";"2014-12-15 23:00:00+00:00";"39";"83";"93";"2021";"NON";"NON";"83003";"";"";"";"2021-10-06";"135387";""
"83004";"3199";"PLU";"COM";"2013-05-28 22:00:00+00:00";"2010-02-22 23:00:00+00:00";"39";"83";"93";"2021";"NON";"NON";"83004";"";"";"";"2021-10-06";"63414";""
"83005";"3199";"PLU";"COM";"2016-06-05 22:00:00+00:00";"2012-03-01 23:00:00+00:00";"39";"83";"93";"2021";"NON";"NON";"83005";"";"";"";"2021-10-06";"104760";""
"83006";"3199";"PLU";"COM";"2018-01-17 23:00:00+00:00";"2015-06-18 22:00:00+00:00";"39";"83";"93";"2021";"NON";"NON";"83006";"";"";"";"2021-10-06";"139654";""
"83007";"3131";"PLU";"COM";"2013-06-16 22:00:00+00:00";"2009-03-29 22:00:00+00:00";"33";"83";"93";"2021";"NON";"NON";"83007";"";"";"";"2021-10-06";"77772";""
"83008";"3131";"PLU";"COM";"2013-04-04 22:00:00+00:00";"2009-10-28 23:00:00+00:00";"33";"83";"93";"2021";"NON";"NON";"83008";"";"";"";"2021-10-06";"77712";""
"83009";"3199";"PLU";"COM";"2016-08-03 22:00:00+00:00";"2009-07-30 22:00:00+00:00";"39";"83";"93";"2021";"NON";"NON";"83009";"";"";"";"2021-10-06";"109834";""
"83011";"3131";"PLU";"COM";"2013-06-24 22:00:00+00:00";"2009-06-21 22:00:00+00:00";"33";"83";"93";"2021";"NON";"NON";"83011";"";"";"";"2021-10-06";"63418";""
"83012";"3199";"PLU";"COM";"2019-10-01 22:00:00+00:00";"2016-10-19 22:00:00+00:00";"39";"83";"93";"2021";"NON";"NON";"83012";"";"";"";"2021-10-06";"151247";""
"83013";"1199";"CC";"COM";"2021-08-22 22:00:00+00:00";"2015-01-15 23:00:00+00:00";"19";"83";"93";"2021";"NON";"NON";"83013";"";"";"";"2021-10-06";"148413";""
"83014";"3199";"PLU";"COM";"2017-09-28 22:00:00+00:00";"2011-03-31 22:00:00+00:00";"39";"83";"93";"2021";"NON";"NON";"83014";"";"";"";"2021-10-06";"115889";""
"83015";"3199";"PLU";"COM";"2018-02-25 23:00:00+00:00";"2008-05-13 22:00:00+00:00";"39";"83";"93";"2021";"NON";"NON";"83015";"";"";"";"2021-10-06";"62289";""
"83016";"3131";"PLU";"COM";"2012-08-20 22:00:00+00:00";"2002-06-26 22:00:00+00:00";"33";"83";"93";"2021";"NON";"NON";"83016";"";"";"";"2021-10-06";"84128";""
"83017";"3199";"PLU";"COM";"2017-12-10 23:00:00+00:00";"2014-10-05 22:00:00+00:00";"39";"83";"93";"2021";"NON";"NON";"83017";"";"";"";"2021-10-06";"133117";""
"83018";"3199";"PLU";"COM";"2018-02-20 23:00:00+00:00";"2005-02-13 23:00:00+00:00";"39";"83";"93";"2021";"NON";"NON";"83018";"";"";"";"2021-10-06";"12816";""
"83019";"3131";"PLU";"COM";"2011-03-27 22:00:00+00:00";"2002-03-10 23:00:00+00:00";"33";"83";"93";"2021";"NON";"NON";"83019";"";"";"";"2021-10-06";"13729";""
"83020";"1199";"CC";"COM";"2017-08-27 22:00:00+00:00";"2014-06-05 22:00:00+00:00";"19";"83";"93";"2021";"NON";"NON";"83020";"";"";"";"2021-10-06";"67495";""
"83021";"3199";"PLU";"COM";"2013-03-13 23:00:00+00:00";"2008-12-10 23:00:00+00:00";"39";"83";"93";"2021";"NON";"NON";"83021";"";"";"";"2021-10-06";"64665";""
"83023";"3131";"PLU";"COM";"2013-06-26 22:00:00+00:00";"2006-06-28 22:00:00+00:00";"33";"83";"93";"2021";"NON";"NON";"83023";"";"";"";"2021-10-06";"63419";""
"83025";"3199";"PLU";"COM";"2019-09-11 22:00:00+00:00";"2017-09-07 22:00:00+00:00";"39";"83";"93";"2021";"NON";"NON";"83025";"";"";"";"2021-10-06";"151596";""
"83026";"3199";"PLU";"COM";"2012-07-10 22:00:00+00:00";"2003-09-17 22:00:00+00:00";"39";"83";"93";"2021";"NON";"NON";"83026";"";"";"";"2021-10-06";"13837";""
"83027";"3199";"PLU";"COM";"2018-06-10 22:00:00+00:00";"2013-06-26 22:00:00+00:00";"39";"83";"93";"2021";"NON";"NON";"83027";"";"";"";"2021-10-06";"13880";""
"83028";"3131";"PLU";"COM";"2013-05-20 22:00:00+00:00";"2006-03-02 23:00:00+00:00";"33";"83";"93";"2021";"NON";"NON";"83028";"";"";"";"2021-10-06";"64200";""
"83029";"3131";"PLU";"COM";"2013-02-18 23:00:00+00:00";"2008-07-30 22:00:00+00:00";"33";"83";"93";"2021";"NON";"NON";"83029";"";"";"";"2021-10-06";"62285";""
"83030";"3199";"PLU";"COM";"2003-06-22 22:00:00+00:00";"2001-05-31 22:00:00+00:00";"39";"83";"93";"2021";"NON";"NON";"83030";"";"";"";"2021-10-06";"14085";""
"83031";"3131";"PLU";"COM";"2013-02-04 23:00:00+00:00";"2005-02-06 23:00:00+00:00";"33";"83";"93";"2021";"NON";"NON";"83031";"";"";"";"2021-10-06";"14190";""
"83032";"3199";"PLU";"COM";"2011-01-25 23:00:00+00:00";"2002-09-17 22:00:00+00:00";"39";"83";"93";"2021";"NON";"NON";"83032";"";"";"";"2021-10-06";"14340";""
"83033";"3131";"PLU";"COM";"2013-03-10 23:00:00+00:00";"2008-11-30 23:00:00+00:00";"33";"83";"93";"2021";"NON";"NON";"83033";"";"";"";"2021-10-06";"64201";""
"83035";"3131";"PLU";"COM";"2009-06-01 22:00:00+00:00";"2002-01-02 23:00:00+00:00";"33";"83";"93";"2021";"NON";"NON";"83035";"";"";"";"2021-10-06";"14718";""
"83036";"3131";"PLU";"COM";"2013-07-09 22:00:00+00:00";"2011-01-27 23:00:00+00:00";"33";"83";"93";"2021";"NON";"NON";"83036";"";"";"";"2021-10-06";"78467";""
"83037";"3131";"PLU";"COM";"2009-12-21 23:00:00+00:00";"2001-12-16 23:00:00+00:00";"33";"83";"93";"2021";"NON";"NON";"83037";"";"";"";"2021-10-06";"14854";""
"83038";"3199";"PLU";"COM";"2018-05-17 22:00:00+00:00";"2015-02-25 23:00:00+00:00";"39";"83";"93";"2021";"NON";"NON";"83038";"";"";"";"2021-10-06";"137522";""
"83039";"3131";"PLU";"COM";"2009-09-17 22:00:00+00:00";"2002-03-26 23:00:00+00:00";"33";"83";"93";"2021";"NON";"NON";"83039";"";"";"";"2021-10-06";"14865";""
"83040";"3131";"PLU";"COM";"2006-07-18 22:00:00+00:00";"2001-10-12 22:00:00+00:00";"33";"83";"93";"2021";"NON";"NON";"83040";"";"";"";"2021-10-06";"59784";""
"83041";"3199";"PLU";"COM";"2017-12-10 23:00:00+00:00";"2010-06-13 22:00:00+00:00";"39";"83";"93";"2021";"NON";"NON";"83041";"";"";"";"2021-10-06";"64206";""
"83042";"3131";"PLU";"COM";"2008-05-12 22:00:00+00:00";"2002-12-11 23:00:00+00:00";"33";"83";"93";"2021";"NON";"NON";"83042";"";"";"";"2021-10-06";"15134";""
"83043";"3199";"PLU";"COM";"2017-05-03 22:00:00+00:00";"2009-02-11 23:00:00+00:00";"39";"83";"93";"2021";"NON";"NON";"83043";"";"";"";"2021-10-06";"64207";""
"83044";"3199";"PLU";"COM";"2016-01-29 23:00:00+00:00";"2005-02-04 23:00:00+00:00";"39";"83";"93";"2021";"NON";"NON";"83044";"";"";"";"2021-10-06";"14908";""
"83045";"3199";"PLU";"COM";"2020-01-20 23:00:00+00:00";"2015-06-29 22:00:00+00:00";"39";"83";"93";"2021";"NON";"NON";"83045";"";"";"";"2021-10-06";"141229";""
"83046";"3199";"PLU";"COM";"2017-07-09 22:00:00+00:00";"2014-09-28 22:00:00+00:00";"39";"83";"93";"2021";"NON";"NON";"83046";"";"";"";"2021-10-06";"132949";""
"83047";"3434";"PLU";"MET";"2012-12-20 23:00:00+00:00";"2010-06-02 22:00:00+00:00";"33";"83";"93";"2021";"NON";"NON";"83047";"";"";"";"2021-10-06";"63422";""
"83048";"3131";"PLU";"COM";"2007-12-16 23:00:00+00:00";"2002-01-30 23:00:00+00:00";"33";"83";"93";"2021";"NON";"NON";"83048";"";"";"";"2021-10-06";"57044";""
"83049";"3199";"PLU";"COM";"2017-03-22 23:00:00+00:00";"2008-12-17 23:00:00+00:00";"39";"83";"93";"2021";"NON";"NON";"83049";"";"";"";"2021-10-06";"63425";""
"83050";"3199";"PLU";"COM";"2017-05-14 22:00:00+00:00";"2012-07-11 22:00:00+00:00";"39";"83";"93";"2021";"NON";"NON";"83050";"";"";"";"2021-10-06";"965";""
"83051";"3199";"PLU";"COM";"2016-12-22 23:00:00+00:00";"2013-08-05 22:00:00+00:00";"39";"83";"93";"2021";"NON";"NON";"83051";"";"";"";"2021-10-06";"128252";""
"83052";"3199";"PLU";"COM";"2017-08-27 22:00:00+00:00";"2012-02-12 23:00:00+00:00";"39";"83";"93";"2021";"NON";"NON";"83052";"";"";"";"2021-10-06";"104590";""
"83053";"3199";"PLU";"COM";"2012-05-11 22:00:00+00:00";"2009-10-29 23:00:00+00:00";"39";"83";"93";"2021";"NON";"NON";"83053";"";"";"";"2021-10-06";"62290";""
"83054";"3199";"PLU";"COM";"2021-05-31 22:00:00+00:00";"2015-04-13 22:00:00+00:00";"39";"83";"93";"2021";"NON";"NON";"83054";"";"";"";"2021-10-06";"138763";""
"83055";"3199";"PLU";"COM";"2017-05-01 22:00:00+00:00";"2011-11-27 23:00:00+00:00";"39";"83";"93";"2021";"NON";"NON";"83055";"";"";"";"2021-10-06";"63420";""
"83056";"3199";"PLU";"COM";"2017-10-10 22:00:00+00:00";"2014-03-03 23:00:00+00:00";"39";"83";"93";"2021";"NON";"NON";"83056";"";"";"";"2021-10-06";"130163";""
"83057";"3199";"PLU";"COM";"2006-03-21 23:00:00+00:00";"2001-07-29 22:00:00+00:00";"39";"83";"93";"2021";"NON";"NON";"83057";"";"";"";"2021-10-06";"15409";""
"83058";"3199";"PLU";"COM";"2017-10-18 22:00:00+00:00";"2014-04-28 22:00:00+00:00";"39";"83";"93";"2021";"NON";"NON";"83058";"";"";"";"2021-10-06";"64205";""
"83059";"3131";"PLU";"COM";"2013-04-29 22:00:00+00:00";"2009-10-15 22:00:00+00:00";"33";"83";"93";"2021";"NON";"NON";"83059";"";"";"";"2021-10-06";"64208";""
"83060";"1131";"CC";"COM";"2005-03-02 23:00:00+00:00";"2001-10-23 22:00:00+00:00";"13";"83";"93";"2021";"NON";"NON";"83060";"";"";"";"2021-10-06";"70139";""
"83061";"3199";"PLU";"COM";"2019-07-03 22:00:00+00:00";"2016-04-06 22:00:00+00:00";"39";"83";"93";"2021";"NON";"NON";"83061";"";"";"";"2021-10-06";"63421";""
"83062";"3499";"PLU";"MET";"2020-12-14 23:00:00+00:00";"2017-12-10 23:00:00+00:00";"39";"83";"93";"2021";"NON";"NON";"248300543";"";"";"";"2021-10-06";"149240";""
"83063";"3199";"PLU";"COM";"2017-03-22 23:00:00+00:00";"2015-01-27 23:00:00+00:00";"39";"83";"93";"2021";"NON";"NON";"83063";"";"";"";"2021-10-06";"138837";""
"83064";"3199";"PLU";"COM";"2019-08-25 22:00:00+00:00";"2002-11-12 23:00:00+00:00";"39";"83";"93";"2021";"NON";"NON";"83064";"";"";"";"2021-10-06";"15549";""
"83065";"3131";"PLU";"COM";"2009-07-15 22:00:00+00:00";"2004-06-08 22:00:00+00:00";"33";"83";"93";"2021";"NON";"NON";"83065";"";"";"";"2021-10-06";"57432";""
"83066";"3199";"PLU";"COM";"2017-03-22 23:00:00+00:00";"2014-06-25 22:00:00+00:00";"39";"83";"93";"2021";"NON";"NON";"83066";"";"";"";"2021-10-06";"131771";""
"83068";"3131";"PLU";"COM";"2012-03-15 23:00:00+00:00";"2002-10-17 22:00:00+00:00";"33";"83";"93";"2021";"NON";"NON";"83068";"";"";"";"2021-10-06";"15683";""
"83069";"3434";"PLU";"MET";"2017-02-09 23:00:00+00:00";"2014-06-26 22:00:00+00:00";"33";"83";"93";"2021";"NON";"NON";"83069";"";"";"";"2021-10-06";"161570";""
"83070";"3131";"PLU";"COM";"2017-09-03 22:00:00+00:00";"2014-06-26 22:00:00+00:00";"33";"83";"93";"2021";"NON";"NON";"83070";"";"";"";"2021-10-06";"133509";""
"83071";"3131";"PLU";"COM";"2013-06-18 22:00:00+00:00";"2002-03-27 23:00:00+00:00";"33";"83";"93";"2021";"NON";"NON";"83071";"";"";"";"2021-10-06";"109049";""
"83072";"3199";"PLU";"COM";"2017-07-11 22:00:00+00:00";"2012-09-19 22:00:00+00:00";"39";"83";"93";"2021";"NON";"NON";"83072";"";"";"";"2021-10-06";"112779";""
"83073";"3131";"PLU";"COM";"2013-04-29 22:00:00+00:00";"2001-10-20 22:00:00+00:00";"33";"83";"93";"2021";"NON";"NON";"83073";"";"";"";"2021-10-06";"16017";""
"83074";"3199";"PLU";"COM";"2006-06-01 22:00:00+00:00";"2001-09-27 22:00:00+00:00";"39";"83";"93";"2021";"NON";"NON";"83074";"";"";"";"2021-10-06";"16033";""
"83075";"3199";"PLU";"COM";"2018-10-21 22:00:00+00:00";"2006-03-14 23:00:00+00:00";"39";"83";"93";"2021";"NON";"NON";"83075";"";"";"";"2021-10-06";"49960";""
"83076";"3131";"PLU";"COM";"2015-02-17 23:00:00+00:00";"2009-05-06 22:00:00+00:00";"33";"83";"93";"2021";"NON";"NON";"83076";"";"";"";"2021-10-06";"62291";""
"83077";"3131";"PLU";"COM";"2006-12-19 23:00:00+00:00";"2002-06-06 22:00:00+00:00";"33";"83";"93";"2021";"NON";"NON";"83077";"";"";"";"2021-10-06";"55171";""
"83078";"3199";"PLU";"COM";"2017-10-11 22:00:00+00:00";"2014-08-05 22:00:00+00:00";"39";"83";"93";"2021";"NON";"NON";"83078";"";"";"";"2021-10-06";"63429";""
"83079";"3199";"PLU";"COM";"2019-12-15 23:00:00+00:00";"2015-11-22 23:00:00+00:00";"39";"83";"93";"2021";"NON";"NON";"83079";"";"";"";"2021-10-06";"143500";""
"83080";"3199";"PLU";"COM";"2011-05-05 22:00:00+00:00";"2003-07-30 22:00:00+00:00";"39";"83";"93";"2021";"NON";"NON";"83080";"";"";"";"2021-10-06";"16130";""
"83081";"3131";"PLU";"COM";"2017-03-15 23:00:00+00:00";"2014-09-04 22:00:00+00:00";"33";"83";"93";"2021";"NON";"NON";"83081";"";"";"";"2021-10-06";"138835";""
"83083";"3199";"PLU";"COM";"2020-02-12 23:00:00+00:00";"2017-01-23 23:00:00+00:00";"39";"83";"93";"2021";"NON";"NON";"83083";"";"";"";"2021-10-06";"154960";""
"83084";"3199";"PLU";"COM";"2020-03-04 23:00:00+00:00";"2013-09-25 22:00:00+00:00";"39";"83";"93";"2021";"NON";"NON";"83084";"";"";"";"2021-10-06";"129848";""
"83085";"3199";"PLU";"COM";"2016-08-31 22:00:00+00:00";"2008-11-13 23:00:00+00:00";"39";"83";"93";"2021";"NON";"NON";"83085";"";"";"";"2021-10-06";"63431";""
"83086";"3199";"PLU";"COM";"2016-12-18 23:00:00+00:00";"2009-06-28 22:00:00+00:00";"39";"83";"93";"2021";"NON";"NON";"83086";"";"";"";"2021-10-06";"64211";""
"83087";"3199";"PLU";"COM";"2020-10-12 22:00:00+00:00";"2011-07-10 22:00:00+00:00";"39";"83";"93";"2021";"NON";"NON";"83087";"";"";"";"2021-10-06";"91863";""
"83088";"3199";"PLU";"COM";"2018-01-22 23:00:00+00:00";"2014-09-28 22:00:00+00:00";"39";"83";"93";"2021";"NON";"NON";"83088";"";"";"";"2021-10-06";"132964";""
"83090";"3499";"PLU";"MET";"2016-12-18 23:00:00+00:00";"2009-09-27 22:00:00+00:00";"39";"83";"93";"2021";"NON";"NON";"248300543";"";"";"";"2021-10-06";"64209";""
"83091";"3199";"PLU";"COM";"2020-02-03 23:00:00+00:00";"2015-12-09 23:00:00+00:00";"39";"83";"93";"2021";"NON";"NON";"83091";"";"";"";"2021-10-06";"145214";""
"83092";"3131";"PLU";"COM";"2012-06-27 22:00:00+00:00";"2002-07-28 22:00:00+00:00";"33";"83";"93";"2021";"NON";"NON";"83092";"";"";"";"2021-10-06";"57045";""
"83093";"3131";"PLU";"COM";"2004-07-15 22:00:00+00:00";"2001-05-21 22:00:00+00:00";"33";"83";"93";"2021";"NON";"NON";"83093";"";"";"";"2021-10-06";"16403";""
"83094";"3199";"PLU";"COM";"2020-02-14 23:00:00+00:00";"2017-04-19 22:00:00+00:00";"39";"83";"93";"2021";"NON";"NON";"83094";"";"";"";"2021-10-06";"139655";""
"83095";"3199";"PLU";"COM";"2020-01-28 23:00:00+00:00";"2015-09-08 22:00:00+00:00";"39";"83";"93";"2021";"NON";"NON";"83095";"";"";"";"2021-10-06";"141099";""
"83096";"3199";"PLU";"COM";"2007-11-18 23:00:00+00:00";"2005-03-02 23:00:00+00:00";"39";"83";"93";"2021";"NON";"NON";"83096";"";"";"";"2021-10-06";"16465";""
"83097";"3131";"PLU";"COM";"2009-03-12 23:00:00+00:00";"2002-02-21 23:00:00+00:00";"33";"83";"93";"2021";"NON";"NON";"83097";"";"";"";"2021-10-06";"55172";""
"83098";"3434";"PLU";"MET";"2011-12-20 23:00:00+00:00";"2008-05-29 22:00:00+00:00";"33";"83";"93";"2021";"NON";"NON";"248300543";"";"";"";"2021-10-06";"1019";""
"83099";"3199";"PLU";"COM";"2021-04-28 22:00:00+00:00";"2017-02-07 23:00:00+00:00";"39";"83";"93";"2021";"NON";"NON";"83099";"";"";"";"2021-10-06";"155006";""
"83100";"3199";"PLU";"COM";"2017-06-20 22:00:00+00:00";"2010-11-24 23:00:00+00:00";"39";"83";"93";"2021";"NON";"NON";"83100";"";"";"";"2021-10-06";"64222";""
"83101";"3199";"PLU";"COM";"2018-12-20 23:00:00+00:00";"2015-03-16 23:00:00+00:00";"39";"83";"93";"2021";"NON";"NON";"83101";"";"";"";"2021-10-06";"133299";""
"83103";"3499";"PLU";"MET";"2003-09-15 22:00:00+00:00";"2001-07-11 22:00:00+00:00";"39";"83";"93";"2021";"NON";"NON";"248300543";"";"";"";"2021-10-06";"16721";""
"83104";"3199";"PLU";"COM";"2018-02-20 23:00:00+00:00";"2004-12-19 23:00:00+00:00";"39";"83";"93";"2021";"NON";"NON";"83104";"";"";"";"2021-10-06";"16756";""
"83106";"3131";"PLU";"COM";"2008-10-09 22:00:00+00:00";"2002-03-28 23:00:00+00:00";"33";"83";"93";"2021";"NON";"NON";"83106";"";"";"";"2021-10-06";"16783";""
"83108";"3199";"PLU";"COM";"2017-02-26 23:00:00+00:00";"2014-07-03 22:00:00+00:00";"39";"83";"93";"2021";"NON";"NON";"83108";"";"";"";"2021-10-06";"131770";""
"83109";"3199";"PLU";"COM";"2019-10-28 23:00:00+00:00";"2014-12-16 23:00:00+00:00";"39";"83";"93";"2021";"NON";"NON";"83109";"";"";"";"2021-10-06";"137221";""
"83110";"3199";"PLU";"COM";"2017-03-19 23:00:00+00:00";"2013-10-27 23:00:00+00:00";"39";"83";"93";"2021";"NON";"NON";"83110";"";"";"";"2021-10-06";"129849";""
"83111";"3199";"PLU";"COM";"2017-09-05 22:00:00+00:00";"2009-08-27 22:00:00+00:00";"39";"83";"93";"2021";"NON";"NON";"83111";"";"";"";"2021-10-06";"64223";""
"83112";"3131";"PLU";"COM";"2016-06-13 22:00:00+00:00";"2014-06-02 22:00:00+00:00";"33";"83";"93";"2021";"NON";"NON";"83112";"";"";"";"2021-10-06";"130584";""
"83114";"3199";"PLU";"COM";"2013-02-14 23:00:00+00:00";"2008-07-30 22:00:00+00:00";"39";"83";"93";"2021";"NON";"NON";"83114";"";"";"";"2021-10-06";"63434";""
"83115";"3131";"PLU";"COM";"2017-03-23 23:00:00+00:00";"2008-04-23 22:00:00+00:00";"33";"83";"93";"2021";"NON";"NON";"83115";"";"";"";"2021-10-06";"64213";""
"83116";"3199";"PLU";"COM";"2016-01-18 23:00:00+00:00";"2008-10-21 22:00:00+00:00";"39";"83";"93";"2021";"NON";"NON";"83116";"";"";"";"2021-10-06";"64214";""
"83118";"3131";"PLU";"COM";"2018-11-18 23:00:00+00:00";"2015-11-25 23:00:00+00:00";"33";"83";"93";"2021";"NON";"NON";"83118";"";"";"";"2021-10-06";"143540";""
"83119";"3199";"PLU";"COM";"2021-07-07 22:00:00+00:00";"2016-04-11 22:00:00+00:00";"39";"83";"93";"2021";"NON";"NON";"83119";"";"";"";"2021-10-06";"147864";""
"83120";"3433";"PLU";"MET";"2012-11-11 23:00:00+00:00";"2009-02-15 23:00:00+00:00";"33";"83";"93";"2021";"NON";"NON";"83120";"";"";"";"2021-10-06";"62297";""
"83121";"3131";"PLU";"COM";"2009-09-27 22:00:00+00:00";"2002-10-06 22:00:00+00:00";"33";"83";"93";"2021";"NON";"NON";"83121";"";"";"";"2021-10-06";"17565";""
"83122";"3199";"PLU";"COM";"2014-02-20 23:00:00+00:00";"2005-06-23 22:00:00+00:00";"39";"83";"93";"2021";"NON";"NON";"83122";"";"";"";"2021-10-06";"17607";""
"83123";"3199";"PLU";"COM";"2016-02-23 23:00:00+00:00";"2012-11-27 23:00:00+00:00";"39";"83";"93";"2021";"NON";"NON";"83123";"";"";"";"2021-10-06";"116095";""
"83124";"3199";"PLU";"COM";"2017-10-12 22:00:00+00:00";"2014-02-04 23:00:00+00:00";"39";"83";"93";"2021";"NON";"NON";"83124";"";"";"";"2021-10-06";"138834";""
"83125";"3199";"PLU";"COM";"2014-02-26 23:00:00+00:00";"2009-06-08 22:00:00+00:00";"39";"83";"93";"2021";"NON";"NON";"83125";"";"";"";"2021-10-06";"64219";""
"83126";"3434";"PLU";"MET";"2010-12-14 23:00:00+00:00";"2008-05-22 22:00:00+00:00";"33";"83";"93";"2021";"NON";"NON";"248300543";"";"";"";"2021-10-06";"64220";""
"83127";"3199";"PLU";"COM";"2013-07-11 22:00:00+00:00";"2012-01-12 23:00:00+00:00";"39";"83";"93";"2021";"NON";"NON";"83127";"";"";"";"2021-10-06";"104613";""
"83128";"3199";"PLU";"COM";"2013-06-16 22:00:00+00:00";"2009-10-11 22:00:00+00:00";"39";"83";"93";"2021";"NON";"NON";"83128";"";"";"";"2021-10-06";"62299";""
"83129";"3434";"PLU";"MET";"2015-04-09 22:00:00+00:00";"2009-05-17 22:00:00+00:00";"33";"83";"93";"2021";"NON";"NON";"248300543";"";"";"";"2021-10-06";"88262";""
"83130";"3199";"PLU";"COM";"2017-12-18 23:00:00+00:00";"2015-09-16 22:00:00+00:00";"39";"83";"93";"2021";"NON";"NON";"83130";"";"";"";"2021-10-06";"141249";""
"83131";"3199";"PLU";"COM";"2018-12-10 23:00:00+00:00";"2015-09-16 22:00:00+00:00";"39";"83";"93";"2021";"NON";"NON";"83131";"";"";"";"2021-10-06";"141248";""
"83132";"3131";"PLU";"COM";"2007-06-21 22:00:00+00:00";"2003-06-26 22:00:00+00:00";"33";"83";"93";"2021";"NON";"NON";"83132";"";"";"";"2021-10-06";"19427";""
"83134";"3131";"PLU";"COM";"2011-12-12 23:00:00+00:00";"2004-12-15 23:00:00+00:00";"33";"83";"93";"2021";"NON";"NON";"83134";"";"";"";"2021-10-06";"20637";""
"83135";"3199";"PLU";"COM";"2019-12-02 23:00:00+00:00";"2016-06-05 22:00:00+00:00";"39";"83";"93";"2021";"NON";"NON";"83135";"";"";"";"2021-10-06";"142319";""
"83136";"3199";"PLU";"COM";"2020-03-05 23:00:00+00:00";"2005-03-23 23:00:00+00:00";"39";"83";"93";"2021";"NON";"NON";"83136";"";"";"";"2021-10-06";"21062";""
"83137";"3434";"PLU";"MET";"2012-07-26 22:00:00+00:00";"2002-06-19 22:00:00+00:00";"33";"83";"93";"2021";"NON";"NON";"248300543";"";"";"";"2021-10-06";"941";""
"83138";"3131";"PLU";"COM";"2020-06-08 22:00:00+00:00";"2011-07-03 22:00:00+00:00";"33";"83";"93";"2021";"NON";"NON";"83138";"";"";"";"2021-10-06";"64224";""
"83139";"3199";"PLU";"COM";"2019-03-21 23:00:00+00:00";"2003-03-17 23:00:00+00:00";"39";"83";"93";"2021";"NON";"NON";"83139";"";"";"";"2021-10-06";"21091";""
"83140";"3131";"PLU";"COM";"2009-08-31 22:00:00+00:00";"2002-01-23 23:00:00+00:00";"33";"83";"93";"2021";"NON";"NON";"83140";"";"";"";"2021-10-06";"87932";""
"83141";"3131";"PLU";"COM";"2013-06-12 22:00:00+00:00";"2003-12-21 23:00:00+00:00";"33";"83";"93";"2021";"NON";"NON";"83141";"";"";"";"2021-10-06";"21126";""
"83142";"3199";"PLU";"COM";"2019-12-17 23:00:00+00:00";"2014-09-05 22:00:00+00:00";"39";"83";"93";"2021";"NON";"NON";"83142";"";"";"";"2021-10-06";"133428";""
"83143";"3199";"PLU";"COM";"2019-10-20 22:00:00+00:00";"2014-12-09 23:00:00+00:00";"39";"83";"93";"2021";"NON";"NON";"83143";"";"";"";"2021-10-06";"64225";""
"83144";"3434";"PLU";"MET";"2007-03-27 22:00:00+00:00";"2003-02-05 23:00:00+00:00";"33";"83";"93";"2021";"NON";"NON";"248300543";"";"";"";"2021-10-06";"983";""
"83145";"3199";"PLU";"COM";"2020-03-04 23:00:00+00:00";"2016-01-25 23:00:00+00:00";"39";"83";"93";"2021";"NON";"NON";"83145";"";"";"";"2021-10-06";"147076";""
"83146";"3199";"PLU";"COM";"2019-12-17 23:00:00+00:00";"2014-07-28 22:00:00+00:00";"39";"83";"93";"2021";"NON";"NON";"83146";"";"";"";"2021-10-06";"131772";""
"83147";"1199";"CC";"COM";"2007-03-25 22:00:00+00:00";"2003-08-01 22:00:00+00:00";"19";"83";"93";"2021";"NON";"NON";"83147";"";"";"";"2021-10-06";"70092";""
"83148";"3131";"PLU";"COM";"2013-06-12 22:00:00+00:00";"2010-07-28 22:00:00+00:00";"33";"83";"93";"2021";"NON";"NON";"83148";"";"";"";"2021-10-06";"21188";""
"83149";"3199";"PLU";"COM";"2012-11-29 23:00:00+00:00";"2008-09-25 22:00:00+00:00";"39";"83";"93";"2021";"NON";"NON";"83149";"";"";"";"2021-10-06";"62303";""
"83150";"3131";"PLU";"COM";"2017-07-06 22:00:00+00:00";"2008-05-29 22:00:00+00:00";"33";"83";"93";"2021";"NON";"NON";"83150";"";"";"";"2021-10-06";"64226";""
"83151";"3199";"PLU";"COM";"2018-04-29 22:00:00+00:00";"2014-08-31 22:00:00+00:00";"39";"83";"93";"2021";"NON";"NON";"83151";"";"";"";"2021-10-06";"21232";""
"83152";"3131";"PLU";"COM";"2016-10-13 22:00:00+00:00";"2014-05-27 22:00:00+00:00";"33";"83";"93";"2021";"NON";"NON";"83152";"";"";"";"2021-10-06";"63435";""
"83153";"3499";"PLU";"MET";"2017-11-26 23:00:00+00:00";"2015-10-29 23:00:00+00:00";"39";"83";"93";"2021";"NON";"NON";"248300543";"";"";"";"2021-10-06";"142213";""
"83154";"3131";"PLU";"COM";"2012-04-22 22:00:00+00:00";"2008-07-27 22:00:00+00:00";"33";"83";"93";"2021";"NON";"NON";"83154";"";"";"";"2021-10-06";"64227";""
"84001";"3199";"PLU";"COM";"2018-07-02 22:00:00+00:00";"2006-05-17 22:00:00+00:00";"39";"84";"93";"2021";"NON";"NON";"84001";"";"";"";"2021-10-06";"72429";""
"84002";"3199";"PLU";"COM";"2017-07-24 22:00:00+00:00";"2014-11-24 23:00:00+00:00";"39";"84";"93";"2021";"NON";"NON";"84002";"";"";"";"2021-10-06";"136535";""
"84003";"3199";"PLU";"COM";"2019-07-22 22:00:00+00:00";"2015-04-07 22:00:00+00:00";"39";"84";"93";"2021";"NON";"NON";"84003";"";"";"";"2021-10-06";"138573";""
"84004";"3199";"PLU";"COM";"2020-03-04 23:00:00+00:00";"2009-04-27 22:00:00+00:00";"39";"84";"93";"2021";"NON";"NON";"84004";"";"";"";"2021-10-06";"97988";""
"84005";"3199";"PLU";"COM";"2011-03-18 23:00:00+00:00";"2004-02-27 23:00:00+00:00";"39";"84";"93";"2021";"NON";"NON";"84005";"";"";"";"2021-10-06";"49920";""
"84007";"3131";"PLU";"COM";"2011-10-07 22:00:00+00:00";"1997-06-11 22:00:00+00:00";"33";"84";"93";"2021";"NON";"NON";"84007";"";"";"";"2021-10-06";"64230";""
"84010";"3131";"PLU";"COM";"2012-11-25 23:00:00+00:00";"2008-04-06 22:00:00+00:00";"33";"84";"93";"2021";"NON";"NON";"84010";"";"";"";"2021-10-06";"98003";""
"84011";"3199";"PLU";"COM";"2017-08-03 22:00:00+00:00";"2014-10-24 22:00:00+00:00";"39";"84";"93";"2021";"NON";"NON";"84011";"";"";"";"2021-10-06";"62338";""
"84012";"3199";"PLU";"COM";"2020-11-30 23:00:00+00:00";"2013-12-17 23:00:00+00:00";"39";"84";"93";"2021";"NON";"NON";"84012";"";"";"";"2021-10-06";"129487";""
"84013";"3199";"PLU";"COM";"2016-04-04 22:00:00+00:00";"2011-07-04 22:00:00+00:00";"39";"84";"93";"2021";"NON";"NON";"84013";"";"";"";"2021-10-06";"104797";""
"84014";"3199";"PLU";"COM";"2017-07-25 22:00:00+00:00";"2008-10-15 22:00:00+00:00";"39";"84";"93";"2021";"NON";"NON";"84014";"";"";"";"2021-10-06";"72532";""
"84016";"3199";"PLU";"COM";"2018-05-22 22:00:00+00:00";"2016-01-26 23:00:00+00:00";"39";"84";"93";"2021";"NON";"NON";"84016";"";"";"";"2021-10-06";"140542";""
"84017";"3131";"PLU";"COM";"2011-12-20 23:00:00+00:00";"2007-01-15 23:00:00+00:00";"33";"84";"93";"2021";"NON";"NON";"84017";"";"";"";"2021-10-06";"98013";""
"84018";"3199";"PLU";"COM";"2019-11-17 23:00:00+00:00";"2017-04-06 22:00:00+00:00";"39";"84";"93";"2021";"NON";"NON";"84018";"";"";"";"2021-10-06";"166927";""
"84019";"3199";"PLU";"COM";"2017-09-25 22:00:00+00:00";"2014-12-08 23:00:00+00:00";"39";"84";"93";"2021";"NON";"NON";"84019";"";"";"";"2021-10-06";"136082";""
"84020";"3199";"PLU";"COM";"2015-10-19 22:00:00+00:00";"1987-01-27 23:00:00+00:00";"39";"84";"93";"2021";"NON";"NON";"84020";"";"";"";"2021-10-06";"63447";""
"84021";"3199";"PLU";"COM";"2019-12-01 23:00:00+00:00";"2011-05-09 22:00:00+00:00";"39";"84";"93";"2021";"NON";"NON";"84021";"";"";"";"2021-10-06";"15899";""
"84022";"3199";"PLU";"COM";"2020-03-01 23:00:00+00:00";"2016-11-24 23:00:00+00:00";"39";"84";"93";"2021";"NON";"NON";"84022";"";"";"";"2021-10-06";"153284";""
"84024";"3199";"PLU";"COM";"2019-03-19 23:00:00+00:00";"2015-04-12 22:00:00+00:00";"39";"84";"93";"2021";"NON";"NON";"84024";"";"";"";"2021-10-06";"138441";""
"84025";"3199";"PLU";"COM";"2019-07-22 22:00:00+00:00";"2009-05-28 22:00:00+00:00";"39";"84";"93";"2021";"NON";"NON";"84025";"";"";"";"2021-10-06";"63448";""
"84026";"3199";"PLU";"COM";"2019-09-29 22:00:00+00:00";"2011-02-27 23:00:00+00:00";"39";"84";"93";"2021";"NON";"NON";"84026";"";"";"";"2021-10-06";"98044";""
"84027";"3199";"PLU";"COM";"2020-02-26 23:00:00+00:00";"2015-11-16 23:00:00+00:00";"39";"84";"93";"2021";"NON";"NON";"84027";"";"";"";"2021-10-06";"142366";""
"84028";"3199";"PLU";"COM";"2021-07-19 22:00:00+00:00";"2019-11-04 23:00:00+00:00";"39";"84";"93";"2021";"NON";"NON";"84028";"";"";"";"2021-10-06";"171181";""
"84029";"3199";"PLU";"COM";"2016-12-12 23:00:00+00:00";"1993-03-30 22:00:00+00:00";"39";"84";"93";"2021";"NON";"NON";"84029";"";"";"";"2021-10-06";"63450";""
"84030";"3199";"PLU";"COM";"2017-02-19 23:00:00+00:00";"2009-03-16 23:00:00+00:00";"39";"84";"93";"2021";"NON";"NON";"84030";"";"";"";"2021-10-06";"63451";""
"84031";"3131";"PLU";"COM";"2006-06-12 22:00:00+00:00";"2000-09-13 22:00:00+00:00";"33";"84";"93";"2021";"NON";"NON";"84031";"";"";"";"2021-10-06";"59792";""
"84032";"3199";"PLU";"COM";"2011-07-17 22:00:00+00:00";"2001-06-25 22:00:00+00:00";"39";"84";"93";"2021";"NON";"NON";"84032";"";"";"";"2021-10-06";"63452";""
"84033";"3199";"PLU";"COM";"2020-01-23 23:00:00+00:00";"2014-02-17 23:00:00+00:00";"39";"84";"93";"2021";"NON";"NON";"84033";"";"";"";"2021-10-06";"129692";""
"84034";"3131";"PLU";"COM";"2016-07-27 22:00:00+00:00";"2015-05-20 22:00:00+00:00";"33";"84";"93";"2021";"NON";"NON";"84034";"";"";"";"2021-10-06";"139265";""
"84035";"3199";"PLU";"COM";"2019-04-03 22:00:00+00:00";"2002-09-22 22:00:00+00:00";"39";"84";"93";"2021";"NON";"NON";"84035";"";"";"";"2021-10-06";"1323";""
"84036";"3199";"PLU";"COM";"2017-03-05 23:00:00+00:00";"2010-05-30 22:00:00+00:00";"39";"84";"93";"2021";"NON";"NON";"84036";"";"";"";"2021-10-06";"64666";""
"84037";"3199";"PLU";"COM";"2017-12-13 23:00:00+00:00";"2014-12-09 23:00:00+00:00";"39";"84";"93";"2021";"NON";"NON";"84037";"";"";"";"2021-10-06";"136084";""
"84038";"3199";"PLU";"COM";"2019-03-11 23:00:00+00:00";"2012-05-14 22:00:00+00:00";"39";"84";"93";"2021";"NON";"NON";"84038";"";"";"";"2021-10-06";"115610";""
"84039";"3131";"PLU";"COM";"2002-03-26 23:00:00+00:00";"1989-07-19 22:00:00+00:00";"33";"84";"93";"2021";"NON";"NON";"84039";"";"";"";"2021-10-06";"72920";""
"84041";"3131";"PLU";"COM";"2013-10-28 23:00:00+00:00";"2008-11-30 23:00:00+00:00";"33";"84";"93";"2021";"NON";"NON";"84041";"";"";"";"2021-10-06";"37263";""
"84042";"3199";"PLU";"COM";"2015-05-10 22:00:00+00:00";"2008-10-23 22:00:00+00:00";"39";"84";"93";"2021";"NON";"NON";"84042";"";"";"";"2021-10-06";"64668";""
"84043";"3131";"PLU";"COM";"2017-10-10 22:00:00+00:00";"2013-10-20 22:00:00+00:00";"33";"84";"93";"2021";"NON";"NON";"84043";"";"";"";"2021-10-06";"125476";""
"84044";"3199";"PLU";"COM";"2006-03-26 22:00:00+00:00";"1996-03-26 23:00:00+00:00";"39";"84";"93";"2021";"NON";"NON";"84044";"";"";"";"2021-10-06";"72985";""
"84045";"3131";"PLU";"COM";"2005-07-19 22:00:00+00:00";"1997-09-11 22:00:00+00:00";"33";"84";"93";"2021";"NON";"NON";"84045";"";"";"";"2021-10-06";"73554";""
"84046";"3199";"PLU";"COM";"2011-11-20 23:00:00+00:00";"2008-05-25 22:00:00+00:00";"39";"84";"93";"2021";"NON";"NON";"84046";"";"";"";"2021-10-06";"64669";""
"84047";"3199";"PLU";"COM";"2010-03-23 23:00:00+00:00";"2005-12-18 23:00:00+00:00";"39";"84";"93";"2021";"NON";"NON";"84047";"";"";"";"2021-10-06";"73598";""
"84048";"3199";"PLU";"COM";"2019-06-12 22:00:00+00:00";"2015-06-24 22:00:00+00:00";"39";"84";"93";"2021";"NON";"NON";"84048";"";"";"";"2021-10-06";"139838";""
"84049";"3131";"PLU";"COM";"2013-03-26 23:00:00+00:00";"2005-01-05 23:00:00+00:00";"33";"84";"93";"2021";"NON";"NON";"84049";"";"";"";"2021-10-06";"50401";""
"84051";"3199";"PLU";"COM";"2013-11-20 23:00:00+00:00";"2011-11-23 23:00:00+00:00";"39";"84";"93";"2021";"NON";"NON";"84051";"";"";"";"2021-10-06";"98160";""
"84053";"3131";"PLU";"COM";"2002-03-07 23:00:00+00:00";"1997-09-25 22:00:00+00:00";"33";"84";"93";"2021";"NON";"NON";"84053";"";"";"";"2021-10-06";"73673";""
"84054";"3199";"PLU";"COM";"2017-02-27 23:00:00+00:00";"2015-07-07 22:00:00+00:00";"39";"84";"93";"2021";"NON";"NON";"84054";"";"";"";"2021-10-06";"140543";""
"84055";"3199";"PLU";"COM";"2014-02-12 23:00:00+00:00";"2010-06-08 22:00:00+00:00";"39";"84";"93";"2021";"NON";"NON";"84055";"";"";"";"2021-10-06";"64671";""
"84056";"3199";"PLU";"COM";"2014-10-07 22:00:00+00:00";"2008-10-16 22:00:00+00:00";"39";"84";"93";"2021";"NON";"NON";"84056";"";"";"";"2021-10-06";"63137";""
"84058";"3199";"PLU";"COM";"2018-02-07 23:00:00+00:00";"2014-11-17 23:00:00+00:00";"39";"84";"93";"2021";"NON";"NON";"84058";"";"";"";"2021-10-06";"136085";""
"84059";"1199";"CC";"COM";"2006-09-03 22:00:00+00:00";"2002-03-11 23:00:00+00:00";"19";"84";"93";"2021";"NON";"NON";"84059";"";"";"";"2021-10-06";"68649";""
"84060";"3199";"PLU";"COM";"2006-07-25 22:00:00+00:00";"2001-10-29 23:00:00+00:00";"39";"84";"93";"2021";"NON";"NON";"84060";"";"";"";"2021-10-06";"55184";""
"84061";"1111";"CC";"COM";"2001-12-30 23:00:00+00:00";"2001-07-13 22:00:00+00:00";"11";"84";"93";"2021";"NON";"NON";"84061";"";"";"";"2021-10-06";"99283";""
"84062";"3199";"PLU";"COM";"2016-09-15 22:00:00+00:00";"2014-08-11 22:00:00+00:00";"39";"84";"93";"2021";"NON";"NON";"84062";"";"";"";"2021-10-06";"139037";""
"84064";"3199";"PLU";"COM";"2018-07-01 22:00:00+00:00";"2009-12-08 23:00:00+00:00";"39";"84";"93";"2021";"NON";"NON";"84064";"";"";"";"2021-10-06";"63139";""
"84066";"3199";"PLU";"COM";"2017-07-02 22:00:00+00:00";"2006-12-07 23:00:00+00:00";"39";"84";"93";"2021";"NON";"NON";"84066";"";"";"";"2021-10-06";"63140";""
"84067";"3199";"PLU";"COM";"2013-04-23 22:00:00+00:00";"2008-12-15 23:00:00+00:00";"39";"84";"93";"2021";"NON";"NON";"84067";"";"";"";"2021-10-06";"37259";""
"84068";"3199";"PLU";"COM";"2018-02-11 23:00:00+00:00";"2014-04-17 22:00:00+00:00";"39";"84";"93";"2021";"NON";"NON";"84068";"";"";"";"2021-10-06";"139018";""
"84069";"3199";"PLU";"COM";"2017-03-15 23:00:00+00:00";"2007-12-19 23:00:00+00:00";"39";"84";"93";"2021";"NON";"NON";"84069";"";"";"";"2021-10-06";"64672";""
"84070";"3199";"PLU";"COM";"2017-11-02 23:00:00+00:00";"2015-10-07 22:00:00+00:00";"39";"84";"93";"2021";"NON";"NON";"84070";"";"";"";"2021-10-06";"141856";""
"84071";"3199";"PLU";"COM";"2013-02-05 23:00:00+00:00";"2008-04-09 22:00:00+00:00";"39";"84";"93";"2021";"NON";"NON";"84071";"";"";"";"2021-10-06";"63141";""
"84072";"3199";"PLU";"COM";"2017-06-28 22:00:00+00:00";"2008-12-10 23:00:00+00:00";"39";"84";"93";"2021";"NON";"NON";"84072";"";"";"";"2021-10-06";"100682";""
"84073";"3131";"PLU";"COM";"2010-01-25 23:00:00+00:00";"2004-05-09 22:00:00+00:00";"33";"84";"93";"2021";"NON";"NON";"84073";"";"";"";"2021-10-06";"37260";""
"84074";"3199";"PLU";"COM";"2017-03-13 23:00:00+00:00";"2010-05-02 22:00:00+00:00";"39";"84";"93";"2021";"NON";"NON";"84074";"";"";"";"2021-10-06";"64674";""
"84075";"3199";"PLU";"COM";"2018-11-29 23:00:00+00:00";"2011-04-21 22:00:00+00:00";"39";"84";"93";"2021";"NON";"NON";"84075";"";"";"";"2021-10-06";"100698";""
"84076";"3199";"PLU";"COM";"2017-03-05 23:00:00+00:00";"2014-02-25 23:00:00+00:00";"39";"84";"93";"2021";"NON";"NON";"84076";"";"";"";"2021-10-06";"129883";""
"84078";"3199";"PLU";"COM";"2018-11-11 23:00:00+00:00";"2008-05-25 22:00:00+00:00";"39";"84";"93";"2021";"NON";"NON";"84078";"";"";"";"2021-10-06";"100723";""
"84080";"3131";"PLU";"COM";"2013-12-08 23:00:00+00:00";"2006-07-19 22:00:00+00:00";"33";"84";"93";"2021";"NON";"NON";"84080";"";"";"";"2021-10-06";"100770";""
"84081";"3131";"PLU";"COM";"2012-07-02 22:00:00+00:00";"1999-10-25 22:00:00+00:00";"33";"84";"93";"2021";"NON";"NON";"84081";"";"";"";"2021-10-06";"63457";""
"84082";"1131";"CC";"COM";"2001-12-30 23:00:00+00:00";"2001-07-12 22:00:00+00:00";"13";"84";"93";"2021";"NON";"NON";"84082";"";"";"";"2021-10-06";"68651";""
"84083";"3199";"PLU";"COM";"2014-07-14 22:00:00+00:00";"2002-05-20 22:00:00+00:00";"39";"84";"93";"2021";"NON";"NON";"84083";"";"";"";"2021-10-06";"63458";""
"84084";"3199";"PLU";"COM";"2018-03-13 23:00:00+00:00";"2005-03-28 22:00:00+00:00";"39";"84";"93";"2021";"NON";"NON";"84084";"";"";"";"2021-10-06";"63459";""
"84086";"3199";"PLU";"COM";"2018-07-10 22:00:00+00:00";"2014-06-19 22:00:00+00:00";"39";"84";"93";"2021";"NON";"NON";"84086";"";"";"";"2021-10-06";"139036";""
"84087";"3199";"PLU";"COM";"2019-02-14 23:00:00+00:00";"2015-04-29 22:00:00+00:00";"39";"84";"93";"2021";"NON";"NON";"84087";"";"";"";"2021-10-06";"148765";""
"84088";"3199";"PLU";"COM";"2016-11-30 23:00:00+00:00";"2009-05-27 22:00:00+00:00";"39";"84";"93";"2021";"NON";"NON";"84088";"";"";"";"2021-10-06";"100862";""
"84089";"3433";"PLU";"MET";"2015-12-14 23:00:00+00:00";"2010-02-11 23:00:00+00:00";"33";"84";"93";"2021";"NON";"NON";"84089";"";"";"";"2021-10-06";"63461";""
"84090";"3199";"PLU";"COM";"2007-02-15 23:00:00+00:00";"2003-03-20 23:00:00+00:00";"39";"84";"93";"2021";"NON";"NON";"84090";"";"";"";"2021-10-06";"55190";""
"84091";"3199";"PLU";"COM";"2020-10-20 22:00:00+00:00";"2014-10-12 22:00:00+00:00";"39";"84";"93";"2021";"NON";"NON";"84091";"";"";"";"2021-10-06";"133089";""
"84092";"3199";"PLU";"COM";"2020-12-09 23:00:00+00:00";"2012-04-11 22:00:00+00:00";"39";"84";"93";"2021";"NON";"NON";"84092";"";"";"";"2021-10-06";"1333";""
"84093";"3199";"PLU";"COM";"2019-04-24 22:00:00+00:00";"2015-04-12 22:00:00+00:00";"39";"84";"93";"2021";"NON";"NON";"84093";"";"";"";"2021-10-06";"138400";""
"84095";"3199";"PLU";"COM";"2016-12-19 23:00:00+00:00";"2015-09-22 22:00:00+00:00";"39";"84";"93";"2021";"NON";"NON";"84095";"";"";"";"2021-10-06";"126381";""
"84096";"3199";"PLU";"COM";"2017-02-06 23:00:00+00:00";"2012-10-29 23:00:00+00:00";"39";"84";"93";"2021";"NON";"NON";"84096";"";"";"";"2021-10-06";"115323";""
"84097";"3199";"PLU";"COM";"2011-09-18 22:00:00+00:00";"2009-01-27 23:00:00+00:00";"39";"84";"93";"2021";"NON";"NON";"84097";"";"";"";"2021-10-06";"100940";""
"84098";"3199";"PLU";"COM";"2017-11-07 23:00:00+00:00";"2000-09-13 22:00:00+00:00";"39";"84";"93";"2021";"NON";"NON";"84098";"";"";"";"2021-10-06";"63463";""
"84099";"3199";"PLU";"COM";"2017-07-05 22:00:00+00:00";"2013-05-05 22:00:00+00:00";"39";"84";"93";"2021";"NON";"NON";"84099";"";"";"";"2021-10-06";"121600";""
"84101";"3199";"PLU";"COM";"2017-07-04 22:00:00+00:00";"2014-07-02 22:00:00+00:00";"39";"84";"93";"2021";"NON";"NON";"84101";"";"";"";"2021-10-06";"137685";""
"84102";"3199";"PLU";"COM";"2017-12-17 23:00:00+00:00";"2009-11-29 23:00:00+00:00";"39";"84";"93";"2021";"NON";"NON";"84102";"";"";"";"2021-10-06";"63464";""
"84103";"3199";"PLU";"COM";"2007-06-14 22:00:00+00:00";"2002-01-17 23:00:00+00:00";"39";"84";"93";"2021";"NON";"NON";"84103";"";"";"";"2021-10-06";"100974";""
"84104";"3199";"PLU";"COM";"2018-10-10 22:00:00+00:00";"2015-02-22 23:00:00+00:00";"39";"84";"93";"2021";"NON";"NON";"84104";"";"";"";"2021-10-06";"148770";""
"84105";"3199";"PLU";"COM";"2020-02-09 23:00:00+00:00";"2016-10-23 22:00:00+00:00";"39";"84";"93";"2021";"NON";"NON";"84105";"";"";"";"2021-10-06";"136486";""
"84106";"3199";"PLU";"COM";"2017-11-28 23:00:00+00:00";"2015-01-18 23:00:00+00:00";"39";"84";"93";"2021";"NON";"NON";"84106";"";"";"";"2021-10-06";"138998";""
"84107";"3199";"PLU";"COM";"2014-02-19 23:00:00+00:00";"2011-11-17 23:00:00+00:00";"39";"84";"93";"2021";"NON";"NON";"84107";"";"";"";"2021-10-06";"50403";""
"84108";"3199";"PLU";"COM";"2013-12-11 23:00:00+00:00";"2009-11-23 23:00:00+00:00";"39";"84";"93";"2021";"NON";"NON";"84108";"";"";"";"2021-10-06";"100994";""
"84109";"3199";"PLU";"COM";"2020-10-29 23:00:00+00:00";"2010-07-11 22:00:00+00:00";"39";"84";"93";"2021";"NON";"NON";"84109";"";"";"";"2021-10-06";"101007";""
"84112";"3199";"PLU";"COM";"2013-05-20 22:00:00+00:00";"2003-07-02 22:00:00+00:00";"39";"84";"93";"2021";"NON";"NON";"84112";"";"";"";"2021-10-06";"63148";""
"84113";"3199";"PLU";"COM";"2018-12-09 23:00:00+00:00";"2007-03-13 23:00:00+00:00";"39";"84";"93";"2021";"NON";"NON";"84113";"";"";"";"2021-10-06";"101042";""
"84114";"3199";"PLU";"COM";"2008-04-27 22:00:00+00:00";"2005-12-18 23:00:00+00:00";"39";"84";"93";"2021";"NON";"NON";"84114";"";"";"";"2021-10-06";"101060";""
"84115";"3199";"PLU";"COM";"2016-04-06 22:00:00+00:00";"2010-10-27 22:00:00+00:00";"39";"84";"93";"2021";"NON";"NON";"84115";"";"";"";"2021-10-06";"64682";""
"84116";"3199";"PLU";"COM";"2019-05-08 22:00:00+00:00";"2013-07-23 22:00:00+00:00";"39";"84";"93";"2021";"NON";"NON";"84116";"";"";"";"2021-10-06";"37261";""
"84118";"3199";"PLU";"COM";"2020-02-26 23:00:00+00:00";"2016-05-22 22:00:00+00:00";"39";"84";"93";"2021";"NON";"NON";"84118";"";"";"";"2021-10-06";"148851";""
"84119";"3199";"PLU";"COM";"2017-03-08 23:00:00+00:00";"2014-05-26 22:00:00+00:00";"39";"84";"93";"2021";"NON";"NON";"84119";"";"";"";"2021-10-06";"129797";""
"84120";"3199";"PLU";"COM";"2021-03-08 23:00:00+00:00";"2010-07-04 22:00:00+00:00";"39";"84";"93";"2021";"NON";"NON";"84120";"";"";"";"2021-10-06";"63178";""
"84121";"1199";"CC";"COM";"2019-04-16 22:00:00+00:00";"2009-12-31 23:00:00+00:00";"19";"84";"93";"2021";"NON";"NON";"84121";"";"";"";"2021-10-06";"168648";""
"84122";"3199";"PLU";"COM";"2017-07-17 22:00:00+00:00";"2002-06-12 22:00:00+00:00";"39";"84";"93";"2021";"NON";"NON";"84122";"";"";"";"2021-10-06";"101154";""
"84124";"3199";"PLU";"COM";"2017-03-22 23:00:00+00:00";"2012-12-19 23:00:00+00:00";"39";"84";"93";"2021";"NON";"NON";"84124";"";"";"";"2021-10-06";"113200";""
"84125";"1199";"CC";"COM";"2011-07-03 22:00:00+00:00";"2008-11-09 23:00:00+00:00";"19";"84";"93";"2021";"NON";"NON";"84125";"";"";"";"2021-10-06";"67236";""
"84127";"3199";"PLU";"COM";"2014-01-29 23:00:00+00:00";"2003-11-03 23:00:00+00:00";"39";"84";"93";"2021";"NON";"NON";"84127";"";"";"";"2021-10-06";"101185";""
"84128";"3199";"PLU";"COM";"2011-12-13 23:00:00+00:00";"2001-07-12 22:00:00+00:00";"39";"84";"93";"2021";"NON";"NON";"84128";"";"";"";"2021-10-06";"64685";""
"84129";"3199";"PLU";"COM";"2012-05-23 22:00:00+00:00";"2008-06-29 22:00:00+00:00";"39";"84";"93";"2021";"NON";"NON";"84129";"";"";"";"2021-10-06";"64686";""
"84130";"1199";"CC";"COM";"2018-02-06 23:00:00+00:00";"2009-02-08 23:00:00+00:00";"19";"84";"93";"2021";"NON";"NON";"84130";"";"";"";"2021-10-06";"101255";""
"84131";"3199";"PLU";"COM";"2020-02-17 23:00:00+00:00";"2014-06-10 22:00:00+00:00";"39";"84";"93";"2021";"NON";"NON";"84131";"";"";"";"2021-10-06";"132410";""
"84132";"3199";"PLU";"COM";"2017-03-15 23:00:00+00:00";"2012-03-19 23:00:00+00:00";"39";"84";"93";"2021";"NON";"NON";"84132";"";"";"";"2021-10-06";"113222";""
"84133";"3199";"PLU";"COM";"2018-10-11 22:00:00+00:00";"2015-06-24 22:00:00+00:00";"39";"84";"93";"2021";"NON";"NON";"84133";"";"";"";"2021-10-06";"140544";""
"84134";"3199";"PLU";"COM";"2011-02-07 23:00:00+00:00";"2008-11-24 23:00:00+00:00";"39";"84";"93";"2021";"NON";"NON";"84134";"";"";"";"2021-10-06";"64687";""
"84135";"3199";"PLU";"COM";"2016-06-16 22:00:00+00:00";"2015-04-02 22:00:00+00:00";"39";"84";"93";"2021";"NON";"NON";"84135";"";"";"";"2021-10-06";"138399";""
"84136";"3199";"PLU";"COM";"2013-05-21 22:00:00+00:00";"2009-01-11 23:00:00+00:00";"39";"84";"93";"2021";"NON";"NON";"84136";"";"";"";"2021-10-06";"101392";""
"84137";"3131";"PLU";"COM";"2011-09-19 22:00:00+00:00";"2007-06-24 22:00:00+00:00";"33";"84";"93";"2021";"NON";"NON";"84137";"";"";"";"2021-10-06";"101394";""
"84140";"3199";"PLU";"COM";"2017-09-14 22:00:00+00:00";"2014-05-21 22:00:00+00:00";"39";"84";"93";"2021";"NON";"NON";"84140";"";"";"";"2021-10-06";"130251";""
"84141";"3199";"PLU";"COM";"2019-03-06 23:00:00+00:00";"2015-12-02 23:00:00+00:00";"39";"84";"93";"2021";"NON";"NON";"84141";"";"";"";"2021-10-06";"143443";""
"84142";"3199";"PLU";"COM";"2017-03-22 23:00:00+00:00";"2013-05-22 22:00:00+00:00";"39";"84";"93";"2021";"NON";"NON";"84142";"";"";"";"2021-10-06";"101428";""
"84143";"3199";"PLU";"COM";"2019-11-13 23:00:00+00:00";"2012-03-27 22:00:00+00:00";"39";"84";"93";"2021";"NON";"NON";"84143";"";"";"";"2021-10-06";"113254";""
"84144";"3199";"PLU";"COM";"2017-02-19 23:00:00+00:00";"2003-06-23 22:00:00+00:00";"39";"84";"93";"2021";"NON";"NON";"84144";"";"";"";"2021-10-06";"101441";""
"84145";"3199";"PLU";"COM";"2017-08-02 22:00:00+00:00";"2011-02-06 23:00:00+00:00";"39";"84";"93";"2021";"NON";"NON";"84145";"";"";"";"2021-10-06";"101446";""
"84146";"3131";"PLU";"COM";"2007-01-11 23:00:00+00:00";"1998-01-22 23:00:00+00:00";"33";"84";"93";"2021";"NON";"NON";"84146";"";"";"";"2021-10-06";"63465";""
"84147";"3199";"PLU";"COM";"2021-07-04 22:00:00+00:00";"2014-10-15 22:00:00+00:00";"39";"84";"93";"2021";"NON";"NON";"84147";"";"";"";"2021-10-06";"120598";""
"84149";"3199";"PLU";"COM";"2016-06-19 22:00:00+00:00";"2010-09-07 22:00:00+00:00";"39";"84";"93";"2021";"NON";"NON";"84149";"";"";"";"2021-10-06";"101463";""
"84150";"3131";"PLU";"COM";"2010-06-17 22:00:00+00:00";"2002-11-17 23:00:00+00:00";"33";"84";"93";"2021";"NON";"NON";"84150";"";"";"";"2021-10-06";"101466";""
"85002";"3199";"PLU";"COM";"2014-02-24 23:00:00+00:00";"2012-02-28 23:00:00+00:00";"39";"85";"52";"2021";"NON";"NON";"85002";"";"";"";"2021-10-06";"91205";""
"85003";"3299";"PLUi/PLUiS";"CC";"2021-02-21 23:00:00+00:00";"2016-03-20 23:00:00+00:00";"39";"85";"52";"2021";"NON";"OUI";"200072882";"";"";"";"2021-10-06";"147488";""
"85004";"3499";"PLU";"CC";"2019-03-11 23:00:00+00:00";"2015-01-19 23:00:00+00:00";"39";"85";"52";"2021";"NON";"NON";"200071900";"";"";"";"2021-10-06";"63466";""
"85005";"3432";"PLU";"CC";"2008-03-03 23:00:00+00:00";"2004-09-06 22:00:00+00:00";"33";"85";"52";"2021";"NON";"NON";"85005";"";"";"";"2021-10-06";"57052";""
"85006";"3299";"PLUi/PLUiS";"CC";"2021-02-21 23:00:00+00:00";"2016-03-20 23:00:00+00:00";"39";"85";"52";"2021";"NON";"OUI";"200072882";"";"";"";"2021-10-06";"147488";""
"85008";"3434";"PLU";"CA";"2010-09-07 22:00:00+00:00";"2008-06-24 22:00:00+00:00";"33";"85";"52";"2021";"NON";"NON";"248500589";"";"";"";"2021-10-06";"55224";""
"85009";"1199";"CC";"COM";"2008-02-28 23:00:00+00:00";"2005-06-14 22:00:00+00:00";"19";"85";"52";"2021";"NON";"NON";"85009";"";"";"";"2021-10-06";"70098";""
"85010";"3499";"PLU";"CC";"2008-01-17 23:00:00+00:00";"2005-05-19 22:00:00+00:00";"39";"85";"52";"2021";"NON";"NON";"200071900";"";"";"";"2021-10-06";"55203";""
"85011";"3499";"PLU";"CC";"2019-02-20 23:00:00+00:00";"2015-11-03 23:00:00+00:00";"39";"85";"52";"2021";"NON";"NON";"85011";"";"";"";"2021-10-06";"64232";""
"85012";"3199";"PLU";"COM";"2019-04-23 22:00:00+00:00";"2011-11-02 23:00:00+00:00";"39";"85";"52";"2021";"NON";"NON";"85012";"";"";"";"2021-10-06";"91413";""
"85013";"3299";"PLUi/PLUiS";"CC";"2019-12-18 23:00:00+00:00";"2015-06-08 22:00:00+00:00";"39";"85";"52";"2021";"NON";"OUI";"200071918";"";"";"";"2021-10-06";"139423";""
"85014";"3432";"PLU";"CC";"2012-12-17 23:00:00+00:00";"2008-11-13 23:00:00+00:00";"33";"85";"52";"2021";"NON";"NON";"85014";"";"";"";"2021-10-06";"50406";""
"85015";"3299";"PLUi/PLUiS";"CC";"2021-02-21 23:00:00+00:00";"2016-03-20 23:00:00+00:00";"39";"85";"52";"2021";"NON";"OUI";"200072882";"";"";"";"2021-10-06";"147488";""
"85016";"3299";"PLUi/PLUiS";"CC";"2020-02-25 23:00:00+00:00";"2017-01-17 23:00:00+00:00";"39";"85";"52";"2021";"NON";"OUI";"85016";"";"";"";"2021-10-06";"156365";""
"85017";"3432";"PLU";"CC";"2012-07-25 22:00:00+00:00";"2008-09-25 22:00:00+00:00";"33";"85";"52";"2021";"NON";"NON";"248500621";"";"";"";"2021-10-06";"65246";""
"85018";"3432";"PLU";"CC";"2017-12-06 23:00:00+00:00";"2012-12-02 23:00:00+00:00";"33";"85";"52";"2021";"NON";"NON";"200071629";"";"";"";"2021-10-06";"115583";""
"85019";"3299";"PLUi/PLUiS";"CC";"2021-02-21 23:00:00+00:00";"2016-03-20 23:00:00+00:00";"39";"85";"52";"2021";"NON";"OUI";"200072882";"";"";"";"2021-10-06";"147488";""
"85020";"3199";"PLU";"COM";"2004-11-02 23:00:00+00:00";"2001-09-11 22:00:00+00:00";"39";"85";"52";"2021";"NON";"NON";"85020";"";"";"";"2021-10-06";"55204";""
"85021";"3399";"PLUi/PLUiS";"CC";"2019-06-24 22:00:00+00:00";"2015-02-08 23:00:00+00:00";"39";"85";"52";"2021";"OUI";"NON";"200070233";"";"";"";"2021-10-06";"137883";""
"85022";"3499";"PLU";"CC";"2019-01-28 23:00:00+00:00";"2012-01-23 23:00:00+00:00";"39";"85";"52";"2021";"NON";"NON";"200071900";"";"";"";"2021-10-06";"91605";""
"85023";"1499";"CC";"CC";"2013-06-03 22:00:00+00:00";"2012-05-23 22:00:00+00:00";"19";"85";"52";"2021";"NON";"NON";"200073260";"";"";"";"2021-10-06";"102014";""
"85024";"3432";"PLU";"CC";"2005-05-19 22:00:00+00:00";"2001-06-27 22:00:00+00:00";"33";"85";"52";"2021";"NON";"NON";"200071629";"";"";"";"2021-10-06";"55207";""
"85025";"3399";"PLUi/PLUiS";"CC";"2019-06-24 22:00:00+00:00";"2015-02-08 23:00:00+00:00";"39";"85";"52";"2021";"OUI";"NON";"200070233";"";"";"";"2021-10-06";"137883";""
"85026";"3499";"PLU";"CC";"2009-03-01 23:00:00+00:00";"2005-11-30 23:00:00+00:00";"39";"85";"52";"2021";"NON";"NON";"200071900";"";"";"";"2021-10-06";"55209";""
"85028";"1199";"CC";"COM";"2013-11-27 23:00:00+00:00";"2010-05-17 22:00:00+00:00";"19";"85";"52";"2021";"NON";"NON";"85028";"";"";"";"2021-10-06";"91647";""
"85031";"3299";"PLUi/PLUiS";"CC";"2020-01-13 23:00:00+00:00";"2015-10-12 22:00:00+00:00";"39";"85";"52";"2021";"NON";"OUI";"248500464";"";"";"";"2021-10-06";"142059";""
"85033";"3199";"PLU";"COM";"2019-09-08 22:00:00+00:00";"2014-12-10 23:00:00+00:00";"39";"85";"52";"2021";"NON";"NON";"85033";"";"";"";"2021-10-06";"136518";""
"85034";"3299";"PLUi/PLUiS";"CC";"2019-12-10 23:00:00+00:00";"2015-12-15 23:00:00+00:00";"39";"85";"52";"2021";"NON";"OUI";"248500340";"";"";"";"2021-10-06";"142410";""
"85035";"3199";"PLU";"COM";"2019-04-22 22:00:00+00:00";"2012-12-16 23:00:00+00:00";"39";"85";"52";"2021";"NON";"NON";"85035";"";"";"";"2021-10-06";"116939";""
"85036";"3499";"PLU";"CC";"2008-12-22 23:00:00+00:00";"2003-01-28 23:00:00+00:00";"39";"85";"52";"2021";"NON";"NON";"200073260";"";"";"";"2021-10-06";"57289";""
"85037";"1432";"CC";"CC";"2012-03-05 23:00:00+00:00";"2009-06-18 22:00:00+00:00";"13";"85";"52";"2021";"NON";"NON";"85037";"";"";"";"2021-10-06";"65764";""
"85038";"3299";"PLUi/PLUiS";"CC";"2019-12-18 23:00:00+00:00";"2015-06-08 22:00:00+00:00";"39";"85";"52";"2021";"NON";"OUI";"200071918";"";"";"";"2021-10-06";"139423";""
"85039";"3399";"PLUi/PLUiS";"CC";"2019-06-24 22:00:00+00:00";"2015-02-08 23:00:00+00:00";"39";"85";"52";"2021";"OUI";"NON";"200070233";"";"";"";"2021-10-06";"137883";""
"85040";"3433";"PLU";"CC";"2011-11-07 23:00:00+00:00";"2006-07-17 22:00:00+00:00";"33";"85";"52";"2021";"NON";"NON";"200073260";"";"";"";"2021-10-06";"50407";""
"85042";"3499";"PLU";"CC";"2008-07-20 22:00:00+00:00";"2005-03-20 23:00:00+00:00";"39";"85";"52";"2021";"NON";"NON";"200073260";"";"";"";"2021-10-06";"55216";""
"85045";"3199";"PLU";"COM";"2006-10-17 22:00:00+00:00";"2002-07-09 22:00:00+00:00";"39";"85";"52";"2021";"NON";"NON";"85045";"";"";"";"2021-10-06";"55217";""
"85046";"3434";"PLU";"CA";"2006-03-13 23:00:00+00:00";"2002-10-07 22:00:00+00:00";"33";"85";"52";"2021";"NON";"NON";"248500589";"";"";"";"2021-10-06";"55218";""
"85047";"3432";"PLU";"CC";"2006-07-18 22:00:00+00:00";"2003-11-04 23:00:00+00:00";"33";"85";"52";"2021";"NON";"NON";"200071629";"";"";"";"2021-10-06";"6570";""
"85049";"3499";"PLU";"CC";"2008-02-13 23:00:00+00:00";"2005-07-10 22:00:00+00:00";"39";"85";"52";"2021";"NON";"NON";"200073260";"";"";"";"2021-10-06";"55219";""
"85050";"3434";"PLU";"CC";"2004-03-10 23:00:00+00:00";"2000-12-11 23:00:00+00:00";"33";"85";"52";"2021";"NON";"NON";"200071900";"";"";"";"2021-10-06";"55220";""
"85051";"3299";"PLUi/PLUiS";"CC";"2019-12-10 23:00:00+00:00";"2015-12-15 23:00:00+00:00";"39";"85";"52";"2021";"NON";"OUI";"248500340";"";"";"";"2021-10-06";"142410";""
"85054";"3299";"PLUi/PLUiS";"CC";"2020-02-25 23:00:00+00:00";"2017-01-17 23:00:00+00:00";"39";"85";"52";"2021";"NON";"OUI";"85054";"";"";"";"2021-10-06";"156365";""
"85055";"3299";"PLUi/PLUiS";"CC";"2021-02-21 23:00:00+00:00";"2016-03-20 23:00:00+00:00";"39";"85";"52";"2021";"NON";"OUI";"200072882";"";"";"";"2021-10-06";"147488";""
"85056";"1433";"CC";"CC";"2008-04-17 22:00:00+00:00";"2006-02-14 23:00:00+00:00";"13";"85";"52";"2021";"NON";"NON";"200073260";"";"";"";"2021-10-06";"70099";""
"85058";"1499";"CC";"CC";"2008-04-17 22:00:00+00:00";"2006-01-30 23:00:00+00:00";"19";"85";"52";"2021";"NON";"NON";"200073260";"";"";"";"2021-10-06";"70100";""
"85059";"3432";"PLU";"CC";"2007-02-26 23:00:00+00:00";"2004-03-29 22:00:00+00:00";"33";"85";"52";"2021";"NON";"NON";"85059";"";"";"";"2021-10-06";"52707";""
"85061";"3499";"PLU";"CC";"2014-02-25 23:00:00+00:00";"2011-11-22 23:00:00+00:00";"39";"85";"52";"2021";"NON";"NON";"200073260";"";"";"";"2021-10-06";"91847";""
"85062";"3432";"PLU";"CC";"2005-07-04 22:00:00+00:00";"2001-11-25 23:00:00+00:00";"33";"85";"52";"2021";"NON";"NON";"200071629";"";"";"";"2021-10-06";"57057";""
"85064";"3299";"PLUi/PLUiS";"CC";"2019-12-18 23:00:00+00:00";"2015-06-08 22:00:00+00:00";"39";"85";"52";"2021";"NON";"OUI";"200071918";"";"";"";"2021-10-06";"139423";""
"85065";"3299";"PLUi/PLUiS";"CC";"2019-12-18 23:00:00+00:00";"2015-06-08 22:00:00+00:00";"39";"85";"52";"2021";"NON";"OUI";"200071918";"";"";"";"2021-10-06";"139423";""
"85066";"3299";"PLUi/PLUiS";"CC";"2020-01-13 23:00:00+00:00";"2015-10-12 22:00:00+00:00";"39";"85";"52";"2021";"NON";"OUI";"248500464";"";"";"";"2021-10-06";"142059";""
"85067";"3432";"PLU";"CC";"2007-05-02 22:00:00+00:00";"2004-02-18 23:00:00+00:00";"33";"85";"52";"2021";"NON";"NON";"85067";"";"";"";"2021-10-06";"57059";""
"85070";"3131";"PLU";"COM";"2007-07-08 22:00:00+00:00";"2004-03-28 22:00:00+00:00";"33";"85";"52";"2021";"NON";"NON";"85070";"";"";"";"2021-10-06";"55227";""
"85071";"3199";"PLU";"COM";"2005-06-12 22:00:00+00:00";"2001-12-18 23:00:00+00:00";"39";"85";"52";"2021";"NON";"NON";"85071";"";"";"";"2021-10-06";"55228";""
"85072";"3299";"PLUi/PLUiS";"CC";"2019-12-18 23:00:00+00:00";"2015-06-08 22:00:00+00:00";"39";"85";"52";"2021";"NON";"OUI";"200071918";"";"";"";"2021-10-06";"139423";""
"85073";"1499";"CC";"CC";"2011-12-03 23:00:00+00:00";"2010-10-25 22:00:00+00:00";"19";"85";"52";"2021";"NON";"NON";"200073260";"";"";"";"2021-10-06";"65765";""
"85074";"3499";"PLU";"CC";"2007-09-26 22:00:00+00:00";"2005-07-11 22:00:00+00:00";"39";"85";"52";"2021";"NON";"NON";"200073260";"";"";"";"2021-10-06";"57060";""
"85076";"3399";"PLUi/PLUiS";"CC";"2019-06-24 22:00:00+00:00";"2015-02-08 23:00:00+00:00";"39";"85";"52";"2021";"OUI";"NON";"200070233";"";"";"";"2021-10-06";"137883";""
"85077";"1499";"CC";"CC";"2005-01-11 23:00:00+00:00";"2002-05-13 22:00:00+00:00";"19";"85";"52";"2021";"NON";"NON";"200071900";"";"";"";"2021-10-06";"70102";""
"85078";"3199";"PLU";"COM";"2017-01-12 23:00:00+00:00";"2013-05-28 22:00:00+00:00";"39";"85";"52";"2021";"NON";"NON";"85078";"";"";"";"2021-10-06";"122112";""
"85080";"3199";"PLU";"COM";"2013-06-19 22:00:00+00:00";"2007-02-19 23:00:00+00:00";"39";"85";"52";"2021";"NON";"NON";"85080";"";"";"";"2021-10-06";"49901";""
"85081";"3434";"PLU";"CA";"2013-10-29 23:00:00+00:00";"2008-11-17 23:00:00+00:00";"33";"85";"52";"2021";"NON";"NON";"248500589";"";"";"";"2021-10-06";"63469";""
"85082";"3432";"PLU";"CC";"2008-03-05 23:00:00+00:00";"2005-09-21 22:00:00+00:00";"33";"85";"52";"2021";"NON";"NON";"248500621";"";"";"";"2021-10-06";"55230";""
"85083";"3499";"PLU";"CC";"2021-06-27 22:00:00+00:00";"2011-11-27 23:00:00+00:00";"39";"85";"52";"2021";"NON";"NON";"85083";"";"";"";"2021-10-06";"91971";""
"85084";"3299";"PLUi/PLUiS";"CC";"2019-12-18 23:00:00+00:00";"2015-06-08 22:00:00+00:00";"39";"85";"52";"2021";"NON";"OUI";"200071918";"";"";"";"2021-10-06";"139423";""
"85086";"3299";"PLUi/PLUiS";"CC";"2021-02-21 23:00:00+00:00";"2016-03-20 23:00:00+00:00";"39";"85";"52";"2021";"NON";"OUI";"200072882";"";"";"";"2021-10-06";"147488";""
"85088";"3199";"PLU";"COM";"2020-02-16 23:00:00+00:00";"2016-11-13 23:00:00+00:00";"39";"85";"52";"2021";"NON";"NON";"85088";"";"";"";"2021-10-06";"155080";""
"85089";"3499";"PLU";"CA";"2021-05-04 22:00:00+00:00";"2018-09-04 22:00:00+00:00";"39";"85";"52";"2021";"NON";"NON";"248500589";"";"";"";"2021-10-06";"164557";""
"85090";"3299";"PLUi/PLUiS";"CC";"2020-01-13 23:00:00+00:00";"2015-10-12 22:00:00+00:00";"39";"85";"52";"2021";"NON";"OUI";"248500464";"";"";"";"2021-10-06";"142059";""
"85092";"3199";"PLU";"COM";"2005-03-23 23:00:00+00:00";"2002-12-12 23:00:00+00:00";"39";"85";"52";"2021";"NON";"NON";"85092";"";"";"";"2021-10-06";"6419";""
"85093";"1499";"CC";"CA";"2008-03-09 23:00:00+00:00";"2007-07-12 22:00:00+00:00";"19";"85";"52";"2021";"NON";"NON";"248500589";"";"";"";"2021-10-06";"70103";""
"85094";"3199";"PLU";"COM";"2013-10-13 22:00:00+00:00";"2009-06-29 22:00:00+00:00";"39";"85";"52";"2021";"NON";"NON";"85094";"";"";"";"2021-10-06";"64234";""
"85095";"3432";"PLU";"CC";"2007-10-25 22:00:00+00:00";"2005-02-24 23:00:00+00:00";"33";"85";"52";"2021";"NON";"NON";"200071629";"";"";"";"2021-10-06";"54713";""
"85096";"3432";"PLU";"CC";"2007-09-13 22:00:00+00:00";"2004-02-26 23:00:00+00:00";"33";"85";"52";"2021";"NON";"NON";"200071629";"";"";"";"2021-10-06";"55233";""
"85097";"3299";"PLUi/PLUiS";"CC";"2019-07-02 22:00:00+00:00";"2015-06-23 22:00:00+00:00";"39";"85";"52";"2021";"NON";"OUI";"248500662";"";"";"";"2021-10-06";"139686";""
"85098";"3299";"PLUi/PLUiS";"CC";"2021-02-21 23:00:00+00:00";"2016-03-20 23:00:00+00:00";"39";"85";"52";"2021";"NON";"OUI";"200072882";"";"";"";"2021-10-06";"147488";""
"85099";"3299";"PLUi/PLUiS";"CC";"2020-02-25 23:00:00+00:00";"2017-01-17 23:00:00+00:00";"39";"85";"52";"2021";"NON";"OUI";"85099";"";"";"";"2021-10-06";"156365";""
"85100";"3131";"PLU";"COM";"2006-05-21 22:00:00+00:00";"2002-01-27 23:00:00+00:00";"33";"85";"52";"2021";"NON";"NON";"85100";"";"";"";"2021-10-06";"55235";""
"85101";"3499";"PLU";"CC";"2006-11-08 23:00:00+00:00";"2003-04-22 22:00:00+00:00";"39";"85";"52";"2021";"NON";"NON";"200071900";"";"";"";"2021-10-06";"57291";""
"85102";"3299";"PLUi/PLUiS";"CC";"2021-02-21 23:00:00+00:00";"2016-03-20 23:00:00+00:00";"39";"85";"52";"2021";"NON";"OUI";"200072882";"";"";"";"2021-10-06";"147488";""
"85103";"3499";"PLU";"CC";"2013-03-11 23:00:00+00:00";"2008-10-20 22:00:00+00:00";"39";"85";"52";"2021";"NON";"NON";"200071900";"";"";"";"2021-10-06";"64691";""
"85104";"3499";"PLU";"CC";"2007-12-10 23:00:00+00:00";"2005-01-26 23:00:00+00:00";"39";"85";"52";"2021";"NON";"NON";"200073260";"";"";"";"2021-10-06";"55236";""
"85105";"1499";"CC";"CC";"2004-03-28 22:00:00+00:00";"2001-09-09 22:00:00+00:00";"19";"85";"52";"2021";"NON";"NON";"200073260";"";"";"";"2021-10-06";"70105";""
"85106";"3499";"PLU";"CC";"2017-11-13 23:00:00+00:00";"2014-12-14 23:00:00+00:00";"39";"85";"52";"2021";"NON";"NON";"85106";"";"";"";"2021-10-06";"140666";""
"85108";"3399";"PLUi/PLUiS";"CC";"2019-10-13 22:00:00+00:00";"2015-12-15 23:00:00+00:00";"39";"85";"52";"2021";"OUI";"NON";"200070233";"";"";"";"2021-10-06";"142409";""
"85109";"3432";"PLU";"CC";"2014-12-14 23:00:00+00:00";"2009-03-18 23:00:00+00:00";"33";"85";"52";"2021";"NON";"NON";"248500621";"";"";"";"2021-10-06";"63472";""
"85110";"3199";"PLU";"COM";"2007-03-16 23:00:00+00:00";"2002-05-01 22:00:00+00:00";"39";"85";"52";"2021";"NON";"NON";"85110";"";"";"";"2021-10-06";"55239";""
"85111";"3499";"PLU";"CC";"2009-10-08 22:00:00+00:00";"2005-09-08 22:00:00+00:00";"39";"85";"52";"2021";"NON";"NON";"200073260";"";"";"";"2021-10-06";"55240";""
"85112";"3432";"PLU";"CA";"2013-06-12 22:00:00+00:00";"2009-05-27 22:00:00+00:00";"33";"85";"52";"2021";"NON";"NON";"200071165";"";"";"";"2021-10-06";"64693";""
"85113";"3199";"PLU";"COM";"2014-02-19 23:00:00+00:00";"2009-08-16 22:00:00+00:00";"39";"85";"52";"2021";"NON";"NON";"85113";"";"";"";"2021-10-06";"64189";""
"85114";"3199";"PLU";"COM";"2007-11-28 23:00:00+00:00";"2004-06-23 22:00:00+00:00";"39";"85";"52";"2021";"NON";"NON";"200071900";"";"";"";"2021-10-06";"55241";""
"85115";"3433";"PLU";"CC";"2008-02-10 23:00:00+00:00";"2005-03-29 22:00:00+00:00";"33";"85";"52";"2021";"NON";"NON";"200073260";"";"";"";"2021-10-06";"55242";""
"85116";"3499";"PLU";"CC";"2017-01-22 23:00:00+00:00";"2010-10-20 22:00:00+00:00";"39";"85";"52";"2021";"NON";"NON";"200071900";"";"";"";"2021-10-06";"50125";""
"85117";"3499";"PLU";"CC";"2007-10-07 22:00:00+00:00";"2003-04-15 22:00:00+00:00";"39";"85";"52";"2021";"NON";"NON";"200073260";"";"";"";"2021-10-06";"55243";""
"85118";"3499";"PLU";"CA";"2011-07-17 22:00:00+00:00";"2007-03-07 23:00:00+00:00";"39";"85";"52";"2021";"NON";"NON";"248500589";"";"";"";"2021-10-06";"63309";""
"85119";"3299";"PLUi/PLUiS";"CC";"2019-07-02 22:00:00+00:00";"2015-06-23 22:00:00+00:00";"39";"85";"52";"2021";"NON";"OUI";"248500662";"";"";"";"2021-10-06";"139686";""
"85120";"3199";"PLU";"COM";"2011-06-27 22:00:00+00:00";"2005-05-12 22:00:00+00:00";"39";"85";"52";"2021";"NON";"NON";"85120";"";"";"";"2021-10-06";"64694";""
"85126";"3199";"PLU";"COM";"2005-09-12 22:00:00+00:00";"2002-03-18 23:00:00+00:00";"39";"85";"52";"2021";"NON";"NON";"85126";"";"";"";"2021-10-06";"57053";""
"85127";"3499";"PLU";"CC";"2013-03-27 23:00:00+00:00";"2008-10-13 22:00:00+00:00";"39";"85";"52";"2021";"NON";"NON";"200071900";"";"";"";"2021-10-06";"63312";""
"85128";"3499";"PLU";"CC";"2008-05-29 22:00:00+00:00";"2005-06-27 22:00:00+00:00";"39";"85";"52";"2021";"NON";"NON";"200073260";"";"";"";"2021-10-06";"57054";""
"85129";"3299";"PLUi/PLUiS";"CC";"2021-02-21 23:00:00+00:00";"2016-03-20 23:00:00+00:00";"39";"85";"52";"2021";"NON";"OUI";"200072882";"";"";"";"2021-10-06";"147488";""
"85130";"3299";"PLUi/PLUiS";"CC";"2021-02-21 23:00:00+00:00";"2016-03-20 23:00:00+00:00";"39";"85";"52";"2021";"NON";"OUI";"200072882";"";"";"";"2021-10-06";"147488";""
"85131";"3434";"PLU";"CC";"2008-02-24 23:00:00+00:00";"2004-04-25 22:00:00+00:00";"33";"85";"52";"2021";"NON";"NON";"200073260";"";"";"";"2021-10-06";"52779";""
"85132";"1199";"CC";"COM";"2008-12-30 23:00:00+00:00";"2006-03-16 23:00:00+00:00";"19";"85";"52";"2021";"NON";"NON";"85132";"";"";"";"2021-10-06";"70106";""
"85134";"3299";"PLUi/PLUiS";"CC";"2019-07-02 22:00:00+00:00";"2015-06-23 22:00:00+00:00";"39";"85";"52";"2021";"NON";"OUI";"248500662";"";"";"";"2021-10-06";"139686";""
"85135";"3499";"PLU";"CC";"2005-11-14 23:00:00+00:00";"2001-11-05 23:00:00+00:00";"39";"85";"52";"2021";"NON";"NON";"200073260";"";"";"";"2021-10-06";"55265";""
"85137";"1199";"CC";"COM";"2015-08-27 22:00:00+00:00";"2014-09-04 22:00:00+00:00";"19";"85";"52";"2021";"NON";"NON";"85137";"";"";"";"2021-10-06";"96869";""
"85138";"3299";"PLUi/PLUiS";"CC";"2020-02-25 23:00:00+00:00";"2017-01-17 23:00:00+00:00";"39";"85";"52";"2021";"NON";"OUI";"85138";"";"";"";"2021-10-06";"156365";""
"85140";"3299";"PLUi/PLUiS";"CC";"2020-01-13 23:00:00+00:00";"2015-10-12 22:00:00+00:00";"39";"85";"52";"2021";"NON";"OUI";"248500464";"";"";"";"2021-10-06";"142059";""
"85142";"3299";"PLUi/PLUiS";"CC";"2019-12-18 23:00:00+00:00";"2015-06-08 22:00:00+00:00";"39";"85";"52";"2021";"NON";"OUI";"200071918";"";"";"";"2021-10-06";"139423";""
"85143";"3199";"PLU";"COM";"2006-07-19 22:00:00+00:00";"2002-02-07 23:00:00+00:00";"39";"85";"52";"2021";"NON";"NON";"85143";"";"";"";"2021-10-06";"55248";""
"85144";"3432";"PLU";"CC";"2011-06-19 22:00:00+00:00";"2008-10-12 22:00:00+00:00";"33";"85";"52";"2021";"NON";"NON";"248500621";"";"";"";"2021-10-06";"65250";""
"85145";"3299";"PLUi/PLUiS";"CC";"2020-01-13 23:00:00+00:00";"2015-10-12 22:00:00+00:00";"39";"85";"52";"2021";"NON";"OUI";"248500464";"";"";"";"2021-10-06";"142059";""
"85146";"3399";"PLUi/PLUiS";"CC";"2019-06-24 22:00:00+00:00";"2015-02-08 23:00:00+00:00";"39";"85";"52";"2021";"OUI";"NON";"200070233";"";"";"";"2021-10-06";"137883";""
"85147";"3299";"PLUi/PLUiS";"CC";"2020-01-13 23:00:00+00:00";"2015-10-12 22:00:00+00:00";"39";"85";"52";"2021";"NON";"OUI";"248500464";"";"";"";"2021-10-06";"142059";""
"85148";"3199";"PLU";"COM";"2013-12-12 23:00:00+00:00";"2010-07-06 22:00:00+00:00";"39";"85";"52";"2021";"NON";"NON";"85148";"";"";"";"2021-10-06";"65251";""
"85151";"3299";"PLUi/PLUiS";"CC";"2019-07-02 22:00:00+00:00";"2015-06-23 22:00:00+00:00";"39";"85";"52";"2021";"NON";"OUI";"248500662";"";"";"";"2021-10-06";"139686";""
"85152";"3299";"PLUi/PLUiS";"CC";"2020-02-25 23:00:00+00:00";"2017-01-17 23:00:00+00:00";"39";"85";"52";"2021";"NON";"OUI";"85152";"";"";"";"2021-10-06";"156365";""
"85153";"3432";"PLU";"CC";"2005-11-28 23:00:00+00:00";"2002-10-27 23:00:00+00:00";"33";"85";"52";"2021";"NON";"NON";"248500621";"";"";"";"2021-10-06";"55251";""
"85154";"3432";"PLU";"CC";"2006-04-26 22:00:00+00:00";"2001-12-05 23:00:00+00:00";"33";"85";"52";"2021";"NON";"NON";"85154";"";"";"";"2021-10-06";"55252";""
"85155";"3434";"PLU";"CA";"2007-07-01 22:00:00+00:00";"2005-02-13 23:00:00+00:00";"33";"85";"52";"2021";"NON";"NON";"248500589";"";"";"";"2021-10-06";"55253";""
"85156";"3499";"PLU";"CC";"2020-03-11 23:00:00+00:00";"2017-07-16 22:00:00+00:00";"39";"85";"52";"2021";"NON";"NON";"200071900";"";"";"";"2021-10-06";"157931";""
"85157";"1499";"CC";"CC";"2007-06-11 22:00:00+00:00";"2006-02-22 23:00:00+00:00";"19";"85";"52";"2021";"NON";"NON";"200073260";"";"";"";"2021-10-06";"70108";""
"85158";"3199";"PLU";"COM";"2012-09-02 22:00:00+00:00";"2006-11-08 23:00:00+00:00";"39";"85";"52";"2021";"NON";"NON";"85158";"";"";"";"2021-10-06";"49902";""
"85159";"3499";"PLU";"CC";"2008-01-22 23:00:00+00:00";"2005-09-13 22:00:00+00:00";"39";"85";"52";"2021";"NON";"NON";"200073260";"";"";"";"2021-10-06";"55255";""
"85160";"3499";"PLU";"CA";"2006-05-02 22:00:00+00:00";"2005-02-14 23:00:00+00:00";"39";"85";"52";"2021";"NON";"NON";"248500589";"";"";"";"2021-10-06";"55256";""
"85161";"3299";"PLUi/PLUiS";"CC";"2020-02-25 23:00:00+00:00";"2017-01-17 23:00:00+00:00";"39";"85";"52";"2021";"NON";"OUI";"85161";"";"";"";"2021-10-06";"156365";""
"85162";"3199";"PLU";"COM";"2011-11-06 23:00:00+00:00";"2007-06-10 22:00:00+00:00";"39";"85";"52";"2021";"NON";"NON";"85162";"";"";"";"2021-10-06";"64235";""
"85163";"3434";"PLU";"CC";"2013-03-18 23:00:00+00:00";"2011-01-31 23:00:00+00:00";"33";"85";"52";"2021";"NON";"NON";"85163";"";"";"";"2021-10-06";"97415";""
"85164";"3199";"PLU";"COM";"2014-03-03 23:00:00+00:00";"2008-06-11 22:00:00+00:00";"39";"85";"52";"2021";"NON";"NON";"85164";"";"";"";"2021-10-06";"64236";""
"85167";"3199";"PLU";"COM";"2018-04-04 22:00:00+00:00";"2014-07-01 22:00:00+00:00";"39";"85";"52";"2021";"NON";"NON";"85167";"";"";"";"2021-10-06";"130845";""
"85169";"3299";"PLUi/PLUiS";"CC";"2021-02-21 23:00:00+00:00";"2016-03-20 23:00:00+00:00";"39";"85";"52";"2021";"NON";"OUI";"200072882";"";"";"";"2021-10-06";"147488";""
"85171";"3499";"PLU";"CC";"2007-12-03 23:00:00+00:00";"2005-01-10 23:00:00+00:00";"39";"85";"52";"2021";"NON";"NON";"200073260";"";"";"";"2021-10-06";"55258";""
"85172";"3199";"PLU";"COM";"2017-06-05 22:00:00+00:00";"2009-04-27 22:00:00+00:00";"39";"85";"52";"2021";"NON";"NON";"85172";"";"";"";"2021-10-06";"63475";""
"85174";"1199";"CC";"COM";"2016-05-11 22:00:00+00:00";"2013-06-20 22:00:00+00:00";"19";"85";"52";"2021";"NON";"NON";"85174";"";"";"";"2021-10-06";"123095";""
"85175";"3499";"PLU";"CC";"2013-06-19 22:00:00+00:00";"2010-02-24 23:00:00+00:00";"39";"85";"52";"2021";"NON";"NON";"200073260";"";"";"";"2021-10-06";"65252";""
"85176";"3199";"PLU";"COM";"2014-03-19 23:00:00+00:00";"2010-04-28 22:00:00+00:00";"39";"85";"52";"2021";"NON";"NON";"85176";"";"";"";"2021-10-06";"64237";""
"85177";"3199";"PLU";"COM";"2018-11-19 23:00:00+00:00";"2015-01-15 23:00:00+00:00";"39";"85";"52";"2021";"NON";"NON";"85177";"";"";"";"2021-10-06";"137694";""
"85178";"3299";"PLUi/PLUiS";"CC";"2021-02-21 23:00:00+00:00";"2016-03-20 23:00:00+00:00";"39";"85";"52";"2021";"NON";"OUI";"200072882";"";"";"";"2021-10-06";"147488";""
"85179";"3434";"PLU";"CC";"2007-03-18 23:00:00+00:00";"2003-08-27 22:00:00+00:00";"33";"85";"52";"2021";"NON";"NON";"200071900";"";"";"";"2021-10-06";"55260";""
"85182";"3299";"PLUi/PLUiS";"CC";"2020-01-13 23:00:00+00:00";"2015-10-12 22:00:00+00:00";"39";"85";"52";"2021";"NON";"OUI";"248500464";"";"";"";"2021-10-06";"142059";""
"85184";"1199";"CC";"COM";"2010-07-07 22:00:00+00:00";"2009-08-18 22:00:00+00:00";"19";"85";"52";"2021";"NON";"NON";"85184";"";"";"";"2021-10-06";"70110";""
"85185";"3499";"PLU";"CC";"2005-03-02 23:00:00+00:00";"2002-03-05 23:00:00+00:00";"39";"85";"52";"2021";"NON";"NON";"200073260";"";"";"";"2021-10-06";"55262";""
"85186";"3299";"PLUi/PLUiS";"CC";"2019-12-18 23:00:00+00:00";"2015-06-08 22:00:00+00:00";"39";"85";"52";"2021";"NON";"OUI";"200071918";"";"";"";"2021-10-06";"139423";""
"85187";"3299";"PLUi/PLUiS";"CC";"2020-01-13 23:00:00+00:00";"2015-10-12 22:00:00+00:00";"39";"85";"52";"2021";"NON";"OUI";"248500464";"";"";"";"2021-10-06";"142059";""
"85188";"3433";"PLU";"CC";"2008-10-01 22:00:00+00:00";"2006-03-28 22:00:00+00:00";"33";"85";"52";"2021";"NON";"NON";"200073260";"";"";"";"2021-10-06";"55263";""
"85189";"3199";"PLU";"COM";"2013-07-21 22:00:00+00:00";"2010-06-21 22:00:00+00:00";"39";"85";"52";"2021";"NON";"NON";"85189";"";"";"";"2021-10-06";"63477";""
"85190";"3399";"PLUi/PLUiS";"CC";"2019-10-13 22:00:00+00:00";"2015-12-15 23:00:00+00:00";"39";"85";"52";"2021";"OUI";"NON";"200070233";"";"";"";"2021-10-06";"142409";""
"85191";"3434";"PLU";"CA";"2009-10-06 22:00:00+00:00";"2002-10-01 22:00:00+00:00";"33";"85";"52";"2021";"NON";"NON";"248500589";"";"";"";"2021-10-06";"6560";""
"85192";"3299";"PLUi/PLUiS";"CC";"2019-12-10 23:00:00+00:00";"2015-12-15 23:00:00+00:00";"39";"85";"52";"2021";"NON";"OUI";"248500340";"";"";"";"2021-10-06";"142410";""
"85193";"1499";"CC";"CC";"2008-01-15 23:00:00+00:00";"2005-04-11 22:00:00+00:00";"19";"85";"52";"2021";"NON";"NON";"200073260";"";"";"";"2021-10-06";"70113";""
"85194";"3432";"PLU";"CA";"2011-12-11 23:00:00+00:00";"2008-10-05 22:00:00+00:00";"33";"85";"52";"2021";"NON";"NON";"200071165";"";"";"";"2021-10-06";"64238";""
"85196";"3299";"PLUi/PLUiS";"CC";"2019-12-18 23:00:00+00:00";"2015-06-08 22:00:00+00:00";"39";"85";"52";"2021";"NON";"OUI";"200071918";"";"";"";"2021-10-06";"139423";""
"85197";"3399";"PLUi/PLUiS";"CC";"2019-10-13 22:00:00+00:00";"2015-12-15 23:00:00+00:00";"39";"85";"52";"2021";"OUI";"NON";"200070233";"";"";"";"2021-10-06";"142409";""
"85198";"3299";"PLUi/PLUiS";"CC";"2019-07-02 22:00:00+00:00";"2015-06-23 22:00:00+00:00";"39";"85";"52";"2021";"NON";"OUI";"248500662";"";"";"";"2021-10-06";"139686";""
"85199";"3433";"PLU";"CC";"2007-03-07 23:00:00+00:00";"2004-10-24 22:00:00+00:00";"33";"85";"52";"2021";"NON";"NON";"200073260";"";"";"";"2021-10-06";"55264";""
"85200";"3499";"PLU";"CC";"2011-09-05 22:00:00+00:00";"2009-03-23 23:00:00+00:00";"39";"85";"52";"2021";"NON";"NON";"200071900";"";"";"";"2021-10-06";"63478";""
"85201";"3499";"PLU";"CC";"2008-02-26 23:00:00+00:00";"2004-11-26 23:00:00+00:00";"39";"85";"52";"2021";"NON";"NON";"200071900";"";"";"";"2021-10-06";"55271";""
"85202";"3299";"PLUi/PLUiS";"CC";"2019-12-10 23:00:00+00:00";"2015-12-15 23:00:00+00:00";"39";"85";"52";"2021";"NON";"OUI";"248500340";"";"";"";"2021-10-06";"142410";""
"85204";"3432";"PLU";"CC";"2011-07-17 22:00:00+00:00";"2006-10-08 22:00:00+00:00";"33";"85";"52";"2021";"NON";"NON";"200071629";"";"";"";"2021-10-06";"64241";""
"85205";"1199";"CC";"COM";"2004-09-13 22:00:00+00:00";"2002-05-13 22:00:00+00:00";"19";"85";"52";"2021";"NON";"NON";"85205";"";"";"";"2021-10-06";"70114";""
"85206";"3499";"PLU";"CC";"2018-09-23 22:00:00+00:00";"2015-01-11 23:00:00+00:00";"39";"85";"52";"2021";"NON";"NON";"200071900";"";"";"";"2021-10-06";"137490";""
"85208";"3299";"PLUi/PLUiS";"CC";"2021-02-21 23:00:00+00:00";"2016-03-20 23:00:00+00:00";"39";"85";"52";"2021";"NON";"OUI";"200072882";"";"";"";"2021-10-06";"147488";""
"85209";"3433";"PLU";"CC";"2014-06-12 22:00:00+00:00";"2011-03-10 23:00:00+00:00";"33";"85";"52";"2021";"NON";"NON";"200073260";"";"";"";"2021-10-06";"97968";""
"85210";"3299";"PLUi/PLUiS";"CC";"2021-02-21 23:00:00+00:00";"2016-03-20 23:00:00+00:00";"39";"85";"52";"2021";"NON";"OUI";"200072882";"";"";"";"2021-10-06";"147488";""
"85211";"3299";"PLUi/PLUiS";"CC";"2020-02-25 23:00:00+00:00";"2017-01-17 23:00:00+00:00";"39";"85";"52";"2021";"NON";"OUI";"85211";"";"";"";"2021-10-06";"156365";""
"85213";"1434";"CC";"CA";"2016-03-24 23:00:00+00:00";"2013-06-06 22:00:00+00:00";"13";"85";"52";"2021";"NON";"NON";"248500589";"";"";"";"2021-10-06";"141170";""
"85214";"3432";"PLU";"CA";"2009-02-09 23:00:00+00:00";"2004-02-26 23:00:00+00:00";"33";"85";"52";"2021";"NON";"NON";"200071165";"";"";"";"2021-10-06";"55274";""
"85215";"3299";"PLUi/PLUiS";"CC";"2019-12-18 23:00:00+00:00";"2015-06-08 22:00:00+00:00";"39";"85";"52";"2021";"NON";"OUI";"200071918";"";"";"";"2021-10-06";"139423";""
"85216";"3433";"PLU";"CC";"2011-11-27 23:00:00+00:00";"2006-05-04 22:00:00+00:00";"33";"85";"52";"2021";"NON";"NON";"200073260";"";"";"";"2021-10-06";"64242";""
"85218";"3299";"PLUi/PLUiS";"CC";"2020-02-25 23:00:00+00:00";"2017-01-17 23:00:00+00:00";"39";"85";"52";"2021";"NON";"OUI";"85218";"";"";"";"2021-10-06";"156365";""
"85220";"3299";"PLUi/PLUiS";"CC";"2019-12-10 23:00:00+00:00";"2015-12-15 23:00:00+00:00";"39";"85";"52";"2021";"NON";"OUI";"248500340";"";"";"";"2021-10-06";"142410";""
"85221";"3432";"PLU";"CC";"2006-07-10 22:00:00+00:00";"2003-03-24 23:00:00+00:00";"33";"85";"52";"2021";"NON";"NON";"200071629";"";"";"";"2021-10-06";"55279";""
"85222";"3199";"PLU";"COM";"2020-02-02 23:00:00+00:00";"2017-07-09 22:00:00+00:00";"39";"85";"52";"2021";"NON";"NON";"85222";"";"";"";"2021-10-06";"157308";""
"85226";"3199";"PLU";"COM";"2019-12-19 23:00:00+00:00";"2018-10-18 22:00:00+00:00";"39";"85";"52";"2021";"NON";"NON";"85226";"";"";"";"2021-10-06";"165868";""
"85227";"3199";"PLU";"COM";"2011-09-25 22:00:00+00:00";"2007-09-23 22:00:00+00:00";"39";"85";"52";"2021";"NON";"NON";"85227";"";"";"";"2021-10-06";"64245";""
"85229";"1432";"CC";"CC";"2019-01-17 23:00:00+00:00";"2016-12-31 23:00:00+00:00";"13";"85";"52";"2021";"NON";"NON";"85229";"";"";"";"2021-10-06";"157378";""
"85231";"3499";"PLU";"CC";"2013-07-14 22:00:00+00:00";"2003-03-06 23:00:00+00:00";"39";"85";"52";"2021";"NON";"NON";"200071900";"";"";"";"2021-10-06";"64246";""
"85232";"3299";"PLUi/PLUiS";"CC";"2019-12-10 23:00:00+00:00";"2015-12-15 23:00:00+00:00";"39";"85";"52";"2021";"NON";"OUI";"248500340";"";"";"";"2021-10-06";"142410";""
"85233";"3433";"PLU";"CC";"2006-02-22 23:00:00+00:00";"2001-09-19 22:00:00+00:00";"33";"85";"52";"2021";"NON";"NON";"200073260";"";"";"";"2021-10-06";"55282";""
"85234";"3199";"PLU";"COM";"2011-12-26 23:00:00+00:00";"2005-04-04 22:00:00+00:00";"39";"85";"52";"2021";"NON";"NON";"85234";"";"";"";"2021-10-06";"64247";""
"85236";"3299";"PLUi/PLUiS";"CC";"2020-02-25 23:00:00+00:00";"2017-01-17 23:00:00+00:00";"39";"85";"52";"2021";"NON";"OUI";"85236";"";"";"";"2021-10-06";"156365";""
"85238";"3299";"PLUi/PLUiS";"CC";"2019-07-02 22:00:00+00:00";"2015-06-23 22:00:00+00:00";"39";"85";"52";"2021";"NON";"OUI";"248500662";"";"";"";"2021-10-06";"139686";""
"85239";"1199";"CC";"COM";"2004-04-26 22:00:00+00:00";"2002-01-13 23:00:00+00:00";"19";"85";"52";"2021";"NON";"NON";"85239";"";"";"";"2021-10-06";"70117";""
"85240";"3299";"PLUi/PLUiS";"CC";"2019-07-02 22:00:00+00:00";"2015-06-23 22:00:00+00:00";"39";"85";"52";"2021";"NON";"OUI";"248500662";"";"";"";"2021-10-06";"139686";""
"85242";"3432";"PLU";"CC";"2007-12-10 23:00:00+00:00";"2005-05-02 22:00:00+00:00";"33";"85";"52";"2021";"NON";"NON";"248500621";"";"";"";"2021-10-06";"57068";""
"85243";"3199";"PLU";"COM";"2015-01-28 23:00:00+00:00";"2010-09-20 22:00:00+00:00";"39";"85";"52";"2021";"NON";"NON";"85243";"";"";"";"2021-10-06";"64779";""
"85244";"3199";"PLU";"COM";"2005-02-28 23:00:00+00:00";"2002-12-16 23:00:00+00:00";"39";"85";"52";"2021";"NON";"NON";"85244";"";"";"";"2021-10-06";"55284";""
"85246";"3299";"PLUi/PLUiS";"CC";"2019-12-10 23:00:00+00:00";"2015-12-15 23:00:00+00:00";"39";"85";"52";"2021";"NON";"OUI";"248500340";"";"";"";"2021-10-06";"142410";""
"85247";"3299";"PLUi/PLUiS";"CC";"2019-07-02 22:00:00+00:00";"2015-06-23 22:00:00+00:00";"39";"85";"52";"2021";"NON";"OUI";"248500662";"";"";"";"2021-10-06";"139686";""
"85250";"3432";"PLU";"CA";"2014-01-26 23:00:00+00:00";"2011-04-07 22:00:00+00:00";"33";"85";"52";"2021";"NON";"NON";"200071165";"";"";"";"2021-10-06";"99164";""
"85252";"3432";"PLU";"CC";"2017-07-11 22:00:00+00:00";"2013-12-08 23:00:00+00:00";"33";"85";"52";"2021";"NON";"NON";"85252";"";"";"";"2021-10-06";"127806";""
"85254";"3299";"PLUi/PLUiS";"CC";"2020-01-13 23:00:00+00:00";"2015-10-12 22:00:00+00:00";"39";"85";"52";"2021";"NON";"OUI";"248500464";"";"";"";"2021-10-06";"142059";""
"85255";"3499";"PLU";"CC";"2008-02-28 23:00:00+00:00";"2004-10-13 22:00:00+00:00";"39";"85";"52";"2021";"NON";"NON";"200073260";"";"";"";"2021-10-06";"55287";""
"85256";"3199";"PLU";"COM";"2020-01-20 23:00:00+00:00";"2017-04-10 22:00:00+00:00";"39";"85";"52";"2021";"NON";"NON";"85256";"";"";"";"2021-10-06";"156078";""
"85259";"3432";"PLU";"CC";"2016-03-28 22:00:00+00:00";"2012-03-21 23:00:00+00:00";"33";"85";"52";"2021";"NON";"NON";"248500621";"";"";"";"2021-10-06";"105002";""
"85260";"3299";"PLUi/PLUiS";"CC";"2021-02-21 23:00:00+00:00";"2016-03-20 23:00:00+00:00";"39";"85";"52";"2021";"NON";"OUI";"200072882";"";"";"";"2021-10-06";"147488";""
"85261";"1499";"CC";"CC";"2008-02-07 23:00:00+00:00";"2006-03-28 22:00:00+00:00";"19";"85";"52";"2021";"NON";"NON";"200073260";"";"";"";"2021-10-06";"70119";""
"85262";"3399";"PLUi/PLUiS";"CC";"2019-10-13 22:00:00+00:00";"2015-12-15 23:00:00+00:00";"39";"85";"52";"2021";"OUI";"NON";"200070233";"";"";"";"2021-10-06";"142409";""
"85265";"1199";"CC";"COM";"2005-03-30 22:00:00+00:00";"2003-06-02 22:00:00+00:00";"19";"85";"52";"2021";"NON";"NON";"85265";"";"";"";"2021-10-06";"70122";""
"85266";"3299";"PLUi/PLUiS";"CC";"2019-12-10 23:00:00+00:00";"2015-12-15 23:00:00+00:00";"39";"85";"52";"2021";"NON";"OUI";"248500340";"";"";"";"2021-10-06";"142410";""
"85268";"3199";"PLU";"COM";"2020-10-18 22:00:00+00:00";"2016-06-12 22:00:00+00:00";"39";"85";"52";"2021";"NON";"NON";"85268";"";"";"";"2021-10-06";"149699";""
"85271";"1432";"CC";"CC";"2006-11-30 23:00:00+00:00";"2004-10-19 22:00:00+00:00";"13";"85";"52";"2021";"NON";"NON";"85271";"";"";"";"2021-10-06";"70123";""
"85273";"3432";"PLU";"CC";"2011-09-28 22:00:00+00:00";"2006-02-27 23:00:00+00:00";"33";"85";"52";"2021";"NON";"NON";"200071629";"";"";"";"2021-10-06";"65131";""
"85276";"3299";"PLUi/PLUiS";"CC";"2019-12-10 23:00:00+00:00";"2015-12-15 23:00:00+00:00";"39";"85";"52";"2021";"NON";"OUI";"248500340";"";"";"";"2021-10-06";"142410";""
"85277";"3499";"PLU";"CC";"2008-07-30 22:00:00+00:00";"2004-10-20 22:00:00+00:00";"39";"85";"52";"2021";"NON";"NON";"200071900";"";"";"";"2021-10-06";"55291";""
"85278";"3499";"PLU";"CC";"2012-07-04 22:00:00+00:00";"2008-05-21 22:00:00+00:00";"39";"85";"52";"2021";"NON";"NON";"200071900";"";"";"";"2021-10-06";"64250";""
"85280";"3432";"PLU";"CC";"2006-07-10 22:00:00+00:00";"2001-09-17 22:00:00+00:00";"33";"85";"52";"2021";"NON";"NON";"200071629";"";"";"";"2021-10-06";"55293";""
"85281";"3199";"PLU";"COM";"2012-02-15 23:00:00+00:00";"2007-02-22 23:00:00+00:00";"39";"85";"52";"2021";"NON";"NON";"85281";"";"";"";"2021-10-06";"64251";""
"85282";"3299";"PLUi/PLUiS";"CC";"2019-12-10 23:00:00+00:00";"2015-12-15 23:00:00+00:00";"39";"85";"52";"2021";"NON";"OUI";"248500340";"";"";"";"2021-10-06";"142410";""
"85284";"3199";"PLU";"COM";"2017-02-21 23:00:00+00:00";"2013-05-29 22:00:00+00:00";"39";"85";"52";"2021";"NON";"NON";"85284";"";"";"";"2021-10-06";"122111";""
"85285";"3499";"PLU";"CA";"2014-02-20 23:00:00+00:00";"2009-01-22 23:00:00+00:00";"39";"85";"52";"2021";"NON";"NON";"248500589";"";"";"";"2021-10-06";"65256";""
"85286";"1499";"CC";"CC";"2004-03-08 23:00:00+00:00";"2001-06-20 22:00:00+00:00";"19";"85";"52";"2021";"NON";"NON";"200073260";"";"";"";"2021-10-06";"70124";""
"85287";"3299";"PLUi/PLUiS";"CC";"2020-01-13 23:00:00+00:00";"2015-10-12 22:00:00+00:00";"39";"85";"52";"2021";"NON";"OUI";"248500464";"";"";"";"2021-10-06";"142059";""
"85288";"3499";"PLU";"CC";"2012-12-12 23:00:00+00:00";"2007-12-16 23:00:00+00:00";"39";"85";"52";"2021";"NON";"NON";"200071900";"";"";"";"2021-10-06";"64252";""
"85289";"3432";"PLU";"CC";"2004-01-29 23:00:00+00:00";"2000-01-27 23:00:00+00:00";"33";"85";"52";"2021";"NON";"NON";"85289";"";"";"";"2021-10-06";"55294";""
"85290";"3433";"PLU";"CC";"2005-11-30 23:00:00+00:00";"2002-07-22 22:00:00+00:00";"33";"85";"52";"2021";"NON";"NON";"200073260";"";"";"";"2021-10-06";"55295";""
"85291";"3434";"PLU";"CA";"2018-10-14 22:00:00+00:00";"2015-11-29 23:00:00+00:00";"33";"85";"52";"2021";"NON";"NON";"248500589";"";"";"";"2021-10-06";"143558";""
"85292";"3432";"PLU";"CC";"2012-09-24 22:00:00+00:00";"2009-02-16 23:00:00+00:00";"33";"85";"52";"2021";"NON";"NON";"85292";"";"";"";"2021-10-06";"49903";""
"85293";"3299";"PLUi/PLUiS";"CC";"2019-07-02 22:00:00+00:00";"2015-06-23 22:00:00+00:00";"39";"85";"52";"2021";"NON";"OUI";"248500662";"";"";"";"2021-10-06";"139686";""
"85294";"3499";"PLU";"CC";"2015-11-11 23:00:00+00:00";"2008-12-18 23:00:00+00:00";"39";"85";"52";"2021";"NON";"NON";"200073260";"";"";"";"2021-10-06";"64253";""
"85295";"3399";"PLUi/PLUiS";"CC";"2019-06-24 22:00:00+00:00";"2015-02-08 23:00:00+00:00";"39";"85";"52";"2021";"OUI";"NON";"200070233";"";"";"";"2021-10-06";"137883";""
"85296";"3299";"PLUi/PLUiS";"CC";"2019-07-02 22:00:00+00:00";"2015-06-23 22:00:00+00:00";"39";"85";"52";"2021";"NON";"OUI";"248500662";"";"";"";"2021-10-06";"139686";""
"85297";"3499";"PLU";"CC";"2005-11-21 23:00:00+00:00";"2000-09-06 22:00:00+00:00";"39";"85";"52";"2021";"NON";"NON";"200073260";"";"";"";"2021-10-06";"55297";""
"85298";"3432";"PLU";"CA";"2021-02-10 23:00:00+00:00";"2016-05-25 22:00:00+00:00";"33";"85";"52";"2021";"NON";"NON";"200071165";"";"";"";"2021-10-06";"149096";""
"85300";"3434";"PLU";"CA";"2014-05-21 22:00:00+00:00";"2010-10-20 22:00:00+00:00";"33";"85";"52";"2021";"NON";"NON";"248500589";"";"";"";"2021-10-06";"63483";""
"85301";"3432";"PLU";"CC";"2016-07-04 22:00:00+00:00";"2014-11-05 23:00:00+00:00";"33";"85";"52";"2021";"NON";"NON";"248500621";"";"";"";"2021-10-06";"139953";""
"85302";"3299";"PLUi/PLUiS";"CC";"2019-07-02 22:00:00+00:00";"2015-06-23 22:00:00+00:00";"39";"85";"52";"2021";"NON";"OUI";"248500662";"";"";"";"2021-10-06";"139686";""
"85303";"3199";"PLU";"COM";"2007-09-25 22:00:00+00:00";"2004-01-20 23:00:00+00:00";"39";"85";"52";"2021";"NON";"NON";"85303";"";"";"";"2021-10-06";"55299";""
"85304";"3499";"PLU";"CC";"2006-07-17 22:00:00+00:00";"2003-06-11 22:00:00+00:00";"39";"85";"52";"2021";"NON";"NON";"200073260";"";"";"";"2021-10-06";"57072";""
"85305";"3199";"PLU";"COM";"2004-01-06 23:00:00+00:00";"1999-05-10 22:00:00+00:00";"39";"85";"52";"2021";"NON";"NON";"85305";"";"";"";"2021-10-06";"55300";""
"85306";"3199";"PLU";"COM";"2005-11-02 23:00:00+00:00";"1999-09-23 22:00:00+00:00";"39";"85";"52";"2021";"NON";"NON";"85306";"";"";"";"2021-10-06";"56586";""
"85307";"3499";"PLU";"CC";"2021-02-17 23:00:00+00:00";"2014-11-09 23:00:00+00:00";"39";"85";"52";"2021";"NON";"NON";"200073260";"";"";"";"2021-10-06";"133663";""
"86002";"1199";"CC";"COM";"2003-11-20 23:00:00+00:00";"2002-02-06 23:00:00+00:00";"19";"86";"75";"2021";"NON";"NON";"86002";"";"";"";"2021-10-06";"68653";""
"86003";"3299";"PLUi/PLUiS";"CC";"2020-02-24 23:00:00+00:00";"2015-02-07 23:00:00+00:00";"39";"86";"75";"2021";"NON";"OUI";"200070035";"";"";"";"2021-10-06";"147642";""
"86004";"3199";"PLU";"COM";"2005-11-27 23:00:00+00:00";"2002-06-02 22:00:00+00:00";"39";"86";"75";"2021";"NON";"NON";"86004";"";"";"";"2021-10-06";"55303";""
"86005";"3199";"PLU";"COM";"2015-03-23 23:00:00+00:00";"2011-01-12 23:00:00+00:00";"39";"86";"75";"2021";"NON";"NON";"86005";"";"";"";"2021-10-06";"65258";""
"86006";"3432";"PLU";"CC";"2015-10-19 22:00:00+00:00";"2011-10-05 22:00:00+00:00";"33";"86";"75";"2021";"NON";"NON";"200070043";"";"";"";"2021-10-06";"84234";""
"86007";"3199";"PLU";"COM";"2011-03-04 23:00:00+00:00";"2008-05-30 22:00:00+00:00";"39";"86";"75";"2021";"NON";"NON";"86007";"";"";"";"2021-10-06";"63487";""
"86009";"3199";"PLU";"COM";"2012-12-04 23:00:00+00:00";"2004-02-21 23:00:00+00:00";"39";"86";"75";"2021";"NON";"NON";"86009";"";"";"";"2021-10-06";"63488";""
"86010";"3432";"PLU";"CC";"2001-12-16 23:00:00+00:00";"1996-06-03 22:00:00+00:00";"33";"86";"75";"2021";"NON";"NON";"86010";"";"";"";"2021-10-06";"56562";""
"86012";"3299";"PLUi/PLUiS";"CC";"2020-02-24 23:00:00+00:00";"2015-02-07 23:00:00+00:00";"39";"86";"75";"2021";"NON";"OUI";"200070035";"";"";"";"2021-10-06";"147642";""
"86013";"1199";"CC";"COM";"2006-07-10 22:00:00+00:00";"2004-07-01 22:00:00+00:00";"19";"86";"75";"2021";"NON";"NON";"86013";"";"";"";"2021-10-06";"16708";""
"86014";"3199";"PLU";"COM";"2018-12-16 23:00:00+00:00";"2009-06-09 22:00:00+00:00";"39";"86";"75";"2021";"NON";"NON";"86014";"";"";"";"2021-10-06";"96235";""
"86015";"3432";"PLU";"CC";"2016-06-29 22:00:00+00:00";"2008-12-15 23:00:00+00:00";"33";"86";"75";"2021";"NON";"NON";"200070043";"";"";"";"2021-10-06";"64256";""
"86016";"3199";"PLU";"COM";"2006-11-08 23:00:00+00:00";"2002-07-31 22:00:00+00:00";"39";"86";"75";"2021";"NON";"NON";"86016";"";"";"";"2021-10-06";"55301";""
"86017";"3199";"PLU";"COM";"2004-07-08 22:00:00+00:00";"2001-05-24 22:00:00+00:00";"39";"86";"75";"2021";"NON";"NON";"86017";"";"";"";"2021-10-06";"57073";""
"86018";"1199";"CC";"COM";"2006-03-09 23:00:00+00:00";"2003-10-30 23:00:00+00:00";"19";"86";"75";"2021";"NON";"NON";"86018";"";"";"";"2021-10-06";"68655";""
"86019";"3432";"PLU";"CU";"2021-04-08 22:00:00+00:00";"2016-11-23 23:00:00+00:00";"33";"86";"75";"2021";"NON";"NON";"200069854";"";"";"";"2021-10-06";"172762";""
"86024";"3332";"PLUi/PLUiS";"CU";"2013-06-27 22:00:00+00:00";"2008-07-03 22:00:00+00:00";"33";"86";"75";"2021";"OUI";"NON";"200069854";"";"";"";"2021-10-06";"98562";""
"86026";"1199";"CC";"COM";"2017-08-08 22:00:00+00:00";"2015-02-04 23:00:00+00:00";"19";"86";"75";"2021";"NON";"NON";"86026";"";"";"";"2021-10-06";"138977";""
"86027";"3332";"PLUi/PLUiS";"CU";"2013-06-27 22:00:00+00:00";"2008-07-03 22:00:00+00:00";"33";"86";"75";"2021";"OUI";"NON";"200069854";"";"";"";"2021-10-06";"98562";""
"86028";"3432";"PLU";"CU";"2020-02-13 23:00:00+00:00";"2014-06-19 22:00:00+00:00";"33";"86";"75";"2021";"NON";"NON";"200069854";"";"";"";"2021-10-06";"130514";""
"86029";"3299";"PLUi/PLUiS";"CC";"2020-02-24 23:00:00+00:00";"2015-02-07 23:00:00+00:00";"39";"86";"75";"2021";"NON";"OUI";"200070035";"";"";"";"2021-10-06";"147642";""
"86031";"3432";"PLU";"CU";"2011-01-31 23:00:00+00:00";"2007-07-09 22:00:00+00:00";"33";"86";"75";"2021";"NON";"NON";"200069854";"";"";"";"2021-10-06";"63489";""
"86032";"3199";"PLU";"COM";"2019-06-19 22:00:00+00:00";"2014-06-18 22:00:00+00:00";"39";"86";"75";"2021";"NON";"NON";"86032";"";"";"";"2021-10-06";"130849";""
"86034";"1432";"CC";"CC";"2012-02-12 23:00:00+00:00";"2008-10-23 22:00:00+00:00";"13";"86";"75";"2021";"NON";"NON";"200070043";"";"";"";"2021-10-06";"66519";""
"86036";"1199";"CC";"COM";"2007-03-14 23:00:00+00:00";"2004-07-22 22:00:00+00:00";"19";"86";"75";"2021";"NON";"NON";"86036";"";"";"";"2021-10-06";"68657";""
"86038";"3299";"PLUi/PLUiS";"CC";"2020-02-24 23:00:00+00:00";"2015-02-07 23:00:00+00:00";"39";"86";"75";"2021";"NON";"OUI";"200070035";"";"";"";"2021-10-06";"147642";""
"86039";"3299";"PLUi/PLUiS";"CC";"2020-02-24 23:00:00+00:00";"2015-02-07 23:00:00+00:00";"39";"86";"75";"2021";"NON";"OUI";"200070035";"";"";"";"2021-10-06";"147642";""
"86040";"3432";"PLU";"CC";"2013-07-24 22:00:00+00:00";"2009-03-01 23:00:00+00:00";"33";"86";"75";"2021";"NON";"NON";"86040";"";"";"";"2021-10-06";"116718";""
"86041";"3332";"PLUi/PLUiS";"CU";"2013-06-27 22:00:00+00:00";"2008-07-03 22:00:00+00:00";"33";"86";"75";"2021";"OUI";"NON";"200069854";"";"";"";"2021-10-06";"98562";""
"86042";"3199";"PLU";"COM";"2007-06-17 22:00:00+00:00";"2004-02-25 23:00:00+00:00";"39";"86";"75";"2021";"NON";"NON";"86042";"";"";"";"2021-10-06";"55309";""
"86044";"1199";"CC";"COM";"2017-07-07 22:00:00+00:00";"2015-06-10 22:00:00+00:00";"19";"86";"75";"2021";"NON";"NON";"86044";"";"";"";"2021-10-06";"140650";""
"86045";"3432";"PLU";"CU";"2019-09-26 22:00:00+00:00";"2014-11-13 23:00:00+00:00";"33";"86";"75";"2021";"NON";"NON";"200069854";"";"";"";"2021-10-06";"134168";""
"86046";"3199";"PLU";"COM";"2007-01-01 23:00:00+00:00";"2003-07-08 22:00:00+00:00";"39";"86";"75";"2021";"NON";"NON";"86046";"";"";"";"2021-10-06";"55311";""
"86048";"3199";"PLU";"COM";"2017-02-02 23:00:00+00:00";"2012-11-15 23:00:00+00:00";"39";"86";"75";"2021";"NON";"NON";"86048";"";"";"";"2021-10-06";"115349";""
"86049";"1199";"CC";"COM";"2006-10-05 22:00:00+00:00";"2003-10-21 22:00:00+00:00";"19";"86";"75";"2021";"NON";"NON";"86049";"";"";"";"2021-10-06";"68660";""
"86050";"3199";"PLU";"COM";"2016-11-24 23:00:00+00:00";"2012-11-20 23:00:00+00:00";"39";"86";"75";"2021";"NON";"NON";"86050";"";"";"";"2021-10-06";"119569";""
"86051";"3299";"PLUi/PLUiS";"CC";"2020-02-24 23:00:00+00:00";"2015-02-07 23:00:00+00:00";"39";"86";"75";"2021";"NON";"OUI";"200070035";"";"";"";"2021-10-06";"147642";""
"86052";"3299";"PLUi/PLUiS";"CC";"2020-02-24 23:00:00+00:00";"2015-02-07 23:00:00+00:00";"39";"86";"75";"2021";"NON";"OUI";"200070035";"";"";"";"2021-10-06";"147642";""
"86053";"3199";"PLU";"COM";"2013-12-01 23:00:00+00:00";"2009-04-05 22:00:00+00:00";"39";"86";"75";"2021";"NON";"NON";"86053";"";"";"";"2021-10-06";"49923";""
"86054";"3299";"PLUi/PLUiS";"CC";"2020-02-24 23:00:00+00:00";"2015-02-07 23:00:00+00:00";"39";"86";"75";"2021";"NON";"OUI";"200070035";"";"";"";"2021-10-06";"147642";""
"86055";"3299";"PLUi/PLUiS";"CC";"2020-02-24 23:00:00+00:00";"2015-02-07 23:00:00+00:00";"39";"86";"75";"2021";"NON";"OUI";"200070035";"";"";"";"2021-10-06";"147642";""
"86058";"3432";"PLU";"CU";"2011-01-17 23:00:00+00:00";"2008-04-20 22:00:00+00:00";"33";"86";"75";"2021";"NON";"NON";"200069854";"";"";"";"2021-10-06";"63490";""
"86059";"3432";"PLU";"CC";"2011-09-06 22:00:00+00:00";"2008-04-01 22:00:00+00:00";"33";"86";"75";"2021";"NON";"NON";"86059";"";"";"";"2021-10-06";"64260";""
"86061";"3299";"PLUi/PLUiS";"CC";"2020-02-24 23:00:00+00:00";"2015-02-07 23:00:00+00:00";"39";"86";"75";"2021";"NON";"OUI";"200070035";"";"";"";"2021-10-06";"147642";""
"86062";"3332";"PLUi/PLUiS";"CU";"2013-06-27 22:00:00+00:00";"2008-07-03 22:00:00+00:00";"33";"86";"75";"2021";"OUI";"NON";"200069854";"";"";"";"2021-10-06";"98562";""
"86063";"3299";"PLUi/PLUiS";"CC";"2020-02-24 23:00:00+00:00";"2015-02-07 23:00:00+00:00";"39";"86";"75";"2021";"NON";"OUI";"200070035";"";"";"";"2021-10-06";"147642";""
"86064";"3299";"PLUi/PLUiS";"CC";"2020-02-24 23:00:00+00:00";"2015-02-07 23:00:00+00:00";"39";"86";"75";"2021";"NON";"OUI";"200070035";"";"";"";"2021-10-06";"147642";""
"86065";"3432";"PLU";"CC";"2010-07-06 22:00:00+00:00";"2006-04-12 22:00:00+00:00";"33";"86";"75";"2021";"NON";"NON";"86065";"";"";"";"2021-10-06";"55314";""
"86066";"3199";"PLU";"COM";"2018-06-27 22:00:00+00:00";"2014-10-14 22:00:00+00:00";"39";"86";"75";"2021";"NON";"NON";"86066";"";"";"";"2021-10-06";"133041";""
"86068";"3299";"PLUi/PLUiS";"CC";"2020-02-24 23:00:00+00:00";"2015-02-07 23:00:00+00:00";"39";"86";"75";"2021";"NON";"OUI";"200070035";"";"";"";"2021-10-06";"147642";""
"86069";"1199";"CC";"COM";"2007-11-02 23:00:00+00:00";"2005-03-20 23:00:00+00:00";"19";"86";"75";"2021";"NON";"NON";"86069";"";"";"";"2021-10-06";"70120";""
"86070";"3432";"PLU";"CU";"2008-02-28 23:00:00+00:00";"2004-02-24 23:00:00+00:00";"33";"86";"75";"2021";"NON";"NON";"200069854";"";"";"";"2021-10-06";"55317";""
"86072";"1111";"CC";"COM";"2008-03-24 23:00:00+00:00";"2004-01-21 23:00:00+00:00";"11";"86";"75";"2021";"NON";"NON";"86072";"";"";"";"2021-10-06";"70128";""
"86074";"3199";"PLU";"COM";"2008-01-28 23:00:00+00:00";"2004-05-26 22:00:00+00:00";"39";"86";"75";"2021";"NON";"NON";"86074";"";"";"";"2021-10-06";"55312";""
"86075";"1199";"CC";"COM";"2012-05-31 22:00:00+00:00";"2009-07-01 22:00:00+00:00";"19";"86";"75";"2021";"NON";"NON";"86075";"";"";"";"2021-10-06";"65768";""
"86076";"3199";"PLU";"COM";"2014-03-12 23:00:00+00:00";"2009-09-15 22:00:00+00:00";"39";"86";"75";"2021";"NON";"NON";"86076";"";"";"";"2021-10-06";"63494";""
"86077";"3432";"PLU";"CC";"2017-10-11 22:00:00+00:00";"2012-08-02 22:00:00+00:00";"33";"86";"75";"2021";"NON";"NON";"200070043";"";"";"";"2021-10-06";"111552";""
"86078";"3299";"PLUi/PLUiS";"CC";"2020-02-24 23:00:00+00:00";"2015-02-07 23:00:00+00:00";"39";"86";"75";"2021";"NON";"OUI";"200070035";"";"";"";"2021-10-06";"147642";""
"86080";"3432";"PLU";"CU";"2019-04-11 22:00:00+00:00";"2015-11-25 23:00:00+00:00";"33";"86";"75";"2021";"NON";"NON";"200069854";"";"";"";"2021-10-06";"146161";""
"86081";"3199";"PLU";"COM";"2013-05-15 22:00:00+00:00";"2008-12-16 23:00:00+00:00";"39";"86";"75";"2021";"NON";"NON";"86081";"";"";"";"2021-10-06";"64262";""
"86082";"3299";"PLUi/PLUiS";"CC";"2020-02-24 23:00:00+00:00";"2015-02-07 23:00:00+00:00";"39";"86";"75";"2021";"NON";"OUI";"200070035";"";"";"";"2021-10-06";"147642";""
"86083";"3432";"PLU";"CU";"2021-04-08 22:00:00+00:00";"2014-10-26 23:00:00+00:00";"33";"86";"75";"2021";"NON";"NON";"200069854";"";"";"";"2021-10-06";"134167";""
"86086";"1199";"CC";"COM";"2007-06-06 22:00:00+00:00";"2002-04-25 22:00:00+00:00";"19";"86";"75";"2021";"NON";"NON";"86086";"";"";"";"2021-10-06";"68663";""
"86088";"3332";"PLUi/PLUiS";"CU";"2013-06-27 22:00:00+00:00";"2008-07-03 22:00:00+00:00";"33";"86";"75";"2021";"OUI";"NON";"200069854";"";"";"";"2021-10-06";"98562";""
"86090";"3199";"PLU";"COM";"2020-12-02 23:00:00+00:00";"2011-02-23 23:00:00+00:00";"39";"86";"75";"2021";"NON";"NON";"86090";"";"";"";"2021-10-06";"95820";""
"86091";"1432";"CC";"CU";"2007-01-08 23:00:00+00:00";"2004-06-03 22:00:00+00:00";"13";"86";"75";"2021";"NON";"NON";"200069854";"";"";"";"2021-10-06";"68664";""
"86092";"3199";"PLU";"COM";"2020-02-17 23:00:00+00:00";"2014-07-01 22:00:00+00:00";"39";"86";"75";"2021";"NON";"NON";"86092";"";"";"";"2021-10-06";"120954";""
"86094";"3432";"PLU";"CC";"2009-03-16 23:00:00+00:00";"2007-03-26 22:00:00+00:00";"33";"86";"75";"2021";"NON";"NON";"86094";"";"";"";"2021-10-06";"52790";""
"86095";"3432";"PLU";"CU";"2014-05-26 22:00:00+00:00";"2010-03-24 23:00:00+00:00";"33";"86";"75";"2021";"NON";"NON";"200069854";"";"";"";"2021-10-06";"99918";""
"86096";"1199";"CC";"COM";"2005-03-20 23:00:00+00:00";"2002-02-28 23:00:00+00:00";"19";"86";"75";"2021";"NON";"NON";"86096";"";"";"";"2021-10-06";"68665";""
"86097";"3299";"PLUi/PLUiS";"CC";"2020-02-24 23:00:00+00:00";"2015-02-07 23:00:00+00:00";"39";"86";"75";"2021";"NON";"OUI";"200070035";"";"";"";"2021-10-06";"147642";""
"86098";"1432";"CC";"CC";"2018-04-10 22:00:00+00:00";"2015-02-25 23:00:00+00:00";"13";"86";"75";"2021";"NON";"NON";"86098";"";"";"";"2021-10-06";"138259";""
"86099";"3432";"PLU";"CC";"2012-04-03 22:00:00+00:00";"2008-07-01 22:00:00+00:00";"33";"86";"75";"2021";"NON";"NON";"86099";"";"";"";"2021-10-06";"64263";""
"86100";"3332";"PLUi/PLUiS";"CU";"2013-06-27 22:00:00+00:00";"2008-07-03 22:00:00+00:00";"33";"86";"75";"2021";"OUI";"NON";"200069854";"";"";"";"2021-10-06";"98562";""
"86102";"1199";"CC";"COM";"2006-02-19 23:00:00+00:00";"2002-06-16 22:00:00+00:00";"19";"86";"75";"2021";"NON";"NON";"86102";"";"";"";"2021-10-06";"68666";""
"86103";"3299";"PLUi/PLUiS";"CC";"2020-02-24 23:00:00+00:00";"2015-02-07 23:00:00+00:00";"39";"86";"75";"2021";"NON";"OUI";"200070035";"";"";"";"2021-10-06";"147642";""
"86104";"3299";"PLUi/PLUiS";"CC";"2020-02-24 23:00:00+00:00";"2015-02-07 23:00:00+00:00";"39";"86";"75";"2021";"NON";"OUI";"200070035";"";"";"";"2021-10-06";"147642";""
"86105";"3432";"PLU";"CC";"2008-09-15 22:00:00+00:00";"2003-04-07 22:00:00+00:00";"33";"86";"75";"2021";"NON";"NON";"86105";"";"";"";"2021-10-06";"55318";""
"86106";"3199";"PLU";"COM";"2019-08-05 22:00:00+00:00";"2012-07-04 22:00:00+00:00";"39";"86";"75";"2021";"NON";"NON";"86106";"";"";"";"2021-10-06";"109476";""
"86107";"1432";"CC";"CC";"2005-05-26 22:00:00+00:00";"2003-06-29 22:00:00+00:00";"13";"86";"75";"2021";"NON";"NON";"200070043";"";"";"";"2021-10-06";"67508";""
"86109";"1199";"CC";"COM";"2013-05-26 22:00:00+00:00";"2010-03-18 23:00:00+00:00";"19";"86";"75";"2021";"NON";"NON";"86109";"";"";"";"2021-10-06";"114255";""
"86111";"3199";"PLU";"COM";"2018-07-22 22:00:00+00:00";"2015-02-24 23:00:00+00:00";"39";"86";"75";"2021";"NON";"NON";"86111";"";"";"";"2021-10-06";"138121";""
"86113";"3432";"PLU";"CC";"2016-06-28 22:00:00+00:00";"2011-09-13 22:00:00+00:00";"33";"86";"75";"2021";"NON";"NON";"86113";"";"";"";"2021-10-06";"99932";""
"86114";"3432";"PLU";"CU";"2004-11-08 23:00:00+00:00";"2001-06-06 22:00:00+00:00";"33";"86";"75";"2021";"NON";"NON";"200069854";"";"";"";"2021-10-06";"55319";""
"86115";"3432";"PLU";"CU";"2005-04-14 22:00:00+00:00";"2003-03-06 23:00:00+00:00";"33";"86";"75";"2021";"NON";"NON";"200069854";"";"";"";"2021-10-06";"55320";""
"86116";"3432";"PLU";"CU";"2014-02-02 23:00:00+00:00";"2011-06-26 22:00:00+00:00";"33";"86";"75";"2021";"NON";"NON";"200069854";"";"";"";"2021-10-06";"99957";""
"86119";"3299";"PLUi/PLUiS";"CC";"2020-02-24 23:00:00+00:00";"2015-02-07 23:00:00+00:00";"39";"86";"75";"2021";"NON";"OUI";"200070035";"";"";"";"2021-10-06";"147642";""
"86120";"1432";"CC";"CC";"2006-11-12 23:00:00+00:00";"2004-01-28 23:00:00+00:00";"13";"86";"75";"2021";"NON";"NON";"200070043";"";"";"";"2021-10-06";"65577";""
"86121";"3199";"PLU";"COM";"2008-02-27 23:00:00+00:00";"2005-12-05 23:00:00+00:00";"39";"86";"75";"2021";"NON";"NON";"86121";"";"";"";"2021-10-06";"55321";""
"86122";"1432";"CC";"CC";"2017-02-16 23:00:00+00:00";"2014-09-28 22:00:00+00:00";"13";"86";"75";"2021";"NON";"NON";"86122";"";"";"";"2021-10-06";"132958";""
"86123";"3199";"PLU";"COM";"2017-07-05 22:00:00+00:00";"2014-10-07 22:00:00+00:00";"39";"86";"75";"2021";"NON";"NON";"86123";"";"";"";"2021-10-06";"133005";""
"86124";"3432";"PLU";"CU";"2017-12-07 23:00:00+00:00";"2014-06-19 22:00:00+00:00";"33";"86";"75";"2021";"NON";"NON";"200069854";"";"";"";"2021-10-06";"130515";""
"86125";"1199";"CC";"COM";"2012-02-16 23:00:00+00:00";"2008-10-09 22:00:00+00:00";"19";"86";"75";"2021";"NON";"NON";"86125";"";"";"";"2021-10-06";"66523";""
"86128";"3199";"PLU";"COM";"2005-12-20 23:00:00+00:00";"2001-09-19 22:00:00+00:00";"39";"86";"75";"2021";"NON";"NON";"86128";"";"";"";"2021-10-06";"55322";""
"86129";"1199";"CC";"COM";"2017-02-16 23:00:00+00:00";"2013-09-25 22:00:00+00:00";"19";"86";"75";"2021";"NON";"NON";"86129";"";"";"";"2021-10-06";"129091";""
"86130";"1199";"CC";"COM";"2010-01-19 23:00:00+00:00";"2006-02-08 23:00:00+00:00";"19";"86";"75";"2021";"NON";"NON";"86130";"";"";"";"2021-10-06";"70129";""
"86131";"3432";"PLU";"CC";"2018-07-04 22:00:00+00:00";"2014-11-16 23:00:00+00:00";"33";"86";"75";"2021";"NON";"NON";"200070043";"";"";"";"2021-10-06";"133506";""
"86133";"3432";"PLU";"CU";"2012-12-12 23:00:00+00:00";"2009-01-28 23:00:00+00:00";"33";"86";"75";"2021";"NON";"NON";"200069854";"";"";"";"2021-10-06";"63495";""
"86134";"3299";"PLUi/PLUiS";"CC";"2020-02-24 23:00:00+00:00";"2015-02-07 23:00:00+00:00";"39";"86";"75";"2021";"NON";"OUI";"200070035";"";"";"";"2021-10-06";"147642";""
"86135";"3432";"PLU";"CU";"2017-06-29 22:00:00+00:00";"2014-06-17 22:00:00+00:00";"33";"86";"75";"2021";"NON";"NON";"200069854";"";"";"";"2021-10-06";"130516";""
"86136";"3299";"PLUi/PLUiS";"CC";"2020-02-24 23:00:00+00:00";"2015-02-07 23:00:00+00:00";"39";"86";"75";"2021";"NON";"OUI";"200070035";"";"";"";"2021-10-06";"147642";""
"86137";"3199";"PLU";"COM";"2018-01-03 23:00:00+00:00";"2014-07-01 22:00:00+00:00";"39";"86";"75";"2021";"NON";"NON";"86137";"";"";"";"2021-10-06";"130835";""
"86139";"3432";"PLU";"CU";"2008-02-03 23:00:00+00:00";"2003-06-25 22:00:00+00:00";"33";"86";"75";"2021";"NON";"NON";"200069854";"";"";"";"2021-10-06";"55323";""
"86140";"3432";"PLU";"CC";"2017-06-28 22:00:00+00:00";"2012-05-23 22:00:00+00:00";"33";"86";"75";"2021";"NON";"NON";"200070043";"";"";"";"2021-10-06";"109217";""
"86141";"3299";"PLUi/PLUiS";"CC";"2020-02-24 23:00:00+00:00";"2015-02-07 23:00:00+00:00";"39";"86";"75";"2021";"NON";"OUI";"200070035";"";"";"";"2021-10-06";"147642";""
"86142";"1199";"CC";"COM";"2008-10-08 22:00:00+00:00";"2007-06-20 22:00:00+00:00";"19";"86";"75";"2021";"NON";"NON";"86142";"";"";"";"2021-10-06";"70121";""
"86145";"3432";"PLU";"CC";"2018-06-18 22:00:00+00:00";"2014-09-23 22:00:00+00:00";"33";"86";"75";"2021";"NON";"NON";"86145";"";"";"";"2021-10-06";"132902";""
"86147";"3432";"PLU";"CC";"2015-01-22 23:00:00+00:00";"2010-04-18 22:00:00+00:00";"33";"86";"75";"2021";"NON";"NON";"86147";"";"";"";"2021-10-06";"64268";""
"86148";"1432";"CC";"CC";"2007-06-09 22:00:00+00:00";"2004-05-25 22:00:00+00:00";"13";"86";"75";"2021";"NON";"NON";"200043628";"";"";"";"2021-10-06";"68671";""
"86149";"1199";"CC";"COM";"2005-12-12 23:00:00+00:00";"2002-05-06 22:00:00+00:00";"19";"86";"75";"2021";"NON";"NON";"86149";"";"";"";"2021-10-06";"68672";""
"86153";"3432";"PLU";"CC";"2006-09-25 22:00:00+00:00";"2003-03-24 23:00:00+00:00";"33";"86";"75";"2021";"NON";"NON";"200070043";"";"";"";"2021-10-06";"55329";""
"86156";"1199";"CC";"COM";"2006-04-26 22:00:00+00:00";"2004-09-07 22:00:00+00:00";"19";"86";"75";"2021";"NON";"NON";"86156";"";"";"";"2021-10-06";"68673";""
"86157";"3332";"PLUi/PLUiS";"CU";"2013-06-27 22:00:00+00:00";"2008-07-03 22:00:00+00:00";"33";"86";"75";"2021";"OUI";"NON";"200069854";"";"";"";"2021-10-06";"98562";""
"86158";"3332";"PLUi/PLUiS";"CU";"2013-06-27 22:00:00+00:00";"2008-07-03 22:00:00+00:00";"33";"86";"75";"2021";"OUI";"NON";"200069854";"";"";"";"2021-10-06";"98562";""
"86160";"3199";"PLU";"COM";"2006-10-26 22:00:00+00:00";"2002-01-16 23:00:00+00:00";"39";"86";"75";"2021";"NON";"NON";"86160";"";"";"";"2021-10-06";"55330";""
"86161";"1199";"CC";"COM";"2011-07-28 22:00:00+00:00";"2008-04-13 22:00:00+00:00";"19";"86";"75";"2021";"NON";"NON";"86161";"";"";"";"2021-10-06";"95693";""
"86163";"3332";"PLUi/PLUiS";"CU";"2013-06-27 22:00:00+00:00";"2008-07-03 22:00:00+00:00";"33";"86";"75";"2021";"OUI";"NON";"200069854";"";"";"";"2021-10-06";"98562";""
"86164";"3199";"PLU";"COM";"2007-06-20 22:00:00+00:00";"2001-11-05 23:00:00+00:00";"39";"86";"75";"2021";"NON";"NON";"86164";"";"";"";"2021-10-06";"55324";""
"86165";"3432";"PLU";"CC";"2007-03-12 23:00:00+00:00";"2001-11-22 23:00:00+00:00";"33";"86";"75";"2021";"NON";"NON";"200070043";"";"";"";"2021-10-06";"57077";""
"86167";"3199";"PLU";"COM";"2005-01-27 23:00:00+00:00";"2003-01-16 23:00:00+00:00";"39";"86";"75";"2021";"NON";"NON";"86167";"";"";"";"2021-10-06";"57078";""
"86169";"3199";"PLU";"COM";"2012-05-23 22:00:00+00:00";"2010-09-24 22:00:00+00:00";"39";"86";"75";"2021";"NON";"NON";"86169";"";"";"";"2021-10-06";"50131";""
"86170";"3432";"PLU";"CC";"2015-11-02 23:00:00+00:00";"2009-03-05 23:00:00+00:00";"33";"86";"75";"2021";"NON";"NON";"200070043";"";"";"";"2021-10-06";"50132";""
"86173";"1111";"CC";"COM";"2007-03-13 23:00:00+00:00";"2005-05-01 22:00:00+00:00";"11";"86";"75";"2021";"NON";"NON";"86173";"";"";"";"2021-10-06";"68674";""
"86174";"3199";"PLU";"COM";"2020-01-15 23:00:00+00:00";"2017-05-17 22:00:00+00:00";"39";"86";"75";"2021";"NON";"NON";"86174";"";"";"";"2021-10-06";"160946";""
"86177";"3199";"PLU";"COM";"2017-03-16 23:00:00+00:00";"2008-07-03 22:00:00+00:00";"39";"86";"75";"2021";"NON";"NON";"86177";"";"";"";"2021-10-06";"64269";""
"86178";"3432";"PLU";"CC";"2006-06-08 22:00:00+00:00";"2003-10-23 22:00:00+00:00";"33";"86";"75";"2021";"NON";"NON";"86178";"";"";"";"2021-10-06";"57080";""
"86180";"3432";"PLU";"CC";"2007-03-27 22:00:00+00:00";"2007-03-27 22:00:00+00:00";"33";"86";"75";"2021";"NON";"NON";"86180";"";"";"";"2021-10-06";"60590";""
"86183";"3199";"PLU";"COM";"2018-09-09 22:00:00+00:00";"2015-06-14 22:00:00+00:00";"39";"86";"75";"2021";"NON";"NON";"86183";"";"";"";"2021-10-06";"132088";""
"86184";"1199";"CC";"COM";"2006-02-27 23:00:00+00:00";"2002-01-03 23:00:00+00:00";"19";"86";"75";"2021";"NON";"NON";"86184";"";"";"";"2021-10-06";"68675";""
"86186";"3199";"PLU";"COM";"2014-03-17 23:00:00+00:00";"2011-03-20 23:00:00+00:00";"39";"86";"75";"2021";"NON";"NON";"86186";"";"";"";"2021-10-06";"95542";""
"86189";"3299";"PLUi/PLUiS";"CC";"2020-02-24 23:00:00+00:00";"2015-02-07 23:00:00+00:00";"39";"86";"75";"2021";"NON";"OUI";"200070035";"";"";"";"2021-10-06";"147642";""
"86190";"1432";"CC";"CC";"2007-04-04 22:00:00+00:00";"2004-06-17 22:00:00+00:00";"13";"86";"75";"2021";"NON";"NON";"200070043";"";"";"";"2021-10-06";"68676";""
"86192";"1432";"CC";"CC";"2011-05-19 22:00:00+00:00";"2008-02-11 23:00:00+00:00";"13";"86";"75";"2021";"NON";"NON";"200070043";"";"";"";"2021-10-06";"67237";""
"86193";"3199";"PLU";"COM";"2007-09-12 22:00:00+00:00";"2005-05-12 22:00:00+00:00";"39";"86";"75";"2021";"NON";"NON";"86193";"";"";"";"2021-10-06";"55327";""
"86194";"3332";"PLUi/PLUiS";"CU";"2013-06-27 22:00:00+00:00";"2008-07-03 22:00:00+00:00";"33";"86";"75";"2021";"OUI";"NON";"200069854";"";"";"";"2021-10-06";"98562";""
"86195";"3199";"PLU";"COM";"2013-06-16 22:00:00+00:00";"2010-06-23 22:00:00+00:00";"39";"86";"75";"2021";"NON";"NON";"86195";"";"";"";"2021-10-06";"63501";""
"86196";"1199";"CC";"COM";"2012-01-03 23:00:00+00:00";"2008-09-11 22:00:00+00:00";"19";"86";"75";"2021";"NON";"NON";"86196";"";"";"";"2021-10-06";"66526";""
"86198";"3432";"PLU";"CU";"2018-12-06 23:00:00+00:00";"2009-03-12 23:00:00+00:00";"33";"86";"75";"2021";"NON";"NON";"200069854";"";"";"";"2021-10-06";"63502";""
"86201";"1199";"CC";"COM";"2007-01-07 23:00:00+00:00";"2005-02-17 23:00:00+00:00";"19";"86";"75";"2021";"NON";"NON";"86201";"";"";"";"2021-10-06";"68677";""
"86202";"1432";"CC";"CU";"2005-07-17 22:00:00+00:00";"2003-02-09 23:00:00+00:00";"13";"86";"75";"2021";"NON";"NON";"200069854";"";"";"";"2021-10-06";"68678";""
"86204";"3199";"PLU";"COM";"2020-02-19 23:00:00+00:00";"2017-08-28 22:00:00+00:00";"39";"86";"75";"2021";"NON";"NON";"86204";"";"";"";"2021-10-06";"161034";""
"86205";"1199";"CC";"COM";"2009-02-07 23:00:00+00:00";"2005-03-07 23:00:00+00:00";"19";"86";"75";"2021";"NON";"NON";"86205";"";"";"";"2021-10-06";"70131";""
"86207";"3199";"PLU";"COM";"2019-12-16 23:00:00+00:00";"2016-09-08 22:00:00+00:00";"39";"86";"75";"2021";"NON";"NON";"86207";"";"";"";"2021-10-06";"150999";""
"86209";"3432";"PLU";"CC";"2006-03-06 23:00:00+00:00";"2002-02-11 23:00:00+00:00";"33";"86";"75";"2021";"NON";"NON";"86209";"";"";"";"2021-10-06";"55332";""
"86210";"3199";"PLU";"COM";"2014-06-25 22:00:00+00:00";"2008-10-29 23:00:00+00:00";"39";"86";"75";"2021";"NON";"NON";"86210";"";"";"";"2021-10-06";"63500";""
"86211";"3299";"PLUi/PLUiS";"CC";"2020-02-24 23:00:00+00:00";"2015-02-07 23:00:00+00:00";"39";"86";"75";"2021";"NON";"OUI";"200070035";"";"";"";"2021-10-06";"147642";""
"86213";"3432";"PLU";"CU";"2016-09-09 22:00:00+00:00";"2010-03-23 23:00:00+00:00";"33";"86";"75";"2021";"NON";"NON";"200069854";"";"";"";"2021-10-06";"63504";""
"86214";"3332";"PLUi/PLUiS";"CU";"2013-06-27 22:00:00+00:00";"2008-07-03 22:00:00+00:00";"33";"86";"75";"2021";"OUI";"NON";"200069854";"";"";"";"2021-10-06";"98562";""
"86220";"3299";"PLUi/PLUiS";"CC";"2020-02-24 23:00:00+00:00";"2015-02-07 23:00:00+00:00";"39";"86";"75";"2021";"NON";"OUI";"200070035";"";"";"";"2021-10-06";"147642";""
"86221";"3199";"PLU";"COM";"2005-06-19 22:00:00+00:00";"2001-06-19 22:00:00+00:00";"39";"86";"75";"2021";"NON";"NON";"86221";"";"";"";"2021-10-06";"56556";""
"86222";"3432";"PLU";"CU";"2013-02-25 23:00:00+00:00";"2008-10-13 22:00:00+00:00";"33";"86";"75";"2021";"NON";"NON";"200069854";"";"";"";"2021-10-06";"63505";""
"86224";"3199";"PLU";"COM";"2013-07-02 22:00:00+00:00";"2008-10-21 22:00:00+00:00";"39";"86";"75";"2021";"NON";"NON";"86224";"";"";"";"2021-10-06";"63506";""
"86225";"3199";"PLU";"COM";"2004-12-02 23:00:00+00:00";"2001-12-10 23:00:00+00:00";"39";"86";"75";"2021";"NON";"NON";"86225";"";"";"";"2021-10-06";"57171";""
"86226";"3432";"PLU";"CU";"2005-07-11 22:00:00+00:00";"2005-07-11 22:00:00+00:00";"33";"86";"75";"2021";"NON";"NON";"200069854";"";"";"";"2021-10-06";"57172";""
"86228";"1432";"CC";"CC";"2005-05-26 22:00:00+00:00";"2003-03-27 23:00:00+00:00";"13";"86";"75";"2021";"NON";"NON";"200070043";"";"";"";"2021-10-06";"68679";""
"86229";"1199";"CC";"COM";"2008-05-13 22:00:00+00:00";"2006-09-11 22:00:00+00:00";"19";"86";"75";"2021";"NON";"NON";"86229";"";"";"";"2021-10-06";"65545";""
"86231";"3299";"PLUi/PLUiS";"CC";"2020-02-24 23:00:00+00:00";"2015-02-07 23:00:00+00:00";"39";"86";"75";"2021";"NON";"OUI";"200070035";"";"";"";"2021-10-06";"147642";""
"86233";"1432";"CC";"CC";"2009-10-11 22:00:00+00:00";"2005-01-30 23:00:00+00:00";"13";"86";"75";"2021";"NON";"NON";"86233";"";"";"";"2021-10-06";"70133";""
"86235";"3299";"PLUi/PLUiS";"CC";"2020-02-24 23:00:00+00:00";"2015-02-07 23:00:00+00:00";"39";"86";"75";"2021";"NON";"OUI";"200070035";"";"";"";"2021-10-06";"147642";""
"86236";"1432";"CC";"CC";"2008-03-22 23:00:00+00:00";"2007-10-21 22:00:00+00:00";"13";"86";"75";"2021";"NON";"NON";"86236";"";"";"";"2021-10-06";"114747";""
"86237";"3299";"PLUi/PLUiS";"CC";"2020-02-24 23:00:00+00:00";"2015-02-07 23:00:00+00:00";"39";"86";"75";"2021";"NON";"OUI";"200070035";"";"";"";"2021-10-06";"147642";""
"86239";"3432";"PLU";"CU";"2019-12-05 23:00:00+00:00";"2016-03-09 23:00:00+00:00";"33";"86";"75";"2021";"NON";"NON";"200069854";"";"";"";"2021-10-06";"148012";""
"86242";"3299";"PLUi/PLUiS";"CC";"2020-02-24 23:00:00+00:00";"2015-02-07 23:00:00+00:00";"39";"86";"75";"2021";"NON";"OUI";"200070035";"";"";"";"2021-10-06";"147642";""
"86244";"3432";"PLU";"CU";"2019-04-11 22:00:00+00:00";"2015-02-15 23:00:00+00:00";"33";"86";"75";"2021";"NON";"NON";"200069854";"";"";"";"2021-10-06";"140784";""
"86245";"3199";"PLU";"COM";"2020-02-26 23:00:00+00:00";"2014-10-29 23:00:00+00:00";"39";"86";"75";"2021";"NON";"NON";"86245";"";"";"";"2021-10-06";"135954";""
"86246";"3432";"PLU";"CC";"2015-12-16 23:00:00+00:00";"2011-09-26 22:00:00+00:00";"33";"86";"75";"2021";"NON";"NON";"200070043";"";"";"";"2021-10-06";"94735";""
"86247";"3299";"PLUi/PLUiS";"CC";"2020-02-24 23:00:00+00:00";"2015-02-07 23:00:00+00:00";"39";"86";"75";"2021";"NON";"OUI";"200070035";"";"";"";"2021-10-06";"147642";""
"86248";"3299";"PLUi/PLUiS";"CC";"2020-02-24 23:00:00+00:00";"2015-02-07 23:00:00+00:00";"39";"86";"75";"2021";"NON";"OUI";"200070035";"";"";"";"2021-10-06";"147642";""
"86250";"1111";"CC";"COM";"2010-01-21 23:00:00+00:00";"2008-04-27 22:00:00+00:00";"11";"86";"75";"2021";"NON";"NON";"86250";"";"";"";"2021-10-06";"70134";""
"86252";"1199";"CC";"COM";"2005-09-25 22:00:00+00:00";"2004-04-21 22:00:00+00:00";"19";"86";"75";"2021";"NON";"NON";"86252";"";"";"";"2021-10-06";"68680";""
"86253";"1432";"CC";"CU";"2007-04-07 22:00:00+00:00";"2005-06-26 22:00:00+00:00";"13";"86";"75";"2021";"NON";"NON";"200069854";"";"";"";"2021-10-06";"68681";""
"86255";"3299";"PLUi/PLUiS";"CC";"2020-02-24 23:00:00+00:00";"2015-02-07 23:00:00+00:00";"39";"86";"75";"2021";"NON";"OUI";"200070035";"";"";"";"2021-10-06";"147642";""
"86256";"3432";"PLU";"CU";"2017-12-07 23:00:00+00:00";"2014-06-11 22:00:00+00:00";"33";"86";"75";"2021";"NON";"NON";"200069854";"";"";"";"2021-10-06";"130517";""
"86257";"1199";"CC";"COM";"2009-07-27 22:00:00+00:00";"2005-10-23 22:00:00+00:00";"19";"86";"75";"2021";"NON";"NON";"86257";"";"";"";"2021-10-06";"70135";""
"86258";"3199";"PLU";"COM";"2008-01-21 23:00:00+00:00";"2003-09-08 22:00:00+00:00";"39";"86";"75";"2021";"NON";"NON";"86258";"";"";"";"2021-10-06";"55338";""
"86261";"3432";"PLU";"CU";"2019-04-11 22:00:00+00:00";"2014-06-19 22:00:00+00:00";"33";"86";"75";"2021";"NON";"NON";"200069854";"";"";"";"2021-10-06";"130518";""
"86262";"3432";"PLU";"CC";"2004-10-10 22:00:00+00:00";"2001-07-12 22:00:00+00:00";"33";"86";"75";"2021";"NON";"NON";"200070043";"";"";"";"2021-10-06";"59860";""
"86263";"3432";"PLU";"CC";"2011-01-10 23:00:00+00:00";"2008-04-02 22:00:00+00:00";"33";"86";"75";"2021";"NON";"NON";"200043628";"";"";"";"2021-10-06";"63509";""
"86264";"3299";"PLUi/PLUiS";"CC";"2020-02-24 23:00:00+00:00";"2015-02-07 23:00:00+00:00";"39";"86";"75";"2021";"NON";"OUI";"200070035";"";"";"";"2021-10-06";"147642";""
"86266";"3299";"PLUi/PLUiS";"CC";"2020-02-24 23:00:00+00:00";"2015-02-07 23:00:00+00:00";"39";"86";"75";"2021";"NON";"OUI";"200070035";"";"";"";"2021-10-06";"147642";""
"86268";"3432";"PLU";"CU";"2018-04-05 22:00:00+00:00";"2014-06-12 22:00:00+00:00";"33";"86";"75";"2021";"NON";"NON";"200069854";"";"";"";"2021-10-06";"130519";""
"86269";"3199";"PLU";"COM";"2020-11-16 23:00:00+00:00";"2011-12-12 23:00:00+00:00";"39";"86";"75";"2021";"NON";"NON";"86269";"";"";"";"2021-10-06";"96130";""
"86271";"3199";"PLU";"COM";"2012-04-19 22:00:00+00:00";"2008-06-19 22:00:00+00:00";"39";"86";"75";"2021";"NON";"NON";"86271";"";"";"";"2021-10-06";"49924";""
"86272";"3199";"PLU";"COM";"2011-06-14 22:00:00+00:00";"2006-02-07 23:00:00+00:00";"39";"86";"75";"2021";"NON";"NON";"86272";"";"";"";"2021-10-06";"63510";""
"86274";"3199";"PLU";"COM";"2019-06-05 22:00:00+00:00";"2015-04-06 22:00:00+00:00";"39";"86";"75";"2021";"NON";"NON";"86274";"";"";"";"2021-10-06";"138567";""
"86275";"3199";"PLU";"COM";"2011-11-30 23:00:00+00:00";"2008-09-03 22:00:00+00:00";"39";"86";"75";"2021";"NON";"NON";"86275";"";"";"";"2021-10-06";"49925";""
"86279";"1199";"CC";"COM";"2018-11-05 23:00:00+00:00";"2015-03-19 23:00:00+00:00";"19";"86";"75";"2021";"NON";"NON";"86279";"";"";"";"2021-10-06";"138976";""
"86281";"3199";"PLU";"COM";"2021-06-27 22:00:00+00:00";"2019-01-08 23:00:00+00:00";"39";"86";"75";"2021";"NON";"NON";"86281";"";"";"";"2021-10-06";"175793";""
"86284";"3432";"PLU";"CC";"2011-03-27 22:00:00+00:00";"2006-10-29 23:00:00+00:00";"33";"86";"75";"2021";"NON";"NON";"86284";"";"";"";"2021-10-06";"63514";""
"86285";"3432";"PLU";"CC";"2005-05-10 22:00:00+00:00";"2001-11-06 23:00:00+00:00";"33";"86";"75";"2021";"NON";"NON";"200070043";"";"";"";"2021-10-06";"55343";""
"86286";"1199";"CC";"COM";"2005-10-04 22:00:00+00:00";"2001-11-14 23:00:00+00:00";"19";"86";"75";"2021";"NON";"NON";"86286";"";"";"";"2021-10-06";"68684";""
"86290";"3432";"PLU";"CC";"2016-03-20 23:00:00+00:00";"2010-06-28 22:00:00+00:00";"33";"86";"75";"2021";"NON";"NON";"86290";"";"";"";"2021-10-06";"63515";""
"86292";"1199";"CC";"COM";"2008-07-17 22:00:00+00:00";"2006-05-04 22:00:00+00:00";"19";"86";"75";"2021";"NON";"NON";"86292";"";"";"";"2021-10-06";"68685";""
"86293";"3432";"PLU";"CC";"2004-04-07 22:00:00+00:00";"2001-09-05 22:00:00+00:00";"33";"86";"75";"2021";"NON";"NON";"200043628";"";"";"";"2021-10-06";"55356";""
"86294";"3199";"PLU";"COM";"2014-09-15 22:00:00+00:00";"2009-11-22 23:00:00+00:00";"39";"86";"75";"2021";"NON";"NON";"86294";"";"";"";"2021-10-06";"62417";""
"86295";"3299";"PLUi/PLUiS";"CC";"2020-02-24 23:00:00+00:00";"2015-02-07 23:00:00+00:00";"39";"86";"75";"2021";"NON";"OUI";"200070035";"";"";"";"2021-10-06";"147642";""
"86296";"3299";"PLUi/PLUiS";"CC";"2020-02-24 23:00:00+00:00";"2015-02-07 23:00:00+00:00";"39";"86";"75";"2021";"NON";"OUI";"200070035";"";"";"";"2021-10-06";"147642";""
"86297";"3332";"PLUi/PLUiS";"CU";"2013-06-27 22:00:00+00:00";"2008-07-03 22:00:00+00:00";"33";"86";"75";"2021";"OUI";"NON";"200069854";"";"";"";"2021-10-06";"98562";""
"86298";"3199";"PLU";"COM";"2019-11-04 23:00:00+00:00";"2015-01-19 23:00:00+00:00";"39";"86";"75";"2021";"NON";"NON";"86298";"";"";"";"2021-10-06";"136766";""
"86299";"3199";"PLU";"COM";"2014-03-09 23:00:00+00:00";"2012-05-23 22:00:00+00:00";"39";"86";"75";"2021";"NON";"NON";"86299";"";"";"";"2021-10-06";"107487";""
"86300";"1199";"CC";"COM";"2005-09-27 22:00:00+00:00";"2003-05-14 22:00:00+00:00";"19";"86";"75";"2021";"NON";"NON";"86300";"";"";"";"2021-10-06";"68686";""
"87001";"3232";"PLUi/PLUiS";"CC";"2010-12-16 23:00:00+00:00";"2007-06-27 22:00:00+00:00";"33";"87";"75";"2021";"NON";"OUI";"87001";"";"";"";"2021-10-06";"57084";""
"87002";"3199";"PLU";"COM";"2017-09-25 22:00:00+00:00";"2010-09-28 22:00:00+00:00";"39";"87";"75";"2021";"NON";"NON";"87002";"";"";"";"2021-10-06";"63512";""
"87003";"3433";"PLU";"CC";"2017-12-17 23:00:00+00:00";"2014-09-21 22:00:00+00:00";"33";"87";"75";"2021";"NON";"NON";"200071942";"";"";"";"2021-10-06";"132524";""
"87005";"3434";"PLU";"CU";"2005-02-25 23:00:00+00:00";"2001-11-08 23:00:00+00:00";"33";"87";"75";"2021";"NON";"NON";"248719312";"";"";"";"2021-10-06";"55346";""
"87007";"3299";"PLUi/PLUiS";"CC";"2021-03-01 23:00:00+00:00";"2016-02-07 23:00:00+00:00";"39";"87";"75";"2021";"NON";"OUI";"248719262";"";"";"";"2021-10-06";"148584";""
"87009";"3199";"PLU";"COM";"2016-12-08 23:00:00+00:00";"2012-07-12 22:00:00+00:00";"39";"87";"75";"2021";"NON";"NON";"87009";"";"";"";"2021-10-06";"122954";""
"87011";"3433";"PLU";"CC";"2010-12-06 23:00:00+00:00";"2002-12-19 23:00:00+00:00";"33";"87";"75";"2021";"NON";"NON";"200071942";"";"";"";"2021-10-06";"55348";""
"87013";"3199";"PLU";"COM";"2008-11-13 23:00:00+00:00";"2001-11-15 23:00:00+00:00";"39";"87";"75";"2021";"NON";"NON";"87013";"";"";"";"2021-10-06";"55351";""
"87014";"3199";"PLU";"COM";"2018-04-05 22:00:00+00:00";"2014-09-05 22:00:00+00:00";"39";"87";"75";"2021";"NON";"NON";"87014";"";"";"";"2021-10-06";"133551";""
"87015";"3232";"PLUi/PLUiS";"CC";"2010-12-16 23:00:00+00:00";"2007-06-27 22:00:00+00:00";"33";"87";"75";"2021";"NON";"OUI";"87015";"";"";"";"2021-10-06";"57084";""
"87017";"1433";"CC";"CC";"2012-08-13 22:00:00+00:00";"2010-02-01 23:00:00+00:00";"13";"87";"75";"2021";"NON";"NON";"200071942";"";"";"";"2021-10-06";"102016";""
"87019";"3499";"PLU";"CU";"2016-09-25 22:00:00+00:00";"2011-09-19 22:00:00+00:00";"39";"87";"75";"2021";"NON";"NON";"248719312";"";"";"";"2021-10-06";"123354";""
"87020";"3499";"PLU";"CU";"2021-06-10 22:00:00+00:00";"2017-02-16 23:00:00+00:00";"39";"87";"75";"2021";"NON";"NON";"248719312";"";"";"";"2021-10-06";"155573";""
"87021";"3232";"PLUi/PLUiS";"CC";"2010-12-16 23:00:00+00:00";"2007-06-27 22:00:00+00:00";"33";"87";"75";"2021";"NON";"OUI";"87021";"";"";"";"2021-10-06";"57084";""
"87023";"1199";"CC";"COM";"2008-04-24 22:00:00+00:00";"2006-01-18 23:00:00+00:00";"19";"87";"75";"2021";"NON";"NON";"87023";"";"";"";"2021-10-06";"68689";""
"87024";"1199";"CC";"COM";"2012-03-12 23:00:00+00:00";"2007-07-09 22:00:00+00:00";"19";"87";"75";"2021";"NON";"NON";"87024";"";"";"";"2021-10-06";"67498";""
"87025";"3232";"PLUi/PLUiS";"CC";"2010-12-16 23:00:00+00:00";"2007-06-27 22:00:00+00:00";"33";"87";"75";"2021";"NON";"OUI";"87025";"";"";"";"2021-10-06";"57084";""
"87027";"3399";"PLUi/PLUiS";"CC";"2020-03-02 23:00:00+00:00";"2014-12-14 23:00:00+00:00";"39";"87";"75";"2021";"OUI";"NON";"200070506";"";"";"";"2021-10-06";"135946";""
"87029";"3399";"PLUi/PLUiS";"CC";"2020-03-02 23:00:00+00:00";"2014-12-14 23:00:00+00:00";"39";"87";"75";"2021";"OUI";"NON";"200070506";"";"";"";"2021-10-06";"135946";""
"87030";"1199";"CC";"COM";"2010-10-21 22:00:00+00:00";"2009-02-25 23:00:00+00:00";"19";"87";"75";"2021";"NON";"NON";"87030";"";"";"";"2021-10-06";"123322";""
"87031";"3432";"PLU";"CC";"2019-04-10 22:00:00+00:00";"2014-07-08 22:00:00+00:00";"33";"87";"75";"2021";"NON";"NON";"248700189";"";"";"";"2021-10-06";"131089";""
"87032";"3399";"PLUi/PLUiS";"CC";"2020-03-02 23:00:00+00:00";"2014-12-14 23:00:00+00:00";"39";"87";"75";"2021";"OUI";"NON";"200070506";"";"";"";"2021-10-06";"135946";""
"87033";"3199";"PLU";"COM";"2019-04-22 22:00:00+00:00";"2014-05-22 22:00:00+00:00";"39";"87";"75";"2021";"NON";"NON";"87033";"";"";"";"2021-10-06";"130288";""
"87034";"1432";"CC";"CC";"2014-02-04 23:00:00+00:00";"2009-07-09 22:00:00+00:00";"13";"87";"75";"2021";"NON";"NON";"200066520";"";"";"";"2021-10-06";"67238";""
"87035";"1199";"CC";"COM";"2013-05-15 22:00:00+00:00";"2008-06-07 22:00:00+00:00";"19";"87";"75";"2021";"NON";"NON";"87035";"";"";"";"2021-10-06";"67499";""
"87036";"1432";"CC";"CC";"2015-04-20 22:00:00+00:00";"2013-07-04 22:00:00+00:00";"13";"87";"75";"2021";"NON";"NON";"200066520";"";"";"";"2021-10-06";"123441";""
"87037";"1432";"CC";"CC";"2014-01-16 23:00:00+00:00";"2009-07-08 22:00:00+00:00";"13";"87";"75";"2021";"NON";"NON";"87037";"";"";"";"2021-10-06";"123475";""
"87038";"3434";"PLU";"CU";"2005-06-19 22:00:00+00:00";"2001-01-27 23:00:00+00:00";"33";"87";"75";"2021";"NON";"NON";"248719312";"";"";"";"2021-10-06";"55357";""
"87039";"3199";"PLU";"COM";"2021-07-04 22:00:00+00:00";"2014-11-17 23:00:00+00:00";"39";"87";"75";"2021";"NON";"NON";"87039";"";"";"";"2021-10-06";"136257";""
"87040";"3199";"PLU";"COM";"2007-06-14 22:00:00+00:00";"2004-03-21 23:00:00+00:00";"39";"87";"75";"2021";"NON";"NON";"87040";"";"";"";"2021-10-06";"55358";""
"87041";"3299";"PLUi/PLUiS";"CC";"2021-03-01 23:00:00+00:00";"2016-02-07 23:00:00+00:00";"39";"87";"75";"2021";"NON";"OUI";"248719262";"";"";"";"2021-10-06";"148584";""
"87044";"1199";"CC";"COM";"2012-03-28 22:00:00+00:00";"2009-01-22 23:00:00+00:00";"19";"87";"75";"2021";"NON";"NON";"87044";"";"";"";"2021-10-06";"66642";""
"87045";"3433";"PLU";"CC";"2007-10-04 22:00:00+00:00";"2003-09-24 22:00:00+00:00";"33";"87";"75";"2021";"NON";"NON";"200071942";"";"";"";"2021-10-06";"20579";""
"87046";"3432";"PLU";"CC";"2009-06-04 22:00:00+00:00";"2003-11-27 23:00:00+00:00";"33";"87";"75";"2021";"NON";"NON";"87046";"";"";"";"2021-10-06";"55355";""
"87048";"3499";"PLU";"CU";"2020-02-17 23:00:00+00:00";"2016-12-19 23:00:00+00:00";"39";"87";"75";"2021";"NON";"NON";"248719312";"";"";"";"2021-10-06";"154351";""
"87049";"3432";"PLU";"CC";"2016-12-14 23:00:00+00:00";"2014-07-23 22:00:00+00:00";"33";"87";"75";"2021";"NON";"NON";"248700189";"";"";"";"2021-10-06";"131181";""
"87050";"3499";"PLU";"CU";"2016-02-28 23:00:00+00:00";"2011-11-27 23:00:00+00:00";"39";"87";"75";"2021";"NON";"NON";"248719312";"";"";"";"2021-10-06";"123626";""
"87051";"1199";"CC";"COM";"2014-01-04 23:00:00+00:00";"2011-03-02 23:00:00+00:00";"19";"87";"75";"2021";"NON";"NON";"87051";"";"";"";"2021-10-06";"123143";""
"87054";"1432";"CC";"CC";"2020-02-05 23:00:00+00:00";"2015-01-29 23:00:00+00:00";"13";"87";"75";"2021";"NON";"NON";"87054";"";"";"";"2021-10-06";"144658";""
"87059";"3433";"PLU";"CC";"2011-12-15 23:00:00+00:00";"2005-09-21 22:00:00+00:00";"33";"87";"75";"2021";"NON";"NON";"200071942";"";"";"";"2021-10-06";"63518";""
"87060";"3399";"PLUi/PLUiS";"CC";"2020-03-02 23:00:00+00:00";"2014-12-14 23:00:00+00:00";"39";"87";"75";"2021";"OUI";"NON";"200070506";"";"";"";"2021-10-06";"135946";""
"87062";"1199";"CC";"COM";"2016-04-10 22:00:00+00:00";"2012-09-13 22:00:00+00:00";"19";"87";"75";"2021";"NON";"NON";"87062";"";"";"";"2021-10-06";"123618";""
"87063";"3499";"PLU";"CU";"2007-05-30 22:00:00+00:00";"2004-07-01 22:00:00+00:00";"39";"87";"75";"2021";"NON";"NON";"248719312";"";"";"";"2021-10-06";"55362";""
"87064";"3199";"PLU";"COM";"2007-01-09 23:00:00+00:00";"2001-11-22 23:00:00+00:00";"39";"87";"75";"2021";"NON";"NON";"87064";"";"";"";"2021-10-06";"55363";""
"87065";"3434";"PLU";"CU";"2012-05-13 22:00:00+00:00";"2008-12-16 23:00:00+00:00";"33";"87";"75";"2021";"NON";"NON";"248719312";"";"";"";"2021-10-06";"102036";""
"87066";"3399";"PLUi/PLUiS";"CC";"2020-03-02 23:00:00+00:00";"2014-12-14 23:00:00+00:00";"39";"87";"75";"2021";"OUI";"NON";"200070506";"";"";"";"2021-10-06";"135946";""
"87070";"3199";"PLU";"COM";"2018-12-04 23:00:00+00:00";"2012-09-19 22:00:00+00:00";"39";"87";"75";"2021";"NON";"NON";"87070";"";"";"";"2021-10-06";"123624";""
"87071";"3432";"PLU";"CC";"2012-06-04 22:00:00+00:00";"2009-01-26 23:00:00+00:00";"33";"87";"75";"2021";"NON";"NON";"248700189";"";"";"";"2021-10-06";"119806";""
"87073";"3432";"PLU";"CC";"2013-05-16 22:00:00+00:00";"2008-08-31 22:00:00+00:00";"33";"87";"75";"2021";"NON";"NON";"87073";"";"";"";"2021-10-06";"49928";""
"87075";"3499";"PLU";"CU";"2019-12-17 23:00:00+00:00";"2016-03-23 23:00:00+00:00";"39";"87";"75";"2021";"NON";"NON";"248719312";"";"";"";"2021-10-06";"148411";""
"87077";"3399";"PLUi/PLUiS";"CC";"2020-09-30 22:00:00+00:00";"2015-09-21 22:00:00+00:00";"39";"87";"75";"2021";"OUI";"NON";"200070506";"";"";"";"2021-10-06";"141397";""
"87078";"1199";"CC";"COM";"2017-04-02 22:00:00+00:00";"2013-09-04 22:00:00+00:00";"19";"87";"75";"2021";"NON";"NON";"87078";"";"";"";"2021-10-06";"124874";""
"87079";"3199";"PLU";"COM";"2017-10-16 22:00:00+00:00";"2011-04-05 22:00:00+00:00";"39";"87";"75";"2021";"NON";"NON";"87079";"";"";"";"2021-10-06";"130892";""
"87081";"3232";"PLUi/PLUiS";"CC";"2010-12-16 23:00:00+00:00";"2007-06-27 22:00:00+00:00";"33";"87";"75";"2021";"NON";"OUI";"87081";"";"";"";"2021-10-06";"57084";""
"87084";"3399";"PLUi/PLUiS";"CC";"2020-03-02 23:00:00+00:00";"2014-12-14 23:00:00+00:00";"39";"87";"75";"2021";"OUI";"NON";"200070506";"";"";"";"2021-10-06";"135946";""
"87085";"3499";"PLU";"CU";"2019-06-25 22:00:00+00:00";"2012-09-26 22:00:00+00:00";"39";"87";"75";"2021";"NON";"NON";"248719312";"";"";"";"2021-10-06";"166312";""
"87088";"3199";"PLU";"COM";"2020-03-11 23:00:00+00:00";"2014-08-20 22:00:00+00:00";"39";"87";"75";"2021";"NON";"NON";"87088";"";"";"";"2021-10-06";"132115";""
"87089";"3433";"PLU";"CC";"2017-09-17 22:00:00+00:00";"2012-07-02 22:00:00+00:00";"33";"87";"75";"2021";"NON";"NON";"200071942";"";"";"";"2021-10-06";"122960";""
"87091";"1432";"CC";"CC";"2014-01-16 23:00:00+00:00";"2011-05-22 22:00:00+00:00";"13";"87";"75";"2021";"NON";"NON";"87091";"";"";"";"2021-10-06";"123476";""
"87093";"3199";"PLU";"COM";"2016-03-10 23:00:00+00:00";"2010-10-21 22:00:00+00:00";"39";"87";"75";"2021";"NON";"NON";"87093";"";"";"";"2021-10-06";"102035";""
"87094";"3399";"PLUi/PLUiS";"CC";"2020-09-30 22:00:00+00:00";"2015-09-21 22:00:00+00:00";"39";"87";"75";"2021";"OUI";"NON";"200070506";"";"";"";"2021-10-06";"141397";""
"87097";"3433";"PLU";"CC";"2014-01-16 23:00:00+00:00";"2011-03-24 23:00:00+00:00";"33";"87";"75";"2021";"NON";"NON";"200071942";"";"";"";"2021-10-06";"123332";""
"87099";"1131";"CC";"COM";"2008-03-05 23:00:00+00:00";"2004-09-15 22:00:00+00:00";"13";"87";"75";"2021";"NON";"NON";"87099";"";"";"";"2021-10-06";"14750";""
"87103";"3199";"PLU";"COM";"2013-04-07 22:00:00+00:00";"2009-03-29 22:00:00+00:00";"39";"87";"75";"2021";"NON";"NON";"87103";"";"";"";"2021-10-06";"122961";""
"87105";"3199";"PLU";"COM";"2006-07-02 22:00:00+00:00";"2001-11-08 23:00:00+00:00";"39";"87";"75";"2021";"NON";"NON";"87105";"";"";"";"2021-10-06";"55370";""
"87106";"3399";"PLUi/PLUiS";"CC";"2020-09-30 22:00:00+00:00";"2015-09-21 22:00:00+00:00";"39";"87";"75";"2021";"OUI";"NON";"200070506";"";"";"";"2021-10-06";"141397";""
"87107";"3199";"PLU";"COM";"2016-12-12 23:00:00+00:00";"2011-12-08 23:00:00+00:00";"39";"87";"75";"2021";"NON";"NON";"87107";"";"";"";"2021-10-06";"125109";""
"87108";"1433";"CC";"CC";"2010-01-10 23:00:00+00:00";"2005-09-23 22:00:00+00:00";"13";"87";"75";"2021";"NON";"NON";"200071942";"";"";"";"2021-10-06";"66530";""
"87110";"3131";"PLU";"COM";"2008-10-27 23:00:00+00:00";"2002-02-05 23:00:00+00:00";"33";"87";"75";"2021";"NON";"NON";"87110";"";"";"";"2021-10-06";"55369";""
"87111";"3432";"PLU";"CC";"2011-07-10 22:00:00+00:00";"2008-06-02 22:00:00+00:00";"33";"87";"75";"2021";"NON";"NON";"87111";"";"";"";"2021-10-06";"123620";""
"87112";"3399";"PLUi/PLUiS";"CC";"2020-03-02 23:00:00+00:00";"2014-12-14 23:00:00+00:00";"39";"87";"75";"2021";"OUI";"NON";"200070506";"";"";"";"2021-10-06";"135946";""
"87113";"3499";"PLU";"CU";"2020-02-17 23:00:00+00:00";"2013-10-02 22:00:00+00:00";"39";"87";"75";"2021";"NON";"NON";"248719312";"";"";"";"2021-10-06";"131242";""
"87114";"3499";"PLU";"CU";"2017-01-24 23:00:00+00:00";"2013-03-27 23:00:00+00:00";"39";"87";"75";"2021";"NON";"NON";"248719312";"";"";"";"2021-10-06";"125114";""
"87115";"1432";"CC";"CC";"2014-01-16 23:00:00+00:00";"2009-07-23 22:00:00+00:00";"13";"87";"75";"2021";"NON";"NON";"87115";"";"";"";"2021-10-06";"123478";""
"87117";"3199";"PLU";"COM";"2019-02-14 23:00:00+00:00";"2014-07-22 22:00:00+00:00";"39";"87";"75";"2021";"NON";"NON";"87117";"";"";"";"2021-10-06";"137757";""
"87118";"3499";"PLU";"CU";"2008-09-22 22:00:00+00:00";"2001-10-28 23:00:00+00:00";"39";"87";"75";"2021";"NON";"NON";"248719312";"";"";"";"2021-10-06";"55374";""
"87119";"3199";"PLU";"COM";"2011-09-28 22:00:00+00:00";"2007-05-17 22:00:00+00:00";"39";"87";"75";"2021";"NON";"NON";"87119";"";"";"";"2021-10-06";"63525";""
"87120";"3199";"PLU";"COM";"2018-11-04 23:00:00+00:00";"2014-06-19 22:00:00+00:00";"39";"87";"75";"2021";"NON";"NON";"87120";"";"";"";"2021-10-06";"130761";""
"87121";"3299";"PLUi/PLUiS";"CC";"2021-03-01 23:00:00+00:00";"2016-02-07 23:00:00+00:00";"39";"87";"75";"2021";"NON";"OUI";"248719262";"";"";"";"2021-10-06";"148584";""
"87122";"3199";"PLU";"COM";"2005-06-29 22:00:00+00:00";"2001-10-25 22:00:00+00:00";"39";"87";"75";"2021";"NON";"NON";"87122";"";"";"";"2021-10-06";"55375";""
"87124";"3399";"PLUi/PLUiS";"CC";"2020-09-30 22:00:00+00:00";"2015-09-21 22:00:00+00:00";"39";"87";"75";"2021";"OUI";"NON";"200070506";"";"";"";"2021-10-06";"141397";""
"87125";"3499";"PLU";"CU";"2020-02-17 23:00:00+00:00";"2016-11-06 23:00:00+00:00";"39";"87";"75";"2021";"NON";"NON";"248719312";"";"";"";"2021-10-06";"151679";""
"87126";"3199";"PLU";"COM";"2015-04-19 22:00:00+00:00";"2010-12-09 23:00:00+00:00";"39";"87";"75";"2021";"NON";"NON";"87126";"";"";"";"2021-10-06";"123266";""
"87128";"3299";"PLUi/PLUiS";"CC";"2021-03-01 23:00:00+00:00";"2016-02-07 23:00:00+00:00";"39";"87";"75";"2021";"NON";"OUI";"248719262";"";"";"";"2021-10-06";"148584";""
"87129";"3131";"PLU";"COM";"2006-12-20 23:00:00+00:00";"2003-07-25 22:00:00+00:00";"33";"87";"75";"2021";"NON";"NON";"87129";"";"";"";"2021-10-06";"63526";""
"87131";"3199";"PLU";"COM";"2009-02-23 23:00:00+00:00";"2005-11-21 23:00:00+00:00";"39";"87";"75";"2021";"NON";"NON";"87131";"";"";"";"2021-10-06";"63527";""
"87133";"3299";"PLUi/PLUiS";"CC";"2021-03-01 23:00:00+00:00";"2016-02-07 23:00:00+00:00";"39";"87";"75";"2021";"NON";"OUI";"248719262";"";"";"";"2021-10-06";"148584";""
"87135";"1432";"CC";"CC";"2011-04-05 22:00:00+00:00";"2008-09-08 22:00:00+00:00";"13";"87";"75";"2021";"NON";"NON";"87135";"";"";"";"2021-10-06";"123328";""
"87138";"3199";"PLU";"COM";"2019-06-24 22:00:00+00:00";"2015-02-24 23:00:00+00:00";"39";"87";"75";"2021";"NON";"NON";"87138";"";"";"";"2021-10-06";"137755";""
"87140";"3199";"PLU";"COM";"2020-02-17 23:00:00+00:00";"2012-09-27 22:00:00+00:00";"39";"87";"75";"2021";"NON";"NON";"87140";"";"";"";"2021-10-06";"123479";""
"87141";"3432";"PLU";"CC";"2019-09-11 22:00:00+00:00";"2012-12-26 23:00:00+00:00";"33";"87";"75";"2021";"NON";"NON";"87141";"";"";"";"2021-10-06";"125015";""
"87142";"3199";"PLU";"COM";"2018-06-26 22:00:00+00:00";"2012-09-16 22:00:00+00:00";"39";"87";"75";"2021";"NON";"NON";"87142";"";"";"";"2021-10-06";"123619";""
"87143";"3499";"PLU";"CU";"2019-06-25 22:00:00+00:00";"2014-09-25 22:00:00+00:00";"39";"87";"75";"2021";"NON";"NON";"248719312";"";"";"";"2021-10-06";"133760";""
"87144";"1131";"CC";"COM";"2009-12-23 23:00:00+00:00";"2005-06-12 22:00:00+00:00";"13";"87";"75";"2021";"NON";"NON";"87144";"";"";"";"2021-10-06";"66533";""
"87146";"3199";"PLU";"COM";"2018-04-24 22:00:00+00:00";"2014-02-25 23:00:00+00:00";"39";"87";"75";"2021";"NON";"NON";"87146";"";"";"";"2021-10-06";"129180";""
"87148";"3199";"PLU";"COM";"2016-02-04 23:00:00+00:00";"2010-08-31 22:00:00+00:00";"39";"87";"75";"2021";"NON";"NON";"87148";"";"";"";"2021-10-06";"64271";""
"87150";"3399";"PLUi/PLUiS";"CC";"2020-09-30 22:00:00+00:00";"2015-09-21 22:00:00+00:00";"39";"87";"75";"2021";"OUI";"NON";"200070506";"";"";"";"2021-10-06";"141397";""
"87151";"3399";"PLUi/PLUiS";"CC";"2020-09-30 22:00:00+00:00";"2015-09-21 22:00:00+00:00";"39";"87";"75";"2021";"OUI";"NON";"200070506";"";"";"";"2021-10-06";"141397";""
"87152";"3199";"PLU";"COM";"2005-10-17 22:00:00+00:00";"2002-01-20 23:00:00+00:00";"39";"87";"75";"2021";"NON";"NON";"87152";"";"";"";"2021-10-06";"55384";""
"87154";"3199";"PLU";"COM";"2006-07-19 22:00:00+00:00";"2001-10-28 23:00:00+00:00";"39";"87";"75";"2021";"NON";"NON";"87154";"";"";"";"2021-10-06";"123285";""
"87156";"3499";"PLU";"CU";"2011-11-27 23:00:00+00:00";"2008-04-14 22:00:00+00:00";"39";"87";"75";"2021";"NON";"NON";"248719312";"";"";"";"2021-10-06";"123486";""
"87158";"3432";"PLU";"CC";"2007-07-02 22:00:00+00:00";"2001-10-14 22:00:00+00:00";"33";"87";"75";"2021";"NON";"NON";"87158";"";"";"";"2021-10-06";"55385";""
"87159";"1199";"CC";"COM";"2011-01-30 23:00:00+00:00";"2005-06-23 22:00:00+00:00";"19";"87";"75";"2021";"NON";"NON";"87159";"";"";"";"2021-10-06";"67502";""
"87161";"3131";"PLU";"COM";"2006-03-12 23:00:00+00:00";"2002-03-21 23:00:00+00:00";"33";"87";"75";"2021";"NON";"NON";"87161";"";"";"";"2021-10-06";"55387";""
"87164";"1199";"CC";"COM";"2007-03-01 23:00:00+00:00";"2005-03-30 22:00:00+00:00";"19";"87";"75";"2021";"NON";"NON";"87164";"";"";"";"2021-10-06";"68695";""
"87166";"3232";"PLUi/PLUiS";"CC";"2010-12-16 23:00:00+00:00";"2007-06-27 22:00:00+00:00";"33";"87";"75";"2021";"NON";"OUI";"87166";"";"";"";"2021-10-06";"57084";""
"87167";"1199";"CC";"COM";"2011-06-19 22:00:00+00:00";"2008-08-28 22:00:00+00:00";"19";"87";"75";"2021";"NON";"NON";"87167";"";"";"";"2021-10-06";"123146";""
"87168";"3432";"PLU";"CC";"2020-12-21 23:00:00+00:00";"2013-10-30 23:00:00+00:00";"33";"87";"75";"2021";"NON";"NON";"87168";"";"";"";"2021-10-06";"125088";""
"87169";"3399";"PLUi/PLUiS";"CC";"2020-09-30 22:00:00+00:00";"2015-09-21 22:00:00+00:00";"39";"87";"75";"2021";"OUI";"NON";"200070506";"";"";"";"2021-10-06";"141397";""
"87174";"3199";"PLU";"COM";"2005-01-23 23:00:00+00:00";"2001-12-10 23:00:00+00:00";"39";"87";"75";"2021";"NON";"NON";"87174";"";"";"";"2021-10-06";"55390";""
"87176";"3399";"PLUi/PLUiS";"CC";"2020-09-30 22:00:00+00:00";"2015-09-21 22:00:00+00:00";"39";"87";"75";"2021";"OUI";"NON";"200070506";"";"";"";"2021-10-06";"141397";""
"87177";"3232";"PLUi/PLUiS";"CC";"2010-12-16 23:00:00+00:00";"2007-06-27 22:00:00+00:00";"33";"87";"75";"2021";"NON";"OUI";"87177";"";"";"";"2021-10-06";"57084";""
"87178";"3131";"PLU";"COM";"2003-12-21 23:00:00+00:00";"2001-11-22 23:00:00+00:00";"33";"87";"75";"2021";"NON";"NON";"87178";"";"";"";"2021-10-06";"55391";""
"87180";"3299";"PLUi/PLUiS";"CC";"2021-03-01 23:00:00+00:00";"2016-02-07 23:00:00+00:00";"39";"87";"75";"2021";"NON";"OUI";"248719262";"";"";"";"2021-10-06";"148584";""
"87181";"3199";"PLU";"COM";"2016-09-26 22:00:00+00:00";"2011-07-03 22:00:00+00:00";"39";"87";"75";"2021";"NON";"NON";"87181";"";"";"";"2021-10-06";"127440";""
"87183";"3199";"PLU";"COM";"2019-07-25 22:00:00+00:00";"2014-11-13 23:00:00+00:00";"39";"87";"75";"2021";"NON";"NON";"87183";"";"";"";"2021-10-06";"133351";""
"87186";"3199";"PLU";"COM";"2020-09-30 22:00:00+00:00";"2014-06-30 22:00:00+00:00";"39";"87";"75";"2021";"NON";"NON";"87186";"";"";"";"2021-10-06";"130911";""
"87187";"3432";"PLU";"CC";"2009-12-16 23:00:00+00:00";"2002-12-18 23:00:00+00:00";"33";"87";"75";"2021";"NON";"NON";"248700189";"";"";"";"2021-10-06";"55386";""
"87188";"3232";"PLUi/PLUiS";"CC";"2010-12-16 23:00:00+00:00";"2007-06-27 22:00:00+00:00";"33";"87";"75";"2021";"NON";"OUI";"87188";"";"";"";"2021-10-06";"57084";""
"87189";"1199";"CC";"COM";"2008-10-27 23:00:00+00:00";"2005-09-22 22:00:00+00:00";"19";"87";"75";"2021";"NON";"NON";"87189";"";"";"";"2021-10-06";"68698";""
"87191";"3232";"PLUi/PLUiS";"CC";"2010-12-16 23:00:00+00:00";"2007-06-27 22:00:00+00:00";"33";"87";"75";"2021";"NON";"OUI";"87191";"";"";"";"2021-10-06";"57084";""
"87192";"3499";"PLU";"CU";"2020-02-17 23:00:00+00:00";"2015-06-22 22:00:00+00:00";"39";"87";"75";"2021";"NON";"NON";"248719312";"";"";"";"2021-10-06";"140081";""
"87197";"3199";"PLU";"COM";"2014-03-19 23:00:00+00:00";"2010-02-04 23:00:00+00:00";"39";"87";"75";"2021";"NON";"NON";"87197";"";"";"";"2021-10-06";"102024";""
"87199";"3199";"PLU";"COM";"2013-05-30 22:00:00+00:00";"2009-09-10 22:00:00+00:00";"39";"87";"75";"2021";"NON";"NON";"87199";"";"";"";"2021-10-06";"49929";""
"87201";"3499";"PLU";"CU";"2019-06-25 22:00:00+00:00";"2013-12-11 23:00:00+00:00";"39";"87";"75";"2021";"NON";"NON";"87201";"";"";"";"2021-10-06";"126612";""
"87202";"3499";"PLU";"CU";"2021-07-07 22:00:00+00:00";"2015-02-17 23:00:00+00:00";"39";"87";"75";"2021";"NON";"NON";"248719312";"";"";"";"2021-10-06";"137359";""
"87203";"1131";"CC";"COM";"2007-03-28 22:00:00+00:00";"2002-02-10 23:00:00+00:00";"13";"87";"75";"2021";"NON";"NON";"87203";"";"";"";"2021-10-06";"68700";""
"87204";"1131";"CC";"COM";"2011-02-27 23:00:00+00:00";"2009-06-18 22:00:00+00:00";"13";"87";"75";"2021";"NON";"NON";"87204";"";"";"";"2021-10-06";"123329";""
"87205";"3434";"PLU";"CU";"2010-04-28 22:00:00+00:00";"2003-04-28 22:00:00+00:00";"33";"87";"75";"2021";"NON";"NON";"248719312";"";"";"";"2021-10-06";"55397";""
"88005";"3432";"PLU";"CA";"2013-09-26 22:00:00+00:00";"2009-02-06 23:00:00+00:00";"33";"88";"44";"2021";"NON";"NON";"200071066";"";"";"";"2021-10-06";"49931";""
"88006";"1199";"CC";"COM";"2011-10-04 22:00:00+00:00";"2009-03-26 23:00:00+00:00";"19";"88";"44";"2021";"NON";"NON";"88006";"";"";"";"2021-10-06";"38579";""
"88007";"3332";"PLUi/PLUiS";"CC";"2019-05-27 22:00:00+00:00";"2013-12-09 23:00:00+00:00";"33";"88";"44";"2021";"OUI";"NON";"200068773";"";"";"";"2021-10-06";"127189";""
"88009";"3332";"PLUi/PLUiS";"CA";"2007-10-10 22:00:00+00:00";"2004-03-28 22:00:00+00:00";"33";"88";"44";"2021";"OUI";"NON";"200071066";"";"";"";"2021-10-06";"55399";""
"88011";"3199";"PLU";"COM";"2008-04-11 22:00:00+00:00";"2002-10-14 22:00:00+00:00";"39";"88";"44";"2021";"NON";"NON";"88011";"";"";"";"2021-10-06";"24774";""
"88012";"3199";"PLU";"COM";"2008-06-18 22:00:00+00:00";"2005-01-19 23:00:00+00:00";"39";"88";"44";"2021";"NON";"NON";"88012";"";"";"";"2021-10-06";"55398";""
"88015";"1432";"CC";"CC";"2008-09-16 22:00:00+00:00";"2005-10-20 22:00:00+00:00";"13";"88";"44";"2021";"NON";"NON";"200068559";"";"";"";"2021-10-06";"68701";""
"88016";"1432";"CC";"CC";"2008-06-18 22:00:00+00:00";"2008-01-01 23:00:00+00:00";"13";"88";"44";"2021";"NON";"NON";"200068773";"";"";"";"2021-10-06";"70144";""
"88017";"1199";"CC";"COM";"2012-03-01 23:00:00+00:00";"2009-06-18 22:00:00+00:00";"19";"88";"44";"2021";"NON";"NON";"88017";"";"";"";"2021-10-06";"38636";""
"88019";"1432";"CC";"CC";"2011-01-11 23:00:00+00:00";"2010-02-04 23:00:00+00:00";"13";"88";"44";"2021";"NON";"NON";"200068559";"";"";"";"2021-10-06";"40911";""
"88021";"1199";"CC";"COM";"2011-10-17 22:00:00+00:00";"2010-06-07 22:00:00+00:00";"19";"88";"44";"2021";"NON";"NON";"88021";"";"";"";"2021-10-06";"41631";""
"88022";"3199";"PLU";"COM";"2013-06-18 22:00:00+00:00";"2006-01-26 23:00:00+00:00";"39";"88";"44";"2021";"NON";"NON";"88022";"";"";"";"2021-10-06";"14330";""
"88024";"1111";"CC";"COM";"2007-02-08 23:00:00+00:00";"2005-09-27 22:00:00+00:00";"11";"88";"44";"2021";"NON";"NON";"88024";"";"";"";"2021-10-06";"8439";""
"88026";"3199";"PLU";"COM";"2014-03-16 23:00:00+00:00";"2001-11-18 23:00:00+00:00";"39";"88";"44";"2021";"NON";"NON";"88026";"";"";"";"2021-10-06";"49930";""
"88027";"1199";"CC";"COM";"2014-06-12 22:00:00+00:00";"2011-11-16 23:00:00+00:00";"19";"88";"44";"2021";"NON";"NON";"88027";"";"";"";"2021-10-06";"14331";""
"88028";"1199";"CC";"COM";"2018-02-18 23:00:00+00:00";"2015-11-25 23:00:00+00:00";"19";"88";"44";"2021";"NON";"NON";"88028";"";"";"";"2021-10-06";"158187";""
"88029";"3199";"PLU";"COM";"2013-04-08 22:00:00+00:00";"2009-05-12 22:00:00+00:00";"39";"88";"44";"2021";"NON";"NON";"88029";"";"";"";"2021-10-06";"38419";""
"88030";"1199";"CC";"COM";"2011-11-02 23:00:00+00:00";"2010-05-19 22:00:00+00:00";"19";"88";"44";"2021";"NON";"NON";"88030";"";"";"";"2021-10-06";"41528";""
"88031";"1432";"CC";"CC";"2007-01-07 23:00:00+00:00";"2005-01-20 23:00:00+00:00";"13";"88";"44";"2021";"NON";"NON";"200068559";"";"";"";"2021-10-06";"24989";""
"88032";"3432";"PLU";"CA";"2009-03-17 23:00:00+00:00";"2002-04-28 22:00:00+00:00";"33";"88";"44";"2021";"NON";"NON";"200071066";"";"";"";"2021-10-06";"35620";""
"88037";"3199";"PLU";"COM";"2006-12-14 23:00:00+00:00";"2003-01-22 23:00:00+00:00";"39";"88";"44";"2021";"NON";"NON";"88037";"";"";"";"2021-10-06";"25779";""
"88039";"1199";"CC";"COM";"2008-01-22 23:00:00+00:00";"2005-11-06 23:00:00+00:00";"19";"88";"44";"2021";"NON";"NON";"88039";"";"";"";"2021-10-06";"68702";""
"88040";"1111";"CC";"COM";"2005-11-01 23:00:00+00:00";"2004-02-05 23:00:00+00:00";"11";"88";"44";"2021";"NON";"NON";"88040";"";"";"";"2021-10-06";"8139";""
"88044";"3432";"PLU";"CC";"2006-10-16 22:00:00+00:00";"2002-12-03 23:00:00+00:00";"33";"88";"44";"2021";"NON";"NON";"200068559";"";"";"";"2021-10-06";"22535";""
"88045";"1199";"CC";"COM";"2011-03-23 23:00:00+00:00";"2009-05-11 22:00:00+00:00";"19";"88";"44";"2021";"NON";"NON";"88045";"";"";"";"2021-10-06";"38190";""
"88046";"1199";"CC";"COM";"2007-06-21 22:00:00+00:00";"2005-03-30 22:00:00+00:00";"19";"88";"44";"2021";"NON";"NON";"88046";"";"";"";"2021-10-06";"30595";""
"88048";"3199";"PLU";"COM";"2018-04-12 22:00:00+00:00";"2012-03-18 23:00:00+00:00";"39";"88";"44";"2021";"NON";"NON";"88048";"";"";"";"2021-10-06";"44713";""
"88049";"1432";"CC";"CC";"2010-05-18 22:00:00+00:00";"2008-06-16 22:00:00+00:00";"13";"88";"44";"2021";"NON";"NON";"200068773";"";"";"";"2021-10-06";"41658";""
"88051";"1199";"CC";"COM";"2004-12-19 23:00:00+00:00";"2001-10-04 22:00:00+00:00";"19";"88";"44";"2021";"NON";"NON";"88051";"";"";"";"2021-10-06";"68703";""
"88056";"1199";"CC";"COM";"2010-02-01 23:00:00+00:00";"2008-03-27 23:00:00+00:00";"19";"88";"44";"2021";"NON";"NON";"88056";"";"";"";"2021-10-06";"37609";""
"88061";"3332";"PLUi/PLUiS";"CC";"2019-05-27 22:00:00+00:00";"2013-12-09 23:00:00+00:00";"33";"88";"44";"2021";"OUI";"NON";"200068773";"";"";"";"2021-10-06";"127189";""
"88062";"3432";"PLU";"CC";"2009-06-28 22:00:00+00:00";"2005-06-07 22:00:00+00:00";"33";"88";"44";"2021";"NON";"NON";"200068773";"";"";"";"2021-10-06";"34159";""
"88063";"1199";"CC";"COM";"2012-11-25 23:00:00+00:00";"2010-05-31 22:00:00+00:00";"19";"88";"44";"2021";"NON";"NON";"88063";"";"";"";"2021-10-06";"106150";""
"88064";"1432";"CC";"CA";"2012-10-30 23:00:00+00:00";"2011-03-10 23:00:00+00:00";"13";"88";"44";"2021";"NON";"NON";"200071066";"";"";"";"2021-10-06";"47963";""
"88068";"1432";"CC";"CA";"2014-07-23 22:00:00+00:00";"2011-04-07 22:00:00+00:00";"13";"88";"44";"2021";"NON";"NON";"200071066";"";"";"";"2021-10-06";"70851";""
"88069";"1111";"CC";"COM";"2011-09-25 22:00:00+00:00";"2010-04-18 22:00:00+00:00";"11";"88";"44";"2021";"NON";"NON";"88069";"";"";"";"2021-10-06";"41302";""
"88070";"1199";"CC";"COM";"2016-04-20 22:00:00+00:00";"2014-11-23 23:00:00+00:00";"19";"88";"44";"2021";"NON";"NON";"88070";"";"";"";"2021-10-06";"142578";""
"88075";"3131";"PLU";"COM";"2007-08-29 22:00:00+00:00";"2003-10-26 23:00:00+00:00";"33";"88";"44";"2021";"NON";"NON";"88075";"";"";"";"2021-10-06";"55405";""
"88076";"1199";"CC";"COM";"2004-03-30 22:00:00+00:00";"2002-03-20 23:00:00+00:00";"19";"88";"44";"2021";"NON";"NON";"88076";"";"";"";"2021-10-06";"68706";""
"88078";"3199";"PLU";"COM";"2013-03-07 23:00:00+00:00";"2009-09-20 22:00:00+00:00";"39";"88";"44";"2021";"NON";"NON";"88078";"";"";"";"2021-10-06";"40258";""
"88079";"3131";"PLU";"COM";"2011-11-13 23:00:00+00:00";"2009-04-07 22:00:00+00:00";"33";"88";"44";"2021";"NON";"NON";"88079";"";"";"";"2021-10-06";"63534";""
"88080";"1199";"CC";"COM";"2014-06-12 22:00:00+00:00";"2011-11-24 23:00:00+00:00";"19";"88";"44";"2021";"NON";"NON";"88080";"";"";"";"2021-10-06";"121893";""
"88081";"3199";"PLU";"COM";"2015-03-12 23:00:00+00:00";"2009-12-16 23:00:00+00:00";"39";"88";"44";"2021";"NON";"NON";"88081";"";"";"";"2021-10-06";"40643";""
"88084";"1111";"CC";"COM";"2003-10-23 22:00:00+00:00";"2001-07-22 22:00:00+00:00";"11";"88";"44";"2021";"NON";"NON";"88084";"";"";"";"2021-10-06";"68707";""
"88085";"1199";"CC";"COM";"2003-10-27 23:00:00+00:00";"2001-08-30 22:00:00+00:00";"19";"88";"44";"2021";"NON";"NON";"88085";"";"";"";"2021-10-06";"68708";""
"88086";"3199";"PLU";"COM";"2009-12-10 23:00:00+00:00";"2006-05-22 22:00:00+00:00";"39";"88";"44";"2021";"NON";"NON";"88086";"";"";"";"2021-10-06";"17393";""
"88087";"3199";"PLU";"COM";"2011-10-02 22:00:00+00:00";"2006-06-18 22:00:00+00:00";"39";"88";"44";"2021";"NON";"NON";"88087";"";"";"";"2021-10-06";"17574";""
"88089";"3432";"PLU";"CA";"2009-09-24 22:00:00+00:00";"2001-02-25 23:00:00+00:00";"33";"88";"44";"2021";"NON";"NON";"200071066";"";"";"";"2021-10-06";"33325";""
"88090";"3131";"PLU";"COM";"2005-03-24 23:00:00+00:00";"2005-03-24 23:00:00+00:00";"33";"88";"44";"2021";"NON";"NON";"88090";"";"";"";"2021-10-06";"59889";""
"88091";"1199";"CC";"COM";"2005-06-01 22:00:00+00:00";"2003-10-25 22:00:00+00:00";"19";"88";"44";"2021";"NON";"NON";"88091";"";"";"";"2021-10-06";"68709";""
"88094";"3199";"PLU";"COM";"2009-03-17 23:00:00+00:00";"2004-03-04 23:00:00+00:00";"39";"88";"44";"2021";"NON";"NON";"88094";"";"";"";"2021-10-06";"55409";""
"88095";"3432";"PLU";"CC";"2008-09-17 22:00:00+00:00";"2002-05-21 22:00:00+00:00";"33";"88";"44";"2021";"NON";"NON";"200068559";"";"";"";"2021-10-06";"55408";""
"88096";"3332";"PLUi/PLUiS";"CC";"2019-05-27 22:00:00+00:00";"2013-12-09 23:00:00+00:00";"33";"88";"44";"2021";"OUI";"NON";"200068773";"";"";"";"2021-10-06";"127189";""
"88098";"3199";"PLU";"COM";"2013-06-12 22:00:00+00:00";"2009-04-13 22:00:00+00:00";"39";"88";"44";"2021";"NON";"NON";"88098";"";"";"";"2021-10-06";"64272";""
"88099";"3199";"PLU";"COM";"2014-03-18 23:00:00+00:00";"2009-12-08 23:00:00+00:00";"39";"88";"44";"2021";"NON";"NON";"88099";"";"";"";"2021-10-06";"38949";""
"88101";"3199";"PLU";"COM";"2016-09-04 22:00:00+00:00";"2013-02-10 23:00:00+00:00";"39";"88";"44";"2021";"NON";"NON";"88101";"";"";"";"2021-10-06";"121006";""
"88104";"3432";"PLU";"CC";"2007-12-09 23:00:00+00:00";"2005-05-10 22:00:00+00:00";"33";"88";"44";"2021";"NON";"NON";"200068559";"";"";"";"2021-10-06";"55410";""
"88105";"3332";"PLUi/PLUiS";"CC";"2019-05-27 22:00:00+00:00";"2013-12-09 23:00:00+00:00";"33";"88";"44";"2021";"OUI";"NON";"200068773";"";"";"";"2021-10-06";"127189";""
"88106";"3432";"PLU";"CA";"2004-11-01 23:00:00+00:00";"2002-04-28 22:00:00+00:00";"33";"88";"44";"2021";"NON";"NON";"200071066";"";"";"";"2021-10-06";"55411";""
"88108";"3199";"PLU";"COM";"2014-03-10 23:00:00+00:00";"2010-11-17 23:00:00+00:00";"39";"88";"44";"2021";"NON";"NON";"88108";"";"";"";"2021-10-06";"43581";""
"88109";"3199";"PLU";"COM";"2006-09-10 22:00:00+00:00";"2003-03-27 23:00:00+00:00";"39";"88";"44";"2021";"NON";"NON";"88109";"";"";"";"2021-10-06";"11619";""
"88111";"3432";"PLU";"CA";"2018-05-01 22:00:00+00:00";"2012-09-18 22:00:00+00:00";"33";"88";"44";"2021";"NON";"NON";"200071066";"";"";"";"2021-10-06";"113379";""
"88113";"3432";"PLU";"CA";"2003-06-26 22:00:00+00:00";"1999-11-25 23:00:00+00:00";"33";"88";"44";"2021";"NON";"NON";"200071066";"";"";"";"2021-10-06";"55413";""
"88114";"3199";"PLU";"COM";"2012-01-23 23:00:00+00:00";"2009-06-24 22:00:00+00:00";"39";"88";"44";"2021";"NON";"NON";"88114";"";"";"";"2021-10-06";"63535";""
"88115";"3432";"PLU";"CA";"2008-07-02 22:00:00+00:00";"2000-10-26 22:00:00+00:00";"33";"88";"44";"2021";"NON";"NON";"200071066";"";"";"";"2021-10-06";"55414";""
"88116";"3199";"PLU";"COM";"2012-10-11 22:00:00+00:00";"2006-04-25 22:00:00+00:00";"39";"88";"44";"2021";"NON";"NON";"88116";"";"";"";"2021-10-06";"17618";""
"88118";"1432";"CC";"CC";"2003-10-27 23:00:00+00:00";"2001-06-19 22:00:00+00:00";"13";"88";"44";"2021";"NON";"NON";"200068559";"";"";"";"2021-10-06";"65003";""
"88120";"3432";"PLU";"CA";"2016-10-11 22:00:00+00:00";"2011-11-17 23:00:00+00:00";"33";"88";"44";"2021";"NON";"NON";"200071066";"";"";"";"2021-10-06";"96366";""
"88122";"1199";"CC";"COM";"2013-07-18 22:00:00+00:00";"2010-01-28 23:00:00+00:00";"19";"88";"44";"2021";"NON";"NON";"88122";"";"";"";"2021-10-06";"42139";""
"88123";"3432";"PLU";"CC";"2007-10-11 22:00:00+00:00";"2004-12-08 23:00:00+00:00";"33";"88";"44";"2021";"NON";"NON";"200068773";"";"";"";"2021-10-06";"55416";""
"88125";"1432";"CC";"CC";"2006-04-05 22:00:00+00:00";"2004-06-13 22:00:00+00:00";"13";"88";"44";"2021";"NON";"NON";"200068559";"";"";"";"2021-10-06";"9234";""
"88126";"3199";"PLU";"COM";"2015-03-04 23:00:00+00:00";"2012-01-09 23:00:00+00:00";"39";"88";"44";"2021";"NON";"NON";"88126";"";"";"";"2021-10-06";"104138";""
"88130";"1199";"CC";"COM";"2003-10-07 22:00:00+00:00";"2001-06-07 22:00:00+00:00";"19";"88";"44";"2021";"NON";"NON";"88130";"";"";"";"2021-10-06";"68711";""
"88132";"3199";"PLU";"COM";"2009-10-01 22:00:00+00:00";"2007-09-20 22:00:00+00:00";"39";"88";"44";"2021";"NON";"NON";"88132";"";"";"";"2021-10-06";"31009";""
"88133";"3131";"PLU";"COM";"2008-01-02 23:00:00+00:00";"2006-01-30 23:00:00+00:00";"33";"88";"44";"2021";"NON";"NON";"88133";"";"";"";"2021-10-06";"15914";""
"88134";"3199";"PLU";"COM";"2013-04-14 22:00:00+00:00";"2009-02-22 23:00:00+00:00";"39";"88";"44";"2021";"NON";"NON";"88134";"";"";"";"2021-10-06";"64697";""
"88135";"3199";"PLU";"COM";"2010-01-31 23:00:00+00:00";"2005-10-11 22:00:00+00:00";"39";"88";"44";"2021";"NON";"NON";"88135";"";"";"";"2021-10-06";"36902";""
"88136";"3199";"PLU";"COM";"2012-10-10 22:00:00+00:00";"2008-10-07 22:00:00+00:00";"39";"88";"44";"2021";"NON";"NON";"88136";"";"";"";"2021-10-06";"64698";""
"88137";"1432";"CC";"CC";"2004-06-09 22:00:00+00:00";"2001-06-06 22:00:00+00:00";"13";"88";"44";"2021";"NON";"NON";"200068559";"";"";"";"2021-10-06";"70149";""
"88140";"3332";"PLUi/PLUiS";"CC";"2019-05-27 22:00:00+00:00";"2013-12-09 23:00:00+00:00";"33";"88";"44";"2021";"OUI";"NON";"200068773";"";"";"";"2021-10-06";"127189";""
"88141";"1199";"CC";"COM";"2010-06-22 22:00:00+00:00";"2007-06-07 22:00:00+00:00";"19";"88";"44";"2021";"NON";"NON";"88141";"";"";"";"2021-10-06";"29696";""
"88142";"3199";"PLU";"COM";"2014-01-22 23:00:00+00:00";"2008-11-30 23:00:00+00:00";"39";"88";"44";"2021";"NON";"NON";"88142";"";"";"";"2021-10-06";"39550";""
"88143";"3199";"PLU";"COM";"2016-04-14 22:00:00+00:00";"2014-10-15 22:00:00+00:00";"39";"88";"44";"2021";"NON";"NON";"88143";"";"";"";"2021-10-06";"112307";""
"88144";"1199";"CC";"COM";"2009-12-29 23:00:00+00:00";"2008-07-24 22:00:00+00:00";"19";"88";"44";"2021";"NON";"NON";"88144";"";"";"";"2021-10-06";"39324";""
"88145";"1199";"CC";"COM";"2005-01-30 23:00:00+00:00";"2003-03-30 22:00:00+00:00";"19";"88";"44";"2021";"NON";"NON";"88145";"";"";"";"2021-10-06";"70150";""
"88147";"1111";"CC";"COM";"2004-04-21 22:00:00+00:00";"2001-06-06 22:00:00+00:00";"11";"88";"44";"2021";"NON";"NON";"88147";"";"";"";"2021-10-06";"70151";""
"88148";"3199";"PLU";"COM";"2012-12-19 23:00:00+00:00";"2009-10-14 22:00:00+00:00";"39";"88";"44";"2021";"NON";"NON";"88148";"";"";"";"2021-10-06";"39578";""
"88150";"1432";"CC";"CC";"2006-09-05 22:00:00+00:00";"2004-09-16 22:00:00+00:00";"13";"88";"44";"2021";"NON";"NON";"200068559";"";"";"";"2021-10-06";"4089";""
"88151";"3131";"PLU";"COM";"2007-12-19 23:00:00+00:00";"2005-12-14 23:00:00+00:00";"33";"88";"44";"2021";"NON";"NON";"88151";"";"";"";"2021-10-06";"11625";""
"88152";"1199";"CC";"COM";"2004-11-23 23:00:00+00:00";"2001-11-25 23:00:00+00:00";"19";"88";"44";"2021";"NON";"NON";"88152";"";"";"";"2021-10-06";"68712";""
"88153";"1199";"CC";"COM";"2007-02-25 23:00:00+00:00";"2003-06-25 22:00:00+00:00";"19";"88";"44";"2021";"NON";"NON";"88153";"";"";"";"2021-10-06";"14335";""
"88155";"3199";"PLU";"COM";"2013-12-15 23:00:00+00:00";"2013-01-20 23:00:00+00:00";"39";"88";"44";"2021";"NON";"NON";"88155";"";"";"";"2021-10-06";"120213";""
"88157";"3199";"PLU";"COM";"2013-03-25 23:00:00+00:00";"2009-04-21 22:00:00+00:00";"39";"88";"44";"2021";"NON";"NON";"88157";"";"";"";"2021-10-06";"64699";""
"88158";"3131";"PLU";"COM";"2013-12-16 23:00:00+00:00";"2010-02-23 23:00:00+00:00";"33";"88";"44";"2021";"NON";"NON";"88158";"";"";"";"2021-10-06";"41021";""
"88159";"1432";"CC";"CA";"2015-08-18 22:00:00+00:00";"2012-04-15 22:00:00+00:00";"13";"88";"44";"2021";"NON";"NON";"200071066";"";"";"";"2021-10-06";"105983";""
"88160";"3131";"PLU";"COM";"2006-02-01 23:00:00+00:00";"2001-11-14 23:00:00+00:00";"33";"88";"44";"2021";"NON";"NON";"88160";"";"";"";"2021-10-06";"1186";""
"88161";"1432";"CC";"CC";"2012-12-11 23:00:00+00:00";"2010-03-25 23:00:00+00:00";"13";"88";"44";"2021";"NON";"NON";"200068773";"";"";"";"2021-10-06";"41301";""
"88163";"3199";"PLU";"COM";"2006-01-26 23:00:00+00:00";"2002-09-05 22:00:00+00:00";"39";"88";"44";"2021";"NON";"NON";"88163";"";"";"";"2021-10-06";"9562";""
"88165";"3432";"PLU";"CA";"2005-03-21 23:00:00+00:00";"2002-01-30 23:00:00+00:00";"33";"88";"44";"2021";"NON";"NON";"200071066";"";"";"";"2021-10-06";"55417";""
"88166";"1199";"CC";"COM";"2007-07-24 22:00:00+00:00";"2005-08-09 22:00:00+00:00";"19";"88";"44";"2021";"NON";"NON";"88166";"";"";"";"2021-10-06";"68713";""
"88167";"1199";"CC";"COM";"2010-11-15 23:00:00+00:00";"2008-10-16 22:00:00+00:00";"19";"88";"44";"2021";"NON";"NON";"88167";"";"";"";"2021-10-06";"42140";""
"88169";"1199";"CC";"COM";"2005-05-16 22:00:00+00:00";"2002-05-22 22:00:00+00:00";"19";"88";"44";"2021";"NON";"NON";"88169";"";"";"";"2021-10-06";"70152";""
"88170";"3199";"PLU";"COM";"2015-04-08 22:00:00+00:00";"2008-04-08 22:00:00+00:00";"39";"88";"44";"2021";"NON";"NON";"88170";"";"";"";"2021-10-06";"63536";""
"88171";"3332";"PLUi/PLUiS";"CC";"2019-05-27 22:00:00+00:00";"2013-12-09 23:00:00+00:00";"33";"88";"44";"2021";"OUI";"NON";"200068773";"";"";"";"2021-10-06";"127189";""
"88173";"3199";"PLU";"COM";"2011-04-27 22:00:00+00:00";"2008-06-09 22:00:00+00:00";"39";"88";"44";"2021";"NON";"NON";"88173";"";"";"";"2021-10-06";"29124";""
"88174";"1199";"CC";"COM";"2005-08-16 22:00:00+00:00";"2004-03-29 22:00:00+00:00";"19";"88";"44";"2021";"NON";"NON";"88174";"";"";"";"2021-10-06";"68714";""
"88175";"3199";"PLU";"COM";"2013-04-24 22:00:00+00:00";"2008-04-10 22:00:00+00:00";"39";"88";"44";"2021";"NON";"NON";"88175";"";"";"";"2021-10-06";"63537";""
"88177";"3199";"PLU";"COM";"2007-06-27 22:00:00+00:00";"2003-02-27 23:00:00+00:00";"39";"88";"44";"2021";"NON";"NON";"88177";"";"";"";"2021-10-06";"24775";""
"88178";"3199";"PLU";"COM";"2014-12-01 23:00:00+00:00";"2009-01-14 23:00:00+00:00";"39";"88";"44";"2021";"NON";"NON";"88178";"";"";"";"2021-10-06";"63538";""
"88179";"1432";"CC";"CC";"2012-06-10 22:00:00+00:00";"2010-12-14 23:00:00+00:00";"13";"88";"44";"2021";"NON";"NON";"200068773";"";"";"";"2021-10-06";"102975";""
"88181";"3432";"PLU";"CA";"2007-12-20 23:00:00+00:00";"2005-02-17 23:00:00+00:00";"33";"88";"44";"2021";"NON";"NON";"200071066";"";"";"";"2021-10-06";"14963";""
"88183";"1432";"CC";"CC";"2004-05-13 22:00:00+00:00";"2001-11-08 23:00:00+00:00";"13";"88";"44";"2021";"NON";"NON";"200068559";"";"";"";"2021-10-06";"68715";""
"88184";"1199";"CC";"COM";"2011-01-11 23:00:00+00:00";"2007-02-04 23:00:00+00:00";"19";"88";"44";"2021";"NON";"NON";"88184";"";"";"";"2021-10-06";"34312";""
"88188";"3199";"PLU";"COM";"2017-02-01 23:00:00+00:00";"2010-04-21 22:00:00+00:00";"39";"88";"44";"2021";"NON";"NON";"88188";"";"";"";"2021-10-06";"41330";""
"88189";"1432";"CC";"CC";"2008-07-14 22:00:00+00:00";"2007-09-10 22:00:00+00:00";"13";"88";"44";"2021";"NON";"NON";"200068559";"";"";"";"2021-10-06";"65324";""
"88190";"3199";"PLU";"COM";"2013-12-12 23:00:00+00:00";"2010-08-30 22:00:00+00:00";"39";"88";"44";"2021";"NON";"NON";"88190";"";"";"";"2021-10-06";"42538";""
"88196";"3199";"PLU";"COM";"2015-06-17 22:00:00+00:00";"2007-01-17 23:00:00+00:00";"39";"88";"44";"2021";"NON";"NON";"88196";"";"";"";"2021-10-06";"64700";""
"88197";"3199";"PLU";"COM";"2003-10-09 22:00:00+00:00";"2000-09-14 22:00:00+00:00";"39";"88";"44";"2021";"NON";"NON";"88197";"";"";"";"2021-10-06";"55419";""
"88198";"3432";"PLU";"CA";"2003-01-30 23:00:00+00:00";"1998-05-28 22:00:00+00:00";"33";"88";"44";"2021";"NON";"NON";"200071066";"";"";"";"2021-10-06";"55420";""
"88199";"3332";"PLUi/PLUiS";"CC";"2019-05-27 22:00:00+00:00";"2013-12-09 23:00:00+00:00";"33";"88";"44";"2021";"OUI";"NON";"200068773";"";"";"";"2021-10-06";"127189";""
"88201";"3199";"PLU";"COM";"2006-07-09 22:00:00+00:00";"1997-10-30 23:00:00+00:00";"39";"88";"44";"2021";"NON";"NON";"88201";"";"";"";"2021-10-06";"18615";""
"88205";"1199";"CC";"COM";"2006-12-06 23:00:00+00:00";"2001-11-12 23:00:00+00:00";"19";"88";"44";"2021";"NON";"NON";"88205";"";"";"";"2021-10-06";"14337";""
"88208";"3332";"PLUi/PLUiS";"CC";"2019-05-27 22:00:00+00:00";"2013-12-09 23:00:00+00:00";"33";"88";"44";"2021";"OUI";"NON";"200068773";"";"";"";"2021-10-06";"127189";""
"88209";"3199";"PLU";"COM";"2020-06-17 22:00:00+00:00";"2012-05-24 22:00:00+00:00";"39";"88";"44";"2021";"NON";"NON";"88209";"";"";"";"2021-10-06";"112441";""
"88210";"1111";"CC";"COM";"2005-02-14 23:00:00+00:00";"2001-09-13 22:00:00+00:00";"11";"88";"44";"2021";"NON";"NON";"88210";"";"";"";"2021-10-06";"68716";""
"88212";"1432";"CC";"CC";"2011-07-11 22:00:00+00:00";"2008-06-10 22:00:00+00:00";"13";"88";"44";"2021";"NON";"NON";"200068559";"";"";"";"2021-10-06";"35605";""
"88213";"3432";"PLU";"CA";"2006-03-16 23:00:00+00:00";"1999-09-30 22:00:00+00:00";"33";"88";"44";"2021";"NON";"NON";"200071066";"";"";"";"2021-10-06";"17392";""
"88215";"1432";"CC";"CA";"2009-05-17 22:00:00+00:00";"2007-06-14 22:00:00+00:00";"13";"88";"44";"2021";"NON";"NON";"200071066";"";"";"";"2021-10-06";"29608";""
"88218";"3199";"PLU";"COM";"2006-04-12 22:00:00+00:00";"2002-05-23 22:00:00+00:00";"39";"88";"44";"2021";"NON";"NON";"88218";"";"";"";"2021-10-06";"9876";""
"88219";"1432";"CC";"CC";"2009-02-08 23:00:00+00:00";"2005-04-21 22:00:00+00:00";"13";"88";"44";"2021";"NON";"NON";"200068559";"";"";"";"2021-10-06";"35578";""
"88220";"3332";"PLUi/PLUiS";"CC";"2019-05-27 22:00:00+00:00";"2013-12-09 23:00:00+00:00";"33";"88";"44";"2021";"OUI";"NON";"200068773";"";"";"";"2021-10-06";"127189";""
"88221";"3199";"PLU";"COM";"2009-10-22 22:00:00+00:00";"2005-12-08 23:00:00+00:00";"39";"88";"44";"2021";"NON";"NON";"88221";"";"";"";"2021-10-06";"10560";""
"88225";"3199";"PLU";"COM";"2015-09-02 22:00:00+00:00";"2010-05-30 22:00:00+00:00";"39";"88";"44";"2021";"NON";"NON";"88225";"";"";"";"2021-10-06";"41963";""
"88226";"1199";"CC";"COM";"2007-01-25 23:00:00+00:00";"2005-02-28 23:00:00+00:00";"19";"88";"44";"2021";"NON";"NON";"88226";"";"";"";"2021-10-06";"26062";""
"88227";"1199";"CC";"COM";"2010-08-29 22:00:00+00:00";"2008-05-14 22:00:00+00:00";"19";"88";"44";"2021";"NON";"NON";"88227";"";"";"";"2021-10-06";"40855";""
"88231";"3199";"PLU";"COM";"2004-04-08 22:00:00+00:00";"2001-12-09 23:00:00+00:00";"39";"88";"44";"2021";"NON";"NON";"88231";"";"";"";"2021-10-06";"55425";""
"88237";"1111";"CC";"COM";"2012-08-15 22:00:00+00:00";"2010-06-14 22:00:00+00:00";"11";"88";"44";"2021";"NON";"NON";"88237";"";"";"";"2021-10-06";"82270";""
"88238";"1432";"CC";"CC";"2013-10-09 22:00:00+00:00";"2011-03-31 22:00:00+00:00";"13";"88";"44";"2021";"NON";"NON";"200068773";"";"";"";"2021-10-06";"71030";""
"88239";"1111";"CC";"COM";"2006-11-15 23:00:00+00:00";"2002-02-14 23:00:00+00:00";"11";"88";"44";"2021";"NON";"NON";"88239";"";"";"";"2021-10-06";"14341";""
"88240";"3199";"PLU";"COM";"2004-04-08 22:00:00+00:00";"2001-05-10 22:00:00+00:00";"39";"88";"44";"2021";"NON";"NON";"88240";"";"";"";"2021-10-06";"55426";""
"88243";"1199";"CC";"COM";"2007-05-03 22:00:00+00:00";"2004-02-16 23:00:00+00:00";"19";"88";"44";"2021";"NON";"NON";"88243";"";"";"";"2021-10-06";"27574";""
"88244";"3432";"PLU";"CA";"2010-02-10 23:00:00+00:00";"2002-05-23 22:00:00+00:00";"33";"88";"44";"2021";"NON";"NON";"200071066";"";"";"";"2021-10-06";"40658";""
"88246";"3199";"PLU";"COM";"2008-11-11 23:00:00+00:00";"1998-06-18 22:00:00+00:00";"39";"88";"44";"2021";"NON";"NON";"88246";"";"";"";"2021-10-06";"55427";""
"88248";"1432";"CC";"CC";"2005-08-07 22:00:00+00:00";"2001-04-23 22:00:00+00:00";"13";"88";"44";"2021";"NON";"NON";"200068773";"";"";"";"2021-10-06";"70153";""
"88250";"1199";"CC";"COM";"2008-12-22 23:00:00+00:00";"2005-03-22 23:00:00+00:00";"19";"88";"44";"2021";"NON";"NON";"88250";"";"";"";"2021-10-06";"70154";""
"88251";"3199";"PLU";"COM";"2004-11-17 23:00:00+00:00";"2002-06-10 22:00:00+00:00";"39";"88";"44";"2021";"NON";"NON";"88251";"";"";"";"2021-10-06";"55428";""
"88253";"3199";"PLU";"COM";"2013-05-16 22:00:00+00:00";"2009-03-24 23:00:00+00:00";"39";"88";"44";"2021";"NON";"NON";"88253";"";"";"";"2021-10-06";"63539";""
"88256";"3199";"PLU";"COM";"2007-05-10 22:00:00+00:00";"1996-12-05 23:00:00+00:00";"39";"88";"44";"2021";"NON";"NON";"88256";"";"";"";"2021-10-06";"31550";""
"88257";"3199";"PLU";"COM";"2013-12-16 23:00:00+00:00";"2013-01-14 23:00:00+00:00";"39";"88";"44";"2021";"NON";"NON";"88257";"";"";"";"2021-10-06";"120214";""
"88258";"3432";"PLU";"CC";"2009-10-29 23:00:00+00:00";"2006-12-19 23:00:00+00:00";"33";"88";"44";"2021";"NON";"NON";"200068773";"";"";"";"2021-10-06";"24309";""
"88261";"3199";"PLU";"COM";"2015-01-29 23:00:00+00:00";"2010-12-06 23:00:00+00:00";"39";"88";"44";"2021";"NON";"NON";"88261";"";"";"";"2021-10-06";"46072";""
"88262";"1199";"CC";"COM";"2004-11-23 23:00:00+00:00";"2001-10-17 22:00:00+00:00";"19";"88";"44";"2021";"NON";"NON";"88262";"";"";"";"2021-10-06";"70155";""
"88266";"1199";"CC";"COM";"2008-07-17 22:00:00+00:00";"2006-03-08 23:00:00+00:00";"19";"88";"44";"2021";"NON";"NON";"88266";"";"";"";"2021-10-06";"68717";""
"88267";"1432";"CC";"CC";"2012-01-25 23:00:00+00:00";"2010-04-12 22:00:00+00:00";"13";"88";"44";"2021";"NON";"NON";"200068773";"";"";"";"2021-10-06";"41326";""
"88269";"1199";"CC";"COM";"2003-10-23 22:00:00+00:00";"2001-09-13 22:00:00+00:00";"19";"88";"44";"2021";"NON";"NON";"88269";"";"";"";"2021-10-06";"68718";""
"88271";"3332";"PLUi/PLUiS";"CC";"2019-05-27 22:00:00+00:00";"2013-12-09 23:00:00+00:00";"33";"88";"44";"2021";"OUI";"NON";"200068773";"";"";"";"2021-10-06";"127189";""
"88272";"3332";"PLUi/PLUiS";"CC";"2019-05-27 22:00:00+00:00";"2013-12-09 23:00:00+00:00";"33";"88";"44";"2021";"OUI";"NON";"200068773";"";"";"";"2021-10-06";"127189";""
"88273";"3199";"PLU";"COM";"2013-06-12 22:00:00+00:00";"2008-11-26 23:00:00+00:00";"39";"88";"44";"2021";"NON";"NON";"88273";"";"";"";"2021-10-06";"63540";""
"88274";"1432";"CC";"CC";"2006-11-09 23:00:00+00:00";"2003-09-01 22:00:00+00:00";"13";"88";"44";"2021";"NON";"NON";"200068559";"";"";"";"2021-10-06";"24263";""
"88276";"3432";"PLU";"CA";"2010-06-30 22:00:00+00:00";"2003-09-19 22:00:00+00:00";"33";"88";"44";"2021";"NON";"NON";"200071066";"";"";"";"2021-10-06";"38162";""
"88277";"1432";"CC";"CA";"2008-08-28 22:00:00+00:00";"2005-10-30 23:00:00+00:00";"13";"88";"44";"2021";"NON";"NON";"200071066";"";"";"";"2021-10-06";"12399";""
"88280";"1199";"CC";"COM";"2006-12-18 23:00:00+00:00";"2004-09-03 22:00:00+00:00";"19";"88";"44";"2021";"NON";"NON";"88280";"";"";"";"2021-10-06";"14723";""
"88281";"3199";"PLU";"COM";"2003-03-24 23:00:00+00:00";"1998-05-25 22:00:00+00:00";"39";"88";"44";"2021";"NON";"NON";"88281";"";"";"";"2021-10-06";"55429";""
"88284";"3432";"PLU";"CA";"2010-09-23 22:00:00+00:00";"2006-11-02 23:00:00+00:00";"33";"88";"44";"2021";"NON";"NON";"200071066";"";"";"";"2021-10-06";"22489";""
"88285";"3199";"PLU";"COM";"2010-12-02 23:00:00+00:00";"2008-05-08 22:00:00+00:00";"39";"88";"44";"2021";"NON";"NON";"88285";"";"";"";"2021-10-06";"41043";""
"88289";"3432";"PLU";"CC";"2004-12-15 23:00:00+00:00";"2002-01-31 23:00:00+00:00";"33";"88";"44";"2021";"NON";"NON";"200068773";"";"";"";"2021-10-06";"55433";""
"88291";"3332";"PLUi/PLUiS";"CC";"2019-05-27 22:00:00+00:00";"2013-12-09 23:00:00+00:00";"33";"88";"44";"2021";"OUI";"NON";"200068773";"";"";"";"2021-10-06";"127189";""
"88292";"3199";"PLU";"COM";"2011-10-10 22:00:00+00:00";"2003-03-27 23:00:00+00:00";"39";"88";"44";"2021";"NON";"NON";"88292";"";"";"";"2021-10-06";"40609";""
"88293";"1432";"CC";"CC";"2008-03-30 22:00:00+00:00";"2005-10-20 22:00:00+00:00";"13";"88";"44";"2021";"NON";"NON";"200068559";"";"";"";"2021-10-06";"70156";""
"88294";"3199";"PLU";"COM";"2013-12-11 23:00:00+00:00";"2009-01-15 23:00:00+00:00";"39";"88";"44";"2021";"NON";"NON";"88294";"";"";"";"2021-10-06";"63542";""
"88295";"1199";"CC";"COM";"2010-05-06 22:00:00+00:00";"2009-08-23 22:00:00+00:00";"19";"88";"44";"2021";"NON";"NON";"88295";"";"";"";"2021-10-06";"40883";""
"88297";"1199";"CC";"COM";"2004-06-06 22:00:00+00:00";"2001-09-27 22:00:00+00:00";"19";"88";"44";"2021";"NON";"NON";"88297";"";"";"";"2021-10-06";"68721";""
"88304";"3199";"PLU";"COM";"2013-01-13 23:00:00+00:00";"2008-09-21 22:00:00+00:00";"39";"88";"44";"2021";"NON";"NON";"88304";"";"";"";"2021-10-06";"36110";""
"88305";"1432";"CC";"CC";"2004-11-09 23:00:00+00:00";"2002-07-10 22:00:00+00:00";"13";"88";"44";"2021";"NON";"NON";"200068559";"";"";"";"2021-10-06";"70157";""
"88308";"1432";"CC";"CC";"2006-09-18 22:00:00+00:00";"2001-07-05 22:00:00+00:00";"13";"88";"44";"2021";"NON";"NON";"200068559";"";"";"";"2021-10-06";"14343";""
"88309";"1199";"CC";"COM";"2006-11-21 23:00:00+00:00";"2005-02-15 23:00:00+00:00";"19";"88";"44";"2021";"NON";"NON";"88309";"";"";"";"2021-10-06";"23041";""
"88310";"3332";"PLUi/PLUiS";"CC";"2019-05-27 22:00:00+00:00";"2013-12-09 23:00:00+00:00";"33";"88";"44";"2021";"OUI";"NON";"200068773";"";"";"";"2021-10-06";"127189";""
"88312";"1432";"CC";"CC";"2003-08-17 22:00:00+00:00";"2001-06-26 22:00:00+00:00";"13";"88";"44";"2021";"NON";"NON";"200068559";"";"";"";"2021-10-06";"68724";""
"88313";"1111";"CC";"COM";"2005-08-11 22:00:00+00:00";"2004-07-06 22:00:00+00:00";"11";"88";"44";"2021";"NON";"NON";"88313";"";"";"";"2021-10-06";"8349";""
"88315";"1432";"CC";"CA";"2007-02-13 23:00:00+00:00";"2001-09-13 22:00:00+00:00";"13";"88";"44";"2021";"NON";"NON";"200071066";"";"";"";"2021-10-06";"14344";""
"88319";"3432";"PLU";"CA";"2008-11-27 23:00:00+00:00";"2005-10-03 22:00:00+00:00";"33";"88";"44";"2021";"NON";"NON";"200071066";"";"";"";"2021-10-06";"35606";""
"88321";"3432";"PLU";"CC";"2008-09-14 22:00:00+00:00";"2005-05-30 22:00:00+00:00";"33";"88";"44";"2021";"NON";"NON";"200068559";"";"";"";"2021-10-06";"57086";""
"88322";"1199";"CC";"COM";"2006-05-16 22:00:00+00:00";"2004-03-17 23:00:00+00:00";"19";"88";"44";"2021";"NON";"NON";"88322";"";"";"";"2021-10-06";"7921";""
"88324";"1432";"CC";"CC";"2004-10-04 22:00:00+00:00";"2001-05-27 22:00:00+00:00";"13";"88";"44";"2021";"NON";"NON";"200068559";"";"";"";"2021-10-06";"70158";""
"88325";"1199";"CC";"COM";"2016-07-06 22:00:00+00:00";"2015-07-14 22:00:00+00:00";"19";"88";"44";"2021";"NON";"NON";"88325";"";"";"";"2021-10-06";"147237";""
"88326";"1432";"CC";"CA";"2011-03-02 23:00:00+00:00";"2009-10-22 22:00:00+00:00";"13";"88";"44";"2021";"NON";"NON";"200071066";"";"";"";"2021-10-06";"43205";""
"88327";"3199";"PLU";"COM";"2013-11-19 23:00:00+00:00";"2010-04-08 22:00:00+00:00";"39";"88";"44";"2021";"NON";"NON";"88327";"";"";"";"2021-10-06";"41331";""
"88328";"3432";"PLU";"CA";"2014-01-20 23:00:00+00:00";"2008-06-25 22:00:00+00:00";"33";"88";"44";"2021";"NON";"NON";"200071066";"";"";"";"2021-10-06";"63541";""
"88330";"3332";"PLUi/PLUiS";"CC";"2019-05-27 22:00:00+00:00";"2013-12-09 23:00:00+00:00";"33";"88";"44";"2021";"OUI";"NON";"200068773";"";"";"";"2021-10-06";"127189";""
"88332";"3199";"PLU";"COM";"2003-12-25 23:00:00+00:00";"1998-10-22 22:00:00+00:00";"39";"88";"44";"2021";"NON";"NON";"88332";"";"";"";"2021-10-06";"57087";""
"88334";"1199";"CC";"COM";"2012-07-11 22:00:00+00:00";"2009-10-01 22:00:00+00:00";"19";"88";"44";"2021";"NON";"NON";"88334";"";"";"";"2021-10-06";"39539";""
"88338";"1199";"CC";"COM";"2012-11-20 23:00:00+00:00";"2008-10-13 22:00:00+00:00";"19";"88";"44";"2021";"NON";"NON";"88338";"";"";"";"2021-10-06";"66542";""
"88340";"3199";"PLU";"COM";"2014-03-17 23:00:00+00:00";"2010-11-15 23:00:00+00:00";"39";"88";"44";"2021";"NON";"NON";"88340";"";"";"";"2021-10-06";"44322";""
"88341";"1432";"CC";"CA";"2003-11-20 23:00:00+00:00";"2001-09-27 22:00:00+00:00";"13";"88";"44";"2021";"NON";"NON";"200071066";"";"";"";"2021-10-06";"68726";""
"88343";"1199";"CC";"COM";"2004-06-06 22:00:00+00:00";"2003-03-12 23:00:00+00:00";"19";"88";"44";"2021";"NON";"NON";"88343";"";"";"";"2021-10-06";"70161";""
"88344";"1432";"CC";"CC";"2009-02-23 23:00:00+00:00";"2006-09-18 22:00:00+00:00";"13";"88";"44";"2021";"NON";"NON";"200068559";"";"";"";"2021-10-06";"21521";""
"88346";"3432";"PLU";"CA";"2015-04-16 22:00:00+00:00";"2010-07-08 22:00:00+00:00";"33";"88";"44";"2021";"NON";"NON";"200071066";"";"";"";"2021-10-06";"41979";""
"88349";"3432";"PLU";"CA";"2010-11-05 23:00:00+00:00";"2006-06-23 22:00:00+00:00";"33";"88";"44";"2021";"NON";"NON";"200071066";"";"";"";"2021-10-06";"18542";""
"88351";"3199";"PLU";"COM";"2009-10-28 23:00:00+00:00";"2004-04-25 22:00:00+00:00";"39";"88";"44";"2021";"NON";"NON";"88351";"";"";"";"2021-10-06";"55436";""
"88352";"1432";"CC";"CC";"2005-11-24 23:00:00+00:00";"2001-07-22 22:00:00+00:00";"13";"88";"44";"2021";"NON";"NON";"200068559";"";"";"";"2021-10-06";"9786";""
"88356";"3432";"PLU";"CA";"2008-05-22 22:00:00+00:00";"2005-03-25 23:00:00+00:00";"33";"88";"44";"2021";"NON";"NON";"200071066";"";"";"";"2021-10-06";"24772";""
"88357";"3199";"PLU";"COM";"2013-07-22 22:00:00+00:00";"2009-03-01 23:00:00+00:00";"39";"88";"44";"2021";"NON";"NON";"88357";"";"";"";"2021-10-06";"115331";""
"88358";"3199";"PLU";"COM";"2014-03-17 23:00:00+00:00";"2010-07-14 22:00:00+00:00";"39";"88";"44";"2021";"NON";"NON";"88358";"";"";"";"2021-10-06";"41964";""
"88361";"3432";"PLU";"CA";"2015-03-09 23:00:00+00:00";"2010-06-17 22:00:00+00:00";"33";"88";"44";"2021";"NON";"NON";"200071066";"";"";"";"2021-10-06";"41858";""
"88363";"1432";"CC";"CC";"2009-03-12 23:00:00+00:00";"2005-07-07 22:00:00+00:00";"13";"88";"44";"2021";"NON";"NON";"200068559";"";"";"";"2021-10-06";"11328";""
"88364";"3199";"PLU";"COM";"2013-12-18 23:00:00+00:00";"2013-01-11 23:00:00+00:00";"39";"88";"44";"2021";"NON";"NON";"88364";"";"";"";"2021-10-06";"120212";""
"88365";"3199";"PLU";"COM";"2006-01-12 23:00:00+00:00";"2002-06-05 22:00:00+00:00";"39";"88";"44";"2021";"NON";"NON";"88365";"";"";"";"2021-10-06";"10833";""
"88368";"1199";"CC";"COM";"2012-07-31 22:00:00+00:00";"2009-05-27 22:00:00+00:00";"19";"88";"44";"2021";"NON";"NON";"88368";"";"";"";"2021-10-06";"38401";""
"88369";"3199";"PLU";"COM";"2020-03-12 23:00:00+00:00";"2015-11-26 23:00:00+00:00";"39";"88";"44";"2021";"NON";"NON";"88369";"";"";"";"2021-10-06";"147724";""
"88371";"3199";"PLU";"COM";"2012-12-12 23:00:00+00:00";"2008-10-21 22:00:00+00:00";"39";"88";"44";"2021";"NON";"NON";"88371";"";"";"";"2021-10-06";"62431";""
"88372";"3432";"PLU";"CA";"2012-12-11 23:00:00+00:00";"2003-02-13 23:00:00+00:00";"33";"88";"44";"2021";"NON";"NON";"200071066";"";"";"";"2021-10-06";"63545";""
"88373";"1432";"CC";"CA";"2012-03-04 23:00:00+00:00";"2009-07-02 22:00:00+00:00";"13";"88";"44";"2021";"NON";"NON";"200071066";"";"";"";"2021-10-06";"38635";""
"88376";"3432";"PLU";"CC";"2008-04-06 22:00:00+00:00";"2003-03-12 23:00:00+00:00";"33";"88";"44";"2021";"NON";"NON";"200068559";"";"";"";"2021-10-06";"33330";""
"88377";"3332";"PLUi/PLUiS";"CC";"2019-05-27 22:00:00+00:00";"2013-12-09 23:00:00+00:00";"33";"88";"44";"2021";"OUI";"NON";"200068773";"";"";"";"2021-10-06";"127189";""
"88378";"1199";"CC";"COM";"2012-07-10 22:00:00+00:00";"2011-02-02 23:00:00+00:00";"19";"88";"44";"2021";"NON";"NON";"88378";"";"";"";"2021-10-06";"46359";""
"88379";"3199";"PLU";"COM";"2005-03-31 22:00:00+00:00";"1999-02-11 23:00:00+00:00";"39";"88";"44";"2021";"NON";"NON";"88379";"";"";"";"2021-10-06";"55437";""
"88383";"3199";"PLU";"COM";"2009-10-01 22:00:00+00:00";"2004-04-29 22:00:00+00:00";"39";"88";"44";"2021";"NON";"NON";"88383";"";"";"";"2021-10-06";"55438";""
"88385";"3199";"PLU";"COM";"2007-11-15 23:00:00+00:00";"2004-10-26 22:00:00+00:00";"39";"88";"44";"2021";"NON";"NON";"88385";"";"";"";"2021-10-06";"33331";""
"88387";"1432";"CC";"CC";"2011-03-30 22:00:00+00:00";"2010-02-20 23:00:00+00:00";"13";"88";"44";"2021";"NON";"NON";"200068559";"";"";"";"2021-10-06";"43344";""
"88388";"1199";"CC";"COM";"2005-05-02 22:00:00+00:00";"2002-10-06 22:00:00+00:00";"19";"88";"44";"2021";"NON";"NON";"88388";"";"";"";"2021-10-06";"68738";""
"88391";"3199";"PLU";"COM";"2004-07-01 22:00:00+00:00";"1999-04-29 22:00:00+00:00";"39";"88";"44";"2021";"NON";"NON";"88391";"";"";"";"2021-10-06";"55441";""
"88393";"3432";"PLU";"CC";"2008-02-24 23:00:00+00:00";"2003-07-27 22:00:00+00:00";"33";"88";"44";"2021";"NON";"NON";"200068559";"";"";"";"2021-10-06";"33332";""
"88395";"1199";"CC";"COM";"2010-06-09 22:00:00+00:00";"2010-01-24 23:00:00+00:00";"19";"88";"44";"2021";"NON";"NON";"88395";"";"";"";"2021-10-06";"41716";""
"88398";"1432";"CC";"CA";"2015-04-21 22:00:00+00:00";"2010-12-02 23:00:00+00:00";"13";"88";"44";"2021";"NON";"NON";"200071066";"";"";"";"2021-10-06";"46019";""
"88403";"1199";"CC";"COM";"2008-12-09 23:00:00+00:00";"2002-03-08 23:00:00+00:00";"19";"88";"44";"2021";"NON";"NON";"88403";"";"";"";"2021-10-06";"14346";""
"88404";"1432";"CC";"CC";"2003-12-01 23:00:00+00:00";"2001-06-28 22:00:00+00:00";"13";"88";"44";"2021";"NON";"NON";"200068773";"";"";"";"2021-10-06";"70162";""
"88408";"3199";"PLU";"COM";"2017-03-05 23:00:00+00:00";"2009-05-17 22:00:00+00:00";"39";"88";"44";"2021";"NON";"NON";"88408";"";"";"";"2021-10-06";"38392";""
"88409";"3199";"PLU";"COM";"2015-03-22 23:00:00+00:00";"2009-07-01 22:00:00+00:00";"39";"88";"44";"2021";"NON";"NON";"88409";"";"";"";"2021-10-06";"64274";""
"88412";"3199";"PLU";"COM";"2006-11-01 23:00:00+00:00";"2003-11-05 23:00:00+00:00";"39";"88";"44";"2021";"NON";"NON";"88412";"";"";"";"2021-10-06";"12400";""
"88413";"3432";"PLU";"CA";"2005-12-15 23:00:00+00:00";"2002-09-19 22:00:00+00:00";"33";"88";"44";"2021";"NON";"NON";"200071066";"";"";"";"2021-10-06";"1191";""
"88415";"3199";"PLU";"COM";"2008-12-04 23:00:00+00:00";"2004-06-17 22:00:00+00:00";"39";"88";"44";"2021";"NON";"NON";"88415";"";"";"";"2021-10-06";"9563";""
"88417";"1199";"CC";"COM";"2010-05-19 22:00:00+00:00";"2009-11-08 23:00:00+00:00";"19";"88";"44";"2021";"NON";"NON";"88417";"";"";"";"2021-10-06";"22459";""
"88418";"1111";"CC";"COM";"2002-09-08 22:00:00+00:00";"2001-06-28 22:00:00+00:00";"11";"88";"44";"2021";"NON";"NON";"88418";"";"";"";"2021-10-06";"65552";""
"88421";"3332";"PLUi/PLUiS";"CC";"2019-05-27 22:00:00+00:00";"2013-12-09 23:00:00+00:00";"33";"88";"44";"2021";"OUI";"NON";"200068773";"";"";"";"2021-10-06";"127189";""
"88423";"3332";"PLUi/PLUiS";"CA";"2007-10-10 22:00:00+00:00";"2004-03-28 22:00:00+00:00";"33";"88";"44";"2021";"OUI";"NON";"200071066";"";"";"";"2021-10-06";"55399";""
"88424";"3432";"PLU";"CA";"2013-02-28 23:00:00+00:00";"2006-05-30 22:00:00+00:00";"33";"88";"44";"2021";"NON";"NON";"200071066";"";"";"";"2021-10-06";"18198";""
"88426";"3199";"PLU";"COM";"2018-06-17 22:00:00+00:00";"2010-11-24 23:00:00+00:00";"39";"88";"44";"2021";"NON";"NON";"88426";"";"";"";"2021-10-06";"44714";""
"88428";"3432";"PLU";"CA";"2017-12-04 23:00:00+00:00";"2008-07-07 22:00:00+00:00";"33";"88";"44";"2021";"NON";"NON";"200071066";"";"";"";"2021-10-06";"36136";""
"88429";"3131";"PLU";"COM";"2006-09-20 22:00:00+00:00";"2003-10-08 22:00:00+00:00";"33";"88";"44";"2021";"NON";"NON";"88429";"";"";"";"2021-10-06";"12278";""
"88430";"1199";"CC";"COM";"2008-11-11 23:00:00+00:00";"2007-02-14 23:00:00+00:00";"19";"88";"44";"2021";"NON";"NON";"88430";"";"";"";"2021-10-06";"26309";""
"88435";"1432";"CC";"CA";"2010-11-28 23:00:00+00:00";"2010-06-03 22:00:00+00:00";"13";"88";"44";"2021";"NON";"NON";"200071066";"";"";"";"2021-10-06";"41698";""
"88438";"1432";"CC";"CA";"2006-05-08 22:00:00+00:00";"2004-03-18 23:00:00+00:00";"13";"88";"44";"2021";"NON";"NON";"200071066";"";"";"";"2021-10-06";"14348";""
"88439";"3199";"PLU";"COM";"2010-03-30 22:00:00+00:00";"1997-02-02 23:00:00+00:00";"39";"88";"44";"2021";"NON";"NON";"88439";"";"";"";"2021-10-06";"33333";""
"88444";"1432";"CC";"CA";"2013-06-27 22:00:00+00:00";"2010-02-25 23:00:00+00:00";"13";"88";"44";"2021";"NON";"NON";"200071066";"";"";"";"2021-10-06";"113261";""
"88445";"3332";"PLUi/PLUiS";"CA";"2007-10-10 22:00:00+00:00";"2004-03-28 22:00:00+00:00";"33";"88";"44";"2021";"OUI";"NON";"200071066";"";"";"";"2021-10-06";"55399";""
"88446";"1111";"CC";"COM";"2008-02-10 23:00:00+00:00";"2001-09-12 22:00:00+00:00";"11";"88";"44";"2021";"NON";"NON";"88446";"";"";"";"2021-10-06";"70163";""
"88447";"3199";"PLU";"COM";"2007-09-18 22:00:00+00:00";"2002-11-13 23:00:00+00:00";"39";"88";"44";"2021";"NON";"NON";"88447";"";"";"";"2021-10-06";"12277";""
"88448";"1199";"CC";"COM";"2010-10-24 22:00:00+00:00";"2009-08-17 22:00:00+00:00";"19";"88";"44";"2021";"NON";"NON";"88448";"";"";"";"2021-10-06";"39232";""
"88449";"3199";"PLU";"COM";"2012-01-05 23:00:00+00:00";"2007-03-22 23:00:00+00:00";"39";"88";"44";"2021";"NON";"NON";"88449";"";"";"";"2021-10-06";"47222";""
"88451";"3432";"PLU";"CA";"2004-09-08 22:00:00+00:00";"2001-08-30 22:00:00+00:00";"33";"88";"44";"2021";"NON";"NON";"200071066";"";"";"";"2021-10-06";"57090";""
"88452";"1432";"CC";"CC";"2004-06-24 22:00:00+00:00";"2002-01-10 23:00:00+00:00";"13";"88";"44";"2021";"NON";"NON";"200068773";"";"";"";"2021-10-06";"70164";""
"88454";"1199";"CC";"COM";"2009-08-16 22:00:00+00:00";"2009-02-24 23:00:00+00:00";"19";"88";"44";"2021";"NON";"NON";"88454";"";"";"";"2021-10-06";"39195";""
"88458";"3199";"PLU";"COM";"2012-07-10 22:00:00+00:00";"2008-07-21 22:00:00+00:00";"39";"88";"44";"2021";"NON";"NON";"88458";"";"";"";"2021-10-06";"63546";""
"88461";"1199";"CC";"COM";"2011-09-19 22:00:00+00:00";"2010-06-17 22:00:00+00:00";"19";"88";"44";"2021";"NON";"NON";"88461";"";"";"";"2021-10-06";"43220";""
"88464";"3199";"PLU";"COM";"2013-11-14 23:00:00+00:00";"1996-08-01 22:00:00+00:00";"39";"88";"44";"2021";"NON";"NON";"88464";"";"";"";"2021-10-06";"49933";""
"88465";"3199";"PLU";"COM";"2017-02-14 23:00:00+00:00";"2012-06-20 22:00:00+00:00";"39";"88";"44";"2021";"NON";"NON";"88465";"";"";"";"2021-10-06";"109096";""
"88469";"1199";"CC";"COM";"2013-04-18 22:00:00+00:00";"2009-06-25 22:00:00+00:00";"19";"88";"44";"2021";"NON";"NON";"88469";"";"";"";"2021-10-06";"38578";""
"88470";"3199";"PLU";"COM";"2009-12-17 23:00:00+00:00";"2004-03-14 23:00:00+00:00";"39";"88";"44";"2021";"NON";"NON";"88470";"";"";"";"2021-10-06";"40829";""
"88471";"3332";"PLUi/PLUiS";"CC";"2019-05-27 22:00:00+00:00";"2013-12-09 23:00:00+00:00";"33";"88";"44";"2021";"OUI";"NON";"200068773";"";"";"";"2021-10-06";"127189";""
"88473";"3332";"PLUi/PLUiS";"CC";"2019-05-27 22:00:00+00:00";"2013-12-09 23:00:00+00:00";"33";"88";"44";"2021";"OUI";"NON";"200068773";"";"";"";"2021-10-06";"127189";""
"88479";"3199";"PLU";"COM";"2012-10-04 22:00:00+00:00";"2009-04-16 22:00:00+00:00";"39";"88";"44";"2021";"NON";"NON";"88479";"";"";"";"2021-10-06";"64277";""
"88480";"3199";"PLU";"COM";"2012-04-26 22:00:00+00:00";"2006-10-26 22:00:00+00:00";"39";"88";"44";"2021";"NON";"NON";"88480";"";"";"";"2021-10-06";"23899";""
"88481";"3199";"PLU";"COM";"2009-12-13 23:00:00+00:00";"2009-09-06 22:00:00+00:00";"39";"88";"44";"2021";"NON";"NON";"88481";"";"";"";"2021-10-06";"39288";""
"88483";"3199";"PLU";"COM";"2013-09-19 22:00:00+00:00";"2008-12-11 23:00:00+00:00";"39";"88";"44";"2021";"NON";"NON";"88483";"";"";"";"2021-10-06";"64275";""
"88486";"3199";"PLU";"COM";"2011-06-19 22:00:00+00:00";"2005-05-22 22:00:00+00:00";"39";"88";"44";"2021";"NON";"NON";"88486";"";"";"";"2021-10-06";"8149";""
"88487";"3199";"PLU";"COM";"2004-09-10 22:00:00+00:00";"1998-01-20 23:00:00+00:00";"39";"88";"44";"2021";"NON";"NON";"88487";"";"";"";"2021-10-06";"55446";""
"88488";"3199";"PLU";"COM";"2005-05-24 22:00:00+00:00";"2002-05-29 22:00:00+00:00";"39";"88";"44";"2021";"NON";"NON";"88488";"";"";"";"2021-10-06";"55447";""
"88489";"1199";"CC";"COM";"2009-02-08 23:00:00+00:00";"2006-09-19 22:00:00+00:00";"19";"88";"44";"2021";"NON";"NON";"88489";"";"";"";"2021-10-06";"21522";""
"88490";"1199";"CC";"COM";"2013-03-27 23:00:00+00:00";"2011-04-11 22:00:00+00:00";"19";"88";"44";"2021";"NON";"NON";"88490";"";"";"";"2021-10-06";"113264";""
"88491";"1432";"CC";"CC";"2012-03-07 23:00:00+00:00";"2010-11-08 23:00:00+00:00";"13";"88";"44";"2021";"NON";"NON";"200068773";"";"";"";"2021-10-06";"43996";""
"88495";"3199";"PLU";"COM";"2013-04-01 22:00:00+00:00";"2006-09-04 22:00:00+00:00";"39";"88";"44";"2021";"NON";"NON";"88495";"";"";"";"2021-10-06";"20210";""
"88497";"3199";"PLU";"COM";"2012-09-27 22:00:00+00:00";"2009-02-26 23:00:00+00:00";"39";"88";"44";"2021";"NON";"NON";"88497";"";"";"";"2021-10-06";"50136";""
"88499";"1111";"CC";"COM";"2006-02-13 23:00:00+00:00";"2002-01-03 23:00:00+00:00";"11";"88";"44";"2021";"NON";"NON";"88499";"";"";"";"2021-10-06";"12288";""
"88500";"3199";"PLU";"COM";"2013-02-19 23:00:00+00:00";"2008-10-30 23:00:00+00:00";"39";"88";"44";"2021";"NON";"NON";"88500";"";"";"";"2021-10-06";"64278";""
"88502";"1199";"CC";"COM";"2010-03-25 23:00:00+00:00";"2007-01-25 23:00:00+00:00";"19";"88";"44";"2021";"NON";"NON";"88502";"";"";"";"2021-10-06";"29360";""
"88503";"1432";"CC";"CA";"2012-07-16 22:00:00+00:00";"2004-08-24 22:00:00+00:00";"13";"88";"44";"2021";"NON";"NON";"200071066";"";"";"";"2021-10-06";"67244";""
"88504";"3299";"PLUi/PLUiS";"CC";"2021-03-17 23:00:00+00:00";"2015-10-13 22:00:00+00:00";"39";"88";"44";"2021";"NON";"OUI";"245400510";"";"";"";"2021-10-06";"142043";""
"88506";"1432";"CC";"CA";"2012-08-09 22:00:00+00:00";"2010-08-24 22:00:00+00:00";"13";"88";"44";"2021";"NON";"NON";"200071066";"";"";"";"2021-10-06";"46456";""
"88507";"1199";"CC";"COM";"2006-05-21 22:00:00+00:00";"2003-10-06 22:00:00+00:00";"19";"88";"44";"2021";"NON";"NON";"88507";"";"";"";"2021-10-06";"10131";""
"88508";"3199";"PLU";"COM";"2005-04-10 22:00:00+00:00";"2001-09-23 22:00:00+00:00";"39";"88";"44";"2021";"NON";"NON";"88508";"";"";"";"2021-10-06";"148841";""
"88510";"1414";"CC";"CC";"2008-06-12 22:00:00+00:00";"2006-02-16 23:00:00+00:00";"11";"88";"44";"2021";"NON";"NON";"200068773";"";"";"";"2021-10-06";"12287";""
"88512";"1199";"CC";"COM";"2005-05-04 22:00:00+00:00";"2001-07-26 22:00:00+00:00";"19";"88";"44";"2021";"NON";"NON";"88512";"";"";"";"2021-10-06";"70165";""
"88513";"3199";"PLU";"COM";"2006-12-13 23:00:00+00:00";"2003-01-13 23:00:00+00:00";"39";"88";"44";"2021";"NON";"NON";"88513";"";"";"";"2021-10-06";"24197";""
"88514";"1432";"CC";"CC";"2006-11-09 23:00:00+00:00";"2006-01-25 23:00:00+00:00";"13";"88";"44";"2021";"NON";"NON";"200068559";"";"";"";"2021-10-06";"21523";""
"88516";"3199";"PLU";"COM";"2017-05-03 22:00:00+00:00";"2014-11-19 23:00:00+00:00";"39";"88";"44";"2021";"NON";"NON";"88516";"";"";"";"2021-10-06";"133694";""
"88517";"3332";"PLUi/PLUiS";"CC";"2019-05-27 22:00:00+00:00";"2013-12-09 23:00:00+00:00";"33";"88";"44";"2021";"OUI";"NON";"200068773";"";"";"";"2021-10-06";"127189";""
"88519";"1432";"CC";"CA";"2019-07-08 22:00:00+00:00";"2015-12-10 23:00:00+00:00";"13";"88";"44";"2021";"NON";"NON";"200071066";"";"";"";"2021-10-06";"147092";""
"88523";"1432";"CC";"CC";"2006-05-14 22:00:00+00:00";"2002-10-02 22:00:00+00:00";"13";"88";"44";"2021";"NON";"NON";"200068559";"";"";"";"2021-10-06";"9883";""
"88524";"3199";"PLU";"COM";"2011-03-09 23:00:00+00:00";"2006-04-18 22:00:00+00:00";"39";"88";"44";"2021";"NON";"NON";"88524";"";"";"";"2021-10-06";"40880";""
"88525";"1199";"CC";"COM";"2012-12-18 23:00:00+00:00";"2010-09-30 22:00:00+00:00";"19";"88";"44";"2021";"NON";"NON";"88525";"";"";"";"2021-10-06";"43208";""
"88526";"3432";"PLU";"CA";"2006-04-18 22:00:00+00:00";"2000-09-07 22:00:00+00:00";"33";"88";"44";"2021";"NON";"NON";"200071066";"";"";"";"2021-10-06";"21618";""
"88527";"1199";"CC";"COM";"2005-04-05 22:00:00+00:00";"2002-02-12 23:00:00+00:00";"19";"88";"44";"2021";"NON";"NON";"88527";"";"";"";"2021-10-06";"70171";""
"88528";"1199";"CC";"COM";"2009-05-19 22:00:00+00:00";"2009-01-04 23:00:00+00:00";"19";"88";"44";"2021";"NON";"NON";"88528";"";"";"";"2021-10-06";"38188";""
"88530";"3199";"PLU";"COM";"2009-12-16 23:00:00+00:00";"2006-05-02 22:00:00+00:00";"39";"88";"44";"2021";"NON";"NON";"88530";"";"";"";"2021-10-06";"17432";""
"89003";"3299";"PLUi/PLUiS";"CC";"2020-01-28 23:00:00+00:00";"2016-07-11 22:00:00+00:00";"39";"89";"27";"2021";"NON";"OUI";"89003";"";"";"";"2021-10-06";"150320";""
"89007";"1499";"CC";"CC";"2004-08-26 22:00:00+00:00";"2002-01-31 23:00:00+00:00";"19";"89";"27";"2021";"NON";"NON";"200067130";"";"";"";"2021-10-06";"68759";""
"89009";"3299";"PLUi/PLUiS";"CC";"2021-04-11 22:00:00+00:00";"2015-12-15 23:00:00+00:00";"39";"89";"27";"2021";"NON";"OUI";"89009";"";"";"";"2021-10-06";"143117";""
"89011";"3299";"PLUi/PLUiS";"CC";"2021-04-11 22:00:00+00:00";"2015-12-15 23:00:00+00:00";"39";"89";"27";"2021";"NON";"OUI";"89011";"";"";"";"2021-10-06";"143117";""
"89013";"3499";"PLU";"CA";"2013-05-22 22:00:00+00:00";"2010-12-14 23:00:00+00:00";"39";"89";"27";"2021";"NON";"NON";"200067114";"";"";"";"2021-10-06";"63549";""
"89014";"3299";"PLUi/PLUiS";"CC";"2021-05-25 22:00:00+00:00";"2014-12-02 23:00:00+00:00";"39";"89";"27";"2021";"NON";"OUI";"89014";"";"";"";"2021-10-06";"134494";""
"89015";"3299";"PLUi/PLUiS";"CC";"2021-04-11 22:00:00+00:00";"2015-12-15 23:00:00+00:00";"39";"89";"27";"2021";"NON";"OUI";"200039758";"";"";"";"2021-10-06";"143117";""
"89018";"3432";"PLU";"CA";"2006-05-05 22:00:00+00:00";"2003-05-01 22:00:00+00:00";"33";"89";"27";"2021";"NON";"NON";"89018";"";"";"";"2021-10-06";"55457";""
"89020";"3299";"PLUi/PLUiS";"CC";"2021-04-11 22:00:00+00:00";"2015-12-15 23:00:00+00:00";"39";"89";"27";"2021";"NON";"OUI";"89020";"";"";"";"2021-10-06";"143117";""
"89021";"3299";"PLUi/PLUiS";"CC";"2021-04-11 22:00:00+00:00";"2015-12-15 23:00:00+00:00";"39";"89";"27";"2021";"NON";"OUI";"89021";"";"";"";"2021-10-06";"143117";""
"89022";"3299";"PLUi/PLUiS";"CC";"2021-04-11 22:00:00+00:00";"2015-12-15 23:00:00+00:00";"39";"89";"27";"2021";"NON";"OUI";"89022";"";"";"";"2021-10-06";"143117";""
"89023";"3499";"PLU";"CA";"2019-06-19 22:00:00+00:00";"2014-12-21 23:00:00+00:00";"39";"89";"27";"2021";"NON";"NON";"200067114";"";"";"";"2021-10-06";"136039";""
"89024";"3499";"PLU";"CA";"2018-06-20 22:00:00+00:00";"2015-11-24 23:00:00+00:00";"39";"89";"27";"2021";"NON";"NON";"200067114";"";"";"";"2021-10-06";"144970";""
"89025";"3299";"PLUi/PLUiS";"CC";"2021-04-11 22:00:00+00:00";"2015-12-15 23:00:00+00:00";"39";"89";"27";"2021";"NON";"OUI";"89025";"";"";"";"2021-10-06";"143117";""
"89027";"3299";"PLUi/PLUiS";"CC";"2021-05-25 22:00:00+00:00";"2014-12-02 23:00:00+00:00";"39";"89";"27";"2021";"NON";"OUI";"89027";"";"";"";"2021-10-06";"134494";""
"89029";"3199";"PLU";"COM";"2014-12-17 23:00:00+00:00";"2001-12-13 23:00:00+00:00";"39";"89";"27";"2021";"NON";"NON";"89029";"";"";"";"2021-10-06";"63548";""
"89030";"1199";"CC";"COM";"2019-11-03 23:00:00+00:00";"2015-02-05 23:00:00+00:00";"19";"89";"27";"2021";"NON";"NON";"89030";"";"";"";"2021-10-06";"144484";""
"89031";"3199";"PLU";"COM";"2019-01-16 23:00:00+00:00";"2014-06-04 22:00:00+00:00";"39";"89";"27";"2021";"NON";"NON";"89031";"";"";"";"2021-10-06";"130673";""
"89032";"3299";"PLUi/PLUiS";"CC";"2021-04-11 22:00:00+00:00";"2015-12-15 23:00:00+00:00";"39";"89";"27";"2021";"NON";"OUI";"89032";"";"";"";"2021-10-06";"143117";""
"89033";"3333";"PLUi/PLUiS";"CC";"2014-10-26 23:00:00+00:00";"2009-11-15 23:00:00+00:00";"33";"89";"27";"2021";"OUI";"NON";"200067130";"";"";"";"2021-10-06";"49090";""
"89034";"3199";"PLU";"COM";"2017-08-01 22:00:00+00:00";"2011-06-22 22:00:00+00:00";"39";"89";"27";"2021";"NON";"NON";"89034";"";"";"";"2021-10-06";"122572";""
"89035";"1199";"CC";"COM";"2012-08-20 22:00:00+00:00";"2009-06-13 22:00:00+00:00";"19";"89";"27";"2021";"NON";"NON";"89035";"";"";"";"2021-10-06";"65770";""
"89036";"3332";"PLUi/PLUiS";"CC";"2010-04-08 22:00:00+00:00";"2007-03-08 23:00:00+00:00";"33";"89";"27";"2021";"OUI";"NON";"89036";"";"";"";"2021-10-06";"102249";""
"89037";"3299";"PLUi/PLUiS";"CC";"2019-12-17 23:00:00+00:00";"2015-09-29 22:00:00+00:00";"39";"89";"27";"2021";"NON";"OUI";"89037";"";"";"";"2021-10-06";"142042";""
"89040";"1199";"CC";"COM";"2008-09-03 22:00:00+00:00";"2005-05-06 22:00:00+00:00";"19";"89";"27";"2021";"NON";"NON";"89040";"";"";"";"2021-10-06";"70179";""
"89044";"3299";"PLUi/PLUiS";"CC";"2021-04-11 22:00:00+00:00";"2015-12-15 23:00:00+00:00";"39";"89";"27";"2021";"NON";"OUI";"89044";"";"";"";"2021-10-06";"143117";""
"89045";"3499";"PLU";"CA";"2014-04-29 22:00:00+00:00";"2011-11-22 23:00:00+00:00";"39";"89";"27";"2021";"NON";"NON";"200067114";"";"";"";"2021-10-06";"99532";""
"89046";"3433";"PLU";"CC";"2004-12-07 23:00:00+00:00";"2000-11-15 23:00:00+00:00";"33";"89";"27";"2021";"NON";"NON";"200067130";"";"";"";"2021-10-06";"55461";""
"89048";"3299";"PLUi/PLUiS";"CC";"2021-05-25 22:00:00+00:00";"2014-12-02 23:00:00+00:00";"39";"89";"27";"2021";"NON";"OUI";"89048";"";"";"";"2021-10-06";"134494";""
"89049";"3299";"PLUi/PLUiS";"CC";"2021-04-11 22:00:00+00:00";"2015-12-15 23:00:00+00:00";"39";"89";"27";"2021";"NON";"OUI";"200039758";"";"";"";"2021-10-06";"143117";""
"89050";"3199";"PLU";"COM";"2020-07-01 22:00:00+00:00";"2014-12-07 23:00:00+00:00";"39";"89";"27";"2021";"NON";"NON";"89050";"";"";"";"2021-10-06";"134118";""
"89053";"3499";"PLU";"CA";"2019-04-03 22:00:00+00:00";"2015-06-21 22:00:00+00:00";"39";"89";"27";"2021";"NON";"NON";"200067114";"";"";"";"2021-10-06";"141183";""
"89055";"3199";"PLU";"COM";"2021-06-29 22:00:00+00:00";"2003-04-23 22:00:00+00:00";"39";"89";"27";"2021";"NON";"NON";"89055";"";"";"";"2021-10-06";"63552";""
"89056";"3299";"PLUi/PLUiS";"CC";"2019-12-17 23:00:00+00:00";"2015-09-29 22:00:00+00:00";"39";"89";"27";"2021";"NON";"OUI";"89056";"";"";"";"2021-10-06";"142042";""
"89057";"3299";"PLUi/PLUiS";"CC";"2021-04-11 22:00:00+00:00";"2015-12-15 23:00:00+00:00";"39";"89";"27";"2021";"NON";"OUI";"89057";"";"";"";"2021-10-06";"143117";""
"89058";"3299";"PLUi/PLUiS";"CC";"2021-04-11 22:00:00+00:00";"2015-12-15 23:00:00+00:00";"39";"89";"27";"2021";"NON";"OUI";"89058";"";"";"";"2021-10-06";"143117";""
"89059";"3299";"PLUi/PLUiS";"CC";"2019-12-17 23:00:00+00:00";"2015-09-29 22:00:00+00:00";"39";"89";"27";"2021";"NON";"OUI";"89059";"";"";"";"2021-10-06";"142042";""
"89063";"3299";"PLUi/PLUiS";"CC";"2019-12-17 23:00:00+00:00";"2015-09-29 22:00:00+00:00";"39";"89";"27";"2021";"NON";"OUI";"89063";"";"";"";"2021-10-06";"142042";""
"89065";"3299";"PLUi/PLUiS";"CC";"2021-05-25 22:00:00+00:00";"2014-12-02 23:00:00+00:00";"39";"89";"27";"2021";"NON";"OUI";"89065";"";"";"";"2021-10-06";"134494";""
"89066";"3299";"PLUi/PLUiS";"CC";"2021-05-25 22:00:00+00:00";"2014-12-02 23:00:00+00:00";"39";"89";"27";"2021";"NON";"OUI";"89066";"";"";"";"2021-10-06";"134494";""
"89067";"3299";"PLUi/PLUiS";"CC";"2019-12-17 23:00:00+00:00";"2015-09-29 22:00:00+00:00";"39";"89";"27";"2021";"NON";"OUI";"89067";"";"";"";"2021-10-06";"142042";""
"89068";"3131";"PLU";"COM";"2007-05-23 22:00:00+00:00";"2003-01-22 23:00:00+00:00";"33";"89";"27";"2021";"NON";"NON";"89068";"";"";"";"2021-10-06";"55467";""
"89071";"3299";"PLUi/PLUiS";"CC";"2021-04-11 22:00:00+00:00";"2015-12-15 23:00:00+00:00";"39";"89";"27";"2021";"NON";"OUI";"89071";"";"";"";"2021-10-06";"143117";""
"89075";"3299";"PLUi/PLUiS";"CC";"2019-12-17 23:00:00+00:00";"2015-09-29 22:00:00+00:00";"39";"89";"27";"2021";"NON";"OUI";"89075";"";"";"";"2021-10-06";"142042";""
"89076";"1199";"CC";"COM";"2008-01-15 23:00:00+00:00";"2002-12-09 23:00:00+00:00";"19";"89";"27";"2021";"NON";"NON";"89076";"";"";"";"2021-10-06";"70167";""
"89077";"3499";"PLU";"CA";"2019-04-03 22:00:00+00:00";"2015-01-21 23:00:00+00:00";"39";"89";"27";"2021";"NON";"NON";"200067114";"";"";"";"2021-10-06";"136895";""
"89079";"3299";"PLUi/PLUiS";"CC";"2019-12-17 23:00:00+00:00";"2015-09-29 22:00:00+00:00";"39";"89";"27";"2021";"NON";"OUI";"89079";"";"";"";"2021-10-06";"142042";""
"89080";"3432";"PLU";"CC";"2010-04-26 22:00:00+00:00";"2005-09-21 22:00:00+00:00";"33";"89";"27";"2021";"NON";"NON";"89080";"";"";"";"2021-10-06";"55485";""
"89083";"3499";"PLU";"CA";"2005-05-11 22:00:00+00:00";"2001-09-10 22:00:00+00:00";"39";"89";"27";"2021";"NON";"NON";"200067114";"";"";"";"2021-10-06";"55473";""
"89085";"3199";"PLU";"COM";"2007-11-08 23:00:00+00:00";"2002-10-03 22:00:00+00:00";"39";"89";"27";"2021";"NON";"NON";"89085";"";"";"";"2021-10-06";"55475";""
"89086";"3499";"PLU";"CC";"2015-12-01 23:00:00+00:00";"2011-07-03 22:00:00+00:00";"39";"89";"27";"2021";"NON";"NON";"200067130";"";"";"";"2021-10-06";"99519";""
"89088";"3299";"PLUi/PLUiS";"CC";"2020-01-28 23:00:00+00:00";"2016-07-11 22:00:00+00:00";"39";"89";"27";"2021";"NON";"OUI";"89088";"";"";"";"2021-10-06";"150320";""
"89089";"3299";"PLUi/PLUiS";"CC";"2021-04-11 22:00:00+00:00";"2015-12-15 23:00:00+00:00";"39";"89";"27";"2021";"NON";"OUI";"89089";"";"";"";"2021-10-06";"143117";""
"89091";"3299";"PLUi/PLUiS";"CC";"2021-04-11 22:00:00+00:00";"2015-12-15 23:00:00+00:00";"39";"89";"27";"2021";"NON";"OUI";"89091";"";"";"";"2021-10-06";"143117";""
"89093";"3432";"PLU";"CC";"2019-12-09 23:00:00+00:00";"2013-02-27 23:00:00+00:00";"33";"89";"27";"2021";"NON";"NON";"89093";"";"";"";"2021-10-06";"120908";""
"89096";"3199";"PLU";"COM";"2004-11-21 23:00:00+00:00";"2001-09-02 22:00:00+00:00";"39";"89";"27";"2021";"NON";"NON";"89096";"";"";"";"2021-10-06";"55476";""
"89099";"3199";"PLU";"COM";"2017-09-27 22:00:00+00:00";"2014-11-13 23:00:00+00:00";"39";"89";"27";"2021";"NON";"NON";"89099";"";"";"";"2021-10-06";"133753";""
"89100";"3432";"PLU";"CC";"2012-06-10 22:00:00+00:00";"2009-02-25 23:00:00+00:00";"33";"89";"27";"2021";"NON";"NON";"89100";"";"";"";"2021-10-06";"63559";""
"89102";"3499";"PLU";"CA";"2018-06-20 22:00:00+00:00";"2009-11-24 23:00:00+00:00";"39";"89";"27";"2021";"NON";"NON";"200067114";"";"";"";"2021-10-06";"64279";""
"89105";"3199";"PLU";"COM";"2009-10-05 22:00:00+00:00";"2001-12-19 23:00:00+00:00";"39";"89";"27";"2021";"NON";"NON";"89105";"";"";"";"2021-10-06";"55478";""
"89111";"3299";"PLUi/PLUiS";"CC";"2021-05-25 22:00:00+00:00";"2014-12-02 23:00:00+00:00";"39";"89";"27";"2021";"NON";"OUI";"89111";"";"";"";"2021-10-06";"134494";""
"89116";"3332";"PLUi/PLUiS";"CC";"2010-04-08 22:00:00+00:00";"2007-03-08 23:00:00+00:00";"33";"89";"27";"2021";"OUI";"NON";"89116";"";"";"";"2021-10-06";"102249";""
"89117";"1499";"CC";"CC";"2007-05-23 22:00:00+00:00";"2004-05-06 22:00:00+00:00";"19";"89";"27";"2021";"NON";"NON";"200067130";"";"";"";"2021-10-06";"68762";""
"89120";"3299";"PLUi/PLUiS";"CC";"2021-05-25 22:00:00+00:00";"2014-12-02 23:00:00+00:00";"39";"89";"27";"2021";"NON";"OUI";"89120";"";"";"";"2021-10-06";"134494";""
"89122";"3299";"PLUi/PLUiS";"CC";"2021-05-25 22:00:00+00:00";"2014-12-02 23:00:00+00:00";"39";"89";"27";"2021";"NON";"OUI";"89122";"";"";"";"2021-10-06";"134494";""
"89126";"3332";"PLUi/PLUiS";"CC";"2010-04-08 22:00:00+00:00";"2007-03-08 23:00:00+00:00";"33";"89";"27";"2021";"OUI";"NON";"89126";"";"";"";"2021-10-06";"102249";""
"89127";"3432";"PLU";"CA";"2008-12-19 23:00:00+00:00";"2005-10-06 22:00:00+00:00";"33";"89";"27";"2021";"NON";"NON";"89127";"";"";"";"2021-10-06";"55483";""
"89130";"3131";"PLU";"COM";"2020-02-03 23:00:00+00:00";"2010-02-11 23:00:00+00:00";"33";"89";"27";"2021";"NON";"NON";"89130";"";"";"";"2021-10-06";"63558";""
"89133";"3299";"PLUi/PLUiS";"CC";"2019-12-17 23:00:00+00:00";"2015-09-29 22:00:00+00:00";"39";"89";"27";"2021";"NON";"OUI";"89133";"";"";"";"2021-10-06";"142042";""
"89134";"3299";"PLUi/PLUiS";"CC";"2021-04-11 22:00:00+00:00";"2015-12-15 23:00:00+00:00";"39";"89";"27";"2021";"NON";"OUI";"89134";"";"";"";"2021-10-06";"143117";""
"89139";"3333";"PLUi/PLUiS";"CC";"2014-10-26 23:00:00+00:00";"2009-11-15 23:00:00+00:00";"33";"89";"27";"2021";"OUI";"NON";"200067130";"";"";"";"2021-10-06";"49090";""
"89141";"1499";"CC";"CC";"2010-12-05 23:00:00+00:00";"2003-06-26 22:00:00+00:00";"19";"89";"27";"2021";"NON";"NON";"89141";"";"";"";"2021-10-06";"106069";""
"89143";"3432";"PLU";"CC";"2014-02-23 23:00:00+00:00";"2002-05-23 22:00:00+00:00";"33";"89";"27";"2021";"NON";"NON";"89143";"";"";"";"2021-10-06";"49936";""
"89144";"3432";"PLU";"CC";"2007-04-26 22:00:00+00:00";"2002-10-13 22:00:00+00:00";"33";"89";"27";"2021";"NON";"NON";"89144";"";"";"";"2021-10-06";"55489";""
"89145";"3299";"PLUi/PLUiS";"CC";"2021-04-11 22:00:00+00:00";"2015-12-15 23:00:00+00:00";"39";"89";"27";"2021";"NON";"OUI";"89145";"";"";"";"2021-10-06";"143117";""
"89146";"3299";"PLUi/PLUiS";"CC";"2021-04-11 22:00:00+00:00";"2015-12-15 23:00:00+00:00";"39";"89";"27";"2021";"NON";"OUI";"89146";"";"";"";"2021-10-06";"143117";""
"89147";"3333";"PLUi/PLUiS";"CC";"2014-10-26 23:00:00+00:00";"2009-11-15 23:00:00+00:00";"33";"89";"27";"2021";"OUI";"NON";"200067130";"";"";"";"2021-10-06";"49090";""
"89148";"3499";"PLU";"CC";"2015-08-27 22:00:00+00:00";"2010-11-04 23:00:00+00:00";"39";"89";"27";"2021";"NON";"NON";"200067130";"";"";"";"2021-10-06";"49937";""
"89150";"3333";"PLUi/PLUiS";"CC";"2014-10-26 23:00:00+00:00";"2009-11-15 23:00:00+00:00";"33";"89";"27";"2021";"OUI";"NON";"200067130";"";"";"";"2021-10-06";"49090";""
"89152";"3199";"PLU";"COM";"2011-11-22 23:00:00+00:00";"2002-08-19 22:00:00+00:00";"39";"89";"27";"2021";"NON";"NON";"89152";"";"";"";"2021-10-06";"63560";""
"89155";"3499";"PLU";"CA";"2014-02-19 23:00:00+00:00";"2002-03-18 23:00:00+00:00";"39";"89";"27";"2021";"NON";"NON";"200067114";"";"";"";"2021-10-06";"63562";""
"89158";"1433";"CC";"CC";"2008-02-20 23:00:00+00:00";"2003-05-22 22:00:00+00:00";"13";"89";"27";"2021";"NON";"NON";"200067130";"";"";"";"2021-10-06";"70170";""
"89159";"3299";"PLUi/PLUiS";"CC";"2021-04-11 22:00:00+00:00";"2015-12-15 23:00:00+00:00";"39";"89";"27";"2021";"NON";"OUI";"89159";"";"";"";"2021-10-06";"143117";""
"89163";"3299";"PLUi/PLUiS";"CC";"2020-01-28 23:00:00+00:00";"2016-07-11 22:00:00+00:00";"39";"89";"27";"2021";"NON";"OUI";"89163";"";"";"";"2021-10-06";"150320";""
"89164";"1499";"CC";"CC";"2015-08-16 22:00:00+00:00";"2009-05-24 22:00:00+00:00";"19";"89";"27";"2021";"NON";"NON";"89164";"";"";"";"2021-10-06";"67247";""
"89165";"3299";"PLUi/PLUiS";"CC";"2021-05-25 22:00:00+00:00";"2014-12-02 23:00:00+00:00";"39";"89";"27";"2021";"NON";"OUI";"89165";"";"";"";"2021-10-06";"134494";""
"89167";"3299";"PLUi/PLUiS";"CC";"2020-01-28 23:00:00+00:00";"2016-07-11 22:00:00+00:00";"39";"89";"27";"2021";"NON";"OUI";"89167";"";"";"";"2021-10-06";"150320";""
"89170";"3299";"PLUi/PLUiS";"CC";"2021-04-11 22:00:00+00:00";"2015-12-15 23:00:00+00:00";"39";"89";"27";"2021";"NON";"OUI";"89170";"";"";"";"2021-10-06";"143117";""
"89171";"3299";"PLUi/PLUiS";"CC";"2021-05-25 22:00:00+00:00";"2014-12-02 23:00:00+00:00";"39";"89";"27";"2021";"NON";"OUI";"89171";"";"";"";"2021-10-06";"134494";""
"89172";"3432";"PLU";"CA";"2018-01-31 23:00:00+00:00";"2017-01-11 23:00:00+00:00";"33";"89";"27";"2021";"NON";"NON";"89172";"";"";"";"2021-10-06";"157289";""
"89173";"3333";"PLUi/PLUiS";"CC";"2014-10-26 23:00:00+00:00";"2009-11-15 23:00:00+00:00";"33";"89";"27";"2021";"OUI";"NON";"200067130";"";"";"";"2021-10-06";"49090";""
"89175";"1199";"CC";"COM";"2005-06-01 22:00:00+00:00";"2002-03-25 23:00:00+00:00";"19";"89";"27";"2021";"NON";"NON";"89175";"";"";"";"2021-10-06";"68766";""
"89176";"3299";"PLUi/PLUiS";"CC";"2021-04-11 22:00:00+00:00";"2015-12-15 23:00:00+00:00";"39";"89";"27";"2021";"NON";"OUI";"89176";"";"";"";"2021-10-06";"143117";""
"89177";"3499";"PLU";"CC";"2015-11-16 23:00:00+00:00";"2010-12-13 23:00:00+00:00";"39";"89";"27";"2021";"NON";"NON";"200067130";"";"";"";"2021-10-06";"63566";""
"89180";"3332";"PLUi/PLUiS";"CC";"2010-04-08 22:00:00+00:00";"2007-03-08 23:00:00+00:00";"33";"89";"27";"2021";"OUI";"NON";"89180";"";"";"";"2021-10-06";"102249";""
"89181";"3299";"PLUi/PLUiS";"CC";"2021-05-25 22:00:00+00:00";"2014-12-02 23:00:00+00:00";"39";"89";"27";"2021";"NON";"OUI";"89181";"";"";"";"2021-10-06";"134494";""
"89186";"3199";"PLU";"COM";"2004-05-13 22:00:00+00:00";"1999-09-30 22:00:00+00:00";"39";"89";"27";"2021";"NON";"NON";"89186";"";"";"";"2021-10-06";"55497";""
"89188";"3299";"PLUi/PLUiS";"CC";"2021-04-11 22:00:00+00:00";"2015-12-15 23:00:00+00:00";"39";"89";"27";"2021";"NON";"OUI";"89188";"";"";"";"2021-10-06";"143117";""
"89190";"3299";"PLUi/PLUiS";"CC";"2021-04-11 22:00:00+00:00";"2015-12-15 23:00:00+00:00";"39";"89";"27";"2021";"NON";"OUI";"89190";"";"";"";"2021-10-06";"143117";""
"89195";"3432";"PLU";"CA";"2017-03-23 23:00:00+00:00";"2013-10-02 22:00:00+00:00";"33";"89";"27";"2021";"NON";"NON";"89195";"";"";"";"2021-10-06";"125354";""
"89196";"3299";"PLUi/PLUiS";"CC";"2020-01-28 23:00:00+00:00";"2016-07-11 22:00:00+00:00";"39";"89";"27";"2021";"NON";"OUI";"89196";"";"";"";"2021-10-06";"150320";""
"89199";"3499";"PLU";"CA";"2010-02-08 23:00:00+00:00";"2004-07-01 22:00:00+00:00";"39";"89";"27";"2021";"NON";"NON";"200067114";"";"";"";"2021-10-06";"55487";""
"89200";"3199";"PLU";"COM";"2018-01-25 23:00:00+00:00";"2014-07-15 22:00:00+00:00";"39";"89";"27";"2021";"NON";"NON";"89200";"";"";"";"2021-10-06";"131782";""
"89202";"3499";"PLU";"CA";"2016-06-26 22:00:00+00:00";"2004-05-18 22:00:00+00:00";"39";"89";"27";"2021";"NON";"NON";"200067114";"";"";"";"2021-10-06";"63568";""
"89203";"3299";"PLUi/PLUiS";"CC";"2021-04-11 22:00:00+00:00";"2015-12-15 23:00:00+00:00";"39";"89";"27";"2021";"NON";"OUI";"89203";"";"";"";"2021-10-06";"143117";""
"89204";"3499";"PLU";"CC";"2013-09-11 22:00:00+00:00";"2008-06-26 22:00:00+00:00";"39";"89";"27";"2021";"NON";"NON";"89204";"";"";"";"2021-10-06";"50417";""
"89206";"3299";"PLUi/PLUiS";"CC";"2019-12-17 23:00:00+00:00";"2015-09-29 22:00:00+00:00";"39";"89";"27";"2021";"NON";"OUI";"89206";"";"";"";"2021-10-06";"142042";""
"89207";"3499";"PLU";"CC";"2015-02-13 23:00:00+00:00";"2008-11-28 23:00:00+00:00";"39";"89";"27";"2021";"NON";"NON";"89207";"";"";"";"2021-10-06";"99743";""
"89214";"3299";"PLUi/PLUiS";"CC";"2021-05-25 22:00:00+00:00";"2014-12-02 23:00:00+00:00";"39";"89";"27";"2021";"NON";"OUI";"89214";"";"";"";"2021-10-06";"134494";""
"89217";"3333";"PLUi/PLUiS";"CC";"2014-10-26 23:00:00+00:00";"2009-11-15 23:00:00+00:00";"33";"89";"27";"2021";"OUI";"NON";"200067130";"";"";"";"2021-10-06";"49090";""
"89218";"3199";"PLU";"COM";"2020-12-07 23:00:00+00:00";"2014-11-27 23:00:00+00:00";"39";"89";"27";"2021";"NON";"NON";"89218";"";"";"";"2021-10-06";"138017";""
"89221";"3333";"PLUi/PLUiS";"CC";"2014-10-26 23:00:00+00:00";"2009-11-15 23:00:00+00:00";"33";"89";"27";"2021";"OUI";"NON";"200067130";"";"";"";"2021-10-06";"49090";""
"89223";"1432";"CC";"CC";"2012-05-22 22:00:00+00:00";"2009-05-26 22:00:00+00:00";"13";"89";"27";"2021";"NON";"NON";"200039642";"";"";"";"2021-10-06";"99748";""
"89225";"3299";"PLUi/PLUiS";"CC";"2021-04-11 22:00:00+00:00";"2015-12-15 23:00:00+00:00";"39";"89";"27";"2021";"NON";"OUI";"89225";"";"";"";"2021-10-06";"143117";""
"89227";"3199";"PLU";"COM";"2009-12-20 23:00:00+00:00";"2005-07-18 22:00:00+00:00";"39";"89";"27";"2021";"NON";"NON";"89227";"";"";"";"2021-10-06";"55503";""
"89228";"3499";"PLU";"CA";"2018-09-24 22:00:00+00:00";"2014-09-11 22:00:00+00:00";"39";"89";"27";"2021";"NON";"NON";"200067114";"";"";"";"2021-10-06";"133183";""
"89230";"3299";"PLUi/PLUiS";"CC";"2019-12-17 23:00:00+00:00";"2015-09-29 22:00:00+00:00";"39";"89";"27";"2021";"NON";"OUI";"89230";"";"";"";"2021-10-06";"142042";""
"89232";"3299";"PLUi/PLUiS";"CC";"2021-04-11 22:00:00+00:00";"2015-12-15 23:00:00+00:00";"39";"89";"27";"2021";"NON";"OUI";"89232";"";"";"";"2021-10-06";"143117";""
"89233";"1199";"CC";"COM";"2015-07-02 22:00:00+00:00";"2008-04-03 22:00:00+00:00";"19";"89";"27";"2021";"NON";"NON";"89233";"";"";"";"2021-10-06";"57478";""
"89235";"3299";"PLUi/PLUiS";"CC";"2021-04-11 22:00:00+00:00";"2015-12-15 23:00:00+00:00";"39";"89";"27";"2021";"NON";"OUI";"89235";"";"";"";"2021-10-06";"143117";""
"89236";"3432";"PLU";"CA";"2008-01-14 23:00:00+00:00";"1998-02-25 23:00:00+00:00";"33";"89";"27";"2021";"NON";"NON";"89236";"";"";"";"2021-10-06";"59932";""
"89237";"3199";"PLU";"COM";"2019-04-25 22:00:00+00:00";"2014-05-29 22:00:00+00:00";"39";"89";"27";"2021";"NON";"NON";"89237";"";"";"";"2021-10-06";"130699";""
"89239";"3432";"PLU";"CA";"2014-01-19 23:00:00+00:00";"2009-11-09 23:00:00+00:00";"33";"89";"27";"2021";"NON";"NON";"89239";"";"";"";"2021-10-06";"63574";""
"89240";"3432";"PLU";"CA";"2017-03-23 23:00:00+00:00";"2014-10-23 22:00:00+00:00";"33";"89";"27";"2021";"NON";"NON";"89240";"";"";"";"2021-10-06";"133349";""
"89242";"3199";"PLU";"COM";"2010-10-17 22:00:00+00:00";"2006-07-02 22:00:00+00:00";"39";"89";"27";"2021";"NON";"NON";"89242";"";"";"";"2021-10-06";"55508";""
"89248";"3299";"PLUi/PLUiS";"CC";"2021-04-11 22:00:00+00:00";"2015-12-15 23:00:00+00:00";"39";"89";"27";"2021";"NON";"OUI";"89248";"";"";"";"2021-10-06";"143117";""
"89251";"3299";"PLUi/PLUiS";"CC";"2020-01-28 23:00:00+00:00";"2016-07-11 22:00:00+00:00";"39";"89";"27";"2021";"NON";"OUI";"89251";"";"";"";"2021-10-06";"150320";""
"89252";"3499";"PLU";"CC";"2015-09-20 22:00:00+00:00";"2010-12-01 23:00:00+00:00";"39";"89";"27";"2021";"NON";"NON";"200067130";"";"";"";"2021-10-06";"50420";""
"89253";"3299";"PLUi/PLUiS";"CC";"2021-04-11 22:00:00+00:00";"2015-12-15 23:00:00+00:00";"39";"89";"27";"2021";"NON";"OUI";"200039758";"";"";"";"2021-10-06";"143117";""
"89254";"3433";"PLU";"CC";"2007-05-30 22:00:00+00:00";"2003-05-22 22:00:00+00:00";"33";"89";"27";"2021";"NON";"NON";"200067130";"";"";"";"2021-10-06";"55510";""
"89256";"3499";"PLU";"CC";"2011-05-05 22:00:00+00:00";"2005-06-30 22:00:00+00:00";"39";"89";"27";"2021";"NON";"NON";"200067130";"";"";"";"2021-10-06";"63571";""
"89257";"3199";"PLU";"COM";"2006-09-12 22:00:00+00:00";"2003-10-21 22:00:00+00:00";"39";"89";"27";"2021";"NON";"NON";"89257";"";"";"";"2021-10-06";"55512";""
"89261";"3299";"PLUi/PLUiS";"CC";"2021-05-25 22:00:00+00:00";"2014-12-02 23:00:00+00:00";"39";"89";"27";"2021";"NON";"OUI";"89261";"";"";"";"2021-10-06";"134494";""
"89263";"3499";"PLU";"CA";"2011-10-09 22:00:00+00:00";"2006-12-10 23:00:00+00:00";"39";"89";"27";"2021";"NON";"NON";"200067114";"";"";"";"2021-10-06";"63572";""
"89265";"3499";"PLU";"CA";"2017-11-08 23:00:00+00:00";"2009-02-26 23:00:00+00:00";"39";"89";"27";"2021";"NON";"NON";"200067114";"";"";"";"2021-10-06";"63575";""
"89266";"3299";"PLUi/PLUiS";"CC";"2021-04-11 22:00:00+00:00";"2015-12-15 23:00:00+00:00";"39";"89";"27";"2021";"NON";"OUI";"89266";"";"";"";"2021-10-06";"143117";""
"89272";"3333";"PLUi/PLUiS";"CC";"2014-10-26 23:00:00+00:00";"2009-11-15 23:00:00+00:00";"33";"89";"27";"2021";"OUI";"NON";"200067130";"";"";"";"2021-10-06";"49090";""
"89281";"3299";"PLUi/PLUiS";"CC";"2020-01-28 23:00:00+00:00";"2016-07-11 22:00:00+00:00";"39";"89";"27";"2021";"NON";"OUI";"89281";"";"";"";"2021-10-06";"150320";""
"89282";"3199";"PLU";"COM";"2021-03-31 22:00:00+00:00";"2014-12-09 23:00:00+00:00";"39";"89";"27";"2021";"NON";"NON";"89282";"";"";"";"2021-10-06";"137194";""
"89283";"3499";"PLU";"CC";"2017-01-29 23:00:00+00:00";"2010-11-25 23:00:00+00:00";"39";"89";"27";"2021";"NON";"NON";"200067130";"";"";"";"2021-10-06";"50467";""
"89286";"3333";"PLUi/PLUiS";"CC";"2014-10-26 23:00:00+00:00";"2009-11-15 23:00:00+00:00";"33";"89";"27";"2021";"OUI";"NON";"200067130";"";"";"";"2021-10-06";"49090";""
"89287";"3432";"PLU";"CA";"2017-07-05 22:00:00+00:00";"2014-09-29 22:00:00+00:00";"33";"89";"27";"2021";"NON";"NON";"89287";"";"";"";"2021-10-06";"132805";""
"89288";"3199";"PLU";"COM";"2020-12-14 23:00:00+00:00";"2015-05-31 22:00:00+00:00";"39";"89";"27";"2021";"NON";"NON";"89288";"";"";"";"2021-10-06";"149491";""
"89289";"3299";"PLUi/PLUiS";"CC";"2019-12-17 23:00:00+00:00";"2015-09-29 22:00:00+00:00";"39";"89";"27";"2021";"NON";"OUI";"89289";"";"";"";"2021-10-06";"142042";""
"89292";"1199";"CC";"COM";"2015-09-24 22:00:00+00:00";"2012-09-20 22:00:00+00:00";"19";"89";"27";"2021";"NON";"NON";"89292";"";"";"";"2021-10-06";"114852";""
"89295";"3499";"PLU";"CA";"2018-06-20 22:00:00+00:00";"2015-02-15 23:00:00+00:00";"39";"89";"27";"2021";"NON";"NON";"200067114";"";"";"";"2021-10-06";"138016";""
"89296";"1432";"CC";"CC";"2006-11-23 23:00:00+00:00";"2003-04-14 22:00:00+00:00";"13";"89";"27";"2021";"NON";"NON";"200039642";"";"";"";"2021-10-06";"68769";""
"89297";"3299";"PLUi/PLUiS";"CC";"2021-04-11 22:00:00+00:00";"2015-12-15 23:00:00+00:00";"39";"89";"27";"2021";"NON";"OUI";"89297";"";"";"";"2021-10-06";"143117";""
"89302";"1432";"CC";"CC";"2007-11-11 23:00:00+00:00";"2003-06-12 22:00:00+00:00";"13";"89";"27";"2021";"NON";"NON";"89302";"";"";"";"2021-10-06";"68770";""
"89304";"3299";"PLUi/PLUiS";"CC";"2020-01-28 23:00:00+00:00";"2016-07-11 22:00:00+00:00";"39";"89";"27";"2021";"NON";"OUI";"89304";"";"";"";"2021-10-06";"150320";""
"89306";"3299";"PLUi/PLUiS";"CC";"2021-04-11 22:00:00+00:00";"2015-12-15 23:00:00+00:00";"39";"89";"27";"2021";"NON";"OUI";"89306";"";"";"";"2021-10-06";"143117";""
"89308";"3299";"PLUi/PLUiS";"CC";"2021-05-25 22:00:00+00:00";"2014-12-02 23:00:00+00:00";"39";"89";"27";"2021";"NON";"OUI";"89308";"";"";"";"2021-10-06";"134494";""
"89310";"3299";"PLUi/PLUiS";"CC";"2021-05-25 22:00:00+00:00";"2014-12-02 23:00:00+00:00";"39";"89";"27";"2021";"NON";"OUI";"89310";"";"";"";"2021-10-06";"134494";""
"89311";"3333";"PLUi/PLUiS";"CC";"2014-10-26 23:00:00+00:00";"2009-11-15 23:00:00+00:00";"33";"89";"27";"2021";"OUI";"NON";"200067130";"";"";"";"2021-10-06";"49090";""
"89313";"3299";"PLUi/PLUiS";"CC";"2019-12-17 23:00:00+00:00";"2015-09-29 22:00:00+00:00";"39";"89";"27";"2021";"NON";"OUI";"89313";"";"";"";"2021-10-06";"142042";""
"89314";"1199";"CC";"COM";"2015-07-29 22:00:00+00:00";"2009-06-11 22:00:00+00:00";"19";"89";"27";"2021";"NON";"NON";"89314";"";"";"";"2021-10-06";"118045";""
"89316";"3299";"PLUi/PLUiS";"CC";"2021-04-11 22:00:00+00:00";"2015-12-15 23:00:00+00:00";"39";"89";"27";"2021";"NON";"OUI";"89316";"";"";"";"2021-10-06";"143117";""
"89318";"3299";"PLUi/PLUiS";"CC";"2021-04-11 22:00:00+00:00";"2015-12-15 23:00:00+00:00";"39";"89";"27";"2021";"NON";"OUI";"89318";"";"";"";"2021-10-06";"143117";""
"89319";"3499";"PLU";"CA";"2014-03-12 23:00:00+00:00";"2009-02-09 23:00:00+00:00";"39";"89";"27";"2021";"NON";"NON";"200067114";"";"";"";"2021-10-06";"63747";""
"89324";"3433";"PLU";"CC";"2013-05-23 22:00:00+00:00";"2006-08-31 22:00:00+00:00";"33";"89";"27";"2021";"NON";"NON";"200067130";"";"";"";"2021-10-06";"63578";""
"89325";"3433";"PLU";"CC";"2011-04-14 22:00:00+00:00";"2006-08-31 22:00:00+00:00";"33";"89";"27";"2021";"NON";"NON";"200067130";"";"";"";"2021-10-06";"63579";""
"89326";"3432";"PLU";"CA";"2012-03-29 22:00:00+00:00";"2009-02-15 23:00:00+00:00";"33";"89";"27";"2021";"NON";"NON";"89326";"";"";"";"2021-10-06";"105534";""
"89327";"1432";"CC";"CA";"2015-07-01 22:00:00+00:00";"2011-06-26 22:00:00+00:00";"13";"89";"27";"2021";"NON";"NON";"89327";"";"";"";"2021-10-06";"100596";""
"89332";"3432";"PLU";"CC";"2012-10-04 22:00:00+00:00";"2008-06-19 22:00:00+00:00";"33";"89";"27";"2021";"NON";"NON";"89332";"";"";"";"2021-10-06";"64702";""
"89334";"3299";"PLUi/PLUiS";"CC";"2020-01-28 23:00:00+00:00";"2016-07-11 22:00:00+00:00";"39";"89";"27";"2021";"NON";"OUI";"89334";"";"";"";"2021-10-06";"150320";""
"89335";"3299";"PLUi/PLUiS";"CC";"2019-12-17 23:00:00+00:00";"2015-09-29 22:00:00+00:00";"39";"89";"27";"2021";"NON";"OUI";"89335";"";"";"";"2021-10-06";"142042";""
"89336";"3299";"PLUi/PLUiS";"CC";"2021-04-11 22:00:00+00:00";"2015-12-15 23:00:00+00:00";"39";"89";"27";"2021";"NON";"OUI";"89336";"";"";"";"2021-10-06";"143117";""
"89338";"3432";"PLU";"CA";"2012-02-16 23:00:00+00:00";"2008-11-16 23:00:00+00:00";"33";"89";"27";"2021";"NON";"NON";"89338";"";"";"";"2021-10-06";"64703";""
"89341";"1199";"CC";"COM";"2014-09-16 22:00:00+00:00";"2011-07-18 22:00:00+00:00";"19";"89";"27";"2021";"NON";"NON";"89341";"";"";"";"2021-10-06";"100640";""
"89342";"3432";"PLU";"CA";"2015-11-26 23:00:00+00:00";"2002-09-26 22:00:00+00:00";"33";"89";"27";"2021";"NON";"NON";"89342";"";"";"";"2021-10-06";"63333";""
"89344";"3433";"PLU";"CC";"2014-10-30 23:00:00+00:00";"2002-10-20 22:00:00+00:00";"33";"89";"27";"2021";"NON";"NON";"200067130";"";"";"";"2021-10-06";"11522";""
"89345";"3199";"PLU";"COM";"2008-12-11 23:00:00+00:00";"2004-10-03 22:00:00+00:00";"39";"89";"27";"2021";"NON";"NON";"89345";"";"";"";"2021-10-06";"55524";""
"89346";"3499";"PLU";"CA";"2016-11-06 23:00:00+00:00";"2010-12-12 23:00:00+00:00";"39";"89";"27";"2021";"NON";"NON";"200067114";"";"";"";"2021-10-06";"63580";""
"89347";"3299";"PLUi/PLUiS";"CC";"2021-04-11 22:00:00+00:00";"2015-12-15 23:00:00+00:00";"39";"89";"27";"2021";"NON";"OUI";"89347";"";"";"";"2021-10-06";"143117";""
"89348";"3299";"PLUi/PLUiS";"CC";"2019-12-17 23:00:00+00:00";"2015-09-29 22:00:00+00:00";"39";"89";"27";"2021";"NON";"OUI";"89348";"";"";"";"2021-10-06";"142042";""
"89349";"3299";"PLUi/PLUiS";"CC";"2021-04-11 22:00:00+00:00";"2015-12-15 23:00:00+00:00";"39";"89";"27";"2021";"NON";"OUI";"89349";"";"";"";"2021-10-06";"143117";""
"89351";"3299";"PLUi/PLUiS";"CC";"2021-04-11 22:00:00+00:00";"2015-12-15 23:00:00+00:00";"39";"89";"27";"2021";"NON";"OUI";"89351";"";"";"";"2021-10-06";"143117";""
"89353";"3299";"PLUi/PLUiS";"CC";"2019-12-17 23:00:00+00:00";"2015-09-29 22:00:00+00:00";"39";"89";"27";"2021";"NON";"OUI";"89353";"";"";"";"2021-10-06";"142042";""
"89354";"3432";"PLU";"CA";"2014-03-06 23:00:00+00:00";"2009-01-28 23:00:00+00:00";"33";"89";"27";"2021";"NON";"NON";"89354";"";"";"";"2021-10-06";"63581";""
"89359";"3299";"PLUi/PLUiS";"CC";"2021-05-25 22:00:00+00:00";"2014-12-02 23:00:00+00:00";"39";"89";"27";"2021";"NON";"OUI";"89359";"";"";"";"2021-10-06";"134494";""
"89360";"3299";"PLUi/PLUiS";"CC";"2020-01-28 23:00:00+00:00";"2016-07-11 22:00:00+00:00";"39";"89";"27";"2021";"NON";"OUI";"89360";"";"";"";"2021-10-06";"150320";""
"89361";"3299";"PLUi/PLUiS";"CC";"2020-01-28 23:00:00+00:00";"2016-07-11 22:00:00+00:00";"39";"89";"27";"2021";"NON";"OUI";"89361";"";"";"";"2021-10-06";"150320";""
"89362";"3299";"PLUi/PLUiS";"CC";"2021-04-11 22:00:00+00:00";"2015-12-15 23:00:00+00:00";"39";"89";"27";"2021";"NON";"OUI";"89362";"";"";"";"2021-10-06";"143117";""
"89364";"3299";"PLUi/PLUiS";"CC";"2021-04-11 22:00:00+00:00";"2015-12-15 23:00:00+00:00";"39";"89";"27";"2021";"NON";"OUI";"89364";"";"";"";"2021-10-06";"143117";""
"89373";"3432";"PLU";"CA";"2017-07-05 22:00:00+00:00";"2014-08-31 22:00:00+00:00";"33";"89";"27";"2021";"NON";"NON";"89373";"";"";"";"2021-10-06";"133752";""
"89378";"3299";"PLUi/PLUiS";"CC";"2021-04-11 22:00:00+00:00";"2015-12-15 23:00:00+00:00";"39";"89";"27";"2021";"NON";"OUI";"89378";"";"";"";"2021-10-06";"143117";""
"89380";"3332";"PLUi/PLUiS";"CC";"2010-04-08 22:00:00+00:00";"2007-03-08 23:00:00+00:00";"33";"89";"27";"2021";"OUI";"NON";"89380";"";"";"";"2021-10-06";"102249";""
"89382";"3199";"PLU";"COM";"2007-10-04 22:00:00+00:00";"2002-09-26 22:00:00+00:00";"39";"89";"27";"2021";"NON";"NON";"89382";"";"";"";"2021-10-06";"55535";""
"89383";"3499";"PLU";"CC";"2016-08-15 22:00:00+00:00";"2010-11-04 23:00:00+00:00";"39";"89";"27";"2021";"NON";"NON";"200067130";"";"";"";"2021-10-06";"99623";""
"89384";"3299";"PLUi/PLUiS";"CC";"2020-01-28 23:00:00+00:00";"2016-07-11 22:00:00+00:00";"39";"89";"27";"2021";"NON";"OUI";"89384";"";"";"";"2021-10-06";"150320";""
"89387";"3432";"PLU";"CA";"2009-04-15 22:00:00+00:00";"2008-10-30 23:00:00+00:00";"33";"89";"27";"2021";"NON";"NON";"89387";"";"";"";"2021-10-06";"6727";""
"89388";"3299";"PLUi/PLUiS";"CC";"2019-12-17 23:00:00+00:00";"2015-09-29 22:00:00+00:00";"39";"89";"27";"2021";"NON";"OUI";"89388";"";"";"";"2021-10-06";"142042";""
"89390";"3432";"PLU";"CC";"2017-05-29 22:00:00+00:00";"2011-12-08 23:00:00+00:00";"33";"89";"27";"2021";"NON";"NON";"89390";"";"";"";"2021-10-06";"100666";""
"89392";"3299";"PLUi/PLUiS";"CC";"2021-04-11 22:00:00+00:00";"2015-12-15 23:00:00+00:00";"39";"89";"27";"2021";"NON";"OUI";"89392";"";"";"";"2021-10-06";"143117";""
"89395";"3299";"PLUi/PLUiS";"CC";"2021-05-25 22:00:00+00:00";"2014-12-02 23:00:00+00:00";"39";"89";"27";"2021";"NON";"OUI";"89395";"";"";"";"2021-10-06";"134494";""
"89397";"3299";"PLUi/PLUiS";"CC";"2020-01-28 23:00:00+00:00";"2016-07-11 22:00:00+00:00";"39";"89";"27";"2021";"NON";"OUI";"89397";"";"";"";"2021-10-06";"150320";""
"89399";"3432";"PLU";"CA";"2006-12-20 23:00:00+00:00";"2003-02-09 23:00:00+00:00";"33";"89";"27";"2021";"NON";"NON";"89399";"";"";"";"2021-10-06";"55538";""
"89403";"1432";"CC";"CC";"2005-09-20 22:00:00+00:00";"2003-01-10 23:00:00+00:00";"13";"89";"27";"2021";"NON";"NON";"200039642";"";"";"";"2021-10-06";"11560";""
"89404";"3332";"PLUi/PLUiS";"CC";"2010-04-08 22:00:00+00:00";"2007-03-08 23:00:00+00:00";"33";"89";"27";"2021";"OUI";"NON";"89404";"";"";"";"2021-10-06";"102249";""
"89405";"3434";"PLU";"CC";"2016-08-21 22:00:00+00:00";"2010-11-30 23:00:00+00:00";"33";"89";"27";"2021";"NON";"NON";"200067130";"";"";"";"2021-10-06";"105673";""
"89409";"3299";"PLUi/PLUiS";"CC";"2021-04-11 22:00:00+00:00";"2015-12-15 23:00:00+00:00";"39";"89";"27";"2021";"NON";"OUI";"89409";"";"";"";"2021-10-06";"143117";""
"89410";"3299";"PLUi/PLUiS";"CC";"2021-04-11 22:00:00+00:00";"2015-12-15 23:00:00+00:00";"39";"89";"27";"2021";"NON";"OUI";"89410";"";"";"";"2021-10-06";"143117";""
"89411";"3299";"PLUi/PLUiS";"CC";"2021-05-25 22:00:00+00:00";"2014-12-02 23:00:00+00:00";"39";"89";"27";"2021";"NON";"OUI";"89411";"";"";"";"2021-10-06";"134494";""
"89414";"3432";"PLU";"CC";"2008-01-28 23:00:00+00:00";"2003-12-11 23:00:00+00:00";"33";"89";"27";"2021";"NON";"NON";"89414";"";"";"";"2021-10-06";"55544";""
"89415";"3299";"PLUi/PLUiS";"CC";"2021-04-11 22:00:00+00:00";"2015-12-15 23:00:00+00:00";"39";"89";"27";"2021";"NON";"OUI";"89415";"";"";"";"2021-10-06";"143117";""
"89418";"3432";"PLU";"CC";"2006-05-22 22:00:00+00:00";"2002-05-16 22:00:00+00:00";"33";"89";"27";"2021";"NON";"NON";"200039642";"";"";"";"2021-10-06";"55540";""
"89419";"3333";"PLUi/PLUiS";"CC";"2014-10-26 23:00:00+00:00";"2009-11-15 23:00:00+00:00";"33";"89";"27";"2021";"OUI";"NON";"200067130";"";"";"";"2021-10-06";"49090";""
"89427";"3499";"PLU";"CA";"2016-03-30 22:00:00+00:00";"2010-04-28 22:00:00+00:00";"39";"89";"27";"2021";"NON";"NON";"200067114";"";"";"";"2021-10-06";"64281";""
"89430";"1199";"CC";"COM";"2016-09-28 22:00:00+00:00";"2014-10-15 22:00:00+00:00";"19";"89";"27";"2021";"NON";"NON";"89430";"";"";"";"2021-10-06";"134112";""
"89432";"3299";"PLUi/PLUiS";"CC";"2021-05-25 22:00:00+00:00";"2014-12-02 23:00:00+00:00";"39";"89";"27";"2021";"NON";"OUI";"89432";"";"";"";"2021-10-06";"134494";""
"89433";"3299";"PLUi/PLUiS";"CC";"2021-04-11 22:00:00+00:00";"2015-12-15 23:00:00+00:00";"39";"89";"27";"2021";"NON";"OUI";"89433";"";"";"";"2021-10-06";"143117";""
"89434";"3299";"PLUi/PLUiS";"CC";"2021-05-25 22:00:00+00:00";"2014-12-02 23:00:00+00:00";"39";"89";"27";"2021";"NON";"OUI";"89434";"";"";"";"2021-10-06";"134494";""
"89436";"3199";"PLU";"COM";"2014-03-16 23:00:00+00:00";"2007-02-13 23:00:00+00:00";"39";"89";"27";"2021";"NON";"NON";"89436";"";"";"";"2021-10-06";"63584";""
"89438";"3499";"PLU";"CA";"2013-05-28 22:00:00+00:00";"2008-08-28 22:00:00+00:00";"39";"89";"27";"2021";"NON";"NON";"200067114";"";"";"";"2021-10-06";"64282";""
"89439";"3199";"PLU";"COM";"2007-10-21 22:00:00+00:00";"2001-09-02 22:00:00+00:00";"39";"89";"27";"2021";"NON";"NON";"89439";"";"";"";"2021-10-06";"55547";""
"89440";"3299";"PLUi/PLUiS";"CC";"2019-12-17 23:00:00+00:00";"2015-09-29 22:00:00+00:00";"39";"89";"27";"2021";"NON";"OUI";"89440";"";"";"";"2021-10-06";"142042";""
"89441";"3199";"PLU";"COM";"2021-01-27 23:00:00+00:00";"2016-05-30 22:00:00+00:00";"39";"89";"27";"2021";"NON";"NON";"89441";"";"";"";"2021-10-06";"148885";""
"89442";"3332";"PLUi/PLUiS";"CC";"2010-04-08 22:00:00+00:00";"2007-03-08 23:00:00+00:00";"33";"89";"27";"2021";"OUI";"NON";"89442";"";"";"";"2021-10-06";"102249";""
"89446";"3299";"PLUi/PLUiS";"CC";"2021-04-11 22:00:00+00:00";"2015-12-15 23:00:00+00:00";"39";"89";"27";"2021";"NON";"OUI";"89446";"";"";"";"2021-10-06";"143117";""
"89451";"3299";"PLUi/PLUiS";"CC";"2021-05-25 22:00:00+00:00";"2014-12-02 23:00:00+00:00";"39";"89";"27";"2021";"NON";"OUI";"89451";"";"";"";"2021-10-06";"134494";""
"89452";"3299";"PLUi/PLUiS";"CC";"2019-12-17 23:00:00+00:00";"2015-09-29 22:00:00+00:00";"39";"89";"27";"2021";"NON";"OUI";"89452";"";"";"";"2021-10-06";"142042";""
"89453";"3499";"PLU";"CA";"2017-03-22 23:00:00+00:00";"2014-12-09 23:00:00+00:00";"39";"89";"27";"2021";"NON";"NON";"200067114";"";"";"";"2021-10-06";"130674";""
"89459";"3332";"PLUi/PLUiS";"CC";"2010-04-08 22:00:00+00:00";"2007-03-08 23:00:00+00:00";"33";"89";"27";"2021";"OUI";"NON";"89459";"";"";"";"2021-10-06";"102249";""
"89460";"3432";"PLU";"CC";"2016-11-30 23:00:00+00:00";"2011-05-19 22:00:00+00:00";"33";"89";"27";"2021";"NON";"NON";"89460";"";"";"";"2021-10-06";"100679";""
"89461";"3299";"PLUi/PLUiS";"CC";"2021-05-25 22:00:00+00:00";"2014-12-02 23:00:00+00:00";"39";"89";"27";"2021";"NON";"OUI";"89461";"";"";"";"2021-10-06";"134494";""
"89463";"3499";"PLU";"CA";"2018-09-24 22:00:00+00:00";"2015-01-15 23:00:00+00:00";"39";"89";"27";"2021";"NON";"NON";"200067114";"";"";"";"2021-10-06";"136700";""
"89464";"3432";"PLU";"CA";"2006-12-05 23:00:00+00:00";"2003-02-25 23:00:00+00:00";"33";"89";"27";"2021";"NON";"NON";"89464";"";"";"";"2021-10-06";"55559";""
"89466";"3332";"PLUi/PLUiS";"CC";"2010-04-08 22:00:00+00:00";"2007-03-08 23:00:00+00:00";"33";"89";"27";"2021";"OUI";"NON";"89466";"";"";"";"2021-10-06";"102249";""
"89468";"3299";"PLUi/PLUiS";"CC";"2019-12-17 23:00:00+00:00";"2015-09-29 22:00:00+00:00";"39";"89";"27";"2021";"NON";"OUI";"89468";"";"";"";"2021-10-06";"142042";""
"89471";"1432";"CC";"CA";"2005-10-02 22:00:00+00:00";"2002-06-11 22:00:00+00:00";"13";"89";"27";"2021";"NON";"NON";"89471";"";"";"";"2021-10-06";"68775";""
"89472";"3333";"PLUi/PLUiS";"CC";"2014-10-26 23:00:00+00:00";"2009-11-15 23:00:00+00:00";"33";"89";"27";"2021";"OUI";"NON";"200067130";"";"";"";"2021-10-06";"49090";""
"89475";"1432";"CC";"CC";"2013-04-01 22:00:00+00:00";"2008-11-27 23:00:00+00:00";"13";"89";"27";"2021";"NON";"NON";"200039642";"";"";"";"2021-10-06";"67253";""
"89480";"3432";"PLU";"CC";"2017-03-12 23:00:00+00:00";"2013-02-21 23:00:00+00:00";"33";"89";"27";"2021";"NON";"NON";"89480";"";"";"";"2021-10-06";"120982";""
"89485";"3299";"PLUi/PLUiS";"CC";"2021-04-11 22:00:00+00:00";"2015-12-15 23:00:00+00:00";"39";"89";"27";"2021";"NON";"OUI";"89485";"";"";"";"2021-10-06";"143117";""
"90001";"3199";"PLU";"COM";"2020-02-12 23:00:00+00:00";"2012-06-27 22:00:00+00:00";"39";"90";"27";"2021";"NON";"NON";"90001";"";"";"";"2021-10-06";"116106";""
"90002";"1199";"CC";"COM";"2013-07-18 22:00:00+00:00";"2011-06-27 22:00:00+00:00";"19";"90";"27";"2021";"NON";"NON";"90002";"";"";"";"2021-10-06";"116112";""
"90003";"3432";"PLU";"CC";"2013-02-13 23:00:00+00:00";"2008-06-26 22:00:00+00:00";"33";"90";"27";"2021";"NON";"NON";"200069060";"";"";"";"2021-10-06";"63595";""
"90004";"3199";"PLU";"COM";"2018-06-29 22:00:00+00:00";"2010-01-28 23:00:00+00:00";"39";"90";"27";"2021";"NON";"NON";"90004";"";"";"";"2021-10-06";"63596";""
"90007";"1199";"CC";"COM";"2004-01-26 23:00:00+00:00";"2002-05-02 22:00:00+00:00";"19";"90";"27";"2021";"NON";"NON";"90007";"";"";"";"2021-10-06";"68779";""
"90008";"3199";"PLU";"COM";"2013-10-07 22:00:00+00:00";"2008-12-08 23:00:00+00:00";"39";"90";"27";"2021";"NON";"NON";"90008";"";"";"";"2021-10-06";"63597";""
"90009";"3199";"PLU";"COM";"2018-12-02 23:00:00+00:00";"2014-07-07 22:00:00+00:00";"39";"90";"27";"2021";"NON";"NON";"90009";"";"";"";"2021-10-06";"134326";""
"90010";"3131";"PLU";"COM";"2004-12-08 23:00:00+00:00";"2002-03-14 23:00:00+00:00";"33";"90";"27";"2021";"NON";"NON";"90010";"";"";"";"2021-10-06";"1859";""
"90011";"3131";"PLU";"COM";"2009-06-17 22:00:00+00:00";"2006-06-06 22:00:00+00:00";"33";"90";"27";"2021";"NON";"NON";"90011";"";"";"";"2021-10-06";"55572";""
"90012";"3131";"PLU";"COM";"2010-07-08 22:00:00+00:00";"2003-05-01 22:00:00+00:00";"33";"90";"27";"2021";"NON";"NON";"90012";"";"";"";"2021-10-06";"55578";""
"90014";"1199";"CC";"COM";"2005-07-10 22:00:00+00:00";"2002-06-20 22:00:00+00:00";"19";"90";"27";"2021";"NON";"NON";"90014";"";"";"";"2021-10-06";"116164";""
"90015";"3199";"PLU";"COM";"2015-05-18 22:00:00+00:00";"2011-08-16 22:00:00+00:00";"39";"90";"27";"2021";"NON";"NON";"90015";"";"";"";"2021-10-06";"96302";""
"90017";"3199";"PLU";"COM";"2021-02-15 23:00:00+00:00";"2014-12-15 23:00:00+00:00";"39";"90";"27";"2021";"NON";"NON";"90017";"";"";"";"2021-10-06";"134340";""
"90018";"1199";"CC";"COM";"2005-07-20 22:00:00+00:00";"2002-05-24 22:00:00+00:00";"19";"90";"27";"2021";"NON";"NON";"90018";"";"";"";"2021-10-06";"68781";""
"90020";"3199";"PLU";"COM";"2019-02-26 23:00:00+00:00";"2014-12-02 23:00:00+00:00";"39";"90";"27";"2021";"NON";"NON";"90020";"";"";"";"2021-10-06";"134353";""
"90022";"3199";"PLU";"COM";"2013-03-10 23:00:00+00:00";"2008-06-26 22:00:00+00:00";"39";"90";"27";"2021";"NON";"NON";"90022";"";"";"";"2021-10-06";"63587";""
"90023";"3432";"PLU";"CC";"2011-03-24 23:00:00+00:00";"1992-05-06 22:00:00+00:00";"33";"90";"27";"2021";"NON";"NON";"200069060";"";"";"";"2021-10-06";"63588";""
"90024";"1199";"CC";"COM";"2007-04-24 22:00:00+00:00";"2003-11-01 23:00:00+00:00";"19";"90";"27";"2021";"NON";"NON";"90024";"";"";"";"2021-10-06";"70180";""
"90025";"1199";"CC";"COM";"2017-07-06 22:00:00+00:00";"2015-03-20 23:00:00+00:00";"19";"90";"27";"2021";"NON";"NON";"90025";"";"";"";"2021-10-06";"138699";""
"90027";"1199";"CC";"COM";"2008-12-04 23:00:00+00:00";"2004-05-13 22:00:00+00:00";"19";"90";"27";"2021";"NON";"NON";"90027";"";"";"";"2021-10-06";"68782";""
"90029";"3199";"PLU";"COM";"2020-12-06 23:00:00+00:00";"2013-09-22 22:00:00+00:00";"39";"90";"27";"2021";"NON";"NON";"90029";"";"";"";"2021-10-06";"126231";""
"90031";"1199";"CC";"COM";"2005-10-17 22:00:00+00:00";"2002-04-08 22:00:00+00:00";"19";"90";"27";"2021";"NON";"NON";"90031";"";"";"";"2021-10-06";"68783";""
"90032";"3199";"PLU";"COM";"2006-04-17 22:00:00+00:00";"2001-12-16 23:00:00+00:00";"39";"90";"27";"2021";"NON";"NON";"90032";"";"";"";"2021-10-06";"55576";""
"90033";"3199";"PLU";"COM";"2018-12-16 23:00:00+00:00";"2013-01-31 23:00:00+00:00";"39";"90";"27";"2021";"NON";"NON";"90033";"";"";"";"2021-10-06";"126232";""
"90034";"3199";"PLU";"COM";"2014-03-18 23:00:00+00:00";"2010-01-21 23:00:00+00:00";"39";"90";"27";"2021";"NON";"NON";"90034";"";"";"";"2021-10-06";"64285";""
"90035";"3199";"PLU";"COM";"2005-06-19 22:00:00+00:00";"2001-12-09 23:00:00+00:00";"39";"90";"27";"2021";"NON";"NON";"90035";"";"";"";"2021-10-06";"55583";""
"90037";"3199";"PLU";"COM";"2019-06-10 22:00:00+00:00";"2015-05-17 22:00:00+00:00";"39";"90";"27";"2021";"NON";"NON";"90037";"";"";"";"2021-10-06";"144288";""
"90039";"3199";"PLU";"COM";"2018-11-18 23:00:00+00:00";"2015-09-27 22:00:00+00:00";"39";"90";"27";"2021";"NON";"NON";"90039";"";"";"";"2021-10-06";"134355";""
"90041";"3432";"PLU";"CC";"2010-05-02 22:00:00+00:00";"2005-06-02 22:00:00+00:00";"33";"90";"27";"2021";"NON";"NON";"200069060";"";"";"";"2021-10-06";"55584";""
"90042";"3199";"PLU";"COM";"2019-02-26 23:00:00+00:00";"2014-11-25 23:00:00+00:00";"39";"90";"27";"2021";"NON";"NON";"90042";"";"";"";"2021-10-06";"134356";""
"90045";"3199";"PLU";"COM";"2014-12-11 23:00:00+00:00";"2009-09-10 22:00:00+00:00";"39";"90";"27";"2021";"NON";"NON";"90045";"";"";"";"2021-10-06";"64286";""
"90046";"1199";"CC";"COM";"2013-06-24 22:00:00+00:00";"2009-07-01 22:00:00+00:00";"19";"90";"27";"2021";"NON";"NON";"90046";"";"";"";"2021-10-06";"66514";""
"90049";"3131";"PLU";"COM";"2008-02-14 23:00:00+00:00";"2002-12-19 23:00:00+00:00";"33";"90";"27";"2021";"NON";"NON";"90049";"";"";"";"2021-10-06";"55587";""
"90050";"3199";"PLU";"COM";"2017-02-23 23:00:00+00:00";"2010-07-11 22:00:00+00:00";"39";"90";"27";"2021";"NON";"NON";"90050";"";"";"";"2021-10-06";"64287";""
"90051";"3131";"PLU";"COM";"2011-11-08 23:00:00+00:00";"2008-08-07 22:00:00+00:00";"33";"90";"27";"2021";"NON";"NON";"90051";"";"";"";"2021-10-06";"63591";""
"90052";"3432";"PLU";"CC";"2011-03-10 23:00:00+00:00";"2001-12-13 23:00:00+00:00";"33";"90";"27";"2021";"NON";"NON";"200069060";"";"";"";"2021-10-06";"63592";""
"90053";"3199";"PLU";"COM";"2006-01-19 23:00:00+00:00";"1993-07-18 22:00:00+00:00";"39";"90";"27";"2021";"NON";"NON";"90053";"";"";"";"2021-10-06";"55589";""
"90055";"1199";"CC";"COM";"2006-04-09 22:00:00+00:00";"2003-03-27 23:00:00+00:00";"19";"90";"27";"2021";"NON";"NON";"90055";"";"";"";"2021-10-06";"68784";""
"90056";"3199";"PLU";"COM";"2020-02-12 23:00:00+00:00";"2014-09-25 22:00:00+00:00";"39";"90";"27";"2021";"NON";"NON";"90056";"";"";"";"2021-10-06";"134357";""
"90058";"3432";"PLU";"CC";"2013-05-05 22:00:00+00:00";"2004-09-30 22:00:00+00:00";"33";"90";"27";"2021";"NON";"NON";"200069060";"";"";"";"2021-10-06";"64288";""
"90059";"1199";"CC";"COM";"2004-06-24 22:00:00+00:00";"2002-02-07 23:00:00+00:00";"19";"90";"27";"2021";"NON";"NON";"90059";"";"";"";"2021-10-06";"68785";""
"90060";"1199";"CC";"COM";"2004-06-24 22:00:00+00:00";"2001-12-06 23:00:00+00:00";"19";"90";"27";"2021";"NON";"NON";"90060";"";"";"";"2021-10-06";"68786";""
"90063";"3199";"PLU";"COM";"2016-12-23 23:00:00+00:00";"2014-11-02 23:00:00+00:00";"39";"90";"27";"2021";"NON";"NON";"90063";"";"";"";"2021-10-06";"154032";""
"90066";"3432";"PLU";"CC";"2016-06-16 22:00:00+00:00";"2010-04-13 22:00:00+00:00";"33";"90";"27";"2021";"NON";"NON";"200069060";"";"";"";"2021-10-06";"64290";""
"90067";"1199";"CC";"COM";"2009-12-15 23:00:00+00:00";"2009-01-29 23:00:00+00:00";"19";"90";"27";"2021";"NON";"NON";"90067";"";"";"";"2021-10-06";"68652";""
"90068";"3131";"PLU";"COM";"2009-03-24 23:00:00+00:00";"2003-11-20 23:00:00+00:00";"33";"90";"27";"2021";"NON";"NON";"90068";"";"";"";"2021-10-06";"55588";""
"90069";"3199";"PLU";"COM";"2021-03-07 23:00:00+00:00";"2014-06-23 22:00:00+00:00";"39";"90";"27";"2021";"NON";"NON";"90069";"";"";"";"2021-10-06";"134361";""
"90074";"3199";"PLU";"COM";"2015-11-26 23:00:00+00:00";"2013-06-05 22:00:00+00:00";"39";"90";"27";"2021";"NON";"NON";"90074";"";"";"";"2021-10-06";"126248";""
"90075";"3131";"PLU";"COM";"2005-05-29 22:00:00+00:00";"2002-03-14 23:00:00+00:00";"33";"90";"27";"2021";"NON";"NON";"90075";"";"";"";"2021-10-06";"55590";""
"90076";"3131";"PLU";"COM";"2013-06-23 22:00:00+00:00";"2000-12-20 23:00:00+00:00";"33";"90";"27";"2021";"NON";"NON";"90076";"";"";"";"2021-10-06";"63594";""
"90077";"1199";"CC";"COM";"2007-11-18 23:00:00+00:00";"2005-10-16 22:00:00+00:00";"19";"90";"27";"2021";"NON";"NON";"90077";"";"";"";"2021-10-06";"68787";""
"90080";"1199";"CC";"COM";"2009-01-08 23:00:00+00:00";"2004-10-10 22:00:00+00:00";"19";"90";"27";"2021";"NON";"NON";"90080";"";"";"";"2021-10-06";"68788";""
"90082";"3199";"PLU";"COM";"2019-11-24 23:00:00+00:00";"2014-11-03 23:00:00+00:00";"39";"90";"27";"2021";"NON";"NON";"90082";"";"";"";"2021-10-06";"134352";""
"90083";"1199";"CC";"COM";"2014-11-27 23:00:00+00:00";"2012-03-07 23:00:00+00:00";"19";"90";"27";"2021";"NON";"NON";"90083";"";"";"";"2021-10-06";"106097";""
"90086";"1432";"CC";"CC";"2009-02-10 23:00:00+00:00";"2007-03-29 22:00:00+00:00";"13";"90";"27";"2021";"NON";"NON";"200069060";"";"";"";"2021-10-06";"70181";""
"90087";"3199";"PLU";"COM";"2019-06-27 22:00:00+00:00";"2011-12-29 23:00:00+00:00";"39";"90";"27";"2021";"NON";"NON";"90087";"";"";"";"2021-10-06";"106104";""
"90088";"3432";"PLU";"CC";"2005-06-22 22:00:00+00:00";"2001-10-04 22:00:00+00:00";"33";"90";"27";"2021";"NON";"NON";"200069060";"";"";"";"2021-10-06";"55603";""
"90089";"3432";"PLU";"CC";"2007-12-16 23:00:00+00:00";"2000-11-29 23:00:00+00:00";"33";"90";"27";"2021";"NON";"NON";"200069060";"";"";"";"2021-10-06";"55604";""
"90090";"3131";"PLU";"COM";"2008-12-04 23:00:00+00:00";"2006-02-19 23:00:00+00:00";"33";"90";"27";"2021";"NON";"NON";"90090";"";"";"";"2021-10-06";"55605";""
"90091";"3432";"PLU";"CC";"2006-05-11 22:00:00+00:00";"2003-11-20 23:00:00+00:00";"33";"90";"27";"2021";"NON";"NON";"200069060";"";"";"";"2021-10-06";"55612";""
"90093";"3199";"PLU";"COM";"2015-09-06 22:00:00+00:00";"2010-05-31 22:00:00+00:00";"39";"90";"27";"2021";"NON";"NON";"90093";"";"";"";"2021-10-06";"64291";""
"90094";"3199";"PLU";"COM";"2016-12-13 23:00:00+00:00";"2015-04-21 22:00:00+00:00";"39";"90";"27";"2021";"NON";"NON";"90094";"";"";"";"2021-10-06";"138697";""
"90095";"3131";"PLU";"COM";"2008-09-03 22:00:00+00:00";"2005-03-24 23:00:00+00:00";"33";"90";"27";"2021";"NON";"NON";"90095";"";"";"";"2021-10-06";"55613";""
"90097";"3199";"PLU";"COM";"2020-06-01 22:00:00+00:00";"2014-11-02 23:00:00+00:00";"39";"90";"27";"2021";"NON";"NON";"90097";"";"";"";"2021-10-06";"134679";""
"90098";"3199";"PLU";"COM";"2017-12-17 23:00:00+00:00";"2013-06-04 22:00:00+00:00";"39";"90";"27";"2021";"NON";"NON";"90098";"";"";"";"2021-10-06";"126253";""
"90101";"1199";"CC";"COM";"2008-03-16 23:00:00+00:00";"2005-07-20 22:00:00+00:00";"19";"90";"27";"2021";"NON";"NON";"90101";"";"";"";"2021-10-06";"68794";""
"90103";"3199";"PLU";"COM";"2017-10-25 22:00:00+00:00";"2012-02-22 23:00:00+00:00";"39";"90";"27";"2021";"NON";"NON";"90103";"";"";"";"2021-10-06";"106103";""
"90104";"3131";"PLU";"COM";"2003-09-28 22:00:00+00:00";"2001-06-19 22:00:00+00:00";"33";"90";"27";"2021";"NON";"NON";"90104";"";"";"";"2021-10-06";"55609";""
"91001";"1199";"CC";"COM";"2019-02-21 23:00:00+00:00";"2014-12-02 23:00:00+00:00";"19";"91";"11";"2021";"NON";"NON";"91001";"";"";"";"2021-10-06";"144570";""
"91016";"3199";"PLU";"COM";"2018-09-10 22:00:00+00:00";"2015-06-23 22:00:00+00:00";"39";"91";"11";"2021";"NON";"NON";"91016";"";"";"";"2021-10-06";"144571";""
"91017";"3199";"PLU";"COM";"2020-02-03 23:00:00+00:00";"2018-12-18 23:00:00+00:00";"39";"91";"11";"2021";"NON";"NON";"91017";"";"";"";"2021-10-06";"167578";""
"91021";"3199";"PLU";"COM";"2019-09-24 22:00:00+00:00";"2014-04-29 22:00:00+00:00";"39";"91";"11";"2021";"NON";"NON";"91021";"";"";"";"2021-10-06";"134798";""
"91022";"1199";"CC";"COM";"2020-08-19 22:00:00+00:00";"2017-11-13 23:00:00+00:00";"19";"91";"11";"2021";"NON";"NON";"91022";"";"";"";"2021-10-06";"160722";""
"91027";"3432";"PLU";"EPT";"2018-06-25 22:00:00+00:00";"2014-09-23 22:00:00+00:00";"33";"91";"11";"2021";"NON";"NON";"91027";"";"";"";"2021-10-06";"134799";""
"91037";"3199";"PLU";"COM";"2018-06-15 22:00:00+00:00";"2015-09-22 22:00:00+00:00";"39";"91";"11";"2021";"NON";"NON";"91037";"";"";"";"2021-10-06";"144362";""
"91038";"3199";"PLU";"COM";"2012-12-14 23:00:00+00:00";"2007-04-02 22:00:00+00:00";"39";"91";"11";"2021";"NON";"NON";"91038";"";"";"";"2021-10-06";"63600";""
"91041";"3131";"PLU";"COM";"2007-11-27 23:00:00+00:00";"1992-03-06 23:00:00+00:00";"33";"91";"11";"2021";"NON";"NON";"91041";"";"";"";"2021-10-06";"55614";""
"91044";"3199";"PLU";"COM";"2019-06-26 22:00:00+00:00";"2016-09-21 22:00:00+00:00";"39";"91";"11";"2021";"NON";"NON";"91044";"";"";"";"2021-10-06";"151282";""
"91045";"3131";"PLU";"COM";"2012-03-07 23:00:00+00:00";"2008-10-13 22:00:00+00:00";"33";"91";"11";"2021";"NON";"NON";"91045";"";"";"";"2021-10-06";"64293";""
"91047";"3131";"PLU";"COM";"2016-06-13 22:00:00+00:00";"2011-06-16 22:00:00+00:00";"33";"91";"11";"2021";"NON";"NON";"91047";"";"";"";"2021-10-06";"90338";""
"91064";"3199";"PLU";"COM";"2019-10-14 22:00:00+00:00";"2016-02-15 23:00:00+00:00";"39";"91";"11";"2021";"NON";"NON";"91064";"";"";"";"2021-10-06";"148489";""
"91067";"3199";"PLU";"COM";"2020-11-04 23:00:00+00:00";"2015-11-12 23:00:00+00:00";"39";"91";"11";"2021";"NON";"NON";"91067";"";"";"";"2021-10-06";"144584";""
"91069";"3199";"PLU";"COM";"2017-11-23 23:00:00+00:00";"2010-10-14 22:00:00+00:00";"39";"91";"11";"2021";"NON";"NON";"91069";"";"";"";"2021-10-06";"144623";""
"91079";"3199";"PLU";"COM";"2005-02-23 23:00:00+00:00";"2002-07-01 22:00:00+00:00";"39";"91";"11";"2021";"NON";"NON";"91079";"";"";"";"2021-10-06";"55619";""
"91080";"3199";"PLU";"COM";"2016-06-29 22:00:00+00:00";"2010-04-11 22:00:00+00:00";"39";"91";"11";"2021";"NON";"NON";"91080";"";"";"";"2021-10-06";"115154";""
"91081";"3199";"PLU";"COM";"2018-02-07 23:00:00+00:00";"2015-07-22 22:00:00+00:00";"39";"91";"11";"2021";"NON";"NON";"91081";"";"";"";"2021-10-06";"146116";""
"91085";"3199";"PLU";"COM";"2019-02-11 23:00:00+00:00";"2014-05-29 22:00:00+00:00";"39";"91";"11";"2021";"NON";"NON";"91085";"";"";"";"2021-10-06";"134923";""
"91086";"3199";"PLU";"COM";"2020-02-05 23:00:00+00:00";"2014-06-25 22:00:00+00:00";"39";"91";"11";"2021";"NON";"NON";"91086";"";"";"";"2021-10-06";"134802";""
"91093";"3199";"PLU";"COM";"2019-06-03 22:00:00+00:00";"2015-06-28 22:00:00+00:00";"39";"91";"11";"2021";"NON";"NON";"91093";"";"";"";"2021-10-06";"146117";""
"91095";"3199";"PLU";"COM";"2014-02-12 23:00:00+00:00";"2011-05-29 22:00:00+00:00";"39";"91";"11";"2021";"NON";"NON";"91095";"";"";"";"2021-10-06";"90339";""
"91097";"3199";"PLU";"COM";"2012-06-27 22:00:00+00:00";"2008-12-18 23:00:00+00:00";"39";"91";"11";"2021";"NON";"NON";"91097";"";"";"";"2021-10-06";"64295";""
"91098";"3199";"PLU";"COM";"2018-03-05 23:00:00+00:00";"2014-12-07 23:00:00+00:00";"39";"91";"11";"2021";"NON";"NON";"91098";"";"";"";"2021-10-06";"135632";""
"91099";"3199";"PLU";"COM";"2017-04-23 22:00:00+00:00";"2009-06-23 22:00:00+00:00";"39";"91";"11";"2021";"NON";"NON";"91099";"";"";"";"2021-10-06";"64296";""
"91100";"3199";"PLU";"COM";"2018-06-24 22:00:00+00:00";"2015-03-15 23:00:00+00:00";"39";"91";"11";"2021";"NON";"NON";"91100";"";"";"";"2021-10-06";"134836";""
"91103";"3199";"PLU";"COM";"2013-12-16 23:00:00+00:00";"2009-11-11 23:00:00+00:00";"39";"91";"11";"2021";"NON";"NON";"91103";"";"";"";"2021-10-06";"63602";""
"91105";"3131";"PLU";"COM";"2013-12-17 23:00:00+00:00";"2009-06-23 22:00:00+00:00";"33";"91";"11";"2021";"NON";"NON";"91105";"";"";"";"2021-10-06";"64780";""
"91106";"3199";"PLU";"COM";"2018-10-12 22:00:00+00:00";"2014-06-24 22:00:00+00:00";"39";"91";"11";"2021";"NON";"NON";"91106";"";"";"";"2021-10-06";"134804";""
"91109";"3199";"PLU";"COM";"2020-01-22 23:00:00+00:00";"2016-05-09 22:00:00+00:00";"39";"91";"11";"2021";"NON";"NON";"91109";"";"";"";"2021-10-06";"151283";""
"91111";"3131";"PLU";"COM";"2008-06-29 22:00:00+00:00";"2002-10-03 22:00:00+00:00";"33";"91";"11";"2021";"NON";"NON";"91111";"";"";"";"2021-10-06";"55617";""
"91112";"3199";"PLU";"COM";"2013-12-16 23:00:00+00:00";"2009-05-17 22:00:00+00:00";"39";"91";"11";"2021";"NON";"NON";"91112";"";"";"";"2021-10-06";"64297";""
"91114";"3199";"PLU";"COM";"2021-02-10 23:00:00+00:00";"2016-06-22 22:00:00+00:00";"39";"91";"11";"2021";"NON";"NON";"91114";"";"";"";"2021-10-06";"151229";""
"91115";"3199";"PLU";"COM";"2018-01-30 23:00:00+00:00";"2014-09-23 22:00:00+00:00";"39";"91";"11";"2021";"NON";"NON";"91115";"";"";"";"2021-10-06";"134805";""
"91121";"3199";"PLU";"COM";"2004-09-05 22:00:00+00:00";"1998-11-29 23:00:00+00:00";"39";"91";"11";"2021";"NON";"NON";"91121";"";"";"";"2021-10-06";"59968";""
"91122";"3199";"PLU";"COM";"2018-06-24 22:00:00+00:00";"2016-02-14 23:00:00+00:00";"39";"91";"11";"2021";"NON";"NON";"91122";"";"";"";"2021-10-06";"148483";""
"91129";"3199";"PLU";"COM";"2021-05-19 22:00:00+00:00";"2011-09-14 22:00:00+00:00";"39";"91";"11";"2021";"NON";"NON";"91129";"";"";"";"2021-10-06";"90340";""
"91130";"3199";"PLU";"COM";"2013-09-22 22:00:00+00:00";"2008-05-22 22:00:00+00:00";"39";"91";"11";"2021";"NON";"NON";"91130";"";"";"";"2021-10-06";"63606";""
"91131";"3199";"PLU";"COM";"2014-03-16 23:00:00+00:00";"2006-09-24 22:00:00+00:00";"39";"91";"11";"2021";"NON";"NON";"91131";"";"";"";"2021-10-06";"63607";""
"91132";"3131";"PLU";"COM";"2016-11-08 23:00:00+00:00";"2010-06-21 22:00:00+00:00";"33";"91";"11";"2021";"NON";"NON";"91132";"";"";"";"2021-10-06";"144629";""
"91135";"3131";"PLU";"COM";"2010-02-15 23:00:00+00:00";"2006-09-07 22:00:00+00:00";"33";"91";"11";"2021";"NON";"NON";"91135";"";"";"";"2021-10-06";"55623";""
"91136";"3199";"PLU";"COM";"2020-02-01 23:00:00+00:00";"2010-09-27 22:00:00+00:00";"39";"91";"11";"2021";"NON";"NON";"91136";"";"";"";"2021-10-06";"63609";""
"91137";"3199";"PLU";"COM";"2014-05-15 22:00:00+00:00";"2010-04-01 22:00:00+00:00";"39";"91";"11";"2021";"NON";"NON";"91137";"";"";"";"2021-10-06";"134918";""
"91145";"3199";"PLU";"COM";"2018-01-21 23:00:00+00:00";"2015-02-22 23:00:00+00:00";"39";"91";"11";"2021";"NON";"NON";"91145";"";"";"";"2021-10-06";"134837";""
"91148";"3199";"PLU";"COM";"2019-12-08 23:00:00+00:00";"2015-04-12 22:00:00+00:00";"39";"91";"11";"2021";"NON";"NON";"91148";"";"";"";"2021-10-06";"144631";""
"91156";"3199";"PLU";"COM";"2019-02-18 23:00:00+00:00";"2016-02-15 23:00:00+00:00";"39";"91";"11";"2021";"NON";"NON";"91156";"";"";"";"2021-10-06";"148484";""
"91159";"3199";"PLU";"COM";"2017-04-11 22:00:00+00:00";"2014-07-01 22:00:00+00:00";"39";"91";"11";"2021";"NON";"NON";"91159";"";"";"";"2021-10-06";"128646";""
"91161";"3131";"PLU";"COM";"2018-09-19 22:00:00+00:00";"2015-05-19 22:00:00+00:00";"33";"91";"11";"2021";"NON";"NON";"91161";"";"";"";"2021-10-06";"141649";""
"91174";"3199";"PLU";"COM";"2019-10-16 22:00:00+00:00";"2015-07-08 22:00:00+00:00";"39";"91";"11";"2021";"NON";"NON";"91174";"";"";"";"2021-10-06";"141653";""
"91175";"3199";"PLU";"COM";"2020-03-12 23:00:00+00:00";"2017-09-14 22:00:00+00:00";"39";"91";"11";"2021";"NON";"NON";"91175";"";"";"";"2021-10-06";"158236";""
"91179";"3131";"PLU";"COM";"2009-07-22 22:00:00+00:00";"2008-03-30 22:00:00+00:00";"33";"91";"11";"2021";"NON";"NON";"91179";"";"";"";"2021-10-06";"55625";""
"91180";"3199";"PLU";"COM";"2018-12-18 23:00:00+00:00";"2014-07-24 22:00:00+00:00";"39";"91";"11";"2021";"NON";"NON";"91180";"";"";"";"2021-10-06";"134838";""
"91184";"3199";"PLU";"COM";"2016-07-03 22:00:00+00:00";"2011-02-08 23:00:00+00:00";"39";"91";"11";"2021";"NON";"NON";"91184";"";"";"";"2021-10-06";"90341";""
"91191";"3199";"PLU";"COM";"2005-01-16 23:00:00+00:00";"2002-02-10 23:00:00+00:00";"39";"91";"11";"2021";"NON";"NON";"91191";"";"";"";"2021-10-06";"55626";""
"91195";"3199";"PLU";"COM";"2018-12-20 23:00:00+00:00";"2014-11-17 23:00:00+00:00";"39";"91";"11";"2021";"NON";"NON";"91195";"";"";"";"2021-10-06";"135798";""
"91198";"3199";"PLU";"COM";"2005-11-24 23:00:00+00:00";"1992-04-16 22:00:00+00:00";"39";"91";"11";"2021";"NON";"NON";"91198";"";"";"";"2021-10-06";"55628";""
"91200";"3199";"PLU";"COM";"2020-01-30 23:00:00+00:00";"2014-06-12 22:00:00+00:00";"39";"91";"11";"2021";"NON";"NON";"91200";"";"";"";"2021-10-06";"141654";""
"91201";"3131";"PLU";"COM";"2019-06-25 22:00:00+00:00";"2015-11-23 23:00:00+00:00";"33";"91";"11";"2021";"NON";"NON";"91201";"";"";"";"2021-10-06";"146213";""
"91207";"3199";"PLU";"COM";"2009-12-15 23:00:00+00:00";"2001-06-28 22:00:00+00:00";"39";"91";"11";"2021";"NON";"NON";"91207";"";"";"";"2021-10-06";"55629";""
"91215";"3131";"PLU";"COM";"2008-04-13 22:00:00+00:00";"2004-12-13 23:00:00+00:00";"33";"91";"11";"2021";"NON";"NON";"91215";"";"";"";"2021-10-06";"4041";""
"91216";"3131";"PLU";"COM";"2019-06-19 22:00:00+00:00";"2014-11-26 23:00:00+00:00";"33";"91";"11";"2021";"NON";"NON";"91216";"";"";"";"2021-10-06";"134807";""
"91223";"3199";"PLU";"COM";"2020-01-28 23:00:00+00:00";"2014-09-23 22:00:00+00:00";"39";"91";"11";"2021";"NON";"NON";"91223";"";"";"";"2021-10-06";"134808";""
"91225";"3199";"PLU";"COM";"2012-09-25 22:00:00+00:00";"2009-04-28 22:00:00+00:00";"39";"91";"11";"2021";"NON";"NON";"91225";"";"";"";"2021-10-06";"64710";""
"91226";"3199";"PLU";"COM";"2012-03-29 22:00:00+00:00";"2008-11-27 23:00:00+00:00";"39";"91";"11";"2021";"NON";"NON";"91226";"";"";"";"2021-10-06";"64711";""
"91228";"3199";"PLU";"COM";"2019-09-25 22:00:00+00:00";"2014-12-17 23:00:00+00:00";"39";"91";"11";"2021";"NON";"NON";"91228";"";"";"";"2021-10-06";"141651";""
"91232";"3199";"PLU";"COM";"2015-09-17 22:00:00+00:00";"2010-02-03 23:00:00+00:00";"39";"91";"11";"2021";"NON";"NON";"91232";"";"";"";"2021-10-06";"64712";""
"91235";"3131";"PLU";"COM";"2013-02-24 23:00:00+00:00";"2009-06-21 22:00:00+00:00";"33";"91";"11";"2021";"NON";"NON";"91235";"";"";"";"2021-10-06";"46036";""
"91240";"3199";"PLU";"COM";"2020-03-05 23:00:00+00:00";"2015-11-19 23:00:00+00:00";"39";"91";"11";"2021";"NON";"NON";"91240";"";"";"";"2021-10-06";"144636";""
"91243";"3131";"PLU";"COM";"2012-06-04 22:00:00+00:00";"2010-04-12 22:00:00+00:00";"33";"91";"11";"2021";"NON";"NON";"91243";"";"";"";"2021-10-06";"63605";""
"91244";"3199";"PLU";"COM";"2020-02-05 23:00:00+00:00";"2016-12-14 23:00:00+00:00";"39";"91";"11";"2021";"NON";"NON";"91244";"";"";"";"2021-10-06";"154048";""
"91247";"3199";"PLU";"COM";"2020-01-27 23:00:00+00:00";"2014-12-08 23:00:00+00:00";"39";"91";"11";"2021";"NON";"NON";"91247";"";"";"";"2021-10-06";"144704";""
"91248";"1199";"CC";"COM";"2018-10-29 23:00:00+00:00";"2015-10-29 23:00:00+00:00";"19";"91";"11";"2021";"NON";"NON";"91248";"";"";"";"2021-10-06";"144725";""
"91249";"3199";"PLU";"COM";"2018-12-19 23:00:00+00:00";"2015-04-15 22:00:00+00:00";"39";"91";"11";"2021";"NON";"NON";"91249";"";"";"";"2021-10-06";"146089";""
"91272";"3199";"PLU";"COM";"2016-12-12 23:00:00+00:00";"2014-12-15 23:00:00+00:00";"39";"91";"11";"2021";"NON";"NON";"91272";"";"";"";"2021-10-06";"135250";""
"91274";"3199";"PLU";"COM";"2019-10-07 22:00:00+00:00";"2014-12-02 23:00:00+00:00";"39";"91";"11";"2021";"NON";"NON";"91274";"";"";"";"2021-10-06";"134809";""
"91275";"3199";"PLU";"COM";"2016-12-11 23:00:00+00:00";"2011-09-18 22:00:00+00:00";"39";"91";"11";"2021";"NON";"NON";"91275";"";"";"";"2021-10-06";"90348";""
"91284";"3131";"PLU";"COM";"2008-02-07 23:00:00+00:00";"2006-02-02 23:00:00+00:00";"33";"91";"11";"2021";"NON";"NON";"91284";"";"";"";"2021-10-06";"55638";""
"91286";"3199";"PLU";"COM";"2011-07-04 22:00:00+00:00";"2003-01-27 23:00:00+00:00";"39";"91";"11";"2021";"NON";"NON";"91286";"";"";"";"2021-10-06";"3981";""
"91292";"3199";"PLU";"COM";"2016-02-03 23:00:00+00:00";"2011-03-29 22:00:00+00:00";"39";"91";"11";"2021";"NON";"NON";"91292";"";"";"";"2021-10-06";"90349";""
"91294";"3199";"PLU";"COM";"2018-03-16 23:00:00+00:00";"2013-02-20 23:00:00+00:00";"39";"91";"11";"2021";"NON";"NON";"91294";"";"";"";"2021-10-06";"128630";""
"91312";"3199";"PLU";"COM";"2017-09-12 22:00:00+00:00";"2014-07-01 22:00:00+00:00";"39";"91";"11";"2021";"NON";"NON";"91312";"";"";"";"2021-10-06";"146079";""
"91315";"3131";"PLU";"COM";"2006-12-06 23:00:00+00:00";"2002-09-05 22:00:00+00:00";"33";"91";"11";"2021";"NON";"NON";"91315";"";"";"";"2021-10-06";"55639";""
"91318";"3199";"PLU";"COM";"2012-10-25 22:00:00+00:00";"2008-09-25 22:00:00+00:00";"39";"91";"11";"2021";"NON";"NON";"91318";"";"";"";"2021-10-06";"64716";""
"91319";"3131";"PLU";"COM";"2005-04-07 22:00:00+00:00";"2002-03-06 23:00:00+00:00";"33";"91";"11";"2021";"NON";"NON";"91319";"";"";"";"2021-10-06";"55640";""
"91326";"3432";"PLU";"EPT";"2016-09-25 22:00:00+00:00";"2014-12-01 23:00:00+00:00";"33";"91";"11";"2021";"NON";"NON";"91326";"";"";"";"2021-10-06";"134810";""
"91330";"3131";"PLU";"COM";"2017-05-10 22:00:00+00:00";"2014-06-26 22:00:00+00:00";"33";"91";"11";"2021";"NON";"NON";"91330";"";"";"";"2021-10-06";"134811";""
"91332";"3199";"PLU";"COM";"2019-12-04 23:00:00+00:00";"2015-05-31 22:00:00+00:00";"39";"91";"11";"2021";"NON";"NON";"91332";"";"";"";"2021-10-06";"146262";""
"91333";"3131";"PLU";"COM";"2005-05-24 22:00:00+00:00";"2002-12-17 23:00:00+00:00";"33";"91";"11";"2021";"NON";"NON";"91333";"";"";"";"2021-10-06";"55643";""
"91338";"3199";"PLU";"COM";"2017-09-27 22:00:00+00:00";"2014-12-17 23:00:00+00:00";"39";"91";"11";"2021";"NON";"NON";"91338";"";"";"";"2021-10-06";"135248";""
"91339";"3131";"PLU";"COM";"2017-02-19 23:00:00+00:00";"2010-09-27 22:00:00+00:00";"33";"91";"11";"2021";"NON";"NON";"91339";"";"";"";"2021-10-06";"64298";""
"91340";"3131";"PLU";"COM";"2013-12-16 23:00:00+00:00";"2009-09-28 22:00:00+00:00";"33";"91";"11";"2021";"NON";"NON";"91340";"";"";"";"2021-10-06";"63614";""
"91345";"3131";"PLU";"COM";"2013-12-08 23:00:00+00:00";"2010-10-10 22:00:00+00:00";"33";"91";"11";"2021";"NON";"NON";"91345";"";"";"";"2021-10-06";"64299";""
"91347";"3199";"PLU";"COM";"2018-10-16 22:00:00+00:00";"2014-04-09 22:00:00+00:00";"39";"91";"11";"2021";"NON";"NON";"91347";"";"";"";"2021-10-06";"134828";""
"91359";"3131";"PLU";"COM";"2013-06-26 22:00:00+00:00";"2009-03-08 23:00:00+00:00";"33";"91";"11";"2021";"NON";"NON";"91359";"";"";"";"2021-10-06";"62438";""
"91363";"3199";"PLU";"COM";"2018-07-04 22:00:00+00:00";"2016-09-28 22:00:00+00:00";"39";"91";"11";"2021";"NON";"NON";"91363";"";"";"";"2021-10-06";"151290";""
"91374";"1199";"CC";"COM";"2018-08-05 22:00:00+00:00";"2015-11-18 23:00:00+00:00";"19";"91";"11";"2021";"NON";"NON";"91374";"";"";"";"2021-10-06";"144312";""
"91376";"3199";"PLU";"COM";"2013-07-03 22:00:00+00:00";"2009-06-22 22:00:00+00:00";"39";"91";"11";"2021";"NON";"NON";"91376";"";"";"";"2021-10-06";"62439";""
"91377";"3199";"PLU";"COM";"2016-09-14 22:00:00+00:00";"2014-06-25 22:00:00+00:00";"39";"91";"11";"2021";"NON";"NON";"91377";"";"";"";"2021-10-06";"134813";""
"91378";"3199";"PLU";"COM";"2014-06-11 22:00:00+00:00";"2010-06-09 22:00:00+00:00";"39";"91";"11";"2021";"NON";"NON";"91378";"";"";"";"2021-10-06";"64301";""
"91386";"3199";"PLU";"COM";"2017-07-06 22:00:00+00:00";"2015-06-18 22:00:00+00:00";"39";"91";"11";"2021";"NON";"NON";"91386";"";"";"";"2021-10-06";"144733";""
"91390";"1131";"CC";"COM";"2014-12-14 23:00:00+00:00";"2011-02-27 23:00:00+00:00";"13";"91";"11";"2021";"NON";"NON";"91390";"";"";"";"2021-10-06";"90344";""
"91393";"3199";"PLU";"COM";"2016-03-08 23:00:00+00:00";"2013-01-10 23:00:00+00:00";"39";"91";"11";"2021";"NON";"NON";"91393";"";"";"";"2021-10-06";"115295";""
"91399";"3199";"PLU";"COM";"2019-12-11 23:00:00+00:00";"2015-11-22 23:00:00+00:00";"39";"91";"11";"2021";"NON";"NON";"91399";"";"";"";"2021-10-06";"144741";""
"91405";"3199";"PLU";"COM";"2019-12-17 23:00:00+00:00";"2010-03-02 23:00:00+00:00";"39";"91";"11";"2021";"NON";"NON";"91405";"";"";"";"2021-10-06";"64302";""
"91408";"3199";"PLU";"COM";"2017-06-05 22:00:00+00:00";"2014-06-04 22:00:00+00:00";"39";"91";"11";"2021";"NON";"NON";"91408";"";"";"";"2021-10-06";"134842";""
"91411";"3199";"PLU";"COM";"2013-06-23 22:00:00+00:00";"2010-03-28 22:00:00+00:00";"39";"91";"11";"2021";"NON";"NON";"91411";"";"";"";"2021-10-06";"64303";""
"91412";"3199";"PLU";"COM";"2016-07-03 22:00:00+00:00";"2012-10-07 22:00:00+00:00";"39";"91";"11";"2021";"NON";"NON";"91412";"";"";"";"2021-10-06";"115106";""
"91414";"3199";"PLU";"COM";"2016-05-10 22:00:00+00:00";"2014-02-09 23:00:00+00:00";"39";"91";"11";"2021";"NON";"NON";"91414";"";"";"";"2021-10-06";"134843";""
"91421";"3199";"PLU";"COM";"2016-11-02 23:00:00+00:00";"2014-04-27 22:00:00+00:00";"39";"91";"11";"2021";"NON";"NON";"91421";"";"";"";"2021-10-06";"134815";""
"91425";"3199";"PLU";"COM";"2017-01-18 23:00:00+00:00";"2014-04-27 22:00:00+00:00";"39";"91";"11";"2021";"NON";"NON";"91425";"";"";"";"2021-10-06";"134816";""
"91432";"3432";"PLU";"EPT";"2019-10-07 22:00:00+00:00";"2015-11-15 23:00:00+00:00";"33";"91";"11";"2021";"NON";"NON";"91432";"";"";"";"2021-10-06";"146308";""
"91433";"3131";"PLU";"COM";"2012-09-26 22:00:00+00:00";"2008-09-04 22:00:00+00:00";"33";"91";"11";"2021";"NON";"NON";"91433";"";"";"";"2021-10-06";"63617";""
"91434";"3131";"PLU";"COM";"2016-09-14 22:00:00+00:00";"2011-04-04 22:00:00+00:00";"33";"91";"11";"2021";"NON";"NON";"91434";"";"";"";"2021-10-06";"90351";""
"91435";"3199";"PLU";"COM";"2017-04-20 22:00:00+00:00";"2015-10-15 22:00:00+00:00";"39";"91";"11";"2021";"NON";"NON";"91435";"";"";"";"2021-10-06";"144317";""
"91441";"3199";"PLU";"COM";"2007-11-28 23:00:00+00:00";"2003-11-23 23:00:00+00:00";"39";"91";"11";"2021";"NON";"NON";"91441";"";"";"";"2021-10-06";"55648";""
"91457";"3131";"PLU";"COM";"2008-01-23 23:00:00+00:00";"2003-02-02 23:00:00+00:00";"33";"91";"11";"2021";"NON";"NON";"91457";"";"";"";"2021-10-06";"55649";""
"91458";"3199";"PLU";"COM";"2017-10-04 22:00:00+00:00";"2009-06-11 22:00:00+00:00";"39";"91";"11";"2021";"NON";"NON";"91458";"";"";"";"2021-10-06";"64718";""
"91461";"3199";"PLU";"COM";"2021-05-17 22:00:00+00:00";"2018-01-22 23:00:00+00:00";"39";"91";"11";"2021";"NON";"NON";"91461";"";"";"";"2021-10-06";"161229";""
"91463";"3199";"PLU";"COM";"2020-01-16 23:00:00+00:00";"2015-11-23 23:00:00+00:00";"39";"91";"11";"2021";"NON";"NON";"91463";"";"";"";"2021-10-06";"144381";""
"91468";"3131";"PLU";"COM";"2007-10-03 22:00:00+00:00";"2000-10-26 22:00:00+00:00";"33";"91";"11";"2021";"NON";"NON";"91468";"";"";"";"2021-10-06";"55650";""
"91469";"3199";"PLU";"COM";"2013-09-11 22:00:00+00:00";"2009-01-29 23:00:00+00:00";"39";"91";"11";"2021";"NON";"NON";"91469";"";"";"";"2021-10-06";"63339";""
"91471";"3131";"PLU";"COM";"2017-03-27 22:00:00+00:00";"2015-09-22 22:00:00+00:00";"33";"91";"11";"2021";"NON";"NON";"91471";"";"";"";"2021-10-06";"144131";""
"91473";"3199";"PLU";"COM";"2019-06-27 22:00:00+00:00";"2015-06-11 22:00:00+00:00";"39";"91";"11";"2021";"NON";"NON";"91473";"";"";"";"2021-10-06";"144750";""
"91477";"3199";"PLU";"COM";"2018-06-24 22:00:00+00:00";"2015-04-07 22:00:00+00:00";"39";"91";"11";"2021";"NON";"NON";"91477";"";"";"";"2021-10-06";"146036";""
"91479";"3432";"PLU";"EPT";"2013-12-23 23:00:00+00:00";"2011-05-02 22:00:00+00:00";"33";"91";"11";"2021";"NON";"NON";"91479";"";"";"";"2021-10-06";"90363";""
"91482";"3199";"PLU";"COM";"2014-01-27 23:00:00+00:00";"2008-06-23 22:00:00+00:00";"39";"91";"11";"2021";"NON";"NON";"91482";"";"";"";"2021-10-06";"64720";""
"91494";"3131";"PLU";"COM";"2012-12-16 23:00:00+00:00";"2010-02-14 23:00:00+00:00";"33";"91";"11";"2021";"NON";"NON";"91494";"";"";"";"2021-10-06";"63619";""
"91495";"3199";"PLU";"COM";"2019-12-05 23:00:00+00:00";"2015-11-11 23:00:00+00:00";"39";"91";"11";"2021";"NON";"NON";"91495";"";"";"";"2021-10-06";"144761";""
"91507";"3199";"PLU";"COM";"2018-12-19 23:00:00+00:00";"2015-04-21 22:00:00+00:00";"39";"91";"11";"2021";"NON";"NON";"91507";"";"";"";"2021-10-06";"144773";""
"91508";"3199";"PLU";"COM";"2017-06-29 22:00:00+00:00";"2012-03-29 22:00:00+00:00";"39";"91";"11";"2021";"NON";"NON";"91508";"";"";"";"2021-10-06";"115112";""
"91511";"3199";"PLU";"COM";"2020-02-05 23:00:00+00:00";"2018-06-21 22:00:00+00:00";"39";"91";"11";"2021";"NON";"NON";"91511";"";"";"";"2021-10-06";"163727";""
"91514";"3199";"PLU";"COM";"2010-07-05 22:00:00+00:00";"2008-06-23 22:00:00+00:00";"39";"91";"11";"2021";"NON";"NON";"91514";"";"";"";"2021-10-06";"55652";""
"91519";"3199";"PLU";"COM";"2013-04-11 22:00:00+00:00";"2009-05-12 22:00:00+00:00";"39";"91";"11";"2021";"NON";"NON";"91519";"";"";"";"2021-10-06";"64722";""
"91521";"3199";"PLU";"COM";"2019-02-20 23:00:00+00:00";"2015-06-29 22:00:00+00:00";"39";"91";"11";"2021";"NON";"NON";"91521";"";"";"";"2021-10-06";"141652";""
"91525";"3199";"PLU";"COM";"2018-07-04 22:00:00+00:00";"2015-03-09 23:00:00+00:00";"39";"91";"11";"2021";"NON";"NON";"91525";"";"";"";"2021-10-06";"115139";""
"91526";"1199";"CC";"COM";"2011-03-14 23:00:00+00:00";"2007-01-29 23:00:00+00:00";"19";"91";"11";"2021";"NON";"NON";"91526";"";"";"";"2021-10-06";"67254";""
"91533";"3199";"PLU";"COM";"2016-04-03 22:00:00+00:00";"2008-11-17 23:00:00+00:00";"39";"91";"11";"2021";"NON";"NON";"91533";"";"";"";"2021-10-06";"64723";""
"91534";"3131";"PLU";"COM";"2013-09-02 22:00:00+00:00";"2011-02-27 23:00:00+00:00";"33";"91";"11";"2021";"NON";"NON";"91534";"";"";"";"2021-10-06";"128551";""
"91538";"3199";"PLU";"COM";"2018-01-29 23:00:00+00:00";"2015-07-07 22:00:00+00:00";"39";"91";"11";"2021";"NON";"NON";"91538";"";"";"";"2021-10-06";"141648";""
"91540";"3199";"PLU";"COM";"2018-10-14 22:00:00+00:00";"2015-06-01 22:00:00+00:00";"39";"91";"11";"2021";"NON";"NON";"91540";"";"";"";"2021-10-06";"145328";""
"91544";"3199";"PLU";"COM";"2004-05-02 22:00:00+00:00";"2001-12-02 23:00:00+00:00";"39";"91";"11";"2021";"NON";"NON";"91544";"";"";"";"2021-10-06";"55656";""
"91546";"3199";"PLU";"COM";"2018-09-09 22:00:00+00:00";"2014-04-08 22:00:00+00:00";"39";"91";"11";"2021";"NON";"NON";"91546";"";"";"";"2021-10-06";"134845";""
"91547";"3199";"PLU";"COM";"2018-07-08 22:00:00+00:00";"2015-11-01 23:00:00+00:00";"39";"91";"11";"2021";"NON";"NON";"91547";"";"";"";"2021-10-06";"144375";""
"91549";"3131";"PLU";"COM";"2008-10-05 22:00:00+00:00";"2001-09-10 22:00:00+00:00";"33";"91";"11";"2021";"NON";"NON";"91549";"";"";"";"2021-10-06";"59984";""
"91552";"3199";"PLU";"COM";"2016-09-28 22:00:00+00:00";"2013-06-19 22:00:00+00:00";"39";"91";"11";"2021";"NON";"NON";"91552";"";"";"";"2021-10-06";"128637";""
"91553";"3131";"PLU";"COM";"2005-06-26 22:00:00+00:00";"1993-11-21 23:00:00+00:00";"33";"91";"11";"2021";"NON";"NON";"91553";"";"";"";"2021-10-06";"55662";""
"91560";"3131";"PLU";"COM";"2007-10-21 22:00:00+00:00";"2002-12-18 23:00:00+00:00";"33";"91";"11";"2021";"NON";"NON";"91560";"";"";"";"2021-10-06";"55660";""
"91568";"3199";"PLU";"COM";"2020-01-28 23:00:00+00:00";"2015-06-28 22:00:00+00:00";"39";"91";"11";"2021";"NON";"NON";"91568";"";"";"";"2021-10-06";"146377";""
"91570";"3199";"PLU";"COM";"2013-10-06 22:00:00+00:00";"2010-12-19 23:00:00+00:00";"39";"91";"11";"2021";"NON";"NON";"91570";"";"";"";"2021-10-06";"63625";""
"91573";"3131";"PLU";"COM";"2006-12-13 23:00:00+00:00";"2002-12-16 23:00:00+00:00";"33";"91";"11";"2021";"NON";"NON";"91573";"";"";"";"2021-10-06";"55669";""
"91577";"3199";"PLU";"COM";"2019-07-01 22:00:00+00:00";"2015-06-01 22:00:00+00:00";"39";"91";"11";"2021";"NON";"NON";"91577";"";"";"";"2021-10-06";"146387";""
"91578";"3199";"PLU";"COM";"2017-03-24 23:00:00+00:00";"2010-03-29 22:00:00+00:00";"39";"91";"11";"2021";"NON";"NON";"91578";"";"";"";"2021-10-06";"63628";""
"91579";"3131";"PLU";"COM";"2018-01-14 23:00:00+00:00";"2014-06-15 22:00:00+00:00";"33";"91";"11";"2021";"NON";"NON";"91579";"";"";"";"2021-10-06";"134817";""
"91581";"3199";"PLU";"COM";"2019-12-16 23:00:00+00:00";"2010-05-26 22:00:00+00:00";"39";"91";"11";"2021";"NON";"NON";"91581";"";"";"";"2021-10-06";"63629";""
"91587";"3131";"PLU";"COM";"2012-07-02 22:00:00+00:00";"2008-06-11 22:00:00+00:00";"33";"91";"11";"2021";"NON";"NON";"91587";"";"";"";"2021-10-06";"63630";""
"91589";"3432";"PLU";"EPT";"2016-11-21 23:00:00+00:00";"2011-04-18 22:00:00+00:00";"33";"91";"11";"2021";"NON";"NON";"91589";"";"";"";"2021-10-06";"90399";""
"91593";"3199";"PLU";"COM";"2018-09-05 22:00:00+00:00";"2015-01-18 23:00:00+00:00";"39";"91";"11";"2021";"NON";"NON";"91593";"";"";"";"2021-10-06";"146411";""
"91599";"3131";"PLU";"COM";"2015-06-21 22:00:00+00:00";"2011-04-27 22:00:00+00:00";"33";"91";"11";"2021";"NON";"NON";"91599";"";"";"";"2021-10-06";"90401";""
"91600";"3131";"PLU";"COM";"2005-06-16 22:00:00+00:00";"1991-01-18 23:00:00+00:00";"33";"91";"11";"2021";"NON";"NON";"91600";"";"";"";"2021-10-06";"57093";""
"91602";"3199";"PLU";"COM";"2019-10-14 22:00:00+00:00";"2010-03-25 23:00:00+00:00";"39";"91";"11";"2021";"NON";"NON";"91602";"";"";"";"2021-10-06";"64305";""
"91617";"3199";"PLU";"COM";"2013-02-27 23:00:00+00:00";"2011-06-28 22:00:00+00:00";"39";"91";"11";"2021";"NON";"NON";"91617";"";"";"";"2021-10-06";"91081";""
"91619";"3199";"PLU";"COM";"2017-11-23 23:00:00+00:00";"2014-12-03 23:00:00+00:00";"39";"91";"11";"2021";"NON";"NON";"91619";"";"";"";"2021-10-06";"63631";""
"91629";"3199";"PLU";"COM";"2019-02-20 23:00:00+00:00";"2015-06-22 22:00:00+00:00";"39";"91";"11";"2021";"NON";"NON";"91629";"";"";"";"2021-10-06";"146088";""
"91630";"3199";"PLU";"COM";"2018-10-15 22:00:00+00:00";"2015-06-22 22:00:00+00:00";"39";"91";"11";"2021";"NON";"NON";"91630";"";"";"";"2021-10-06";"146413";""
"91631";"3199";"PLU";"COM";"2017-04-17 22:00:00+00:00";"2015-06-28 22:00:00+00:00";"39";"91";"11";"2021";"NON";"NON";"91631";"";"";"";"2021-10-06";"146415";""
"91634";"3199";"PLU";"COM";"2013-11-28 23:00:00+00:00";"2009-03-29 22:00:00+00:00";"39";"91";"11";"2021";"NON";"NON";"91634";"";"";"";"2021-10-06";"64725";""
"91635";"3131";"PLU";"COM";"2019-06-24 22:00:00+00:00";"2017-03-12 23:00:00+00:00";"33";"91";"11";"2021";"NON";"NON";"91635";"";"";"";"2021-10-06";"155377";""
"91639";"3199";"PLU";"COM";"2007-09-27 22:00:00+00:00";"2002-09-05 22:00:00+00:00";"39";"91";"11";"2021";"NON";"NON";"91639";"";"";"";"2021-10-06";"55666";""
"91645";"3199";"PLU";"COM";"2019-03-17 23:00:00+00:00";"2015-01-25 23:00:00+00:00";"39";"91";"11";"2021";"NON";"NON";"91645";"";"";"";"2021-10-06";"146420";""
"91648";"3199";"PLU";"COM";"2017-07-06 22:00:00+00:00";"2006-11-20 23:00:00+00:00";"39";"91";"11";"2021";"NON";"NON";"91648";"";"";"";"2021-10-06";"64726";""
"91649";"3199";"PLU";"COM";"2017-01-23 23:00:00+00:00";"2011-03-22 23:00:00+00:00";"39";"91";"11";"2021";"NON";"NON";"91649";"";"";"";"2021-10-06";"90725";""
"91657";"3131";"PLU";"COM";"2012-09-24 22:00:00+00:00";"2007-12-19 23:00:00+00:00";"33";"91";"11";"2021";"NON";"NON";"91657";"";"";"";"2021-10-06";"64727";""
"91659";"3131";"PLU";"COM";"2013-12-12 23:00:00+00:00";"2010-09-29 22:00:00+00:00";"33";"91";"11";"2021";"NON";"NON";"91659";"";"";"";"2021-10-06";"64728";""
"91661";"3199";"PLU";"COM";"2016-06-29 22:00:00+00:00";"2014-11-26 23:00:00+00:00";"39";"91";"11";"2021";"NON";"NON";"91661";"";"";"";"2021-10-06";"134821";""
"91662";"3199";"PLU";"COM";"2017-03-20 23:00:00+00:00";"2010-03-29 22:00:00+00:00";"39";"91";"11";"2021";"NON";"NON";"91662";"";"";"";"2021-10-06";"64729";""
"91665";"3131";"PLU";"COM";"2019-04-08 22:00:00+00:00";"2014-11-17 23:00:00+00:00";"33";"91";"11";"2021";"NON";"NON";"91665";"";"";"";"2021-10-06";"134822";""
"91666";"3131";"PLU";"COM";"2014-05-25 22:00:00+00:00";"2010-11-07 23:00:00+00:00";"33";"91";"11";"2021";"NON";"NON";"91666";"";"";"";"2021-10-06";"64731";""
"91667";"3199";"PLU";"COM";"2012-09-26 22:00:00+00:00";"2010-03-24 23:00:00+00:00";"39";"91";"11";"2021";"NON";"NON";"91667";"";"";"";"2021-10-06";"64732";""
"91671";"3199";"PLU";"COM";"2020-02-04 23:00:00+00:00";"2015-10-04 22:00:00+00:00";"39";"91";"11";"2021";"NON";"NON";"91671";"";"";"";"2021-10-06";"170197";""
"91679";"3199";"PLU";"COM";"2017-09-27 22:00:00+00:00";"2014-10-08 22:00:00+00:00";"39";"91";"11";"2021";"NON";"NON";"91679";"";"";"";"2021-10-06";"134832";""
"91685";"3199";"PLU";"COM";"2018-06-13 22:00:00+00:00";"2015-12-14 23:00:00+00:00";"39";"91";"11";"2021";"NON";"NON";"91685";"";"";"";"2021-10-06";"146471";""
"91687";"3432";"PLU";"EPT";"2018-12-17 23:00:00+00:00";"2015-10-14 22:00:00+00:00";"33";"91";"11";"2021";"NON";"NON";"91687";"";"";"";"2021-10-06";"146473";""
"91689";"3131";"PLU";"COM";"2005-09-22 22:00:00+00:00";"2001-11-19 23:00:00+00:00";"33";"91";"11";"2021";"NON";"NON";"91689";"";"";"";"2021-10-06";"55668";""
"91691";"3131";"PLU";"COM";"2011-06-22 22:00:00+00:00";"2008-04-06 22:00:00+00:00";"33";"91";"11";"2021";"NON";"NON";"91691";"";"";"";"2021-10-06";"64733";""
"91692";"3199";"PLU";"COM";"2017-05-17 22:00:00+00:00";"2014-09-22 22:00:00+00:00";"39";"91";"11";"2021";"NON";"NON";"91692";"";"";"";"2021-10-06";"134818";""
"92002";"3432";"PLU";"EPT";"2008-05-29 22:00:00+00:00";"2003-03-24 23:00:00+00:00";"33";"92";"11";"2021";"NON";"NON";"92002";"";"";"";"2021-10-06";"1222";""
"92004";"3432";"PLU";"EPT";"2006-06-25 22:00:00+00:00";"2003-09-24 22:00:00+00:00";"33";"92";"11";"2021";"NON";"NON";"200057990";"";"";"";"2021-10-06";"10442";""
"92007";"3432";"PLU";"EPT";"2016-09-26 22:00:00+00:00";"2014-06-23 22:00:00+00:00";"33";"92";"11";"2021";"NON";"NON";"92007";"";"";"";"2021-10-06";"135305";""
"92009";"3432";"PLU";"EPT";"2007-06-04 22:00:00+00:00";"2003-07-07 22:00:00+00:00";"33";"92";"11";"2021";"NON";"NON";"200057990";"";"";"";"2021-10-06";"1289";""
"92012";"3499";"PLU";"EPT";"2018-12-18 23:00:00+00:00";"2015-09-23 22:00:00+00:00";"39";"92";"11";"2021";"NON";"NON";"92012";"";"";"";"2021-10-06";"144881";""
"92014";"3432";"PLU";"EPT";"2013-04-23 22:00:00+00:00";"2009-02-03 23:00:00+00:00";"33";"92";"11";"2021";"NON";"NON";"92014";"";"";"";"2021-10-06";"47832";""
"92019";"3432";"PLU";"EPT";"2012-12-19 23:00:00+00:00";"2009-06-24 22:00:00+00:00";"33";"92";"11";"2021";"NON";"NON";"92019";"";"";"";"2021-10-06";"40440";""
"92020";"3432";"PLU";"EPT";"2015-12-22 23:00:00+00:00";"2014-06-24 22:00:00+00:00";"33";"92";"11";"2021";"NON";"NON";"92020";"";"";"";"2021-10-06";"135320";""
"92022";"3499";"PLU";"EPT";"2012-04-04 22:00:00+00:00";"2009-02-04 23:00:00+00:00";"39";"92";"11";"2021";"NON";"NON";"92022";"";"";"";"2021-10-06";"40441";""
"92023";"3432";"PLU";"EPT";"2016-07-11 22:00:00+00:00";"2014-04-10 22:00:00+00:00";"33";"92";"11";"2021";"NON";"NON";"92023";"";"";"";"2021-10-06";"135322";""
"92024";"3432";"PLU";"EPT";"2010-10-18 22:00:00+00:00";"2008-12-10 23:00:00+00:00";"33";"92";"11";"2021";"NON";"NON";"200057990";"";"";"";"2021-10-06";"1236";""
"92025";"3432";"PLU";"EPT";"2013-01-29 23:00:00+00:00";"2008-12-10 23:00:00+00:00";"33";"92";"11";"2021";"NON";"NON";"200057990";"";"";"";"2021-10-06";"40443";""
"92026";"3499";"PLU";"EPT";"2020-09-28 22:00:00+00:00";"2015-12-13 23:00:00+00:00";"39";"92";"11";"2021";"NON";"NON";"92026";"";"";"";"2021-10-06";"176298";""
"92032";"3432";"PLU";"EPT";"2017-03-06 23:00:00+00:00";"2014-11-13 23:00:00+00:00";"33";"92";"11";"2021";"NON";"NON";"92032";"";"";"";"2021-10-06";"135325";""
"92033";"3499";"PLU";"EPT";"2015-12-06 23:00:00+00:00";"2014-04-27 22:00:00+00:00";"39";"92";"11";"2021";"NON";"NON";"92033";"";"";"";"2021-10-06";"135328";""
"92035";"3499";"PLU";"EPT";"2006-09-27 22:00:00+00:00";"2002-07-04 22:00:00+00:00";"39";"92";"11";"2021";"NON";"NON";"200057982";"";"";"";"2021-10-06";"10475";""
"92036";"3432";"PLU";"EPT";"2005-03-22 23:00:00+00:00";"2002-10-01 22:00:00+00:00";"33";"92";"11";"2021";"NON";"NON";"200057990";"";"";"";"2021-10-06";"1248";""
"92040";"3499";"PLU";"EPT";"2015-12-16 23:00:00+00:00";"2014-05-14 22:00:00+00:00";"39";"92";"11";"2021";"NON";"NON";"92040";"";"";"";"2021-10-06";"135347";""
"92044";"3499";"PLU";"EPT";"2012-01-29 23:00:00+00:00";"2002-06-23 22:00:00+00:00";"39";"92";"11";"2021";"NON";"NON";"200057982";"";"";"";"2021-10-06";"1230";""
"92046";"3432";"PLU";"EPT";"2015-12-15 23:00:00+00:00";"2012-06-19 22:00:00+00:00";"33";"92";"11";"2021";"NON";"NON";"92046";"";"";"";"2021-10-06";"126647";""
"92047";"3499";"PLU";"EPT";"2011-02-08 23:00:00+00:00";"2009-11-23 23:00:00+00:00";"39";"92";"11";"2021";"NON";"NON";"92047";"";"";"";"2021-10-06";"47862";""
"92048";"3499";"PLU";"EPT";"2010-04-12 22:00:00+00:00";"2001-11-27 23:00:00+00:00";"39";"92";"11";"2021";"NON";"NON";"92048";"";"";"";"2021-10-06";"1245";""
"92049";"3432";"PLU";"EPT";"2016-09-26 22:00:00+00:00";"2014-06-16 22:00:00+00:00";"33";"92";"11";"2021";"NON";"NON";"92049";"";"";"";"2021-10-06";"135383";""
"92050";"3499";"PLU";"EPT";"2015-12-14 23:00:00+00:00";"2012-12-10 23:00:00+00:00";"39";"92";"11";"2021";"NON";"NON";"92050";"";"";"";"2021-10-06";"126648";""
"92051";"3499";"PLU";"EPT";"2013-11-20 23:00:00+00:00";"2004-01-28 23:00:00+00:00";"39";"92";"11";"2021";"NON";"NON";"200057982";"";"";"";"2021-10-06";"1229";""
"92060";"3432";"PLU";"EPT";"2015-12-16 23:00:00+00:00";"2011-10-26 22:00:00+00:00";"33";"92";"11";"2021";"NON";"NON";"92060";"";"";"";"2021-10-06";"116446";""
"92062";"3499";"PLU";"EPT";"2016-09-28 22:00:00+00:00";"2013-12-19 23:00:00+00:00";"39";"92";"11";"2021";"NON";"NON";"92062";"";"";"";"2021-10-06";"135377";""
"92063";"3499";"PLU";"EPT";"2011-10-20 22:00:00+00:00";"2007-10-07 22:00:00+00:00";"39";"92";"11";"2021";"NON";"NON";"92063";"";"";"";"2021-10-06";"40451";""
"92064";"3499";"PLU";"EPT";"2012-07-04 22:00:00+00:00";"2009-02-04 23:00:00+00:00";"39";"92";"11";"2021";"NON";"NON";"92064";"";"";"";"2021-10-06";"40452";""
"92071";"3432";"PLU";"EPT";"2016-09-26 22:00:00+00:00";"2015-02-11 23:00:00+00:00";"33";"92";"11";"2021";"NON";"NON";"92071";"";"";"";"2021-10-06";"144941";""
"92072";"3499";"PLU";"EPT";"2015-12-17 23:00:00+00:00";"2014-07-01 22:00:00+00:00";"39";"92";"11";"2021";"NON";"NON";"92072";"";"";"";"2021-10-06";"135380";""
"92073";"3499";"PLU";"EPT";"2013-09-25 22:00:00+00:00";"2011-10-18 22:00:00+00:00";"39";"92";"11";"2021";"NON";"NON";"92073";"";"";"";"2021-10-06";"116476";""
"92075";"3499";"PLU";"EPT";"2011-06-21 22:00:00+00:00";"2008-12-16 23:00:00+00:00";"39";"92";"11";"2021";"NON";"NON";"92075";"";"";"";"2021-10-06";"40455";""
"92076";"3499";"PLU";"EPT";"2016-09-28 22:00:00+00:00";"2014-06-24 22:00:00+00:00";"39";"92";"11";"2021";"NON";"NON";"92076";"";"";"";"2021-10-06";"135381";""
"92077";"3499";"PLU";"EPT";"2013-12-17 23:00:00+00:00";"2011-03-27 22:00:00+00:00";"39";"92";"11";"2021";"NON";"NON";"92077";"";"";"";"2021-10-06";"116478";""
"92078";"3432";"PLU";"EPT";"2015-09-30 22:00:00+00:00";"2010-03-24 23:00:00+00:00";"33";"92";"11";"2021";"NON";"NON";"200057990";"";"";"";"2021-10-06";"126661";""
"93001";"3299";"PLUi/PLUiS";"EPT";"2020-02-24 23:00:00+00:00";"2017-10-03 22:00:00+00:00";"39";"93";"11";"2021";"NON";"OUI";"200057867";"";"";"";"2021-10-06";"160210";""
"93005";"3432";"PLU";"EPT";"2015-12-15 23:00:00+00:00";"2014-05-20 22:00:00+00:00";"33";"93";"11";"2021";"NON";"NON";"200058097";"";"";"";"2021-10-06";"134647";""
"93006";"3299";"PLUi/PLUiS";"EPT";"2020-02-03 23:00:00+00:00";"2017-07-03 22:00:00+00:00";"39";"93";"11";"2021";"NON";"OUI";"93006";"";"";"";"2021-10-06";"160208";""
"93007";"3432";"PLU";"EPT";"2016-03-20 23:00:00+00:00";"2011-11-16 23:00:00+00:00";"33";"93";"11";"2021";"NON";"NON";"200058097";"";"";"";"2021-10-06";"100965";""
"93008";"3299";"PLUi/PLUiS";"EPT";"2020-02-03 23:00:00+00:00";"2017-07-03 22:00:00+00:00";"39";"93";"11";"2021";"NON";"OUI";"93008";"";"";"";"2021-10-06";"160208";""
"93010";"3299";"PLUi/PLUiS";"EPT";"2020-02-03 23:00:00+00:00";"2017-07-03 22:00:00+00:00";"39";"93";"11";"2021";"NON";"OUI";"93010";"";"";"";"2021-10-06";"160208";""
"93013";"3432";"PLU";"EPT";"2017-04-12 22:00:00+00:00";"2015-09-23 22:00:00+00:00";"33";"93";"11";"2021";"NON";"NON";"93013";"";"";"";"2021-10-06";"144436";""
"93014";"3432";"PLU";"EPT";"2012-07-09 22:00:00+00:00";"2010-02-08 23:00:00+00:00";"33";"93";"11";"2021";"NON";"NON";"93014";"";"";"";"2021-10-06";"64734";""
"93015";"3432";"PLU";"EPT";"2007-07-10 22:00:00+00:00";"1996-03-27 23:00:00+00:00";"33";"93";"11";"2021";"NON";"NON";"200058790";"";"";"";"2021-10-06";"55677";""
"93027";"3299";"PLUi/PLUiS";"EPT";"2020-02-24 23:00:00+00:00";"2017-10-03 22:00:00+00:00";"39";"93";"11";"2021";"NON";"OUI";"200057867";"";"";"";"2021-10-06";"160210";""
"93029";"3432";"PLU";"EPT";"2018-04-08 22:00:00+00:00";"2015-06-18 22:00:00+00:00";"33";"93";"11";"2021";"NON";"NON";"93029";"";"";"";"2021-10-06";"144415";""
"93030";"3432";"PLU";"EPT";"2020-02-02 23:00:00+00:00";"2014-12-01 23:00:00+00:00";"33";"93";"11";"2021";"NON";"NON";"93030";"";"";"";"2021-10-06";"144429";""
"93031";"3299";"PLUi/PLUiS";"EPT";"2020-02-24 23:00:00+00:00";"2017-10-03 22:00:00+00:00";"39";"93";"11";"2021";"NON";"OUI";"200057867";"";"";"";"2021-10-06";"160210";""
"93033";"3432";"PLU";"EPT";"2016-10-17 22:00:00+00:00";"2014-06-24 22:00:00+00:00";"33";"93";"11";"2021";"NON";"NON";"200058790";"";"";"";"2021-10-06";"144430";""
"93039";"3299";"PLUi/PLUiS";"EPT";"2020-02-24 23:00:00+00:00";"2017-10-03 22:00:00+00:00";"39";"93";"11";"2021";"NON";"OUI";"200057867";"";"";"";"2021-10-06";"160210";""
"93045";"3299";"PLUi/PLUiS";"EPT";"2020-02-03 23:00:00+00:00";"2017-07-03 22:00:00+00:00";"39";"93";"11";"2021";"NON";"OUI";"93045";"";"";"";"2021-10-06";"160208";""
"93046";"3432";"PLU";"EPT";"2015-12-16 23:00:00+00:00";"2014-06-11 22:00:00+00:00";"33";"93";"11";"2021";"NON";"NON";"200058790";"";"";"";"2021-10-06";"144480";""
"93047";"3432";"PLU";"EPT";"2017-02-27 23:00:00+00:00";"2015-01-20 23:00:00+00:00";"33";"93";"11";"2021";"NON";"NON";"93047";"";"";"";"2021-10-06";"144481";""
"93048";"3299";"PLUi/PLUiS";"EPT";"2020-02-03 23:00:00+00:00";"2017-07-03 22:00:00+00:00";"39";"93";"11";"2021";"NON";"OUI";"93048";"";"";"";"2021-10-06";"160208";""
"93049";"3432";"PLU";"EPT";"2017-09-25 22:00:00+00:00";"2014-09-17 22:00:00+00:00";"33";"93";"11";"2021";"NON";"NON";"200058790";"";"";"";"2021-10-06";"144576";""
"93050";"3432";"PLU";"EPT";"2014-09-17 22:00:00+00:00";"2001-12-12 23:00:00+00:00";"33";"93";"11";"2021";"NON";"NON";"200058790";"";"";"";"2021-10-06";"144702";""
"93051";"3432";"PLU";"EPT";"2017-09-25 22:00:00+00:00";"2015-12-14 23:00:00+00:00";"33";"93";"11";"2021";"NON";"NON";"200058790";"";"";"";"2021-10-06";"156541";""
"93053";"3299";"PLUi/PLUiS";"EPT";"2020-02-03 23:00:00+00:00";"2017-07-03 22:00:00+00:00";"39";"93";"11";"2021";"NON";"OUI";"93053";"";"";"";"2021-10-06";"160208";""
"93055";"3299";"PLUi/PLUiS";"EPT";"2020-02-03 23:00:00+00:00";"2017-07-03 22:00:00+00:00";"39";"93";"11";"2021";"NON";"OUI";"93055";"";"";"";"2021-10-06";"160208";""
"93057";"3432";"PLU";"EPT";"2017-01-30 23:00:00+00:00";"2015-06-28 22:00:00+00:00";"33";"93";"11";"2021";"NON";"NON";"200058790";"";"";"";"2021-10-06";"144479";""
"93059";"3299";"PLUi/PLUiS";"EPT";"2020-02-24 23:00:00+00:00";"2017-10-03 22:00:00+00:00";"39";"93";"11";"2021";"NON";"OUI";"200057867";"";"";"";"2021-10-06";"160210";""
"93061";"3299";"PLUi/PLUiS";"EPT";"2020-02-03 23:00:00+00:00";"2017-07-03 22:00:00+00:00";"39";"93";"11";"2021";"NON";"OUI";"93061";"";"";"";"2021-10-06";"160208";""
"93062";"3432";"PLU";"EPT";"2017-01-30 23:00:00+00:00";"2015-03-29 22:00:00+00:00";"33";"93";"11";"2021";"NON";"NON";"200058790";"";"";"";"2021-10-06";"144476";""
"93063";"3299";"PLUi/PLUiS";"EPT";"2020-02-03 23:00:00+00:00";"2017-07-03 22:00:00+00:00";"39";"93";"11";"2021";"NON";"OUI";"93063";"";"";"";"2021-10-06";"160208";""
"93064";"3432";"PLU";"EPT";"2015-11-18 23:00:00+00:00";"2010-12-15 23:00:00+00:00";"33";"93";"11";"2021";"NON";"NON";"200058790";"";"";"";"2021-10-06";"97991";""
"93066";"3299";"PLUi/PLUiS";"EPT";"2020-02-24 23:00:00+00:00";"2017-10-03 22:00:00+00:00";"39";"93";"11";"2021";"NON";"OUI";"200057867";"";"";"";"2021-10-06";"160210";""
"93070";"3299";"PLUi/PLUiS";"EPT";"2020-02-24 23:00:00+00:00";"2017-10-03 22:00:00+00:00";"39";"93";"11";"2021";"NON";"OUI";"93070";"";"";"";"2021-10-06";"160210";""
"93071";"3432";"PLU";"EPT";"2015-12-14 23:00:00+00:00";"2014-06-23 22:00:00+00:00";"33";"93";"11";"2021";"NON";"NON";"93071";"";"";"";"2021-10-06";"144730";""
"93072";"3299";"PLUi/PLUiS";"EPT";"2020-02-24 23:00:00+00:00";"2017-10-03 22:00:00+00:00";"39";"93";"11";"2021";"NON";"OUI";"200057867";"";"";"";"2021-10-06";"160210";""
"93073";"3432";"PLU";"EPT";"2011-05-29 22:00:00+00:00";"2008-11-12 23:00:00+00:00";"33";"93";"11";"2021";"NON";"NON";"93073";"";"";"";"2021-10-06";"64313";""
"93074";"3432";"PLU";"EPT";"2017-12-18 23:00:00+00:00";"2009-09-23 22:00:00+00:00";"33";"93";"11";"2021";"NON";"NON";"200058790";"";"";"";"2021-10-06";"64739";""
"93077";"3432";"PLU";"EPT";"2017-03-27 22:00:00+00:00";"2015-04-15 22:00:00+00:00";"33";"93";"11";"2021";"NON";"NON";"200058790";"";"";"";"2021-10-06";"144739";""
"93078";"3432";"PLU";"EPT";"2017-12-17 23:00:00+00:00";"2014-04-22 22:00:00+00:00";"33";"93";"11";"2021";"NON";"NON";"93078";"";"";"";"2021-10-06";"144743";""
"93079";"3299";"PLUi/PLUiS";"EPT";"2020-02-24 23:00:00+00:00";"2017-10-03 22:00:00+00:00";"39";"93";"11";"2021";"NON";"OUI";"200057867";"";"";"";"2021-10-06";"160210";""
"94001";"3432";"PLU";"EPT";"2013-12-18 23:00:00+00:00";"2012-06-18 22:00:00+00:00";"33";"94";"11";"2021";"NON";"NON";"200058014";"";"";"";"2021-10-06";"122696";""
"94002";"3499";"PLU";"EPT";"2016-12-13 23:00:00+00:00";"2014-12-17 23:00:00+00:00";"39";"94";"11";"2021";"NON";"NON";"94002";"";"";"";"2021-10-06";"63633";""
"94003";"3432";"PLU";"EPT";"2017-06-26 22:00:00+00:00";"2014-10-08 22:00:00+00:00";"33";"94";"11";"2021";"NON";"NON";"94003";"";"";"";"2021-10-06";"135506";""
"94004";"3499";"PLU";"EPT";"2018-09-25 22:00:00+00:00";"2015-12-13 23:00:00+00:00";"39";"94";"11";"2021";"NON";"NON";"94004";"";"";"";"2021-10-06";"145099";""
"94011";"3434";"PLU";"EPT";"2007-09-26 22:00:00+00:00";"2004-12-06 23:00:00+00:00";"33";"94";"11";"2021";"NON";"NON";"200058006";"";"";"";"2021-10-06";"55690";""
"94015";"3432";"PLU";"EPT";"2017-03-19 23:00:00+00:00";"2014-10-19 22:00:00+00:00";"33";"94";"11";"2021";"NON";"NON";"200057941";"";"";"";"2021-10-06";"133664";""
"94016";"3432";"PLU";"EPT";"2010-12-01 23:00:00+00:00";"2005-07-10 22:00:00+00:00";"33";"94";"11";"2021";"NON";"NON";"94016";"";"";"";"2021-10-06";"55692";""
"94017";"3432";"PLU";"EPT";"2017-09-28 22:00:00+00:00";"2012-10-09 22:00:00+00:00";"33";"94";"11";"2021";"NON";"NON";"200057941";"";"";"";"2021-10-06";"113826";""
"94018";"3432";"PLU";"EPT";"2006-12-20 23:00:00+00:00";"2002-06-26 22:00:00+00:00";"33";"94";"11";"2021";"NON";"NON";"94018";"";"";"";"2021-10-06";"55694";""
"94019";"3499";"PLU";"EPT";"2017-01-31 23:00:00+00:00";"2014-08-26 22:00:00+00:00";"39";"94";"11";"2021";"NON";"NON";"94019";"";"";"";"2021-10-06";"131951";""
"94021";"3432";"PLU";"EPT";"2012-03-26 22:00:00+00:00";"2010-06-14 22:00:00+00:00";"33";"94";"11";"2021";"NON";"NON";"200058014";"";"";"";"2021-10-06";"63634";""
"94022";"3432";"PLU";"EPT";"2012-10-09 22:00:00+00:00";"2009-02-10 23:00:00+00:00";"33";"94";"11";"2021";"NON";"NON";"94022";"";"";"";"2021-10-06";"64744";""
"94028";"3499";"PLU";"EPT";"2013-12-07 23:00:00+00:00";"2011-03-27 22:00:00+00:00";"39";"94";"11";"2021";"NON";"NON";"94028";"";"";"";"2021-10-06";"77234";""
"94033";"3432";"PLU";"EPT";"2015-12-16 23:00:00+00:00";"2014-06-25 22:00:00+00:00";"33";"94";"11";"2021";"NON";"NON";"200057941";"";"";"";"2021-10-06";"135404";""
"94034";"3432";"PLU";"EPT";"2018-06-25 22:00:00+00:00";"2015-09-16 22:00:00+00:00";"33";"94";"11";"2021";"NON";"NON";"94034";"";"";"";"2021-10-06";"144810";""
"94037";"3432";"PLU";"EPT";"2007-04-25 22:00:00+00:00";"2003-06-25 22:00:00+00:00";"33";"94";"11";"2021";"NON";"NON";"94037";"";"";"";"2021-10-06";"57100";""
"94038";"3432";"PLU";"EPT";"2016-09-25 22:00:00+00:00";"2014-04-16 22:00:00+00:00";"33";"94";"11";"2021";"NON";"NON";"94038";"";"";"";"2021-10-06";"131008";""
"94041";"3432";"PLU";"EPT";"2013-12-18 23:00:00+00:00";"2008-12-17 23:00:00+00:00";"33";"94";"11";"2021";"NON";"NON";"94041";"";"";"";"2021-10-06";"64312";""
"94042";"3432";"PLU";"EPT";"2019-07-01 22:00:00+00:00";"2015-12-14 23:00:00+00:00";"33";"94";"11";"2021";"NON";"NON";"200057941";"";"";"";"2021-10-06";"152303";""
"94043";"3432";"PLU";"EPT";"2015-12-16 23:00:00+00:00";"2014-06-25 22:00:00+00:00";"33";"94";"11";"2021";"NON";"NON";"94043";"";"";"";"2021-10-06";"131564";""
"94044";"3499";"PLU";"EPT";"2018-09-25 22:00:00+00:00";"2015-03-31 22:00:00+00:00";"39";"94";"11";"2021";"NON";"NON";"94044";"";"";"";"2021-10-06";"138642";""
"94046";"3432";"PLU";"EPT";"2010-10-06 22:00:00+00:00";"2008-06-04 22:00:00+00:00";"33";"94";"11";"2021";"NON";"NON";"200057941";"";"";"";"2021-10-06";"52872";""
"94047";"3434";"PLU";"EPT";"2013-03-24 23:00:00+00:00";"2009-01-25 23:00:00+00:00";"33";"94";"11";"2021";"NON";"NON";"94047";"";"";"";"2021-10-06";"64746";""
"94048";"3499";"PLU";"EPT";"2013-09-23 22:00:00+00:00";"2012-03-26 22:00:00+00:00";"39";"94";"11";"2021";"NON";"NON";"94048";"";"";"";"2021-10-06";"114438";""
"94052";"3432";"PLU";"EPT";"2014-01-19 23:00:00+00:00";"2010-07-04 22:00:00+00:00";"33";"94";"11";"2021";"NON";"NON";"94052";"";"";"";"2021-10-06";"64747";""
"94053";"3499";"PLU";"EPT";"2018-06-19 22:00:00+00:00";"2015-05-10 22:00:00+00:00";"39";"94";"11";"2021";"NON";"NON";"94053";"";"";"";"2021-10-06";"63639";""
"94054";"3432";"PLU";"EPT";"2020-02-24 23:00:00+00:00";"2013-04-10 22:00:00+00:00";"33";"94";"11";"2021";"NON";"NON";"200058014";"";"";"";"2021-10-06";"129933";""
"94055";"3499";"PLU";"EPT";"2015-12-27 23:00:00+00:00";"2014-06-10 22:00:00+00:00";"39";"94";"11";"2021";"NON";"NON";"94055";"";"";"";"2021-10-06";"130446";""
"94056";"3499";"PLU";"EPT";"2007-01-31 23:00:00+00:00";"1999-09-21 22:00:00+00:00";"39";"94";"11";"2021";"NON";"NON";"94056";"";"";"";"2021-10-06";"55697";""
"94058";"3432";"PLU";"EPT";"2016-07-10 22:00:00+00:00";"2013-12-18 23:00:00+00:00";"33";"94";"11";"2021";"NON";"NON";"94058";"";"";"";"2021-10-06";"135414";""
"94059";"3499";"PLU";"EPT";"2017-01-31 23:00:00+00:00";"2014-06-24 22:00:00+00:00";"39";"94";"11";"2021";"NON";"NON";"94059";"";"";"";"2021-10-06";"130564";""
"94060";"3499";"PLU";"EPT";"2017-01-31 23:00:00+00:00";"2015-03-26 23:00:00+00:00";"39";"94";"11";"2021";"NON";"NON";"94060";"";"";"";"2021-10-06";"138228";""
"94065";"3432";"PLU";"EPT";"2015-12-13 23:00:00+00:00";"2012-01-09 23:00:00+00:00";"33";"94";"11";"2021";"NON";"NON";"200058014";"";"";"";"2021-10-06";"106883";""
"94067";"3432";"PLU";"EPT";"2011-05-11 22:00:00+00:00";"2003-03-25 23:00:00+00:00";"33";"94";"11";"2021";"NON";"NON";"200057941";"";"";"";"2021-10-06";"64315";""
"94068";"3432";"PLU";"EPT";"2016-11-27 23:00:00+00:00";"2014-05-25 22:00:00+00:00";"33";"94";"11";"2021";"NON";"NON";"200057941";"";"";"";"2021-10-06";"135419";""
"94069";"3432";"PLU";"EPT";"2017-03-19 23:00:00+00:00";"2014-12-15 23:00:00+00:00";"33";"94";"11";"2021";"NON";"NON";"94069";"";"";"";"2021-10-06";"135545";""
"94070";"3499";"PLU";"EPT";"2017-03-08 23:00:00+00:00";"2015-03-08 23:00:00+00:00";"39";"94";"11";"2021";"NON";"NON";"94070";"";"";"";"2021-10-06";"135535";""
"94071";"3499";"PLU";"EPT";"2011-12-11 23:00:00+00:00";"2004-05-23 22:00:00+00:00";"39";"94";"11";"2021";"NON";"NON";"94071";"";"";"";"2021-10-06";"64316";""
"94073";"3432";"PLU";"EPT";"2015-11-02 23:00:00+00:00";"2014-06-29 22:00:00+00:00";"33";"94";"11";"2021";"NON";"NON";"200058014";"";"";"";"2021-10-06";"132863";""
"94074";"3432";"PLU";"EPT";"2016-12-12 23:00:00+00:00";"2014-05-26 22:00:00+00:00";"33";"94";"11";"2021";"NON";"NON";"200058014";"";"";"";"2021-10-06";"135418";""
"94075";"3499";"PLU";"EPT";"2012-01-19 23:00:00+00:00";"2009-03-27 23:00:00+00:00";"39";"94";"11";"2021";"NON";"NON";"94075";"";"";"";"2021-10-06";"63636";""
"94076";"3432";"PLU";"EPT";"2015-12-15 23:00:00+00:00";"2014-06-12 22:00:00+00:00";"33";"94";"11";"2021";"NON";"NON";"94076";"";"";"";"2021-10-06";"130427";""
"94078";"3432";"PLU";"EPT";"2016-06-27 22:00:00+00:00";"2010-12-14 23:00:00+00:00";"33";"94";"11";"2021";"NON";"NON";"200058014";"";"";"";"2021-10-06";"63637";""
"94079";"3432";"PLU";"EPT";"2013-08-27 22:00:00+00:00";"2009-06-23 22:00:00+00:00";"33";"94";"11";"2021";"NON";"NON";"200057941";"";"";"";"2021-10-06";"64320";""
"94080";"3432";"PLU";"EPT";"2007-05-29 22:00:00+00:00";"2004-02-03 23:00:00+00:00";"33";"94";"11";"2021";"NON";"NON";"200057941";"";"";"";"2021-10-06";"55700";""
"94081";"3432";"PLU";"EPT";"2020-12-14 23:00:00+00:00";"2015-12-08 23:00:00+00:00";"33";"94";"11";"2021";"NON";"NON";"94081";"";"";"";"2021-10-06";"144809";""
"95002";"3199";"PLU";"COM";"2014-03-04 23:00:00+00:00";"2011-04-26 22:00:00+00:00";"39";"95";"11";"2021";"NON";"NON";"95002";"";"";"";"2021-10-06";"98030";""
"95008";"3199";"PLU";"COM";"2008-06-12 22:00:00+00:00";"2004-06-10 22:00:00+00:00";"39";"95";"11";"2021";"NON";"NON";"95008";"";"";"";"2021-10-06";"55702";""
"95011";"3199";"PLU";"COM";"2020-02-27 23:00:00+00:00";"2015-05-17 22:00:00+00:00";"39";"95";"11";"2021";"NON";"NON";"95011";"";"";"";"2021-10-06";"139683";""
"95012";"3199";"PLU";"COM";"2018-12-03 23:00:00+00:00";"2015-05-25 22:00:00+00:00";"39";"95";"11";"2021";"NON";"NON";"95012";"";"";"";"2021-10-06";"140576";""
"95014";"3131";"PLU";"COM";"2017-02-08 23:00:00+00:00";"2014-09-29 22:00:00+00:00";"33";"95";"11";"2021";"NON";"NON";"95014";"";"";"";"2021-10-06";"134239";""
"95018";"3432";"PLU";"EPT";"2007-09-24 22:00:00+00:00";"2005-01-16 23:00:00+00:00";"33";"95";"11";"2021";"NON";"NON";"95018";"";"";"";"2021-10-06";"60002";""
"95019";"3199";"PLU";"COM";"2016-03-15 23:00:00+00:00";"2012-05-13 22:00:00+00:00";"39";"95";"11";"2021";"NON";"NON";"95019";"";"";"";"2021-10-06";"115719";""
"95023";"3199";"PLU";"COM";"2011-01-28 23:00:00+00:00";"2005-10-07 22:00:00+00:00";"39";"95";"11";"2021";"NON";"NON";"95023";"";"";"";"2021-10-06";"64748";""
"95024";"3199";"PLU";"COM";"2008-01-10 23:00:00+00:00";"2002-06-18 22:00:00+00:00";"39";"95";"11";"2021";"NON";"NON";"95024";"";"";"";"2021-10-06";"55703";""
"95026";"3199";"PLU";"COM";"2006-10-01 22:00:00+00:00";"2001-09-27 22:00:00+00:00";"39";"95";"11";"2021";"NON";"NON";"95026";"";"";"";"2021-10-06";"55704";""
"95028";"3131";"PLU";"COM";"2016-09-28 22:00:00+00:00";"2010-06-14 22:00:00+00:00";"33";"95";"11";"2021";"NON";"NON";"95028";"";"";"";"2021-10-06";"64322";""
"95039";"3199";"PLU";"COM";"2016-04-28 22:00:00+00:00";"2012-03-21 23:00:00+00:00";"39";"95";"11";"2021";"NON";"NON";"95039";"";"";"";"2021-10-06";"116407";""
"95040";"3199";"PLU";"COM";"2020-02-24 23:00:00+00:00";"2014-10-01 22:00:00+00:00";"39";"95";"11";"2021";"NON";"NON";"95040";"";"";"";"2021-10-06";"134339";""
"95042";"3199";"PLU";"COM";"2020-06-01 22:00:00+00:00";"2014-12-18 23:00:00+00:00";"39";"95";"11";"2021";"NON";"NON";"95042";"";"";"";"2021-10-06";"172152";""
"95046";"3199";"PLU";"COM";"2011-10-05 22:00:00+00:00";"2008-05-04 22:00:00+00:00";"39";"95";"11";"2021";"NON";"NON";"95046";"";"";"";"2021-10-06";"64325";""
"95051";"3199";"PLU";"COM";"2020-02-05 23:00:00+00:00";"2018-06-27 22:00:00+00:00";"39";"95";"11";"2021";"NON";"NON";"95051";"";"";"";"2021-10-06";"166103";""
"95052";"3199";"PLU";"COM";"2017-03-29 22:00:00+00:00";"2014-05-26 22:00:00+00:00";"39";"95";"11";"2021";"NON";"NON";"95052";"";"";"";"2021-10-06";"134244";""
"95054";"3199";"PLU";"COM";"2009-12-03 23:00:00+00:00";"2006-06-15 22:00:00+00:00";"39";"95";"11";"2021";"NON";"NON";"95054";"";"";"";"2021-10-06";"55705";""
"95055";"3199";"PLU";"COM";"2019-11-06 23:00:00+00:00";"2014-06-18 22:00:00+00:00";"39";"95";"11";"2021";"NON";"NON";"95055";"";"";"";"2021-10-06";"134245";""
"95056";"3199";"PLU";"COM";"2018-01-31 23:00:00+00:00";"2014-09-22 22:00:00+00:00";"39";"95";"11";"2021";"NON";"NON";"95056";"";"";"";"2021-10-06";"134247";""
"95058";"3199";"PLU";"COM";"2014-01-29 23:00:00+00:00";"2011-02-23 23:00:00+00:00";"39";"95";"11";"2021";"NON";"NON";"95058";"";"";"";"2021-10-06";"116547";""
"95059";"3199";"PLU";"COM";"2018-06-25 22:00:00+00:00";"2014-11-26 23:00:00+00:00";"39";"95";"11";"2021";"NON";"NON";"95059";"";"";"";"2021-10-06";"135439";""
"95060";"3199";"PLU";"COM";"2006-02-22 23:00:00+00:00";"2002-10-24 22:00:00+00:00";"39";"95";"11";"2021";"NON";"NON";"95060";"";"";"";"2021-10-06";"55709";""
"95061";"3199";"PLU";"COM";"2013-03-13 23:00:00+00:00";"2009-01-22 23:00:00+00:00";"39";"95";"11";"2021";"NON";"NON";"95061";"";"";"";"2021-10-06";"63640";""
"95063";"3199";"PLU";"COM";"2015-12-08 23:00:00+00:00";"2010-12-14 23:00:00+00:00";"39";"95";"11";"2021";"NON";"NON";"95063";"";"";"";"2021-10-06";"63641";""
"95074";"3199";"PLU";"COM";"2005-06-30 22:00:00+00:00";"2001-05-03 22:00:00+00:00";"39";"95";"11";"2021";"NON";"NON";"95074";"";"";"";"2021-10-06";"55711";""
"95078";"3199";"PLU";"COM";"2010-03-09 23:00:00+00:00";"2004-06-21 22:00:00+00:00";"39";"95";"11";"2021";"NON";"NON";"95078";"";"";"";"2021-10-06";"55713";""
"95088";"3199";"PLU";"COM";"2009-05-19 22:00:00+00:00";"2002-03-21 23:00:00+00:00";"39";"95";"11";"2021";"NON";"NON";"95088";"";"";"";"2021-10-06";"55715";""
"95091";"3199";"PLU";"COM";"2015-09-08 22:00:00+00:00";"2012-10-11 22:00:00+00:00";"39";"95";"11";"2021";"NON";"NON";"95091";"";"";"";"2021-10-06";"126688";""
"95094";"3199";"PLU";"COM";"2017-11-28 23:00:00+00:00";"2014-04-10 22:00:00+00:00";"39";"95";"11";"2021";"NON";"NON";"95094";"";"";"";"2021-10-06";"134263";""
"95101";"3199";"PLU";"COM";"2006-04-13 22:00:00+00:00";"2001-11-08 23:00:00+00:00";"39";"95";"11";"2021";"NON";"NON";"95101";"";"";"";"2021-10-06";"55712";""
"95102";"3199";"PLU";"COM";"2009-11-23 23:00:00+00:00";"2005-06-13 22:00:00+00:00";"39";"95";"11";"2021";"NON";"NON";"95102";"";"";"";"2021-10-06";"55718";""
"95110";"3199";"PLU";"COM";"2013-12-03 23:00:00+00:00";"2010-01-27 23:00:00+00:00";"39";"95";"11";"2021";"NON";"NON";"95110";"";"";"";"2021-10-06";"64326";""
"95116";"3199";"PLU";"COM";"2018-06-28 22:00:00+00:00";"2016-02-25 23:00:00+00:00";"39";"95";"11";"2021";"NON";"NON";"95116";"";"";"";"2021-10-06";"147780";""
"95119";"3199";"PLU";"COM";"2008-11-24 23:00:00+00:00";"2005-01-20 23:00:00+00:00";"39";"95";"11";"2021";"NON";"NON";"95119";"";"";"";"2021-10-06";"55714";""
"95120";"3199";"PLU";"COM";"2011-10-16 22:00:00+00:00";"2008-05-19 22:00:00+00:00";"39";"95";"11";"2021";"NON";"NON";"95120";"";"";"";"2021-10-06";"64327";""
"95127";"3199";"PLU";"COM";"2015-12-16 23:00:00+00:00";"2014-06-26 22:00:00+00:00";"39";"95";"11";"2021";"NON";"NON";"95127";"";"";"";"2021-10-06";"134318";""
"95134";"3199";"PLU";"COM";"2007-11-14 23:00:00+00:00";"2003-10-23 22:00:00+00:00";"39";"95";"11";"2021";"NON";"NON";"95134";"";"";"";"2021-10-06";"55725";""
"95139";"3199";"PLU";"COM";"2012-06-25 22:00:00+00:00";"2007-12-05 23:00:00+00:00";"39";"95";"11";"2021";"NON";"NON";"95139";"";"";"";"2021-10-06";"63642";""
"95141";"3199";"PLU";"COM";"2019-02-21 23:00:00+00:00";"2015-05-28 22:00:00+00:00";"39";"95";"11";"2021";"NON";"NON";"95141";"";"";"";"2021-10-06";"139687";""
"95142";"3199";"PLU";"COM";"2020-02-17 23:00:00+00:00";"2014-09-17 22:00:00+00:00";"39";"95";"11";"2021";"NON";"NON";"95142";"";"";"";"2021-10-06";"134319";""
"95144";"3199";"PLU";"COM";"2007-09-13 22:00:00+00:00";"2004-06-21 22:00:00+00:00";"39";"95";"11";"2021";"NON";"NON";"95144";"";"";"";"2021-10-06";"55717";""
"95149";"3131";"PLU";"COM";"2005-05-09 22:00:00+00:00";"2005-05-09 22:00:00+00:00";"33";"95";"11";"2021";"NON";"NON";"95149";"";"";"";"2021-10-06";"60008";""
"95150";"3199";"PLU";"COM";"2019-05-27 22:00:00+00:00";"2015-04-28 22:00:00+00:00";"39";"95";"11";"2021";"NON";"NON";"95150";"";"";"";"2021-10-06";"139040";""
"95151";"3199";"PLU";"COM";"2019-12-11 23:00:00+00:00";"2014-09-04 22:00:00+00:00";"39";"95";"11";"2021";"NON";"NON";"95151";"";"";"";"2021-10-06";"134320";""
"95154";"3199";"PLU";"COM";"2017-12-13 23:00:00+00:00";"2014-08-11 22:00:00+00:00";"39";"95";"11";"2021";"NON";"NON";"95154";"";"";"";"2021-10-06";"134321";""
"95157";"3199";"PLU";"COM";"2019-03-28 23:00:00+00:00";"2015-05-04 22:00:00+00:00";"39";"95";"11";"2021";"NON";"NON";"95157";"";"";"";"2021-10-06";"140564";""
"95166";"3199";"PLU";"COM";"2010-06-28 22:00:00+00:00";"2005-11-08 23:00:00+00:00";"39";"95";"11";"2021";"NON";"NON";"95166";"";"";"";"2021-10-06";"55726";""
"95169";"3199";"PLU";"COM";"2008-02-03 23:00:00+00:00";"2005-05-01 22:00:00+00:00";"39";"95";"11";"2021";"NON";"NON";"95169";"";"";"";"2021-10-06";"55722";""
"95170";"3199";"PLU";"COM";"2012-10-15 22:00:00+00:00";"2008-05-21 22:00:00+00:00";"39";"95";"11";"2021";"NON";"NON";"95170";"";"";"";"2021-10-06";"50423";""
"95176";"3199";"PLU";"COM";"2019-10-16 22:00:00+00:00";"2014-09-23 22:00:00+00:00";"39";"95";"11";"2021";"NON";"NON";"95176";"";"";"";"2021-10-06";"134322";""
"95177";"3199";"PLU";"COM";"2008-02-14 23:00:00+00:00";"2004-01-28 23:00:00+00:00";"39";"95";"11";"2021";"NON";"NON";"95177";"";"";"";"2021-10-06";"55724";""
"95181";"3199";"PLU";"COM";"2014-11-19 23:00:00+00:00";"2011-08-31 22:00:00+00:00";"39";"95";"11";"2021";"NON";"NON";"95181";"";"";"";"2021-10-06";"116601";""
"95183";"3131";"PLU";"COM";"2004-09-29 22:00:00+00:00";"2004-09-28 22:00:00+00:00";"33";"95";"11";"2021";"NON";"NON";"95183";"";"";"";"2021-10-06";"60652";""
"95197";"3199";"PLU";"COM";"2019-12-15 23:00:00+00:00";"2016-04-10 22:00:00+00:00";"39";"95";"11";"2021";"NON";"NON";"95197";"";"";"";"2021-10-06";"150420";""
"95199";"3131";"PLU";"COM";"2006-01-22 23:00:00+00:00";"2002-11-18 23:00:00+00:00";"33";"95";"11";"2021";"NON";"NON";"95199";"";"";"";"2021-10-06";"55733";""
"95203";"3199";"PLU";"COM";"2017-06-27 22:00:00+00:00";"2015-02-03 23:00:00+00:00";"39";"95";"11";"2021";"NON";"NON";"95203";"";"";"";"2021-10-06";"137458";""
"95205";"3199";"PLU";"COM";"2019-09-16 22:00:00+00:00";"2014-09-22 22:00:00+00:00";"39";"95";"11";"2021";"NON";"NON";"95205";"";"";"";"2021-10-06";"134330";""
"95210";"3199";"PLU";"COM";"2015-03-23 23:00:00+00:00";"2011-10-12 22:00:00+00:00";"39";"95";"11";"2021";"NON";"NON";"95210";"";"";"";"2021-10-06";"116749";""
"95211";"3131";"PLU";"COM";"2005-02-17 23:00:00+00:00";"2001-04-16 22:00:00+00:00";"33";"95";"11";"2021";"NON";"NON";"95211";"";"";"";"2021-10-06";"55727";""
"95212";"3199";"PLU";"COM";"2014-06-29 22:00:00+00:00";"2002-10-16 22:00:00+00:00";"39";"95";"11";"2021";"NON";"NON";"95212";"";"";"";"2021-10-06";"63646";""
"95213";"3199";"PLU";"COM";"2017-12-20 23:00:00+00:00";"2011-09-27 22:00:00+00:00";"39";"95";"11";"2021";"NON";"NON";"95213";"";"";"";"2021-10-06";"63647";""
"95218";"3199";"PLU";"COM";"2018-10-03 22:00:00+00:00";"2015-01-28 23:00:00+00:00";"39";"95";"11";"2021";"NON";"NON";"95218";"";"";"";"2021-10-06";"137424";""
"95219";"3199";"PLU";"COM";"2017-04-26 22:00:00+00:00";"2014-06-18 22:00:00+00:00";"39";"95";"11";"2021";"NON";"NON";"95219";"";"";"";"2021-10-06";"134336";""
"95229";"3199";"PLU";"COM";"2006-09-10 22:00:00+00:00";"2001-09-26 22:00:00+00:00";"39";"95";"11";"2021";"NON";"NON";"95229";"";"";"";"2021-10-06";"55728";""
"95241";"3199";"PLU";"COM";"2006-10-11 22:00:00+00:00";"2004-02-11 23:00:00+00:00";"39";"95";"11";"2021";"NON";"NON";"95241";"";"";"";"2021-10-06";"55729";""
"95250";"3199";"PLU";"COM";"2008-01-22 23:00:00+00:00";"2004-12-14 23:00:00+00:00";"39";"95";"11";"2021";"NON";"NON";"95250";"";"";"";"2021-10-06";"57109";""
"95252";"3199";"PLU";"COM";"2009-12-09 23:00:00+00:00";"2008-05-21 22:00:00+00:00";"39";"95";"11";"2021";"NON";"NON";"95252";"";"";"";"2021-10-06";"57110";""
"95253";"3199";"PLU";"COM";"2020-02-04 23:00:00+00:00";"2014-09-24 22:00:00+00:00";"39";"95";"11";"2021";"NON";"NON";"95253";"";"";"";"2021-10-06";"172323";""
"95254";"3199";"PLU";"COM";"2008-02-20 23:00:00+00:00";"2004-12-19 23:00:00+00:00";"39";"95";"11";"2021";"NON";"NON";"95254";"";"";"";"2021-10-06";"55730";""
"95256";"3199";"PLU";"COM";"2010-01-27 23:00:00+00:00";"2007-06-06 22:00:00+00:00";"39";"95";"11";"2021";"NON";"NON";"95256";"";"";"";"2021-10-06";"57111";""
"95257";"3199";"PLU";"COM";"2012-12-09 23:00:00+00:00";"2008-10-22 22:00:00+00:00";"39";"95";"11";"2021";"NON";"NON";"95257";"";"";"";"2021-10-06";"64753";""
"95258";"3199";"PLU";"COM";"2013-05-15 22:00:00+00:00";"2008-12-14 23:00:00+00:00";"39";"95";"11";"2021";"NON";"NON";"95258";"";"";"";"2021-10-06";"64754";""
"95268";"3199";"PLU";"COM";"2016-12-13 23:00:00+00:00";"2014-04-19 22:00:00+00:00";"39";"95";"11";"2021";"NON";"NON";"95268";"";"";"";"2021-10-06";"138859";""
"95270";"3199";"PLU";"COM";"2019-02-13 23:00:00+00:00";"2015-05-21 22:00:00+00:00";"39";"95";"11";"2021";"NON";"NON";"95270";"";"";"";"2021-10-06";"140580";""
"95271";"3131";"PLU";"COM";"2003-07-06 22:00:00+00:00";"2001-04-04 22:00:00+00:00";"33";"95";"11";"2021";"NON";"NON";"95271";"";"";"";"2021-10-06";"55734";""
"95277";"3199";"PLU";"COM";"2017-09-24 22:00:00+00:00";"2011-06-22 22:00:00+00:00";"39";"95";"11";"2021";"NON";"NON";"95277";"";"";"";"2021-10-06";"63650";""
"95280";"3199";"PLU";"COM";"2018-06-26 22:00:00+00:00";"2015-10-14 22:00:00+00:00";"39";"95";"11";"2021";"NON";"NON";"95280";"";"";"";"2021-10-06";"141998";""
"95282";"3199";"PLU";"COM";"2020-12-13 23:00:00+00:00";"2014-12-15 23:00:00+00:00";"39";"95";"11";"2021";"NON";"NON";"95282";"";"";"";"2021-10-06";"135452";""
"95287";"3199";"PLU";"COM";"2008-12-08 23:00:00+00:00";"2006-06-29 22:00:00+00:00";"39";"95";"11";"2021";"NON";"NON";"95287";"";"";"";"2021-10-06";"55742";""
"95288";"3199";"PLU";"COM";"2006-01-29 23:00:00+00:00";"2002-06-23 22:00:00+00:00";"39";"95";"11";"2021";"NON";"NON";"95288";"";"";"";"2021-10-06";"55745";""
"95295";"3199";"PLU";"COM";"2020-02-14 23:00:00+00:00";"2014-07-03 22:00:00+00:00";"39";"95";"11";"2021";"NON";"NON";"95295";"";"";"";"2021-10-06";"137993";""
"95298";"3199";"PLU";"COM";"2007-12-12 23:00:00+00:00";"2003-11-25 23:00:00+00:00";"39";"95";"11";"2021";"NON";"NON";"95298";"";"";"";"2021-10-06";"55737";""
"95301";"3199";"PLU";"COM";"2013-06-06 22:00:00+00:00";"2008-04-17 22:00:00+00:00";"39";"95";"11";"2021";"NON";"NON";"95301";"";"";"";"2021-10-06";"63649";""
"95303";"3199";"PLU";"COM";"2012-02-07 23:00:00+00:00";"2008-06-26 22:00:00+00:00";"39";"95";"11";"2021";"NON";"NON";"95303";"";"";"";"2021-10-06";"64333";""
"95304";"1199";"CC";"COM";"2008-02-26 23:00:00+00:00";"2006-06-30 22:00:00+00:00";"19";"95";"11";"2021";"NON";"NON";"95304";"";"";"";"2021-10-06";"68824";""
"95306";"3199";"PLU";"COM";"2019-09-25 22:00:00+00:00";"2015-10-07 22:00:00+00:00";"39";"95";"11";"2021";"NON";"NON";"95306";"";"";"";"2021-10-06";"154097";""
"95308";"3199";"PLU";"COM";"2017-03-05 23:00:00+00:00";"2014-11-30 23:00:00+00:00";"39";"95";"11";"2021";"NON";"NON";"95308";"";"";"";"2021-10-06";"135454";""
"95309";"3199";"PLU";"COM";"2005-12-07 23:00:00+00:00";"2001-06-28 22:00:00+00:00";"39";"95";"11";"2021";"NON";"NON";"95309";"";"";"";"2021-10-06";"55739";""
"95313";"3199";"PLU";"COM";"2019-05-22 22:00:00+00:00";"2017-02-23 23:00:00+00:00";"39";"95";"11";"2021";"NON";"NON";"95313";"";"";"";"2021-10-06";"155634";""
"95316";"3199";"PLU";"COM";"2019-10-17 22:00:00+00:00";"2014-04-27 22:00:00+00:00";"39";"95";"11";"2021";"NON";"NON";"95316";"";"";"";"2021-10-06";"134358";""
"95323";"3199";"PLU";"COM";"2018-06-27 22:00:00+00:00";"2015-06-29 22:00:00+00:00";"39";"95";"11";"2021";"NON";"NON";"95323";"";"";"";"2021-10-06";"140887";""
"95328";"3199";"PLU";"COM";"2007-02-28 23:00:00+00:00";"2002-12-13 23:00:00+00:00";"39";"95";"11";"2021";"NON";"NON";"95328";"";"";"";"2021-10-06";"55741";""
"95331";"3199";"PLU";"COM";"2014-09-04 22:00:00+00:00";"2011-07-10 22:00:00+00:00";"39";"95";"11";"2021";"NON";"NON";"95331";"";"";"";"2021-10-06";"117148";""
"95341";"3199";"PLU";"COM";"2017-06-28 22:00:00+00:00";"2015-01-14 23:00:00+00:00";"39";"95";"11";"2021";"NON";"NON";"95341";"";"";"";"2021-10-06";"138167";""
"95348";"3199";"PLU";"COM";"2020-02-27 23:00:00+00:00";"2017-02-06 23:00:00+00:00";"39";"95";"11";"2021";"NON";"NON";"95348";"";"";"";"2021-10-06";"172326";""
"95351";"3199";"PLU";"COM";"2014-01-23 23:00:00+00:00";"2010-09-23 22:00:00+00:00";"39";"95";"11";"2021";"NON";"NON";"95351";"";"";"";"2021-10-06";"117156";""
"95352";"3199";"PLU";"COM";"2011-12-20 23:00:00+00:00";"2003-09-15 22:00:00+00:00";"39";"95";"11";"2021";"NON";"NON";"95352";"";"";"";"2021-10-06";"64334";""
"95353";"3199";"PLU";"COM";"2017-11-29 23:00:00+00:00";"2011-03-03 23:00:00+00:00";"39";"95";"11";"2021";"NON";"NON";"95353";"";"";"";"2021-10-06";"117294";""
"95355";"3199";"PLU";"COM";"2007-12-12 23:00:00+00:00";"2002-07-03 22:00:00+00:00";"39";"95";"11";"2021";"NON";"NON";"95355";"";"";"";"2021-10-06";"55746";""
"95365";"3199";"PLU";"COM";"2017-12-17 23:00:00+00:00";"2014-10-05 22:00:00+00:00";"39";"95";"11";"2021";"NON";"NON";"95365";"";"";"";"2021-10-06";"134368";""
"95369";"3199";"PLU";"COM";"2017-02-08 23:00:00+00:00";"2014-07-09 22:00:00+00:00";"39";"95";"11";"2021";"NON";"NON";"95369";"";"";"";"2021-10-06";"134370";""
"95370";"3199";"PLU";"COM";"2017-03-02 23:00:00+00:00";"2014-03-28 23:00:00+00:00";"39";"95";"11";"2021";"NON";"NON";"95370";"";"";"";"2021-10-06";"134371";""
"95371";"3199";"PLU";"COM";"2013-02-26 23:00:00+00:00";"2007-06-24 22:00:00+00:00";"39";"95";"11";"2021";"NON";"NON";"95371";"";"";"";"2021-10-06";"64335";""
"95379";"3199";"PLU";"COM";"2005-10-06 22:00:00+00:00";"2002-04-26 22:00:00+00:00";"39";"95";"11";"2021";"NON";"NON";"95379";"";"";"";"2021-10-06";"55749";""
"95388";"3199";"PLU";"COM";"2013-12-11 23:00:00+00:00";"2010-10-27 22:00:00+00:00";"39";"95";"11";"2021";"NON";"NON";"95388";"";"";"";"2021-10-06";"64336";""
"95392";"3199";"PLU";"COM";"2014-01-29 23:00:00+00:00";"2010-02-03 23:00:00+00:00";"39";"95";"11";"2021";"NON";"NON";"95392";"";"";"";"2021-10-06";"64337";""
"95394";"3199";"PLU";"COM";"2013-05-16 22:00:00+00:00";"2010-12-09 23:00:00+00:00";"39";"95";"11";"2021";"NON";"NON";"95394";"";"";"";"2021-10-06";"64328";""
"95395";"3199";"PLU";"COM";"2014-12-16 23:00:00+00:00";"2010-09-01 22:00:00+00:00";"39";"95";"11";"2021";"NON";"NON";"95395";"";"";"";"2021-10-06";"64338";""
"95409";"3199";"PLU";"COM";"2019-10-16 22:00:00+00:00";"2017-01-17 23:00:00+00:00";"39";"95";"11";"2021";"NON";"NON";"95409";"";"";"";"2021-10-06";"154881";""
"95422";"3199";"PLU";"COM";"2008-02-14 23:00:00+00:00";"2004-03-18 23:00:00+00:00";"39";"95";"11";"2021";"NON";"NON";"95422";"";"";"";"2021-10-06";"55751";""
"95424";"3131";"PLU";"COM";"2011-02-02 23:00:00+00:00";"2009-02-04 23:00:00+00:00";"33";"95";"11";"2021";"NON";"NON";"95424";"";"";"";"2021-10-06";"64329";""
"95426";"3131";"PLU";"COM";"2007-06-11 22:00:00+00:00";"2001-06-17 22:00:00+00:00";"33";"95";"11";"2021";"NON";"NON";"95426";"";"";"";"2021-10-06";"57113";""
"95427";"3131";"PLU";"COM";"2006-12-20 23:00:00+00:00";"1998-02-11 23:00:00+00:00";"33";"95";"11";"2021";"NON";"NON";"95427";"";"";"";"2021-10-06";"60016";""
"95428";"3199";"PLU";"COM";"2019-06-23 22:00:00+00:00";"2016-07-03 22:00:00+00:00";"39";"95";"11";"2021";"NON";"NON";"95428";"";"";"";"2021-10-06";"150422";""
"95429";"3199";"PLU";"COM";"2019-02-10 23:00:00+00:00";"2015-05-20 22:00:00+00:00";"39";"95";"11";"2021";"NON";"NON";"95429";"";"";"";"2021-10-06";"139046";""
"95430";"3199";"PLU";"COM";"2005-10-24 22:00:00+00:00";"2001-06-12 22:00:00+00:00";"39";"95";"11";"2021";"NON";"NON";"95430";"";"";"";"2021-10-06";"55753";""
"95436";"3199";"PLU";"COM";"2007-11-21 23:00:00+00:00";"2004-09-08 22:00:00+00:00";"39";"95";"11";"2021";"NON";"NON";"95436";"";"";"";"2021-10-06";"57114";""
"95438";"3199";"PLU";"COM";"2018-05-13 22:00:00+00:00";"2015-06-03 22:00:00+00:00";"39";"95";"11";"2021";"NON";"NON";"95438";"";"";"";"2021-10-06";"139688";""
"95445";"3199";"PLU";"COM";"2018-04-10 22:00:00+00:00";"2014-09-24 22:00:00+00:00";"39";"95";"11";"2021";"NON";"NON";"95445";"";"";"";"2021-10-06";"134376";""
"95447";"3199";"PLU";"COM";"2019-04-17 22:00:00+00:00";"2014-06-23 22:00:00+00:00";"39";"95";"11";"2021";"NON";"NON";"95447";"";"";"";"2021-10-06";"134378";""
"95450";"3199";"PLU";"COM";"2019-07-02 22:00:00+00:00";"2015-11-04 23:00:00+00:00";"39";"95";"11";"2021";"NON";"NON";"95450";"";"";"";"2021-10-06";"142453";""
"95452";"3199";"PLU";"COM";"2019-06-18 22:00:00+00:00";"2015-12-15 23:00:00+00:00";"39";"95";"11";"2021";"NON";"NON";"95452";"";"";"";"2021-10-06";"145174";""
"95456";"3199";"PLU";"COM";"2017-05-21 22:00:00+00:00";"2015-02-08 23:00:00+00:00";"39";"95";"11";"2021";"NON";"NON";"95456";"";"";"";"2021-10-06";"137460";""
"95459";"3199";"PLU";"COM";"2012-11-25 23:00:00+00:00";"2010-05-06 22:00:00+00:00";"39";"95";"11";"2021";"NON";"NON";"95459";"";"";"";"2021-10-06";"64756";""
"95462";"3199";"PLU";"COM";"2012-11-28 23:00:00+00:00";"2007-04-04 22:00:00+00:00";"39";"95";"11";"2021";"NON";"NON";"95462";"";"";"";"2021-10-06";"63654";""
"95476";"3199";"PLU";"COM";"2019-06-25 22:00:00+00:00";"2015-06-24 22:00:00+00:00";"39";"95";"11";"2021";"NON";"NON";"95476";"";"";"";"2021-10-06";"140559";""
"95480";"3131";"PLU";"COM";"2017-03-21 23:00:00+00:00";"2012-03-28 22:00:00+00:00";"33";"95";"11";"2021";"NON";"NON";"95480";"";"";"";"2021-10-06";"117570";""
"95483";"3199";"PLU";"COM";"2014-03-19 23:00:00+00:00";"2011-07-17 22:00:00+00:00";"39";"95";"11";"2021";"NON";"NON";"95483";"";"";"";"2021-10-06";"117574";""
"95487";"3199";"PLU";"COM";"2013-06-27 22:00:00+00:00";"2010-05-27 22:00:00+00:00";"39";"95";"11";"2021";"NON";"NON";"95487";"";"";"";"2021-10-06";"64331";""
"95488";"3199";"PLU";"COM";"2013-07-01 22:00:00+00:00";"2011-03-28 22:00:00+00:00";"39";"95";"11";"2021";"NON";"NON";"95488";"";"";"";"2021-10-06";"117595";""
"95489";"3199";"PLU";"COM";"2016-11-16 23:00:00+00:00";"2014-10-12 22:00:00+00:00";"39";"95";"11";"2021";"NON";"NON";"95489";"";"";"";"2021-10-06";"134643";""
"95491";"3199";"PLU";"COM";"2012-11-26 23:00:00+00:00";"2008-12-10 23:00:00+00:00";"39";"95";"11";"2021";"NON";"NON";"95491";"";"";"";"2021-10-06";"63662";""
"95492";"3199";"PLU";"COM";"2013-01-14 23:00:00+00:00";"2010-03-08 23:00:00+00:00";"39";"95";"11";"2021";"NON";"NON";"95492";"";"";"";"2021-10-06";"62449";""
"95493";"3199";"PLU";"COM";"2017-09-13 22:00:00+00:00";"2014-09-17 22:00:00+00:00";"39";"95";"11";"2021";"NON";"NON";"95493";"";"";"";"2021-10-06";"134604";""
"95500";"3131";"PLU";"COM";"2011-10-19 22:00:00+00:00";"2009-03-25 23:00:00+00:00";"33";"95";"11";"2021";"NON";"NON";"95500";"";"";"";"2021-10-06";"63656";""
"95504";"3199";"PLU";"COM";"2014-01-29 23:00:00+00:00";"2010-12-08 23:00:00+00:00";"39";"95";"11";"2021";"NON";"NON";"95504";"";"";"";"2021-10-06";"62450";""
"95509";"3199";"PLU";"COM";"2013-12-15 23:00:00+00:00";"2002-11-19 23:00:00+00:00";"39";"95";"11";"2021";"NON";"NON";"95509";"";"";"";"2021-10-06";"117669";""
"95510";"3199";"PLU";"COM";"2018-09-19 22:00:00+00:00";"2014-11-18 23:00:00+00:00";"39";"95";"11";"2021";"NON";"NON";"95510";"";"";"";"2021-10-06";"135465";""
"95523";"3199";"PLU";"COM";"2020-03-05 23:00:00+00:00";"2015-05-28 22:00:00+00:00";"39";"95";"11";"2021";"NON";"NON";"95523";"";"";"";"2021-10-06";"140567";""
"95527";"3199";"PLU";"COM";"2016-01-17 23:00:00+00:00";"2014-04-28 22:00:00+00:00";"39";"95";"11";"2021";"NON";"NON";"95527";"";"";"";"2021-10-06";"134607";""
"95529";"3199";"PLU";"COM";"2017-03-21 23:00:00+00:00";"2015-03-23 23:00:00+00:00";"39";"95";"11";"2021";"NON";"NON";"95529";"";"";"";"2021-10-06";"138662";""
"95535";"3199";"PLU";"COM";"2019-02-20 23:00:00+00:00";"2015-02-05 23:00:00+00:00";"39";"95";"11";"2021";"NON";"NON";"95535";"";"";"";"2021-10-06";"137426";""
"95539";"3199";"PLU";"COM";"2013-06-24 22:00:00+00:00";"2010-11-03 23:00:00+00:00";"39";"95";"11";"2021";"NON";"NON";"95539";"";"";"";"2021-10-06";"63657";""
"95541";"3199";"PLU";"COM";"2012-03-15 23:00:00+00:00";"2007-03-22 23:00:00+00:00";"39";"95";"11";"2021";"NON";"NON";"95541";"";"";"";"2021-10-06";"64341";""
"95543";"3199";"PLU";"COM";"2007-06-17 22:00:00+00:00";"2002-01-17 23:00:00+00:00";"39";"95";"11";"2021";"NON";"NON";"95543";"";"";"";"2021-10-06";"55767";""
"95554";"3199";"PLU";"COM";"2008-02-10 23:00:00+00:00";"2002-06-10 22:00:00+00:00";"39";"95";"11";"2021";"NON";"NON";"95554";"";"";"";"2021-10-06";"55768";""
"95555";"3199";"PLU";"COM";"2013-03-27 23:00:00+00:00";"2010-12-15 23:00:00+00:00";"39";"95";"11";"2021";"NON";"NON";"95555";"";"";"";"2021-10-06";"63658";""
"95563";"3199";"PLU";"COM";"2017-03-27 22:00:00+00:00";"2015-04-13 22:00:00+00:00";"39";"95";"11";"2021";"NON";"NON";"95563";"";"";"";"2021-10-06";"138663";""
"95566";"3199";"PLU";"COM";"2016-01-26 23:00:00+00:00";"2011-03-27 22:00:00+00:00";"39";"95";"11";"2021";"NON";"NON";"95566";"";"";"";"2021-10-06";"117706";""
"95572";"3131";"PLU";"COM";"2006-12-20 23:00:00+00:00";"2004-06-30 22:00:00+00:00";"33";"95";"11";"2021";"NON";"NON";"95572";"";"";"";"2021-10-06";"55769";""
"95574";"3199";"PLU";"COM";"2016-07-04 22:00:00+00:00";"2011-06-16 22:00:00+00:00";"39";"95";"11";"2021";"NON";"NON";"95574";"";"";"";"2021-10-06";"117721";""
"95580";"3199";"PLU";"COM";"2021-02-10 23:00:00+00:00";"2019-01-23 23:00:00+00:00";"39";"95";"11";"2021";"NON";"NON";"95580";"";"";"";"2021-10-06";"176570";""
"95582";"3199";"PLU";"COM";"2017-04-24 22:00:00+00:00";"2013-11-20 23:00:00+00:00";"39";"95";"11";"2021";"NON";"NON";"95582";"";"";"";"2021-10-06";"134621";""
"95584";"3199";"PLU";"COM";"2020-02-26 23:00:00+00:00";"2014-11-26 23:00:00+00:00";"39";"95";"11";"2021";"NON";"NON";"95584";"";"";"";"2021-10-06";"135474";""
"95585";"3199";"PLU";"COM";"2020-03-03 23:00:00+00:00";"2016-01-10 23:00:00+00:00";"39";"95";"11";"2021";"NON";"NON";"95585";"";"";"";"2021-10-06";"147057";""
"95592";"3199";"PLU";"COM";"2017-03-22 23:00:00+00:00";"2011-02-28 23:00:00+00:00";"39";"95";"11";"2021";"NON";"NON";"95592";"";"";"";"2021-10-06";"117748";""
"95594";"3199";"PLU";"COM";"2010-09-30 22:00:00+00:00";"2002-12-05 23:00:00+00:00";"39";"95";"11";"2021";"NON";"NON";"95594";"";"";"";"2021-10-06";"55774";""
"95598";"3199";"PLU";"COM";"2017-01-25 23:00:00+00:00";"2014-06-25 22:00:00+00:00";"39";"95";"11";"2021";"NON";"NON";"95598";"";"";"";"2021-10-06";"134623";""
"95604";"3199";"PLU";"COM";"2016-03-07 23:00:00+00:00";"2012-02-08 23:00:00+00:00";"39";"95";"11";"2021";"NON";"NON";"95604";"";"";"";"2021-10-06";"117762";""
"95607";"3199";"PLU";"COM";"2005-03-03 23:00:00+00:00";"2002-04-25 22:00:00+00:00";"39";"95";"11";"2021";"NON";"NON";"95607";"";"";"";"2021-10-06";"55775";""
"95610";"3199";"PLU";"COM";"2019-09-15 22:00:00+00:00";"2014-07-23 22:00:00+00:00";"39";"95";"11";"2021";"NON";"NON";"95610";"";"";"";"2021-10-06";"134626";""
"95611";"1199";"CC";"COM";"2012-11-14 23:00:00+00:00";"2008-11-12 23:00:00+00:00";"19";"95";"11";"2021";"NON";"NON";"95611";"";"";"";"2021-10-06";"67270";""
"95612";"3199";"PLU";"COM";"2008-02-11 23:00:00+00:00";"2002-01-22 23:00:00+00:00";"39";"95";"11";"2021";"NON";"NON";"95612";"";"";"";"2021-10-06";"55759";""
"95628";"3199";"PLU";"COM";"2016-03-21 23:00:00+00:00";"2012-10-01 22:00:00+00:00";"39";"95";"11";"2021";"NON";"NON";"95628";"";"";"";"2021-10-06";"117891";""
"95637";"3199";"PLU";"COM";"2017-06-27 22:00:00+00:00";"2014-09-23 22:00:00+00:00";"39";"95";"11";"2021";"NON";"NON";"95637";"";"";"";"2021-10-06";"134631";""
"95641";"3199";"PLU";"COM";"2017-07-12 22:00:00+00:00";"2013-04-17 22:00:00+00:00";"39";"95";"11";"2021";"NON";"NON";"95641";"";"";"";"2021-10-06";"127126";""
"95651";"3199";"PLU";"COM";"2004-02-11 23:00:00+00:00";"2001-06-28 22:00:00+00:00";"39";"95";"11";"2021";"NON";"NON";"95651";"";"";"";"2021-10-06";"55780";""
"95652";"3199";"PLU";"COM";"2020-02-05 23:00:00+00:00";"2017-11-29 23:00:00+00:00";"39";"95";"11";"2021";"NON";"NON";"95652";"";"";"";"2021-10-06";"172611";""
"95656";"3199";"PLU";"COM";"2012-09-27 22:00:00+00:00";"2008-12-12 23:00:00+00:00";"39";"95";"11";"2021";"NON";"NON";"95656";"";"";"";"2021-10-06";"64344";""
"95658";"3199";"PLU";"COM";"2008-02-11 23:00:00+00:00";"2005-05-16 22:00:00+00:00";"39";"95";"11";"2021";"NON";"NON";"95658";"";"";"";"2021-10-06";"55781";""
"95675";"3199";"PLU";"COM";"2011-09-29 22:00:00+00:00";"2009-01-29 23:00:00+00:00";"39";"95";"11";"2021";"NON";"NON";"95675";"";"";"";"2021-10-06";"64239";""
"95678";"3199";"PLU";"COM";"2018-02-04 23:00:00+00:00";"2014-10-24 22:00:00+00:00";"39";"95";"11";"2021";"NON";"NON";"95678";"";"";"";"2021-10-06";"134638";""
"95680";"3199";"PLU";"COM";"2018-02-01 23:00:00+00:00";"2015-09-17 22:00:00+00:00";"39";"95";"11";"2021";"NON";"NON";"95680";"";"";"";"2021-10-06";"142156";""
"95690";"3199";"PLU";"COM";"2018-06-19 22:00:00+00:00";"2015-05-05 22:00:00+00:00";"39";"95";"11";"2021";"NON";"NON";"95690";"";"";"";"2021-10-06";"140569";""
"97101";"3199";"PLU";"COM";"2013-01-05 23:00:00+00:00";"1999-02-04 23:00:00+00:00";"39";"971";"01";"2021";"NON";"NON";"97101";"";"";"";"2021-10-06";"1344";""
"97102";"3199";"PLU";"COM";"2017-04-25 22:00:00+00:00";"2006-08-13 22:00:00+00:00";"39";"971";"01";"2021";"NON";"NON";"97102";"";"";"";"2021-10-06";"63663";""
"97103";"3131";"PLU";"COM";"2012-12-27 23:00:00+00:00";"2005-03-07 23:00:00+00:00";"33";"971";"01";"2021";"NON";"NON";"97103";"";"";"";"2021-10-06";"47968";""
"97104";"3199";"PLU";"COM";"2018-10-21 22:00:00+00:00";"2008-01-20 23:00:00+00:00";"39";"971";"01";"2021";"NON";"NON";"97104";"";"";"";"2021-10-06";"63664";""
"97105";"3199";"PLU";"COM";"2017-04-09 22:00:00+00:00";"2002-10-30 23:00:00+00:00";"39";"971";"01";"2021";"NON";"NON";"97105";"";"";"";"2021-10-06";"1382";""
"97107";"3199";"PLU";"COM";"2018-06-13 22:00:00+00:00";"2002-03-20 23:00:00+00:00";"39";"971";"01";"2021";"NON";"NON";"97107";"";"";"";"2021-10-06";"1371";""
"97109";"3199";"PLU";"COM";"2017-08-30 22:00:00+00:00";"2003-03-27 23:00:00+00:00";"39";"971";"01";"2021";"NON";"NON";"97109";"";"";"";"2021-10-06";"63667";""
"97110";"3199";"PLU";"COM";"2019-10-10 22:00:00+00:00";"2002-05-24 22:00:00+00:00";"39";"971";"01";"2021";"NON";"NON";"97110";"";"";"";"2021-10-06";"63668";""
"97111";"3199";"PLU";"COM";"2014-12-19 23:00:00+00:00";"2004-10-14 22:00:00+00:00";"39";"971";"01";"2021";"NON";"NON";"97111";"";"";"";"2021-10-06";"63669";""
"97112";"3131";"PLU";"COM";"2001-12-03 23:00:00+00:00";"1998-03-30 22:00:00+00:00";"33";"971";"01";"2021";"NON";"NON";"97112";"";"";"";"2021-10-06";"60034";""
"97113";"3199";"PLU";"COM";"2021-04-26 22:00:00+00:00";"2021-01-11 23:00:00+00:00";"39";"971";"01";"2021";"NON";"NON";"97113";"";"";"";"2021-10-06";"171382";""
"97114";"3199";"PLU";"COM";"2017-03-22 23:00:00+00:00";"1999-11-29 23:00:00+00:00";"39";"971";"01";"2021";"NON";"NON";"97114";"";"";"";"2021-10-06";"63671";""
"97115";"3199";"PLU";"COM";"2021-02-10 23:00:00+00:00";"2014-07-14 22:00:00+00:00";"39";"971";"01";"2021";"NON";"NON";"97115";"";"";"";"2021-10-06";"178288";""
"97116";"3199";"PLU";"COM";"2018-02-04 23:00:00+00:00";"2010-04-25 22:00:00+00:00";"39";"971";"01";"2021";"NON";"NON";"97116";"";"";"";"2021-10-06";"64345";""
"97117";"3199";"PLU";"COM";"2017-08-24 22:00:00+00:00";"2011-10-23 22:00:00+00:00";"39";"971";"01";"2021";"NON";"NON";"97117";"";"";"";"2021-10-06";"1360";""
"97118";"3199";"PLU";"COM";"2019-02-27 23:00:00+00:00";"2006-02-13 23:00:00+00:00";"39";"971";"01";"2021";"NON";"NON";"97118";"";"";"";"2021-10-06";"63673";""
"97119";"3131";"PLU";"COM";"2017-02-20 23:00:00+00:00";"2011-10-23 22:00:00+00:00";"33";"971";"01";"2021";"NON";"NON";"97119";"";"";"";"2021-10-06";"63674";""
"97120";"3199";"PLU";"COM";"2013-08-18 22:00:00+00:00";"2003-12-21 23:00:00+00:00";"39";"971";"01";"2021";"NON";"NON";"97120";"";"";"";"2021-10-06";"1357";""
"97121";"3199";"PLU";"COM";"2018-03-28 22:00:00+00:00";"2014-10-02 22:00:00+00:00";"39";"971";"01";"2021";"NON";"NON";"97121";"";"";"";"2021-10-06";"63676";""
"97122";"3199";"PLU";"COM";"2015-06-30 22:00:00+00:00";"2001-11-13 23:00:00+00:00";"39";"971";"01";"2021";"NON";"NON";"97122";"";"";"";"2021-10-06";"63677";""
"97124";"3199";"PLU";"COM";"2018-09-09 22:00:00+00:00";"2007-10-29 23:00:00+00:00";"39";"971";"01";"2021";"NON";"NON";"97124";"";"";"";"2021-10-06";"1388";""
"97129";"3199";"PLU";"COM";"2019-12-29 23:00:00+00:00";"2004-02-18 23:00:00+00:00";"39";"971";"01";"2021";"NON";"NON";"97129";"";"";"";"2021-10-06";"1374";""
"97130";"3199";"PLU";"COM";"2019-10-09 22:00:00+00:00";"2006-03-24 23:00:00+00:00";"39";"971";"01";"2021";"NON";"NON";"97130";"";"";"";"2021-10-06";"64346";""
"97132";"3131";"PLU";"COM";"2006-05-08 22:00:00+00:00";"1996-10-23 22:00:00+00:00";"33";"971";"01";"2021";"NON";"NON";"97132";"";"";"";"2021-10-06";"60037";""
"97133";"3199";"PLU";"COM";"2018-07-30 22:00:00+00:00";"1999-02-24 23:00:00+00:00";"39";"971";"01";"2021";"NON";"NON";"97133";"";"";"";"2021-10-06";"63680";""
"97134";"3199";"PLU";"COM";"2019-03-22 23:00:00+00:00";"2000-04-06 22:00:00+00:00";"39";"971";"01";"2021";"NON";"NON";"97134";"";"";"";"2021-10-06";"64757";""
"97201";"3199";"PLU";"COM";"2018-12-13 23:00:00+00:00";"2012-10-01 22:00:00+00:00";"39";"972";"02";"2021";"NON";"NON";"97201";"";"";"";"2021-10-06";"146062";""
"97202";"3131";"PLU";"COM";"2010-12-19 23:00:00+00:00";"2003-03-19 23:00:00+00:00";"33";"972";"02";"2021";"NON";"NON";"97202";"";"";"";"2021-10-06";"24918";""
"97203";"3199";"PLU";"COM";"2016-07-06 22:00:00+00:00";"2009-04-29 22:00:00+00:00";"39";"972";"02";"2021";"NON";"NON";"97203";"";"";"";"2021-10-06";"120495";""
"97204";"3131";"PLU";"COM";"2013-04-10 22:00:00+00:00";"2004-06-17 22:00:00+00:00";"33";"972";"02";"2021";"NON";"NON";"97204";"";"";"";"2021-10-06";"47879";""
"97205";"3199";"PLU";"COM";"2019-07-14 22:00:00+00:00";"2010-09-06 22:00:00+00:00";"39";"972";"02";"2021";"NON";"NON";"97205";"";"";"";"2021-10-06";"47880";""
"97207";"2199";"POS";"COM";"2002-03-21 23:00:00+00:00";"1997-02-12 23:00:00+00:00";"29";"972";"02";"2021";"NON";"NON";"97207";"";"";"";"2021-10-06";"1525";""
"97209";"3131";"PLU";"COM";"2008-06-23 22:00:00+00:00";"2002-09-23 22:00:00+00:00";"33";"972";"02";"2021";"NON";"NON";"97209";"";"";"";"2021-10-06";"10440";""
"97210";"3131";"PLU";"COM";"2008-10-22 22:00:00+00:00";"2001-12-13 23:00:00+00:00";"33";"972";"02";"2021";"NON";"NON";"97210";"";"";"";"2021-10-06";"47884";""
"97211";"3199";"PLU";"COM";"2019-08-22 22:00:00+00:00";"2016-02-25 23:00:00+00:00";"39";"972";"02";"2021";"NON";"NON";"97211";"";"";"";"2021-10-06";"144501";""
"97212";"3199";"PLU";"COM";"2017-12-03 23:00:00+00:00";"2002-12-16 23:00:00+00:00";"39";"972";"02";"2021";"NON";"NON";"97212";"";"";"";"2021-10-06";"64758";""
"97213";"3199";"PLU";"COM";"2021-02-03 23:00:00+00:00";"2016-03-30 22:00:00+00:00";"39";"972";"02";"2021";"NON";"NON";"97213";"";"";"";"2021-10-06";"148458";""
"97214";"3131";"PLU";"COM";"2006-10-25 22:00:00+00:00";"2001-06-27 22:00:00+00:00";"33";"972";"02";"2021";"NON";"NON";"97214";"";"";"";"2021-10-06";"47887";""
"97216";"3131";"PLU";"COM";"2013-06-12 22:00:00+00:00";"2001-06-27 22:00:00+00:00";"33";"972";"02";"2021";"NON";"NON";"97216";"";"";"";"2021-10-06";"120496";""
"97217";"3131";"PLU";"COM";"2012-12-13 23:00:00+00:00";"2012-09-09 22:00:00+00:00";"33";"972";"02";"2021";"NON";"NON";"97217";"";"";"";"2021-10-06";"47892";""
"97218";"3131";"PLU";"COM";"2013-06-09 22:00:00+00:00";"2009-04-22 22:00:00+00:00";"33";"972";"02";"2021";"NON";"NON";"97218";"";"";"";"2021-10-06";"60042";""
"97219";"3199";"PLU";"COM";"2019-10-16 22:00:00+00:00";"2010-04-07 22:00:00+00:00";"39";"972";"02";"2021";"NON";"NON";"97219";"";"";"";"2021-10-06";"47895";""
"97221";"3199";"PLU";"COM";"2019-01-23 23:00:00+00:00";"2015-06-17 22:00:00+00:00";"39";"972";"02";"2021";"NON";"NON";"97221";"";"";"";"2021-10-06";"144500";""
"97222";"3131";"PLU";"COM";"2002-07-31 22:00:00+00:00";"2001-06-27 22:00:00+00:00";"33";"972";"02";"2021";"NON";"NON";"97222";"";"";"";"2021-10-06";"1505";""
"97223";"3199";"PLU";"COM";"2020-07-08 22:00:00+00:00";"2014-11-19 23:00:00+00:00";"39";"972";"02";"2021";"NON";"NON";"97223";"";"";"";"2021-10-06";"134558";""
"97224";"3131";"PLU";"COM";"2012-12-26 23:00:00+00:00";"2003-02-23 23:00:00+00:00";"33";"972";"02";"2021";"NON";"NON";"97224";"";"";"";"2021-10-06";"1673";""
"97225";"3131";"PLU";"COM";"2013-06-12 22:00:00+00:00";"2005-02-16 23:00:00+00:00";"33";"972";"02";"2021";"NON";"NON";"97225";"";"";"";"2021-10-06";"47900";""
"97227";"3131";"PLU";"COM";"2010-04-27 22:00:00+00:00";"2005-05-06 22:00:00+00:00";"33";"972";"02";"2021";"NON";"NON";"97227";"";"";"";"2021-10-06";"47918";""
"97228";"3199";"PLU";"COM";"2014-11-04 23:00:00+00:00";"2009-10-23 22:00:00+00:00";"39";"972";"02";"2021";"NON";"NON";"97228";"";"";"";"2021-10-06";"47924";""
"97229";"3131";"PLU";"COM";"2013-04-10 22:00:00+00:00";"2008-10-02 22:00:00+00:00";"33";"972";"02";"2021";"NON";"NON";"97229";"";"";"";"2021-10-06";"37282";""
"97230";"3199";"PLU";"COM";"2021-01-20 23:00:00+00:00";"2015-11-29 23:00:00+00:00";"39";"972";"02";"2021";"NON";"NON";"97230";"";"";"";"2021-10-06";"146720";""
"97231";"3131";"PLU";"COM";"2003-12-09 23:00:00+00:00";"2001-07-17 22:00:00+00:00";"33";"972";"02";"2021";"NON";"NON";"97231";"";"";"";"2021-10-06";"47936";""
"97232";"3131";"PLU";"COM";"2013-01-28 23:00:00+00:00";"2002-05-12 22:00:00+00:00";"33";"972";"02";"2021";"NON";"NON";"97232";"";"";"";"2021-10-06";"47942";""
"97233";"3199";"PLU";"COM";"2018-02-27 23:00:00+00:00";"2010-06-04 22:00:00+00:00";"39";"972";"02";"2021";"NON";"NON";"97233";"";"";"";"2021-10-06";"47947";""
"97234";"3131";"PLU";"COM";"2006-12-10 23:00:00+00:00";"2002-09-30 22:00:00+00:00";"33";"972";"02";"2021";"NON";"NON";"97234";"";"";"";"2021-10-06";"37286";""
"97302";"3199";"PLU";"COM";"2019-09-11 22:00:00+00:00";"2013-01-09 23:00:00+00:00";"39";"973";"03";"2021";"NON";"NON";"97302";"";"";"";"2021-10-06";"118892";""
"97303";"1199";"CC";"COM";"2013-10-23 22:00:00+00:00";"2008-07-26 22:00:00+00:00";"19";"973";"03";"2021";"NON";"NON";"97303";"";"";"";"2021-10-06";"67513";""
"97304";"3199";"PLU";"COM";"2019-06-02 22:00:00+00:00";"2018-03-22 23:00:00+00:00";"39";"973";"03";"2021";"NON";"NON";"97304";"";"";"";"2021-10-06";"167328";""
"97305";"3131";"PLU";"COM";"2005-01-02 23:00:00+00:00";"1994-06-21 22:00:00+00:00";"33";"973";"03";"2021";"NON";"NON";"97305";"";"";"";"2021-10-06";"60046";""
"97306";"3131";"PLU";"COM";"2007-02-07 23:00:00+00:00";"2001-06-22 22:00:00+00:00";"33";"973";"03";"2021";"NON";"NON";"97306";"";"";"";"2021-10-06";"77822";""
"97307";"3131";"PLU";"COM";"2005-09-06 22:00:00+00:00";"2001-04-17 22:00:00+00:00";"33";"973";"03";"2021";"NON";"NON";"97307";"";"";"";"2021-10-06";"55788";""
"97308";"3199";"PLU";"COM";"2013-05-23 22:00:00+00:00";"2005-09-16 22:00:00+00:00";"39";"973";"03";"2021";"NON";"NON";"97308";"";"";"";"2021-10-06";"63687";""
"97309";"3199";"PLU";"COM";"2018-06-26 22:00:00+00:00";"2002-08-13 22:00:00+00:00";"39";"973";"03";"2021";"NON";"NON";"97309";"";"";"";"2021-10-06";"63688";""
"97310";"3131";"PLU";"COM";"2014-03-06 23:00:00+00:00";"2008-07-31 22:00:00+00:00";"33";"973";"03";"2021";"NON";"NON";"97310";"";"";"";"2021-10-06";"65261";""
"97311";"3131";"PLU";"COM";"2013-10-07 22:00:00+00:00";"2012-06-28 22:00:00+00:00";"33";"973";"03";"2021";"NON";"NON";"97311";"";"";"";"2021-10-06";"112135";""
"97313";"3131";"PLU";"COM";"2008-12-18 23:00:00+00:00";"2001-10-18 22:00:00+00:00";"33";"973";"03";"2021";"NON";"NON";"97313";"";"";"";"2021-10-06";"55795";""
"97352";"1199";"CC";"COM";"2016-10-03 22:00:00+00:00";"2004-03-31 22:00:00+00:00";"19";"973";"03";"2021";"NON";"NON";"97352";"";"";"";"2021-10-06";"66649";""
"97353";"3131";"PLU";"COM";"2013-06-25 22:00:00+00:00";"2007-03-05 23:00:00+00:00";"33";"973";"03";"2021";"NON";"NON";"97353";"";"";"";"2021-10-06";"24285";""
"97357";"1199";"CC";"COM";"2012-11-29 23:00:00+00:00";"2003-02-19 23:00:00+00:00";"19";"973";"03";"2021";"NON";"NON";"97357";"";"";"";"2021-10-06";"15783";""
"97361";"1111";"CC";"COM";"2004-05-03 22:00:00+00:00";"2001-05-25 22:00:00+00:00";"11";"973";"03";"2021";"NON";"NON";"97361";"";"";"";"2021-10-06";"47747";""
"97401";"3131";"PLU";"COM";"2011-04-28 22:00:00+00:00";"2006-06-15 22:00:00+00:00";"33";"974";"04";"2021";"NON";"NON";"97401";"";"";"";"2021-10-06";"63691";""
"97402";"3199";"PLU";"COM";"2019-11-29 23:00:00+00:00";"2011-09-20 22:00:00+00:00";"39";"974";"04";"2021";"NON";"NON";"97402";"";"";"";"2021-10-06";"93213";""
"97403";"3199";"PLU";"COM";"2011-09-20 22:00:00+00:00";"2005-12-28 23:00:00+00:00";"39";"974";"04";"2021";"NON";"NON";"97403";"";"";"";"2021-10-06";"64760";""
"97404";"3199";"PLU";"COM";"2017-12-21 23:00:00+00:00";"2004-12-20 23:00:00+00:00";"39";"974";"04";"2021";"NON";"NON";"97404";"";"";"";"2021-10-06";"64761";""
"97405";"3199";"PLU";"COM";"2017-02-22 23:00:00+00:00";"2008-12-11 23:00:00+00:00";"39";"974";"04";"2021";"NON";"NON";"97405";"";"";"";"2021-10-06";"64762";""
"97406";"3131";"PLU";"COM";"2013-05-28 22:00:00+00:00";"2009-10-28 23:00:00+00:00";"33";"974";"04";"2021";"NON";"NON";"97406";"";"";"";"2021-10-06";"64763";""
"97407";"3199";"PLU";"COM";"2018-10-01 22:00:00+00:00";"2013-03-27 23:00:00+00:00";"39";"974";"04";"2021";"NON";"NON";"97407";"";"";"";"2021-10-06";"126552";""
"97408";"3199";"PLU";"COM";"2019-06-11 22:00:00+00:00";"2012-05-22 22:00:00+00:00";"39";"974";"04";"2021";"NON";"NON";"97408";"";"";"";"2021-10-06";"119680";""
"97409";"3199";"PLU";"COM";"2017-02-22 23:00:00+00:00";"2014-09-17 22:00:00+00:00";"39";"974";"04";"2021";"NON";"NON";"97409";"";"";"";"2021-10-06";"64240";""
"97410";"3199";"PLU";"COM";"2020-02-05 23:00:00+00:00";"2011-11-27 23:00:00+00:00";"39";"974";"04";"2021";"NON";"NON";"97410";"";"";"";"2021-10-06";"92391";""
"97411";"3199";"PLU";"COM";"2013-10-25 22:00:00+00:00";"2008-06-20 22:00:00+00:00";"39";"974";"04";"2021";"NON";"NON";"97411";"";"";"";"2021-10-06";"64764";""
"97412";"3199";"PLU";"COM";"2019-06-25 22:00:00+00:00";"2007-11-29 23:00:00+00:00";"39";"974";"04";"2021";"NON";"NON";"97412";"";"";"";"2021-10-06";"64765";""
"97413";"3131";"PLU";"COM";"2007-02-25 23:00:00+00:00";"2001-08-30 22:00:00+00:00";"33";"974";"04";"2021";"NON";"NON";"97413";"";"";"";"2021-10-06";"55791";""
"97414";"3199";"PLU";"COM";"2014-03-10 23:00:00+00:00";"2009-03-30 22:00:00+00:00";"39";"974";"04";"2021";"NON";"NON";"97414";"";"";"";"2021-10-06";"64766";""
"97415";"3199";"PLU";"COM";"2012-09-26 22:00:00+00:00";"2001-05-14 22:00:00+00:00";"39";"974";"04";"2021";"NON";"NON";"97415";"";"";"";"2021-10-06";"64767";""
"97416";"3131";"PLU";"COM";"2005-10-25 22:00:00+00:00";"2001-08-19 22:00:00+00:00";"33";"974";"04";"2021";"NON";"NON";"97416";"";"";"";"2021-10-06";"55792";""
"97418";"3199";"PLU";"COM";"2013-12-26 23:00:00+00:00";"2007-12-16 23:00:00+00:00";"39";"974";"04";"2021";"NON";"NON";"97418";"";"";"";"2021-10-06";"64769";""
"97419";"3199";"PLU";"COM";"2019-05-03 22:00:00+00:00";"2007-11-04 23:00:00+00:00";"39";"974";"04";"2021";"NON";"NON";"97419";"";"";"";"2021-10-06";"143421";""
"97420";"3131";"PLU";"COM";"2017-03-21 23:00:00+00:00";"2005-05-19 22:00:00+00:00";"33";"974";"04";"2021";"NON";"NON";"97420";"";"";"";"2021-10-06";"64770";""
"97421";"3131";"PLU";"COM";"2006-07-12 22:00:00+00:00";"2001-10-30 23:00:00+00:00";"33";"974";"04";"2021";"NON";"NON";"97421";"";"";"";"2021-10-06";"57295";""
"97422";"3199";"PLU";"COM";"2018-12-07 23:00:00+00:00";"2008-04-13 22:00:00+00:00";"39";"974";"04";"2021";"NON";"NON";"97422";"";"";"";"2021-10-06";"63686";""
"97423";"3199";"PLU";"COM";"2017-02-20 23:00:00+00:00";"2011-12-07 23:00:00+00:00";"39";"974";"04";"2021";"NON";"NON";"97423";"";"";"";"2021-10-06";"119683";""
"97424";"3199";"PLU";"COM";"2008-02-05 23:00:00+00:00";"2005-06-14 22:00:00+00:00";"39";"974";"04";"2021";"NON";"NON";"97424";"";"";"";"2021-10-06";"55794";""
"97601";"3499";"PLU";"CA";"2010-12-23 23:00:00+00:00";"2007-11-29 23:00:00+00:00";"39";"976";"06";"2021";"NON";"NON";"97601";"";"";"";"2021-10-06";"154593";""
"97602";"3499";"PLU";"CA";"2010-11-12 23:00:00+00:00";"2007-10-20 22:00:00+00:00";"39";"976";"06";"2021";"NON";"NON";"97602";"";"";"";"2021-10-06";"154666";""
"97603";"3432";"PLU";"CC";"2011-05-26 22:00:00+00:00";"2007-07-19 22:00:00+00:00";"33";"976";"06";"2021";"NON";"NON";"97603";"";"";"";"2021-10-06";"154667";""
"97604";"3432";"PLU";"CC";"2011-03-05 23:00:00+00:00";"2007-12-07 23:00:00+00:00";"33";"976";"06";"2021";"NON";"NON";"97604";"";"";"";"2021-10-06";"154668";""
"97605";"3432";"PLU";"CC";"2010-12-17 23:00:00+00:00";"2007-09-06 22:00:00+00:00";"33";"976";"06";"2021";"NON";"NON";"97605";"";"";"";"2021-10-06";"154669";""
"97606";"3432";"PLU";"CC";"2011-02-15 23:00:00+00:00";"2007-02-15 23:00:00+00:00";"33";"976";"06";"2021";"NON";"NON";"97606";"";"";"";"2021-10-06";"154670";""
"97607";"3432";"PLU";"CA";"2011-02-18 23:00:00+00:00";"2007-11-08 23:00:00+00:00";"33";"976";"06";"2021";"NON";"NON";"97607";"";"";"";"2021-10-06";"154672";""
"97608";"3432";"PLU";"CC";"2010-12-06 23:00:00+00:00";"2009-03-10 23:00:00+00:00";"33";"976";"06";"2021";"NON";"NON";"200050532";"";"";"";"2021-10-06";"154673";""
"97609";"3432";"PLU";"CC";"2010-11-19 23:00:00+00:00";"2006-11-03 23:00:00+00:00";"33";"976";"06";"2021";"NON";"NON";"97609";"";"";"";"2021-10-06";"154674";""
"97610";"3499";"PLU";"CA";"2014-11-01 23:00:00+00:00";"2008-07-27 22:00:00+00:00";"39";"976";"06";"2021";"NON";"NON";"97610";"";"";"";"2021-10-06";"154695";""
"97611";"3432";"PLU";"CA";"2011-03-18 23:00:00+00:00";"2007-06-06 22:00:00+00:00";"33";"976";"06";"2021";"NON";"NON";"97611";"";"";"";"2021-10-06";"154675";""
"97612";"3499";"PLU";"CA";"2010-12-11 23:00:00+00:00";"2007-12-16 23:00:00+00:00";"39";"976";"06";"2021";"NON";"NON";"97612";"";"";"";"2021-10-06";"154677";""
"97613";"3432";"PLU";"CC";"2011-01-08 23:00:00+00:00";"2007-09-29 22:00:00+00:00";"33";"976";"06";"2021";"NON";"NON";"97613";"";"";"";"2021-10-06";"154676";""
"97614";"3432";"PLU";"CC";"2010-11-11 23:00:00+00:00";"2007-12-08 23:00:00+00:00";"33";"976";"06";"2021";"NON";"NON";"97614";"";"";"";"2021-10-06";"154678";""
"97615";"3432";"PLU";"CC";"2011-07-14 22:00:00+00:00";"2009-07-16 22:00:00+00:00";"33";"976";"06";"2021";"NON";"NON";"200050532";"";"";"";"2021-10-06";"154679";""
"97616";"3432";"PLU";"CC";"2012-04-04 22:00:00+00:00";"2007-09-06 22:00:00+00:00";"33";"976";"06";"2021";"NON";"NON";"97616";"";"";"";"2021-10-06";"154680";""
"97617";"3432";"PLU";"CC";"2011-05-10 22:00:00+00:00";"2007-07-03 22:00:00+00:00";"33";"976";"06";"2021";"NON";"NON";"97617";"";"";"";"2021-10-06";"154592";""
